/*--------------------------------*- C++ -*----------------------------------*\
| =========                 |                                                 |
| \\      /  F ield         | OpenFOAM: The Open Source CFD Toolbox           |
|  \\    /   O peration     | Version:  2312                                  |
|   \\  /    A nd           | Website:  www.openfoam.com                      |
|    \\/     M anipulation  |                                                 |
\*---------------------------------------------------------------------------*/
FoamFile
{
    version     2.0;
    format      ascii;
    arch        "LSB;label=32;scalar=64";
    class       Cloud<basicKinematicCollidingParcel>;
    location    "0.10005/lagrangian/kinematicCloud";
    object      positions;
}
// * * * * * * * * * * * * * * * * * * * * * * * * * * * * * * * * * * * * * //

145
(
(0.202386 0.14648 0.0700765) 31469
(0.195427 0.150785 0.0435077) 33333
(0.224933 0.110999 0.00469645) 25687
(0.221288 0.131819 0.0703528) 34611
(0.207943 0.142386 0.0752513) 34668
(0.20157 0.14731 0.0744565) 31469
(0.197056 0.150722 0.0742627) 34661
(0.264514 0.0782496 0.0357608) 32613
(0.248318 0.10411 0.0455216) 33163
(0.246981 0.105268 0.0423099) 33165
(0.00251115 0.0496793 0.00358021) 5631
(0.22221 0.131161 0.0689344) 34611
(0.263693 0.0801491 0.0731663) 34313
(0.197191 0.137439 0.00613065) 17924
(0.248779 0.103766 0.0279798) 33164
(0.243915 0.108451 0.0531875) 31418
(0.264742 0.0790512 0.0749267) 34081
(0.176202 0.147798 0.02582) 11243
(0.191214 0.155246 0.0309447) 7368
(0.257747 0.0908945 0.0700061) 34322
(0.24401 0.108399 0.0660407) 31414
(0.208667 0.125101 0.00371513) 25977
(0.229962 0.119236 0.0116076) 17852
(0.266854 0.0739354 0.0548322) 34099
(0.261247 0.0854764 0.0325687) 32924
(0.249661 0.0999386 0.0849244) 8959
(0.243603 0.108795 0.0328387) 33152
(0.215997 0.135838 0.0699871) 34600
(0.248838 0.103688 0.0472517) 33163
(0.229024 0.123909 0.0368545) 31510
(0.222074 0.131117 0.0354826) 33290
(0.264358 0.0783435 0.0334538) 32613
(0.225129 0.113506 0.00608716) 25686
(0.249447 0.102505 0.0285757) 33164
(0.258985 0.0864265 0.0805233) 8961
(0.257902 0.0906485 0.073576) 34322
(0.253962 0.0890389 0.0118368) 20674
(0.232066 0.121605 0.0722303) 31454
(0.234663 0.117982 0.0419018) 33146
(0.231567 0.121378 0.0579675) 31450
(0.264747 0.0782453 0.0502902) 1262
(0.188639 0.156859 0.0654912) 36143
(0.250052 0.101563 0.055476) 1420
(0.214485 0.136511 0.0492343) 943
(0.257363 0.0917774 0.0258567) 32931
(0.198577 0.149916 0.0653546) 34661
(0.225082 0.127058 0.0459757) 33272
(0.247468 0.104997 0.0711502) 34511
(0.241491 0.111525 0.0265585) 33171
(0.232669 0.120666 0.0267379) 31513
(0.249524 0.100078 0.0170527) 7074
(0.169389 0.133098 0.00451405) 10908
(0.264905 0.0728649 0.0867132) 8592
(0.229405 0.124099 0.0746088) 31452
(0.23896 0.0970668 0.00665866) 17673
(0.177055 0.143228 0.0900361) 15261
(0.250315 0.0917311 0.0117725) 25249
(0.241652 0.111026 0.0604168) 34519
(0.265048 0.0743008 0.0811504) 8592
(0.226762 0.126023 0.0664467) 31455
(0.251295 0.0995971 0.0345008) 32907
(0.222537 0.130584 0.0646472) 34611
(0.0480261 0.0620065 0.0624762) 42230
(0.229699 0.108312 0.0923961) 30402
(0.263536 0.0816655 0.0437706) 817
(0.263713 0.0796939 0.0361753) 32613
(0.202585 0.146464 0.0752811) 31469
(0.194101 0.151652 0.0765048) 9470
(0.225576 0.127211 0.0297202) 33273
(0.196665 0.146638 0.0787746) 9453
(0.19287 0.15376 0.0750945) 9444
(0.246163 0.105956 0.0555006) 31418
(0.26588 0.0757666 0.0692996) 34081
(0.244907 0.0823 0.0972026) 29718
(0.265766 0.0677268 0.0187174) 6463
(0.265945 0.0717667 0.0730848) 34086
(0.244953 0.0846148 0.00777011) 20643
(0.26673 0.0655379 0.0833839) 8600
(0.266788 0.0695947 0.0425907) 32623
(0.266371 0.065003 0.0837666) 8579
(0.267362 0.0680517 0.0500006) 31283
(0.26621 0.0647883 0.0756401) 8575
(0.267909 0.0668359 0.0460227) 32623
(0.267637 0.0664632 0.0386034) 32623
(0.264964 0.0646347 0.0860863) 8575
(0.265336 0.0633077 0.0761273) 8575
(0.265213 0.0633136 0.0215686) 6460
(0.26501 0.0631649 0.0821609) 8575
(0.266938 0.0656294 0.0386333) 32623
(0.266305 0.0667241 0.0656314) 34073
(0.264669 0.0658584 0.0292627) 32604
(0.244884 0.074729 0.00376146) 24486
(0.263548 0.0613292 0.0165043) 6460
(0.264964 0.0637725 0.0384585) 713
(0.24492 0.0796537 0.0079167) 24478
(0.264297 0.0646305 0.0295051) 32600
(0.263246 0.0639283 0.0678277) 34072
(0.263044 0.0639088 0.0295597) 32603
(0.237434 0.0731686 0.00126359) 62484
(0.26076 0.0625627 0.0752142) 34072
(0.25802 0.0615049 0.0165989) 3414
(0.260355 0.064391 0.0364196) 32603
(0.259683 0.0644226 0.0658984) 31279
(0.259704 0.0629834 0.0442767) 32594
(0.256276 0.0613512 0.0236445) 3412
(0.257834 0.0638181 0.030279) 32596
(0.257404 0.0633269 0.0606113) 31275
(0.25321 0.0633851 0.0822832) 8547
(0.254905 0.0647932 0.0379206) 712
(0.2551 0.0648914 0.0576948) 109
(0.254737 0.0651888 0.0540383) 31276
(0.254101 0.0656575 0.0702523) 31280
(0.254004 0.0659093 0.0632639) 31280
(0.253271 0.0659019 0.0468513) 32574
(0.24966 0.0656138 0.0830816) 8546
(0.251108 0.0668074 0.0748492) 34052
(0.232107 0.0770958 0.00373004) 24413
(0.247992 0.0668128 0.076842) 8546
(0.228314 0.0847451 0.0919762) 19034
(0.246336 0.0696796 0.0596292) 31271
(0.241512 0.0721676 0.0228382) 6448
(0.224455 0.0858673 0.00849903) 25083
(0.242891 0.0710341 0.057178) 34054
(0.2425 0.0712769 0.0451705) 32580
(0.242055 0.0728773 0.0708394) 34058
(0.240952 0.0737943 0.0363789) 32582
(0.234728 0.0771128 0.0705535) 34045
(0.230125 0.0791867 0.0170277) 6428
(0.226885 0.0804274 0.0144802) 3508
(0.230861 0.0779552 0.0494182) 32553
(0.225318 0.0799705 0.0498712) 694
(0.223485 0.0809566 0.0718895) 34251
(0.20235 0.0848727 0.00998959) 16328
(0.217654 0.0820187 0.0207309) 3503
(0.212287 0.0814829 0.0675128) 34229
(0.193057 0.0793921 0.091481) 13551
(0.211344 0.0817308 0.0491676) 789
(0.210906 0.0814088 0.0383665) 789
(0.202381 0.0798843 0.0458463) 5225
(0.189232 0.0735268 0.00986155) 9847
(0.186204 0.0661968 0.0369195) 9918
(0.172368 0.0569658 0.00557398) 17020
(0.168649 0.0517225 0.00561465) 23008
(0.159923 0.0409777 0.00569195) 560
(0.165521 0.0437737 0.0360373) 23028
)


// ************************************************************************* //
