/*--------------------------------*- C++ -*----------------------------------*\
| =========                 |                                                 |
| \\      /  F ield         | OpenFOAM: The Open Source CFD Toolbox           |
|  \\    /   O peration     | Version:  2312                                  |
|   \\  /    A nd           | Website:  www.openfoam.com                      |
|    \\/     M anipulation  |                                                 |
\*---------------------------------------------------------------------------*/
FoamFile
{
    version     2.0;
    format      ascii;
    arch        "LSB;label=32;scalar=64";
    class       vectorField;
    location    "0.10005/lagrangian/kinematicCloud";
    object      U;
}
// * * * * * * * * * * * * * * * * * * * * * * * * * * * * * * * * * * * * * //


145
(
(1.02608 0.08745 0.0749114)
(0.78525 0.238143 -0.0261299)
(2.27463 -1.17557 -0.0499239)
(1.65343 -0.653455 0.0777749)
(1.21859 -0.135073 0.0746483)
(1.02608 0.08745 0.0749114)
(0.808381 0.162032 0.0825874)
(2.66874 -2.6415 -0.0484402)
(2.74257 -1.93173 -0.0144965)
(2.57768 -1.87451 -0.0216913)
(1.78147 -0.688619 0.862084)
(1.65343 -0.653455 0.0777749)
(2.71089 -2.564 0.0587584)
(1.10661 -0.0754261 -0.0593559)
(2.7203 -1.92042 -0.0769255)
(2.62103 -1.75007 0.0171773)
(2.67118 -2.6397 0.0469297)
(0.848655 0.801504 -0.0400496)
(0.618691 0.332574 -0.0791438)
(2.76922 -2.33053 0.0735472)
(2.59853 -1.74666 0.0793414)
(1.61248 -0.463583 -0.0517692)
(2.01491 -1.24954 -0.109189)
(2.58035 -2.71611 -0.0155379)
(2.75923 -2.46197 -0.0651484)
(2.69769 -1.98711 0.12207)
(2.60032 -1.74564 -0.0769254)
(1.44737 -0.386721 0.0716777)
(2.74355 -1.93207 -0.0144536)
(2.09503 -0.941908 -0.0738591)
(1.65201 -0.655928 -0.0767793)
(2.66874 -2.6415 -0.0484401)
(2.16212 -1.20261 -0.0523775)
(2.72031 -1.92042 -0.0769254)
(2.73277 -2.45247 0.086154)
(2.76922 -2.33053 0.0735473)
(2.50572 -2.50581 -0.0620286)
(2.07973 -1.09176 0.0785513)
(2.30409 -1.26032 -0.0233147)
(2.0871 -1.09033 0.0272614)
(2.70233 -2.66716 -0.0128315)
(0.634562 0.463876 0.063904)
(2.68963 -2.02941 0.015359)
(1.43867 -0.387887 -0.0278134)
(2.76993 -2.331 -0.0724284)
(0.808382 0.16194 0.0825912)
(1.8844 -0.796747 -0.027879)
(2.55779 -1.8706 0.0872811)
(2.44194 -1.5658 -0.0823638)
(2.07957 -1.09253 -0.0818146)
(2.65138 -1.9628 -0.136332)
(0.585637 0.379645 -0.0138594)
(2.47304 -2.71137 0.0136138)
(2.09523 -0.939234 0.0695618)
(2.72279 -1.9967 -0.0666746)
(0.748262 0.498429 0.0751648)
(2.55116 -2.40941 -0.0729935)
(2.45907 -1.56871 0.0234318)
(2.47348 -2.71109 0.0137418)
(1.87582 -0.950684 0.0798681)
(2.75343 -2.07323 -0.076327)
(1.65343 -0.653455 0.0777749)
(0.0831691 0.0234057 0.000514778)
(2.4143 -1.35254 0.0586842)
(2.73546 -2.58696 0.00357281)
(2.69903 -2.58161 -0.0568794)
(1.02608 0.08745 0.0749114)
(0.723024 0.196992 0.148717)
(1.88169 -0.799192 -0.0747453)
(0.929684 0.230493 0.144588)
(0.80469 0.362086 0.0737632)
(2.62102 -1.75011 0.0171781)
(2.67116 -2.63974 0.0469244)
(2.67219 -2.75009 0.0481513)
(2.32472 -2.73875 0.0064683)
(2.57724 -2.69527 0.03654)
(2.83956 -2.54713 -0.0429488)
(2.33015 -2.72438 -0.00945888)
(2.48635 -2.73978 0.0164787)
(2.32977 -2.73543 -0.014117)
(2.46338 -2.74488 -0.00621164)
(2.18302 -2.71927 -0.0378816)
(2.46198 -2.74455 0.0172063)
(2.46198 -2.74455 0.0172064)
(2.16086 -2.71682 -0.0414699)
(2.15008 -2.71564 -0.0432163)
(2.14503 -2.71881 0.03235)
(2.15008 -2.71564 -0.0432163)
(2.46224 -2.74495 0.017266)
(2.43133 -2.71817 0.0270025)
(2.42846 -2.7192 -0.0311318)
(2.48496 -3.0485 -0.0288214)
(2.14065 -2.71879 0.0332603)
(2.29368 -2.7431 0.022603)
(2.82833 -2.75057 -0.0437865)
(2.25552 -2.69678 -0.022835)
(2.20777 -2.6826 0.0136389)
(2.20365 -2.68177 -0.0192711)
(0.81299 -2.77325 0.0169277)
(2.20769 -2.68258 0.013634)
(2.04754 -2.70338 0.0537557)
(2.20381 -2.68136 -0.0191676)
(2.15616 -2.65629 0.00915967)
(2.22145 -2.71549 0.0244624)
(1.97623 -2.66622 0.0666341)
(2.15041 -2.65403 -0.0131235)
(2.22313 -2.7163 -0.028545)
(1.88804 -2.61069 -0.0952287)
(2.18291 -2.68047 0.0233045)
(2.21433 -2.688 -0.0266143)
(2.46476 -2.74512 -0.0252817)
(2.39781 -2.69012 0.0132588)
(2.39762 -2.6899 0.0132297)
(2.43912 -2.7107 0.0200214)
(2.19222 -2.66162 -0.0729698)
(2.36607 -2.65425 0.00858111)
(2.94627 -2.92531 -0.00916171)
(2.19222 -2.66162 -0.0729698)
(3.77687 -1.92235 0.0657464)
(2.34144 -2.56152 -0.014099)
(2.56761 -2.55737 0.0416327)
(3.84289 -1.54866 -0.157568)
(2.77704 -2.53305 -0.0116546)
(2.77172 -2.53302 0.00967169)
(2.69036 -2.48324 -0.000725496)
(2.68596 -2.47651 -0.000240315)
(3.28767 -2.19666 -0.00185261)
(3.23626 -1.97377 0.0538424)
(3.80962 -1.61566 0.056595)
(3.39234 -2.06838 0.00212579)
(3.44698 -1.57349 0.000590193)
(4.09483 -0.997451 -0.0204699)
(3.98379 1.06472 0.195648)
(4.05975 -0.676349 0.121353)
(4.13822 0.178488 -0.0252334)
(2.9711 1.99253 -0.0772832)
(4.23345 -0.031531 -0.0024046)
(4.23316 -0.0297257 -0.00242795)
(3.87619 1.38503 -0.262167)
(2.54977 2.13113 0.033463)
(2.57278 2.32035 0.0176261)
(1.81736 1.7782 -0.0221914)
(1.64583 1.58437 0.00808856)
(1.56375 1.52317 0.0120119)
(2.06804 2.04158 -0.0108859)
)


// ************************************************************************* //
