/*--------------------------------*- C++ -*----------------------------------*\
| =========                 |                                                 |
| \\      /  F ield         | OpenFOAM: The Open Source CFD Toolbox           |
|  \\    /   O peration     | Version:  2312                                  |
|   \\  /    A nd           | Website:  www.openfoam.com                      |
|    \\/     M anipulation  |                                                 |
\*---------------------------------------------------------------------------*/
FoamFile
{
    version     2.0;
    format      ascii;
    arch        "LSB;label=32;scalar=64";
    class       Cloud<passivePositionParticle>;
    location    "0.19995/lagrangian/kinematicCloud";
    object      coordinates;
}
// * * * * * * * * * * * * * * * * * * * * * * * * * * * * * * * * * * * * * //

150
(
(0 0.00882045 0.669056 0.322123) 103475 532502 1
(0 0.790447 0.163283 0.0462703) 63029 529273 2
(0 0.144342 0.413972 0.441686) 125328 540735 1
(0 0.00942503 0.509538 0.481037) 175429 559156 2
(0.282732 0.361452 0.169067 0.186749) 8170 29312 2
(0.0377004 0.845688 0.0529257 0.0636855) 154026 474194 1
(0.257383 0.256159 0.37877 0.107688) 103096 337604 1
(0.239151 0.0909517 0.0959094 0.573988) 114820 338569 2
(0.0452556 0.533961 0.396481 0.0243021) 166074 338516 2
(0.177177 0.210507 0.213998 0.398318) 4127 21311 2
(0.130854 0.489806 0.357746 0.0215944) 86297 10439 1
(0.392354 0.015093 0.370987 0.221566) 1939 10440 2
(0.29301 0.394667 0.0831895 0.229133) 86278 289994 1
(0.159208 0.0338606 0.131852 0.67508) 86278 88198 1
(0.0433057 0.154972 0.274846 0.526876) 86278 88198 1
(0.245002 0.120238 0.591622 0.0431373) 17571 53002 3
(0.114594 0.183048 0.517267 0.185091) 17576 88154 2
(0.0895308 0.0399387 0.0827543 0.787776) 9417 53000 3
(0.187274 0.42316 0.00926482 0.380301) 86237 289873 1
(0.144882 0.367737 0.429239 0.058141) 86256 289881 1
(0.14451 0.0410458 0.0328098 0.781635) 17549 87997 2
(0.598345 0.0519786 0.117237 0.23244) 17543 87962 2
(0.0751084 0.181637 0.646617 0.0966372) 17543 87961 3
(0.784316 0.0507567 0.0747268 0.0902005) 17543 87968 2
(0.0626374 0.807621 0.0670641 0.062678) 86235 10369 2
(0.677122 0.159981 0.0504153 0.112482) 86236 289868 1
(0.170838 0.512006 0.304826 0.0123301) 17562 88041 2
(0.392974 0.037894 0.414867 0.154265) 9404 52949 3
(0.165932 0.471413 0.170786 0.19187) 9404 52949 3
(0.0113429 0.54991 0.195571 0.243176) 9409 52991 2
(0.445002 0.246983 0.26958 0.0384353) 86229 288347 1
(0.115504 0.670251 0.132286 0.0819588) 9407 52970 3
(0.528016 0.0418718 0.0778433 0.352269) 16804 84103 1
(0.199657 0.342752 0.0282167 0.429374) 17525 87861 2
(0.31864 0.0429555 0.353408 0.284996) 85613 288294 1
(0.0545157 0.0492789 0.34218 0.554026) 16767 83870 2
(0.0375472 0.19299 0.529937 0.239526) 86234 289877 2
(0 0.0126572 0.789425 0.197918) 114659 536968 1
(0.218237 0.248743 0.459944 0.0730763) 47236 187175 1
(0.0639771 0.116204 0.267226 0.552593) 47240 187184 2
(0.0726045 0.454581 0.158691 0.314124) 42065 45555 1
(0.590491 0.204412 0.106933 0.0981643) 59813 224345 2
(0.380304 0.0371066 0.353199 0.22939) 55105 211767 1
(0.0180004 0.275932 0.100793 0.605274) 9035 50553 2
(0.397054 0.348859 0.0499928 0.204095) 84411 73436 2
(0.332383 0.299424 0.25668 0.111513) 144244 451485 1
(0.0822531 0.0219254 0.656639 0.239183) 1498 8173 2
(0.259569 0.390502 0.283021 0.0669078) 54720 50556 1
(0.027714 0.0896898 0.193847 0.688749) 59153 184416 2
(0.00342134 0.422527 0.0410894 0.532962) 86276 289989 1
(0.0117788 0.0674753 0.0325429 0.888203) 46341 184349 2
(0 0.0124656 0.410055 0.57748) 19369 527095 1
(0 0.678146 0.220222 0.101632) 68837 529329 2
(0 0.0432965 0.0951517 0.861552) 125551 540827 1
(0 0.208313 0.54062 0.251066) 125554 540828 2
(0 0.208787 0.27487 0.516343) 175690 559259 2
(0 0.295769 0.428846 0.275385) 175639 559241 2
(0 0.0709212 0.238632 0.690447) 115159 537170 2
(0 0.12881 0.109334 0.761856) 109104 534546 2
(0 0.00845167 0.154172 0.837376) 42863 528920 2
(0 0.503145 0.456299 0.0405564) 109322 534643 1
(0 0.563916 0.281259 0.154825) 98427 530406 1
(0 0.560731 0.412694 0.0265759) 43208 528932 1
(0 0.0992066 0.319935 0.580859) 99593 530987 2
(0 0.495772 0.249143 0.255085) 43230 528936 1
(0 0.559847 0.172969 0.267184) 109290 534632 1
(0 0.094455 0.338598 0.566947) 26979 528106 2
(0 0.106545 0.0498857 0.84357) 109057 534528 1
(0 0.44715 0.237683 0.315168) 18912 523342 1
(0 0.347859 0.349396 0.302745) 109285 534630 2
(0 0.725162 0.215538 0.0592994) 27592 523657 1
(0 0.346034 0.219313 0.434653) 109274 534624 2
(0 0.0551416 0.800529 0.14433) 109452 534701 2
(0 0.505847 0.428357 0.0657958) 101549 531709 1
(0 0.382195 0.134185 0.48362) 27529 523647 2
(0 0.0662968 0.320427 0.613276) 48329 525595 2
(0.266836 0.0849931 0.605233 0.0429376) 65164 237277 2
(0.156341 0.23088 0.0578824 0.554897) 45588 181853 1
(0 0.34418 0.263753 0.392067) 105510 533268 1
(0 0.370505 0.0322766 0.597218) 151736 550758 1
(0 0.154291 0.79369 0.0520185) 151870 550810 2
(0 0.505363 0.391871 0.102766) 33498 524428 2
(0 0.12479 0.677542 0.197669) 33525 524436 2
(0 0.29009 0.521404 0.188507) 151892 550819 2
(0 0.154303 0.731134 0.114563) 105516 533270 2
(0 0.0172765 0.139934 0.842789) 33498 524428 1
(0 0.106109 0.410655 0.483236) 111860 535756 1
(0 0.416631 0.146722 0.436646) 33773 528504 2
(0.0101801 0.34706 0.0311686 0.611591) 30887 144004 2
(0.464662 0.240613 0.0648334 0.229891) 3390 17892 1
(0.521197 0.00013566 0.0105374 0.46813) 3390 17892 2
(0.181629 0.139474 0.105744 0.573153) 3390 10437 2
(0.397634 0.199864 0.0830896 0.319413) 3390 17893 2
(0.304907 0.0874898 0.195832 0.411771) 3390 17893 2
(0.177644 0.0461572 0.34803 0.428169) 90041 298430 1
(0.159824 0.165318 0.398555 0.276303) 22975 115826 2
(0.243427 0.145286 0.4417 0.169587) 90045 115826 2
(0.189814 0.3694 0.123051 0.317735) 90045 298435 1
(0.0732833 0.48556 0.246565 0.194592) 90026 298403 2
(0.0891268 0.524159 0.23108 0.155634) 90026 298403 2
(0.31258 0.0619072 0.453148 0.172364) 3384 17867 2
(0.115735 0.165903 0.316403 0.401959) 83222 115673 2
(0.166841 0.479875 0.251255 0.102028) 83228 281910 1
(0.45783 0.152621 0.0397245 0.349825) 22968 115697 2
(0.110916 0.0351706 0.115381 0.738533) 22950 115666 3
(0.258327 0.316385 0.114886 0.310403) 22968 115697 1
(0.148551 0.120597 0.410989 0.319862) 22968 115781 1
(0.293082 0.0961064 0.350097 0.260715) 83228 115702 2
(0.435488 0.287841 0.275517 0.00115399) 22955 115569 3
(0.117735 0.638804 0.0442806 0.19918) 22934 115568 1
(0.160975 0.0566462 0.541499 0.24088) 22968 115649 2
(0.234945 0.0964971 0.488242 0.180316) 90007 289882 2
(0.0903561 0.0190905 0.0936186 0.796935) 22947 115649 2
(0.911028 0.0219252 0.0333553 0.033691) 22947 115568 2
(0.00965607 0.0695359 0.0943245 0.826483) 22947 115652 1
(0.444231 0.183293 0.0671768 0.305299) 22933 115519 1
(0.197964 0.326127 0.331789 0.14412) 22926 115519 1
(0.208143 0.176856 0.458621 0.15638) 22947 115623 2
(0.0893918 0.327786 0.105565 0.477257) 22947 115623 3
(0.394695 0.364453 0.184147 0.0567048) 83220 281904 1
(0.710288 0.150548 0.134489 0.00467541) 22943 115582 3
(0.428342 0.223251 0.219745 0.128662) 89532 297431 2
(0.400996 0.188971 0.40257 0.00746271) 22127 111002 3
(0 0.273163 0.113094 0.613743) 147658 548916 1
(0 0.102563 0.782239 0.115198) 147655 548915 1
(0.0662066 0.00450915 0.168296 0.760988) 690 4026 1
(0.177203 0.0381935 0.141251 0.643353) 11986 64664 2
(0.665108 0.0174163 0.0107668 0.306709) 73748 257987 1
(0.0224264 0.148777 0.579596 0.2492) 51087 199308 2
(0.150929 0.647537 0.192566 0.0089688) 51062 199227 2
(0.0126808 0.586982 0.141576 0.258761) 11967 64599 1
(0.347668 0.224714 0.264868 0.162749) 656 3835 2
(0.649468 0.0950812 0.0308118 0.224639) 50539 197568 1
(0.491985 0.0990946 0.177371 0.231549) 72733 255463 2
(0.43631 0.0613134 0.422127 0.0802492) 50723 198151 1
(0.187212 0.147516 0.117319 0.547953) 72048 253755 2
(0.00392857 0.339552 0.165034 0.491486) 90041 289989 2
(0.595481 0.068384 0.147224 0.188911) 40204 42680 2
(0 0.113019 0.466705 0.420276) 35775 524737 2
(0 0.53981 0.353178 0.107012) 112257 535926 1
(0 0.497199 0.155906 0.346895) 139915 546024 2
(0 0.199336 0.262536 0.538129) 136789 544728 2
(0 0.435192 0.00432316 0.560485) 114018 536677 2
(0 0.0214091 0.911595 0.0669956) 142763 547175 2
(0 0.250855 0.273133 0.476013) 107870 534085 2
(0 0.15082 0.712071 0.137109) 37646 525040 1
(0 0.239813 0.58147 0.178717) 153261 551361 2
(0 0.123193 0.586725 0.290082) 98141 530290 2
(0 0.0991002 0.785761 0.115138) 39226 525120 1
(0 0.23555 0.0778199 0.68663) 13860 523047 1
)


// ************************************************************************* //
