/*--------------------------------*- C++ -*----------------------------------*\
| =========                 |                                                 |
| \\      /  F ield         | OpenFOAM: The Open Source CFD Toolbox           |
|  \\    /   O peration     | Version:  2312                                  |
|   \\  /    A nd           | Website:  www.openfoam.com                      |
|    \\/     M anipulation  |                                                 |
\*---------------------------------------------------------------------------*/
FoamFile
{
    version     2.0;
    format      ascii;
    arch        "LSB;label=32;scalar=64";
    class       Cloud<passivePositionParticle>;
    location    "0.19995/lagrangian/kinematicCloud";
    object      positions;
}
// * * * * * * * * * * * * * * * * * * * * * * * * * * * * * * * * * * * * * //

150
(
(0.14642 0.0214202 0.0311949) 103475
(0.129938 0.00513472 0.00589742) 63029
(0.13295 0.00795023 0.0384021) 125328
(0.127019 0.00201898 0.0405654) 175429
(0.40519 -0.02857 0.0482519) 8170
(0.37884 -0.00429077 0.0491534) 154026
(0.370854 0.00372311 0.0399074) 103096
(0.364759 0.0101386 0.0257326) 114820
(0.351589 -5.66403e-05 0.00102863) 166074
(0.399217 -0.0297263 0.0039598) 4127
(0.561851 0.01476 0.0446343) 86297
(0.562679 0.016122 0.0445028) 1939
(0.559511 0.0122959 0.0294076) 86278
(0.559295 0.014437 0.0257869) 86278
(0.559011 0.0141204 0.0250429) 86278
(0.550809 0.010614 0.022607) 17571
(0.548947 0.0120434 0.0131942) 17576
(0.549851 0.00967575 0.0225704) 9417
(0.546324 0.0055655 0.0311953) 86237
(0.546908 0.0074485 0.0436639) 86256
(0.545069 0.00955636 0.0133641) 17549
(0.542336 0.00794938 0.0167417) 17543
(0.54228 0.0051862 0.0219398) 17543
(0.541857 0.00766289 0.0198444) 17543
(0.543647 0.00551112 0.0479657) 86235
(0.542037 0.00342184 0.030987) 86236
(0.543618 0.0120159 0.0173001) 17562
(0.539219 0.00598113 0.0171725) 9404
(0.538153 0.00541313 0.0215207) 9404
(0.538519 0.000999722 0.0245554) 9409
(0.538232 0.00126078 0.0308867) 86229
(0.536474 0.00437816 0.0212756) 9407
(0.53102 -0.00310067 0.0213397) 16804
(0.531095 0.000568145 0.0134802) 17525
(0.522802 -0.00863772 0.0312458) 85613
(0.515489 -0.0101148 0.0129777) 16767
(0.541829 0.00434788 0.0497637) 86234
(0.489921 -0.0350792 0.0311709) 114659
(0.490943 -0.0190973 0.00654376) 47236
(0.490241 -0.0164528 0.00597332) 47240
(0.487469 -0.0204714 0.00623187) 42065
(0.471175 -0.0262495 0.00321074) 59813
(0.486349 -0.0119295 0.00969716) 55105
(0.467858 -0.0300225 0.00180599) 9035
(0.485736 -0.0217288 0.0305006) 84411
(0.465776 -0.0320844 0.00112361) 144244
(0.466599 -0.0223422 0.00472341) 1498
(0.467534 -0.0310329 0.00696793) 54720
(0.443356 -0.0417564 0.00699703) 59153
(0.558218 0.013091 0.0499772) 86276
(0.428269 -0.0424853 0.00678644) 46341
(0.187911 0.0629107 0.0186728) 19369
(0.185739 0.0607391 0.0173879) 68837
(0.173819 0.0488184 0.0377706) 125551
(0.169572 0.0445721 0.0325519) 125554
(0.166637 0.0416372 0.0357821) 175690
(0.158493 0.0334931 0.0223197) 175639
(0.310258 0.064742 0.0422586) 115159
(0.303839 0.0711617 0.0444333) 109104
(0.344091 0.0309093 0.0135118) 42863
(0.283078 0.0919227 0.0377535) 109322
(0.293203 0.081797 0.0259677) 98427
(0.329052 0.0459486 0.0160298) 43208
(0.333444 0.0415569 0.03063) 99593
(0.320613 0.0543868 0.0156836) 43230
(0.286525 0.0884746 0.034749) 109290
(0.303912 0.0710881 0.0146547) 26979
(0.303885 0.0711157 0.0197277) 109057
(0.324688 0.0503126 0.0107826) 18912
(0.280788 0.0942117 0.0228163) 109285
(0.292162 0.0828384 0.0142648) 27592
(0.27477 0.10023 0.0388707) 109274
(0.270228 0.104772 0.0387467) 109452
(0.270055 0.104945 0.0469115) 101549
(0.277828 0.0971724 0.0179201) 27529
(0.240041 0.0366781 0.00239094) 48329
(0.246119 0.0316417 0.00764916) 65164
(0.242167 0.0447897 0.00360779) 45588
(0.125873 0.000872972 0.0584011) 105510
(0.124745 -0.00025481 0.0787326) 151736
(0.127356 0.00235603 0.0674605) 151870
(0.126092 0.00109189 0.0836738) 33498
(0.130364 0.00536462 0.0854407) 33525
(0.143505 0.0185048 0.0592413) 151892
(0.126742 0.00174157 0.0641804) 105516
(0.125428 0.000427908 0.0873282) 33498
(0.143036 0.0180361 0.0506632) 111860
(0.269103 0.00712081 0.0978284) 33773
(0.397935 -0.0272754 0.0939735) 30887
(0.562557 0.017688 0.0558677) 3390
(0.562463 0.0163932 0.0593333) 3390
(0.562565 0.016768 0.0511562) 3390
(0.562393 0.0170207 0.0601314) 3390
(0.562171 0.0162264 0.0607088) 3390
(0.557117 0.0124832 0.0615342) 90041
(0.558405 0.0137778 0.0762194) 22975
(0.559029 0.0136719 0.0737161) 90045
(0.559274 0.0145307 0.0693956) 90045
(0.554278 0.00984604 0.0693116) 90026
(0.554252 0.00980579 0.0699046) 90026
(0.557393 0.0180625 0.0607095) 3384
(0.550746 0.00770469 0.0746657) 83222
(0.549721 0.00719214 0.0711398) 83228
(0.548145 0.011148 0.0828629) 22968
(0.550185 0.0095462 0.0774694) 22950
(0.547289 0.0106479 0.0820939) 22968
(0.549219 0.0121997 0.0865986) 22968
(0.548024 0.00622931 0.0735358) 83228
(0.547393 0.00752587 0.0780538) 22955
(0.545659 0.00970515 0.0785237) 22934
(0.546935 0.0129618 0.0858282) 22968
(0.545674 0.00641988 0.0514842) 90007
(0.546516 0.012687 0.0867202) 22947
(0.54498 0.0122844 0.081675) 22947
(0.544884 0.0120905 0.0874507) 22947
(0.54074 0.00296682 0.0789314) 22933
(0.53967 0.00286957 0.078354) 22926
(0.54368 0.0117983 0.0840492) 22947
(0.543482 0.0118648 0.0816381) 22947
(0.538539 0.00105263 0.0721481) 83220
(0.541184 0.0117928 0.0813427) 22943
(0.534047 -0.00149433 0.0681989) 89532
(0.525998 -0.0030622 0.0829901) 22127
(0.496297 -0.0287026 0.0579573) 147658
(0.494222 -0.0307782 0.056891) 147655
(0.492012 -0.020083 0.094504) 690
(0.491464 -0.0206781 0.0937443) 11986
(0.482268 -0.0133745 0.0970894) 73748
(0.49098 -0.015393 0.0937523) 51087
(0.477114 -0.0151887 0.0973656) 51062
(0.486435 -0.0210474 0.0700829) 11967
(0.454268 -0.0420647 0.0957491) 656
(0.452366 -0.0441877 0.0960169) 50539
(0.44459 -0.0361929 0.0969796) 72733
(0.438696 -0.0368008 0.0951406) 50723
(0.436069 -0.041897 0.0930491) 72048
(0.557806 0.0126919 0.0500238) 90041
(0.178921 0.141312 0.0924547) 40204
(0.165341 0.040341 0.0841366) 35775
(0.162258 0.0372583 0.0721238) 112257
(0.154616 0.0296163 0.0740256) 139915
(0.29492 0.0800807 0.0516409) 136789
(0.289548 0.0854526 0.062473) 114018
(0.315163 0.0598368 0.0505525) 142763
(0.285603 0.0893976 0.067043) 107870
(0.301751 0.0732491 0.0865871) 37646
(0.275581 0.0994186 0.0651158) 153261
(0.272892 0.102108 0.05548) 98141
(0.277242 0.0977577 0.0819621) 39226
(0.293488 0.0815113 0.0918032) 13860
)


// ************************************************************************* //
