/*--------------------------------*- C++ -*----------------------------------*\
| =========                 |                                                 |
| \\      /  F ield         | OpenFOAM: The Open Source CFD Toolbox           |
|  \\    /   O peration     | Version:  2312                                  |
|   \\  /    A nd           | Website:  www.openfoam.com                      |
|    \\/     M anipulation  |                                                 |
\*---------------------------------------------------------------------------*/
FoamFile
{
    version     2.0;
    format      ascii;
    arch        "LSB;label=32;scalar=64";
    class       vectorField;
    location    "0.19995/lagrangian/kinematicCloud";
    object      U;
}
// * * * * * * * * * * * * * * * * * * * * * * * * * * * * * * * * * * * * * //


150
(
(0.200064 0.197639 -0.00401746)
(0.578315 0.625191 -0.139616)
(0.13235 0.133844 0.0153249)
(0.0870786 0.0869719 0.0160247)
(1.71734 -0.902372 0.00322518)
(0.21991 -0.219851 -0.00146888)
(0.189793 -0.189118 0.00111585)
(0.191021 -0.191542 0.00626994)
(0.530376 -0.432358 0.0018313)
(1.85895 -1.45623 0.135248)
(3.15249 1.03517 0.0262155)
(3.15432 1.03725 0.026915)
(3.12095 1.02797 -0.0478309)
(3.15894 1.07672 -0.0522477)
(3.16001 1.08111 -0.0524619)
(3.11706 1.22017 -0.038732)
(3.15349 1.31761 -0.0448889)
(3.11497 1.23798 -0.0419556)
(3.15524 1.32964 -0.0592503)
(3.23954 1.40201 0.0187507)
(3.17502 1.4269 -0.0610374)
(3.19328 1.51445 -0.0717112)
(3.12084 1.44265 -0.0709128)
(3.19392 1.52869 -0.0742835)
(3.23543 1.47703 0.0160623)
(3.16575 1.45271 -0.0659297)
(3.23045 1.51427 -0.0585629)
(3.20612 1.61016 -0.0840503)
(3.21052 1.64232 -0.088711)
(3.11741 1.51954 -0.0773322)
(3.15015 1.55227 -0.0702252)
(3.21952 1.69765 -0.0950712)
(3.03012 1.69062 -0.116634)
(3.23059 1.85644 -0.109582)
(2.88259 1.80611 -0.0870999)
(3.26013 2.26478 -0.164357)
(3.23017 1.52121 0.0143617)
(0.0554599 0.0556337 -0.00392659)
(2.99885 2.68047 -0.203549)
(3.03152 2.65438 -0.142737)
(3.03848 2.60927 -0.171953)
(2.57103 2.55553 -0.0498546)
(3.20075 2.61584 -0.0673145)
(2.53615 2.45472 -0.0528637)
(3.59723 2.19403 -0.104777)
(1.97981 1.85531 -0.0334498)
(2.7891 2.47313 -0.00988457)
(3.18082 2.01518 -0.0457322)
(3.3429 0.689156 0.0355351)
(3.1811 1.11831 0.00745176)
(3.35902 -0.270905 0.0446313)
(2.26997 2.24649 -0.0327179)
(2.22707 2.18566 -0.0431973)
(0.218595 0.21977 0.00767611)
(0.2107 0.210449 0.00768058)
(0.20986 0.210165 0.0058862)
(0.373483 0.388875 -0.0271185)
(0.173578 -0.172685 -0.00269843)
(0.179658 -0.180557 -0.00575479)
(1.97081 -1.98008 0.00898033)
(0.247466 -0.249242 -0.00405488)
(0.235683 -0.231157 -0.0141635)
(2.1272 -2.13239 -0.00414189)
(0.17731 -0.175833 0.00433414)
(2.1958 -2.19761 -0.0111606)
(0.241623 -0.24221 -0.00189836)
(2.44435 -2.46105 -0.0785496)
(0.466373 -0.473213 -0.0434853)
(2.05091 -2.11509 -0.04343)
(0.589708 -0.575476 -0.0958339)
(2.55986 -2.57301 -0.135758)
(0.280336 -0.280748 -0.00619287)
(0.282769 -0.283324 -0.00790142)
(0.285272 -0.286086 -0.0076393)
(2.58646 -2.57858 -0.225681)
(-0.488514 0.469069 0.0432322)
(-0.159824 -0.336829 0.333857)
(0.575083 -1.17279 0.22028)
(0.0871992 0.0870829 -0.0155237)
(0.102441 0.0939338 -0.0208353)
(0.0780635 0.080437 -0.0155973)
(0.582115 0.53385 -0.0567636)
(0.835826 0.787986 -0.0262757)
(0.183093 0.184971 -0.0130997)
(0.0872413 0.0870799 -0.0179406)
(0.582115 0.53385 -0.0567636)
(0.184488 0.18607 0.00506796)
(0.870335 -0.308342 0.28264)
(1.90862 -1.60133 -0.109576)
(3.16424 1.0654 -0.0273676)
(3.15967 1.049 -0.0268817)
(3.16 1.05057 -0.0269676)
(3.16426 1.06134 -0.0270894)
(3.16299 1.05496 -0.0267435)
(3.18976 1.14619 -0.024378)
(3.05806 1.01595 0.0132541)
(3.1552 1.07498 0.0529949)
(3.16016 1.07939 0.0535529)
(3.14749 1.14242 0.0518709)
(3.14719 1.14271 0.0518526)
(3.2286 1.22253 -0.0264294)
(3.15261 1.22245 0.0591445)
(3.15181 1.24485 0.0602645)
(3.15077 1.33265 0.0476608)
(3.10618 1.22191 0.0395084)
(3.15674 1.35748 0.0510895)
(3.15408 1.31032 0.0420472)
(3.15121 1.28333 0.0625137)
(3.09568 1.28641 0.0511153)
(3.16628 1.40471 0.0576774)
(3.19197 1.40181 0.0472207)
(3.22786 1.41905 -0.0193168)
(3.19674 1.41491 0.0487566)
(3.21511 1.46603 0.0533846)
(3.21579 1.46785 0.0535502)
(3.05993 1.43962 0.0764282)
(3.09438 1.49403 0.0794831)
(3.23109 1.51052 0.0570658)
(3.23386 1.51866 0.0575598)
(3.12901 1.52393 0.0781005)
(3.2614 1.59898 0.0614952)
(3.08618 1.63376 0.0700396)
(3.2385 2.00347 0.123999)
(0.178719 0.176834 0.000599917)
(0.153316 0.152129 1.43569e-05)
(2.94659 2.66665 0.212306)
(2.96712 2.68594 0.229883)
(2.61978 2.79489 0.0362811)
(3.09554 2.68531 0.149405)
(2.67645 2.73335 0.0216369)
(3.60215 2.21365 0.103215)
(2.44984 1.94557 0.0498688)
(2.37887 1.88046 0.0511217)
(2.98408 1.48741 -0.0143612)
(3.07469 1.10792 -0.0603461)
(3.35144 0.350562 -0.054433)
(3.18025 1.12297 0.0139311)
(0.399082 0.250313 -0.0796328)
(1.88553 1.84866 0.067442)
(0.215865 0.212586 0.00630861)
(0.210247 0.210879 0.00444022)
(0.223485 -0.221714 0.00706125)
(0.233761 -0.232681 0.00346545)
(0.17239 -0.171077 0.00515204)
(0.241941 -0.24255 0.00206029)
(2.47106 -2.46491 0.0808968)
(0.270278 -0.271558 0.00487943)
(0.285024 -0.287345 0.00782102)
(2.58665 -2.57876 0.230089)
(2.56134 -2.59721 0.177752)
)


// ************************************************************************* //
