/*--------------------------------*- C++ -*----------------------------------*\
| =========                 |                                                 |
| \\      /  F ield         | OpenFOAM: The Open Source CFD Toolbox           |
|  \\    /   O peration     | Version:  2312                                  |
|   \\  /    A nd           | Website:  www.openfoam.com                      |
|    \\/     M anipulation  |                                                 |
\*---------------------------------------------------------------------------*/
FoamFile
{
    version     2.0;
    format      ascii;
    arch        "LSB;label=32;scalar=64";
    class       Cloud<basicKinematicCollidingParcel>;
    location    "0.10005/lagrangian/kinematicCloud";
    object      coordinates;
}
// * * * * * * * * * * * * * * * * * * * * * * * * * * * * * * * * * * * * * //

98
(
(0.596835 0.0449687 0.224961 0.133236) 2249 11082 1
(0.185124 0.00636809 0.637129 0.171379) 1662 5094 1
(0.0306558 0.396378 0.0775958 0.49537) 8695 28310 1
(0.303642 0.203183 0.119567 0.373608) 2236 11002 3
(0.495666 0.0463123 0.364507 0.0935149) 1662 5094 1
(0.241891 0.154699 0.338276 0.265134) 2236 11006 1
(0.542597 0.0173829 0.227676 0.212344) 1662 8311 1
(0.197979 0.119125 0.0488058 0.63409) 8308 27488 1
(0.0744456 0.534193 0.223939 0.167423) 359 1904 2
(0.440837 0.345479 0.164522 0.049162) 8690 1731 1
(0.088837 0.212652 0.260459 0.438052) 8302 27475 2
(0.102913 0.659928 0.140587 0.0965727) 8302 27475 2
(0.0127145 0.463693 0.420859 0.102734) 8310 27438 2
(0.608474 0.142298 0.13786 0.111368) 8298 8381 1
(0.0277302 0.144905 0.0317427 0.795622) 8682 26766 1
(0.0651991 0.23345 0.376237 0.325114) 8444 27804 2
(0.0182765 0.123218 0.360482 0.498023) 359 1156 2
(0.192 0.0324499 0.0890432 0.686507) 8439 1157 2
(0.173331 0.0164273 0.0379014 0.77234) 8796 12029 1
(0.238211 0.011413 0.387439 0.362937) 8439 27463 1
(0.6398 0.0246228 0.091751 0.243826) 8690 28313 2
(0.940393 0.0224105 0.00387158 0.0333254) 1835 9148 3
(0.0428991 0.02403 0.455779 0.477292) 1835 9161 2
(0.345626 0.049243 0.0235702 0.58156) 8444 9181 2
(0.197116 0.182812 0.415165 0.204907) 317 1725 2
(0.339797 0.191561 0.0805127 0.388129) 8798 26857 1
(0.0323208 0.0992877 0.547911 0.32048) 8682 28294 2
(0.213068 0.177508 0.264714 0.34471) 1664 7693 2
(0.218301 0.274036 0.325599 0.182064) 8066 26858 1
(0.338103 0.153161 0.0706011 0.438135) 8432 27790 2
(0.413311 0.319462 0.160775 0.106452) 8807 28524 2
(0.0650695 0.183333 0.577942 0.173655) 8805 28525 1
(0.0917038 0.249031 0.449824 0.209442) 8805 28525 1
(0.187499 0.720429 0.0726842 0.0193881) 897 5057 3
(2.68698e-05 0.393694 0.139724 0.466555) 8286 27431 1
(0.130331 0.0402825 0.274575 0.554811) 8288 27429 2
(0.234416 0.13953 0.453206 0.172847) 360 1907 2
(0.258411 0.373327 0.128354 0.239908) 8677 26725 1
(0.0100721 0.104922 0.265537 0.619469) 2403 11939 3
(0.0774463 0.177447 0.435113 0.309993) 8029 26725 2
(0.145255 0.199403 0.348577 0.306765) 897 5041 1
(0.395345 0.259731 0.141768 0.203155) 8029 26725 1
(0.506888 0.01886 0.0571297 0.417123) 895 5041 1
(0.16271 0.252402 0.294015 0.290874) 8871 28636 1
(0.0632439 0.471264 0.2998 0.165693) 8866 28636 2
(0.583972 0.0691085 0.316817 0.0301026) 1822 9101 3
(0.343795 0.0781365 0.323708 0.25436) 8281 27405 2
(0.430512 0.319855 0.197266 0.0523671) 8281 27405 2
(0.18574 0.0168203 0.506436 0.291004) 2517 12574 2
(0.00129191 0.246489 0.721818 0.0304011) 5630 5530 2
(0.0603484 0.344138 0.197509 0.398004) 1641 5044 1
(0.247571 0.200829 0.0157441 0.535856) 8509 27966 1
(0.175533 0.173125 0.153476 0.497866) 2204 10807 1
(0.0244581 0.495634 0.342542 0.137366) 2505 12499 3
(0.00772241 0.0658771 0.431751 0.49465) 2208 10799 2
(0.17435 0.451595 0.10192 0.272134) 8878 28650 2
(0.232994 0.103559 0.56761 0.0958381) 2203 10798 1
(0.274373 0.026989 0.249739 0.448899) 7576 25611 2
(0.268386 0.152639 0.287628 0.291346) 8261 27359 1
(0.465222 0.159222 0.222023 0.153534) 8876 28631 1
(0.00793663 0.130334 0.171849 0.68988) 5578 20797 1
(0.407744 0.327579 0.244646 0.0200318) 1647 8224 1
(0.467334 0.366391 0.128922 0.0373531) 7574 25615 2
(0.0957313 0.37918 0.187182 0.337906) 379 2006 1
(0.044154 0.472566 0.271971 0.211309) 7150 24563 2
(0.11279 0.141925 0.202075 0.54321) 6131 22149 1
(0.354055 0.372551 0.151577 0.121817) 7150 24573 1
(0.0141354 0.517039 0.184433 0.284393) 7150 19489 1
(0.251482 0.10253 0.575724 0.0702634) 8255 27348 1
(0.168775 0.516986 0.290014 0.0242244) 5273 19893 1
(0.0968026 0.148719 0.0689384 0.68554) 2210 10764 1
(0.294299 0.100081 0.415545 0.190075) 8265 27344 1
(0.0173889 0.386359 0.288788 0.307464) 2493 12432 1
(0.114876 0.453493 0.393132 0.0384997) 5278 19915 1
(0.0783623 0.536945 0.00331474 0.381378) 6446 18762 2
(0.60062 0.107986 0.0681967 0.223198) 8667 10871 2
(0.158078 0.504723 0.204784 0.132415) 8663 27377 1
(0.597909 0.0777571 0.287207 0.037127) 8265 27344 2
(0.0798114 0.313672 0.235244 0.371272) 8663 28261 2
(0.102471 0.222116 0.270223 0.40519) 5141 1713 2
(0.184722 0.25614 0.437109 0.12203) 6071 22014 1
(0.376137 0.122855 0.0198598 0.481148) 1650 8241 1
(0.0478111 0.175193 0.166543 0.610452) 8667 28241 2
(0.0329495 0.0200283 0.0328029 0.914219) 1931 9539 3
(0.0308176 0.377838 0.185037 0.406307) 6632 23327 2
(0.118114 0.105635 0.213302 0.562949) 265 1466 1
(0.38171 0.195177 0.18289 0.240223) 5619 20922 2
(0.509569 0.057581 0.221326 0.211525) 7805 26166 2
(0.816216 0.00264946 0.0666028 0.114531) 2473 12215 2
(0.110884 0.258584 0.603654 0.0268778) 7773 26105 2
(0.63365 0.00463491 0.357288 0.00442697) 5543 20703 1
(0.24342 0.0328241 0.684404 0.0393527) 8539 28027 1
(0.593173 0.338473 0.0146024 0.0537514) 7791 26135 1
(0.867806 0.0207987 0.00984382 0.101551) 5239 19783 1
(0.123022 0.3234 0.115912 0.437666) 7780 26122 1
(0.25625 0.339055 0.335389 0.0693058) 2338 11548 1
(0.456739 0.0602039 0.241395 0.241662) 6602 23257 2
(0.358667 0.0106471 0.585756 0.04493) 8366 27610 1
)


// ************************************************************************* //
