/*--------------------------------*- C++ -*----------------------------------*\
| =========                 |                                                 |
| \\      /  F ield         | OpenFOAM: The Open Source CFD Toolbox           |
|  \\    /   O peration     | Version:  2312                                  |
|   \\  /    A nd           | Website:  www.openfoam.com                      |
|    \\/     M anipulation  |                                                 |
\*---------------------------------------------------------------------------*/
FoamFile
{
    version     2.0;
    format      ascii;
    arch        "LSB;label=32;scalar=64";
    class       Cloud<basicKinematicCollidingParcel>;
    location    "0.10005/lagrangian/kinematicCloud";
    object      positions;
}
// * * * * * * * * * * * * * * * * * * * * * * * * * * * * * * * * * * * * * //

98
(
(0.265663 0.073278 0.0807479) 2249
(0.266353 0.0645013 0.0157505) 1662
(0.266235 0.0748018 0.0701084) 8695
(0.26615 0.0667679 0.0786627) 2236
(0.265836 0.0635273 0.0172097) 1662
(0.265819 0.0671131 0.0861571) 2236
(0.265697 0.0636387 0.018819) 1662
(0.267416 0.0659505 0.038616) 8308
(0.263872 0.081811 0.0621486) 359
(0.265143 0.0769286 0.0654281) 8690
(0.26633 0.0713363 0.0341418) 8302
(0.266388 0.0708532 0.028435) 8302
(0.266643 0.0673057 0.0261993) 8310
(0.264706 0.0776717 0.0285398) 8298
(0.26645 0.0696013 0.0646283) 8682
(0.26296 0.0829469 0.034007) 8444
(0.263418 0.0821796 0.0501156) 359
(0.263468 0.0807946 0.0361658) 8439
(0.263642 0.0805883 0.0742406) 8796
(0.263602 0.0804291 0.0311064) 8439
(0.264348 0.0782646 0.070111) 8690
(0.261744 0.0824334 0.0183209) 1835
(0.261613 0.0848029 0.0241333) 1835
(0.262394 0.0837695 0.0268848) 8444
(0.264993 0.0635412 0.061395) 317
(0.260454 0.086695 0.0721337) 8798
(0.264386 0.0650108 0.0641009) 8682
(0.261946 0.0605328 0.0159091) 1664
(0.258786 0.0892101 0.0674766) 8066
(0.258896 0.0888496 0.0333021) 8432
(0.257878 0.0911973 0.060012) 8807
(0.256466 0.0936599 0.0653465) 8805
(0.256532 0.0934356 0.0663479) 8805
(0.259687 0.0609281 0.0225828) 897
(0.262045 0.062357 0.0499998) 8286
(0.261253 0.0644589 0.0365162) 8288
(0.25439 0.0959086 0.0611341) 360
(0.260482 0.0625389 0.0532615) 8677
(0.253235 0.095468 0.0786878) 2403
(0.25993 0.0624281 0.0599178) 8029
(0.256909 0.0613597 0.0194252) 897
(0.259406 0.0627777 0.0550744) 8029
(0.255821 0.0613605 0.0163641) 895
(0.24941 0.102804 0.0668269) 8871
(0.249862 0.102271 0.0710656) 8866
(0.250923 0.0983181 0.019725) 1822
(0.258125 0.064177 0.0341616) 8281
(0.25759 0.0639535 0.0305263) 8281
(0.248346 0.101715 0.0865802) 2517
(0.246613 0.101881 0.0121633) 5630
(0.253238 0.0631343 0.0218838) 1641
(0.24593 0.106378 0.0332914) 8509
(0.251122 0.0645613 0.0843423) 2204
(0.243324 0.107411 0.0798204) 2505
(0.250013 0.0653491 0.0822163) 2208
(0.241436 0.111437 0.0637044) 8878
(0.249453 0.0655832 0.0848278) 2203
(0.24569 0.0845895 0.0928164) 7576
(0.251084 0.0672379 0.0356636) 8261
(0.240352 0.112618 0.0557288) 8876
(0.244707 0.0875099 0.00712715) 5578
(0.24534 0.0794407 0.00400013) 1647
(0.243937 0.0844154 0.0966913) 7574
(0.238151 0.114813 0.0548591) 379
(0.244963 0.0787367 0.0921666) 7150
(0.243664 0.0726411 0.00256931) 6131
(0.243832 0.079558 0.0902231) 7150
(0.243345 0.0795216 0.0903672) 7150
(0.246197 0.0695557 0.040255) 8255
(0.238192 0.0972281 0.0900624) 5273
(0.24399 0.0702418 0.0768041) 2210
(0.242711 0.0709371 0.0428966) 8265
(0.235196 0.118266 0.075369) 2493
(0.236762 0.0987765 0.0882962) 5278
(0.2366 0.0989391 0.00990679) 6446
(0.24205 0.072692 0.0714813) 8667
(0.241594 0.0716257 0.0509981) 8663
(0.241328 0.0717018 0.0421332) 8265
(0.241398 0.0715954 0.0621168) 8663
(0.241211 0.0786411 0.0932297) 5141
(0.239643 0.0733716 0.00172518) 6071
(0.241428 0.0721917 0.0145529) 1650
(0.240208 0.0741323 0.0672255) 8667
(0.233381 0.117624 0.0127678) 1931
(0.233989 0.102538 0.00994194) 6632
(0.23049 0.120238 0.0169004) 265
(0.229356 0.108922 0.00754733) 5619
(0.229479 0.108137 0.0905825) 7805
(0.227347 0.108693 0.0957784) 2473
(0.226574 0.111647 0.0918924) 7773
(0.232203 0.0832931 0.0103249) 5543
(0.223687 0.129231 0.0267746) 8539
(0.222814 0.113412 0.0952282) 7791
(0.224056 0.0813634 0.0959396) 5239
(0.220835 0.117654 0.0914155) 7780
(0.224968 0.0810657 0.0768582) 2338
(0.219619 0.118825 0.0079581) 6602
(0.222992 0.0812144 0.0344) 8366
)


// ************************************************************************* //
