/*--------------------------------*- C++ -*----------------------------------*\
| =========                 |                                                 |
| \\      /  F ield         | OpenFOAM: The Open Source CFD Toolbox           |
|  \\    /   O peration     | Version:  2312                                  |
|   \\  /    A nd           | Website:  www.openfoam.com                      |
|    \\/     M anipulation  |                                                 |
\*---------------------------------------------------------------------------*/
FoamFile
{
    version     2.0;
    format      ascii;
    arch        "LSB;label=32;scalar=64";
    class       vectorField;
    location    "0.10005/lagrangian/kinematicCloud";
    object      U;
}
// * * * * * * * * * * * * * * * * * * * * * * * * * * * * * * * * * * * * * //


98
(
(2.47308 -2.7114 0.0136138)
(2.14606 -2.71896 0.0322093)
(2.61536 -2.67279 0.0407534)
(2.32981 -2.73547 -0.014116)
(2.14504 -2.71885 0.0323565)
(2.32981 -2.73547 -0.014116)
(2.14504 -2.71885 0.0323565)
(2.46205 -2.74459 0.0172097)
(2.73736 -2.58645 -0.00566512)
(2.67118 -2.63978 0.0469271)
(2.5742 -2.69721 -0.0391566)
(2.5742 -2.69721 -0.0391566)
(2.427 -2.71636 -0.0316329)
(2.66877 -2.64154 -0.0484689)
(2.44555 -2.71599 0.0279303)
(2.76982 -2.54992 -0.0548787)
(2.738 -2.58631 -0.00570479)
(2.70719 -2.56607 -0.0590848)
(2.71063 -2.56412 0.0587862)
(2.7071 -2.56609 -0.0590914)
(2.67118 -2.63978 0.0469271)
(2.66552 -2.57363 -0.0656068)
(2.66581 -2.54376 -0.0711012)
(2.76982 -2.54992 -0.0548788)
(2.29566 -2.74383 -0.026514)
(2.75967 -2.46034 0.0662413)
(2.43136 -2.71821 0.0270025)
(2.10311 -2.71864 0.0410924)
(2.82979 -2.42083 0.0608133)
(2.83005 -2.42271 -0.0590391)
(2.79814 -2.34543 0.00419053)
(2.79186 -2.30901 0.0716634)
(2.78301 -2.31746 0.0724049)
(2.04755 -2.70342 0.0537635)
(2.26443 -2.73676 0.0223351)
(2.20457 -2.68196 -0.0193)
(2.76403 -2.19707 0.00928176)
(2.26595 -2.73737 -0.0281782)
(2.72752 -2.1363 0.115313)
(2.22328 -2.71638 -0.0285735)
(2.04508 -2.70213 0.0542098)
(2.22328 -2.71638 -0.0285735)
(1.97624 -2.66625 0.066641)
(2.71774 -1.91804 0.0748598)
(2.68123 -1.98901 0.0805448)
(2.72271 -2.14253 -0.125577)
(2.15045 -2.65407 -0.0131031)
(2.15042 -2.65406 -0.013102)
(2.65367 -1.95864 0.127088)
(2.44732 -2.0893 -0.0984472)
(1.88968 -2.60544 0.0746215)
(2.59999 -1.74663 -0.0770659)
(1.89096 -2.61155 -0.0949948)
(2.5683 -1.72307 0.144944)
(2.20549 -2.67462 -0.0707529)
(2.44083 -1.56685 0.0852222)
(2.19225 -2.66164 -0.0730076)
(2.7721 -2.57339 0.0266793)
(2.36325 -2.64865 -0.0151428)
(2.45911 -1.5687 0.0235036)
(2.76717 -2.36774 -0.0466997)
(2.57724 -2.86232 -0.0430126)
(2.67844 -2.66536 0.0499322)
(2.28044 -1.40629 0.0255673)
(2.833 -2.75514 0.011727)
(2.47178 -3.06212 -0.0266212)
(2.8336 -2.75412 0.0118884)
(2.89503 -2.74571 0.0107614)
(2.33214 -2.56007 0.0123393)
(2.77755 -1.93779 0.056114)
(2.58348 -2.64781 -0.056047)
(2.77176 -2.53291 0.00967749)
(2.25182 -1.30925 0.158213)
(2.69977 -1.85536 0.0465589)
(2.71901 -1.80514 -0.0461717)
(2.69037 -2.48329 -0.000750208)
(2.77706 -2.53304 -0.0117521)
(2.77176 -2.53291 0.00967743)
(2.77706 -2.53303 -0.0117521)
(2.98699 -2.72791 0.0154251)
(2.58474 -3.10392 -0.0159439)
(2.56763 -2.55741 0.0416556)
(2.67715 -2.43436 -0.0020976)
(2.26166 -1.24432 -0.148669)
(2.55843 -1.6331 -0.0524263)
(2.0439 -1.13771 -0.163563)
(2.41947 -1.34262 -0.0522882)
(2.41425 -1.35259 0.0586468)
(2.3589 -1.35482 0.054079)
(2.33037 -1.17262 0.0689414)
(3.46144 -2.23969 -0.07657)
(1.88168 -0.799116 -0.0747979)
(2.16757 -1.07572 0.0522862)
(3.60029 -2.21921 0.0505362)
(2.02529 -0.892499 0.0715647)
(3.90158 -1.40199 -0.0730939)
(2.02696 -0.829355 -0.0679507)
(4.09298 -0.989943 0.0210346)
)


// ************************************************************************* //
