/*--------------------------------*- C++ -*----------------------------------*\
| =========                 |                                                 |
| \\      /  F ield         | OpenFOAM: The Open Source CFD Toolbox           |
|  \\    /   O peration     | Version:  2312                                  |
|   \\  /    A nd           | Website:  www.openfoam.com                      |
|    \\/     M anipulation  |                                                 |
\*---------------------------------------------------------------------------*/
FoamFile
{
    version     2.0;
    format      ascii;
    arch        "LSB;label=32;scalar=64";
    class       volScalarField;
    location    "9";
    object      p;
}
// * * * * * * * * * * * * * * * * * * * * * * * * * * * * * * * * * * * * * //

dimensions      [0 2 -2 0 0 0 0];

internalField   nonuniform List<scalar> 
2958
(
-5.61892e+38
-1.72473e+33
-1.20506e+33
-1.86082e+38
-1.12653e+33
-1.20508e+33
2.6271e+36
-5.19717e+35
-1.18158e+33
-5.1514e+35
-8.37465e+36
-1.29609e+40
-3.78746e+36
-1.29821e+40
-2.12591e+35
-2.66665e+38
-1.11312e+33
-5.32743e+36
-1.29968e+40
-1.39186e+40
-1.29013e+40
-1.17896e+33
-1.27008e+40
-3.45233e+34
-4.23654e+36
8.4738e+35
-3.09068e+33
-2.58805e+36
-1.87598e+39
-1.00571e+37
5.62488e+36
-9.8952e+32
-1.13203e+40
-9.33735e+32
-1.81736e+35
8.82598e+35
-1.27579e+40
-1.2706e+40
-9.55613e+38
-2.72466e+34
1.89717e+36
1.14059e+36
3.11222e+36
1.98295e+38
-1.29536e+40
-1.20412e+33
-3.8466e+36
-9.84737e+32
-1.87139e+38
-5.43657e+39
-2.90669e+38
-3.96845e+33
-7.05485e+34
-3.79913e+36
-3.16118e+38
-3.08048e+34
-5.441e+36
-6.47193e+34
-1.27267e+38
1.92086e+36
-2.57052e+38
-5.41536e+38
1.35397e+36
-9.48642e+36
-1.29586e+40
-1.29943e+40
-3.52568e+36
-3.24822e+33
-4.03206e+39
-6.34213e+38
-1.15538e+33
-1.29655e+40
-1.754e+33
-9.66012e+37
-1.30134e+40
-3.00343e+36
-2.7174e+38
1.55808e+36
-1.26723e+40
-3.36732e+38
-3.99771e+36
-1.1753e+33
-2.30431e+36
-2.31454e+36
2.84841e+38
-3.42024e+36
-1.20265e+33
-3.52599e+36
-1.74498e+33
-1.11332e+40
2.12367e+35
-1.45351e+33
-1.02736e+36
-1.29996e+40
-1.58303e+33
2.31755e+34
-2.56934e+38
-2.13661e+38
-1.29783e+40
-1.29675e+40
-1.85233e+38
-2.33359e+38
6.34582e+33
-1.27975e+33
-1.25143e+40
-3.14134e+39
-1.29647e+40
-1.8974e+38
-1.29623e+40
2.42178e+34
-1.65545e+38
-3.49573e+38
-1.30104e+40
-2.26901e+36
-1.29809e+40
-1.29944e+40
-2.5875e+36
-3.46716e+38
-1.20932e+33
-2.81295e+38
-5.46009e+38
-1.29604e+40
-9.66719e+35
-2.19915e+34
-1.68145e+38
-2.47903e+38
-2.81883e+38
-1.40121e+33
-3.21945e+38
-1.3013e+40
-1.305e+40
-1.31913e+40
-3.42698e+38
-1.29661e+40
-1.32981e+40
-1.29726e+40
-1.95677e+36
1.09764e+40
-1.2963e+40
-1.29777e+40
-1.25741e+39
-1.33453e+33
-1.28419e+40
-1.29922e+40
-2.59637e+38
-1.1443e+33
-1.30164e+40
-1.2937e+40
-1.29554e+33
-1.29598e+40
-1.38759e+40
-2.58192e+38
-1.45718e+36
-4.70103e+39
-9.18482e+36
-1.34266e+40
-1.21626e+40
-3.16205e+38
3.62732e+36
-3.24958e+34
-9.29271e+36
-1.19219e+36
-1.95682e+37
-1.29576e+40
-1.71645e+34
-6.84203e+38
-8.23953e+39
-1.29851e+40
-1.80361e+34
-1.20792e+33
-9.45595e+32
-1.2965e+40
-1.27646e+40
-1.87466e+33
-1.2673e+40
-1.20753e+33
-1.19447e+33
-1.71009e+33
-6.13418e+39
-4.03265e+39
-7.66457e+39
-1.26033e+33
-5.77e+36
-1.82216e+38
-1.70421e+33
-1.25925e+33
1.89747e+33
-1.29621e+40
-1.18801e+33
-1.75857e+38
-1.08742e+33
-6.63431e+33
-1.19092e+33
-2.41909e+34
-3.34613e+33
-1.84942e+39
-1.64981e+33
-9.46721e+32
-1.57488e+38
-2.00586e+34
-1.67232e+35
-1.29662e+40
-7.21196e+38
-1.78356e+33
3.93042e+34
1.77004e+36
-9.50548e+38
1.78984e+36
-1.20442e+33
-1.87103e+38
-1.29828e+40
-1.11321e+40
-1.30926e+40
-1.54675e+33
-1.30277e+40
-1.17316e+33
-8.84076e+36
-1.2977e+40
-1.29781e+40
-1.29814e+40
-1.29875e+40
-1.75846e+33
4.20383e+36
-1.22246e+33
-1.72183e+38
-2.9742e+38
-2.55244e+36
-1.29783e+40
-1.22616e+33
-1.07172e+33
-5.03019e+33
-1.0285e+33
-1.26315e+33
-1.16526e+33
-1.86543e+39
-1.29878e+40
-1.30138e+40
-2.79695e+38
-1.30139e+40
-2.09054e+38
-1.29967e+40
-2.09653e+38
-2.60448e+38
-2.49683e+36
3.83417e+37
1.22263e+36
-2.59819e+35
-2.40899e+36
-6.46797e+36
-5.66029e+37
-9.6024e+35
-3.38737e+35
-1.12685e+37
-1.149e+33
-1.98235e+38
-2.32051e+33
-8.43933e+37
-1.2951e+33
-3.39176e+37
-1.17273e+33
-2.68722e+38
-1.25003e+40
-1.11714e+33
1.9123e+36
-9.22865e+39
-2.38529e+36
-5.54144e+35
-7.11878e+37
-7.8099e+39
-1.23696e+40
-1.2742e+40
-1.20775e+33
-7.71477e+37
-1.27586e+40
-1.52139e+33
-7.68646e+37
-1.29883e+40
-1.14483e+33
-1.29224e+40
-1.37448e+33
-1.2962e+40
-1.30164e+40
-9.22617e+39
-2.41512e+36
-9.83999e+32
-1.29691e+40
-4.6193e+39
-2.5102e+38
-1.78885e+38
-1.45852e+37
-3.45721e+34
-8.43534e+32
-1.29844e+40
-1.29445e+40
-4.81306e+36
-1.18223e+33
-1.29775e+40
-2.68447e+38
-1.29782e+40
-5.8277e+36
-6.72404e+36
-1.11572e+33
-1.29515e+33
-1.17279e+33
-2.60993e+38
-1.61067e+33
-1.5934e+38
-1.25002e+40
-7.3315e+36
-2.52429e+38
-1.29815e+40
-2.63202e+38
-2.75614e+38
-1.29876e+40
-1.32819e+33
-1.72259e+38
-1.1312e+33
4.48659e+36
-1.21471e+33
-7.28144e+37
-1.14203e+33
-1.19781e+33
-2.29629e+37
-3.54945e+33
-1.20777e+33
-1.23692e+40
-3.57398e+38
-1.26262e+40
-1.80547e+38
2.55047e+36
-1.19943e+33
-5.69816e+36
-1.28772e+40
-1.29666e+40
-1.19865e+33
-1.29647e+40
-2.01908e+38
1.79038e+36
-2.01968e+38
-1.29773e+40
-3.90861e+36
-1.29511e+33
-1.09295e+33
-1.16176e+33
-1.29644e+40
-5.52936e+33
-1.29644e+40
-4.21798e+34
-3.14864e+38
-2.56711e+38
-5.24993e+34
-3.45747e+34
-9.70916e+32
-2.29687e+38
-5.5846e+33
-3.3853e+37
-1.29813e+40
-3.63683e+37
-1.20013e+33
3.47415e+38
2.53352e+36
-3.01759e+38
-1.8612e+38
-5.31775e+39
-1.13772e+37
-8.89277e+32
3.94495e+36
-2.50948e+38
-2.50727e+38
-9.82377e+32
-2.05653e+34
-1.11886e+33
-1.29812e+40
-1.96262e+38
-2.08864e+37
7.64468e+32
-3.20463e+38
-2.54355e+34
-1.09789e+33
-1.19705e+33
-2.64116e+38
-1.42177e+36
-1.30316e+40
-3.01904e+37
-1.17782e+33
-1.22587e+40
-7.07378e+37
-9.46992e+32
-1.1694e+40
-1.31541e+40
-4.90449e+35
-1.29738e+40
5.60142e+38
-1.17219e+33
-2.43751e+38
-2.11275e+38
2.55069e+36
-1.29825e+40
-1.30361e+40
-1.07327e+33
5.94561e+38
-7.58444e+37
-1.16826e+33
-1.80036e+38
-3.18924e+38
-2.60313e+38
-2.23794e+33
-3.84939e+36
-2.8094e+38
-3.14848e+38
-5.63027e+38
-4.35974e+36
-1.10344e+37
-5.93856e+32
-1.37358e+33
-1.06937e+33
-1.1348e+33
4.34441e+34
2.06541e+38
2.03368e+38
-1.29538e+40
1.52979e+36
-1.11673e+33
1.34394e+36
-1.2356e+36
-1.1688e+40
-1.42088e+33
-1.24581e+36
-2.88832e+38
-1.38072e+33
-1.11893e+33
-3.79132e+38
-1.82286e+33
-2.79071e+34
-2.77864e+34
-1.1636e+33
-1.11835e+33
-2.09255e+34
-2.62667e+38
-1.293e+40
-1.14617e+33
-1.27226e+33
-2.96654e+38
-5.29135e+38
-1.19161e+33
-1.15567e+40
-1.26095e+40
-9.43564e+32
-1.30535e+40
-1.20095e+33
-1.26454e+40
-1.05031e+33
-2.99626e+35
-3.767e+33
-2.63612e+38
-2.22157e+38
-1.2985e+40
-6.59076e+37
-1.15302e+33
-1.29806e+40
-1.82243e+33
-1.7583e+38
-3.32075e+38
-7.46336e+36
-3.13551e+37
5.94299e+36
-9.82109e+32
-4.31559e+36
-4.53481e+37
-2.13238e+39
-7.37648e+36
-1.2961e+40
-6.48119e+36
-1.20304e+33
-1.44718e+37
-1.15802e+33
-1.00745e+36
-1.16192e+33
-1.19829e+33
-2.61867e+36
-5.21161e+36
-2.55126e+33
-1.29595e+40
-7.66475e+39
1.42113e+33
-3.39809e+37
-8.92695e+36
-1.34322e+36
-9.66576e+32
-3.60971e+38
-1.23215e+33
-5.87656e+33
-1.86163e+38
2.33672e+37
-1.18567e+33
-2.70684e+38
-5.39963e+36
-1.29933e+40
-1.30006e+40
-1.30152e+40
-1.1899e+33
-1.29937e+40
-1.29589e+40
-2.63139e+38
-1.73869e+35
-1.29882e+40
-1.5946e+38
-5.96322e+33
-2.32609e+38
-2.57104e+38
-1.29899e+40
-1.29933e+40
-1.7072e+38
-1.29968e+40
-3.49132e+38
-3.40431e+38
-9.65891e+32
-2.14854e+39
-1.21306e+33
-2.60716e+38
-1.00042e+40
-1.20762e+33
7.24125e+38
-1.2434e+33
-2.54578e+38
-1.85991e+38
-1.60886e+33
-1.25016e+40
-2.60584e+36
-2.37687e+38
-2.70819e+36
-1.11294e+40
6.33199e+32
-1.30732e+40
-1.84554e+39
4.29921e+36
-8.82003e+32
-2.35323e+33
-2.61302e+38
-4.31351e+36
-1.05677e+39
-8.9488e+36
-1.29622e+40
-2.21902e+38
-1.30194e+40
-1.84571e+39
-2.64413e+36
-1.26933e+40
-1.29847e+40
-1.70945e+33
-1.30023e+40
-1.2989e+40
-1.59455e+33
-5.73113e+38
-1.15448e+33
-2.51434e+37
-1.05309e+39
-3.35052e+38
-1.59373e+36
-2.03847e+39
-5.33914e+37
-1.98997e+33
-2.36244e+38
3.39988e+38
-3.04059e+38
-3.13151e+38
-1.29654e+40
-2.66316e+37
-2.08071e+38
-3.08961e+38
-5.76823e+38
-5.66983e+37
-1.29817e+40
-1.29959e+40
-1.30085e+40
-1.5948e+33
-1.29969e+40
-9.24377e+39
-1.29087e+40
-1.60955e+37
-1.36171e+33
-1.34334e+33
-3.73082e+36
-1.69794e+33
-2.61358e+38
-1.27219e+40
-1.30255e+40
-1.29892e+40
-1.37586e+33
-6.36839e+36
-1.29792e+40
-1.29799e+40
-3.35796e+35
-2.50152e+39
-1.16905e+40
-1.00741e+39
-3.68917e+38
-1.17325e+39
3.81154e+37
-8.86216e+39
-1.28809e+40
1.49371e+37
-1.22722e+40
-2.63343e+38
-1.24334e+33
-3.01042e+38
-1.76975e+39
-6.35431e+38
-1.17922e+40
-1.29655e+40
-2.57123e+38
-5.44227e+39
-1.29348e+40
-1.29773e+40
-2.59661e+38
-2.49147e+34
8.76374e+35
-1.60007e+33
-1.29531e+40
1.59148e+36
-2.43589e+38
-2.50766e+38
-1.05521e+39
-1.15346e+33
-2.72358e+37
-1.30159e+40
-1.19163e+33
-1.71658e+37
-1.32306e+37
-1.29761e+40
-2.82017e+38
-1.29752e+40
-1.17754e+33
-1.29796e+40
8.0961e+38
-3.04725e+37
-1.27663e+40
-1.21058e+33
-9.48556e+38
2.94253e+36
-1.30186e+40
-3.67414e+38
-2.14099e+39
-1.27627e+40
4.28634e+37
-1.77075e+39
-1.29111e+33
-1.31922e+40
-3.34663e+37
-1.29838e+40
-1.29471e+40
-5.40057e+38
-1.3677e+39
-1.17319e+33
-9.81939e+36
-9.86617e+32
-1.68096e+33
-1.17939e+40
-1.18861e+33
-9.59706e+32
-1.11619e+33
-1.17983e+40
-1.30555e+40
-1.30321e+40
-8.84891e+39
-1.30241e+40
-1.1456e+33
-1.3015e+40
-2.5347e+38
-1.34784e+36
-9.85483e+32
-9.75252e+32
6.42729e+34
-1.78746e+38
-1.18997e+33
-2.63816e+33
-3.23345e+38
1.60131e+36
-1.31929e+40
-1.29882e+40
-1.17042e+33
-1.5997e+34
-1.2989e+40
-1.42046e+33
-1.29703e+40
-1.18614e+33
-1.23018e+33
-3.0888e+38
-2.61328e+38
-1.52417e+33
-7.78913e+39
-2.15083e+33
-2.51956e+38
-2.61154e+38
-4.78091e+38
-1.16908e+40
-7.08564e+34
-3.37603e+38
-2.61151e+38
-1.29453e+40
-1.30542e+40
-2.56966e+38
-3.0765e+37
7.50065e+35
-2.61372e+38
-3.06526e+36
-1.15516e+33
-1.80802e+38
-2.08469e+34
-1.14001e+33
-1.04897e+33
-1.14608e+33
-1.14464e+33
3.09433e+38
-3.14974e+38
-2.15768e+36
-9.91555e+35
-3.26495e+38
-1.71482e+34
-1.16363e+33
-3.60747e+39
-1.35135e+40
-1.13383e+33
-9.15251e+38
-1.30009e+40
-2.326e+33
-1.29661e+40
-1.74344e+38
4.48017e+36
-1.60021e+40
-1.77862e+38
-1.6538e+38
9.10788e+35
-1.74204e+33
-9.73746e+39
-1.48196e+35
-3.67459e+38
-4.70899e+38
-1.28999e+40
1.09205e+36
-3.35618e+38
1.14393e+36
-1.75424e+38
-1.60203e+37
-6.085e+37
-1.16905e+40
-2.39347e+38
8.01305e+35
-1.70391e+33
-2.32723e+38
-2.13613e+38
-7.66173e+39
-1.29579e+40
-1.85432e+38
1.57112e+36
1.57889e+36
-5.01226e+36
2.74095e+38
-2.14128e+39
-2.66116e+38
-1.3019e+40
-1.2997e+40
-1.29884e+40
-2.39268e+38
-1.13456e+33
-1.29789e+40
-3.69748e+38
-1.29773e+40
-2.39341e+38
-1.28609e+40
-1.31218e+40
-2.60198e+33
1.77696e+36
-2.62692e+38
-1.29763e+40
-1.29813e+40
-1.25785e+39
-1.38463e+40
-1.29707e+40
-1.29801e+40
-1.43032e+33
-1.29685e+40
-2.50412e+38
-2.56792e+38
-1.30221e+40
-5.58677e+32
1.86293e+39
-1.30863e+40
-1.64884e+33
-8.70125e+37
-5.20185e+37
-4.41821e+38
-2.69735e+38
-5.41457e+36
-4.03177e+39
-1.16151e+33
-1.16939e+40
-2.7666e+37
1.61098e+36
-3.38219e+38
-1.22541e+33
-1.2642e+40
-2.84392e+38
-1.86026e+38
-4.25319e+36
-1.25273e+39
1.13426e+40
-2.33571e+36
-1.72331e+33
-2.03769e+39
-1.12915e+33
4.65266e+36
-9.20194e+36
-1.29795e+40
-1.51394e+36
-2.5859e+38
-1.13014e+33
-4.61491e+36
-2.02883e+38
-1.80442e+38
-3.02146e+36
-2.66764e+38
-4.72131e+36
1.50748e+36
-1.55831e+37
-1.3083e+33
-2.56897e+38
-2.6001e+38
-1.50177e+33
-2.66411e+35
-3.50993e+33
-2.73055e+36
-2.56204e+38
-1.65524e+38
-1.24298e+38
-1.61346e+33
-2.34046e+36
-1.29728e+40
-3.29246e+34
-2.56694e+36
-2.58718e+38
-1.99979e+37
-1.29453e+40
-1.28181e+40
-1.28847e+40
-2.66314e+38
-2.79383e+37
-2.40738e+39
-2.82076e+36
-1.60063e+34
3.03314e+38
1.16253e+40
-1.17553e+35
-1.17591e+33
-1.53213e+33
-2.98724e+36
-1.16416e+33
-1.29643e+40
-2.39648e+36
-2.95936e+36
-1.18465e+33
-8.43499e+32
-1.67988e+35
-2.33099e+38
-1.75891e+38
-2.40828e+39
-1.20307e+33
-7.54909e+34
-1.32158e+40
-1.01082e+36
-1.22769e+35
-1.2955e+40
-1.71241e+33
-1.80896e+38
-1.59521e+38
-1.15463e+33
-9.97669e+32
-1.29901e+40
-1.28176e+40
-1.14767e+37
-1.29927e+40
-1.29924e+40
-1.29792e+40
-8.92325e+32
-2.34576e+38
-5.44347e+39
-1.11089e+33
-6.13776e+39
-2.77832e+38
-2.74359e+33
-1.78812e+38
-2.91057e+38
-1.17374e+33
-1.29726e+40
-1.21557e+33
-3.32806e+35
-5.73444e+36
-2.5411e+36
-1.20677e+33
-2.72142e+34
-1.23183e+33
-1.75323e+38
-1.29943e+40
-7.47475e+34
-1.1555e+33
-8.41984e+32
-1.16437e+33
-1.59512e+33
-1.09646e+33
-1.30725e+40
-3.72023e+36
-1.82965e+33
-6.53798e+35
-9.53592e+32
-1.3137e+35
-9.65594e+32
-2.38974e+34
-1.00024e+40
-1.21809e+33
-6.55307e+36
-9.48527e+32
-1.38373e+33
5.02716e+33
-3.33743e+37
-4.55103e+36
-1.2101e+33
-1.78435e+33
-1.80236e+36
-1.26322e+33
-1.71497e+33
-2.39162e+33
-1.34913e+35
-2.28087e+33
-1.97204e+38
-6.86035e+36
-1.67322e+33
-3.02378e+37
-1.19898e+33
-2.44803e+36
-1.22442e+33
-2.4297e+36
-1.15676e+33
-1.29916e+40
-3.4545e+38
-8.8441e+39
-1.12358e+33
-2.22163e+38
-8.42412e+36
-1.25557e+39
-1.24123e+33
-7.46388e+34
-1.41992e+33
-4.71261e+38
-1.81346e+38
-1.63699e+34
-1.23181e+33
-4.71278e+38
-1.01513e+36
5.11976e+36
-1.29693e+40
-1.29938e+40
-1.11742e+33
-1.18758e+33
-1.14917e+33
-1.2969e+40
-2.65823e+38
-1.17783e+39
-3.76416e+33
-6.0205e+37
-2.22138e+38
-1.29331e+33
-2.3519e+36
-1.80201e+38
-1.30022e+40
-1.2e+33
-1.2974e+40
-3.0435e+37
1.58286e+36
-5.94954e+35
1.65805e+36
-1.32318e+40
-3.78484e+36
-1.29658e+40
-7.79961e+39
2.79315e+34
-1.17046e+33
-1.11667e+37
-1.12773e+38
-2.31e+33
-6.23866e+33
-2.98609e+33
-2.3974e+36
-7.95026e+37
-1.19854e+33
-1.02796e+33
-2.38894e+38
-2.72941e+36
-1.15662e+33
-8.36871e+32
5.43605e+32
-1.22663e+33
-1.74822e+33
-1.1899e+33
-1.57026e+37
-9.89141e+32
-2.58086e+38
-2.45174e+38
-2.57582e+38
4.8422e+38
-1.28426e+40
2.53607e+36
-1.17027e+33
-1.32727e+40
-1.80578e+38
-1.02474e+33
1.75586e+39
-1.29666e+40
-6.94882e+34
-9.18278e+38
-9.73399e+39
-1.72796e+37
-4.26691e+35
-1.80249e+38
-2.33101e+36
-8.37291e+32
5.18886e+38
-3.50089e+38
-3.19687e+38
-5.47477e+33
-1.85676e+38
-1.30355e+40
-2.40624e+39
8.02225e+33
-3.54227e+38
-1.29954e+40
-1.29881e+40
-1.63774e+37
-1.29708e+40
-1.29813e+40
-1.15581e+40
-2.66645e+38
-9.75299e+38
-1.29962e+40
-1.29663e+40
-1.19896e+33
-1.2368e+40
-3.21241e+38
-3.55281e+37
-1.72133e+38
-1.29888e+40
-6.74046e+36
-1.92969e+38
-2.08344e+39
-1.2168e+33
-1.21732e+40
-2.60579e+38
-1.29888e+40
-2.94441e+38
-1.29663e+40
-1.3027e+40
-1.29985e+40
-6.37082e+38
2.46589e+37
-1.16906e+40
-2.86034e+36
-3.38244e+36
-1.59539e+33
-6.51895e+37
-2.06163e+34
-1.16231e+33
-1.29734e+40
-1.2551e+33
-1.30452e+40
-1.8253e+38
-2.50681e+38
-1.29952e+40
-5.25271e+34
-3.79516e+35
-1.89736e+38
1.02718e+34
-7.20535e+34
-2.6397e+36
-7.80803e+39
-1.04759e+33
-2.81955e+38
-1.2758e+40
-5.99113e+36
-1.77075e+33
-1.32692e+37
-1.61883e+37
-1.54957e+35
-9.74104e+36
-5.31439e+39
-2.2866e+34
-3.40404e+35
-1.29658e+40
2.53358e+36
-1.19989e+33
-1.65101e+38
-1.18968e+33
-1.35041e+37
-1.20561e+33
-1.20609e+33
-1.29735e+40
-1.16403e+33
-2.37311e+35
-9.87873e+32
-1.35089e+40
-5.69917e+34
-1.29667e+40
-1.29863e+40
-1.2968e+40
-1.29644e+40
-1.44669e+33
-1.59171e+33
-1.18253e+33
-2.63703e+38
-1.20438e+33
-1.03785e+33
-1.2028e+33
-1.13443e+33
-1.21715e+33
-1.27939e+33
-5.44904e+36
-7.96897e+36
-2.55385e+38
-5.83404e+36
-1.21246e+33
-1.2107e+33
-1.14584e+33
-1.30202e+40
-2.08449e+39
-2.25009e+35
-3.56471e+33
-3.05003e+34
7.41503e+35
-1.01079e+39
-4.70383e+37
-1.29953e+40
-1.30454e+40
-4.8174e+38
-1.28161e+40
3.49245e+38
-1.41241e+35
-2.0493e+37
-3.8718e+35
-1.55366e+35
-3.3115e+38
-1.93344e+33
-2.05006e+38
-1.31259e+40
-1.14015e+35
-4.01456e+34
-1.06359e+34
-5.13676e+34
-1.90486e+38
-3.08579e+37
-4.2294e+35
-3.1324e+38
-1.29244e+40
1.2811e+36
-4.5732e+34
-1.28307e+35
-9.04553e+32
-3.18834e+38
-1.92616e+38
-2.13115e+39
-3.32195e+38
-3.60694e+39
-8.94911e+32
-1.30034e+40
-2.6174e+38
-3.60754e+39
-7.89657e+34
-1.30538e+40
-1.31155e+40
-3.33935e+38
-4.79602e+37
-1.10059e+36
-7.75262e+37
8.90816e+35
-1.09924e+33
-1.29711e+40
-1.17624e+36
-2.08474e+39
-1.27639e+40
-2.60832e+38
-1.29464e+40
-3.34441e+36
-2.71014e+33
-1.2968e+40
-3.11498e+38
-1.95719e+38
-2.87021e+38
-6.93558e+35
-1.04508e+36
-1.28517e+40
-2.97894e+38
-1.29734e+40
-8.27901e+37
-1.02593e+35
-1.83026e+38
-2.33228e+36
-1.28942e+40
-1.2436e+33
-2.77572e+38
-1.84791e+38
-1.29123e+40
-1.53214e+35
-9.44456e+35
-2.73596e+38
-1.26977e+40
-3.46746e+36
-7.10854e+33
-1.46585e+38
-2.49565e+34
-2.41973e+36
-2.68426e+38
-1.0383e+37
-4.10388e+36
-1.29897e+40
-1.93024e+34
-1.12864e+37
-1.26165e+36
-3.3809e+38
-9.77621e+36
-1.07145e+33
-1.21307e+33
-1.26141e+40
-9.66415e+36
7.92471e+33
-1.30327e+40
-3.17593e+38
-1.28409e+40
-3.81182e+35
-1.30563e+40
-1.21309e+33
-1.27502e+33
7.8698e+35
-3.10824e+33
-2.77076e+34
-1.29459e+40
-1.32315e+33
-1.51379e+37
-2.40615e+36
-4.63548e+35
-1.09402e+33
-2.8277e+38
-5.78778e+36
-1.30237e+40
-1.29947e+40
4.12111e+35
5.46429e+35
-1.29933e+40
-1.27082e+40
-2.1743e+33
-7.22621e+37
-2.40311e+33
-1.11801e+33
-2.18783e+34
-1.20774e+33
-7.56918e+34
-3.39528e+38
-2.25561e+33
-1.20734e+33
-3.52653e+37
-3.14199e+34
-2.88354e+38
-8.24594e+36
-1.12006e+33
-1.89853e+34
-9.45991e+32
-1.32991e+37
-2.69914e+38
-1.69307e+35
-1.68425e+33
-1.17605e+33
-1.18907e+33
-1.19355e+33
1.53337e+36
-1.19984e+33
-1.8459e+38
-1.21329e+33
-9.93506e+38
-4.32933e+33
6.10949e+38
-1.86969e+38
-4.12759e+33
4.57187e+37
-1.31498e+40
-1.18854e+33
-6.05363e+37
-1.29811e+40
-8.09416e+36
-3.25964e+36
-3.05423e+36
-8.02124e+36
-1.17758e+33
-6.47697e+36
-1.17813e+33
-1.19027e+33
-1.18283e+37
-3.57223e+36
-1.12164e+33
-3.08289e+38
-2.60205e+38
7.76435e+33
-2.60864e+38
-1.19196e+33
-1.29832e+40
-1.89159e+34
-2.0382e+38
-1.29944e+40
-2.244e+38
-1.03898e+37
-1.48697e+33
-2.91473e+38
-2.73848e+36
-2.66052e+36
-1.69559e+33
-8.66661e+39
-2.54407e+38
-2.54668e+36
-1.02856e+33
-1.74399e+38
1.92895e+38
-2.73652e+38
-2.489e+36
-1.20494e+33
-1.72524e+33
-1.27692e+40
-2.11251e+38
-1.29651e+40
-2.73046e+36
-1.29694e+40
-2.11378e+38
-1.29664e+40
-3.58834e+37
-1.09955e+33
-9.73161e+39
-1.29347e+40
-2.74444e+34
-1.29777e+40
-1.33203e+40
-3.36409e+38
-1.29739e+40
-1.20762e+33
-1.27346e+40
1.65355e+39
-1.29653e+40
-7.15861e+34
-1.79552e+38
-8.53934e+37
-1.29872e+40
-5.42665e+35
-3.1202e+39
-1.95954e+38
-1.2993e+40
-1.73159e+33
-1.29904e+40
-2.30778e+36
-1.29663e+40
-9.99646e+34
-1.96034e+38
-1.30404e+40
-1.83109e+38
-1.98764e+38
-3.93934e+37
-1.12846e+33
-3.09373e+39
-1.13116e+33
-1.1489e+33
-1.30822e+40
-4.15584e+35
-1.30409e+40
-1.27081e+40
-3.17187e+33
3.41207e+38
-1.33082e+40
-1.19585e+35
-1.132e+40
-6.49126e+34
-9.79135e+37
-1.83454e+33
-1.15655e+33
-3.00196e+38
-1.80451e+38
-1.16143e+33
-4.84974e+35
-1.08597e+33
-1.29864e+40
-1.29389e+40
-7.15534e+35
-1.6092e+33
-4.49394e+38
-1.44284e+33
-6.88546e+35
-1.60857e+40
-1.29325e+40
-1.44286e+33
-1.4432e+33
-1.15365e+37
-1.11496e+33
-1.13904e+36
-1.38586e+33
-1.16238e+33
-1.21708e+40
-1.2991e+40
-1.29911e+40
3.26405e+36
-1.18188e+33
-1.18753e+33
-1.45645e+36
-9.59467e+35
-6.87272e+34
-5.71025e+35
-2.56568e+35
-6.72982e+34
-2.06022e+34
-1.30181e+40
-2.03466e+39
-5.64132e+37
3.56604e+38
-1.17972e+33
-1.09925e+33
-1.29685e+40
3.47162e+38
-9.45762e+38
-5.31145e+38
-1.30058e+40
-2.50155e+37
-8.90351e+32
-4.87349e+36
-1.3006e+40
-2.68773e+34
-2.02907e+34
-1.2998e+40
-1.30178e+40
-1.29957e+40
-1.30006e+40
-1.29811e+40
-1.29912e+40
-1.93227e+33
-2.46307e+37
-3.42798e+34
-6.27875e+35
-1.79437e+35
2.20052e+35
-1.16429e+33
-3.5208e+38
-1.29192e+40
-1.27493e+40
-4.34978e+35
-2.47019e+36
-1.29942e+40
-1.57096e+37
-9.86573e+32
-1.29732e+40
-1.3108e+39
-4.41557e+38
-1.00052e+33
-1.23531e+33
-9.85363e+32
9.09277e+35
-8.40612e+32
-3.28947e+34
-2.56853e+38
-6.79745e+33
3.15676e+38
-1.2935e+40
-1.24933e+40
-2.69448e+33
-2.65758e+38
-1.30305e+40
-5.25711e+34
-1.77216e+38
-1.6557e+38
-1.296e+40
-6.05436e+35
-1.7136e+34
-1.74127e+33
-2.42706e+38
-2.81034e+33
-2.19481e+38
-1.2968e+40
-3.11226e+38
-1.13603e+33
-1.59701e+34
-5.44355e+32
-3.28907e+33
-2.56005e+34
-1.29778e+40
7.18246e+38
-1.28446e+39
-4.58166e+37
-2.5626e+38
-2.58319e+38
-1.18978e+33
-1.2005e+33
-1.00877e+33
-1.1874e+33
-2.89702e+37
-2.51849e+38
-3.87358e+38
-1.21509e+33
-3.36565e+38
-1.16157e+33
-3.58605e+37
-2.58184e+38
-1.06545e+36
-1.27316e+40
-1.29938e+40
-8.45853e+32
-1.17888e+33
-8.73418e+32
-3.19397e+38
-1.04221e+33
-1.16426e+33
-1.75609e+33
-1.12002e+33
-1.22697e+40
-7.80231e+39
-1.18772e+33
-6.1327e+39
-1.72226e+33
-3.20386e+38
-1.27503e+40
-2.60857e+38
-2.21563e+38
-5.31702e+39
-1.15459e+33
-9.43811e+32
-1.29682e+40
-3.9127e+33
-1.04241e+33
-3.54584e+37
-4.75813e+35
-2.67434e+36
-1.29602e+40
-4.99245e+37
-9.4359e+32
-1.03958e+37
1.74631e+36
6.71507e+38
-1.29716e+40
-2.25426e+38
-1.29653e+40
-1.17118e+33
-1.1612e+33
-2.05217e+33
-1.18752e+37
-3.48711e+38
-2.99044e+37
-1.29984e+40
-2.51818e+39
-1.73056e+33
-2.59982e+38
7.94019e+38
-1.81857e+38
7.78945e+38
-1.84908e+39
-3.59462e+38
-2.50832e+39
-1.88695e+34
-1.25803e+33
2.24239e+37
-1.21159e+33
-5.31938e+38
-1.29858e+40
-8.24089e+39
-1.20479e+33
-2.05843e+37
-1.59035e+33
-8.24219e+39
-1.58506e+33
-1.25587e+33
-9.66847e+32
-1.45321e+33
-2.22212e+38
-2.64444e+38
-1.72985e+33
-2.53805e+38
-1.29892e+40
-1.29878e+40
-1.29861e+40
-1.2993e+40
-9.18389e+38
-1.29802e+40
-1.29698e+40
-3.67674e+38
-2.13765e+38
-1.2995e+40
-1.80539e+38
-2.3483e+38
-1.30108e+40
-2.79752e+38
-2.38234e+38
-2.32652e+36
-1.72269e+38
-8.23086e+33
-2.32046e+38
-1.66749e+33
-1.15582e+40
-2.13038e+39
-2.01696e+38
-2.73741e+38
-1.12137e+33
-1.29879e+40
-2.63791e+38
-2.7986e+38
-3.76649e+37
-4.90229e+37
-5.66126e+37
-1.30001e+40
-1.32466e+40
-2.02721e+37
-1.29647e+40
-1.30218e+40
1.78856e+36
-1.16418e+33
-1.29908e+40
-2.89063e+38
-1.29715e+40
-1.05904e+39
-3.16244e+35
-1.29943e+40
-3.61438e+38
-1.26356e+33
-3.46478e+34
-1.16755e+33
-1.1851e+33
-1.1762e+33
-1.17667e+33
-1.18571e+33
-1.07177e+33
-2.82985e+38
-4.91746e+34
-3.16478e+38
-1.0935e+36
-1.29924e+40
-1.10895e+33
-1.29236e+40
-4.66291e+39
-2.15991e+34
-2.37539e+36
-2.34691e+36
-1.25001e+40
4.4967e+36
-1.1824e+33
-1.27086e+33
-1.23053e+40
-1.22646e+40
-1.23517e+40
-1.29106e+40
-1.29141e+40
-1.2916e+40
-2.7195e+36
-3.51895e+36
2.78802e+36
1.92802e+36
2.36345e+36
2.00331e+36
-3.47752e+33
-4.22266e+33
-4.22539e+33
-1.59547e+34
-4.60189e+33
-4.00763e+33
-4.50463e+33
-1.17863e+34
-1.07115e+33
-1.06654e+33
-8.14464e+32
-9.58442e+32
-1.04295e+33
-3.48248e+36
-6.41846e+35
-9.20819e+35
-6.64282e+35
-1.5154e+36
-3.14284e+36
-1.06434e+36
-1.63084e+36
-6.02048e+37
-1.76563e+38
-1.78497e+38
-1.79556e+38
-1.52593e+33
-1.29873e+40
-1.53181e+33
-1.31252e+40
-2.19719e+34
-1.59532e+33
-1.31115e+40
-1.29855e+40
-1.30314e+40
-1.29873e+40
-1.30087e+40
-1.29594e+40
-1.27679e+40
-1.29152e+40
-1.29586e+40
-1.29651e+40
-1.29729e+40
-1.29383e+40
-1.29445e+40
-1.29619e+40
-1.29399e+40
-1.30262e+40
-1.30282e+40
-1.30127e+40
-1.30069e+40
-1.30359e+40
-1.29888e+40
-1.29777e+40
-1.30314e+40
-1.29873e+40
-1.16854e+40
-1.16914e+40
-1.7536e+38
-1.74303e+38
-1.7834e+38
-1.7965e+38
-1.82796e+38
-1.84859e+38
-2.29997e+38
-2.30099e+38
-2.6808e+38
-2.68689e+38
-2.43317e+38
-2.65353e+38
-2.83864e+38
-2.84821e+38
-2.65535e+38
-2.84514e+38
-2.73091e+38
-2.85286e+38
-2.84965e+38
-2.70616e+38
-2.58337e+38
-2.52254e+38
-2.60646e+38
-2.52466e+38
-2.51535e+38
-2.47396e+38
-1.84008e+38
-1.93261e+38
-1.16092e+38
-1.41866e+38
-1.19372e+38
-7.76577e+37
-6.92926e+37
-6.77336e+37
-3.36828e+37
-1.16055e+37
-1.26774e+37
-9.21795e+36
-8.58981e+36
-7.99171e+36
-7.41395e+36
-6.66704e+36
-4.44793e+36
-4.06364e+36
-4.70567e+36
-4.47589e+36
-3.99423e+36
-4.48372e+36
-3.70652e+36
-3.73525e+36
-3.72443e+36
-3.17111e+36
-3.1606e+36
-3.31324e+36
-2.75081e+36
-2.90664e+36
-2.34232e+36
-1.93264e+35
-2.34343e+35
-1.92846e+35
-1.6639e+35
-7.79165e+39
-1.07694e+34
-1.07528e+34
-4.30949e+33
-4.30907e+33
-5.3112e+33
-2.34279e+33
-2.34518e+33
-2.34032e+33
-3.08206e+33
-1.7859e+33
-1.92489e+33
-1.19103e+33
-1.19001e+33
-1.19065e+33
-1.23155e+33
-1.18201e+33
-1.19072e+33
-1.19571e+33
-1.19568e+33
-1.188e+33
-1.18802e+33
-1.18805e+33
-1.18305e+33
-1.1883e+33
-1.18327e+33
-1.18361e+33
-1.18199e+33
-1.16434e+33
-9.44093e+32
-1.13337e+33
-1.16242e+33
-7.99392e+32
-8.31348e+32
-8.5221e+32
-8.32064e+32
-1.08204e+33
-8.47384e+32
-1.17625e+33
-1.0639e+33
-9.95553e+32
-9.95141e+32
1.25311e+34
1.14075e+34
-1.5155e+34
1.59209e+33
-3.33118e+33
7.58562e+33
-1.6402e+34
-1.75856e+34
7.97313e+33
7.89812e+33
-1.14952e+34
-1.26837e+34
-1.30038e+34
-1.23474e+34
-3.19398e+34
-3.24487e+34
-3.19864e+34
-3.26929e+34
-6.55067e+34
-6.53155e+34
-3.44638e+34
8.60874e+33
-3.61031e+34
2.48091e+34
2.53029e+36
2.52736e+36
2.19463e+36
2.53191e+36
2.54838e+36
2.1934e+36
2.5564e+36
1.53905e+36
1.88301e+36
1.51666e+36
1.8852e+36
1.88826e+36
1.74545e+36
1.89916e+36
1.88542e+36
1.87628e+36
1.71268e+36
1.05667e+36
1.07052e+36
1.28643e+36
1.1692e+36
1.18297e+36
1.10744e+36
3.41056e+36
7.1787e+35
4.05254e+36
3.10929e+36
5.56826e+36
4.99866e+36
3.42989e+36
5.08747e+36
5.62143e+36
1.88876e+36
-3.8537e+36
-1.66903e+36
-6.39386e+36
-2.32845e+36
-1.80651e+36
-3.28403e+36
-3.28337e+36
-1.37599e+37
-7.19023e+36
-3.53198e+36
-1.46526e+37
-1.15041e+37
4.69461e+36
1.98498e+37
2.79118e+37
2.46289e+36
2.49563e+37
1.85905e+38
4.05729e+37
1.99772e+38
-8.69462e+37
7.18546e+38
-1.41489e+39
-1.48006e+39
-1.29465e+39
-1.58083e+39
-1.18499e+39
-7.63316e+38
1.47215e+39
-5.93133e+39
-2.93699e+39
-2.63953e+39
-3.30273e+39
-8.68357e+39
-1.02153e+40
-1.37901e+40
-1.19151e+40
1.34852e+41
-2.77362e+40
-8.23819e+39
1.35735e+41
-1.2885e+40
-1.32873e+40
-1.33194e+40
-1.30773e+40
-1.25783e+40
-1.30462e+40
-1.26329e+40
-1.32785e+40
-1.32718e+40
-1.26385e+40
-1.27791e+40
-1.27635e+40
-1.29637e+40
-1.29198e+40
-1.29236e+40
-1.29172e+40
-2.33941e+34
-1.29813e+40
-1.2981e+40
-1.29868e+40
-1.29881e+40
-1.29751e+40
-1.29963e+40
-1.29964e+40
-1.29735e+40
-1.29653e+40
-1.30097e+40
-1.29763e+40
-1.29878e+40
-1.3032e+40
-1.17093e+40
-1.1704e+40
-1.13201e+40
-1.99503e+39
-2.64965e+38
-2.44933e+38
-1.87466e+38
-1.44931e+38
-1.18901e+38
-5.87713e+36
-3.42765e+36
-3.18293e+36
-2.45683e+35
-6.51736e+35
-1.94503e+35
-1.07978e+34
-5.32827e+33
-3.08954e+33
-4.31603e+33
-1.18941e+33
-1.18981e+33
-1.19556e+33
-1.19157e+33
-1.18817e+33
-9.76294e+32
-9.86588e+32
-8.31332e+32
-8.44142e+32
-4.41849e+33
-2.09936e+34
8.06504e+33
-2.04394e+34
8.77324e+33
8.81414e+33
-1.23927e+34
-3.48638e+34
-3.10497e+34
-3.4702e+34
-4.38653e+34
-3.3242e+34
-4.31185e+34
2.54115e+36
2.54901e+36
2.53945e+36
1.5261e+36
1.73202e+36
1.09255e+36
1.70664e+36
1.87395e+36
1.26991e+36
2.49315e+35
9.26284e+35
4.35703e+36
4.70136e+36
3.55153e+36
4.28586e+36
-1.7719e+36
-4.91946e+36
-5.83231e+36
-1.40453e+36
5.06941e+35
2.60117e+37
2.55797e+37
3.30348e+37
3.01229e+37
2.05559e+38
2.96414e+38
1.95493e+38
-1.34226e+39
1.50439e+39
-6.27849e+39
-9.99254e+39
-1.12039e+40
-2.67562e+40
-8.90444e+39
1.34837e+41
-1.3343e+40
-1.29904e+40
-1.27839e+40
-1.2835e+40
-1.30294e+40
-1.67186e+39
-1.30253e+40
-1.29327e+40
-1.29226e+40
-1.27805e+40
-1.29322e+40
-1.30056e+40
-1.29798e+40
-1.29748e+40
-1.29748e+40
-1.29775e+40
-1.29595e+40
-1.29673e+40
-1.29709e+40
-1.29722e+40
-1.29709e+40
-1.29703e+40
-1.29704e+40
-1.29701e+40
-1.29743e+40
-1.29772e+40
-1.29769e+40
-1.29768e+40
-1.29811e+40
-1.29812e+40
-1.29825e+40
-1.29806e+40
-1.29791e+40
-1.29786e+40
-1.29795e+40
-1.298e+40
-1.29768e+40
-1.29772e+40
-1.29784e+40
-1.29782e+40
-1.29898e+40
-1.30037e+40
-1.29969e+40
-1.3017e+40
-1.3018e+40
-1.30179e+40
-1.29895e+40
-1.30099e+40
-1.29774e+40
-5.72287e+38
-3.38157e+38
-2.631e+38
-2.91644e+38
-2.91037e+38
-1.95806e+38
-1.89926e+38
-1.89807e+38
-1.85042e+38
-1.80831e+38
-1.81407e+38
-1.81371e+38
-1.78321e+38
-1.828e+38
-2.65685e+38
-2.82233e+38
-2.83054e+38
-2.88109e+38
-2.91182e+38
-2.8332e+38
-2.90827e+38
-2.80554e+38
-2.9852e+38
-2.80814e+38
-1.66447e+38
-8.6043e+37
-7.34189e+37
-5.10726e+37
-4.80024e+37
-4.06738e+37
-4.61995e+37
-4.0138e+37
-3.25727e+37
-2.33103e+37
-2.53234e+37
-2.2735e+37
-1.52574e+37
-1.39901e+37
-1.79224e+37
-1.19277e+37
-1.08956e+37
-1.09223e+37
-9.61814e+36
-8.72152e+36
-9.05098e+36
-6.93158e+36
-7.03223e+36
-5.9807e+36
-5.71303e+36
-6.39201e+36
-4.89805e+36
-4.72813e+36
-4.67169e+36
-3.20264e+36
-2.97144e+36
-3.02327e+36
-1.9657e+36
-2.02715e+36
-2.02642e+36
-1.45607e+36
-4.68342e+34
-3.04546e+34
-2.88168e+34
-2.87e+34
-2.8709e+34
-3.282e+33
-2.62929e+33
-2.62741e+33
-2.17702e+33
-1.726e+33
-2.02082e+33
-1.59479e+33
-1.69743e+33
-1.70588e+33
-1.58193e+33
-1.2816e+33
-1.23609e+33
-1.23739e+33
-1.28125e+33
-1.22579e+33
-1.20016e+33
-1.19846e+33
-1.19183e+33
-1.1859e+33
-1.18918e+33
-1.19381e+33
-1.18596e+33
-1.17899e+33
-1.17516e+33
-1.18831e+33
-1.17552e+33
-1.15942e+33
-1.15411e+33
-1.12588e+33
-1.13463e+33
-1.1331e+33
-1.02036e+33
-1.02635e+33
-1.06562e+33
-1.15981e+33
-1.17919e+33
-1.16297e+33
-1.07019e+33
-9.22137e+32
-9.52189e+32
-1.11069e+33
-1.13547e+33
-1.14447e+33
-1.17253e+33
-1.24079e+33
-1.67216e+33
-1.73595e+33
-7.78997e+39
-2.7854e+33
-1.74145e+33
-2.20149e+33
-2.86598e+33
-3.6344e+33
-6.86002e+33
-1.89408e+34
-1.91542e+34
-1.78966e+34
8.9971e+33
7.99239e+33
8.66232e+33
8.55378e+33
-1.99476e+34
-1.92252e+34
-1.9236e+34
-2.13463e+34
-1.93552e+34
-2.37068e+34
-4.53902e+34
-3.65234e+34
-6.9627e+34
-7.19898e+34
-6.35236e+34
-4.02335e+34
-5.3189e+34
-7.87852e+34
-5.11899e+34
-7.79576e+39
-4.40063e+34
2.53374e+36
2.1903e+36
-1.06138e+39
1.60591e+36
1.76987e+36
1.52704e+36
1.51841e+36
-1.05616e+39
1.61194e+36
1.72425e+36
1.40985e+36
1.25612e+36
7.63725e+35
7.79769e+35
9.05313e+35
1.2628e+36
-3.44692e+35
-5.28247e+35
-1.6832e+36
-1.70893e+36
-1.71023e+36
-1.29904e+36
-1.39578e+36
-1.35743e+36
-1.00991e+36
-1.21413e+36
-1.07222e+36
-9.1302e+35
-1.12187e+36
-1.65545e+36
-1.47008e+36
-2.94965e+36
-3.70248e+36
-5.3097e+36
-7.49544e+36
-7.33894e+36
-9.27845e+36
-7.14958e+36
-7.98956e+36
-8.73848e+36
-9.07314e+36
-1.26792e+37
-1.11141e+37
-1.10582e+37
-1.75298e+37
-2.65418e+37
-2.16081e+37
-5.4899e+37
-3.88773e+37
-1.05401e+39
-5.50488e+37
-1.44921e+38
-1.89897e+38
2.043e+39
1.42113e+39
1.9943e+39
-1.32703e+40
-1.323e+40
-1.32544e+40
-1.32973e+40
-1.32451e+40
-1.33293e+40
-1.32385e+40
-9.11588e+39
-2.73126e+40
-1.29972e+40
-1.05972e+39
-1.29936e+40
-1.29875e+40
-1.29973e+40
-1.2996e+40
-1.29876e+40
-1.29965e+40
-1.29978e+40
-1.56034e+33
-1.29939e+40
-1.29945e+40
-1.29945e+40
-1.29909e+40
-1.29875e+40
-1.29904e+40
-1.29901e+40
-1.29784e+40
-1.29886e+40
-1.2982e+40
-1.29806e+40
-1.29802e+40
-9.2397e+35
-1.88556e+33
-1.80982e+33
-2.70228e+38
-3.33403e+38
-2.71537e+38
-1.29797e+40
-1.29792e+40
-1.29796e+40
-1.29809e+40
-1.29722e+40
-1.29795e+40
-1.29806e+40
-1.29839e+40
-1.29843e+40
-1.29855e+40
-1.29848e+40
-1.29852e+40
-1.29854e+40
-1.29849e+40
-1.29874e+40
-1.29858e+40
-1.2988e+40
-1.29854e+40
-1.29779e+40
8.34081e+35
-1.29855e+40
-1.29863e+40
-1.29854e+40
-1.29951e+40
-1.30184e+40
-1.30197e+40
-1.30173e+40
-1.30034e+40
-1.16948e+40
-1.0007e+40
-1.00581e+39
-5.34331e+38
-4.75376e+38
-4.74099e+38
-2.89428e+38
-2.56755e+38
-2.67268e+38
-2.68494e+38
-2.57693e+38
-2.3646e+38
-1.94173e+38
-1.20813e+35
-2.79923e+34
-5.02664e+34
-2.22043e+34
-1.02897e+35
-2.57373e+38
-2.59076e+38
-2.98785e+38
-2.6858e+38
-3.11551e+38
-3.06443e+38
-3.1192e+38
-3.08769e+38
-3.20337e+38
-3.16706e+38
-2.37731e+38
-2.91251e+38
-1.05728e+38
-7.61024e+37
-6.83683e+37
-6.32142e+37
-5.36208e+37
-4.55001e+37
-3.54415e+37
-3.80157e+37
-3.69728e+37
-4.33655e+37
-2.86898e+37
-2.55598e+37
-2.04156e+37
-2.10597e+37
-1.14365e+37
-1.0703e+37
-1.349e+37
-1.83495e+37
-1.02257e+37
-8.70622e+36
-1.19184e+37
-7.11607e+36
-7.98972e+36
-5.02497e+36
-5.29188e+36
-4.82774e+36
-3.52815e+34
-6.52626e+36
-4.20308e+36
-4.05582e+36
-4.28176e+36
-3.58984e+36
-3.07679e+36
-3.01192e+36
-2.94058e+36
-2.15596e+36
-1.67052e+36
-1.56874e+35
-2.32711e+36
-1.12811e+36
-1.09813e+33
-1.13565e+33
-2.66332e+34
-2.86809e+34
-2.61467e+34
-4.37465e+33
-1.77318e+34
-7.05256e+33
-3.71536e+33
-3.36548e+33
-3.28422e+33
-3.73333e+33
-2.05044e+33
-2.3902e+33
-2.01661e+33
-1.9373e+33
-1.78464e+33
-1.69445e+33
-1.82182e+33
-1.6264e+33
-1.60973e+33
-1.60112e+33
-1.28531e+33
-1.27434e+33
-1.49164e+33
-1.52178e+33
-1.27463e+33
-1.23025e+33
-1.22874e+33
-1.19927e+33
-1.22626e+33
-1.21768e+33
-1.20755e+33
-1.20185e+33
-1.19982e+33
-1.19947e+33
-1.20332e+33
-1.20302e+33
-1.2038e+33
-1.18569e+33
-1.19045e+33
-1.1933e+33
-1.19712e+33
-1.16584e+33
-1.17673e+33
-1.16427e+33
-1.12851e+33
-1.15498e+33
-1.16095e+33
-1.12946e+33
-1.06143e+33
-1.11329e+33
-2.61052e+33
-2.82048e+33
-2.86133e+33
-1.16134e+33
-1.19619e+33
-1.19331e+33
-1.18968e+33
-1.17061e+33
-1.1604e+33
-1.17251e+33
-1.17673e+33
-1.17501e+33
-1.2082e+33
-1.20513e+33
-1.19988e+33
-1.17468e+33
-1.20984e+33
-1.21832e+33
-1.21739e+33
-1.50701e+33
-1.26618e+33
-1.68662e+33
-1.62308e+33
-1.7334e+33
-1.6517e+33
-1.68327e+33
-1.68902e+33
-7.0557e+33
-3.41102e+33
-1.8528e+34
-7.13507e+33
-4.0132e+35
-2.08433e+34
-2.30487e+34
-2.17122e+34
-1.80631e+34
-2.56464e+34
-2.37815e+34
-1.92718e+34
-2.71833e+34
-7.58317e+34
-7.50842e+34
-1.32567e+35
-5.54667e+34
-1.59586e+35
-1.36614e+35
-2.51035e+35
-2.21388e+35
-2.56746e+35
-7.11982e+34
9.15237e+35
1.17736e+36
1.32719e+36
1.35302e+36
1.36552e+36
1.35165e+36
-1.36984e+39
-1.3725e+39
-6.79358e+38
-1.17983e+39
-4.26201e+35
-5.23003e+35
-3.43061e+35
8.98044e+35
-5.88331e+35
-6.32049e+35
-5.14383e+35
-6.34659e+35
-2.23028e+36
-2.37353e+36
-1.13687e+36
-2.38857e+36
-1.50243e+36
-1.12325e+36
-2.77202e+36
-2.92147e+36
-9.25178e+35
-2.79756e+36
-3.49947e+36
-3.2151e+36
-3.29495e+36
-4.45418e+36
-4.06291e+36
-1.52782e+36
-4.22764e+36
-6.18609e+36
-6.06496e+36
-6.48695e+36
-8.67449e+36
-7.46693e+36
-8.19093e+36
-7.85713e+36
-8.89941e+36
-4.03922e+35
-1.21669e+37
-1.0934e+37
-9.66724e+36
-1.93894e+37
-2.35497e+37
-1.15714e+37
-2.1832e+37
-1.27368e+37
-2.78525e+37
-2.57082e+37
-1.14579e+37
-3.76257e+37
-2.1121e+37
-4.77534e+37
-4.85863e+37
-4.96745e+37
-5.88257e+37
-7.68497e+37
-9.11301e+37
-3.9819e+37
-5.56462e+37
-1.39579e+38
-1.3026e+40
-1.77167e+39
-1.29814e+40
-1.28863e+40
-1.31612e+40
-1.30835e+40
-1.3184e+40
-1.30373e+40
-1.31278e+40
-1.31302e+40
-1.34498e+40
-1.60576e+40
-1.30393e+40
-1.30374e+40
-1.30334e+40
-1.30205e+40
-1.30004e+40
-1.3e+40
-1.30005e+40
-1.2995e+40
-1.29944e+40
-1.29971e+40
-1.29945e+40
-1.29946e+40
-1.29943e+40
-1.29899e+40
-1.2993e+40
-1.29915e+40
-1.29919e+40
-1.29888e+40
-1.29899e+40
-1.29874e+40
-1.29901e+40
-1.29895e+40
-3.88749e+35
-5.38079e+35
-2.81358e+33
-2.20825e+33
-2.79096e+33
-2.71145e+33
-1.67012e+33
-1.67693e+33
-1.67109e+33
-2.63355e+38
-2.64074e+38
-1.30575e+33
-2.65364e+38
-2.55692e+38
-6.78402e+38
-5.67939e+38
-2.73121e+38
-3.00264e+38
-1.29832e+40
-1.29869e+40
-1.29821e+40
-1.29852e+40
-1.30182e+40
-1.30435e+40
-1.30126e+40
-1.30354e+40
-1.24784e+33
-1.23449e+33
-1.2736e+33
-1.24546e+33
-1.21613e+33
-1.29867e+40
-1.29878e+40
-1.29859e+40
-1.29894e+40
-1.299e+40
-1.29861e+40
-1.29903e+40
-1.29848e+40
-1.29912e+40
-1.29914e+40
-1.2991e+40
-1.29912e+40
-1.2996e+40
-1.29986e+40
-1.29872e+40
-1.30009e+40
-1.30168e+40
-2.64348e+38
-2.61032e+38
-2.60569e+38
-2.96275e+38
-4.74031e+35
-5.00537e+35
-4.43637e+35
-5.14738e+35
-2.68801e+38
-2.62808e+38
-2.67085e+38
-3.43686e+38
-3.47261e+38
-3.23712e+38
-3.18918e+38
-3.51055e+38
-3.16238e+38
-3.30941e+38
-3.17866e+38
-2.48984e+38
-2.50004e+38
-2.71277e+38
-8.55602e+37
-7.53491e+37
-2.7535e+37
-1.65383e+37
-1.07791e+37
-1.45967e+37
-1.01696e+37
-5.88177e+36
-8.11018e+36
-4.5421e+36
-4.66011e+36
-3.3894e+36
-2.91665e+36
-2.43837e+36
-2.33443e+36
-2.37656e+36
-1.29887e+40
-1.29876e+40
-3.49706e+34
-3.7278e+34
-2.5731e+34
-2.02695e+34
-1.74617e+34
-8.16215e+33
-3.61643e+33
-3.52918e+33
-3.46731e+33
-3.13953e+33
-2.95524e+33
-2.86656e+33
-2.76805e+33
-2.53324e+33
-1.81066e+33
-1.6499e+33
-1.61596e+33
-1.66198e+33
-1.71348e+33
-1.22888e+33
-1.53725e+33
-1.34821e+33
-1.20504e+33
-1.20877e+33
-1.21943e+33
-1.20881e+33
-1.19692e+33
-1.19629e+33
-1.19092e+33
-1.174e+33
-1.19876e+33
-1.1972e+33
-1.18334e+33
-1.21043e+33
-1.1954e+33
-5.24424e+35
-4.20933e+35
-4.32113e+35
-1.21362e+33
-1.21944e+33
-1.2418e+33
-1.2068e+33
-1.22235e+33
-1.27662e+33
-1.58019e+33
-3.78813e+35
-1.32828e+35
-3.52764e+35
-3.84042e+35
-4.14546e+35
8.33283e+35
-4.201e+35
-1.30621e+36
-1.30246e+40
-1.3081e+40
-1.30302e+40
-1.30038e+40
-1.30295e+40
-1.30209e+40
-1.30191e+40
-1.30008e+40
-1.30038e+40
-1.29964e+40
-1.29936e+40
-1.2993e+40
-1.29947e+40
-1.29917e+40
-1.29901e+40
-1.21265e+33
-1.59919e+35
-3.91432e+35
-1.62113e+35
-2.62515e+38
-1.29898e+40
-1.19937e+35
8.8789e+35
-1.30543e+40
-8.99497e+34
-1.20718e+33
-1.21334e+33
-1.30086e+40
-1.29989e+40
-1.22055e+33
-1.30837e+33
-1.21394e+33
-1.20967e+33
-7.10868e+36
-4.63968e+34
-5.91756e+34
-3.13413e+34
1.31064e+36
7.78975e+35
-4.07655e+37
-2.39829e+37
-8.22413e+37
-1.34807e+40
-1.32583e+40
-1.3201e+40
-1.29244e+40
-1.29937e+40
-1.29895e+40
8.86712e+35
-2.70194e+38
-1.29856e+40
-1.29851e+40
-1.30166e+40
-1.75296e+37
-1.04303e+37
-1.2988e+40
-2.3172e+36
-1.90917e+36
-1.65961e+33
-1.27642e+33
-1.51839e+33
-1.20816e+33
-1.2249e+33
8.3992e+35
-4.76832e+35
-3.2084e+33
-3.93123e+33
-2.87104e+33
-2.36833e+34
-2.09259e+34
-2.28602e+34
-2.46574e+34
-1.22777e+36
-2.31577e+37
-2.10205e+37
-5.26567e+37
-1.29986e+40
-1.31071e+40
-1.30685e+40
-1.29919e+40
-1.29914e+40
-1.97017e+35
-3.47172e+35
-1.30161e+40
-1.79858e+34
-5.67487e+36
-1.61825e+37
-1.29919e+40
-4.27284e+37
-3.88476e+35
-1.26598e+33
-1.55479e+33
-1.29887e+40
-1.29895e+40
-4.84132e+35
-1.29264e+40
-1.29275e+40
1.71911e+36
-4.03202e+33
-1.06147e+33
-1.29897e+40
-1.53443e+36
-3.34743e+36
-1.79058e+38
-1.29925e+40
-1.31192e+40
-1.59782e+33
-1.29886e+40
-1.29927e+40
-2.68498e+38
-1.29978e+40
-2.49576e+38
-1.29992e+40
-3.38362e+36
-5.32658e+33
-1.19125e+33
-1.19124e+33
-8.30622e+32
-1.82871e+34
-1.19796e+34
-1.25404e+34
-3.12654e+34
1.88341e+36
3.34873e+36
-5.14665e+37
-9.24876e+35
-3.92897e+37
-2.24854e+37
-1.13231e+37
2.35028e+37
3.73392e+36
1.92068e+38
-1.4564e+39
-5.22041e+36
-1.10422e+39
-1.75143e+39
-6.12753e+39
-1.32999e+40
-3.07766e+36
-1.31786e+40
-2.86796e+36
-1.30462e+40
-1.29262e+40
-7.4696e+38
-1.26724e+40
-1.29193e+40
-2.29181e+39
-1.29879e+40
9.16296e+33
8.51039e+35
-4.78889e+35
-2.64596e+37
2.11875e+38
-1.36731e+40
-1.33808e+40
-1.29201e+40
-4.11663e+35
-1.29941e+40
-1.30312e+40
-1.29944e+40
-6.65227e+37
-7.95077e+36
-7.08085e+36
-1.65306e+33
-1.27827e+33
-1.22838e+33
-1.9288e+34
-5.0071e+34
-5.4251e+34
1.35807e+36
9.00732e+35
-1.64621e+36
-2.77082e+37
-7.72035e+37
2.10779e+39
-1.33192e+40
-1.31783e+40
-1.32755e+40
-1.29943e+40
-4.0979e+35
-1.29797e+40
-1.29893e+40
-2.70798e+38
-1.29865e+40
-3.53339e+34
-1.29853e+40
-1.29873e+40
-3.09916e+38
-2.41528e+34
-7.56897e+37
-1.00985e+37
-6.29002e+36
-2.23191e+36
-1.77412e+36
-2.30467e+36
-3.94952e+33
-1.22544e+33
-1.21819e+33
-1.29623e+40
-1.2962e+40
-1.29637e+40
-1.29658e+40
-1.31307e+34
-1.1902e+34
-1.16485e+34
-1.23266e+34
)
;

boundaryField
{
    Wall
    {
        type            zeroGradient;
    }
    Inlet
    {
        type            zeroGradient;
    }
    Outlet
    {
        type            fixedValue;
        value           uniform 0;
    }
    Empty
    {
        type            empty;
    }
}


// ************************************************************************* //
