/*--------------------------------*- C++ -*----------------------------------*\
| =========                 |                                                 |
| \\      /  F ield         | OpenFOAM: The Open Source CFD Toolbox           |
|  \\    /   O peration     | Version:  2312                                  |
|   \\  /    A nd           | Website:  www.openfoam.com                      |
|    \\/     M anipulation  |                                                 |
\*---------------------------------------------------------------------------*/
FoamFile
{
    version     2.0;
    format      ascii;
    arch        "LSB;label=32;scalar=64";
    class       vectorField;
    location    "1.09995/lagrangian/kinematicCloud";
    object      U;
}
// * * * * * * * * * * * * * * * * * * * * * * * * * * * * * * * * * * * * * //


150
(
(-0.0518108 0.00892773 -0.0117069)
(2.96734 0.872879 -0.0143321)
(2.91536 0.866328 0.0214238)
(2.96734 0.872879 -0.0143321)
(2.96734 0.872879 -0.0143321)
(3.02323 0.913411 0.143755)
(2.45728 0.783821 -0.0180125)
(2.7123 0.837753 0.0593204)
(3.38897 1.00803 0.129854)
(2.48125 0.771727 0.176779)
(3.46291 1.01526 -0.118608)
(3.38897 1.00803 0.129854)
(2.45728 0.783821 -0.0180125)
(2.51834 0.773988 -0.177801)
(2.42391 0.72945 -0.150493)
(2.38666 0.726834 0.148961)
(3.06389 0.927173 0.156392)
(3.05351 0.912825 -0.145021)
(2.97959 0.881375 0.167359)
(1.21667 0.634074 -0.0244355)
(1.85235 0.612624 -0.207141)
(2.5819 0.774086 -0.197196)
(1.71176 0.56046 0.161809)
(1.30408 0.636909 0.0107942)
(1.14698 0.538586 -0.00915144)
(1.21667 0.634074 -0.0244355)
(1.09012 0.451381 -0.219884)
(1.08388 0.530824 0.00463581)
(1.08388 0.530824 0.00463581)
(1.75262 0.326515 -0.153557)
(1.30408 0.636909 0.0107942)
(1.08388 0.530824 0.00463581)
(0.218458 0.344973 0.102688)
(0.252129 0.514251 -0.196177)
(1.14698 0.538586 -0.00915144)
(1.07746 0.352216 -0.235111)
(1.03565 0.348606 0.232964)
(1.14464 0.168343 0.168668)
(0.405651 0.395479 -0.00505011)
(0.273062 -0.0509792 -0.0628981)
(0.0666765 -0.0211226 -0.0316267)
(0.405651 0.395479 -0.00505011)
(0.459904 0.40029 0.000637998)
(0.0412817 0.303299 -0.11094)
(0.2608 0.341446 -0.120415)
(-0.136037 -0.0412534 0.100931)
(-0.719956 0.0783669 0.020374)
(0.405651 0.395479 -0.00505011)
(0.405651 0.395479 -0.00505011)
(0.143993 -0.058245 0.106904)
(-0.142094 -0.0412669 -0.104954)
(1.60728 0.301208 -0.149026)
(0.405651 0.395479 -0.00505011)
(0.2608 0.341446 -0.120415)
(0.227425 -0.00965997 0.0310056)
(1.60728 0.301208 -0.149026)
(0.459904 0.40029 0.000637998)
(2.64521 2.48697 -0.339225)
(-0.187963 -0.0103653 -0.206626)
(2.208 0.483232 -0.280129)
(1.79738 -0.671588 0.873055)
(0.147573 -0.563834 -0.346034)
(1.16872 -1.05696 0.122832)
(0.0925782 0.0240584 -0.00253053)
(4.33835 2.44661 0.0186148)
(0.632496 0.626882 0.0105419)
(3.58019 0.684817 -0.0127941)
(3.59786 0.705955 0.0139977)
(3.58019 0.684817 -0.0127941)
(3.58019 0.684817 -0.0127941)
(3.59786 0.705955 0.0139977)
(3.59786 0.705955 0.0139977)
(3.84118 0.945076 -0.0227079)
(3.96512 1.07118 -0.0567924)
(3.93765 1.01429 -0.0361449)
(3.85887 0.961293 0.0181326)
(3.59786 0.705955 0.0139977)
(3.82432 0.856708 -0.137549)
(3.71967 0.783544 0.137893)
(3.69025 0.751775 -0.143433)
(3.96748 1.0845 0.0511304)
(3.85887 0.961293 0.0181326)
(3.84118 0.945076 -0.0227079)
(3.69908 0.833408 0.0114344)
(3.86965 0.944267 0.113758)
(3.60434 0.941363 -0.00932809)
(3.96748 1.0845 0.0511304)
(3.37491 0.531405 0.00150599)
(3.80984 0.958982 -0.0970369)
(3.90021 1.10318 0.0710038)
(3.40268 0.555483 -0.00707616)
(3.57781 0.945183 0.0189696)
(3.71289 0.818086 -0.0322696)
(3.50326 0.633104 -0.123044)
(3.50326 0.633104 -0.123044)
(3.32785 0.500395 0.0657356)
(3.10228 0.33404 0.0287215)
(3.86774 1.09906 0.0727349)
(3.31218 0.926717 0.0192072)
(3.28085 0.46573 -0.0678689)
(3.32785 0.500395 0.0657356)
(3.6138 0.954957 -0.0786026)
(3.72689 1.0817 0.0922294)
(3.32785 0.500395 0.0657356)
(3.32785 0.500395 0.0657356)
(3.28085 0.46573 -0.0678689)
(3.22395 0.514663 0.111175)
(3.32785 0.500395 0.0657356)
(3.6138 0.954957 -0.0786026)
(3.72217 1.11284 0.0876064)
(3.6138 0.954957 -0.0786026)
(3.85333 1.12022 -0.0713103)
(3.09147 0.365927 -0.00331669)
(2.09335 -0.265213 -0.0413486)
(3.13702 0.35844 -0.0441969)
(3.46 0.83428 0.202344)
(3.67848 1.06634 0.0892432)
(3.85333 1.12022 -0.0713103)
(3.68461 0.957206 -0.195967)
(2.09799 0.0683353 0.334079)
(2.84671 0.170022 -0.0964527)
(2.87148 0.145068 -0.0935836)
(2.87148 0.145068 -0.0935836)
(2.61302 0.0540386 -0.116436)
(1.90849 -0.00711567 -0.337943)
(2.65169 0.0351217 -0.112655)
(3.13702 0.35844 -0.0441969)
(2.61302 0.0540386 -0.116436)
(3.10228 0.33404 0.0287215)
(2.389 0.400915 0.36681)
(2.35073 0.324395 -0.350949)
(2.20247 0.149963 -0.324857)
(2.65169 0.0351217 -0.112655)
(3.13702 0.35844 -0.0441969)
(1.9164 -0.0125826 0.340618)
(2.61302 0.0540386 -0.116436)
(1.90849 -0.00711567 -0.337943)
(2.73415 -0.0900721 0.113824)
(2.73415 -0.0900721 0.113824)
(2.65169 0.0351217 -0.112655)
(2.65169 0.0351217 -0.112655)
(1.92056 -0.369243 0.136276)
(2.4568 -0.186788 0.104436)
(2.15387 -0.345203 0.137715)
(2.15387 -0.345203 0.137715)
(2.52955 -0.158636 -0.11188)
(2.61065 0.0213751 0.0741388)
(3.57781 0.945183 0.0189696)
(1.92056 -0.369243 0.136276)
(-0.416734 -0.559514 0.0918659)
)


// ************************************************************************* //
