/*--------------------------------*- C++ -*----------------------------------*\
| =========                 |                                                 |
| \\      /  F ield         | OpenFOAM: The Open Source CFD Toolbox           |
|  \\    /   O peration     | Version:  2312                                  |
|   \\  /    A nd           | Website:  www.openfoam.com                      |
|    \\/     M anipulation  |                                                 |
\*---------------------------------------------------------------------------*/
FoamFile
{
    version     2.0;
    format      ascii;
    arch        "LSB;label=32;scalar=64";
    class       volScalarField;
    location    "3.5";
    object      p;
}
// * * * * * * * * * * * * * * * * * * * * * * * * * * * * * * * * * * * * * //

dimensions      [0 2 -2 0 0 0 0];

internalField   nonuniform List<scalar> 
2958
(
-36696
-29423.5
15730.9
-59462.5
-35872.6
16526
-32638.6
-36264
-12731.1
-38960.5
-35434.8
-29424.1
-37957.6
-29432
-37524.9
-35579.4
-32857.4
-37851
-29427.2
-38205.4
-29119
-31944.6
-28871.7
-38666.2
-37917.4
-36953.1
-22476.5
-39892.3
-33567.4
-35634.1
-36855
-36817.7
-29461.2
-16148.6
-31827.1
-43330.4
-29430.2
-29071.3
-38292.8
-41699.9
-306988
-37837.8
-32003.2
-36415.1
-29424
-20267.3
-35086.2
-31191.2
-49254.1
-34274.6
-36138.9
-31924.1
-41149.6
-35202.9
-36217.6
-87285.2
-38083.9
-38625.3
-36724.3
-58355.2
-39149.5
-38148.3
-29695.7
-35659.8
-29438.4
-29432.6
-35218
-29857.7
-23086.3
-41515.3
-31882.6
-29421.6
-28439.1
-36891.8
-29447.3
-35345.8
-39308.8
-29479.7
-29383.8
-36099.4
-37859.8
-34425
-40186.7
-40878
-38176.9
-36114.3
-34593.5
-36170.7
-29422.7
-29436.6
-30988.9
-28871.3
-34594.4
-29424.5
-25627.6
-42595.6
-42287
-59397.8
-29433.5
-29427.9
-59309.2
-36731.4
-42619.3
-30773.4
-29493
-31324
-29419.2
-50417.1
-29446.1
-37650.4
-96038.4
-36242.6
-29402
-38118.2
-29430.8
-29434.5
-35974.1
-36419.2
-32236.4
-36531.4
-43194.5
-29423
-34559
21794.4
-42925.8
-38496.6
-42340.8
-31257.8
-36805.9
-29419.8
-29418.1
-29387.6
-36457.2
-29438.7
-29422
-29437.9
-38189
-37836.2
-29430
-29432.3
-38808.8
-32021.2
-29162.6
-29457.9
-36789.9
-30899.7
-29433.4
-29425.7
-30567
-29424.5
-38249.4
-42735.7
-38637.7
-30242.6
-38025.3
-29452.5
-28792.9
-36892.9
-31154.4
-65187.5
-38483.8
-39598
-37576
-29427.9
-42988.6
-43174.3
-26007.1
-29433.8
-46877.9
6464.34
-38098.2
-29419.6
-29643
-33358.1
-29465.2
17957.9
-35851.1
35099.6
-20766.7
-23419.2
-27295.8
-31220.8
-37615.5
-125924
-30179
-31214
-30047.1
-29445.8
-33027.6
-53915.8
-33627.1
-32282.1
50706.1
-42435.1
-27248
-33195.2
-29064.5
-38928.1
-35975.6
-92282.4
-39999.2
-29437
-36754.4
24793.6
-104900
43874.9
-31380.9
43106.4
-33805.1
-51510
-29431.8
-29431.9
-29438.7
-29758.7
-29435.1
18897.3
-35667.9
-29433.9
-29435
-29432.4
-29413.4
-32265.8
-31439.5
-30964.1
-200520
-35954.8
-40115.2
-29435.9
-24155.7
-31495.6
-30808.6
-38667.1
-32551
-35104.3
-33447.4
-29409.4
-29482.3
-36707.8
-29486.8
-7105.79
-29469.5
-7997.35
-51431.3
-39817.3
-37070.9
-95326.8
-33749.6
-38114.3
-35776.3
-36688.3
-40778.9
-37330.3
-36604
56322
-59210.3
-26979.5
-36192.6
-31393.3
-36652.1
-33132.6
-36247.7
-29242
-37130
-8768.05
-35791.8
-34728.8
-37552.6
-36811.6
-29344
-28928.4
-29430.1
-32486.2
-36317.1
-29416.9
-29839.1
-36835.4
-29431.2
-33262.8
-29438.7
-30767.2
-29430.9
-29439.6
-35613.7
-36271.3
-34841.2
-29428.6
-30775.9
-79828.4
-103077
-35486.7
-38406
-31608.7
-29429.8
-29425.6
-38515.6
44535.8
-29431.6
-36201.6
-29432.3
-37972.5
-37174.8
-35608.9
-31546.5
18928.7
-38944.7
3740.25
-65085
-29239
-35958.3
-36529.5
-29444.8
-36436.9
-35887.4
-29441.3
-30398.7
-199410
-37701
-31866
-32758.7
-37025
-32999
-34819.4
-36832.1
-27081.1
8534.19
-28938.5
-36257.4
-29422.8
-98578.1
-251305
-34413.3
-37716.5
-29420.8
-29429.9
1589.7
-29430
77221.4
-105863
79194.4
-29443.6
-36176.6
-30649.7
-35283.4
-34861.8
-29448.3
-31275.1
-29448.6
-36036.3
-40375.7
-38927
-44647.5
-37485.5
-43222.6
-40560.2
-24056.2
-36186.5
-29432.1
-36907.1
-47487.8
-36528.1
-251758
-36982
-47584.6
-21827
-37549.3
-39842
-31981.6
-79771.7
-53804
-37699.4
-42737.6
-36341.2
-29432
-49917.7
-36086.6
-30432.3
-36113.4
-39371.8
-35876.8
-33741
-39180.4
-34180.7
-29416.5
-36855
-33847
-29599.2
-37166.2
-39116.3
-28630.5
-29412.9
-38709.3
-29430.8
-28848.3
-32142.4
-34453.1
153374
-251655
-29431.5
-29426.1
-35781.9
-36890.8
-36116.6
-31211.2
-57647.1
-35952.8
-36795.2
-28196.3
-36162.8
-36660.2
-40290.5
-37880.2
-37851.5
-35520.5
-32807.1
-31571.2
-35568.3
-36464.8
-103167
-36443.1
-36452.7
-29424.3
-28602.5
-30470.3
-25632.5
-37721.2
-29058.4
-28010.9
-37724.4
-36515.5
-29704.6
-36253.1
-35378.2
-29286.6
-40763.3
-39040.3
-35134.6
-30791.1
-39951.3
-38795.8
-29438.4
-31702
-31277.2
-36237.8
-43219.2
49236.2
-30215.7
-29422.3
-27135.8
-29475
-34534.2
-29458.4
-38285.3
-30865
-26731.6
-38453.3
-43074.8
-29430.9
-36505.6
-31592.5
-29431.8
-32077.6
-59757.1
-39614.7
-37065.4
-36208.7
-32002
-19875.9
-34806
-36202
-29962.8
-36899.2
-29424.3
-37334.6
-18417.4
-36168.8
-31647.9
-34422.3
-34763.5
5457.71
-35180.5
-37837.7
-28364.7
-29437.5
-27280.7
-29204.3
-36564.1
-37267
-34654.3
4883.43
-36570.8
-24981.7
-31398.4
-52432.1
-36483.5
-33092.2
-35492.2
-38023.8
-29448.4
-29471.1
-29427.8
-35496.6
-29456.4
-29437.3
-38862.4
-39467
-29430
-64463.2
-22934.8
-44520.2
-40987.3
-29418.4
-29428.9
-36671.9
-29433
-36073.7
-36098.8
1823.99
-39677.8
-32915.1
-39569.9
-29249.2
-33502.7
-36644.6
-19864.2
-36011
-36004.8
10030.9
-29225.6
-35169.1
-45253.1
-35180.9
-29451
-30261.5
-29420.6
-33145.6
-31843.8
-31842
-32176.1
-38550
-35219.6
-37220.5
-35734.2
-29425
-35477.5
-29425.2
-33022.7
-35093.1
-28888.1
-29430.2
41998.7
-29435.1
-29429.2
-29903.1
-37755.3
362109
-37416.7
-37210.9
-36506.7
-35852.1
-38431.8
-36596.8
-28321.3
-35748.4
-36624.2
-36404.2
-36134.9
-29439.2
-36207.3
-5574.93
-36189.9
-37985.6
-36509.5
-29448.1
-29458.3
-29585.2
-14694.9
-29473.2
-35658.4
-29434
-37584.5
-31169.8
-30368.8
-35181.6
-24462.4
-38943.6
-29249.9
-29496.1
-29428.4
-30337.2
-37440.8
-29431.6
-29436.5
-36506.5
-40230.8
-29066.3
-43940
-34970.1
-42645.5
-36365.4
-29399.4
-29421.4
-36708.3
-29586.9
-39003.8
-19314.8
-36857.4
-39068.9
-41768.3
-28301.5
-29429.9
-35982.3
-34035.2
-29439.8
-29431.3
-35005.4
-39398.3
-30559.1
-29733.9
-29423.9
-18123.8
-35984.6
-55272.6
-37226.8
-31631.6
-36884
-29422.4
-37753.1
-36575.5
-35882.1
-29433.2
-42213
-29433.5
-32886.6
-29432.4
-34138.6
-35873
-29643.3
-23444.8
-38357.7
-28622.7
-29421.3
-37694.3
-39598.2
-29641.3
-36363.3
-39170.5
-31409.5
-29390.7
-35813.8
-29429.6
-29442.1
-43394.3
-43280.8
15083.1
-37353.5
-32291.7
-30286
-28202.4
-60743.4
-37270.8
-36907.1
-28169.4
-29434.9
-29540.7
-29337.4
-29439.3
-31273.2
-29472
-36972.9
-34740.6
-37614.6
-33039.2
-105855
-106956
62446.6
-27745.3
-36333
-75977.9
-29393.6
-29429.7
-35042.7
-37722.4
-29429
-28778.8
-29440.2
-32522.5
-30694.4
-36110.8
-37913.3
-30631.2
-29418.2
-26742.2
-38629.8
-38952.4
-36673.1
-28638.3
-36727.2
-38101.6
-36592.5
-29373.7
-29437.5
-38376
-35886.3
-40835
-38010.5
-34988.1
-36123.2
-73099.8
-39234.5
-35371.9
-38500.5
-33039.7
-33118.4
-36580.2
-40290.4
-38549.9
-40056.7
-36383.4
-41715.8
-34829.7
-22890.9
-29380.6
-32391.7
-37856.5
-29439.7
-25579.9
-29436.4
-172899
-31204.5
-29404.9
-39839.3
-95945.3
-42527.3
-29575.6
-27145.4
-41341.4
-37556.2
-36726.7
-29125.9
-29359
-36684.7
-30102.9
-158168
-36938.2
-36528.8
-28626.4
-43404.1
-30724.2
42323
-45537.9
-59843.8
-27405.5
-29423.6
-82445
45319.7
37534.5
-35877
-38066
-39322.9
-33023.5
-29434.6
-29430.9
-29430.4
-42862.5
-31601.9
-29433.6
-36614.4
-29434.4
-43101
-29337.6
-29515
-26243.1
44077.5
-39074.5
-29433.3
-29436.7
-40521.2
-38419.2
-29426.5
-29431.4
-30350.6
-29431.3
-58312.6
-38640.8
-29612.4
-32521.8
-36606.8
-29410.9
-29404.7
-36404.3
-36459.3
-42079.8
-36358.1
-36833.3
-23635.4
-35175.9
-28634.8
-35829.9
-36365
-38189.5
-23851.8
-29463.3
-39026.7
-50461.7
-36139.5
-40453
-37652.4
-35039.7
-29719.6
-38553.9
-33463
-32816.6
-38099.8
-29436.2
-34609
-40279.2
-36680.6
-36135
-10626.5
-71230.7
-38015.1
-35561
-37785.4
-47464
-35916.7
-25857.3
-35299.1
-38954.6
-26133.9
-38975.5
-30149.5
-36130.1
-36719
-96698
-36534.5
-29551.5
-40747.4
-29432.8
-61638.9
-34996.9
-41164.9
-36965.5
-29443
-29067.6
-29420.5
-35122.7
-36888.4
-25316.8
-36227.1
-38095.9
-36571.2
-37611.6
-39723.7
-11324
-30354
-39623.5
-31465.7
-29448.7
-38238.5
-39706.1
-34021
-15531.2
-37815.9
-35839.2
-51751.1
-25223.1
-37295
-39241.3
-29503.5
-34603.8
-40187.7
-29428.4
-29212
-111223
-65358.6
361562
-37030.3
-29429.9
-29077.3
-35809
-29431.5
-29431.4
-29429.8
-39879
-36596
-33900.9
-32196.3
-20570.9
-35861.8
-31541.6
-104164
-36286.7
-32626
-29433.3
-30980.2
-39294.6
-35789.7
-38053.4
-32551.9
-41227.2
-25167.8
-157718
-29434.2
-39647.8
-30142.6
-32230.5
-31633.3
-14066.8
-35570.4
-29400.2
-37902.3
-32741.6
-35665
-39394.4
-40138.8
-40056.5
-39456.4
-29290.9
-31344
-35348.3
-38591.1
-32002.6
-41916.7
-36146.8
-35434.8
-33580.7
23110.2
-34341.7
-33128.3
-29689.3
-29214
-40880.4
-29930
-32750.8
-35607.5
-28266.4
-36152
-32966.6
-35050.8
-32129.9
-36338.3
-29879.1
-29433.1
-36480.3
-29271.5
-36038.7
-42265
-38863.1
-40722.3
-31115.1
-39067.9
-28911.3
-36651.4
-88960.4
-36980.7
-31319.6
-36719.3
-34604.2
-31552.5
-29428.5
-29439.8
-35832.8
-32961.6
56740.1
-29429.3
-38609.3
-42716
-26751.4
-36426.4
-42574.7
-31381.2
-36269.3
-67939
-29431.9
-43216.6
-29430.3
-36858.4
48747.6
-37203.6
-71281
-29511.7
-37909.6
-29424.8
-29364.1
-38246.8
-36478.5
-35728.8
-36854.1
-27424
-22653.7
-27991
-36282.9
-36349
29.2649
-40223.5
-36600.4
-38083.4
-34484.3
-30181.9
-30062.6
-30955.9
-26752
63165.3
-36567.2
-32640.4
-40258.9
-36656.3
-36613.4
-28910.4
-29163.5
-250585
-34797
-29458.8
-98676.5
-39358.4
-36533.2
-29433.1
-42022.4
-38034.4
-27248.3
-36059.5
-38813.2
-99822.6
-40321
-16577.7
-28888.6
-36118.8
-36922.3
-27931.9
-56503.3
-29425.2
-25327.8
-32531.1
-36504.1
-29433.6
-29433.3
-37624.8
-29427.7
-29440.2
-30162.6
-36223.5
-31082.7
-29470.1
-29438.3
-37367
-28923.3
-36320.9
-36869.2
-42777
-29429.7
-37009.5
-36102.8
-32740.8
-34767.9
-28761.9
-47122.1
-29433.4
-36060.8
-29438.9
-29447.5
-29433.1
-41688.1
-36405.1
-28618.3
-36230.6
-38032.4
-13851.4
-36522.7
-43941.7
-34892.1
-29439.3
-29849.2
-29466.3
-114112
-80662.8
-29442.6
-44229
-38440
-49057.4
-29853.4
-40909.9
-36230.9
-29314.4
-37819
-42155.4
-29353.2
-35240.8
-28534.3
-37731.5
-37611.6
-39082.8
-37723.4
-21803.4
-36496.4
-39018.7
-29424.4
-250278
-33728.1
-42610.9
63983.7
-37680.2
-25590.8
-32680.9
-29445.4
-24096
-36801.3
-32040.2
-29444.3
-49360.4
-29423.9
-29431.9
-29428
-29430.8
-29315.1
-28591.4
42180.5
-39177.4
-33179.9
-37671.7
-34165
-32531.1
-30151.1
-31820.9
-38233.7
-35419.8
-34398.2
-35684.2
-30899.4
-33252.3
-33395.7
-29435.8
-33114.6
-38111.9
-29848.8
-40357.2
-41599.3
-43676
-35971.4
-29435
-29418.2
-38266.2
-29068.6
-36643.8
-38209.4
-36762.6
-39675.8
-39022.1
-36733.1
-5175.11
-18562.1
-29489.8
-41176.7
-38564.3
-86899.5
-50831.7
-33718.3
-36866.2
-39426.7
-36255.8
-29438.5
-67322.1
-82349.3
-39531.9
-30808
-36652.7
-36115.3
-29848.8
-36074.7
-22842.3
-29813.7
-29437.1
-36571.9
-22948.5
-38432.7
-29445.5
-29480.5
-36025.1
-36070
-37086
-36834
-43558.9
146355
-29428.3
-37949.9
-33126
-29341
-39380.6
-29376.3
-36133.5
-27260.3
-29428.4
-39139.3
181321
-38165.7
-36173.6
-37029.1
-29402.8
-36128.8
-29447.6
-35984.6
-41419.3
-99000.1
-35204.5
-29162.2
-18333
-37027.4
-105915
-29433.4
-30291.8
-34506.5
-37002.4
-28893.9
-37980.8
-36056.8
-36718.6
-39062.9
-35147.8
-33971.1
-35935.1
-38910.4
-29442.2
-43858.5
-35771.8
-37180.6
-36658.7
-35897.6
-35694.1
-32925.1
-29414.9
-35642.7
-29633
-29433.5
-36278.3
-29171.3
-38681.5
-29478.6
-33472
-31025.1
-39690.2
-30720.4
-40939.8
-29311.8
-31381.1
-35869.6
-35222.9
-39101.5
-31993
-36631.2
-37752.5
-29439.4
-29434.4
-31141
-30634.7
-29435.6
-29077.9
-25943.3
-36990
-28695.7
-32160.9
-43847
20986.3
-39423.4
-36129.7
-28685.3
-34453.1
-36681.8
-39314.9
-38294.9
-35411.3
-30736.7
-39051.1
-37281.7
-35830.5
-35062
-37834.2
-29597.2
-32510.9
-54737.8
-42515.9
-29194.5
-40388.9
-101196
-33336.9
-31062.9
-34647.9
-36825.8
-46767.3
-33175.3
-36925.8
-29549.4
-33281.5
-36502.6
-29432.7
-35766.7
-36194.1
-36180.6
-35771
-41918.6
-37613.9
-38064
-33634.1
-35826.8
-36133.4
-36031.2
-36292.8
-38764.6
-55343.6
-39573.1
-34442.2
-29441.8
-52277.3
-18180.9
-29439.8
-35940.7
-36998.9
-29477.1
-38632.7
-39950.1
-36258.4
-28663.7
-29404.6
-37671.8
-35269.6
-38641.2
-170858
-36405.3
-35150
-35148.9
16019.4
-30249.4
-29352.8
156549
-29422.4
-39788.1
-29426.3
154692
-29438.6
-36855.3
144243
-27247.3
-29439.8
-39480.8
-29431.7
-29371.7
-39056.5
-29430.9
9648
-29240.3
-36500.4
-29436.7
-41623.5
-56604
-36217.2
-29437.9
-35548.9
-31517.4
168746
-29429.2
-30087.2
-29419.1
-40538.7
-29429.7
-41407.5
167400
-29438.2
-86806.5
-60126.7
-36837.1
-36050.6
-31722.1
-33451
59033.6
-29444.6
-39295.2
-29419.3
-29059.8
-31158.1
-36633.9
-29408.4
-40244.9
-29446.6
-39107.8
-36863.7
-29248.6
-30291.9
-36946.1
-125858
-31380.6
-35990.9
-33923.8
-29440.6
-29441.7
-37015.1
3190.51
-41599
-23662.4
-35930.9
-29384.2
-29424.5
-24941.1
-24991.6
-37684.5
-38400.3
-36435.6
-30898.7
-30913.4
-28784
-29431.8
-29431
-28482.7
-10745.7
38706.1
-34671.2
-34495.5
-38696.6
-37574.5
-38967
-42410.9
-43574.4
-29437.2
-38523.5
-35921.5
-36540.3
-32749
147911
-29439.3
-36541.7
-37973.7
-37316.8
-29441.6
-37254.9
-40002
-38342.6
-29442.2
-39225.5
-91179.8
-29433.5
-29378.7
-29433.6
-29431.8
-29432
-29430.3
-3653.02
-37412.8
-38592.2
-38777.4
-39679
-31149.5
-31719.2
-36196.2
-29438.2
-29415.6
-38146.2
-34763.8
-29433.7
-35763.6
-37738.7
-29449.7
-38736
-41986.1
-37429.3
-20451.6
-34472
-30210.6
-32859.4
-68299.5
-36594.1
-33060.5
-38316
-29439
-29450
-31619.9
-35108.5
-29414.8
-43469.1
-42782.6
-36613.3
-29428.7
-37202.8
-42574.5
-30527.3
-38559
-29263.2
-36807
-29429.7
-36306.1
-37253.6
-37077.8
-33023.9
-28779.7
-39112.1
-29442.9
-36729.1
-38628.3
-36128.4
-41916.5
-36520.8
64318
34432.5
-26674.3
38997.2
-35808.6
-38723.9
-35447
-32125
-36549.8
-34530.3
-35849.2
-36454
-34453
-29244.1
-29432.9
-34026.6
-32665.3
-31902.4
-36125
312834
-31502.9
-28733
-34801
-29562.9
-29402.1
36867.5
-20997.6
-28081.4
-36221.1
-29430.3
-39262.4
-35593
-22039.1
360314
-32879.6
-29431.4
-28694
313439
-36601.3
-36369.5
-38175.7
-29424.1
-36259
-33903.7
-36999.3
-132629
-36776.2
-29429.2
-36743.4
-29421.5
-32028.9
-34660.1
-20817.3
-35834.2
-36256.8
-36160.3
-29433.1
-39959.1
-36529.7
-45339.4
-34080.3
-113511
-33889.2
-33147.1
-36483
-40154.6
-43000.6
-31012.8
-36438.1
-31898.8
-37343.7
-29429.9
-26092.2
-18700.2
-37590.1
-27278.7
-25985.5
-26672.5
-31405.2
6818.9
-28670.6
-35717.5
-36583.1
-28763
-36571.8
-29439.7
-29425.3
-29433
-29619.3
-37930.5
-29431.4
-29439.1
-37502.5
-59281.4
-29433.7
-118752
-38704.2
-29405.5
-35857.8
-45699.7
-37993.8
-192291
-36235
-45289.9
-28134.8
-29970.6
-29632
77776.4
-35719.4
-35120.9
-29402.9
-40426.8
-36350.7
-36147.3
-36542.4
-36667.2
-29432.3
-29549.3
-37597
-29421.2
-29437.9
-139290
-21420
-29430.1
-36315.6
-29426.6
-37201.2
-39034.7
-29446.1
-36640.4
-33236.7
-37642.4
-35023.6
-47310.1
-10375.3
-10448.8
-32520.4
-31304.4
-36295.1
-38017.4
-36602.7
-40317.5
-29433.7
-32060.8
-29439.4
-30519.5
21118.8
-34999.5
-35404.4
-29453.3
-32550.1
-34050.9
-28981.4
-29434.2
-29434.1
-29434.9
-29423.8
-29423.3
-29422.4
-34377.9
-34902.7
-160008
-156497
-157769
-182794
-32564.7
-24608.2
-25558
-36573.2
-22057.9
-29116.7
-26463
-31274.5
-15799.7
-15813.3
-28110.5
-45562.8
311007
-40152.2
-59139.5
-57333.4
-57951.5
-48737.2
-42444.3
-55442.6
-48130.1
-36724.4
-40720.1
-52214
-61132.4
-29865.1
-29928.9
-29321.1
-29569.3
-39205.3
-29964.2
-29586.9
-30019.9
-29527.2
-29956.4
-29503.1
-29422.9
-29414.3
-29432.9
-29431.1
-29436.7
-29431.9
-29441.1
-29441.9
-29445.7
-29441.1
-29489.8
-29494.9
-29473
-29501.2
-29137.4
-29907.7
-29191.9
-29154
-29927.6
-28614.3
-28623
-161808
-176582
-46532.3
-63739.6
-130021
-119426
-36812.6
-35114.5
-37963.9
-38405.7
-37734.5
-36901.5
-38314.6
-38332.3
-37458
-38316.7
-35103.3
-39978.9
-39770.2
-35130.9
-36091.6
-36549
-36723.8
-36603.8
-36555.3
-36510
-36605.4
-36638.4
-36819
-36714.4
-36811.7
-36888.5
-37042
-37268.3
-36605.1
-37732.2
-37707
-37457.6
-37817.7
-38725.9
-37970.5
-37088.8
-38606.7
-38947
-38443.2
-38681.9
-38910
-38714.6
-39048.1
-39137.9
-39148.7
-39494.4
-39441.2
-39239.6
-39977.3
-39654.4
-40171.3
-37497.1
-36563.6
-37170.8
-38101.2
-29333.5
-35479.3
-35832.1
-22591.5
-22799.1
-25639.7
-3825.59
-3287.67
-4088.73
-22496.6
25238.1
-4926.89
55935.4
62338.2
56697.2
-25898
43803.6
51004.6
74948.1
75239.5
10155.3
6705.44
-1552.66
-17808.2
-12014.2
-18039.7
-18158.6
-9335.33
-18748
-38321.3
-33418.4
-31294.5
-23930.9
-28311.1
-26338.1
-24358.4
-33820.8
-21496.1
-33488.7
-30039.5
-36639.1
-36090.5
-30000.8
-29893.3
-33884.1
-29181.4
-28925.4
-21362
-44067
-44548.9
-56619.2
-41458.1
-41603.6
-42271.5
-41587.6
-42022.6
-77380.6
-68356.7
-65499
-36353.7
-39742.2
-38107
-34262.8
-41443.4
-36787.5
-36338.4
-249811
-252103
-107678
-252251
-250049
-118525
-250287
-402835
224377
-399371
173741
131046
-93962.9
-340768
-233771
-252200
-32915.5
-172779
-172787
-55315
-79546.4
-88488.1
-30087.7
-28558.5
-30717.6
-31365.7
-30902.3
-32092.6
-31520.7
-31015
-32578.5
-32019.5
-31917.4
-36283.8
-35612.4
-37444.4
-36975.7
-36491.3
-36776.3
-36428.2
-36380
-36384.8
-36310.8
-36396
-36297.9
-36358.1
-36394.4
-36494.3
-36514
-36508.6
-36386
-36442.4
-36434.5
-36907.1
-36798.3
-29405.7
-29425.3
-29501.7
-29338
-29261
-29244.3
-29146.8
-29208.8
-29268.9
-29289.2
-29271.7
-29387.9
-29386.2
-29371.2
-29406.9
-29355.5
-29380.2
-29408.1
-29352.8
-29475.1
-29469
-29402.9
-29466.3
-29449.8
-29432.5
-29463.1
-29392.1
-29387.5
-29458.2
-29436.5
-29437.7
-29432
-29438.5
-29439.2
-29439.2
-39186.9
-29435.1
-29436.5
-29435.4
-29435.3
-29438.7
-29434.1
-29432.8
-29439.1
-29430.5
-29511
-29128.4
-29956.3
-29127.3
-28654.6
-28653.5
-29467
-29260
-36586.6
-36518.9
-36602.9
-36745.2
-36829
-37732.1
-39231.3
-39520.8
-34766.8
-60634.3
-37168.6
-34756.1
-25044.7
-21949.9
-22360.5
67145.7
64482.2
77065.1
50524.7
-16070.4
-52860.3
-40630.4
-28758
-28942
-22312.3
27978.3
-33101
-99122.5
-51848.8
-61876.3
-41623.4
-41090.1
-40858.3
-43863.3
-37164.8
-62169.7
-36264.9
-250353
-252079
-252241
-390642
-115378
-175163
-65370.7
-79928.8
-56811.8
-30153
-29908
-31532.9
-31697.1
-31161.4
-31339.2
-36933
-36401.7
-36287.4
-36201.4
-36625.2
-36548.4
-36602
-37140.2
-36516.6
-36472.4
-36584.6
-36425.1
-29358.9
-29093.7
-29260.5
-29427.1
-29410.2
-29372.7
-29412.5
-29355.2
-29400
-29477.1
-29489.2
-29495
-29444.7
-29269.7
-29432.4
-29439
-29438.7
-29436.9
-29438.3
-29442.1
-29434
-29438.6
-29435.4
-29432.1
-29428.3
-29427.8
-29428.6
-29428.6
-29428.8
-29429
-29429.7
-29429.7
-29436.2
-29432.4
-29430.4
-29431.7
-29430.8
-29431.8
-29431.6
-29430.3
-29436
-29435.6
-29436.6
-29436.7
-29434.3
-29435.1
-29441.7
-29434.3
-29430.5
-29466.2
-29467.8
-29415.4
-29423.2
-29425.2
-29421.7
-29417.8
-29166.5
-37802.3
-38255.5
-39046.5
-38468.7
-38639.8
-60939.1
-48389.6
-49551.7
-55356.9
-110519
-93352.7
-104645
-47034.1
-113583
-35785.5
-35014.6
-35496.3
-36208.5
-36238.2
-36058.9
-35840
-36625.8
-36191.3
-36660.8
-36673.4
-36175.9
-36437.6
-36751
-36569.3
-36779.8
-36666.6
-36668.4
-36834.9
-36885.2
-36918.5
-36846.4
-36749.2
-37210.6
-37170.8
-37415.5
-37493
-36516.8
-37275.6
-37112.6
-37331.9
-37428.7
-37339.2
-37589.1
-37685.8
-37716
-37836.2
-37857.7
-37853.8
-38001.1
-37996.5
-38064.6
-38486.1
-38018
-37553.3
-39380.5
-39230.9
-40169.4
-40057.7
-40295
-39582.3
-28174.4
-26258.9
-27181
-27323
-26607.6
-20405.7
-27161.2
-26110.5
-27167.1
-27121.2
-31671.4
-20803.5
-19714.1
-31239
-25056.6
30663.6
-19982
-60861
-45763.8
-62101.8
-42285.8
-51515.3
-43004.9
-37921.4
-11515.3
-33757.9
-36522.1
-33785.9
-35260.4
-37036.3
-36607
-38874.2
-38387.2
-38328.1
-34463.5
-33080.7
-31321.1
-31888.2
-31344
-35164.5
-31516.8
-31099.1
-31585.6
-32798
-31942.2
-30627.4
-29541.5
-29397.2
-28085.1
-29119.9
-28297.7
-29698.5
-27962.1
-35292.9
-52436.2
-41527.9
-46755.5
-73749.6
-55864.3
-56770
-55194.4
-44241.9
-42966.7
-43706
-43026.6
-43046.7
-45315.9
-40365.6
-40869.1
-38124
-43858.1
-39531.4
-43661.8
-47014.4
-44811.5
-52456.8
-29333.7
-43174.7
-255485
-104343
-37216.3
-100908
-129912
-57831.5
-88080.2
-37217.5
-130696
-62144.8
-56985.5
-66482.5
-46486.3
-47508.8
-40257.8
-59098.2
-37695.6
-36918.7
-34977
-35479.6
-34873.6
-34473.8
-34439.2
-34284.1
-34465.1
-34620.3
-34687.2
-34533.8
-34613.8
-34730
-34540.8
-34947
-34856.1
-34962.7
-35686.8
-35536.9
-35925.7
-35563
-35611.7
-35760.3
-35976.1
-35802.9
-35713.4
-35811.5
-35903.9
-35976
-35913.2
-36231
-36086.7
-37185.1
-36051.1
-35980.8
-36108.5
-29929.1
-29105.6
-29954.1
-29513.6
-29535.8
-29529
-29507.5
-29523.4
-29517.8
-29459.6
-29382.8
-29377
-29444.4
-37257.5
-29427.1
-29406
-29439.9
-29433.7
-29432.1
-29432.8
-29433.5
-30808.8
-29434.2
-29433.3
-29433.2
-29434.9
-29430.6
-29429.8
-29441.3
-29431
-29432.3
-29427.8
-29433.8
-29434.7
-62298.5
-29142
-29326.6
-39469
-39126.9
-38641.7
-29431.9
-29431.7
-29432.4
-29432
-29428.4
-29430.7
-29431.2
-29430.4
-29430.1
-29430.5
-29432.5
-29432.2
-29431.9
-29431
-29430.2
-29434
-29432.9
-29430.9
-29434.3
-38370.3
-29436
-29438
-29437.3
-29458.4
-29424.6
-29426.6
-29415.5
-29472.6
-29048.1
-29197.8
-43819.4
-37515.9
-38071.1
-38227.2
-38277.4
-38354.9
-38283.1
-38536.2
-39156.8
-47396.8
-56721.6
-38891.8
-40301.3
-36894.6
-39018.1
-40998.5
-35941.5
-35320.6
-35569
-36195.8
-36314.3
-36470
-36461.2
-36508.6
-35836
-36338.1
-35723.3
-36530.3
-36435.5
-36221.1
-36180.5
-36320.7
-36173.1
-35984.6
-36103.5
-36108.4
-36124.3
-36083.5
-36173.8
-36328.3
-36033.3
-36124.5
-36010.9
-36124.1
-36077.5
-36052.4
-36256
-35785.2
-36097.4
-35997.5
-37416.4
-36109
-35902.3
-35989
-39299.4
-37392.3
-36147.3
-36123.7
-36139.7
-36134.5
-36150.3
-36196.5
-36117.9
-35854.8
-38085.9
-40343.6
-36672
-38894.3
-31854.6
-32302.6
-39170.2
-40161.3
-39835.9
-31737.5
-39984.6
-32900.3
-29380.5
-26569
-28656
-25722.5
-21154.7
-25689.2
-28405.8
-28524.3
-28704.2
-28175.9
-29008.6
-29780.1
-29688.8
-29389.9
-31077.3
-30210.2
-28420
-28802.2
-31493.1
-23176.5
-28870.1
28967
-23690.5
-21328.9
22794.1
-6883.23
-37361.6
-37289.3
-35640.5
-36644.4
-26861.8
-35991
-34244.5
-36893.9
-37790.2
-35796.5
-38088.8
-33561.8
-36674
-37696.4
-34486.8
-36223
-38050.7
-37138.6
-28575.5
-30336.4
-28782.5
-34630.6
-33464.7
-33150.8
-33475.3
-31701.9
-31747.9
-31884
-31427.5
-31983
-31755.2
-33403.8
-33023.7
-31293.2
-31543.5
-30982.6
-31475.6
-31079.1
-30974.4
-29943.6
-30156.4
-30254.3
-29275.3
-29442.9
-29403.8
-35127.6
-27908.2
-49539.2
-33463.3
-38600.3
-39337.9
-38318.9
-39661.9
-45789.8
-38795.2
-39174.9
-43447.6
-39513.6
-39591
-39288.6
-38885.3
-37917.9
-40224.2
-41576
-39299.2
-39503.7
-38125.5
-33661.1
-50166.7
-49585.3
-52596.3
-56114.3
-45819.9
-54532.7
-43466.5
-43524.1
-43115.4
-42395.3
-39701.8
-39063.6
-38548
-39194.9
-38343.6
-37527.1
-38248.3
-36482.8
-33665.3
-35598
-36305.3
-35587.7
-34182.5
-34437
-35140.7
-35156
-34490
-35155.5
-35203.2
-35145.3
-35215.9
-35327.3
-35181.6
-34670.1
-35205.4
-35350.5
-35344.8
-35416.6
-35262.3
-35666.2
-35461.4
-35794.8
-35896.7
-39024.3
-35646.1
-35550.8
-35636.3
-35772.4
-35876.9
-35809.4
-35787.6
-35728.2
-35870.4
-35787.3
-35917.4
-35970.5
-36070.6
-36083.2
-36109.5
-35928.1
-36034.3
-36052.6
-36174.8
-36234.4
-35951.1
-35951.2
-29414.4
-39148.9
-29364.2
-29325.5
-29494.7
-29391.4
-29520.4
-29352.6
-29434.6
-29446.2
-29432.6
-29369.3
-29438.2
-29449.6
-29438.7
-29433.4
-29429.6
-29431
-29431.1
-29431.7
-29435.2
-29431.7
-29434.3
-29432.2
-29434.3
-29431.3
-29430.4
-29433.7
-29430
-29441.7
-29428.7
-29432.2
-29431.9
-29428.9
-39469
-38587.2
-28972.9
-29005.6
-28906.1
-29091.3
-29511.3
-29173.2
-29862.3
-38775.1
-38501.3
-30672
-38159.4
-38549
-43253.5
-37742.6
-39767.9
-39091
-29429
-29430.7
-29431.5
-29430
-29424.3
-29435.8
-29422.9
-29407.3
-30581.5
-31577.4
-31325.4
-31274.5
-24609
-29431.9
-29430.8
-29429.7
-29429.8
-29424.1
-29434
-29429.2
-29432.1
-29427.2
-29428.9
-29431.1
-29430.6
-29427.8
-29424.8
-29436.6
-29436.2
-29424.3
-38630.9
-39317
-38445.4
-39446.2
-38921.7
-38356.5
-38934.2
-38991.9
-36479
-38536.3
-37498.5
-36239.6
-36393.7
-36531.7
-36389.8
-36474.2
-36261.3
-36104.6
-36272.2
-35712.9
-35713.4
-36214.6
-36182.2
-36054.4
-36141.1
-35465.7
-35534
-35112.3
-35724.3
-35416.2
-35669.5
-35116.9
-36131.7
-35202.7
-35125.2
-36358.7
-35707.2
-36601.5
-29430.1
-29430.2
-39305.8
-39367.9
-39550.6
-39208.2
-38008.3
-36006.4
-30952.9
-31362.1
-31395.1
-29461.5
-29398
-28933.7
-26500.6
-29034.5
-28921.7
-29818.8
-29591.6
-29661
-29756.8
-30625.8
-28875.8
-30711.6
-35424.7
-34044.3
-32884.3
-33436.6
-36752.7
-34340.4
-34713.9
-34914.3
-33417.1
-33513.1
-32431.3
-32674.5
-33594.9
-37769.4
-38275.4
-38904.3
-32905.9
-31995.8
-31649.4
-33740.8
-30720.5
-30642.3
-30078.1
-39371.1
-39995.6
-39180.2
-39030.2
-39014.5
-41719.1
-39362.6
-37707.3
-29441.6
-29442.7
-29445.2
-29433.4
-29438.4
-29438.5
-29434.2
-29431.5
-29435.9
-29431.8
-29432.1
-29434.3
-29433.9
-29430.4
-29428.9
-28583.9
-39477.3
-39518.2
-40019.3
-39047.7
-29428.1
-40142.6
-45488.4
-29383.1
-40411.1
-34125.6
-33573
-29435.1
-29436.4
-33180.4
-30261.3
-31444.5
-31443.5
-37397.1
-40224
-41073.3
-38494.4
-55742.6
-48527.2
-36238.1
-36032.8
-35991.5
-29513
-29472.9
-29475
-29437.6
-29434.4
-29438.8
-43231.9
-39375
-29435.2
-29436.6
-29414.4
-36624.4
-35946.8
-29431.4
-36778.6
-36611.7
-27928.3
-30857.7
-29599.5
-36124.7
-26221.6
-37424.2
-39533.8
-28911.5
-32072.8
-28767.7
-39356.4
-40268.8
-39869.8
-38679.4
-36970.6
-35770.4
-35785.9
-36133.8
-29432.3
-29437.9
-29441.1
-29432.8
-29432.1
-39445.2
-38911.9
-29427.2
-38355.7
-35299
-35464.1
-29431.4
-35837.8
-39574.7
-30244.7
-29846.6
-29431.9
-29430.2
-38411.7
-29423.2
-29421.8
-110190
-24569.6
-16328.9
-29430
-48116.2
-40791.7
-54370.8
-29431.4
-29558.5
-29086.3
-29907.3
-29738.7
-38138.9
-29431.5
-36495.6
-29430.3
-39303.8
-25064.1
41259.3
43012.4
-26984.2
-46560.8
-41245.6
-41378.9
-35867
-166361
-30872.7
-35976.2
-36693.3
-35840.4
-35781.2
-36306.6
-36371.7
-36524.9
-36390.6
-29415.2
-35195.8
-29246.9
-29259.4
-29227.3
-29352
-35193.9
-29397.2
-35183.3
-29439.8
-29419.9
-29251.6
-29464.8
-29438.7
-29268
-29436.3
-61195.2
-38849.8
-39711
-35955.3
-36458.3
-29395.2
-29517.6
-29439.6
-38709.4
-29435.2
-29498.4
-29698.6
-36234
-37545.9
-37581.3
-27910.4
-31140.4
-24394.8
-43710.5
-37559.2
-38879.9
-52574.9
-39842.5
-34408
-36074.8
-35982.5
-29977.2
-29527.7
-29435.6
-29391
-29434.7
-39220
-29431.4
-29436.2
-39190.9
-29430.4
-40121.1
-29431.2
-29435.1
-36105.3
-39334.8
-36241.7
-36223
-36072.7
-36676.6
-37413.5
-36556.8
-30809
-26430.5
-23478.9
-29429.5
-29429.1
-29429.3
-29430.5
-41060
-42197.4
-41909.8
-41562.6
)
;

boundaryField
{
    Wall
    {
        type            zeroGradient;
    }
    Inlet
    {
        type            zeroGradient;
    }
    Outlet
    {
        type            fixedValue;
        value           uniform 0;
    }
    Empty
    {
        type            empty;
    }
}


// ************************************************************************* //
