/*--------------------------------*- C++ -*----------------------------------*\
| =========                 |                                                 |
| \\      /  F ield         | OpenFOAM: The Open Source CFD Toolbox           |
|  \\    /   O peration     | Version:  2312                                  |
|   \\  /    A nd           | Website:  www.openfoam.com                      |
|    \\/     M anipulation  |                                                 |
\*---------------------------------------------------------------------------*/
FoamFile
{
    version     2.0;
    format      ascii;
    arch        "LSB;label=32;scalar=64";
    class       volScalarField;
    location    "8.7";
    object      p;
}
// * * * * * * * * * * * * * * * * * * * * * * * * * * * * * * * * * * * * * //

dimensions      [0 2 -2 0 0 0 0];

internalField   nonuniform List<scalar> 
2958
(
-8.89107e+32
-2.69903e+27
-1.87628e+27
-2.94445e+32
-1.75403e+27
-1.87633e+27
4.15691e+30
-8.22488e+29
-1.84134e+27
-8.15182e+29
-1.32516e+31
-2.05086e+34
-5.9932e+30
-2.05421e+34
-3.36543e+29
-4.21956e+32
-1.73327e+27
-8.42999e+30
-2.05654e+34
-2.20241e+34
-2.04142e+34
-1.83786e+27
-2.0097e+34
-5.4584e+28
-6.70381e+30
1.34118e+30
-4.86939e+27
-4.09529e+30
-2.96845e+33
-1.59139e+31
8.90085e+30
-1.53876e+27
-1.79127e+34
-1.45104e+27
-2.87676e+29
1.39629e+30
-2.01875e+34
-2.01053e+34
-1.51211e+33
-4.30761e+28
3.0016e+30
1.80452e+30
4.92454e+30
3.13773e+32
-2.0497e+34
-1.87526e+27
-6.08672e+30
-1.53181e+27
-2.96117e+32
-8.60251e+33
-4.59939e+32
-6.24738e+27
-1.1165e+29
-6.01161e+30
-5.00207e+32
-4.88561e+28
-8.60978e+30
-1.02438e+29
-2.01381e+32
3.03908e+30
-4.06745e+32
-8.56895e+32
2.14233e+30
-1.50108e+31
-2.0505e+34
-2.05614e+34
-5.57892e+30
-5.10688e+27
-6.3801e+33
-1.00354e+33
-1.79978e+27
-2.05159e+34
-2.74493e+27
-1.52856e+32
-2.05916e+34
-4.75252e+30
-4.29987e+32
2.4653e+30
-2.0052e+34
-5.32826e+32
-6.3259e+30
-1.83077e+27
-3.64628e+30
-3.66246e+30
4.50717e+32
-5.41206e+30
-1.87442e+27
-5.57938e+30
-2.72939e+27
-1.76165e+34
3.3593e+29
-2.27514e+27
-1.62572e+30
-2.05699e+34
-2.47832e+27
3.65034e+28
-4.06557e+32
-3.38086e+32
-2.05361e+34
-2.0519e+34
-2.93102e+32
-3.69255e+32
9.8668e+27
-1.99624e+27
-1.9802e+34
-4.97067e+33
-2.05147e+34
-3.00233e+32
-2.05107e+34
3.81534e+28
-2.61948e+32
-5.53145e+32
-2.05869e+34
-3.59043e+30
-2.05403e+34
-2.05615e+34
-4.09439e+30
-5.48624e+32
-1.88514e+27
-4.45106e+32
-8.63975e+32
-2.05078e+34
-1.52977e+30
-3.47658e+28
-2.66062e+32
-3.92269e+32
-4.46035e+32
-2.18816e+27
-5.09428e+32
-2.05911e+34
-2.06495e+34
-2.08731e+34
-5.42267e+32
-2.05169e+34
-2.10421e+34
-2.05272e+34
-3.09635e+30
1.73685e+34
-2.0512e+34
-2.05352e+34
-1.98967e+33
-2.0843e+27
-2.03204e+34
-2.05581e+34
-4.10835e+32
-1.78227e+27
-2.05964e+34
-2.04708e+34
-2.02803e+27
-2.05068e+34
-2.19565e+34
-4.08549e+32
-2.30583e+30
-7.43862e+33
-1.45337e+31
-2.12456e+34
-1.92454e+34
-5.00345e+32
5.73949e+30
-5.14286e+28
-1.47044e+31
-1.88652e+30
-3.09637e+31
-2.05034e+34
-2.71263e+28
-1.08264e+33
-1.30378e+34
-2.05469e+34
-2.85092e+28
-1.88127e+27
-1.47025e+27
-2.05151e+34
-2.01979e+34
-2.93659e+27
-2.0053e+34
-1.88085e+27
-1.86034e+27
-2.67583e+27
-9.70638e+33
-6.38103e+33
-1.2128e+34
-1.96576e+27
-9.13028e+30
-2.88328e+32
-2.66607e+27
-1.9647e+27
3.03058e+27
-2.05106e+34
-1.8522e+27
-2.78265e+32
-1.69219e+27
-1.04655e+28
-1.8497e+27
-3.82671e+28
-5.26188e+27
-2.92642e+33
-2.58033e+27
-1.47197e+27
-2.492e+32
-3.17036e+28
-2.64641e+29
-2.05169e+34
-1.14118e+33
-2.79446e+27
6.20612e+28
2.80049e+30
-1.50407e+33
2.83182e+30
-1.87721e+27
-2.9606e+32
-2.05432e+34
-1.76149e+34
-2.07169e+34
-2.41568e+27
-2.06143e+34
-1.82827e+27
-1.39892e+31
-2.05341e+34
-2.05358e+34
-2.0541e+34
-2.05506e+34
-2.75278e+27
6.65173e+30
-1.90644e+27
-2.72452e+32
-4.70621e+32
-4.03892e+30
-2.05361e+34
-1.90858e+27
-1.6643e+27
-7.92982e+27
-1.60059e+27
-1.97557e+27
-1.81498e+27
-2.95175e+33
-2.05511e+34
-2.05923e+34
-4.42575e+32
-2.05925e+34
-3.30795e+32
-2.05652e+34
-3.31743e+32
-4.12119e+32
-3.95093e+30
6.06702e+31
1.93428e+30
-4.11133e+29
-3.81194e+30
-1.02346e+31
-8.95655e+31
-1.51949e+30
-5.36032e+29
-1.78308e+31
-1.77855e+27
-3.13676e+32
-3.64286e+27
-1.3354e+32
-2.02733e+27
-5.36693e+31
-1.82714e+27
-4.25211e+32
-1.97797e+34
-1.73839e+27
3.02553e+30
-1.46029e+34
-3.77443e+30
-8.76964e+29
-1.12644e+32
-1.23579e+34
-1.95729e+34
-2.01622e+34
-1.88275e+27
-1.22074e+32
-2.01885e+34
-2.37551e+27
-1.21626e+32
-2.0552e+34
-1.7824e+27
-2.04476e+34
-2.14366e+27
-2.05103e+34
-2.05964e+34
-1.4599e+34
-3.82163e+30
-1.52704e+27
-2.05216e+34
-7.3093e+33
-3.972e+32
-2.83057e+32
-2.30789e+31
-5.46613e+28
-1.30662e+27
-2.05458e+34
-2.04826e+34
-7.61615e+30
-1.83445e+27
-2.05348e+34
-4.24775e+32
-2.0536e+34
-9.22164e+30
-1.06399e+31
-1.73692e+27
-2.02742e+27
-1.82768e+27
-4.12981e+32
-2.52332e+27
-2.5213e+32
-1.97796e+34
-1.1601e+31
-3.9943e+32
-2.05411e+34
-4.16476e+32
-4.36116e+32
-2.05508e+34
-2.07046e+27
-2.72572e+32
-1.76124e+27
7.09923e+30
-1.89325e+27
-1.15218e+32
-1.77797e+27
-1.86694e+27
-3.63354e+31
-5.58072e+27
-1.88103e+27
-1.95723e+34
-5.65528e+32
-1.99791e+34
-2.85686e+32
4.0353e+30
-1.86942e+27
-9.01667e+30
-2.03762e+34
-2.05176e+34
-1.86488e+27
-2.05147e+34
-3.19488e+32
2.83258e+30
-3.19582e+32
-2.05346e+34
-6.18482e+30
-2.02245e+27
-1.70036e+27
-1.80947e+27
-2.05142e+34
-8.71969e+27
-2.05142e+34
-6.67561e+28
-4.98222e+32
-4.06205e+32
-8.30123e+28
-5.47479e+28
-1.51018e+27
-3.63444e+32
-8.80927e+27
-5.35672e+31
-2.05409e+34
-5.75472e+31
-1.86707e+27
5.49732e+32
4.00849e+30
-4.77486e+32
-2.94506e+32
-8.4145e+33
-1.80027e+31
-1.38109e+27
6.24216e+30
-3.97086e+32
-3.96737e+32
-1.52779e+27
-3.25056e+28
-1.74185e+27
-2.05407e+34
-3.10553e+32
-3.30496e+31
1.23726e+27
-5.07084e+32
-4.02191e+28
-1.7081e+27
-1.86576e+27
-4.17922e+32
-2.24982e+30
-2.06205e+34
-4.77717e+31
-1.83523e+27
-1.93974e+34
-1.11932e+32
-1.47241e+27
-1.85039e+34
-2.08144e+34
-7.76133e+29
-2.05291e+34
8.86379e+32
-1.82655e+27
-3.85698e+32
-3.34309e+32
4.03566e+30
-2.05428e+34
-2.06275e+34
-1.6694e+27
9.40804e+32
-1.20012e+32
-1.8203e+27
-2.84878e+32
-5.04647e+32
-4.11906e+32
-3.51014e+27
-6.09111e+30
-4.44545e+32
-4.98197e+32
-8.90901e+32
-6.89876e+30
-1.74603e+31
-9.10672e+26
-2.14762e+27
-1.66328e+27
-1.767e+27
6.8613e+28
3.2682e+32
3.218e+32
-2.04974e+34
2.4203e+30
-1.73886e+27
2.12626e+30
-1.95521e+30
-1.84944e+34
-2.22703e+27
-1.97137e+30
-4.57033e+32
-2.1557e+27
-1.742e+27
-5.99916e+32
-2.85389e+27
-4.41213e+28
-4.39396e+28
-1.81246e+27
-1.74142e+27
-3.30849e+28
-4.15629e+32
-2.04597e+34
-1.78521e+27
-1.98438e+27
-4.6941e+32
-8.37274e+32
-1.85084e+27
-1.82867e+34
-1.99526e+34
-1.46676e+27
-2.06551e+34
-1.8718e+27
-2.00093e+34
-1.63505e+27
-4.74218e+29
-5.92896e+27
-4.17125e+32
-3.51529e+32
-2.05468e+34
-1.04288e+32
-1.79589e+27
-2.05397e+34
-2.85631e+27
-2.78222e+32
-5.25457e+32
-1.18098e+31
-4.96146e+31
9.40374e+30
-1.52761e+27
-6.82879e+30
-7.17564e+31
-3.37414e+33
-1.16723e+31
-2.05087e+34
-1.02557e+31
-1.87346e+27
-2.28994e+31
-1.80392e+27
-1.59423e+30
-1.80964e+27
-1.86427e+27
-4.14371e+30
-8.24672e+30
-4.00909e+27
-2.05064e+34
-1.21283e+34
2.27721e+27
-5.37695e+31
-1.41256e+31
-2.12551e+30
-1.50235e+27
-5.71181e+32
-1.91398e+27
-9.26912e+27
-2.94573e+32
3.69752e+31
-1.84725e+27
-4.28316e+32
-8.54432e+30
-2.05598e+34
-2.05715e+34
-2.05945e+34
-1.85397e+27
-2.05605e+34
-2.05054e+34
-4.16376e+32
-2.75255e+29
-2.05518e+34
-2.52321e+32
-9.40845e+27
-3.68068e+32
-4.06827e+32
-2.05545e+34
-2.05599e+34
-2.70137e+32
-2.05653e+34
-5.52447e+32
-5.3868e+32
-1.50127e+27
-3.39973e+33
-1.89097e+27
-4.12542e+32
-1.58301e+34
-1.8823e+27
1.14582e+33
-1.93037e+27
-4.02829e+32
-2.94301e+32
-2.52045e+27
-1.97819e+34
-4.1234e+30
-3.76102e+32
-4.28536e+30
-1.76105e+34
1.02956e+27
-2.06863e+34
-2.92027e+33
6.80273e+30
-1.36707e+27
-3.69615e+27
-4.13469e+32
-6.82553e+30
-1.67217e+33
-1.41601e+31
-2.05107e+34
-3.51125e+32
-2.06012e+34
-2.92054e+33
-4.18399e+30
-2.00851e+34
-2.05462e+34
-2.67479e+27
-2.0574e+34
-2.05531e+34
-2.49291e+27
-9.06861e+32
-1.78925e+27
-3.97856e+31
-1.66635e+33
-5.30168e+32
-2.52176e+30
-3.22555e+33
-8.44837e+31
-3.11786e+27
-3.7382e+32
5.37979e+32
-4.81127e+32
-4.95512e+32
-2.05157e+34
-4.21405e+31
-3.2924e+32
-4.88884e+32
-9.12731e+32
-8.97164e+31
-2.05415e+34
-2.0564e+34
-2.05839e+34
-2.49781e+27
-2.05656e+34
-1.46268e+34
-2.0426e+34
-2.54686e+31
-2.12574e+27
-2.09445e+27
-5.90349e+30
-2.65637e+27
-4.13557e+32
-2.01304e+34
-2.06109e+34
-2.05534e+34
-2.14583e+27
-1.00772e+31
-2.05376e+34
-2.05387e+34
-5.31211e+29
-3.95827e+33
-1.84984e+34
-1.59407e+33
-5.83752e+32
-1.85649e+33
6.03124e+31
-1.4023e+34
-2.0382e+34
2.3636e+31
-1.94189e+34
-4.16699e+32
-1.93029e+27
-4.76353e+32
-2.80034e+33
-1.00547e+33
-1.86593e+34
-2.05159e+34
-4.06858e+32
-8.61153e+33
-2.04673e+34
-2.05345e+34
-4.10873e+32
-3.94041e+28
1.38653e+30
-2.5022e+27
-2.04962e+34
2.51788e+30
-3.85442e+32
-3.96799e+32
-1.6697e+33
-1.79661e+27
-4.30966e+31
-2.05957e+34
-1.85664e+27
-2.71623e+31
-2.09353e+31
-2.05327e+34
-4.46248e+32
-2.05312e+34
-1.83462e+27
-2.05383e+34
1.28109e+33
-4.8218e+31
-2.02006e+34
-1.88586e+27
-1.50094e+33
4.65597e+30
-2.05998e+34
-5.81374e+32
-3.38778e+33
-2.0195e+34
6.78253e+31
-2.80194e+33
-2.01615e+27
-2.08745e+34
-5.29553e+31
-2.05448e+34
-2.04868e+34
-8.54556e+32
-2.16417e+33
-1.82831e+27
-1.55378e+31
-1.53295e+27
-2.62973e+27
-1.8662e+34
-1.85151e+27
-1.49284e+27
-1.73689e+27
-1.86689e+34
-2.06583e+34
-2.06212e+34
-1.4002e+34
-2.06087e+34
-1.78432e+27
-2.05941e+34
-4.01077e+32
-2.13284e+30
-1.53267e+27
-1.51506e+27
1.01573e+29
-2.82836e+32
-1.85098e+27
-4.14535e+27
-5.11643e+32
2.53345e+30
-2.08757e+34
-2.05517e+34
-1.82324e+27
-2.52778e+28
-2.0553e+34
-2.22637e+27
-2.05235e+34
-1.84813e+27
-1.91846e+27
-4.88755e+32
-4.13511e+32
-2.38282e+27
-1.23251e+34
-3.37522e+27
-3.98681e+32
-4.13235e+32
-7.56505e+32
-1.84988e+34
-1.12141e+29
-5.34203e+32
-4.13232e+32
-2.04838e+34
-2.06562e+34
-4.06609e+32
-4.86808e+31
1.18658e+30
-4.13581e+32
-4.85039e+30
-1.7993e+27
-2.86091e+32
-3.29648e+28
-1.77522e+27
-1.63303e+27
-1.78511e+27
-1.78287e+27
4.8963e+32
-4.98396e+32
-3.41427e+30
-1.56904e+30
-5.16629e+32
-2.71005e+28
-1.81245e+27
-5.70826e+33
-2.13831e+34
-1.76599e+27
-1.44824e+33
-2.05718e+34
-3.65154e+27
-2.05169e+34
-2.75871e+32
7.089e+30
-2.53208e+34
-2.81438e+32
-2.61688e+32
1.4409e+30
-2.72565e+27
-1.5408e+34
-2.34528e+29
-5.81446e+32
-7.45122e+32
-2.0412e+34
1.7279e+30
-5.31063e+32
1.8098e+30
-2.7758e+32
-2.53497e+31
-9.62858e+31
-1.84985e+34
-3.78729e+32
1.26775e+30
-2.66603e+27
-3.68247e+32
-3.38009e+32
-1.21235e+34
-2.05038e+34
-2.93416e+32
2.48566e+30
2.49796e+30
-7.93118e+30
4.33715e+32
-3.38824e+33
-4.21086e+32
-2.06005e+34
-2.05658e+34
-2.05522e+34
-3.78604e+32
-1.7672e+27
-2.05371e+34
-5.8507e+32
-2.05346e+34
-3.7872e+32
-2.03503e+34
-2.07633e+34
-4.08482e+27
2.81144e+30
-4.15669e+32
-2.05329e+34
-2.05408e+34
-1.99035e+33
-2.19096e+34
-2.05241e+34
-2.05389e+34
-2.23221e+27
-2.05206e+34
-3.96237e+32
-4.06333e+32
-2.06055e+34
-8.55024e+26
2.94781e+33
-2.07071e+34
-2.57951e+27
-1.37684e+32
-8.23114e+31
-6.99113e+32
-4.26814e+32
-8.56762e+30
-6.37964e+33
-1.80904e+27
-1.85037e+34
-4.37771e+31
2.54927e+30
-5.35177e+32
-1.90742e+27
-2.0004e+34
-4.50007e+32
-2.94356e+32
-6.73006e+30
-1.98224e+33
1.79479e+34
-3.69596e+30
-2.69656e+27
-3.22432e+33
-1.75774e+27
7.36202e+30
-1.45608e+31
-2.0538e+34
-2.39565e+30
-4.09178e+32
-1.7597e+27
-7.30243e+30
-3.2103e+32
-2.8552e+32
-4.78111e+30
-4.22113e+32
-7.4709e+30
2.38501e+30
-2.46578e+31
-2.03942e+27
-4.06499e+32
-4.11425e+32
-2.34548e+27
-4.21706e+29
-5.52541e+27
-4.32074e+30
-4.05403e+32
-2.61915e+32
-1.96683e+32
-2.52338e+27
-3.70347e+30
-2.05274e+34
-5.21071e+28
-4.06185e+30
-4.09381e+32
-3.16437e+31
-2.0484e+34
-2.02826e+34
-2.0388e+34
-4.214e+32
-4.42081e+31
-3.80931e+33
-4.46347e+30
-2.52925e+28
4.79948e+32
1.83953e+34
-1.86031e+29
-1.83229e+27
-2.39537e+27
-4.72698e+30
-1.81374e+27
-2.0514e+34
-3.79213e+30
-4.68287e+30
-1.8459e+27
-1.30699e+27
-2.65827e+29
-3.68843e+32
-2.78319e+32
-3.81072e+33
-1.87444e+27
-1.19421e+29
-2.09119e+34
-1.59955e+30
-1.94251e+29
-2.04993e+34
-2.67959e+27
-2.86239e+32
-2.52417e+32
-1.78948e+27
-1.55162e+27
-2.05549e+34
-2.02818e+34
-1.81601e+31
-2.05588e+34
-2.05584e+34
-2.05376e+34
-1.38589e+27
-3.7118e+32
-8.61344e+33
-1.72973e+27
-9.71204e+33
-4.39626e+32
-4.3097e+27
-2.82942e+32
-4.60553e+32
-1.82846e+27
-2.05272e+34
-1.89527e+27
-5.26646e+29
-9.07378e+30
-4.02099e+30
-1.88109e+27
-4.30496e+28
-1.91347e+27
-2.7742e+32
-2.05615e+34
-1.18245e+29
-1.80099e+27
-1.3042e+27
-1.81389e+27
-2.49832e+27
-1.70586e+27
-2.06851e+34
-5.88683e+30
-2.86541e+27
-1.03447e+30
-1.48284e+27
-2.07864e+29
-1.5017e+27
-3.77859e+28
-1.58272e+34
-1.89944e+27
-1.03691e+31
-1.47489e+27
-2.16378e+27
7.78026e+27
-5.28097e+31
-7.20122e+30
-1.88615e+27
-2.7957e+27
-2.85202e+30
-1.97569e+27
-2.68336e+27
-3.75173e+27
-2.13501e+29
-3.57677e+27
-3.12045e+32
-1.08555e+31
-2.61707e+27
-4.78468e+31
-1.86857e+27
-3.8737e+30
-1.90959e+27
-3.84469e+30
-1.8031e+27
-2.05572e+34
-5.46621e+32
-1.39944e+34
-1.74934e+27
-3.51539e+32
-1.333e+31
-1.98674e+33
-1.93625e+27
-1.18153e+29
-2.22549e+27
-7.45694e+32
-2.86951e+32
-2.58689e+28
-1.92136e+27
-7.4572e+32
-1.60636e+30
8.1011e+30
-2.05219e+34
-2.05606e+34
-1.73962e+27
-1.85152e+27
-1.77881e+27
-2.05215e+34
-4.20622e+32
-1.86372e+33
-5.92442e+27
-9.52653e+31
-3.51499e+32
-2.01964e+27
-3.72159e+30
-2.85139e+32
-2.05739e+34
-1.86685e+27
-2.05293e+34
-4.81588e+31
2.50424e+30
-9.41531e+29
2.62325e+30
-2.09373e+34
-5.98905e+30
-2.05163e+34
-1.23417e+34
4.40594e+28
-1.82345e+27
-1.76695e+31
-1.78446e+32
-3.62627e+27
-9.84432e+27
-4.69274e+27
-3.79359e+30
-1.25801e+32
-1.86472e+27
-1.59986e+27
-3.78012e+32
-4.31898e+30
-1.80155e+27
-1.29639e+27
8.87787e+26
-1.91289e+27
-2.73551e+27
-1.85095e+27
-2.4847e+31
-1.53864e+27
-4.08381e+32
-3.8795e+32
-4.07584e+32
7.66243e+32
-2.03214e+34
4.01253e+30
-1.82321e+27
-2.1002e+34
-2.85735e+32
-1.59483e+27
2.77839e+33
-2.05175e+34
-1.09972e+29
-1.45303e+33
-1.54025e+34
-2.73423e+31
-6.75252e+29
-2.85215e+32
-3.68853e+30
-1.29712e+27
8.21097e+32
-5.53963e+32
-5.05855e+32
-8.63126e+27
-2.93802e+32
-2.06266e+34
-3.80749e+33
1.27066e+28
-5.60509e+32
-2.05632e+34
-2.05516e+34
-2.59147e+31
-2.05243e+34
-2.05409e+34
-1.82889e+34
-4.21924e+32
-1.54323e+33
-2.05644e+34
-2.05172e+34
-1.86833e+27
-1.95704e+34
-5.08315e+32
-5.62178e+31
-2.72373e+32
-2.05528e+34
-1.06659e+31
-3.05344e+32
-3.2967e+33
-1.89639e+27
-1.92622e+34
-4.12326e+32
-2.05528e+34
-4.65907e+32
-2.05172e+34
-2.06132e+34
-2.05681e+34
-1.00808e+33
3.90191e+31
-1.84986e+34
-4.5261e+30
-5.35231e+30
-2.49874e+27
-1.03152e+32
-3.25864e+28
-1.81024e+27
-2.05284e+34
-1.95696e+27
-2.06419e+34
-2.88825e+32
-3.96664e+32
-2.05629e+34
-8.30562e+28
-6.00564e+29
-3.00226e+32
1.62794e+28
-1.1404e+29
-4.17698e+30
-1.2355e+34
-1.63065e+27
-4.4615e+32
-2.01876e+34
-9.4801e+30
-2.771e+27
-2.09965e+31
-2.56155e+31
-2.452e+29
-1.54138e+31
-8.40918e+33
-3.63306e+28
-5.38714e+29
-2.05163e+34
4.00857e+30
-1.87032e+27
-2.61245e+32
-1.85055e+27
-2.13682e+31
-1.87799e+27
-1.87993e+27
-2.05285e+34
-1.81358e+27
-3.75587e+29
-1.53485e+27
-2.13758e+34
-9.02307e+28
-2.05178e+34
-2.05487e+34
-2.05199e+34
-2.05141e+34
-2.26437e+27
-2.49259e+27
-1.83492e+27
-4.17268e+32
-1.87745e+27
-1.61521e+27
-1.87485e+27
-1.76704e+27
-1.89782e+27
-1.99643e+27
-8.62249e+30
-1.26097e+31
-4.04107e+32
-9.23153e+30
-1.89028e+27
-1.88735e+27
-1.78398e+27
-2.06024e+34
-3.29837e+33
-3.56123e+29
-5.60774e+27
-4.82333e+28
1.17303e+30
-1.59941e+33
-7.44309e+31
-2.05631e+34
-2.06424e+34
-7.62277e+32
-2.02794e+34
5.52627e+32
-2.23549e+29
-3.2427e+31
-6.12694e+29
-2.45976e+29
-5.23994e+32
-3.04053e+27
-3.2439e+32
-2.07696e+34
-1.80402e+29
-6.34966e+28
-1.69421e+28
-8.13308e+28
-3.01413e+32
-4.88279e+31
-6.69317e+29
-4.95654e+32
-2.04508e+34
2.02679e+30
-7.24766e+28
-2.03032e+29
-1.40385e+27
-5.04505e+32
-3.04785e+32
-3.37219e+33
-5.25647e+32
-5.70741e+33
-1.38874e+27
-2.05758e+34
-4.14164e+32
-5.70836e+33
-1.24959e+29
-2.06557e+34
-2.07533e+34
-5.284e+32
-7.58897e+31
-1.74159e+30
-1.22673e+32
1.4093e+30
-1.69761e+27
-2.05247e+34
-1.8613e+30
-3.29877e+33
-2.01969e+34
-4.12725e+32
-2.04857e+34
-5.29206e+30
-4.25748e+27
-2.05199e+34
-4.92898e+32
-3.09694e+32
-4.54166e+32
-1.09754e+30
-1.65374e+30
-2.03358e+34
-4.71371e+32
-2.05283e+34
-1.31003e+32
-1.62325e+29
-2.8961e+32
-3.69054e+30
-2.0403e+34
-1.93071e+27
-4.39214e+32
-2.92403e+32
-2.04316e+34
-2.42544e+29
-1.49454e+30
-4.32923e+32
-2.00921e+34
-5.48685e+30
-1.12136e+28
-2.31948e+32
-3.94611e+28
-3.82891e+30
-4.24742e+32
-1.64295e+31
-6.49398e+30
-2.05542e+34
-3.05217e+28
-1.7859e+31
-1.99644e+30
-5.34974e+32
-1.54694e+31
-1.66654e+27
-1.8911e+27
-1.99598e+34
-1.52921e+31
1.25518e+28
-2.06222e+34
-5.02541e+32
-2.03187e+34
-6.0324e+29
-2.06596e+34
-1.8911e+27
-1.98941e+27
1.24499e+30
-4.88982e+27
-4.38056e+28
-2.04848e+34
-2.06483e+27
-2.39533e+31
-3.80743e+30
-7.33573e+29
-1.70292e+27
-4.4744e+32
-9.15841e+30
-2.0608e+34
-2.05621e+34
6.51921e+29
8.64458e+29
-2.05598e+34
-2.01087e+34
-3.41233e+27
-1.14344e+32
-3.77472e+27
-1.74088e+27
-3.4604e+28
-1.88116e+27
-1.19739e+29
-5.37251e+32
-3.54134e+27
-1.88194e+27
-5.58019e+31
-4.96895e+28
-4.56275e+32
-1.3048e+31
-1.7441e+27
-3.00131e+28
-1.47091e+27
-2.10437e+31
-4.27098e+32
-2.67915e+29
-2.63353e+27
-1.83215e+27
-1.85223e+27
-1.85891e+27
2.42621e+30
-1.86659e+27
-2.92085e+32
-1.89162e+27
-1.57204e+33
-6.81817e+27
9.66735e+32
-2.95849e+32
-6.49889e+27
7.23431e+31
-2.08075e+34
-1.85205e+27
-9.57888e+31
-2.05406e+34
-1.28078e+31
-5.15793e+30
-4.8329e+30
-1.26924e+31
-1.83438e+27
-1.0249e+31
-1.8352e+27
-1.85479e+27
-1.87164e+31
-5.65255e+30
-1.74638e+27
-4.8782e+32
-4.11734e+32
1.23035e+28
-4.12777e+32
-1.85764e+27
-2.05439e+34
-2.99021e+28
-3.22513e+32
-2.05616e+34
-3.55078e+32
-1.64403e+31
-2.32112e+27
-4.6121e+32
-4.33331e+30
-4.20992e+30
-2.65183e+27
-1.37135e+34
-4.02559e+32
-4.0298e+30
-1.60067e+27
-2.75959e+32
3.05227e+32
-4.33012e+32
-3.93853e+30
-1.87609e+27
-2.69965e+27
-2.02053e+34
-3.34272e+32
-2.05152e+34
-4.32063e+30
-2.05221e+34
-3.34472e+32
-2.05172e+34
-5.678e+31
-1.69811e+27
-1.53988e+34
-2.04671e+34
-4.33974e+28
-2.05352e+34
-2.10774e+34
-5.32314e+32
-2.05292e+34
-1.88079e+27
-2.01505e+34
2.61649e+33
-2.05156e+34
-1.13299e+29
-2.84112e+32
-1.35122e+32
-2.05502e+34
-8.58793e+29
-4.93722e+33
-3.10066e+32
-2.05593e+34
-2.70975e+27
-2.05553e+34
-3.65178e+30
-2.05171e+34
-1.58165e+29
-3.10192e+32
-2.06345e+34
-2.89741e+32
-3.14513e+32
-6.23341e+31
-1.75712e+27
-4.89534e+33
-1.76092e+27
-1.77838e+27
-2.07005e+34
-6.57647e+29
-2.06352e+34
-2.01086e+34
-4.98718e+27
5.39908e+32
-2.10582e+34
-1.89215e+29
-1.79122e+34
-1.02743e+29
-1.54933e+32
-2.87253e+27
-1.80273e+27
-4.75014e+32
-2.85535e+32
-1.80982e+27
-7.67493e+29
-1.68989e+27
-2.05489e+34
-2.04737e+34
-1.13231e+30
-2.52099e+27
-7.11096e+32
-2.26304e+27
-1.08961e+30
-2.54531e+34
-2.04637e+34
-2.26308e+27
-2.26362e+27
-1.82548e+31
-1.73496e+27
-1.80242e+30
-2.16715e+27
-1.81132e+27
-1.92583e+34
-2.05562e+34
-2.05564e+34
5.16472e+30
-1.84181e+27
-1.8454e+27
-2.30468e+30
-1.51829e+30
-1.08772e+29
-9.03676e+29
-4.06129e+29
-1.06508e+29
-3.25641e+28
-2.05992e+34
-3.21952e+33
-8.92652e+31
5.64271e+32
-1.83829e+27
-1.69763e+27
-2.05206e+34
5.4933e+32
-1.49652e+33
-8.40453e+32
-2.05796e+34
-3.95831e+31
-1.3828e+27
-7.71178e+30
-2.05799e+34
-4.25003e+28
-3.20709e+28
-2.05674e+34
-2.05986e+34
-2.05637e+34
-2.05714e+34
-2.05406e+34
-2.05566e+34
-3.03864e+27
-3.89744e+31
-5.42146e+28
-9.93584e+29
-2.84065e+29
3.48091e+29
-1.81388e+27
-5.57113e+32
-2.04427e+34
-2.01738e+34
-6.88332e+29
-3.90877e+30
-2.05613e+34
-2.48581e+31
-1.53434e+27
-2.05281e+34
-2.07413e+33
-6.98695e+32
-1.55611e+27
-1.92208e+27
-1.53271e+27
1.43861e+30
-1.30167e+27
-5.20591e+28
-4.0643e+32
-1.07237e+28
4.99509e+32
-2.04677e+34
-1.97687e+34
-4.23228e+27
-4.20521e+32
-2.06188e+34
-8.31259e+28
-2.80416e+32
-2.61989e+32
-2.05072e+34
-9.58117e+29
-2.70811e+28
-2.7238e+27
-3.84045e+32
-4.41436e+27
-3.47296e+32
-2.05198e+34
-4.92467e+32
-1.76901e+27
-2.52352e+28
-8.32379e+26
-5.172e+27
-4.04807e+28
-2.05354e+34
1.13652e+33
-2.03246e+33
-7.24975e+31
-4.05491e+32
-4.0875e+32
-1.85065e+27
-1.86645e+27
-1.56549e+27
-1.84518e+27
-4.58408e+31
-3.98512e+32
-6.12932e+32
-1.89444e+27
-5.32562e+32
-1.8092e+27
-5.67438e+31
-4.08536e+32
-1.686e+30
-2.01458e+34
-2.05606e+34
-1.31034e+27
-1.83694e+27
-1.35344e+27
-5.05396e+32
-1.60649e+27
-1.81371e+27
-2.74822e+27
-1.74334e+27
-1.94149e+34
-1.23459e+34
-1.84569e+27
-9.70403e+33
-2.69454e+27
-5.06961e+32
-2.01753e+34
-4.12765e+32
-3.50588e+32
-8.41335e+33
-1.78942e+27
-1.46618e+27
-2.05202e+34
-6.1587e+27
-1.6068e+27
-5.61075e+31
-7.52996e+29
-4.23182e+30
-2.05075e+34
-7.89977e+31
-1.46586e+27
-1.64499e+31
2.76287e+30
1.06256e+33
-2.05256e+34
-3.56703e+32
-2.05156e+34
-1.82472e+27
-1.80857e+27
-3.21796e+27
-1.87905e+31
-5.51781e+32
-4.73191e+31
-2.05679e+34
-3.98462e+33
-2.7081e+27
-4.1138e+32
1.25642e+33
-2.8776e+32
1.23257e+33
-2.92587e+33
-5.68793e+32
-3.96903e+33
-2.98313e+28
-1.96211e+27
3.54826e+31
-1.88831e+27
-8.41708e+32
-2.0548e+34
-1.30399e+34
-1.87634e+27
-3.25715e+31
-2.49042e+27
-1.3042e+34
-2.48151e+27
-1.95867e+27
-1.50279e+27
-2.27464e+27
-3.51615e+32
-4.18442e+32
-2.70639e+27
-4.01607e+32
-2.05534e+34
-2.05511e+34
-2.05485e+34
-2.05594e+34
-1.4532e+33
-2.05391e+34
-2.05227e+34
-5.81786e+32
-3.3825e+32
-2.05626e+34
-2.85674e+32
-3.71582e+32
-2.05876e+34
-4.42665e+32
-3.76968e+32
-3.68144e+30
-2.72588e+32
-1.29897e+28
-3.67177e+32
-2.60735e+27
-1.82891e+34
-3.37098e+33
-3.19152e+32
-4.33153e+32
-1.74546e+27
-2.05513e+34
-4.17409e+32
-4.42835e+32
-5.9599e+31
-7.75712e+31
-8.95807e+31
-2.05706e+34
-2.09607e+34
-3.20775e+31
-2.05146e+34
-2.0605e+34
2.82972e+30
-1.81381e+27
-2.05559e+34
-4.57397e+32
-2.05254e+34
-1.67576e+33
-5.00442e+29
-2.05614e+34
-5.71919e+32
-1.97623e+27
-5.4781e+28
-1.81865e+27
-1.84546e+27
-1.83276e+27
-1.83353e+27
-1.84776e+27
-1.66438e+27
-4.4778e+32
-7.7787e+28
-5.00777e+32
-1.73035e+30
-2.05584e+34
-1.72666e+27
-2.04496e+34
-7.37831e+33
-3.4145e+28
-3.75876e+30
-3.71369e+30
-1.97795e+34
7.11525e+30
-1.84193e+27
-1.98211e+27
-1.94711e+34
-1.94068e+34
-1.95446e+34
-2.0429e+34
-2.04345e+34
-2.04376e+34
-4.30322e+30
-5.56826e+30
4.41122e+30
3.05041e+30
3.73941e+30
3.16954e+30
-5.47123e+27
-6.65046e+27
-6.65568e+27
-2.52099e+28
-7.2515e+27
-6.31004e+27
-7.09664e+27
-1.86147e+28
-1.70292e+27
-1.69564e+27
-1.26128e+27
-1.49046e+27
-1.60766e+27
-5.51052e+30
-1.01567e+30
-1.45711e+30
-1.05117e+30
-2.39793e+30
-4.97309e+30
-1.68421e+30
-2.5806e+30
-9.52649e+31
-2.79382e+32
-2.82444e+32
-2.84118e+32
-2.38463e+27
-2.05504e+34
-2.39399e+27
-2.07686e+34
-3.4742e+28
-2.49466e+27
-2.0747e+34
-2.05475e+34
-2.06202e+34
-2.05504e+34
-2.05843e+34
-2.05063e+34
-2.02032e+34
-2.04363e+34
-2.0505e+34
-2.05152e+34
-2.05275e+34
-2.04728e+34
-2.04827e+34
-2.05102e+34
-2.04754e+34
-2.06119e+34
-2.06151e+34
-2.05905e+34
-2.05813e+34
-2.06272e+34
-2.05527e+34
-2.05352e+34
-2.06202e+34
-2.05504e+34
-1.84903e+34
-1.84998e+34
-2.77479e+32
-2.75807e+32
-2.82194e+32
-2.84268e+32
-2.89245e+32
-2.9251e+32
-3.63934e+32
-3.64096e+32
-4.24194e+32
-4.25159e+32
-3.85011e+32
-4.19879e+32
-4.49172e+32
-4.50686e+32
-4.20167e+32
-4.502e+32
-4.32124e+32
-4.51421e+32
-4.50914e+32
-4.28208e+32
-4.08778e+32
-3.99153e+32
-4.12432e+32
-3.99489e+32
-3.98016e+32
-3.91465e+32
-2.91165e+32
-3.05806e+32
-1.83698e+32
-2.24481e+32
-1.88888e+32
-1.22882e+32
-1.09645e+32
-1.07178e+32
-5.32979e+31
-1.8364e+31
-2.00601e+31
-1.45861e+31
-1.35922e+31
-1.26458e+31
-1.17316e+31
-1.05497e+31
-7.03839e+30
-6.4303e+30
-7.44622e+30
-7.08264e+30
-6.32048e+30
-7.09502e+30
-5.8652e+30
-5.91067e+30
-5.89354e+30
-5.01793e+30
-5.00131e+30
-5.24285e+30
-4.35284e+30
-4.59944e+30
-3.70642e+30
-3.05823e+29
-3.70822e+29
-3.05162e+29
-2.63298e+29
-1.23291e+34
-1.7001e+28
-1.69749e+28
-6.79807e+27
-6.79745e+27
-8.38295e+27
-3.68906e+27
-3.69284e+27
-3.68515e+27
-4.8558e+27
-2.79817e+27
-3.0269e+27
-1.85299e+27
-1.85107e+27
-1.85234e+27
-1.91305e+27
-1.8341e+27
-1.84941e+27
-1.86218e+27
-1.86212e+27
-1.85041e+27
-1.85044e+27
-1.8505e+27
-1.84263e+27
-1.85087e+27
-1.84298e+27
-1.84353e+27
-1.84196e+27
-1.81407e+27
-1.4678e+27
-1.76441e+27
-1.81139e+27
-1.23773e+27
-1.28816e+27
-1.32081e+27
-1.28897e+27
-1.68369e+27
-1.31305e+27
-1.83269e+27
-1.65196e+27
-1.54531e+27
-1.54467e+27
1.98542e+28
1.80763e+28
-2.39447e+28
2.54718e+27
-5.24261e+27
1.20163e+28
-2.593e+28
-2.78029e+28
1.26337e+28
1.25111e+28
-1.81552e+28
-2.00359e+28
-2.05381e+28
-1.95038e+28
-5.05468e+28
-5.1353e+28
-5.06221e+28
-5.17236e+28
-1.03678e+29
-1.0338e+29
-5.45719e+28
1.3448e+28
-5.71662e+28
3.90888e+28
4.00337e+30
3.99873e+30
3.47224e+30
4.00593e+30
4.032e+30
3.47029e+30
4.04469e+30
2.43492e+30
2.97914e+30
2.3995e+30
2.9826e+30
2.98744e+30
2.76148e+30
3.00475e+30
2.983e+30
2.96854e+30
2.70969e+30
1.67165e+30
1.69357e+30
2.03523e+30
1.84972e+30
1.87152e+30
1.75225e+30
5.39656e+30
1.13573e+30
6.41233e+30
4.9198e+30
8.8108e+30
7.90948e+30
5.4271e+30
8.05004e+30
8.89493e+30
2.98861e+30
-6.09779e+30
-2.64091e+30
-1.01172e+31
-3.68436e+30
-2.85849e+30
-5.19644e+30
-5.1954e+30
-2.1773e+31
-1.13774e+31
-5.58879e+30
-2.31853e+31
-1.82033e+31
7.42864e+30
3.14095e+31
4.41664e+31
3.89739e+30
3.94897e+31
2.94168e+32
6.4201e+31
3.1611e+32
-1.37579e+32
1.13699e+33
-2.23881e+33
-2.34193e+33
-2.04855e+33
-2.50138e+33
-1.87503e+33
-1.20779e+33
2.3295e+33
-9.38539e+33
-4.64729e+33
-4.1766e+33
-5.22603e+33
-1.37404e+34
-1.61641e+34
-2.18207e+34
-1.88538e+34
2.13383e+35
-4.38883e+34
-1.30356e+34
2.1478e+35
-2.03885e+34
-2.1025e+34
-2.10759e+34
-2.06928e+34
-1.99032e+34
-2.06435e+34
-1.99896e+34
-2.10111e+34
-2.10006e+34
-1.99985e+34
-2.02209e+34
-2.01963e+34
-2.0513e+34
-2.04435e+34
-2.04496e+34
-2.04394e+34
-3.69938e+28
-2.05409e+34
-2.05404e+34
-2.05496e+34
-2.05516e+34
-2.0531e+34
-2.05646e+34
-2.05647e+34
-2.05285e+34
-2.05155e+34
-2.05858e+34
-2.0533e+34
-2.05512e+34
-2.0621e+34
-1.85281e+34
-1.85197e+34
-1.79123e+34
-3.15679e+33
-4.19265e+32
-3.8757e+32
-2.96636e+32
-2.29331e+32
-1.88143e+32
-9.29986e+30
-5.4239e+30
-5.03665e+30
-3.88765e+29
-1.03132e+30
-3.07783e+29
-1.7046e+28
-8.40995e+27
-4.86761e+27
-6.80842e+27
-1.84999e+27
-1.85065e+27
-1.86194e+27
-1.85593e+27
-1.85066e+27
-1.51882e+27
-1.53476e+27
-1.28776e+27
-1.30806e+27
-6.96126e+27
-3.31868e+28
1.2774e+28
-3.2306e+28
1.38955e+28
1.39616e+28
-1.95705e+28
-5.51789e+28
-4.91246e+28
-5.4922e+28
-6.94228e+28
-5.26096e+28
-6.82411e+28
4.02055e+30
4.03299e+30
4.01787e+30
2.41443e+30
2.74023e+30
1.72842e+30
2.70012e+30
2.96484e+30
2.00909e+30
3.94395e+29
1.4656e+30
6.89414e+30
7.43903e+30
5.61957e+30
6.78154e+30
-2.8037e+30
-7.78426e+30
-9.22858e+30
-2.22242e+30
8.02408e+29
4.11597e+31
4.04762e+31
5.22728e+31
4.7665e+31
3.25266e+32
4.6903e+32
3.09339e+32
-2.12388e+33
2.38052e+33
-9.9347e+33
-1.58116e+34
-1.77285e+34
-4.23375e+34
-1.40899e+34
2.13358e+35
-2.11132e+34
-2.05553e+34
-2.02285e+34
-2.03094e+34
-2.06169e+34
-2.64541e+33
-2.06105e+34
-2.04639e+34
-2.0448e+34
-2.02232e+34
-2.04632e+34
-2.05793e+34
-2.05385e+34
-2.05306e+34
-2.05306e+34
-2.05348e+34
-2.05064e+34
-2.05187e+34
-2.05244e+34
-2.05265e+34
-2.05245e+34
-2.05234e+34
-2.05237e+34
-2.05231e+34
-2.05298e+34
-2.05343e+34
-2.05339e+34
-2.05338e+34
-2.05405e+34
-2.05408e+34
-2.05428e+34
-2.05398e+34
-2.05374e+34
-2.05365e+34
-2.0538e+34
-2.05388e+34
-2.05338e+34
-2.05343e+34
-2.05363e+34
-2.0536e+34
-2.05543e+34
-2.05763e+34
-2.05655e+34
-2.05974e+34
-2.0599e+34
-2.05989e+34
-2.05539e+34
-2.05862e+34
-2.05346e+34
-9.05554e+32
-5.35081e+32
-4.16315e+32
-4.6148e+32
-4.60519e+32
-3.09831e+32
-3.00528e+32
-3.00339e+32
-2.92799e+32
-2.86136e+32
-2.87047e+32
-2.86991e+32
-2.82165e+32
-2.89252e+32
-4.20404e+32
-4.4659e+32
-4.4789e+32
-4.55889e+32
-4.6075e+32
-4.48311e+32
-4.60189e+32
-4.43933e+32
-4.72361e+32
-4.44345e+32
-2.63377e+32
-1.3615e+32
-1.16174e+32
-8.08145e+31
-7.59564e+31
-6.43601e+31
-7.31036e+31
-6.35122e+31
-5.15414e+31
-3.6885e+31
-4.00705e+31
-3.59747e+31
-2.41425e+31
-2.21372e+31
-2.83594e+31
-1.88737e+31
-1.72407e+31
-1.72829e+31
-1.52193e+31
-1.38006e+31
-1.43219e+31
-1.09683e+31
-1.11275e+31
-9.46368e+30
-9.04013e+30
-1.01145e+31
-7.75056e+30
-7.48169e+30
-7.39238e+30
-5.0678e+30
-4.70195e+30
-4.78396e+30
-3.11049e+30
-3.20772e+30
-3.20656e+30
-2.30406e+30
-7.40831e+28
-4.81605e+28
-4.55686e+28
-4.53807e+28
-4.53949e+28
-5.16037e+27
-4.13131e+27
-4.12837e+27
-3.41666e+27
-2.70086e+27
-3.16822e+27
-2.4974e+27
-2.65556e+27
-2.6689e+27
-2.47658e+27
-1.99978e+27
-1.9233e+27
-1.92547e+27
-1.99937e+27
-1.90804e+27
-1.8659e+27
-1.86669e+27
-1.85622e+27
-1.84674e+27
-1.85235e+27
-1.85931e+27
-1.84692e+27
-1.83643e+27
-1.83057e+27
-1.85087e+27
-1.83112e+27
-1.80595e+27
-1.7976e+27
-1.75264e+27
-1.76665e+27
-1.76425e+27
-1.58788e+27
-1.5972e+27
-1.6594e+27
-1.80645e+27
-1.83748e+27
-1.81188e+27
-1.66516e+27
-1.4318e+27
-1.47944e+27
-1.72923e+27
-1.76838e+27
-1.78245e+27
-1.82691e+27
-1.93534e+27
-2.61529e+27
-2.71595e+27
-1.23264e+34
-4.37661e+27
-2.72479e+27
-3.45248e+27
-4.50242e+27
-5.71502e+27
-1.08187e+28
-2.99415e+28
-3.02814e+28
-2.82882e+28
1.42502e+28
1.26636e+28
1.37254e+28
1.35538e+28
-3.15426e+28
-3.03939e+28
-3.04132e+28
-3.37579e+28
-3.06057e+28
-3.75015e+28
-7.18329e+28
-5.77849e+28
-1.10203e+29
-1.13938e+29
-1.00529e+29
-6.37046e+28
-8.4206e+28
-1.24696e+29
-8.10561e+28
-1.23356e+34
-6.96745e+28
4.00884e+30
3.46539e+30
-1.67946e+33
2.54072e+30
2.80015e+30
2.41595e+30
2.40229e+30
-1.67121e+33
2.55027e+30
2.728e+30
2.23054e+30
1.98728e+30
1.20822e+30
1.2336e+30
1.43225e+30
1.99786e+30
-5.45499e+29
-8.35965e+29
-2.66349e+30
-2.70419e+30
-2.70627e+30
-2.05562e+30
-2.20871e+30
-2.14801e+30
-1.5981e+30
-1.92127e+30
-1.6967e+30
-1.44479e+30
-1.77526e+30
-2.61956e+30
-2.32625e+30
-4.66745e+30
-5.85867e+30
-8.40185e+30
-1.18604e+31
-1.16128e+31
-1.46818e+31
-1.13131e+31
-1.26423e+31
-1.38273e+31
-1.43569e+31
-2.00628e+31
-1.75864e+31
-1.74979e+31
-2.77381e+31
-4.19982e+31
-3.41913e+31
-8.68692e+31
-6.15173e+31
-1.6678e+33
-8.71062e+31
-2.29316e+32
-3.00483e+32
3.23278e+33
2.24877e+33
3.15571e+33
-2.09982e+34
-2.09344e+34
-2.0973e+34
-2.10409e+34
-2.09584e+34
-2.10916e+34
-2.09479e+34
-1.44244e+34
-4.3218e+34
-2.05661e+34
-1.67684e+33
-2.05604e+34
-2.05506e+34
-2.05663e+34
-2.05642e+34
-2.05508e+34
-2.05649e+34
-2.05671e+34
-2.43944e+27
-2.05608e+34
-2.05618e+34
-2.05617e+34
-2.0556e+34
-2.05507e+34
-2.05552e+34
-2.05547e+34
-2.05362e+34
-2.05524e+34
-2.0542e+34
-2.05398e+34
-2.05391e+34
-1.4621e+30
-2.95285e+27
-2.83301e+27
-4.27593e+32
-5.27558e+32
-4.29665e+32
-2.05383e+34
-2.05376e+34
-2.05382e+34
-2.05402e+34
-2.05265e+34
-2.05381e+34
-2.05397e+34
-2.05451e+34
-2.05456e+34
-2.05475e+34
-2.05464e+34
-2.05471e+34
-2.05474e+34
-2.05466e+34
-2.05506e+34
-2.0548e+34
-2.05514e+34
-2.05474e+34
-2.05356e+34
1.31956e+30
-2.05476e+34
-2.05488e+34
-2.05474e+34
-2.05628e+34
-2.05996e+34
-2.06016e+34
-2.05979e+34
-2.05758e+34
-1.85052e+34
-1.58345e+34
-1.59154e+33
-8.45494e+32
-7.52208e+32
-7.50187e+32
-4.57974e+32
-4.06274e+32
-4.22909e+32
-4.24849e+32
-4.07759e+32
-3.74161e+32
-3.07248e+32
-1.91156e+29
-4.42661e+28
-7.95145e+28
-3.51104e+28
-1.62806e+29
-4.07252e+32
-4.09947e+32
-4.7278e+32
-4.24986e+32
-4.92982e+32
-4.84899e+32
-4.93565e+32
-4.88579e+32
-5.06884e+32
-5.01138e+32
-3.76172e+32
-4.6086e+32
-1.67298e+32
-1.2042e+32
-1.08182e+32
-1.00027e+32
-8.48467e+31
-7.19969e+31
-5.60807e+31
-6.0154e+31
-5.85037e+31
-6.86192e+31
-4.53972e+31
-4.04445e+31
-3.23045e+31
-3.33238e+31
-1.80966e+31
-1.69359e+31
-2.13458e+31
-2.90354e+31
-1.61807e+31
-1.37763e+31
-1.88591e+31
-1.12601e+31
-1.26426e+31
-7.95129e+30
-8.37362e+30
-7.6392e+30
-5.58192e+28
-1.03269e+31
-6.65078e+30
-6.41776e+30
-6.77527e+30
-5.68042e+30
-4.8686e+30
-4.76595e+30
-4.65307e+30
-3.41156e+30
-2.64342e+30
-2.48236e+29
-3.68236e+30
-1.78514e+30
-1.70937e+27
-1.76881e+27
-4.21142e+28
-4.53505e+28
-4.13445e+28
-6.88977e+27
-2.80297e+28
-1.11275e+28
-5.84584e+27
-5.29245e+27
-5.1638e+27
-5.87559e+27
-3.21524e+27
-3.74994e+27
-3.16009e+27
-3.0345e+27
-2.79261e+27
-2.65077e+27
-2.85117e+27
-2.54382e+27
-2.51761e+27
-2.50382e+27
-2.0053e+27
-1.98808e+27
-2.33046e+27
-2.37813e+27
-1.98844e+27
-1.91608e+27
-1.91374e+27
-1.86446e+27
-1.90961e+27
-1.89674e+27
-1.88089e+27
-1.87208e+27
-1.86942e+27
-1.86916e+27
-1.87493e+27
-1.87439e+27
-1.87524e+27
-1.84728e+27
-1.85484e+27
-1.85942e+27
-1.8654e+27
-1.81603e+27
-1.83335e+27
-1.81366e+27
-1.75709e+27
-1.79871e+27
-1.80848e+27
-1.75856e+27
-1.65273e+27
-1.73362e+27
-4.09986e+27
-4.43053e+27
-4.49512e+27
-1.80879e+27
-1.8643e+27
-1.85983e+27
-1.85397e+27
-1.82367e+27
-1.80763e+27
-1.82671e+27
-1.8336e+27
-1.83075e+27
-1.8832e+27
-1.87858e+27
-1.87012e+27
-1.83043e+27
-1.88625e+27
-1.89976e+27
-1.8982e+27
-2.35394e+27
-1.97545e+27
-2.6387e+27
-2.5381e+27
-2.71277e+27
-2.58265e+27
-2.63336e+27
-2.64224e+27
-1.11282e+28
-5.36171e+27
-2.92883e+28
-1.12538e+28
-6.35097e+29
-3.29549e+28
-3.6447e+28
-3.43307e+28
-2.85523e+28
-4.05599e+28
-3.76071e+28
-3.04713e+28
-4.29937e+28
-1.19993e+29
-1.18809e+29
-2.09796e+29
-8.77888e+28
-2.52553e+29
-2.16198e+29
-3.97278e+29
-3.50378e+29
-4.06339e+29
-1.12809e+29
1.44797e+30
1.8627e+30
2.09976e+30
2.1406e+30
2.1604e+30
2.13846e+30
-2.16756e+33
-2.17177e+33
-1.07498e+33
-1.86689e+33
-6.74477e+29
-8.27649e+29
-5.4292e+29
1.42076e+30
-9.3102e+29
-1.0002e+30
-8.14005e+29
-1.00433e+30
-3.52915e+30
-3.75583e+30
-1.79899e+30
-3.77962e+30
-2.37745e+30
-1.77747e+30
-4.38637e+30
-4.62285e+30
-1.46403e+30
-4.42677e+30
-5.53745e+30
-5.08748e+30
-5.21383e+30
-7.04812e+30
-6.429e+30
-2.41761e+30
-6.68965e+30
-9.78859e+30
-9.59693e+30
-1.02647e+31
-1.37261e+31
-1.18153e+31
-1.29609e+31
-1.24327e+31
-1.4082e+31
-6.39214e+29
-1.92522e+31
-1.73014e+31
-1.5297e+31
-3.06807e+31
-3.72638e+31
-1.831e+31
-3.45458e+31
-2.0154e+31
-4.40723e+31
-4.06793e+31
-1.81303e+31
-5.9537e+31
-3.34206e+31
-7.55624e+31
-7.68804e+31
-7.86022e+31
-9.30825e+31
-1.21603e+32
-1.44199e+32
-6.30074e+31
-8.80514e+31
-2.20862e+32
-2.06116e+34
-2.80339e+33
-2.0541e+34
-2.03905e+34
-2.08255e+34
-2.07026e+34
-2.08616e+34
-2.06295e+34
-2.07726e+34
-2.07765e+34
-2.12822e+34
-2.54087e+34
-2.06326e+34
-2.06297e+34
-2.06234e+34
-2.0603e+34
-2.05711e+34
-2.05704e+34
-2.05713e+34
-2.05625e+34
-2.05616e+34
-2.05658e+34
-2.05618e+34
-2.05619e+34
-2.05614e+34
-2.05546e+34
-2.05593e+34
-2.0557e+34
-2.05577e+34
-2.05527e+34
-2.05545e+34
-2.05506e+34
-2.05548e+34
-2.05538e+34
-6.1519e+29
-8.51495e+29
-4.4196e+27
-3.46313e+27
-4.38392e+27
-4.25811e+27
-2.61137e+27
-2.62268e+27
-2.61303e+27
-4.16718e+32
-4.17856e+32
-2.03723e+27
-4.19896e+32
-4.04593e+32
-1.07347e+33
-8.98675e+32
-4.3217e+32
-4.75121e+32
-2.05438e+34
-2.05498e+34
-2.05421e+34
-2.0547e+34
-2.05992e+34
-2.06393e+34
-2.05903e+34
-2.06266e+34
-1.9457e+27
-1.92428e+27
-1.98679e+27
-1.94184e+27
-1.89428e+27
-2.05493e+34
-2.05512e+34
-2.05481e+34
-2.05537e+34
-2.05546e+34
-2.05485e+34
-2.05551e+34
-2.05464e+34
-2.05565e+34
-2.05568e+34
-2.05563e+34
-2.05565e+34
-2.05642e+34
-2.05682e+34
-2.05502e+34
-2.0572e+34
-2.05971e+34
-4.18289e+32
-4.13042e+32
-4.1231e+32
-4.68809e+32
-7.50154e+29
-7.92093e+29
-7.02054e+29
-8.14565e+29
-4.25336e+32
-4.15852e+32
-4.2262e+32
-5.43829e+32
-5.49487e+32
-5.12225e+32
-5.04639e+32
-5.5549e+32
-5.00399e+32
-5.23663e+32
-5.02973e+32
-3.93979e+32
-3.95592e+32
-4.29254e+32
-1.35386e+32
-1.19228e+32
-4.357e+31
-2.61694e+31
-1.70563e+31
-2.30971e+31
-1.60919e+31
-9.30706e+30
-1.28332e+31
-7.18724e+30
-7.37395e+30
-5.36328e+30
-4.61522e+30
-3.85841e+30
-3.69395e+30
-3.76061e+30
-2.05526e+34
-2.05509e+34
-5.53113e+28
-5.89639e+28
-4.06868e+28
-3.2045e+28
-2.75975e+28
-1.2881e+28
-5.69087e+27
-5.55289e+27
-5.45422e+27
-4.93519e+27
-4.64373e+27
-4.50368e+27
-4.34722e+27
-3.97583e+27
-2.83366e+27
-2.58076e+27
-2.52735e+27
-2.59971e+27
-2.68108e+27
-1.91597e+27
-2.40328e+27
-2.1043e+27
-1.87832e+27
-1.88408e+27
-1.90048e+27
-1.8841e+27
-1.86504e+27
-1.86443e+27
-1.85592e+27
-1.82892e+27
-1.86838e+27
-1.8659e+27
-1.84387e+27
-1.88676e+27
-1.86313e+27
-8.29893e+29
-6.66145e+29
-6.83826e+29
-1.89212e+27
-1.90161e+27
-1.93631e+27
-1.88112e+27
-1.90572e+27
-1.99205e+27
-2.47064e+27
-5.9947e+29
-2.10206e+29
-5.58252e+29
-6.07753e+29
-6.56034e+29
1.3183e+30
-6.64825e+29
-2.06695e+30
-2.06094e+34
-2.06987e+34
-2.06182e+34
-2.05765e+34
-2.06172e+34
-2.06036e+34
-2.06007e+34
-2.05717e+34
-2.05765e+34
-2.05648e+34
-2.05604e+34
-2.05594e+34
-2.05621e+34
-2.05574e+34
-2.05548e+34
-1.88904e+27
-2.53057e+29
-6.19428e+29
-2.56533e+29
-4.15389e+32
-2.05543e+34
-1.89791e+29
1.4047e+30
-2.06563e+34
-1.42318e+29
-1.88169e+27
-1.89146e+27
-2.0584e+34
-2.05688e+34
-1.90226e+27
-2.0414e+27
-1.89255e+27
-1.88563e+27
-1.12485e+31
-7.34125e+28
-9.36492e+28
-4.95808e+28
2.07356e+30
1.23235e+30
-6.45051e+31
-3.79491e+31
-1.30134e+32
-2.13311e+34
-2.09793e+34
-2.08885e+34
-2.04509e+34
-2.05605e+34
-2.05539e+34
1.40282e+30
-4.27539e+32
-2.05476e+34
-2.05469e+34
-2.05968e+34
-2.77379e+31
-1.65044e+31
-2.05515e+34
-3.66669e+30
-3.02105e+30
-2.59558e+27
-1.9912e+27
-2.37279e+27
-1.88237e+27
-1.90763e+27
1.3288e+30
-7.54592e+29
-5.04464e+27
-6.18853e+27
-4.51018e+27
-3.74519e+28
-3.3086e+28
-3.61478e+28
-3.89955e+28
-1.94283e+30
-3.66435e+31
-3.32618e+31
-8.33211e+31
-2.05682e+34
-2.074e+34
-2.06788e+34
-2.05576e+34
-2.05568e+34
-3.11763e+29
-5.49391e+29
-2.05959e+34
-2.84276e+28
-8.97966e+30
-2.56063e+31
-2.05576e+34
-6.76112e+31
-6.14769e+29
-1.97434e+27
-2.43037e+27
-2.05526e+34
-2.05538e+34
-7.66138e+29
-2.0454e+34
-2.04558e+34
2.7198e+30
-6.34878e+27
-1.6876e+27
-2.05541e+34
-2.42805e+30
-5.29682e+30
-2.83331e+32
-2.05586e+34
-2.0759e+34
-2.49874e+27
-2.05524e+34
-2.05589e+34
-4.24855e+32
-2.0567e+34
-3.94915e+32
-2.05691e+34
-5.35422e+30
-8.4073e+27
-1.85543e+27
-1.85542e+27
-1.28711e+27
-2.8913e+28
-1.89174e+28
-1.98074e+28
-4.94652e+28
2.97982e+30
5.29867e+30
-8.14379e+31
-1.46341e+30
-6.21698e+31
-3.55797e+31
-1.79171e+31
3.71897e+31
5.90861e+30
3.03919e+32
-2.30449e+33
-8.26055e+30
-1.74721e+33
-2.77133e+33
-9.69583e+33
-2.10451e+34
-4.86999e+30
-2.08531e+34
-4.53818e+30
-2.06436e+34
-2.04537e+34
-1.18191e+33
-2.0052e+34
-2.04428e+34
-3.62639e+33
-2.05512e+34
1.4512e+28
1.34639e+30
-7.57847e+29
-4.18681e+31
3.35261e+32
-2.16355e+34
-2.1173e+34
-2.0444e+34
-6.51479e+29
-2.05611e+34
-2.06198e+34
-2.05616e+34
-1.05262e+32
-1.2581e+31
-1.12045e+31
-2.58511e+27
-1.99417e+27
-1.91287e+27
-3.04957e+28
-7.92399e+28
-8.5855e+28
2.14861e+30
1.42501e+30
-2.60496e+30
-4.38438e+31
-1.22163e+32
3.33529e+33
-2.10756e+34
-2.08527e+34
-2.10064e+34
-2.05614e+34
-6.48493e+29
-2.05383e+34
-2.05536e+34
-4.28495e+32
-2.05491e+34
-5.59021e+28
-2.05472e+34
-2.05504e+34
-4.90395e+32
-3.81954e+28
-1.19767e+32
-1.59794e+31
-9.95304e+30
-3.53172e+30
-2.80735e+30
-3.64685e+30
-6.21768e+27
-1.90854e+27
-1.8976e+27
-2.05108e+34
-2.05103e+34
-2.05131e+34
-2.05163e+34
-2.07411e+28
-1.87946e+28
-1.83966e+28
-1.94703e+28
)
;

boundaryField
{
    Wall
    {
        type            zeroGradient;
    }
    Inlet
    {
        type            zeroGradient;
    }
    Outlet
    {
        type            fixedValue;
        value           uniform 0;
    }
    Empty
    {
        type            empty;
    }
}


// ************************************************************************* //
