/*--------------------------------*- C++ -*----------------------------------*\
| =========                 |                                                 |
| \\      /  F ield         | OpenFOAM: The Open Source CFD Toolbox           |
|  \\    /   O peration     | Version:  2312                                  |
|   \\  /    A nd           | Website:  www.openfoam.com                      |
|    \\/     M anipulation  |                                                 |
\*---------------------------------------------------------------------------*/
FoamFile
{
    version     2.0;
    format      ascii;
    arch        "LSB;label=32;scalar=64";
    class       Cloud<passivePositionParticle>;
    location    "0.10005/lagrangian/kinematicCloud";
    object      coordinates;
}
// * * * * * * * * * * * * * * * * * * * * * * * * * * * * * * * * * * * * * //

150
(
(0 0.00882045 0.669056 0.322123) 103475 532502 1
(0 0.790447 0.163283 0.0462703) 63029 529273 2
(0 0.144342 0.413972 0.441686) 125328 540735 1
(0 0.00942503 0.509538 0.481037) 175429 559156 2
(0.410897 0.104533 0.423344 0.0612256) 146752 459768 2
(0.612945 0.0439247 0.191526 0.151605) 174123 517187 2
(0.0368567 0.0844354 0.651903 0.226805) 146749 459724 2
(0.412096 0.120166 0.454412 0.0133258) 88109 13940 1
(0 0.0124656 0.410055 0.57748) 19369 527095 1
(0 0.678146 0.220222 0.101632) 68837 529329 2
(0 0.0432965 0.0951517 0.861552) 125551 540827 1
(0 0.208313 0.54062 0.251066) 125554 540828 2
(0 0.208787 0.27487 0.516343) 175690 559259 2
(0 0.295769 0.428846 0.275385) 175639 559241 2
(0.396532 0.0376111 0.000835516 0.565021) 27565 135777 2
(0.0658286 0.104849 0.00997457 0.819348) 4636 24282 1
(0.355436 0.379174 0.0532552 0.212135) 92210 302482 1
(0.137844 0.0602383 0.559827 0.242091) 11238 62052 1
(0.419287 0.206365 0.184415 0.189933) 27558 24299 1
(0.345255 0.105143 0.365215 0.184387) 4614 24132 2
(0.0532941 0.130333 0.679361 0.137012) 27937 136682 2
(0.409068 0.450406 0.071292 0.0692343) 27557 135758 2
(0.268504 0.180315 0.436152 0.115029) 4624 24207 2
(0.232442 0.0415569 0.484344 0.241657) 4634 24228 1
(0.548157 0.0567943 0.105342 0.289706) 4634 24268 1
(0.45049 0.259572 0.057174 0.232765) 20295 14509 1
(0.603784 0.0280118 0.0709977 0.297207) 27899 136568 2
(0.0868851 0.0726715 0.775528 0.0649158) 4634 24267 1
(0.413881 0.188011 0.187349 0.210759) 4694 24609 2
(0.367524 0.340453 0.134914 0.157109) 4694 24608 1
(0.0810386 0.0193024 0.030655 0.869004) 4624 24205 2
(0.0647386 0.508059 0.313504 0.113698) 27557 135758 2
(0.217627 0.36037 0.0706468 0.351356) 11141 61685 2
(0.211228 0.0435088 0.688525 0.0567379) 4691 24587 1
(0.486209 0.20841 0.0909392 0.214442) 92246 302541 1
(0.0854247 0.416382 0.484196 0.0139971) 11136 61685 2
(0.401301 0.328021 0.147986 0.122692) 11139 61697 3
(0.410347 0.0484644 0.22314 0.318049) 27930 136663 2
(0.202104 0.143739 0.084947 0.56921) 4619 24130 2
(0.121089 0.376398 0.445327 0.0571859) 27830 136418 2
(0.0113656 0.0528124 0.105557 0.830265) 11137 61689 1
(0.00370848 0.0111523 0.122819 0.862321) 11140 24160 2
(0.293048 0.00245201 0.0919447 0.612556) 11225 62009 1
(0.00266265 0.53433 0.0997976 0.36321) 541 3207 2
(0.482991 0.0784671 0.0621587 0.376383) 11136 61684 1
(0.369363 0.267532 0.0758239 0.287281) 11142 61692 2
(0.275303 0.112863 0.566595 0.0452397) 27862 136497 1
(0.269504 0.0986685 0.387069 0.244758) 2638 14050 2
(0.0605599 0.312312 0.603161 0.0239671) 83935 283677 1
(0.391909 0.225585 0.350105 0.0324014) 2627 1132 1
(0.00573233 0.497453 0.373865 0.122949) 2636 14072 2
(0.0399113 0.612057 0.0426592 0.305372) 2636 14072 3
(0.414579 0.135102 0.144759 0.30556) 49790 57950 2
(0.010662 0.492751 0.248254 0.248333) 2636 14072 3
(0.275872 0.318501 0.399461 0.00616566) 49790 57950 2
(0.142733 0.543031 0.112626 0.20161) 70358 101495 1
(0.397842 0.590832 0.0100094 0.00131613) 70372 101512 2
(0.197081 0.522473 0.0336893 0.246758) 57444 218559 1
(0.216494 0.270588 0.350586 0.162332) 19988 100260 1
(0.22937 0.0764338 0.549708 0.144487) 19988 100273 2
(0.40099 0.46364 0.0239927 0.111377) 70391 101540 2
(0.267245 0.0803643 0.574364 0.0780262) 19989 100280 2
(0.302873 0.197779 0.175114 0.324234) 88202 294709 2
(0.0521777 0.0933907 0.266882 0.587549) 2698 14402 2
(0.0916038 0.23006 0.355592 0.322744) 2698 14401 1
(0.488623 0.198663 0.0391117 0.273602) 88198 294698 2
(0.0893599 0.730307 0.0550138 0.12532) 10124 57414 2
(0.00951854 0.0181357 0.520497 0.451849) 88197 57462 2
(0.148564 0.757852 0.0621153 0.0314686) 88197 294684 1
(0.375813 0.0494867 0.551977 0.0227226) 88195 294695 1
(0.06653 0.789846 0.092643 0.0509808) 88195 283648 1
(0.332998 0.487141 0.00928331 0.170577) 88176 294642 2
(0.147663 0.10646 0.242722 0.503155) 88176 294642 2
(0.241817 0.182349 0.356886 0.218948) 10115 57395 1
(0.747179 0.0318136 0.17888 0.0421273) 57423 57397 2
(0.0826943 0.432489 0.0901378 0.394679) 57423 218471 2
(0.0168709 0.20707 0.092596 0.683463) 83935 283677 2
(0.18812 0.0511976 0.593262 0.167421) 19950 100045 1
(0.314936 0.0233798 0.48464 0.177044) 88148 294564 2
(0 0.34418 0.263753 0.392067) 105510 533268 1
(0 0.370505 0.0322766 0.597218) 151736 550758 1
(0 0.154291 0.79369 0.0520185) 151870 550810 2
(0 0.505363 0.391871 0.102766) 33498 524428 2
(0 0.12479 0.677542 0.197669) 33525 524436 2
(0 0.29009 0.521404 0.188507) 151892 550819 2
(0 0.154303 0.731134 0.114563) 105516 533270 2
(0 0.0172765 0.139934 0.842789) 33498 524428 1
(0 0.106109 0.410655 0.483236) 111860 535756 1
(0.00430417 0.880774 0.101365 0.0135566) 80020 273601 1
(0.166085 0.212305 0.487576 0.134034) 135428 276731 1
(0 0.113019 0.466705 0.420276) 35775 524737 2
(0 0.53981 0.353178 0.107012) 112257 535926 1
(0 0.497199 0.155906 0.346895) 139915 546024 2
(0.45886 0.161122 0.370138 0.00988052) 25466 129755 1
(0.0823691 0.178507 0.360499 0.378625) 10673 60052 2
(0.079745 0.436067 0.0693163 0.414871) 39142 135779 2
(0.363029 0.278954 0.34945 0.00856772) 7494 41260 3
(0.27896 0.188181 0.446808 0.0860513) 7480 41260 3
(0.217319 0.248602 0.113444 0.420635) 7480 41260 3
(0.424015 0.082692 0.322952 0.170342) 7480 41259 3
(0.692166 0.011303 0.290919 0.00561246) 25477 129788 2
(0.224925 0.392726 0.182676 0.199673) 7480 41265 2
(0.0149685 0.821915 0.0717827 0.0913337) 7485 41259 2
(0.222133 0.181109 0.366504 0.230254) 13810 71060 3
(0.253221 0.609545 0.109197 0.0280373) 7485 41259 1
(0.165196 0.0717398 0.74029 0.0227744) 7467 41169 1
(0.409234 0.300849 0.099045 0.190872) 7573 41827 2
(0.817597 0.00813739 0.0112882 0.162977) 13810 71066 1
(0.311577 0.27594 0.361739 0.0507439) 13810 71060 4
(0.212289 0.214799 0.383653 0.189259) 13814 71053 3
(0.440334 0.144926 0.222258 0.192482) 13810 71060 4
(0.225654 0.210811 0.424431 0.139104) 13810 61698 2
(0.222175 0.147358 0.37726 0.253206) 13810 71060 4
(0.0179534 0.19757 0.265057 0.51942) 7484 41258 1
(0.00689571 0.382338 0.455216 0.15555) 13814 71053 1
(0.2178 0.387411 0.284163 0.110626) 13808 71053 2
(0.33998 0.0837477 0.417471 0.158801) 39564 166177 1
(0.293961 0.30291 0.347609 0.0555194) 39558 166167 1
(0.46232 0.295632 0.209761 0.0322867) 7484 41258 2
(0.396875 0.104169 0.290879 0.208077) 7484 41258 3
(0.0307496 0.0122535 0.679412 0.277585) 13813 41285 1
(0.335221 0.118398 0.234566 0.311815) 95606 308153 1
(0.239644 0.041913 0.0185059 0.699937) 7477 41244 2
(0.179847 0.566061 0.141132 0.11296) 53929 208377 2
(0.317344 0.458222 0.120905 0.103529) 81611 277533 1
(0.0680464 0.306217 0.0682078 0.557528) 83721 283670 2
(0.389591 0.263448 0.326815 0.0201454) 83725 283670 2
(0.0717287 0.421503 0.39015 0.116619) 53695 207639 2
(0.480269 0.00129144 0.309927 0.208512) 83725 283664 2
(0.0113499 0.860117 0.0666859 0.0618474) 83719 283664 1
(0.35247 0.141036 0.334815 0.171679) 25450 129670 2
(0.284069 0.0356173 0.107635 0.572679) 81566 128101 1
(0.312457 0.0951422 0.324615 0.267786) 81566 277441 2
(0.809093 0.0921471 0.0748367 0.0239234) 91491 128121 1
(0.0600826 0.196862 0.121322 0.621734) 91491 128121 2
(0.546891 0.0396307 0.279406 0.134072) 91491 301180 2
(0.11374 0.27623 0.346431 0.263599) 53925 208355 2
(0.540991 0.129272 0.230141 0.0995958) 91492 301180 1
(0.32987 0.197181 0.0926668 0.380282) 83716 283655 2
(0.126129 0.397006 0.473318 0.00354686) 53898 71755 1
(0.512939 0.202954 0.262293 0.0218144) 81533 277361 1
(0.247312 0.240453 0.441325 0.0709103) 81528 277361 2
(0.0108915 0.258407 0.132089 0.598613) 83718 283638 1
(0.240303 0.262222 0.406634 0.0908418) 91474 301146 1
(0.273493 0.343021 0.24087 0.142616) 25155 127932 3
(0.156204 0.0261761 0.331645 0.485975) 91468 301137 2
(0.0409093 0.198416 0.675367 0.0853068) 83702 283604 2
(0.23546 0.485283 0.00707446 0.272182) 83702 283593 2
(0.203369 0.0885484 0.138666 0.569416) 81398 277036 2
(0.0547605 0.167905 0.205185 0.57215) 81426 277104 1
)


// ************************************************************************* //
