/*--------------------------------*- C++ -*----------------------------------*\
| =========                 |                                                 |
| \\      /  F ield         | OpenFOAM: The Open Source CFD Toolbox           |
|  \\    /   O peration     | Version:  2312                                  |
|   \\  /    A nd           | Website:  www.openfoam.com                      |
|    \\/     M anipulation  |                                                 |
\*---------------------------------------------------------------------------*/
FoamFile
{
    version     2.0;
    format      ascii;
    arch        "LSB;label=32;scalar=64";
    class       Cloud<passivePositionParticle>;
    location    "0.10005/lagrangian/kinematicCloud";
    object      positions;
}
// * * * * * * * * * * * * * * * * * * * * * * * * * * * * * * * * * * * * * //

150
(
(0.14642 0.0214202 0.0311949) 103475
(0.129938 0.00513472 0.00589742) 63029
(0.13295 0.00795023 0.0384021) 125328
(0.127019 0.00201898 0.0405654) 175429
(0.167715 0.0919863 0.000476381) 146752
(0.210764 0.113376 0.000636193) 174123
(0.166698 0.0993869 0.000390082) 146749
(0.214511 0.0834205 0.0347851) 88109
(0.187911 0.0629107 0.0186728) 19369
(0.185739 0.0607391 0.0173879) 68837
(0.173819 0.0488184 0.0377706) 125551
(0.169572 0.0445721 0.0325519) 125554
(0.166637 0.0416372 0.0357821) 175690
(0.158493 0.0334931 0.0223197) 175639
(0.273218 0.0963972 0.0425094) 27565
(0.273056 0.0970731 0.044673) 4636
(0.271135 0.0972627 0.0147218) 92210
(0.267867 0.104048 0.0379304) 11238
(0.276543 0.0909881 0.0399542) 27558
(0.275818 0.089217 0.0179898) 4614
(0.268355 0.102193 0.0268245) 27937
(0.27662 0.0903568 0.0487242) 27557
(0.269005 0.099507 0.0174583) 4624
(0.275931 0.0915789 0.0263954) 4634
(0.274876 0.0932281 0.0315675) 4634
(0.267716 0.100948 0.0171935) 20295
(0.264979 0.105988 0.0354371) 27899
(0.276153 0.0900093 0.0316754) 4634
(0.266164 0.103149 0.0160748) 4694
(0.266039 0.10333 0.0216104) 4694
(0.268483 0.0999793 0.0129193) 4624
(0.276736 0.0906417 0.0497981) 27557
(0.276718 0.0873426 0.0293459) 11141
(0.261303 0.109621 0.02396) 4691
(0.261135 0.108339 0.015771) 92246
(0.276231 0.087411 0.0286361) 11136
(0.276837 0.0862442 0.0440963) 11139
(0.260155 0.111459 0.039086) 27930
(0.275848 0.0844931 0.0143528) 4619
(0.262603 0.106473 0.0118459) 27830
(0.276999 0.0847568 0.0252364) 11137
(0.276013 0.0847333 0.0248366) 11140
(0.254649 0.11654 0.0390058) 11225
(0.254208 0.116879 0.0470978) 541
(0.274251 0.0858518 0.033394) 11136
(0.274369 0.0854524 0.0440702) 11142
(0.253929 0.115634 0.0195265) 27862
(0.272111 0.0842909 0.0149423) 2638
(0.270737 0.0862287 0.0496194) 83935
(0.254297 0.0995097 0.0039202) 2627
(0.268878 0.0849063 0.018375) 2636
(0.268638 0.0847644 0.0239395) 2636
(0.254428 0.0994788 0.00900978) 49790
(0.268219 0.0848654 0.0214951) 2636
(0.254236 0.0996512 0.0111522) 49790
(0.252684 0.105453 0.0115516) 70358
(0.24797 0.109447 0.00734818) 70372
(0.257299 0.0891366 0.00176152) 57444
(0.265341 0.0854758 0.0188729) 19988
(0.264347 0.0858486 0.023271) 19988
(0.243829 0.114133 0.0108818) 70391
(0.262517 0.0863553 0.0230425) 19989
(0.260747 0.0879127 0.0354684) 88202
(0.239783 0.119249 0.00590348) 2698
(0.238403 0.119072 0.00238962) 2698
(0.258808 0.0882048 0.042968) 88198
(0.256492 0.087298 0.0151372) 10124
(0.25647 0.0875965 0.0247814) 88197
(0.256102 0.0890015 0.0352529) 88197
(0.255533 0.0887185 0.0473408) 88195
(0.253609 0.0890566 0.04958) 88195
(0.252592 0.0890147 0.0291236) 88176
(0.252029 0.0893827 0.0351058) 88176
(0.2461 0.0892414 0.00567486) 10115
(0.244377 0.0885121 0.00420952) 57423
(0.243402 0.0886844 0.00347187) 57423
(0.270236 0.086058 0.049894) 83935
(0.239407 0.0895288 0.0141794) 19950
(0.238816 0.0890277 0.0353457) 88148
(0.125873 0.000872972 0.0584011) 105510
(0.124745 -0.00025481 0.0787326) 151736
(0.127356 0.00235603 0.0674605) 151870
(0.126092 0.00109189 0.0836738) 33498
(0.130364 0.00536462 0.0854407) 33525
(0.143505 0.0185048 0.0592413) 151892
(0.126742 0.00174157 0.0641804) 105516
(0.125428 0.000427908 0.0873282) 33498
(0.143036 0.0180361 0.0506632) 111860
(0.113528 0.0750393 0.0995983) 80020
(0.212159 0.0935735 0.0987777) 135428
(0.165341 0.040341 0.0841366) 35775
(0.162258 0.0372583 0.0721238) 112257
(0.154616 0.0296163 0.0740256) 139915
(0.269812 0.100949 0.0514325) 25466
(0.268755 0.102428 0.0622434) 10673
(0.273513 0.0957312 0.0502488) 39142
(0.275182 0.0909517 0.0797465) 7494
(0.275616 0.0893467 0.0831738) 7480
(0.275531 0.089514 0.0806272) 7480
(0.275935 0.0887116 0.0800022) 7480
(0.267501 0.103969 0.0664827) 25477
(0.276065 0.0885619 0.0865201) 7480
(0.276728 0.0874874 0.0857997) 7485
(0.277777 0.0880642 0.0611241) 13810
(0.277127 0.0871943 0.0849598) 7485
(0.276047 0.0901234 0.0692354) 7467
(0.265999 0.103424 0.0851506) 7573
(0.278132 0.0869456 0.0563043) 13810
(0.277631 0.0871123 0.0605707) 13810
(0.276609 0.0881113 0.0652102) 13814
(0.277407 0.0867353 0.0597683) 13810
(0.27722 0.086788 0.0514111) 13810
(0.277062 0.0869757 0.0611376) 13810
(0.276188 0.0849487 0.0853867) 7484
(0.276424 0.0874526 0.0726736) 13814
(0.275993 0.0871708 0.0699289) 13808
(0.259871 0.11154 0.0645562) 39564
(0.25827 0.113251 0.0553306) 39558
(0.275059 0.0837622 0.0812959) 7484
(0.274247 0.0839143 0.0804462) 7484
(0.275459 0.0846717 0.0750008) 13813
(0.253049 0.116392 0.0802886) 95606
(0.272723 0.0840427 0.0767631) 7477
(0.253159 0.116071 0.0883417) 53929
(0.257133 0.0946033 0.0968561) 81611
(0.269252 0.0862939 0.0621596) 83721
(0.268925 0.0869331 0.0650498) 83725
(0.254939 0.0985641 0.0910951) 53695
(0.268854 0.0868974 0.0656403) 83725
(0.269841 0.0854925 0.0743903) 83719
(0.247803 0.108722 0.0980717) 25450
(0.258096 0.0895557 0.0975012) 81566
(0.256927 0.0889396 0.0950313) 81566
(0.26485 0.0872656 0.0701401) 91491
(0.263989 0.0866404 0.0749026) 91491
(0.263959 0.0874792 0.066569) 91491
(0.242786 0.11582 0.0943308) 53925
(0.262212 0.0877825 0.0689346) 91492
(0.257508 0.0883461 0.0520862) 83716
(0.239108 0.119844 0.0912592) 53898
(0.252094 0.0936494 0.0907119) 81533
(0.25146 0.0935878 0.0900114) 81528
(0.256564 0.0885964 0.0735788) 83718
(0.252452 0.0892219 0.0674869) 91474
(0.250432 0.0885804 0.0812839) 25155
(0.247835 0.0894135 0.0639452) 91468
(0.233359 0.0861887 0.0587946) 83702
(0.232138 0.0857168 0.0577129) 83702
(0.230317 0.0893989 0.0940653) 81398
(0.229001 0.0904882 0.0936827) 81426
)


// ************************************************************************* //
