/*--------------------------------*- C++ -*----------------------------------*\
| =========                 |                                                 |
| \\      /  F ield         | OpenFOAM: The Open Source CFD Toolbox           |
|  \\    /   O peration     | Version:  2312                                  |
|   \\  /    A nd           | Website:  www.openfoam.com                      |
|    \\/     M anipulation  |                                                 |
\*---------------------------------------------------------------------------*/
FoamFile
{
    version     2.0;
    format      ascii;
    arch        "LSB;label=32;scalar=64";
    class       vectorField;
    location    "0.10005/lagrangian/kinematicCloud";
    object      U;
}
// * * * * * * * * * * * * * * * * * * * * * * * * * * * * * * * * * * * * * //


150
(
(0.294638 0.293125 -0.0100829)
(0.885567 0.976475 0.021879)
(0.300106 0.300556 -0.000577057)
(0.267379 0.266839 -4.15572e-05)
(0.759843 0.467791 -0.000592428)
(0.980747 -0.49626 -0.00871443)
(0.655918 0.336027 -0.000825182)
(2.79063 0.910901 -0.0311172)
(1.86325 1.84628 0.0328486)
(1.85139 1.82054 0.028468)
(0.276845 0.277263 0.0040979)
(0.269997 0.27083 0.0057198)
(0.267721 0.267876 0.00186092)
(0.417978 0.425534 -0.0138483)
(2.49493 -1.81114 -0.020011)
(2.48172 -1.81005 -0.0194101)
(2.41027 -1.73083 -0.101541)
(2.32796 -1.69956 -0.0255573)
(2.60642 -1.87084 -0.0130371)
(2.54556 -1.84004 -0.0850509)
(2.36314 -1.69032 -0.0792648)
(2.61868 -1.86988 -0.012319)
(2.3654 -1.68259 -0.106602)
(2.59159 -1.84272 -0.066597)
(2.55901 -1.8264 -0.0675413)
(2.33512 -1.65229 -0.109368)
(2.26668 -1.6213 -0.0770598)
(2.62307 -1.842 -0.0653053)
(2.29522 -1.61246 -0.112188)
(2.28759 -1.61334 -0.115691)
(2.39284 -1.65132 -0.105649)
(2.61082 -1.87388 -0.0150584)
(2.70657 -1.83903 -0.0610758)
(2.14074 -1.47221 -0.112446)
(2.18078 -1.47445 -0.122361)
(2.71717 -1.82435 -0.0606008)
(2.74508 -1.85299 -0.00470577)
(2.15388 -1.47938 -0.0290136)
(2.70194 -1.84178 -0.0703381)
(2.21594 -1.50154 -0.127437)
(2.79852 -1.8335 -0.05395)
(2.81157 -1.81401 -0.0490725)
(2.00618 -1.31246 -0.029899)
(1.99754 -1.29601 -0.0249198)
(2.83838 -1.75404 -0.0520119)
(2.85743 -1.77349 0.00202454)
(2.00818 -1.25774 -0.134103)
(2.81561 -1.74645 -0.060325)
(2.93752 -1.65585 0.00480849)
(2.31773 -1.46371 -0.050976)
(2.913 -1.65305 -0.0499489)
(2.93741 -1.65026 -0.0459278)
(2.39407 -1.41783 -0.0694685)
(2.946 -1.63646 -0.0453)
(2.39248 -1.41018 -0.0693358)
(2.25103 -1.32825 -0.0846804)
(2.13924 -1.1959 -0.0880136)
(2.61546 -1.60224 -0.0519846)
(3.00345 -1.54195 -0.0397159)
(3.02127 -1.5067 -0.0380468)
(1.99977 -1.0564 -0.0940557)
(3.05696 -1.43997 -0.0339149)
(3.1801 -1.26255 -0.0249562)
(1.84221 -0.917475 -0.0734847)
(1.81969 -0.908687 -0.0497069)
(3.23816 -1.2054 0.0159114)
(3.18371 -1.20392 -0.0133726)
(3.21119 -1.17241 -0.00987161)
(3.26849 -1.04997 -0.0158768)
(3.29666 -1.06408 0.0149446)
(3.33151 -0.970999 0.0154952)
(3.34829 -0.894418 -0.00683148)
(3.35211 -0.85301 -0.00628287)
(2.96138 -1.15162 -0.0518642)
(3.01428 -1.12489 -0.0499616)
(3.03173 -1.07548 -0.0490282)
(2.96155 -1.63848 -0.0108744)
(3.50672 -0.367949 0.056569)
(3.55262 -0.265725 0.0191106)
(0.267879 0.267335 0.000325137)
(0.328309 0.332854 0.0288839)
(0.266328 0.267694 0.00486595)
(1.18272 1.13342 0.108397)
(1.3159 1.27232 0.0983549)
(0.306798 0.307615 0.000211045)
(0.257094 0.257076 0.00478748)
(1.1833 1.13399 0.1084)
(0.310178 0.310931 0.00186141)
(0.48308 0.607245 -0.015762)
(2.24292 -0.192759 0.015837)
(1.74877 1.72457 0.00614518)
(0.299917 0.2975 8.24633e-05)
(0.304387 0.304667 0.00537025)
(2.38453 -1.7457 0.0203365)
(2.35863 -1.71812 0.0244986)
(2.50797 -1.81441 0.0180119)
(2.51947 -1.82379 0.0904695)
(2.54921 -1.83433 0.0863465)
(2.54557 -1.83205 0.0869523)
(2.55919 -1.84197 0.0843161)
(2.32225 -1.68371 0.0751823)
(2.56263 -1.84536 0.0836958)
(2.59521 -1.85585 0.0783982)
(2.66773 -1.88839 0.00883594)
(2.60243 -1.86202 0.0767706)
(2.6229 -1.83916 0.066015)
(2.29331 -1.60862 0.115911)
(2.70173 -1.89105 0.00677128)
(2.70845 -1.87789 0.00645962)
(2.68991 -1.83956 0.0616393)
(2.72066 -1.87005 0.00561922)
(2.72553 -1.8631 0.00542361)
(2.72334 -1.86088 0.00557342)
(2.67091 -1.84566 0.0712949)
(2.71107 -1.82969 0.0599349)
(2.72715 -1.81627 0.0587002)
(2.14754 -1.4689 0.0776718)
(2.10304 -1.42298 0.0229497)
(2.74997 -1.82101 0.0635549)
(2.76747 -1.80007 0.0624673)
(2.83545 -1.7859 0.0500047)
(1.98957 -1.23093 0.132836)
(2.8056 -1.75934 0.0592556)
(1.96174 -1.23701 0.139458)
(2.42626 -1.57662 0.0518785)
(2.98676 -1.60689 -0.00831055)
(2.96472 -1.57058 0.0423081)
(2.4205 -1.43942 0.073481)
(2.96909 -1.56815 0.0420556)
(3.01122 -1.61029 0.0412333)
(2.09227 -1.23772 0.0512717)
(2.57846 -1.6314 0.0507828)
(2.63148 -1.59938 0.0505206)
(3.09951 -1.42873 0.0342341)
(3.09987 -1.433 0.0185833)
(3.11531 -1.39405 0.0324396)
(1.92334 -1.03157 0.0568662)
(3.15218 -1.32244 0.0290135)
(3.26414 -1.15266 -0.0152408)
(1.82573 -0.894205 0.102698)
(2.75153 -1.26527 0.0412965)
(2.77275 -1.23207 0.0404048)
(3.26929 -1.07988 0.0160712)
(3.34847 -0.877294 0.00667607)
(3.30167 -0.917862 -0.0122275)
(3.43836 -0.656044 -0.00114452)
(3.48493 -0.146321 -0.0197382)
(3.46603 -0.114939 -0.0165456)
(3.23865 -0.352291 0.0231375)
(3.24014 -0.144319 0.0185392)
)


// ************************************************************************* //
