/*--------------------------------*- C++ -*----------------------------------*\
| =========                 |                                                 |
| \\      /  F ield         | OpenFOAM: The Open Source CFD Toolbox           |
|  \\    /   O peration     | Version:  2312                                  |
|   \\  /    A nd           | Website:  www.openfoam.com                      |
|    \\/     M anipulation  |                                                 |
\*---------------------------------------------------------------------------*/
FoamFile
{
    version     2.0;
    format      ascii;
    arch        "LSB;label=32;scalar=64";
    class       Cloud<passivePositionParticle>;
    location    "0.3/lagrangian/kinematicCloud";
    object      coordinates;
}
// * * * * * * * * * * * * * * * * * * * * * * * * * * * * * * * * * * * * * //

150
(
(0.044973 0.439858 0.239063 0.276106) 111362 364648 1
(0 0.464347 0.16937 0.366283) 481 521154 2
(0 0.411617 0.588285 9.73667e-05) 884 521529 1
(0 0.210432 0.394122 0.395446) 481 521154 1
(0 0.177054 0.444028 0.378917) 481 521154 2
(0 0.561624 0.223755 0.214621) 6289 521237 2
(0 0.20384 0.0204315 0.775728) 469 521152 2
(0 0.229845 0.518332 0.251822) 6263 521232 2
(0 0.0813565 0.844698 0.0739453) 93205 521488 2
(0 0.389465 0.109731 0.500804) 93087 521485 1
(0 0.201781 0.495303 0.302917) 91989 521426 2
(0 0.272212 0.326811 0.400976) 93205 521488 1
(0 0.154186 0.744638 0.101176) 469 521152 2
(0 0.0951465 0.797851 0.107002) 91968 521423 1
(0 0.470926 0.209729 0.319345) 4262 521183 2
(0 0.28604 0.553907 0.160053) 6292 521239 2
(0 0.343006 0.407136 0.249858) 93079 521482 1
(0 0.115458 0.265624 0.618918) 4260 521182 1
(0 0.164156 0.801954 0.0338901) 93084 521484 2
(0 0.836731 0.143815 0.0194542) 6259 521537 2
(0 0.478585 0.300549 0.220866) 4249 521180 1
(0 0.219946 0.353384 0.42667) 91969 521424 2
(0 0.112919 0.37654 0.510541) 93073 521479 2
(0 0.435501 0.36477 0.199729) 4269 521186 2
(0 0.581199 0.0993571 0.319444) 4267 521185 2
(0 0.31782 0.526812 0.155368) 6259 521537 2
(0 0.0540719 0.829946 0.115982) 91947 521414 1
(0 0.182638 0.359833 0.457529) 6255 521535 1
(0 0.359819 0.584388 0.0557934) 6255 521535 2
(0 0.45276 0.516375 0.0308652) 26348 521326 1
(0 0.013054 0.575073 0.411873) 4269 521186 2
(0 0.356703 0.287721 0.355576) 6255 521535 2
(0 0.695689 0.293044 0.0112679) 5998 521229 1
(0 0.571426 0.286784 0.141789) 6256 521536 2
(0 0.32689 0.417361 0.255749) 4267 521185 1
(0 0.529854 0.169609 0.300538) 91945 521413 2
(0 0.306252 0.654417 0.0393306) 93065 521476 1
(0 0.0218084 0.950921 0.0272705) 12784 521298 2
(0 0.201908 0.588566 0.209527) 831 521528 2
(0 0.0353448 0.397069 0.567586) 5999 521564 2
(0 0.102259 0.385665 0.512076) 33315 521362 1
(0 0.368872 0.421044 0.210084) 831 521528 2
(0 0.51056 0.0303721 0.459068) 467 521151 1
(0 0.160079 0.178121 0.6618) 92912 521471 2
(0 0.606726 0.248561 0.144712) 4183 521171 1
(0 0.0511275 0.202822 0.74605) 26164 521321 2
(0 0.00656231 0.0702362 0.923201) 92921 521475 1
(0 0.639304 0.135706 0.22499) 831 521528 1
(0 0.629746 0.0933904 0.276863) 831 521528 1
(0.0337708 0.0867281 0.594621 0.28488) 26190 21695 2
(0.530699 0.241745 0.126446 0.10111) 33284 150156 1
(0.441287 0.388867 0.0108727 0.158973) 26373 88503 1
(0.112278 0.586682 0.19549 0.10555) 90072 17921 2
(0.200536 0.513119 0.0480235 0.238322) 17588 53123 1
(0.609307 0.0806057 0.293451 0.0166368) 51292 111802 1
(0.304791 0.104452 0.261503 0.329254) 47399 187698 1
(0.714412 0.0268131 0.0120263 0.246749) 61937 229600 2
(0.127518 0.340095 0.237867 0.29452) 86287 290005 1
(0.000637457 0.20001 0.0686207 0.730731) 59769 224250 1
(0.00516278 0.141316 0.724472 0.129049) 164287 221183 2
(0.197633 0.235798 0.0353038 0.531266) 15457 77249 2
(0.0577846 0.142979 0.701987 0.0972486) 137605 7272 1
(0.492952 0.333549 0.0167056 0.156794) 57775 219499 1
(0.281559 0.154941 0.55249 0.01101) 7851 43478 1
(0.151766 0.108839 0.492689 0.246707) 83957 26068 3
(0 0.262302 0.487263 0.250434) 477 521526 1
(0.0681015 0.266709 0.118932 0.546257) 71024 103929 1
(0.199551 0.0136252 0.261356 0.525468) 41353 170501 2
(0 0.389327 0.342215 0.268458) 18386 523320 2
(0 0.212669 0.510026 0.277305) 28497 523783 1
(0 0.000756355 0.57572 0.423524) 39645 528741 3
(0 0.769483 0.00380872 0.226708) 112967 536245 2
(0 0.815715 0.0954982 0.0887872) 26900 523589 2
(0 0.15111 0.0124326 0.836457) 152510 551090 2
(0.222253 0.0943206 0.175513 0.507914) 19407 97703 3
(0 0.434198 0.538265 0.027537) 4405 521206 1
(0 0.0816312 0.272293 0.646076) 6861 521541 2
(0 0.450994 0.379868 0.169138) 4405 521206 1
(0 0.495975 0.0714877 0.432537) 4405 521206 1
(0 0.459718 0.278579 0.261702) 6861 521541 2
(0 0.671249 0.0896486 0.239103) 6861 521541 2
(0 0.801857 0.169283 0.0288602) 92052 521441 1
(0 0.752018 0.0258189 0.222164) 4330 521192 2
(0 0.543742 0.390422 0.0658365) 92045 521438 1
(0 0.80653 0.100176 0.093294) 93409 521503 1
(0 0.317147 0.646813 0.0360394) 6861 521541 1
(0 0.570863 0.289258 0.139879) 4403 521205 3
(0 0.420572 0.179945 0.399483) 6865 521543 2
(0 0.45203 0.315084 0.232887) 4407 521207 2
(0 0.227096 0.138599 0.634306) 6558 521245 2
(0 0.169035 0.225158 0.605807) 93409 521503 1
(0 0.223026 0.267963 0.509012) 92052 521441 2
(0 0.839422 0.156132 0.00444507) 4400 521204 2
(0 0.0389274 0.46666 0.494413) 6532 521241 1
(0 0.111203 0.300219 0.588578) 4343 521198 2
(0 0.730604 0.0844894 0.184906) 6558 521245 1
(0 0.43435 0.484843 0.0808067) 4411 521209 2
(0 0.322512 0.505289 0.1722) 4345 521199 2
(0 0.163897 0.117509 0.718594) 93227 521497 2
(0 0.134658 0.356283 0.509059) 6867 521247 1
(0 0.718319 0.281618 6.29627e-05) 6530 521240 1
(0 0.911024 0.0645828 0.0243928) 93423 521509 2
(0 0.082478 0.390983 0.526539) 4413 521210 1
(0 0.0568311 0.219112 0.724057) 4413 521210 2
(0 0.0910886 0.510198 0.398714) 6869 521248 2
(0 0.264986 0.550962 0.184052) 493 521157 1
(0 0.438616 0.155367 0.406017) 6561 521246 2
(0 0.768561 0.221816 0.00962334) 6524 521538 2
(0 0.163579 0.0579005 0.77852) 4410 521208 2
(0 0.523805 0.441612 0.0345827) 6869 521248 2
(0 0.527796 0.180626 0.291578) 4339 521196 1
(0 0.215508 0.124509 0.659983) 6548 521244 2
(0 0.409783 0.481348 0.108869) 6869 521248 3
(0 0.620699 0.17001 0.209291) 6869 521248 2
(0 0.368233 0.210656 0.421111) 4410 521208 1
(0 0.453416 0.201587 0.344997) 92141 521449 1
(0 0.678867 0.236123 0.0850099) 6869 521248 2
(0 0.544558 0.425998 0.0294446) 4339 521196 2
(0 0.297024 0.12215 0.580826) 93214 521492 1
(0 0.51644 0.206039 0.277521) 4339 521196 2
(0 0.26818 0.599298 0.132522) 92009 521434 1
(0 0.783233 0.0789472 0.13782) 7372 521545 1
(0.111839 0.130089 0.199722 0.558349) 27220 134888 2
(0 0.918888 2.19123e-05 0.0810897) 935 521165 2
(0 0.641183 0.19714 0.161677) 36605 521374 1
(0 0.619262 0.33925 0.0414879) 93213 521491 1
(0.337994 0.351627 0.177225 0.133155) 4521 23586 2
(0 0.840553 0.145406 0.0140414) 92009 521434 1
(0.0604876 0.22025 0.631423 0.0878399) 11062 23498 4
(0.403338 0.254655 0.148031 0.193976) 8499 47351 2
(0 0.16257 0.372976 0.464454) 10944 521278 1
(0.33297 0.189855 0.32886 0.148316) 38520 163140 2
(0 0.00409134 0.694758 0.301151) 93592 521516 1
(0.221128 0.05992 0.406122 0.312829) 13721 70732 3
(0.208993 0.0843041 0.261313 0.44539) 94208 47331 2
(0.0409366 0.00526735 0.653911 0.299885) 13700 70671 1
(0.41537 0.533078 0.0501653 0.0013869) 13676 5616 2
(0.0401262 0.270557 0.207008 0.482308) 2520 13388 1
(0.119282 0.0414251 0.236167 0.603127) 10605 59738 1
(0.780603 0.120332 0.095898 0.00316616) 90925 123327 1
(0.136468 0.20853 0.0589108 0.596092) 13657 39814 1
(0.124619 0.577693 0.254036 0.0436515) 2359 12540 1
(0.177563 0.457615 0.302212 0.0626092) 6879 37683 1
(0.41759 0.201305 0.137195 0.24391) 49257 12577 2
(0.504442 0.0759098 0.357264 0.0623844) 68033 244127 1
(0.420503 0.17386 0.110011 0.295625) 24271 123129 1
(0.32477 0.178459 0.00560382 0.491167) 9815 55592 2
(0.500324 0.0786024 0.416276 0.00479824) 24333 123497 1
(0.138105 0.0847376 0.390381 0.386776) 23590 119289 1
(0.159275 0.153456 0.547886 0.139384) 65728 238593 2
)


// ************************************************************************* //
