/*--------------------------------*- C++ -*----------------------------------*\
| =========                 |                                                 |
| \\      /  F ield         | OpenFOAM: The Open Source CFD Toolbox           |
|  \\    /   O peration     | Version:  2312                                  |
|   \\  /    A nd           | Website:  www.openfoam.com                      |
|    \\/     M anipulation  |                                                 |
\*---------------------------------------------------------------------------*/
FoamFile
{
    version     2.0;
    format      ascii;
    arch        "LSB;label=32;scalar=64";
    class       Cloud<passivePositionParticle>;
    location    "0.3/lagrangian/kinematicCloud";
    object      positions;
}
// * * * * * * * * * * * * * * * * * * * * * * * * * * * * * * * * * * * * * //

150
(
(0.0607111 -0.0149048 0.0748632) 111362
(0.6 0.0227241 0.0479513) 481
(0.6 0.0229808 0.0500012) 884
(0.6 0.0220159 0.0404919) 481
(0.599999 0.0241366 0.044629) 481
(0.6 0.0189049 0.0747358) 6289
(0.6 0.0199466 0.0404552) 469
(0.599999 0.0161519 0.0700348) 6263
(0.6 0.0222966 0.0813764) 93205
(0.6 0.0137498 0.0774508) 93087
(0.600001 0.023762 0.0211648) 91989
(0.599999 0.0210024 0.0821197) 93205
(0.6 0.0163599 0.0398479) 469
(0.6 0.0127406 0.0252362) 91968
(0.6 0.0113327 0.0251802) 4262
(0.6 0.0113905 0.0782699) 6292
(0.6 0.0183575 0.085138) 93079
(0.6 0.0177889 0.0221091) 4260
(0.6 0.0170896 0.0817047) 93084
(0.6 0.00920907 0.0724705) 6259
(0.6 0.00870753 0.0251224) 4249
(0.6 0.0130499 0.0154696) 91969
(0.6 0.00594591 0.0796259) 93073
(0.6 0.00728631 0.0311502) 4269
(0.6 0.00974494 0.0449108) 4267
(0.6 0.00664904 0.0710463) 6259
(0.6 0.00270916 0.0251013) 91947
(0.6 0.00791019 0.0599621) 6255
(0.6 0.0070529 0.0571253) 6255
(0.600056 0.00507718 0.0101725) 26348
(0.6 0.0052268 0.033355) 4269
(0.6 0.0070655 0.0535081) 6255
(0.600001 0.000100328 0.0752328) 5998
(0.599999 0.00230927 0.0698043) 6256
(0.6 0.00692623 0.0468826) 4267
(0.600001 0.000441113 0.0160819) 91945
(0.6 0.000130028 0.0824921) 93065
(0.600095 0.00237736 0.0922439) 12784
(0.600001 0.00324099 0.059737) 831
(0.600028 -0.00848118 0.0926769) 5999
(0.600045 -0.00771664 0.0897783) 33315
(0.6 0.00243298 0.0577012) 831
(0.6 0.00263692 0.0440331) 467
(0.6 -0.00450018 0.0796226) 92912
(0.599999 -0.000819231 0.0255686) 4183
(0.600075 -0.0104683 0.00778373) 26164
(0.6 -0.00747854 0.0814397) 92921
(0.6 0.0021688 0.0527432) 831
(0.6 0.00221091 0.0533757) 831
(0.592181 -0.00775971 0.00635408) 26190
(0.597647 -0.0108675 0.0890767) 33284
(0.590388 0.0105521 0.00329786) 26373
(0.583173 0.0045398 0.0544951) 90072
(0.573 0.00192697 0.0228117) 17588
(0.575643 -0.00149282 0.0896561) 51292
(0.557905 -0.00353464 0.00546474) 47399
(0.461027 -0.00407795 0.00310864) 61937
(0.564679 0.00555019 0.0411791) 86287
(0.461333 -0.0268276 0.00126548) 59769
(0.418573 -0.0653291 0.0012626) 164287
(0.453573 -0.0708833 0.0208368) 15457
(0.411953 -0.0781727 0.00124944) 137605
(0.402887 -0.106445 0.00738306) 57775
(0.399517 -0.110803 0.0411721) 7851
(0.394059 -0.1095 0.0725941) 83957
(0.599705 0.0206557 0.00614455) 477
(0.366165 -0.0674149 0.097988) 71024
(0.324984 -0.0491341 0.0132202) 41353
(0.00251115 0.0496793 0.00358021) 18386
(0.22287 0.14303 0) 28497
(0.258263 0.116738 0.0931294) 39645
(0.0480261 0.0620065 0.0624762) 112967
(0.199802 0.0748015 0.0255969) 26900
(0.196748 0.0717476 0.0811723) 152510
(0.216558 0.0662919 0.0274269) 19407
(0.6 0.0468445 0.0496637) 4405
(0.6 0.0451434 0.0533242) 6861
(0.6 0.0469497 0.0479345) 4405
(0.6 0.0472129 0.0447179) 4405
(0.599999 0.0470046 0.0534009) 6861
(0.6 0.0480191 0.0510945) 6861
(0.6 0.0450717 0.0254787) 92052
(0.600001 0.0399353 0.0250978) 4330
(0.6 0.0438585 0.0259197) 92045
(0.6 0.0454799 0.0738663) 93409
(0.6 0.0495094 0.058347) 6861
(0.6 0.0414065 0.031622) 4403
(0.6 0.0470005 0.06867) 6865
(0.600001 0.0471741 0.0304193) 4407
(0.600001 0.0380671 0.0749926) 6558
(0.6 0.047066 0.077964) 93409
(0.600001 0.0469247 0.0242001) 92052
(0.599999 0.0503038 0.0258486) 4400
(0.6 0.0363596 0.0735948) 6532
(0.6 0.0343243 0.046326) 4343
(0.6 0.0395376 0.0750649) 6558
(0.6 0.0524217 0.0440649) 4411
(0.600001 0.0333858 0.0290501) 4345
(0.6 0.0329092 0.0748014) 93227
(0.6 0.0538884 0.0562315) 6867
(0.6 0.0313011 0.0500008) 6530
(0.6 0.054571 0.0735204) 93423
(0.6 0.0534268 0.0263974) 4413
(0.6 0.0543589 0.0347946) 4413
(0.6 0.0551503 0.0687127) 6869
(0.6 0.0557944 0.047747) 493
(0.6 0.0303879 0.0770756) 6561
(0.6 0.028785 0.0527146) 6524
(0.6 0.0555762 0.0276175) 4410
(0.6 0.0573485 0.0726628) 6869
(0.6 0.0285449 0.0322936) 4339
(0.6 0.0280385 0.0746451) 6548
(0.6 0.0571991 0.0666869) 6869
(0.6 0.0577879 0.0707926) 6869
(0.6 0.0574771 0.033757) 4410
(0.6 0.0612921 0.0149395) 92141
(0.6 0.058099 0.0721334) 6869
(0.6 0.0277272 0.0318316) 4339
(0.6 0.0282426 0.0830803) 93214
(0.6 0.0275843 0.0295148) 4339
(0.6 0.0318296 0.0140766) 92009
(0.6 0.0602087 0.0707548) 7372
(0.597853 0.0705818 0.0183704) 27220
(0.6 0.0589146 0.0500002) 935
(0.600034 0.0495942 0.0888844) 36605
(0.6 0.0259525 0.0735025) 93213
(0.498834 0.0630576 0.035337) 4521
(0.6 0.0303986 0.0133583) 92009
(0.500446 0.0690584 0.0253423) 11062
(0.480017 0.0505306 0.0283843) 8499
(0.600053 0.0379064 0.0106794) 10944
(0.560278 0.0665584 0.097148) 38520
(0.6 0.0650718 0.0686098) 93592
(0.570368 0.0652595 0.0678836) 13721
(0.479435 0.04491 0.0300282) 94208
(0.559914 0.0645203 0.0666637) 13700
(0.54403 0.0607911 0.0651958) 13676
(0.538817 0.0695804 0.00369835) 2520
(0.524458 0.0647817 0.0738922) 10605
(0.511754 0.0522448 0.0703899) 90925
(0.527091 0.0631759 0.0743261) 13657
(0.559647 0.0548029 0.0419262) 2359
(0.593088 0.0497774 0.0964439) 6879
(0.574316 0.0569787 0.00397817) 49257
(0.540525 0.0566802 0.00251348) 68033
(0.50548 0.0470624 0.0852539) 24271
(0.49806 0.0441731 0.0163218) 9815
(0.521119 0.0506365 0.0974896) 24333
(0.50023 0.0386787 0.0859214) 23590
(0.485621 0.035583 0.00581548) 65728
)


// ************************************************************************* //
