/*--------------------------------*- C++ -*----------------------------------*\
| =========                 |                                                 |
| \\      /  F ield         | OpenFOAM: The Open Source CFD Toolbox           |
|  \\    /   O peration     | Version:  2312                                  |
|   \\  /    A nd           | Website:  www.openfoam.com                      |
|    \\/     M anipulation  |                                                 |
\*---------------------------------------------------------------------------*/
FoamFile
{
    version     2.0;
    format      ascii;
    arch        "LSB;label=32;scalar=64";
    class       vectorField;
    location    "0.3/lagrangian/kinematicCloud";
    object      U;
}
// * * * * * * * * * * * * * * * * * * * * * * * * * * * * * * * * * * * * * //


150
(
(-0.0323365 0.00679005 0.0384698)
(2.9886 0.0428777 0.0262734)
(2.9895 0.0429071 -0.026959)
(2.9886 0.0428777 0.0262734)
(2.9886 0.0428777 0.0262734)
(2.85321 -0.0246544 7.70401e-05)
(2.86896 -0.012867 0.0255193)
(2.86534 -0.0536978 0.0477941)
(2.9234 0.0537553 -0.0195769)
(2.66115 -0.103227 -0.00660318)
(2.9456 0.0486952 0.00246245)
(2.9234 0.0537553 -0.0195769)
(2.86896 -0.012867 0.0255193)
(2.66109 -0.104808 0.00686292)
(2.65577 -0.114919 0.014233)
(2.65575 -0.113446 -0.0137851)
(2.8384 -0.0192389 -0.0183741)
(2.85242 -0.0265556 -0.00126565)
(2.83318 -0.0274526 -0.0172655)
(2.29955 -0.181198 0.0179783)
(2.35048 -0.181748 0.0204023)
(2.64648 -0.104639 0.0255461)
(2.34251 -0.195929 -0.0387579)
(2.30525 -0.182786 -0.0150033)
(2.26416 -0.132172 0.0176304)
(2.29955 -0.181198 0.0179783)
(1.92061 -0.245219 0.0254839)
(2.2628 -0.130318 -0.0173695)
(2.2628 -0.130318 -0.0173695)
(2.34249 -0.271334 -0.00109156)
(2.30525 -0.182786 -0.0150033)
(2.2628 -0.130318 -0.0173695)
(1.39819 -0.28632 -0.0229491)
(1.82518 -0.231634 -0.00773506)
(2.26416 -0.132172 0.0176304)
(1.88901 -0.261095 0.0477887)
(1.88639 -0.26055 -0.0480487)
(2.00733 -0.370372 -0.0103349)
(1.76874 -0.179014 -0.0154267)
(1.08761 -0.66361 -0.00322863)
(1.18168 -0.476321 -0.0653847)
(1.76874 -0.179014 -0.0154267)
(1.76958 -0.18036 0.0165205)
(1.36305 -0.289671 -0.0580455)
(1.40131 -0.286869 0.0226608)
(0.972427 -0.47997 0.0931388)
(0.849244 -0.28295 -0.0503404)
(1.76874 -0.179014 -0.0154267)
(1.76874 -0.179014 -0.0154267)
(1.21488 -0.486903 0.136027)
(0.968635 -0.478381 -0.124594)
(2.15079 -0.565446 0.0314265)
(1.93849 -0.145942 -0.0134931)
(2.3632 -0.0588733 0.0408488)
(2.24386 -0.217473 -0.039493)
(2.30268 -0.31786 0.133769)
(2.08427 3.17529 0.10304)
(2.80288 0.2819 -0.00606591)
(2.16994 3.52439 0.00855236)
(0.54748 1.11503 0.0225015)
(1.86669 1.7973 -0.667492)
(0.336854 1.09811 -0.00316062)
(0.283503 0.237895 -0.421747)
(0.300497 -0.106593 -0.131525)
(0.533556 -0.255415 0.242838)
(2.22638 -0.302464 -0.104855)
(0.974027 -0.36637 -0.0317541)
(1.20524 -1.20172 0.227025)
(1.79432 -0.67476 0.870989)
(0.470094 -0.7389 -0.262658)
(1.48525 -1.26556 0.0991555)
(0.0741437 0.0200802 -0.00270172)
(4.13738 2.31416 0.0661615)
(0.616413 0.611876 -0.0111055)
(-0.54078 0.501679 -0.537249)
(2.67455 0.171243 0.0597681)
(2.67348 0.170643 -0.0614112)
(2.67455 0.171243 0.0597681)
(2.67455 0.171243 0.0597681)
(2.67348 0.170643 -0.0614112)
(2.67348 0.170643 -0.0614112)
(2.6903 0.235417 0.197069)
(2.86437 0.20902 0.109219)
(2.78968 0.235069 0.161035)
(2.6968 0.238919 -0.198916)
(2.67348 0.170643 -0.0614112)
(2.7299 0.147002 0.0457303)
(2.62451 0.152081 -0.0776917)
(2.61885 0.14832 0.0760539)
(2.87019 0.212676 -0.110434)
(2.6968 0.238919 -0.198916)
(2.6903 0.235417 0.197069)
(2.59854 0.221774 0.214832)
(2.84425 0.127227 -0.0135172)
(2.98774 0.130218 0.0454403)
(2.87019 0.212676 -0.110434)
(2.56292 0.169365 0.0613172)
(2.93644 0.0957769 -0.0111265)
(2.93568 0.171896 -0.0623445)
(2.56179 0.168384 -0.0641488)
(2.98786 0.129763 -0.042893)
(2.6197 0.221421 -0.225361)
(2.52607 0.151945 0.0936412)
(2.52607 0.151945 0.0936412)
(2.44363 0.120752 -0.0757804)
(2.44849 0.124081 0.0524846)
(2.92952 0.166402 -0.0534647)
(3.02047 0.0868594 -0.038684)
(2.43872 0.117404 0.0745383)
(2.44363 0.120752 -0.0757804)
(2.98664 0.0531553 -0.0296059)
(2.96216 0.115903 -0.0272314)
(2.44363 0.120752 -0.0757804)
(2.44363 0.120752 -0.0757804)
(2.43872 0.117404 0.0745383)
(2.32958 0.0757188 0.108775)
(2.44363 0.120752 -0.0757804)
(2.98664 0.0531553 -0.0296059)
(2.94296 0.131697 -0.0468925)
(2.98664 0.0531553 -0.0296059)
(2.90086 0.180584 0.0744588)
(2.36451 0.0986765 -0.0125815)
(1.588 -0.109299 -0.198899)
(2.44745 0.122474 -0.0559172)
(2.60489 0.207582 -0.057713)
(2.9577 0.111175 -0.0228185)
(-0.162015 -0.163745 0.438853)
(2.90086 0.180584 0.0744588)
(-0.158648 -0.0936414 0.403579)
(-0.559411 -0.554102 0.488783)
(2.81922 0.256712 0.0524692)
(1.46694 -0.0686165 0.0310423)
(2.30698 -0.00999809 0.0505104)
(1.81882 0.114081 -0.112939)
(-0.565138 -0.508153 0.439971)
(1.52827 0.117806 -0.227707)
(1.29484 0.208611 -0.342224)
(0.970863 0.114948 -0.0619196)
(0.487664 0.106585 -0.426339)
(0.537611 0.359148 -0.159583)
(0.749051 0.212686 -0.393981)
(1.76991 0.219471 0.0965205)
(2.01891 -0.225895 0.0429093)
(1.82853 -0.059064 -0.0335337)
(1.63179 0.670593 0.00895186)
(0.907152 0.832079 -0.108091)
(0.895096 0.903499 0.0590718)
(1.45932 1.38936 -0.015306)
(1.34266 1.16047 0.0199383)
(1.09678 1.95897 0.010303)
)


// ************************************************************************* //
