/*--------------------------------*- C++ -*----------------------------------*\
| =========                 |                                                 |
| \\      /  F ield         | OpenFOAM: The Open Source CFD Toolbox           |
|  \\    /   O peration     | Version:  2312                                  |
|   \\  /    A nd           | Website:  www.openfoam.com                      |
|    \\/     M anipulation  |                                                 |
\*---------------------------------------------------------------------------*/
FoamFile
{
    version     2.0;
    format      ascii;
    arch        "LSB;label=32;scalar=64";
    class       volScalarField;
    location    "1.4";
    object      p;
}
// * * * * * * * * * * * * * * * * * * * * * * * * * * * * * * * * * * * * * //

dimensions      [0 2 -2 0 0 0 0];

internalField   nonuniform List<scalar> 
2958
(
3834.64
2035.21
3537.89
-14713.3
1602.44
3627.59
5693.16
6517.71
2231.53
2306.4
4506.19
6835.42
2922.81
6829.05
4229.58
4774.86
1828.24
3077.06
6828.71
3005.31
6844.79
1806.48
6838.06
3353.67
2974.12
3717.62
1831.5
2748.51
1874.59
4421.84
3794.16
1616.71
6703.59
2100.03
9898.7
-4356.46
6834.71
6861.59
1303.89
2327.48
44220.5
-6355.49
5981.76
4118.95
6834.9
2946.17
4787.65
1821.87
-1846.62
4230.07
4093.32
1950.68
3123.82
4761.64
4113.01
-1134.59
3956.28
2561.94
3864.24
44075
1679.6
3728.47
9907.58
4417.64
6828.54
6827.92
4760.53
1971.27
4010.42
1247.06
1777.27
6836.86
1961.95
3796.87
6831.24
4489.19
2254.89
10171.6
6821.27
4070.14
2997.52
1391.26
3044.89
2509.58
3838.41
3979.94
1748.86
3953.08
2024.4
7022.55
10130.9
2047.64
5155.9
6828.47
2018.83
5675.2
-847.048
-10498.5
6827.35
6834.13
-16481.1
3869.8
6489.16
2031.31
6769.99
3698.8
6837.93
-7806.72
6830.93
6802.36
-50180.7
4032.4
6829.6
2822.7
6828.68
6830.31
4076.92
3935.08
2021.55
3917.38
1786.69
6835.93
5245.33
2028.4
1640.03
3399.21
2138.16
1978.34
4052.05
6829.19
6828.63
6872.29
3866.07
6815.63
6829.71
6825.34
3001.36
2626.61
6829.56
6828.36
2965.02
1976.1
6844.09
6830.18
3747.19
1666.41
6830.47
6835.64
2069.73
6836.19
3123.09
-1479.99
3040.08
6041.54
3494.11
6828.56
7067.35
3384.69
7549.23
2982.64
3278.34
2312.15
3666.4
6834.37
2581.6
427.909
6910.53
6826.47
1992.76
2606.53
2263.11
6837.69
6769.13
1917.9
6816.7
3920.43
1730.05
2003.61
11141.5
4061.37
5554.09
1941.04
3193.26
-78002.3
2006.7
1998.19
2013.84
6830.74
1802.43
-1769.51
1823.57
1997.67
2321.31
1854.17
1983.54
1882.99
2044.62
2174.41
4187.83
2139.31
1863.36
6819.89
3771.6
1987.01
-1536.72
-33869.4
5385.03
-32933.2
1887.47
-3896.96
6828.66
7025.63
6827.99
2033.08
6829.97
1813.76
4430.61
6828.86
6829.88
6826.56
6841.09
1942.7
7295.43
1979.25
-173308
4448.49
2595.84
6830.28
2106.44
1729.81
2007.84
1545.14
2067.66
1620.7
1874.14
6842.14
6830.6
3852.19
6830.55
33030
6830.63
31795.6
-5377.91
2792.61
3649.64
2355.97
5898.48
2815.3
4162.33
3961.22
2101.02
2374.93
3802.51
2492.05
-17170.2
1927.56
3973.08
2066.68
3917.79
1796.21
4267.87
6895.31
1683.2
51028.8
5351.37
5169.38
5461.92
3942.07
8458.51
6829.4
6833.64
1901.83
3920.17
6844.83
2038.16
3920.21
6831.24
1548.9
6823.05
1983.69
6829.84
6831.14
5362.72
3858.57
1772.62
6832.05
5975.28
-25810.4
-56085.3
4392.41
3356.5
1698.31
6829.03
6836.06
3819.71
2422.89
6828.99
4215.48
6829.11
4050.47
4350.33
1559.16
2064.99
1779.51
2295.48
1995.82
-18430.4
6891.41
4088.59
4235.4
6831.37
5189.1
4176.72
6829.36
2001.94
-172189
1443.42
6731.83
2051.97
3857.72
1550.77
1825.22
3621.58
1996.64
2942.82
6827.37
3977.85
6855.93
-56176.3
-32866
1772.69
4204.67
6839.31
6829.4
2556.23
6829.62
-33232.9
5474.25
-35136.6
6830.77
3960.1
2108.47
1558.59
1624.49
6830.61
1999.48
6830.72
1372.98
1795.01
2770.86
3905.28
4152.71
2127.25
12132.8
1955.47
4004.96
6825.96
3629.88
1890.06
4071.74
-32885.5
3831.07
-5333.85
5452.18
3629.54
2613.94
6627.64
-25686.3
-11923.5
1622.34
2523.98
1610.64
6827.42
-8342.47
4054.03
2019.9
4172.19
2116.13
1548.23
1804.36
2609.56
5566.38
6829.22
3620.19
1800.59
6819.55
3898.47
2072.11
6797.69
6827.7
2353.38
6824.32
6435.57
1808.62
775.667
164187
-32698.5
6828.89
6831.82
1410.73
3483.21
3986.24
1824.39
-15948.6
4215.17
3797.48
2023.65
3961.97
3876.99
1880.33
4220.78
3013.27
4416.66
2005.15
2028.72
1387.31
1601.59
-758.484
4096.7
4095.94
6834.24
-9223.35
1477.36
-11377.3
3083.96
6879.74
1985.98
3097.32
3499.34
2074.92
1540.81
1718.5
1938.86
2363.44
2380.25
1705.66
1500.78
1929.87
2888.99
6823.93
1640.05
1999.32
3931.69
1908.04
2323.17
6811.21
6854.05
2090.63
6817.29
1764.18
6816.91
1613.81
11052.5
1977.51
3078.04
-1030.37
6828.99
3838.36
1418.62
6829.49
1973.38
-7882.08
1952.9
4250.54
3987.01
6469.05
1790.56
4873.6
4008.64
4699.16
4318.54
6835.32
4209.07
2956.13
3861.7
1797.22
5338.77
1650.6
2500.47
4807.35
3072.82
2097.76
6828.31
5533.66
2044.92
3986.45
3439.96
5093.45
1734
3837.12
2124.82
1998.45
-11543.9
4023.98
1853.24
4122.62
3980.46
6829.88
6832.13
6829.86
1824.48
6830.09
6828.07
2504.02
3499.84
6829.48
-17777.1
1963.44
-1225.9
-274.419
6830.96
6828.82
3889.82
6827.96
4071.38
4071
1785.77
5982.49
1903.04
2367.68
6442.08
1822.04
3118.05
2134.11
4624.79
4107.44
1995.44
6894.59
4818.32
-2840.3
4804.52
7023.61
2019.33
6831.01
5966.08
6782.65
1708.06
1969.52
3774.58
4743.32
4466.39
4407.84
6834.46
5445.35
6829.22
5997.72
4873.15
6836.1
6829.31
1996.67
6828.43
6829.76
2022.61
3910.01
4385.78
3692.3
4463.89
3869.49
4272.98
4820.91
3806.74
2017.6
4245.53
4074.15
4048.93
4062.52
6828.54
3980.16
34794.8
4058.55
3835.52
3942.97
6831.43
6829.63
6777.1
2009.23
6830.48
5380.6
6833.09
3612.26
1970.24
1999.2
4673.06
2018.61
3380.58
6888.94
6830.69
6830.86
1977.81
4180.19
6831.93
6830.31
4034.09
1513.37
6877.61
1864.64
1772.06
2773.16
4183.56
9103.47
6838.7
3889.92
6820.08
2419.15
2136.7
4009.91
7255.01
1122.17
6807.58
6827.43
5265.47
4293.43
6829.76
6829.4
6436.99
1827.45
8138.08
2025.57
6834.91
-26348.8
-96.5146
-12076.3
4454.68
1533.7
3592.27
6829.96
1643.33
3831.36
4275.07
6827.32
2281.15
6826.95
1764.33
6827.37
2867.41
4190.9
6763.96
2800.07
1305.11
10265.7
6829.59
4036.49
5916.55
6764.87
4175.28
7133.71
2106.09
6869.17
4217.09
6829.48
6830.12
1810.02
368.601
1777.12
3707.25
1779.13
2015.03
6837.68
318.303
2073.72
1672.56
6864.16
6824.39
6822.8
9162.35
6824.65
1666.86
6816.3
3887.72
5153.32
1613.45
1779.94
19.3096
-59465.8
2290.39
1963.58
3891.74
-22548.2
6866.25
6830.57
1648.87
2324.09
6831.37
1980.66
6824.63
1850.4
1893.19
4066.08
2868.95
2047.25
8457.26
1977.07
3140.66
2263.53
3792.6
6799.99
3092.56
3485.77
3917.92
6834.38
6829.19
3384.57
4200.35
-5627.47
4134.91
4858.68
1147.65
-30892.4
2098.38
1659.08
1487.6
1849.64
1838.52
4059.64
1926.15
2489.21
2011.25
3876.35
2576.26
1643.1
5442.91
6846.66
1805.78
4401.53
6828.94
1950.57
6823.75
-137794
7540.13
6822.11
-1126.13
-50189.1
-4230.38
2005.87
6528.92
1757.11
4102.58
3887.11
6843.93
10886.5
3715.07
-7272.8
-118403
3523.47
3936.7
6799.77
-776.422
8060.4
1994.94
-2304.49
-10806.3
5546.04
6835.52
-38246.2
-25394
-25540.7
4145.48
4033.91
6022.1
5106.69
6830.06
6827.56
6829.93
-53.9908
1822.35
6829.08
3768.29
6829.4
-163.548
6842.15
6786.14
2007.03
-33107
2238.36
6827.52
6829.84
1806.69
3050.22
6834.29
6829.32
1988.66
6830.27
-13511.3
2416.8
6776.44
2004.77
3640.1
6833.02
2037.81
3902.8
3835.83
1467.26
4058.79
3777.56
4030.81
1737.85
6797.93
4223.34
4073.93
3465.76
2128.7
6816.26
1474.57
-7191.17
3990.57
1757.33
2768.66
4616.66
2024.68
4673.8
1395.33
5815.88
3428.56
6829.88
5082.04
1305.6
1547.84
3983.34
28839.4
-29991.1
2834.33
5265.63
3052.72
2693.9
4253.46
1980.18
6047.35
2256.23
1967.54
2543.59
1911.12
3964.76
4832.19
-50887.9
3900.61
2030.46
2260.29
6825.68
2759.84
4939.37
172.212
3531.64
6830.73
6848.91
6839.91
3885.81
3607.22
2469.52
3903.2
2313.72
4059.05
2718
1295.75
2254.64
2038.6
2853.38
1799.61
6830.82
2682.21
2831.44
1731.29
1734.12
4989.22
4198.46
2669.23
2431.68
2167.77
4145.53
6793.13
5167.62
1824.74
6834.12
2051.77
-68157.6
-18570.2
4328.32
1599.98
6828.91
6846.88
4315.29
6829.55
6829.77
6830.75
2595.42
3929.33
4232.32
1835.17
11296.5
4187.09
1940.9
-57221.1
4066.05
1770.34
6825.63
1917.14
1977.61
4333.97
2778.54
1877.8
2047.64
2124.57
-117129
6828.48
4137
1679.02
1699.13
1795.07
2006.37
1536.98
6836.17
2939.19
1934.52
4366.86
2055.05
2000.47
2165.83
2018.57
6437.2
1984.41
4533.7
2353.91
2028.95
6873.8
4008.59
4487.31
1917.03
1976.92
5622.79
2065.38
2031.17
2004.78
1733.07
2015.53
8215.26
4469.2
2065.87
4020.4
1820.87
4922.4
1954.92
3815.61
1669.23
6829.7
3876.44
9202.32
1540.98
-506.066
3169.49
1751.03
1990.37
1334.89
1976.62
3929.35
-43508.5
1830.4
2003.12
3851.14
5143.79
7065.91
6832.12
6830.2
1525.95
1805.99
2517.53
6832.48
2836.91
2475.36
1967.94
3934.52
-741.036
2102.77
3848.12
-29220.9
6828.85
2021.11
6824.28
3632.78
-26347.7
5244.7
-20.2581
6787.05
2943.58
6835.52
8467.26
-2939.82
1595.44
4361.65
3840.57
1919.44
1940.78
1976.12
3896.69
3983.6
2522.18
1569.89
3932.01
2784.59
1293.68
1719.06
2026.78
1905.07
2085.63
2289.34
3681.2
1819.46
1253.07
3915.75
3929.4
6444.72
6845.47
-32579
1711.02
6823.11
-57272.3
1642.85
3766.93
6828.99
2700.92
4382.2
6520.6
4115.8
1866.41
-60455.4
2745.63
1726.37
6451.8
4046.05
3392.84
2094.83
-14888.6
6829.88
2423.21
4023.71
3873.76
6826.81
6829.05
3588.36
6833.11
6831.01
6796.18
4007.12
5426.23
6830.27
6817.25
1614.55
6830.17
3885.86
3618.7
1586.04
6829.24
4441.1
4099.29
8271.18
1882.14
7056.65
-2647.24
6828.06
4436.96
6819.24
6829.64
6829.2
1192.84
4077.2
6797.97
3905.95
2860
2007.1
3834.1
2556.15
1672.74
6823.65
2198.49
6815.61
-66059.8
-25668.1
6823.38
3913.39
2457.42
-7404.73
1989.68
1947.63
3900.13
8461.41
1501.14
2234.14
6837.57
4645.08
2054.85
3546.07
3585.52
2096.62
3570.76
5434.56
-2977.94
1424.99
6835.27
-32540
1792.6
1570.27
2293.14
3578.14
2694.38
1867.15
6819.62
1892.1
-131.806
1777.9
6826.4
2481.66
6836.74
6829.18
6833.89
6828.9
2041.3
2007.83
2410.95
2164.89
1788.07
1586.57
1801.54
1806.51
2016.57
2118.19
3908.49
4558.24
6651.04
4217.96
1958.43
1958.77
1530.86
6829.62
8225.26
-131.766
2015.06
2168.61
-5894.9
2054.89
4069.4
6829.72
6831.76
4032.89
6847.97
4068.21
2086.21
3632.68
2142.46
4002.6
3654.33
1830
20598.9
6818.34
1707.63
2739.38
-1144.62
1437.11
6788.3
3615.98
972.821
3885.33
6823.67
1671.97
-434.096
2046.29
1753.9
4169.22
4091.95
4710.95
4084.42
5465.89
1745.28
6828.37
3980.13
5548.41
1670.94
6826.58
6817.18
4089.72
4040.06
3645.4
3906.9
-4999.26
2600.2
6832.75
2808.43
8120.81
6840.83
2463.18
6832.94
3972.7
2024.25
6833.24
2484.09
240130
3397.08
4449.21
3833.97
6839.16
3996.33
6818.92
4193.53
1649.12
-60655.8
4793.98
6844.18
2139.84
3520.77
-52302.2
6836.73
11398.2
5238.32
3687.98
6836.51
2890.15
1887.14
3904.81
2071.54
4841.26
5997.46
4270.6
3486.64
6821.81
1976.87
4321.66
3405.43
3674.3
4272.8
1406.94
1909.84
6857.58
4423.37
4018.07
6829
4100.66
6844.45
1656.78
6814.66
1851.58
2013.96
-4538.26
1909.6
2340.86
6835.2
1990.37
4275.51
4785.02
1301.58
1800.55
3896.19
3144.66
6824.49
6827.65
8081.95
8513.68
6827.3
6859.43
1978.19
3861.27
2089.7
1785.11
1808.37
4383.73
4051.03
4063.53
2098.82
1911.82
3968.73
2279.71
3267.47
4521.05
1493.53
2105.67
2191.07
4299.63
4339.48
4861.22
2022.35
1782.07
435.6
1425.53
10240.1
2069.06
-49149.1
1930.03
5431.46
1971.68
3598.84
555.404
1977.23
3729.55
6784.4
1818.13
3839.33
6829.21
4163.34
3935.55
3935.12
4116.52
866.961
4105.99
1131.08
1789.6
4303.59
3971.86
1671
4093.54
2697.98
4044.11
3158.53
1723.95
6822
2082.2
21255.6
6830.19
4151.11
3569.7
2041.84
3164.5
2654.54
3894.08
2020.34
6815.61
3311.47
4755.41
1659.34
-134858
4121.15
4440.69
4835.77
3638.96
2017.86
6838.49
167995
6836.18
2812.17
6834.38
165387
6828.13
3902.95
2586.63
6518.33
6829.47
2110.92
6828.34
6843.68
2607.51
6824.44
3279.27
6891.54
3790.41
6828.03
2039.17
-15381.6
4054.63
6823.8
6919.84
3669.64
233187
6832.85
2015.48
6837.52
2359.85
6828.41
1594.34
236056
6828.56
-50994.4
-17314.1
3676.59
1561.4
3638.03
1425.37
2478.35
6820.78
2184.51
6829.5
6862.11
1972.56
4069.86
6834.55
2034.03
6705.79
2343.89
3798.66
2025.95
1678.88
4016.23
-84993
1728.83
5013.9
1814.77
6822.36
6830.5
3544.97
1998.93
1455.72
1978.37
4549.29
6825.4
6836.93
1979.92
1975.67
3546.78
1646.42
4049.21
2035.94
1752.16
7057.62
6829.65
6829.35
10394
2474.75
2536.54
5091.11
5274.23
2728.23
5639.36
2732.12
2100.16
2530.23
6830.97
4716.7
4251.33
4068.22
1791.78
2598.73
6825.44
4065.51
1353.68
4388
6822.69
3733.41
2602.58
3862.55
6822.55
2193
2136.26
6826.74
6835
6827.16
6828.85
6828.55
6829.42
1840.95
3703.94
2442.61
2204.8
3191.36
10143.4
1772.89
4013.35
6823.58
6846.15
2479.22
4968.49
6827.95
4257.65
1651.41
6816.89
3078.27
1388.72
1598.62
2133.39
1810.59
8787.7
1713.2
2968.11
3933.38
1990.81
3787.12
6829.34
6759.32
1947.66
4008.62
6834
3921.38
-5892.57
3898.82
6831.97
5221.98
2587.59
2027.15
3327.25
1994.33
3870.67
6831.87
4078.01
1539.6
2293.59
2002.23
2005.49
2169.81
6830.75
3009.8
3285.82
4128.82
-434.948
3961.49
2291.77
2747.56
1969.28
2560.97
4223.17
2955.34
1724.46
1895.63
3864.39
1627.73
4204.19
4041
5311.7
6889.24
6829.2
1698.36
1804.1
1709.82
4144.83
2205.78
1819.16
1959.11
1710.07
6820.65
8457.5
2593.35
10987
2006.14
4116.73
6833.88
2560.43
5401.55
5427.17
4296.78
1766.44
6829.18
2012.94
2207.85
3955.65
5109.84
2713.86
6835.01
4052.65
1768.45
3497.69
12423.5
3718.57
6832.55
3880.19
6836.69
1811.28
1698.3
1991.98
4298.69
3954.79
4005.4
6828.35
1582.66
2015.23
-952.033
2890.29
-66030.2
2920.53
5937.13
3885.62
1546.06
2057.72
1941.05
4054.5
2068.57
4424.11
6829.32
6893.11
2771.99
3651.1
2011.25
6926.63
2013.49
1937.92
1693.38
2046.71
5243.88
3944.69
2036.68
3931.21
6831.03
6828.85
6829.51
6774.68
4389.98
6829.3
6825
4147.65
-10370.6
6829.03
-76815.3
3225.37
6828.76
4191.3
-3661.76
2832.75
-165632
1895.6
-2156.51
2017.45
6814.77
4651.16
-32720.1
3843.74
1601.64
6833.34
1501.8
4036.55
4036.86
3748.34
3893.36
6829.3
6785.8
3649.34
6836.85
6825.04
15710.5
2044.03
6829.03
3606.72
6834.06
4462.32
1624.3
6830.42
3784.26
2062.33
3341.15
1645.46
887.773
2198.46
2085.22
1809.08
1741.65
4072.04
3297.42
4260.69
2058.53
6826.15
1816.73
6821.73
6004.49
2040.28
4959.1
4697.2
6761.28
5967.24
1780.72
2204.26
6829.44
6830.15
6830.83
6840.32
6839.91
6838.11
4989.51
4686.59
9290.08
32716.1
15569.6
15341.3
2051.61
2143
2065.62
1929.5
2121.05
2086.06
2122.07
2035.53
1333.33
1331.85
1708.76
2045.75
2196.69
2671.01
321.399
-9.56356
780.995
1383.8
2363.15
462.05
1399.85
3890.41
-8666.23
-12353.1
-19554.5
2059.47
6796.52
2070.35
6823.63
1871.3
2016.58
6823.5
6790.08
6824.33
6794.51
6827.15
6837.86
6847.43
6838.96
6829
6824.84
6825.49
6830.06
6830.04
6830.74
6830.04
6830.61
6830.31
6830.61
6827.74
6846.67
6797.94
6840.79
6847.38
6796.76
6802.14
6799.55
-121683
-143011
-7277.47
-21962.7
-86140.5
-64163.8
11628.1
12558.8
3979.16
3370.4
-761.863
2442.6
2442.69
2240.95
2168.94
2252.3
4500.11
525.195
694.657
4235.79
4115.43
3866.6
3857.4
3868.61
3876.29
3872.74
3876.32
3883.68
3889.16
3916.62
3899.4
3897.6
3858.66
3929.08
4007.41
3526.09
3567.01
3747.89
3618.97
3268.21
3810.39
4366.55
3683.66
3492.68
3877.34
3653.5
3523.91
3649.63
3347.56
3299.32
3277.12
2968.99
3027.03
3175.58
2659.73
2875.6
3117.87
4626.83
5010.5
4773.54
4815.43
8462.83
2493.09
2482.91
1970.91
1969.8
1991.54
1923.46
1930.45
1920.13
1831.89
1986.68
1828.79
2283.86
2290.44
2285.35
2121.42
2423.91
2342.06
6239.49
6422.27
4273.07
4029.29
3531.34
2530.15
2621.87
2400.27
2237.59
2557.87
2133.34
2096.1
1430.35
1753.42
1701.07
1711.86
1726.64
1718.09
1819.77
1728.48
1795.46
1744.36
1721.33
1737
1996.18
1984.07
1987.5
2036.61
1934.22
3988.04
4565.45
4525.31
4007.44
4031.16
4410.85
4773.66
4734.13
4555.35
3260.19
2975.61
3089.11
1530
2810.47
2728.32
4776.74
6525.84
4314.93
7328.25
-32476
-33004.9
-30741.7
-33024
-32700.3
-29681.5
-32687.6
-18118.5
13560.6
-17556.8
6819.41
1449.01
2837.42
44888.7
35098
34391.2
-2327.91
13963
14586.1
1343.46
1068.7
1447.37
10359.1
10389.6
8118.92
7398.69
7872.9
6419.44
7123.66
7734.22
5940.59
6478.72
6008.6
4054.76
4389.75
3488.99
3684.19
3950.7
3802.85
3956.67
3989.35
3993.6
3978.75
4080.58
4101.82
4089.97
4084.06
4004.03
4040.63
4001.39
4130.24
4112.3
4103.66
3797.18
2905.24
6614.7
6638.33
6773.82
6797.88
6821.95
6822.82
6830.69
6835.15
6822.47
6818.02
6820.98
6820.65
6821
6824.33
6814.46
6794.34
6828.88
6815.39
6790.72
6805.49
6806.83
6835.74
6808.96
6817.11
6825.03
6817.05
6839.21
6842.44
6817.02
6828.15
6825.75
6827.87
6822.96
6821.87
6821.68
1851.64
6828.83
6827.79
6830.94
6831.33
6825.57
6826.79
6828.33
6824.27
6829.12
6826.53
6845.97
6794.46
6847.89
6790.48
6791.92
6701.17
6823.2
2847.16
3874.26
3882.88
3906.6
3894.44
4133.69
3159.1
2981.94
5792.81
-134.69
4888.73
2500.05
1983.28
1839.67
1975.52
2293.79
2292.04
6472.04
5791.7
2304.39
2088.48
1930.5
1714.85
1722.61
2126.46
2044.07
4035.7
2141.26
4065.4
4084.02
4636.24
2158.35
1824.55
2289.4
1640.5
2807.2
1687.1
-32451.9
-32932.1
-32948.2
-18304.2
11109.3
14554.2
5382.45
7382.59
1894.71
10869.6
10533.3
7174.66
6980.48
7583.42
7311.75
3710.48
3940.21
4113.92
4049.34
4017.4
3978.78
3947.84
3617.16
4001.25
4088.11
4054.05
4110.89
6599.61
6828.67
6821.81
6808.39
6813.5
6831.75
6813.06
6791.92
6838.12
6815.96
6816.08
6815.9
6824.05
6821.49
6827.8
6823.61
6822.7
6827.88
6824.14
6822.73
6829.26
6826.11
6827.41
6828.2
6834.57
6834.41
6832.4
6832.33
6832.41
6832.21
6831.81
6831.44
6823.05
6829.11
6830.74
6829.49
6829.58
6826.67
6829.29
6828.45
6830.02
6830.02
6830.32
6830.05
6829.16
6829.7
6830.59
6829.57
6831.42
6831.58
6830.54
6831.44
6830.5
6829.61
6831.57
6829.39
6842.78
3885.7
3385.33
2314.65
3325.17
3279.53
-19008.5
-6034.11
-6474.37
-11899.8
-68499.4
-51050.3
-61865
-8675.41
-66126
4349.52
4922.83
4484
3765.35
3987.73
3931.02
4236.14
3868.7
4017.66
3838.95
3894.74
3974.6
3903.96
3722.08
3782.61
3668.32
3755.49
3699.38
3644.28
3587.69
3584.91
3619.24
3624.59
3398.63
3458.42
3351.1
3347.69
3815.6
3439.62
3438.24
3377.47
3353.05
3402.69
3272.89
3190.61
3176.98
3075.93
3033.87
3038.94
2871.74
2854.07
2812.26
2526.24
2906.83
2956.89
2193.04
3002.39
2361.8
2576.36
2451.11
2476.99
1984.82
1982.08
1964.57
1963.23
2013.24
1983.51
2008.83
2020.74
2016.25
2010.68
2105.69
2121.29
2137.78
2114.65
2112.62
2778.31
3127.17
588.014
1026.33
190.238
1933.92
595.161
721.28
1111.69
2684.51
1502.23
1005.99
1279.2
1483.39
1300.34
1509.98
1563.14
1640.2
1579.47
1630.15
1767.6
1784.53
1775.04
1767.77
1774.44
1793.02
1813.08
1868.2
1830.28
1896.47
1996.85
2023.42
8463.97
2014.88
1996.39
2017.89
1991.6
1985.63
1896.78
2076.86
2045.2
1915.22
4106.88
4043.67
4085.72
4113
2004.22
2142.14
1874.79
2146.53
2015.97
1784.88
1620.3
1660.32
2474.19
2334.38
1864.12
2903.47
2696.21
2482.38
2731.25
8466.75
3178.8
-33784
-30302.2
4468.02
-23541.1
11408.8
-2098.48
3741.48
4449.91
10055.2
3451.13
751.57
-682.432
-4886.06
-5807.24
-1540.76
976.993
2416.28
4407.23
5020.49
4704.93
5163.99
5327.99
5371.13
5503.48
5294.53
5154
5130.07
5226.21
5133.95
5060.55
5093.4
4856.23
4896.22
4836.42
4406.78
4478.53
4296.46
4482.21
4452.71
4381.11
4243.17
4318.36
4366.6
4314.41
4251.5
4211.45
4253.77
4063.42
4148.55
4456.71
4182.56
4185.24
4101.58
6717.12
6830.42
6709.16
6789.78
6787.79
6784.33
6796.37
6788.31
6797.33
6816.75
6822.53
6831.75
6823.59
4456.83
6833.95
6843.65
6824.68
6826.41
6827.44
6827.8
6826.17
2000.37
6827.12
6828.08
6828.35
6827.6
6830.07
6830.01
6822.61
6829.43
6828.28
6831.33
6828.31
6827.13
-514.878
1996.63
2008.38
2152.28
2607.13
2724.17
6828.91
6828.95
6828.17
6829.09
6832.94
6829.62
6828.98
6829.29
6829.03
6829.91
6829.7
6829.57
6829.69
6829.18
6829.58
6829.66
6829.63
6829.93
6829.51
-2238.62
6829.26
6829.22
6829.09
6830.09
6829.37
6829.3
6828.9
6831.13
6882.6
6454.83
1942.41
4362.72
4287.56
4171.25
3196.98
3328.5
3288.25
3052.94
2463.81
-5089.31
-14796
2121.13
2037.06
3566.1
2210.76
2057.28
6152.25
6547.87
4760.56
4523.97
3984.27
4085.79
3887.55
3999.04
4358.35
4064.87
4249.35
3976.85
3965.3
4010.88
4011.57
3990.56
4021.51
4084.64
4037.25
4027.46
4020.08
4029.34
4013.82
3917.94
4077.39
4018.91
4101.37
4003.72
4040.99
4066.91
4043.8
4179.32
4010.79
4100.61
3389.59
4007.24
4139.79
4082.35
1918.93
3371.9
3975.51
3989.29
3982.58
3979.2
3957.43
3927.91
3968.55
4152.45
2838.02
1810.75
3713.77
2422.18
1784.11
1793.75
2283.48
2443.85
2220.06
1984.98
2095.85
1983.01
2015.55
1972.34
1987.75
1984.49
1999.36
1987.3
2012.62
2019.99
2017.86
2023.84
2016.38
2027.48
2026.32
2030.22
2096.46
2199.53
2020.77
2042.5
2081.09
2116.51
1874.22
2760.46
2138.53
2826.42
5143.99
3749.92
1864.93
1782.31
1826.74
1847.53
2549.02
1738.95
1813.41
1977.25
1830.48
1623.55
1606.04
1771.94
1495.91
1500.16
1650.1
1648.48
1559.44
1417.39
2008.41
1994.73
2004.9
1674.07
1831.33
1794.1
1767.62
1827.57
1828.72
1813.76
1858.26
1810.57
1934.08
1871.59
1864.54
1841.14
1891.56
1977.76
1947.69
1942.2
2028.63
2019.26
2011.69
2003
2046.76
2039.15
2046.64
1914.37
1982.38
2090.95
1933.16
1759.71
1902.96
1945.62
1933.06
1998.05
1989.79
1972.85
2130.81
1830.52
1913.5
1868.29
1874.3
1856.61
1093.37
1591.94
-130.66
418.685
591.795
-2077.28
-5381.19
-6039.3
-4341.11
2290.25
-7130.51
-741.026
416.674
668.663
914.669
2797.19
2465.11
1489.46
2390.07
31.8168
2092.52
2505.16
2261.21
2761.25
6223.53
4533.92
4365.53
4513.07
5607.67
5330.36
4822.76
4814.59
5259.43
4818.38
4774.81
4808.13
4767.81
4672.89
4774.84
5058.45
4755.26
4636.23
4554.4
4567.28
4622.5
4414.11
4497.53
4371.62
4304.89
2017.31
4317.52
4378.77
4387.83
4260.52
4198.05
4302.19
4246.55
4344.9
4199.33
4238.55
4270.95
4152.2
4187.73
4117.01
4095.13
4161.64
4119.17
4131.72
4071.09
4069.57
4235.48
4190.97
6829.54
7248.4
6832.76
6842.86
6788.32
6833.36
6787.37
6837.43
6822.19
6820.38
6826.04
6827.41
6828.79
6826.22
6827.27
6828.72
6830
6830
6829.36
6830.69
6826.02
6830.11
6828.18
6830.1
6827.39
6830.2
6829.69
6827.3
6830.04
6822.27
6830.81
6829.17
6827.89
6831.61
1985.55
2506.51
1993.32
2030.64
2012.33
2001.3
2011.79
2051.81
2005.17
3038.23
2940.33
2043.52
2783.47
3184.67
441.309
4305.55
1996.66
2703.16
6830.17
6829.85
6830.04
6830.08
6829.67
6824.45
6829.68
6830.81
2132.63
2134.18
1967.14
2120.58
2469.7
6829.45
6830.2
6829.3
6830.18
6831.03
6829.46
6829.13
6830.43
6829.56
6829.92
6828.78
6828.59
6829.16
6829.11
6829.11
6829.3
6829.49
2665.82
2164.33
3164.76
2153.32
2375.27
2406.33
1747.32
1626.62
4181.5
2901.24
3077.58
4071.86
3898.74
3700.84
4038.88
3875.72
4090.75
4079.38
4098.1
4246.73
4242.68
4077.07
4074.83
4130.41
4019.26
4380.12
4426.32
4593.4
4178.81
4586.9
4432.86
4807.11
3995.94
4772.32
4824.42
3808.44
4496.86
3711.44
6829.28
6830.1
2288.77
2187.33
2227.17
2118.82
1852.15
1900.89
1981.86
1988.46
1980.21
1961.38
1959.91
1985.72
2014.38
1986.48
2020.13
2048.27
2028.53
2027.73
2025.33
2057.25
2052.31
2027.72
1724.09
1741.94
2307.65
2065.99
1668.01
1821.19
1873.47
1750.94
1836.87
1795.57
1811.94
1932.08
1781.32
2704.33
1528.81
1644.45
1942.87
1954.14
1947.05
1979.2
2063.76
2072.16
2029.38
1662.05
2183.84
1261.89
2378.74
1487.44
-6405.86
644.888
3032.67
6826.73
6822.19
6831.05
6828.16
6829.85
6830.8
6830.7
6828.72
6829.4
6829.34
6830.24
6828.69
6829.08
6830.21
6829.23
2252.39
2039.26
1804.16
1831.33
2140.25
6829.39
1812.8
-6230.43
6834.77
1812.21
1744.35
1826.65
6831.77
6829.69
2171.38
2080.08
2015.72
2150.72
3397.24
2026.77
1716.96
2051.9
2032.92
-6323.21
4067.98
4193.87
4191.95
6790
6800.92
6815.93
6824.65
6826.78
6824.47
-4065.42
2588.5
6829.36
6828.89
6832.5
3823.83
4075.52
6829.71
3211.21
3406.34
2024.4
1988.29
2046.69
1802.12
2233.98
-3558.56
661.085
2009.21
1939.23
1999.51
2021.55
1988.53
1895.68
2110.55
3666.48
4255.59
4236.86
4082.83
6829.32
6823.63
6825.38
6828.4
6828.74
2124.14
1762.37
6826.7
1824.43
4671.38
4379.88
6829.55
4189.13
1470.35
2094.1
2055.13
6828.22
6828.61
2491.61
6838.06
6837.46
6763.86
2178.86
1331.44
6829.48
1397.96
2298.33
-12864.7
6828.94
6824.33
2059.64
6798.17
6810.95
3529.37
6830.51
3871.65
6831.39
3142.91
1989.07
5150.03
5337.51
1702.11
4523.47
4609.42
4503.22
1672.46
23608
7853.37
4166.39
3858.98
4199.23
4247.62
4002.87
4092.43
4057.96
4128.1
6784.82
4743.13
6822.77
6823.29
6830.3
6829.61
4784.27
6816.47
4797.97
6824.35
6838.54
6821.89
6816.89
6822.62
6822.49
6830.14
4079.45
-1036.3
736.782
4223.13
4095.55
6815.8
6792.18
6821.37
1184.34
6826.26
6825.88
6815.21
4001.16
3282.79
3269.45
2019.69
2136.63
2071.02
2071.03
1775.62
1876
1134.67
-1626.82
5450.26
4157.43
4198.19
6712.25
6794.52
6820.32
6841.22
6826.49
1907.02
6829.27
6826.11
2591.57
6829.08
1576.95
6829.42
6828.93
4197.58
1798.68
4051.81
3921.77
4025.93
3651.54
3151.69
3725.9
1973.64
2073.66
2693.6
6830.08
6830.57
6830.24
6829.15
4595.78
4682.97
4615.45
4511.41
)
;

boundaryField
{
    Wall
    {
        type            zeroGradient;
    }
    Inlet
    {
        type            zeroGradient;
    }
    Outlet
    {
        type            fixedValue;
        value           uniform 0;
    }
    Empty
    {
        type            empty;
    }
}


// ************************************************************************* //
