/*--------------------------------*- C++ -*----------------------------------*\
| =========                 |                                                 |
| \\      /  F ield         | OpenFOAM: The Open Source CFD Toolbox           |
|  \\    /   O peration     | Version:  2312                                  |
|   \\  /    A nd           | Website:  www.openfoam.com                      |
|    \\/     M anipulation  |                                                 |
\*---------------------------------------------------------------------------*/
FoamFile
{
    version     2.0;
    format      ascii;
    arch        "LSB;label=32;scalar=64";
    class       volScalarField;
    location    "0.7";
    object      p;
}
// * * * * * * * * * * * * * * * * * * * * * * * * * * * * * * * * * * * * * //

dimensions      [0 2 -2 0 0 0 0];

internalField   nonuniform List<scalar> 
2958
(
328.727
334.946
434.59
-560.857
280.572
443.375
334.986
309.42
366.688
341.896
334.402
414.789
341.447
409.449
243.812
352.939
306.263
340.127
410.409
327.675
413.948
304.396
414.188
339.344
340.973
331.707
309.719
340.043
262.851
334.687
332.516
283.702
415.723
306.937
324.844
121.256
416.17
414.258
242.555
342.158
-39595.6
199.484
333.959
335.805
410.55
415.446
333.039
307.588
-655.421
360.023
339.651
330.371
352.179
331.057
338.284
236.038
337.46
360.208
338.068
-33006.6
262.713
353.739
329.21
334.592
402.173
409.391
331.125
330.044
351.652
232.091
300.833
417.59
317.156
340.569
406.366
334.62
293.952
328.417
410.259
334.693
341.076
269.804
335.081
337.059
354.192
335.625
306.239
335.613
332.014
417.93
324.338
333.575
329.738
410.704
331.636
109.459
83.2124
-588.866
407.937
413.5
-2579.91
338.169
93.4119
332.288
402.605
321.946
417.629
-1656.18
414.573
92.7849
-1108.51
331.916
405.501
342.486
409.526
411.708
335.329
330.889
334.976
337.694
309.891
415.163
328.704
332.789
289.11
347.972
297.719
324.03
348.563
410.742
407.664
459.604
336.217
392.083
410.404
408.252
340.391
331.256
411.199
408.676
345.68
326.643
413.041
408.175
334.493
314.768
406.259
414.488
334.692
414.73
327.581
43.7492
336.462
390.464
336.507
413.425
414.3
326.986
331.952
347.145
336.921
341.34
336.373
413.594
336.883
206.388
413.191
408.608
336.979
379.902
364.354
417.163
406.208
321.566
401.489
439.208
351.495
329.281
507.1
352.384
388.846
320.183
339.566
-3247.57
330.372
328.997
331.358
414.298
303.447
-2363.13
310.586
332.476
347.278
339.822
330.647
263.029
336.642
352.212
338.46
338.474
341.296
402.501
327.399
327.856
272.448
2379.8
364.941
2245.23
321.978
-676.901
409.268
417.788
409.877
332.623
412.319
308.166
334.643
409.052
410.077
406.572
419.202
324.382
332.398
326.513
-6712.85
342.074
340.7
409.389
334.257
294.832
333.032
278.583
331.487
293.578
262.63
419.723
416.571
338.047
416.152
1275.43
410.646
1214.72
283.461
340.008
330.403
-923.309
357.283
342.627
335.701
336.607
336.652
340.888
336.91
389.953
-1326.93
325.219
335.096
333.666
334.251
307.133
357.14
414.328
293.013
-39411
367.395
328.964
313.124
333.932
441.81
415.907
414.417
319.342
335.885
424.422
332.315
335.013
408.728
294.785
404.751
325.481
407.752
412.036
367.133
335.986
308.058
412.299
388.568
105.685
-2000.03
334.432
340.071
289.827
409.239
415.258
337.768
356.718
410.148
356.003
409.595
336.979
335.753
275.149
333.868
307.112
277.615
332.893
-1773.39
414.164
335.179
354.716
409.369
399.694
333.637
408.63
328.102
-6651.18
265.182
332.988
334.815
333.635
294.164
316.381
336.946
333.704
405.912
415.923
333.07
406.268
-3301.89
-1501
306.93
337
418.177
411.048
339.201
411.284
1244.02
-2434.29
1209.65
408.272
335.621
338.222
274.271
296.992
415.51
331.738
416.711
320.848
274.537
362.544
345.047
329.311
351.635
1831.91
324.839
335.218
405.261
336.493
305.247
338.943
-1459.29
342.361
-257.158
380.075
336.079
398.641
333.221
121.197
241.38
273.396
342.817
282.749
407.777
-461.2
335.291
328.531
338.642
338.225
272.872
312.754
336.615
326.64
406.686
336.676
308.253
408.609
334.882
340.701
415.834
408.932
340.897
398.152
419.97
306.998
176.051
5844.22
-1530.6
409.767
412.511
250.725
350.837
334.965
305.396
-2498.88
338.537
334.18
327.864
335.537
337.29
276.434
373.892
340.843
334.439
325.254
330.578
248.45
285.106
182.692
335.544
335.759
408.858
-30.4638
305.958
305.391
332.129
414.187
328.163
331.581
333.209
336.542
273.056
248.687
318.034
340.947
340.558
303.513
306.924
334.429
341.314
405.483
311.911
328.493
337.897
313.307
347.056
402.959
405.308
331.993
403.384
311.58
400.334
284.957
323.314
326.665
321.179
-553.444
409.409
339.619
269.863
410.091
326.274
-2812.83
272.47
336.224
335.213
334.291
277.837
332.868
335.308
355.37
335.886
414.938
336.329
407.688
336.346
304.914
328.412
302.543
332.175
330.462
340.101
340.146
402.685
388.479
336.633
334.028
338.283
330.231
234.126
326.809
334.619
331.88
-455.587
332.864
320.439
340.6
337.325
408.332
409.812
412.385
318.446
408.453
402.421
311.926
204.892
409.883
-1706.6
323.815
-610.695
183.297
407.772
410.141
338.182
409.573
335.91
334.341
264.937
403.347
317.771
324.85
413.343
308.717
356.431
338.948
530.894
-32.262
332.13
414.753
330.265
-147.741
330.384
417.61
328.134
409.999
381.871
333.008
287.508
325.847
403.333
331.292
351.621
333.875
414.357
-382.225
413.149
382.573
330.386
413.559
410.053
329.744
408.986
410.361
331.818
366.568
381.131
336.93
351.784
336.687
334.537
359.691
336.999
332.553
334.312
340.212
338.222
337.613
400.42
335.548
1333.54
339.895
368.183
335.622
409.06
407.086
406.267
332.35
410.32
367.952
419.049
336.691
323.032
328.133
333.609
329.573
390.914
413.862
410.841
411.832
327.266
336.671
414.08
408.559
334.182
269.733
414.171
297.909
248.317
325.54
335.53
460.822
417.899
333.206
408.064
314.843
338.67
345.984
431.867
233.118
406.085
408.145
438.365
360.458
408.336
409.396
461.33
332.314
331.431
330.948
410.451
891.211
183.04
250.755
351.792
284.706
337.003
406.907
301.68
335.949
334.994
411.718
305.236
411.093
320.586
408.549
292.989
334.831
405.887
400.613
243.007
329.386
412.369
333.565
401.897
406.493
334.98
429.347
337.026
455.881
335.18
410.143
410.617
311.931
232.818
302.896
335.143
302.179
332.42
405.904
193.451
336.482
290.455
406.389
407.127
388.835
462.115
405.526
314.785
401.982
319.895
328.495
274.615
299.849
119.152
-2099.95
349.072
328.95
339.585
746.782
452.414
411.745
299.169
337.124
412.618
327.388
405.994
311.341
313.762
336.559
299.803
333.278
441.892
329.858
350.711
287.091
329.015
415.913
382.214
329.721
337.718
405.911
411.293
397.663
334.928
317.182
401.235
332.569
236.647
-3063.27
342.174
289.479
272.478
305.586
303.358
337.836
279.254
343.893
341.847
338.788
336.72
300.749
377.54
421.732
304.911
357.862
410.147
327.765
408.932
-5703.08
331.966
398.381
-2662.91
-1089.92
200.79
329.558
404.403
338.557
333.067
339.404
413.87
328.75
322.202
396.652
-3245.59
337.289
336.967
415.73
-424.352
331.545
330.408
-663.168
-594.679
389.216
414.489
-1805.92
583.493
743.115
335.002
354.963
402.259
342.59
411.678
408.785
410.254
-349.636
305.775
410.296
325.571
407.97
-320.337
407.488
407.295
333.579
2293.16
296.294
409.95
408.282
273.352
324.584
412.899
409.979
327.648
405.755
274.652
294.106
405.918
324.983
334.961
406.725
334.144
336.048
335.983
300.284
337.604
335.224
352.705
306.493
415.871
334.923
333.565
330.907
335.71
400.92
289.841
-1890.88
335.518
270.378
331.682
334.042
334.317
357.341
279.576
333.487
336.464
408.738
330.707
248.256
277.942
335.376
1754.78
-2943.58
342.266
380.112
340.457
1318.99
334.988
328.411
462.538
297.478
328.405
241.826
310.251
335.863
441.008
-1158.05
337.221
331.227
341.818
401.309
343.505
329.978
157.046
337.373
410.848
416.19
419.571
331.715
336.77
307.712
335.832
337.747
337.546
331.894
341.427
370.345
332.951
340.357
302.562
416.773
343.236
340.363
304.919
290.607
352.667
336.246
-2289.91
307.292
349.016
343.023
408.891
329.392
343.865
413.786
335.304
-3279.92
-1766.01
377.084
283.008
411.294
415.962
335.095
410.803
411.173
412.214
394.373
339.566
359.884
303.962
508.49
333.73
328.234
-2034.15
337.328
322.392
400.85
316.84
343.558
333.913
342.996
317.695
343.498
334.434
-3442.09
409.663
343.491
290.482
286.012
306.273
332.991
273.355
410.643
341.544
323.08
334.708
343.38
343.827
349.675
337.424
413.093
326.362
332.882
374.286
329.641
101.65
335.455
333.375
321.645
326.054
324.387
330.447
332.727
331.152
338.867
333.233
816.109
332.96
335.858
335.321
305.284
330.006
324.999
336.18
287.625
410.861
330.387
462.916
275.606
-535.627
336.964
272.121
327.787
344.402
327.672
339.985
-2796.12
329.902
329.159
339.904
329.752
332.846
412.055
403.854
273.231
305.416
393.361
411.751
304.168
317.1
325.498
336.23
-544.11
337.11
336.595
-2847.9
410.315
315.934
399.16
336.751
779.269
316.041
924.797
407.415
341.394
414.012
441.987
292.798
289.222
334.879
338.36
324.347
321.419
329.365
335.556
335.882
338.095
285.478
339.431
342.74
256.25
295.242
329.077
315.661
339.212
348.827
336.665
310.831
231.005
338.937
339.191
420.299
412.707
-1483.71
303.026
407.214
-3200.66
292.75
332.006
405.3
346.453
355.285
404.795
335.237
366.815
-3004.76
338.596
294.428
419.943
335.157
328.35
336.665
-704.319
410.563
307.357
341.242
332.657
405.483
408.817
336.702
411.45
408.865
402.898
335.233
365.241
408.048
396.193
292.808
416.475
341.603
336.8
287.98
409.977
335.702
339.274
430.917
319.138
413.67
306.374
409.088
341.834
399.825
410.154
410.244
234.453
333.069
415.705
336.01
341.914
332.585
340.18
343.05
302.824
405.777
347.668
399.508
-3138.4
93.7809
404.807
345.259
337.215
-359.575
327.735
328.797
335.849
441.805
271.863
301.726
406.948
333.544
334.511
336.408
336.407
337.787
335.687
379.775
367.548
292.185
412.467
-1478.36
315.589
285.716
348.688
336.236
382.022
315.045
398.626
324.808
377.815
305.333
410.736
312.045
416.459
408.878
413.477
410.378
332.715
332.22
356.153
306.407
307.33
280.971
309.654
305.26
327.638
338.457
337.387
332.905
559.016
335.705
323.775
329.292
291.68
411.49
430.832
358.232
331.393
338.819
281.085
302.077
335.078
411.02
410.556
365.41
416.611
340.558
345.682
337.041
342.001
214.261
319.748
303.933
1222.12
405.6
343.911
343.51
207.885
315.531
752.608
336.862
308.404
342.213
405.277
-233.809
250.78
336.332
303.537
351.171
339.473
356.178
334.756
377.582
302.997
409.781
339.305
377.978
338.372
410.148
404.104
333.23
335.23
326.922
335.214
212.441
368.913
411.075
336.399
429.599
407.657
330.543
405.959
335.634
328.449
412.31
316.511
2397.08
326.95
306.067
325.246
405.573
337.592
398.106
337.716
343.585
-3286.02
329.479
412.364
339.421
329.042
-1013.32
425.841
321.079
329.234
336.821
413.756
341.878
333.147
336.906
337.975
329.943
382.771
335.133
338.663
402.96
337.736
334.53
331.008
321.039
334.851
251.038
323.347
406.181
334.338
341.406
410.384
338.205
413.037
309.503
400.931
313.75
330.325
324.187
310.084
341.617
407.604
325.321
335.408
330.445
302.24
302.256
337.561
339.651
405.092
408.615
330.836
330.399
408.167
414.001
330.533
333.524
339.186
304.257
337.566
475.62
343.238
335.546
340.655
322.901
336.024
341.109
323.544
333.708
308.547
338.785
355.868
335.214
343.287
352.111
332.015
323.604
200.54
308.304
328.289
319.205
-933.009
327.924
364.771
335.078
347.049
-492.336
334.49
330.632
406.199
309.86
339.264
409.058
335.294
335.677
335.792
335.134
215.83
336.56
245.294
307.53
335.333
335.624
291.719
339.563
304.563
341.637
395.243
300.988
403.564
340.664
1193.48
404.656
335.963
337.476
333.016
326.814
340.677
335.982
331.486
407.217
286.212
330.628
292.31
-5684.66
335.701
352.941
330.008
440.065
329.375
407.212
6182.04
416.425
340.156
414.311
5995.59
399.74
335.987
368.351
404.813
408.499
339.436
408.818
419.003
323.671
399.458
433.868
414.228
328.191
401.777
332.668
-2665.89
335.65
404.991
311.728
321.371
2201.88
413.146
332.651
416.462
341.596
409.551
343.308
2105.79
410.799
-3323.52
-1351.88
336.677
279.005
321.38
281.281
387.215
408.919
342.97
408.919
414.372
330.481
340.834
413.294
344.22
415.669
348.382
340.959
332.416
288.976
345.507
-3693.18
293.497
293.501
311.153
403.695
410.45
312.345
332.23
295.466
330.613
306.725
398.836
415.569
330.054
330.507
336.23
290.768
324.642
331.663
296.047
413.679
410.864
410.801
328.919
395.745
361.433
330.372
328.758
372.253
313.383
245.908
332.686
342.842
412.645
357.891
338.204
338.874
322.154
368.701
407.324
338.83
242.725
370.231
402.826
336.097
394.878
337.737
402.551
339.673
338.452
409.223
405.596
408.194
410.216
409.055
410.802
305.592
336.984
341.533
345.267
215.907
323.518
305.472
334.282
405.453
425.345
342.776
331.957
409.025
334.856
278.139
395.648
350.511
297.986
283.768
335.637
316.095
330.249
283.491
347.296
339.46
332.113
352.906
408.088
402.681
328.09
330.35
414.32
345.441
-2670.75
337.692
410.722
317.142
337.497
332.692
345.813
329.013
338.599
410.896
337.529
276.512
336.911
324.785
332.328
339.339
408.923
358.509
354.848
336.173
128.723
337.335
348.414
386.506
328.602
363.537
335.075
344.684
248.893
315.353
330.177
300.361
334.974
338.453
328.195
414.151
410.374
278.869
322.188
287.197
338.382
344.627
306.41
316.489
294.577
407.989
441.804
367.733
505.362
329.431
338.542
414.58
329.045
-370.424
380.463
373.928
304.462
406.065
330.436
344.644
335.227
287.114
342.915
414.225
335.42
304.243
337.604
-3676.27
345.241
411.377
338.317
416.719
306.43
307.871
331.248
334.648
331.447
335.468
410.832
270.683
329.366
335.719
293.023
-3143.93
293.636
381.772
328.263
269.969
337.972
319.987
332.794
337.922
370.114
409.944
412.926
398.575
336.273
331.864
412.961
331.679
319.788
211.851
333.554
-395.655
338.478
331.834
339.659
409.727
409.175
410.859
405.375
356.683
409.612
406.487
333.808
-579.065
409.992
-3829.85
342.161
406.615
333.395
-263.54
342.779
-6191.12
332.327
-625.102
330.116
402.732
354.677
1383.02
341.064
281.882
409.522
314.394
337.176
335.167
336.129
336.232
410.852
406.106
336.517
416.278
405.954
-3291.74
342.652
410.368
332.948
412.625
351.866
345.578
406.179
326.298
330.594
339.038
299.306
235.61
362.175
348.463
308.594
297.494
337.322
344.741
354.523
341.184
408.578
304.394
403.443
389.663
332.709
329.041
330.081
402.78
333.462
312.091
348.641
412.227
412.697
413.891
419.479
419.286
417.504
333.057
333.34
-5165.35
-24328.9
-9824.9
-8075.9
333.379
344.512
336.489
309.728
342.806
336.565
339.573
327.54
249.96
249.653
318.76
353.794
344.033
341.595
332.902
329.503
335.569
335.719
339.633
330.55
335.047
336.642
-2570.21
-2696.39
-2654.34
335.92
341.477
337.419
388.725
333.28
331.549
387.86
328.681
391.88
337.04
403.4
416.036
427.276
429.974
406.96
410.888
402.15
410.517
410.73
413.428
410.009
412.437
411.017
415.276
403.357
426.701
343.201
425.552
427.678
340.092
415.549
415.705
-3272.46
-5503.39
-2571.75
-2644.93
-3438.99
-1149.69
1802.11
1800.41
374.368
372.196
197.708
327.234
321.261
316.562
330.184
316.091
352.538
274.77
277.204
343.117
339.302
337.929
334.618
336.846
338.609
339.038
338.078
338.49
336.113
337.815
336.614
335.11
333.746
335.763
334.391
336.399
336.329
335.308
335.902
336.736
336.735
335.803
338.149
338.609
337.849
338.292
338.665
338.174
339.03
339.071
339.196
340.004
339.9
339.557
340.621
340.436
333.176
348.703
353.983
350.238
351.871
441.967
330.372
329.432
321.339
321.028
323.002
318.204
318.753
317.165
309.924
327.687
303.868
352.118
349.167
351.559
334.53
356.762
348.02
444.462
464.498
524.322
502.583
482.701
422.794
439.895
405.653
385.608
404.797
351.509
341.071
281.736
294.235
326.565
316.697
312.941
306.193
314.192
296.578
305.549
295.879
304.412
306.459
329.036
326.682
319.622
334.786
312.714
341.916
355.406
356.745
341.135
341.341
357.333
361.462
360.501
358.974
350.667
346.764
347.684
337.116
375.181
369.597
344.314
85.4903
336.544
90.9103
-1494.61
-1472.09
364.302
-1470.84
-1507.38
430.883
-1508.8
1208.65
6675.28
1447.82
9843.74
12676.5
1087.81
-43711.1
-28578
-28136.5
4505.46
-2676.87
-4498.25
-196.884
-154.352
-560.108
330.039
328.784
331.216
332.109
331.26
334.363
332.725
331.467
333.4
334.137
333.438
334.731
333.951
336.184
335.81
335.206
335.715
334.767
334.929
334.719
334.12
334.484
334.194
333.875
332.816
332.573
332.452
332.962
335.536
334.165
335.763
339.932
361.022
407.006
406.628
413.805
420.143
424.941
425.51
429.197
428.246
433.5
427.079
435.521
406.235
407.315
407.416
406.28
383.849
400.848
407.699
381.54
390.963
390.942
414.511
392.711
398.807
404.935
401.167
416.185
418.459
400.407
410.09
407.364
409.817
404.739
404.004
403.587
332.938
411.205
409.676
414.558
415.337
407.808
405.637
407.75
406.588
410.648
400.933
431.094
336.885
427.79
416.44
416.321
415.731
424.903
330.7
339.138
338.482
337.207
336.472
337.009
339.55
339.92
357.092
331.669
349.926
330.062
320.797
310.576
321.639
347.46
348.376
440.803
556.396
409.996
375.069
341.125
305.968
313.252
344.061
332.46
341.195
338.104
341.027
340.865
359.536
334.246
338.453
336.853
327.045
345.5
327.839
-1509.25
-1498.66
-1474.51
1339.5
-6566.54
-6071.87
-128.399
1801.92
-67.4629
321.877
330.994
332.631
332.719
331.714
332.571
335.739
334.453
334.195
334.013
333.043
332.804
332.61
330.845
332.791
335.833
338.165
335.814
408.5
431.009
423.013
405.535
407.467
401.338
406.974
382.358
415.981
403.066
405.874
407.169
405.491
424.411
409.917
405.055
404.506
409.589
405.761
402.801
411.456
408.97
409.714
409.215
414.158
413.635
410.405
410.449
410.676
410.7
409.749
407.39
406.848
410.668
409.997
410.646
410.075
406.08
410.328
409.103
409.807
409.488
409.073
408.276
409.61
408.917
407.475
408.713
408.586
410.224
409.116
414.497
413.807
413.15
406.74
405.409
427.639
366.693
329.93
304.446
329.677
330.844
-1329.29
-1431.9
-1471.32
-2089.43
-3310.91
-2625.03
-3203.18
-2563.85
-3259
337.63
358.2
352.547
337.75
338.251
341.828
341.161
337.52
338.234
338.26
338.445
335.321
335.656
336.774
336.088
336.446
336.157
336.033
336.477
337.095
336.844
336.98
336.924
337.691
337.488
337.728
337.98
336.781
337.909
338.061
338.199
339.002
338.78
339.27
339.759
339.261
340.343
340.537
340.7
342.107
342.284
342.31
344.379
341.988
344.884
343.265
345.147
339.777
340.465
339.899
339.94
332.445
330.446
328.77
328.556
329.675
330.93
332.243
329.585
330.067
331.824
337.894
335.225
336.519
338.401
335.191
390.847
432.327
237.257
259.916
180.236
353.939
215.338
203.147
240.101
445.018
286.708
223.946
253.342
268.281
248.603
273.131
280.856
289.497
282.773
298.013
316.638
304.276
304.349
303.52
305.126
307.691
303.01
302.515
307.481
316.696
330.256
330.645
441.899
328.448
328.504
330.618
330.808
333.643
330.314
340.178
339.165
336.231
340.413
341.382
341.017
340.423
338.172
339.73
339.051
340.913
337.734
337.175
323.98
330.293
361.072
329.579
326.925
317.24
309.246
315.481
307.176
442.051
327.66
-1422.35
294.263
352.009
1054.14
-1676.22
-764.43
-1534.85
351.855
-2655.58
538.837
69.2086
-504.884
352.164
365.131
428.862
-148.065
276.358
296.263
328.69
328.849
327.219
327.854
327.879
327.225
329.008
329.588
329.092
329.107
329.929
330.202
331.082
332.869
332.198
332.127
334.047
333.433
334.6
334.313
333.798
334.201
335.127
335.256
334.816
334.736
335.403
335.827
335.763
335.504
335.926
351.599
337.464
338.49
339.318
396.527
430.635
395.309
407.226
406.466
407.353
405.901
406.738
409.896
406.766
407.734
402.174
405.486
351.914
414.084
420.244
405.884
408.46
409.63
409.979
408.809
330.204
408.443
409.232
409.487
408.689
411.156
411.285
403.904
409.302
410.094
412.143
408.33
407.778
328.496
325.349
329.7
292.722
322.452
318.058
409.284
409.049
408.452
409.735
411.407
409.63
409.68
410.131
409.322
411.165
410.734
410.789
410.898
409.991
410.517
408.549
409.802
409.691
409.321
402.406
409.347
408.386
408.001
406.735
413.008
413.156
412.431
410.108
414.111
413.436
296.991
370.731
372.161
370.804
321.49
394.455
323.924
314.899
318.62
-241.156
-1123.52
342.524
341.414
344.231
338.928
344.367
466.727
482.316
342.967
364.858
337.48
340.05
336.773
338.426
339.571
338.403
336.986
337.263
336.57
335.493
335.599
335.045
335.487
335.063
335.135
335.061
335.361
335.393
335.34
335.586
335.255
335.423
335.294
335.146
335.459
335.391
335.271
335.139
335.63
334.758
338.514
335.262
335.277
335.208
337.536
338.938
335.471
335.55
335.632
335.545
335.766
335.74
335.705
335.55
337.4
341.295
334.676
340.23
311.583
306.775
339.999
340.007
340.049
333.406
339.104
330.751
332.386
328.104
329.468
326.329
330.376
331.749
331.615
334.207
331.969
331.213
331.786
331.593
331.235
331.953
336.474
346.538
332.429
334.679
335.486
334.391
311.805
389.617
336.055
409.499
549.046
462.855
319.906
312.286
322.463
317.664
384.705
308.868
314.533
338.475
322.667
291.994
293.671
310.371
272.514
278.141
293.603
290.21
279.939
263.391
327.325
331.37
332.014
301.505
319.113
319.743
316.422
307.252
306.517
306.973
309.19
307.684
320.066
314.48
310.127
308.032
314.61
325.882
323.498
324.132
332.733
331.667
329.956
331.844
335.335
333.233
334.5
330.164
334.136
341.788
330.429
354.278
333.726
333.034
334.072
336.452
334.968
333.889
339.801
330.642
337.302
339.282
347.064
338.304
343.14
337.686
346.33
344.804
354.228
418.712
-141.722
0.121078
-450.738
766.511
-343.855
107.239
236.436
243.61
228.181
325.624
360.199
300.409
285.232
573.263
336.233
339.643
348.824
344.514
320.355
331.7
324.038
331.615
327.056
328.362
330.527
330.629
329.107
330.586
330.953
330.799
330.851
331.81
331.253
331.124
331.452
332.123
334.849
332.529
332.823
334.089
333.501
332.936
334.613
347.971
334.707
334.892
333.992
334.958
334.923
334.919
334.921
334.764
334.851
335.072
335.168
334.975
335.517
335.192
335.206
335.284
335.073
335.729
335.628
335.494
338.057
338.76
407.444
432.033
406.863
407.803
407.546
405.911
407.858
406.885
406.053
406.991
408.507
398.596
410.618
408.505
409.062
410.673
411.19
411.4
410.798
411.781
407.076
410.743
409.099
411.215
408.717
411.383
410.853
408.685
411.372
403.477
412.206
409.254
409.738
412.975
340.808
338.884
331.814
326.687
330.806
330.979
331.289
335.241
329.866
347.389
330.832
332.623
305.509
355.515
211.096
380.152
289.242
305.368
410.507
410.019
410.494
410.289
412.664
408.766
411.792
405.932
341.767
340.669
325.443
341.622
367.933
410.404
410.303
409.527
410.922
411.446
408.466
412.068
410.945
410.962
411.57
410.007
409.631
410.975
410.983
408.829
410.095
413.041
311.582
291.991
330.172
282.391
337.292
347.182
350.145
339.744
359.603
334.339
320.512
332.233
331.6
331.549
337.842
331.729
337.931
335.529
337.677
333.818
333.53
336.789
336.096
335.678
335.335
334.518
334.237
333.976
335.119
332.188
332.982
331.321
335.507
330.88
330.642
336.427
330.736
335.376
409.788
410.699
345.141
341.332
339.478
338.345
329.954
334.275
331.294
330.831
331.768
330.589
329.548
331.59
333.086
329.715
332.444
334.033
331.41
332.459
331.739
334.615
335.382
332.325
305.722
301.025
369.218
339.597
302.712
314.854
321.067
307.853
325.044
316.37
305.653
324.507
311.903
355.637
394.28
366.318
326.805
323.756
324.6
332.958
335.463
334.913
331.961
349.432
341.376
355.605
341.5
357.436
167.505
343.031
334.18
412.362
408.187
412.47
410.504
411.598
411.939
411.389
410.591
410.655
410.1
411.34
409.771
410.005
411.485
410.604
340.412
337.408
345.613
339.473
280.144
410.257
338.924
-1.93359
405.926
346.362
305.356
310.532
413.224
409.904
351.546
336.027
334.206
348.124
338.743
333.368
319.029
339.253
341.793
326.079
335.603
335.409
338.137
406.822
402.578
408.452
406.322
408.031
405.581
361.546
329.294
408.39
408.446
411.54
336.1
335.179
410.337
339.649
336.499
329.616
327.88
334.749
303.441
346.595
466.944
299.932
332.25
331.617
328.55
333.846
334.513
333.677
334.805
329.62
334.846
334.901
335.171
410.115
407.045
408.959
409.822
410.349
337.85
348.326
410.869
329.849
331.675
334.46
410.968
334.939
351.226
339.477
336.001
409.219
409.475
340.217
418.614
417.7
-2516.24
354.371
257.289
411.057
338.221
342.714
-2690.44
410.113
391.562
336.474
343.524
365.686
368.554
411.369
338.922
412.261
339.525
321.752
507.49
552.914
319.503
359.378
359.489
358.759
338.342
-15054
331.346
335.556
335.653
335.159
335
334.502
332.724
332.664
335.562
417.11
331.498
425.355
424.927
426.067
408.021
330.723
407.034
330.562
405.328
418.25
425.146
401.658
404.569
424.523
413.503
340.871
409.148
289.441
335.764
335.701
405.449
406.371
403.468
405.239
407.193
397.103
371.085
335.134
338.643
338.884
328.926
340.206
330.867
339.758
333.145
326.548
481.018
519.847
326.326
335.319
337.985
394.828
410.327
404.677
417.776
407.613
342.706
409.082
407.599
323.322
409.559
336.08
410.17
408.674
339.487
332.47
335.617
335.966
335.151
334.814
335.085
335.808
330.651
330.934
392.896
411.851
412.491
412.078
410.717
359.568
359.846
359.379
358.585
)
;

boundaryField
{
    Wall
    {
        type            zeroGradient;
    }
    Inlet
    {
        type            zeroGradient;
    }
    Outlet
    {
        type            fixedValue;
        value           uniform 0;
    }
    Empty
    {
        type            empty;
    }
}


// ************************************************************************* //
