/*--------------------------------*- C++ -*----------------------------------*\
| =========                 |                                                 |
| \\      /  F ield         | OpenFOAM: The Open Source CFD Toolbox           |
|  \\    /   O peration     | Version:  2312                                  |
|   \\  /    A nd           | Website:  www.openfoam.com                      |
|    \\/     M anipulation  |                                                 |
\*---------------------------------------------------------------------------*/
FoamFile
{
    version     2.0;
    format      ascii;
    arch        "LSB;label=32;scalar=64";
    class       volScalarField;
    location    "8.3";
    object      p;
}
// * * * * * * * * * * * * * * * * * * * * * * * * * * * * * * * * * * * * * //

dimensions      [0 2 -2 0 0 0 0];

internalField   nonuniform List<scalar> 
2958
(
-1.63942e+25
-6.36154e+19
-4.55022e+19
-5.42928e+24
-5.00245e+19
-4.55087e+19
7.66388e+22
-1.51762e+22
-1.11084e+20
-1.50433e+22
-2.44354e+23
-3.78158e+26
-1.10518e+23
-3.78774e+26
-6.2152e+21
-7.78044e+24
-4.6202e+19
-1.55449e+23
-3.79205e+26
-4.061e+26
-3.76417e+26
-4.86545e+19
-3.70568e+26
-1.0214e+21
-1.23621e+23
2.47193e+22
-1.03257e+20
-7.55211e+22
-5.4735e+25
-2.93444e+23
1.64111e+23
-5.13982e+19
-3.30291e+26
-5.26952e+19
-5.3148e+21
2.57376e+22
-3.72235e+26
-3.7072e+26
-2.78817e+25
-8.0883e+20
5.53381e+22
3.3264e+22
9.0793e+22
5.7856e+24
-3.77943e+26
-5.10827e+19
-1.12242e+23
-5.90912e+19
-5.46012e+24
-1.58621e+26
-8.48079e+24
-1.2995e+20
-2.0722e+21
-1.10858e+23
-9.22329e+24
-9.12888e+20
-1.58761e+23
-1.90222e+21
-3.71326e+24
5.60297e+22
-7.49997e+24
-1.58003e+25
3.94918e+22
-2.76792e+23
-3.78091e+26
-3.79131e+26
-1.0288e+23
-1.08602e+20
-1.17642e+26
-1.85043e+25
-4.72084e+19
-3.78291e+26
-6.58633e+19
-2.81851e+24
-3.79688e+26
-8.76402e+22
-7.92851e+24
4.54469e+22
-3.69738e+26
-9.82475e+24
-1.16652e+23
-5.81933e+19
-6.72426e+22
-6.75409e+22
8.31076e+24
-9.98024e+22
-5.02408e+19
-1.02888e+23
-6.43196e+19
-3.24829e+26
6.1839e+21
-5.82642e+19
-2.99877e+22
-3.79287e+26
-6.14176e+19
6.6112e+20
-7.4965e+24
-6.23399e+24
-3.78664e+26
-3.78349e+26
-5.40452e+24
-6.80866e+24
1.69859e+20
-5.18873e+19
-3.65128e+26
-9.16538e+25
-3.78269e+26
-5.53601e+24
-3.78196e+26
6.91527e+20
-4.83009e+24
-1.01994e+25
-3.79601e+26
-6.62153e+22
-3.78741e+26
-3.79133e+26
-7.55071e+22
-1.0116e+25
-5.04555e+19
-8.20729e+24
-1.59308e+25
-3.78142e+26
-2.82185e+22
-6.55655e+20
-4.90592e+24
-7.23303e+24
-8.22443e+24
-5.56667e+19
-9.39333e+24
-3.79678e+26
-3.80756e+26
-3.84879e+26
-9.99882e+24
-3.7831e+26
-3.87994e+26
-3.78499e+26
-5.71052e+22
3.20255e+26
-3.7822e+26
-3.78647e+26
-3.66872e+25
-5.28876e+19
-3.74686e+26
-3.79069e+26
-7.57536e+24
-4.62854e+19
-3.79776e+26
-3.7746e+26
-5.55113e+19
-3.78124e+26
-4.04853e+26
-7.53322e+24
-4.25289e+22
-1.37161e+26
-2.67992e+23
-3.91746e+26
-3.54865e+26
-9.22583e+24
1.05819e+23
-9.62159e+20
-2.7114e+23
-3.47972e+22
-5.70943e+23
-3.78062e+26
-5.15307e+20
-1.99628e+25
-2.40403e+26
-3.78864e+26
-5.40244e+20
-4.38673e+19
-6.00055e+19
-3.78277e+26
-3.72428e+26
-6.83964e+19
-3.69757e+26
-4.65817e+19
-4.92834e+19
-6.39651e+19
-1.78975e+26
-1.1766e+26
-2.23627e+26
-5.16413e+19
-1.68361e+23
-5.31649e+24
-6.30572e+19
-5.20613e+19
4.16911e+19
-3.78193e+26
-4.89224e+19
-5.13095e+24
-4.50993e+19
-2.07593e+20
-2.94351e+19
-7.19831e+20
-1.11322e+20
-5.396e+25
-6.14814e+19
-5.9711e+19
-4.59499e+24
-5.99195e+20
-4.89287e+21
-3.78311e+26
-2.10421e+25
-6.58346e+19
1.13279e+21
5.1626e+22
-2.77339e+25
5.22038e+22
-5.03111e+19
-5.45907e+24
-3.78795e+26
-3.248e+26
-3.81999e+26
-5.92527e+19
-3.80107e+26
2.10537e+20
-2.57953e+23
-3.78627e+26
-3.78658e+26
-3.78754e+26
-3.78932e+26
-6.50041e+19
1.2264e+23
-5.08107e+19
-5.02377e+24
-8.67775e+24
-7.44819e+22
-3.78664e+26
-4.97349e+19
-4.60307e+19
-1.60436e+20
-5.23017e+19
-5.3279e+19
-4.95223e+19
-5.4427e+25
-3.78941e+26
-3.797e+26
-8.1606e+24
-3.79705e+26
-6.09953e+24
-3.79201e+26
-6.11701e+24
-7.59905e+24
-7.28595e+22
1.11868e+24
3.56587e+22
-7.5938e+21
-7.02995e+22
-1.88724e+23
-1.6515e+24
-2.80298e+22
-9.89642e+21
-3.28787e+23
3.36338e+19
-5.78388e+24
-8.07909e+19
-2.46233e+24
-5.55118e+19
-9.89608e+23
-4.86288e+19
-7.84045e+24
-3.64717e+26
-4.72362e+19
5.57799e+22
-2.69262e+26
-6.96074e+22
-1.61807e+22
-2.07704e+24
-2.27867e+26
-3.60903e+26
-3.71769e+26
-5.01184e+19
-2.25093e+24
-3.72254e+26
-5.85247e+19
-2.24267e+24
-3.78956e+26
-4.76367e+19
-3.77033e+26
-5.44716e+19
-3.78188e+26
-3.79775e+26
-2.6919e+26
-7.04779e+22
-4.36616e+19
-3.78396e+26
-1.34776e+26
-7.32398e+24
-5.21932e+24
-4.25558e+23
-1.02284e+21
-3.60379e+19
-3.78843e+26
-3.77678e+26
-1.4044e+23
-2.25403e+19
-3.78641e+26
-7.83242e+24
-3.78662e+26
-1.70043e+23
-1.96195e+23
-4.94397e+19
-5.55123e+19
2.10881e+20
-7.61496e+24
-6.2347e+19
-4.64906e+24
-3.64714e+26
-2.13918e+23
-7.36509e+24
-3.78757e+26
-7.67939e+24
-8.04152e+24
-3.78936e+26
-5.31294e+19
-5.02598e+24
-4.9636e+19
1.3089e+23
-5.03656e+19
-2.1245e+24
-4.74787e+19
-5.0086e+19
-6.69991e+23
-1.17607e+20
-4.41272e+19
-3.60892e+26
-1.04277e+25
-3.68393e+26
-5.26779e+24
7.43949e+22
-5.0108e+19
-1.66264e+23
-3.75716e+26
-3.78323e+26
-4.89459e+19
-3.78269e+26
-5.89104e+24
5.22225e+22
-5.89278e+24
-3.78636e+26
-1.14051e+23
-5.41669e+19
-4.91545e+19
-4.88372e+19
-3.7826e+26
-1.74954e+20
-3.7826e+26
-1.24453e+21
-9.1867e+24
-7.49001e+24
-1.54635e+21
-1.02253e+21
-6.06029e+19
-6.70155e+24
-1.75883e+20
-9.87727e+23
-3.78753e+26
-1.06111e+24
-4.55629e+19
1.01364e+25
7.39005e+22
-8.80435e+24
-5.43041e+24
-1.55155e+26
-3.31958e+23
-5.55976e+19
1.15087e+23
-7.32186e+24
-7.31543e+24
-5.04244e+19
-6.13855e+20
-4.99588e+19
-3.7875e+26
-5.72631e+24
-6.09406e+23
7.23898e+18
-9.35009e+24
-7.56178e+20
-4.93818e+19
-4.9766e+19
-7.70606e+24
-4.14954e+22
-3.8022e+26
-8.80864e+23
-4.87746e+19
-3.57668e+26
-2.06391e+24
-5.97843e+19
-3.41192e+26
-3.83795e+26
-1.4323e+22
-3.78535e+26
1.6343e+25
-4.8217e+19
-7.11189e+24
-6.16433e+24
7.44014e+22
-3.78787e+26
-3.8035e+26
-4.76086e+19
1.73474e+25
-2.2129e+24
-4.80805e+19
-5.25288e+24
-9.30516e+24
-7.5951e+24
-7.85774e+19
-1.12323e+23
-8.19693e+24
-9.18625e+24
-1.64273e+25
-1.27215e+23
-3.21956e+23
-3.2467e+19
-5.55067e+19
-4.7434e+19
-5.00202e+19
1.25357e+21
6.02618e+24
5.93361e+24
-3.7795e+26
4.46192e+22
-4.51467e+19
3.9197e+22
-3.60636e+22
-3.41017e+26
-5.7797e+19
-3.63615e+22
-8.4272e+24
-5.43725e+19
-4.97038e+19
-1.10618e+25
-6.78607e+19
-8.2809e+20
-8.24695e+20
-4.97901e+19
-4.52081e+19
-6.24571e+20
-7.66378e+24
-3.77256e+26
-4.6439e+19
-5.16283e+19
-8.65542e+24
-1.54385e+25
-2.97477e+19
-3.37188e+26
-3.67906e+26
-5.47051e+19
-3.80858e+26
-5.00493e+19
-3.68951e+26
-5.14396e+19
-8.75446e+21
-1.23538e+20
-7.69137e+24
-6.48188e+24
-3.78861e+26
-1.92298e+24
-4.62481e+19
-3.7873e+26
-6.70837e+19
-5.13016e+24
-9.68889e+24
-2.17766e+23
-9.14846e+23
1.73383e+23
-5.81388e+19
-1.25925e+23
-1.32311e+24
-6.22155e+25
-2.15231e+23
-3.78159e+26
-1.8911e+23
-5.09792e+19
-4.22248e+23
-4.72881e+19
-2.94069e+22
-4.91591e+19
-4.8758e+19
-7.64165e+22
-1.5207e+23
-8.88086e+19
-3.78116e+26
-2.23633e+26
2.78047e+19
-9.91456e+23
-2.60469e+23
-3.92033e+22
-4.19041e+19
-1.0532e+25
-5.02892e+19
-1.85049e+20
-5.43165e+24
6.81775e+23
-5.00442e+19
-7.89768e+24
-1.57554e+23
-3.79101e+26
-3.79317e+26
-3.7974e+26
-5.00043e+19
-3.79115e+26
-3.78099e+26
-7.67755e+24
-5.08554e+21
-3.78954e+26
-4.65258e+24
-1.86929e+20
-6.7868e+24
-7.50148e+24
-3.79003e+26
-3.79103e+26
-4.98105e+24
-3.79203e+26
-1.01865e+25
-9.93268e+24
-3.63852e+19
-6.26876e+25
-5.03716e+19
-7.60685e+24
-2.9189e+26
-5.00185e+19
2.11276e+25
-5.12703e+19
-7.42777e+24
-5.42663e+24
-6.23043e+19
-3.64757e+26
-7.6042e+22
-6.93496e+24
-7.90283e+22
-3.24719e+26
3.43034e+18
-3.81434e+26
-5.38468e+25
1.25423e+23
-3.6752e+19
-8.25377e+19
-7.62394e+24
-1.25866e+23
-3.0833e+25
-2.61105e+23
-3.78196e+26
-6.47439e+24
-3.79865e+26
-5.38517e+25
-7.71592e+22
-3.70349e+26
-3.7885e+26
-6.39562e+19
-3.79364e+26
-3.78978e+26
-6.01662e+19
-1.67216e+25
2.62674e+18
-7.33606e+23
-3.07257e+25
-9.77573e+24
-4.65076e+22
-5.94757e+25
-1.55779e+24
-7.16674e+19
-6.89285e+24
9.91974e+24
-8.87146e+24
-9.13671e+24
-3.78288e+26
-7.77033e+23
-6.07086e+24
-9.01449e+24
-1.68298e+25
-1.65428e+24
-3.78764e+26
-3.79178e+26
-3.79546e+26
-6.19419e+19
-3.79208e+26
-2.69703e+26
-3.76635e+26
-4.69619e+23
-5.45482e+19
-5.36116e+19
-1.08863e+23
-6.35231e+19
-7.62558e+24
-3.71183e+26
-3.80043e+26
-3.78982e+26
-5.39388e+19
-1.85819e+23
-3.78692e+26
-3.78712e+26
-9.80466e+21
-7.29862e+25
-3.41091e+26
-2.9393e+25
-1.07638e+25
-3.42317e+25
1.11208e+24
-2.58569e+26
-3.75823e+26
4.3581e+23
-3.58064e+26
-7.68351e+24
-5.12649e+19
-8.78345e+24
-5.16355e+25
-1.85398e+25
-3.44058e+26
-3.78291e+26
-7.50204e+24
-1.58788e+26
-3.77395e+26
-3.78635e+26
-7.57607e+24
-7.40936e+20
2.55551e+22
-6.08693e+19
-3.77929e+26
4.64185e+22
-7.10716e+24
-7.31656e+24
-3.07874e+25
-4.69148e+19
-7.94659e+23
-3.79763e+26
-4.97934e+19
-5.00851e+23
-3.86032e+23
-3.78602e+26
-8.22836e+24
-3.78573e+26
-4.8358e+19
-3.78704e+26
2.36218e+25
-8.89094e+23
-3.72479e+26
-5.08183e+19
-2.76758e+25
8.58396e+22
-3.79839e+26
-1.07199e+25
-6.24673e+25
-3.72374e+26
1.25061e+24
-5.16649e+25
-5.41739e+19
-3.84905e+26
-9.76445e+23
-3.78824e+26
-3.77756e+26
-1.57571e+25
-3.99051e+25
2.07271e+20
-2.86506e+23
-4.08997e+19
-6.23889e+19
-3.44109e+26
-5.11921e+19
-5.73705e+19
-4.75115e+19
-3.44235e+26
-3.80917e+26
-3.80233e+26
-2.58182e+26
-3.80002e+26
-4.63975e+19
-3.79734e+26
-7.39546e+24
-3.93382e+22
-5.05909e+19
-4.04347e+19
1.86126e+21
-5.21525e+24
-2.18215e+19
-8.99957e+19
-9.43415e+24
4.67055e+22
-3.84925e+26
-3.78952e+26
-4.98466e+19
-4.80739e+20
-3.78976e+26
-5.77891e+19
-3.78432e+26
-4.92722e+19
-5.06941e+19
-9.01212e+24
-7.62472e+24
-5.90241e+19
-2.27261e+26
-7.59208e+19
-7.35128e+24
-7.61963e+24
-1.39491e+25
-3.41099e+26
-2.08118e+21
-9.85016e+24
-7.61955e+24
-3.777e+26
-3.80878e+26
-7.49746e+24
-8.97628e+23
2.18713e+22
-7.62601e+24
-8.94459e+22
-4.98411e+19
-5.27524e+24
-6.2219e+20
-4.99752e+19
-5.17068e+19
-4.7254e+19
-4.724e+19
9.02822e+24
-9.18992e+24
-6.2967e+22
-2.89432e+22
-9.52607e+24
-5.14853e+20
-4.94775e+19
-1.05254e+26
-3.94281e+26
-4.65789e+19
-2.67039e+25
-3.79323e+26
-8.09526e+19
-3.78309e+26
-5.08681e+24
1.30703e+23
-4.66888e+26
-5.18945e+24
-4.8253e+24
2.65602e+22
-6.39968e+19
-2.84108e+26
-4.33747e+21
-1.07213e+25
-1.37393e+25
-3.76376e+26
3.18497e+22
-9.79222e+24
3.33614e+22
-5.11832e+24
-4.67428e+23
-1.77541e+24
-3.41092e+26
-6.98338e+24
2.33648e+22
-6.38082e+19
-6.7901e+24
-6.23258e+24
-2.23544e+26
-3.78068e+26
-5.41032e+24
4.58248e+22
4.60515e+22
-1.46251e+23
7.99725e+24
-6.24757e+25
-7.7644e+24
-3.79851e+26
-3.79211e+26
-3.7896e+26
-6.98108e+24
-4.66806e+19
-3.78683e+26
-1.0788e+25
-3.78636e+26
-6.98322e+24
-3.75239e+26
-3.82853e+26
-8.99016e+19
5.18279e+22
-7.66451e+24
-3.78605e+26
-3.78751e+26
-3.67e+25
-4.03989e+26
-3.78443e+26
-3.78716e+26
-5.55464e+19
-3.78379e+26
-7.30621e+24
-7.49237e+24
-3.79943e+26
-3.14394e+19
5.43542e+25
-3.81816e+26
-6.14891e+19
-2.53875e+24
-1.51774e+24
-1.28909e+25
-7.86999e+24
-1.57987e+23
-1.17634e+26
-4.96496e+19
-3.41189e+26
-8.07209e+23
4.69959e+22
-9.86813e+24
-4.97828e+19
-3.68853e+26
-8.29765e+24
-5.42764e+24
-1.24104e+23
-3.65504e+25
3.3094e+26
-6.81586e+22
-6.36481e+19
-5.94532e+25
-4.65018e+19
1.35736e+23
-2.68492e+23
-3.787e+26
-4.41842e+22
-7.54484e+24
-4.98795e+19
-1.34658e+23
-5.91949e+24
-5.26473e+24
-8.81692e+22
-7.78333e+24
-1.37765e+23
4.39689e+22
-4.54671e+23
-5.2135e+19
-7.49544e+24
-7.58627e+24
-5.77762e+19
-7.78548e+21
-1.15286e+20
-7.96806e+22
-7.47523e+24
-4.82949e+24
-3.62663e+24
-6.11806e+19
-6.82972e+22
-3.78504e+26
-9.74654e+20
-7.49071e+22
-7.54858e+24
-5.83481e+23
-3.77703e+26
-3.7399e+26
-3.75934e+26
-7.77019e+24
-8.15155e+23
-7.02396e+25
-8.23123e+22
-4.81017e+20
8.84969e+24
3.39189e+26
-3.44344e+21
-9.19863e+19
-5.92489e+19
-8.71682e+22
-4.68561e+19
-3.78257e+26
-6.99344e+22
-8.63549e+22
-4.99113e+19
-3.61969e+19
-4.91551e+21
-6.80106e+24
-5.13195e+24
-7.02656e+25
-4.98014e+19
-2.21766e+21
-3.85594e+26
-2.95052e+22
-3.59545e+21
-3.77985e+26
-6.31016e+19
-5.27797e+24
-4.65435e+24
2.30371e+18
-5.1505e+19
-3.7901e+26
-3.73975e+26
-3.34861e+23
-3.79084e+26
-3.79076e+26
-3.78692e+26
-5.52768e+19
-6.84417e+24
-1.58823e+26
-4.6153e+19
-1.7908e+26
-8.10624e+24
-9.39367e+19
-5.21718e+24
-8.49211e+24
-4.77355e+19
-3.785e+26
-5.03638e+19
-9.72334e+21
-1.6732e+23
-7.4154e+22
-5.0053e+19
-8.08016e+20
-5.02682e+19
-5.11538e+24
-3.79133e+26
-2.19597e+21
-4.32248e+19
-3.5883e+19
-4.75915e+19
-6.19537e+19
-4.92871e+19
-3.81412e+26
-1.08557e+23
-6.70773e+19
-1.90836e+22
-5.81789e+19
-3.84635e+21
-6.02868e+19
-7.11333e+20
-2.91837e+26
-5.07351e+19
-1.91205e+23
-6.00403e+19
-5.59277e+19
1.31383e+20
-9.7376e+23
-1.32792e+23
-5.04117e+19
-6.58523e+19
-5.25995e+22
-5.32778e+19
-6.32463e+19
-8.3617e+19
-3.94999e+21
-8.0305e+19
-5.75381e+24
-2.00172e+23
-6.19667e+19
-8.82249e+23
-4.95809e+19
-7.1438e+22
-5.08959e+19
-7.0903e+22
-4.30756e+19
-3.79053e+26
-1.00791e+25
-2.58042e+26
-4.99971e+19
-6.48205e+24
-2.45798e+23
-3.66333e+25
-5.14618e+19
-2.19132e+21
-5.77655e+19
-1.37498e+25
-5.2911e+24
-4.91421e+20
-5.11714e+19
-1.37503e+25
-2.96308e+22
1.49364e+23
-3.78402e+26
-3.79116e+26
-4.9696e+19
-4.89103e+19
3.35645e+19
-3.78394e+26
-7.75586e+24
-3.43652e+25
-1.23448e+20
-1.75659e+24
-6.48131e+24
-5.4261e+19
-6.86333e+22
-5.25771e+24
-3.79362e+26
-4.55507e+19
-3.78539e+26
-8.88002e+23
4.61674e+22
-1.73711e+22
4.83617e+22
-3.86062e+26
-1.10441e+23
-3.78299e+26
-2.27567e+26
8.01375e+20
-4.98385e+19
-3.25816e+23
-3.29037e+24
-8.04927e+19
-1.94964e+20
-1.01043e+20
-6.99609e+22
-2.31963e+24
-4.89848e+19
-5.29777e+19
-6.97014e+24
-7.96483e+22
-4.92392e+19
-3.5697e+19
8.27325e+17
-5.05689e+19
-6.41562e+19
-2.18144e+19
-4.58159e+23
-5.54391e+19
-7.53014e+24
-7.15338e+24
-7.51541e+24
1.41278e+25
-3.74706e+26
7.39749e+22
-4.99233e+19
-3.87254e+26
-5.26869e+24
-5.31573e+19
5.12303e+25
-3.78322e+26
-2.04127e+21
-2.67923e+25
-2.84006e+26
-5.04171e+23
-1.24628e+22
-5.2591e+24
-6.80215e+22
-3.60932e+19
1.51393e+25
-1.02145e+25
-9.32743e+24
-1.72064e+20
-5.41743e+24
-3.80332e+26
-7.02061e+25
2.19579e+20
-1.03352e+25
-3.79164e+26
-3.7895e+26
-4.77845e+23
-3.78447e+26
-3.78753e+26
-3.37229e+26
-7.77984e+24
-2.8456e+25
-3.79186e+26
-3.78315e+26
-4.99693e+19
-3.60858e+26
-9.37278e+24
-1.0366e+24
-5.0223e+24
-3.78972e+26
-1.96674e+23
-5.63022e+24
-6.07879e+25
-5.03765e+19
-3.55174e+26
-7.60286e+24
-3.78972e+26
-8.59083e+24
-3.78316e+26
-3.80085e+26
-3.79254e+26
-1.8588e+25
7.19462e+23
-3.41094e+26
-8.34671e+22
-9.87012e+22
-6.19557e+19
-1.90202e+24
-6.15344e+20
-4.90585e+19
-3.78522e+26
-5.12497e+19
-3.80615e+26
-5.32567e+24
-7.31408e+24
-3.79158e+26
-1.54718e+21
-1.10862e+22
-5.53589e+24
2.85467e+20
-2.11607e+21
-7.703e+22
-2.27813e+26
-5.14585e+19
-8.22655e+24
-3.72238e+26
-1.74812e+23
-6.47174e+19
-3.87159e+23
-4.72328e+23
-4.53461e+21
-2.8422e+23
-1.55057e+26
-6.80813e+20
-9.94521e+21
-3.78299e+26
7.39021e+22
-4.99283e+19
-4.81711e+24
-2.16892e+19
-3.94012e+23
-5.10246e+19
-4.99729e+19
-3.78524e+26
-1.65962e+19
-6.93751e+21
-4.09986e+19
-3.94147e+26
-1.67656e+21
-3.78327e+26
-3.78897e+26
-3.78365e+26
-3.78259e+26
-5.80881e+19
-6.18113e+19
-2.25356e+19
-7.69401e+24
-4.95654e+19
-5.12632e+19
-4.95299e+19
-4.65646e+19
-5.05722e+19
-5.32288e+19
-1.58996e+23
-2.32517e+23
-7.45133e+24
-1.70228e+23
-5.03345e+19
-5.04553e+19
-4.77042e+19
-3.79886e+26
-6.08186e+25
-6.57858e+21
-1.18052e+20
-9.03695e+20
2.16215e+22
-2.94916e+25
-1.37243e+24
-3.79162e+26
-3.80624e+26
-1.40556e+25
-3.73931e+26
1.01898e+25
-4.13446e+21
-5.97926e+23
-1.13098e+22
-4.54565e+21
-9.66188e+24
-6.98438e+19
-5.98144e+24
-3.8297e+26
-3.33997e+21
-1.18513e+21
-3.24491e+20
-1.51246e+21
-5.55778e+24
-9.0034e+23
-1.23533e+22
-9.13932e+24
-3.77091e+26
3.73641e+22
-1.3484e+21
-3.75721e+21
-3.79964e+19
-9.30254e+24
-5.61991e+24
-6.21796e+25
-9.69237e+24
-1.05239e+26
-3.75921e+19
-3.79396e+26
-7.63674e+24
-1.05256e+26
-2.31768e+21
-3.80869e+26
-3.82669e+26
-9.74313e+24
-1.39933e+24
-3.21246e+22
-2.26197e+24
2.59774e+22
6.35595e+19
-3.78453e+26
-3.4332e+22
-6.0826e+25
-3.7241e+26
-7.61024e+24
-3.77734e+26
-9.75899e+22
-9.23317e+19
-3.78365e+26
-9.08852e+24
-5.71046e+24
-8.37436e+24
-2.0249e+22
-3.05049e+22
-3.7497e+26
-8.69159e+24
-3.78521e+26
-2.41556e+24
-3.00674e+21
-5.34013e+24
-6.80606e+22
-3.76209e+26
-5.12429e+19
-8.09866e+24
-5.39163e+24
-3.76738e+26
-4.48266e+21
-2.7569e+22
-7.98265e+24
-3.70477e+26
-1.01182e+23
-2.21355e+20
-4.27686e+24
-7.42222e+20
-7.06121e+22
-7.83181e+24
-3.02951e+23
-1.19749e+23
-3.78998e+26
-5.77263e+20
-3.29309e+23
-3.68237e+22
-9.86434e+24
-2.85247e+23
-4.75718e+19
-5.04322e+19
-3.68038e+26
-2.81978e+23
2.16721e+20
-3.80252e+26
-9.26633e+24
-3.74655e+26
-1.1135e+22
-3.80941e+26
-5.04082e+19
-5.23251e+19
2.29484e+22
-1.03597e+20
-8.22281e+20
-3.77718e+26
-5.34503e+19
-4.41682e+23
-7.02159e+22
-1.35381e+22
-4.50176e+19
-8.25032e+24
-1.6888e+23
-3.7999e+26
-3.79143e+26
1.20093e+22
1.59283e+22
-3.79101e+26
-3.70784e+26
-7.66096e+19
-2.10838e+24
-8.45195e+19
-4.594e+19
-6.52353e+20
-4.68721e+19
-2.22352e+21
-9.90634e+24
-8.02335e+19
-5.01986e+19
-1.02893e+24
-9.30636e+20
-8.41326e+24
-2.40598e+23
-4.52081e+19
-5.68189e+20
-6.00565e+19
-3.88032e+23
-7.87522e+24
-4.95397e+21
-6.25098e+19
-4.81028e+19
-5.09984e+19
-4.94112e+19
4.4726e+22
-4.54635e+19
-5.38577e+24
-5.04677e+19
-2.89872e+25
-1.40495e+20
1.78255e+25
-5.45517e+24
-1.34611e+20
1.33392e+24
-3.83669e+26
-4.93266e+19
-1.76626e+24
-3.78746e+26
-2.36169e+23
-9.51168e+22
-8.91238e+22
-2.34041e+23
-5.29395e+19
-1.88987e+23
-5.25661e+19
-4.94061e+19
-3.45119e+23
-1.04237e+23
-4.99889e+19
-8.99489e+24
-7.59196e+24
2.12141e+20
-7.61119e+24
-5.00422e+19
-3.78808e+26
-5.65884e+20
-5.94683e+24
-3.79134e+26
-6.54724e+24
-3.03149e+23
-5.7537e+19
-8.50424e+24
-7.99099e+22
-7.76372e+22
-6.29598e+19
-2.52864e+26
-7.42279e+24
-7.43161e+22
-5.21791e+19
-5.08842e+24
5.62803e+24
-7.98428e+24
-7.26332e+22
-4.52964e+19
-6.43264e+19
-3.72564e+26
-6.16364e+24
-3.78279e+26
-7.96759e+22
-3.78406e+26
-6.16735e+24
-3.78316e+26
-1.04697e+24
6.35017e+19
-2.83937e+26
-3.77391e+26
-8.14706e+20
-3.78648e+26
-3.88644e+26
-9.81533e+24
-3.78538e+26
-4.41701e+19
-3.71553e+26
4.8245e+25
-3.78286e+26
-2.1024e+21
-5.23876e+24
-2.4915e+24
-3.78924e+26
-1.58455e+22
-9.10371e+25
-5.71732e+24
-3.79093e+26
-6.38741e+19
-3.79017e+26
-6.73439e+22
-3.78314e+26
-2.93006e+21
-5.71964e+24
-3.80478e+26
-5.34255e+24
-5.79932e+24
-1.14938e+24
-5.01352e+19
-9.02649e+25
-4.66192e+19
3.37614e+19
-3.81695e+26
-1.21386e+22
-3.80491e+26
-3.70781e+26
-1.06572e+20
9.9553e+24
-3.88291e+26
-3.50245e+21
-3.30282e+26
-1.90784e+21
-2.8568e+24
-6.68678e+19
-4.312e+19
-8.75876e+24
-5.26499e+24
-4.45474e+19
-1.41635e+22
-4.50355e+19
-3.789e+26
-3.77514e+26
-2.08902e+22
-6.23092e+19
-1.31119e+25
-5.8892e+19
-2.01028e+22
-4.69328e+26
-3.77329e+26
-5.88939e+19
-5.89019e+19
-3.36605e+23
-4.81718e+19
-3.32463e+22
-5.59047e+19
-4.45588e+19
-3.55104e+26
-3.79034e+26
-3.79038e+26
9.52204e+22
-1.09568e+20
-3.45629e+19
-4.25071e+22
-2.80069e+22
-2.01906e+21
-1.66732e+22
-7.49828e+21
-1.97738e+21
-6.1493e+20
-3.79827e+26
-5.93647e+25
-1.64596e+24
1.04045e+25
-4.85567e+19
6.36305e+19
-3.78379e+26
1.0129e+25
-2.75943e+25
-1.54971e+25
-3.79467e+26
-7.29874e+23
-5.533e+19
-1.42203e+23
-3.79472e+26
-7.98185e+20
-6.05966e+20
-3.79241e+26
-3.79817e+26
-3.79172e+26
-3.79314e+26
-3.78747e+26
-3.79042e+26
-6.98179e+19
-7.18649e+23
-1.01407e+21
-1.83326e+22
-5.24798e+21
6.4081e+21
-4.72307e+19
-1.02726e+25
-3.76941e+26
-3.71983e+26
-1.27044e+22
-7.20836e+22
-3.79128e+26
-4.58365e+23
-5.06607e+19
-3.78517e+26
-3.82447e+25
-1.28832e+25
-5.1606e+19
-5.02485e+19
-5.60952e+19
2.6515e+22
-3.58317e+19
-9.738e+20
-7.49413e+24
-2.12346e+20
9.21043e+24
-3.77402e+26
-3.64514e+26
-9.24959e+19
-7.75397e+24
-3.80189e+26
-1.54849e+21
-5.17062e+24
-4.83081e+24
-3.7813e+26
-1.76769e+22
-5.14484e+20
-6.42962e+19
-7.08139e+24
-9.58423e+19
-6.40375e+24
-3.78364e+26
-9.08056e+24
-4.9893e+19
-4.79966e+20
-3.10321e+19
-1.09963e+20
-7.6098e+20
-3.78651e+26
2.0956e+25
-3.74763e+25
-1.33678e+24
-7.47684e+24
-7.53691e+24
-2.18066e+19
-4.05253e+19
-4.33978e+19
-3.46113e+19
-8.45261e+23
-7.34815e+24
-1.13018e+25
-5.03795e+19
-9.81987e+24
-4.87148e+19
-1.0463e+24
-7.53296e+24
-3.10991e+22
-3.71468e+26
-3.79116e+26
-3.59355e+19
-4.85704e+19
-3.66506e+19
-9.31896e+24
1.05328e+20
-4.80594e+19
-6.59279e+19
-4.90745e+19
-3.5799e+26
-2.27646e+26
-3.45741e+19
-1.78932e+26
-6.34351e+19
-9.34782e+24
-3.72011e+26
-7.61096e+24
-6.4645e+24
-1.55133e+26
2.3803e+18
-3.93771e+19
-3.78371e+26
-1.28167e+20
1.0527e+20
-1.03457e+24
-1.38963e+22
-7.80414e+22
-3.78137e+26
-1.45664e+24
-3.93419e+19
-3.03326e+23
5.09366e+22
1.95924e+25
-3.7847e+26
-6.57721e+24
-3.78287e+26
-4.82529e+19
-4.91118e+19
-7.31708e+19
-3.46487e+23
-1.01743e+25
-8.72521e+23
-3.7925e+26
-7.34721e+25
-6.44772e+19
-7.58543e+24
2.31669e+25
-5.30603e+24
2.27271e+25
-5.39501e+25
-1.04879e+25
-7.31847e+25
-5.64602e+20
-5.15652e+19
6.54253e+23
-5.04033e+19
-1.55202e+25
-3.78883e+26
-2.40442e+26
-5.109e+19
-6.00587e+23
-6.17644e+19
-2.40481e+26
-6.14784e+19
-5.15171e+19
-4.76381e+19
-5.82468e+19
-6.48344e+24
-7.71563e+24
-6.34735e+19
-7.40521e+24
-3.78983e+26
-3.78941e+26
-3.78893e+26
-3.79093e+26
-2.67955e+25
-3.7872e+26
-3.78417e+26
-1.07275e+25
-6.23701e+24
-3.79153e+26
-5.26756e+24
-6.8516e+24
-3.79614e+26
-8.16227e+24
-6.95093e+24
-6.78933e+22
-5.02627e+24
-2.54077e+20
-6.77038e+24
-6.21704e+19
-3.37232e+26
-6.21573e+25
-5.88485e+24
-7.98688e+24
-4.89469e+19
-3.78944e+26
-7.69659e+24
-8.16539e+24
-1.09895e+24
-1.43033e+24
-1.65178e+24
-3.79301e+26
-3.86493e+26
-5.91479e+23
-3.78268e+26
-3.79934e+26
5.21692e+22
-1.58114e+19
-3.79029e+26
-8.43393e+24
-3.78467e+26
-3.08992e+25
-9.24017e+21
-3.7913e+26
-1.05456e+25
-5.32481e+19
-1.02506e+21
-4.97764e+19
-5.22877e+19
-9.52345e+19
-1.01529e+20
-4.90099e+19
-4.60303e+19
-8.25657e+24
-1.44849e+21
-9.23381e+24
-3.19177e+22
-3.79076e+26
-4.60846e+19
-3.7707e+26
-1.36049e+26
-6.44208e+20
-6.93186e+22
-6.84875e+22
-3.64714e+26
1.31186e+23
-4.99687e+19
-5.16938e+19
-3.59027e+26
-3.57841e+26
-3.60382e+26
-3.7669e+26
-3.7679e+26
-3.76848e+26
-7.93562e+22
-1.02682e+23
8.13293e+22
5.62385e+22
6.89427e+22
5.84357e+22
-1.13886e+20
-1.35702e+20
-1.35883e+20
-4.77356e+20
-1.46865e+20
-1.29329e+20
-1.43889e+20
-3.56039e+20
-3.62061e+19
-3.60717e+19
-3.50905e+19
-5.89763e+19
1.05033e+20
-1.01616e+23
-1.87396e+22
-2.68783e+22
-1.93941e+22
-4.42258e+22
-9.17067e+22
-3.10656e+22
-4.75935e+22
-1.75659e+24
-5.15155e+24
-5.208e+24
-5.23887e+24
-5.83028e+19
-3.78928e+26
-5.84773e+19
-3.8295e+26
-6.55103e+20
-5.98534e+19
-3.82552e+26
-3.78874e+26
-3.80215e+26
-3.78927e+26
-3.79553e+26
-3.78114e+26
-3.72526e+26
-3.76823e+26
-3.7809e+26
-3.78278e+26
-3.78506e+26
-3.77496e+26
-3.77679e+26
-3.78186e+26
-3.77546e+26
-3.80061e+26
-3.80122e+26
-3.79668e+26
-3.79498e+26
-3.80345e+26
-3.78971e+26
-3.78648e+26
-3.80214e+26
-3.78927e+26
-3.40941e+26
-3.41117e+26
-5.11645e+24
-5.08563e+24
-5.2034e+24
-5.24164e+24
-5.33341e+24
-5.3936e+24
-6.71057e+24
-6.71357e+24
-7.82171e+24
-7.83949e+24
-7.09922e+24
-7.74214e+24
-8.28226e+24
-8.31017e+24
-7.74745e+24
-8.30121e+24
-7.9679e+24
-8.32373e+24
-8.31438e+24
-7.89569e+24
-7.53742e+24
-7.35994e+24
-7.6048e+24
-7.36614e+24
-7.33897e+24
-7.21819e+24
-5.36876e+24
-5.63873e+24
-3.38719e+24
-4.13919e+24
-3.48288e+24
-2.26581e+24
-2.02175e+24
-1.97626e+24
-9.82759e+23
-3.38618e+23
-3.69893e+23
-2.68959e+23
-2.50632e+23
-2.33181e+23
-2.16324e+23
-1.94532e+23
-1.29787e+23
-1.18574e+23
-1.37307e+23
-1.30603e+23
-1.16549e+23
-1.30831e+23
-1.08155e+23
-1.08993e+23
-1.08677e+23
-9.2533e+22
-9.22264e+22
-9.66801e+22
-8.02698e+22
-8.48165e+22
-6.83514e+22
-5.65227e+21
-6.85054e+21
-5.64009e+21
-4.86888e+21
-2.27335e+26
-3.27385e+20
-3.26894e+20
-1.3841e+20
-1.384e+20
-1.68394e+20
-8.1203e+19
-8.12786e+19
-8.114e+19
-1.03011e+20
-6.58992e+19
-6.96075e+19
-2.20637e+19
-2.18475e+19
-2.19819e+19
-5.02146e+19
-2.24615e+19
-2.95267e+19
-3.10625e+19
-3.12981e+19
-4.5e+19
-4.5815e+19
-4.70679e+19
-5.72798e+19
-6.64633e+19
-5.91349e+19
-6.23122e+19
-1.08067e+20
-1.85364e+19
-5.90455e+19
-4.66362e+19
-4.45587e+19
-3.46749e+19
-3.5653e+19
-3.63286e+19
-3.57073e+19
-4.49462e+19
-3.64771e+19
-4.87333e+19
-4.57978e+19
-4.40122e+19
-4.39908e+19
3.51221e+20
3.18521e+20
-4.54075e+20
3.28116e+19
-1.10092e+20
2.06819e+20
-4.92967e+20
-5.27507e+20
2.18228e+20
2.15949e+20
-3.49825e+20
-3.84511e+20
-3.93667e+20
-3.74694e+20
-9.45955e+20
-9.60783e+20
-9.47296e+20
-9.67865e+20
-1.92512e+21
-1.91961e+21
-1.0193e+21
2.3589e+20
-1.06713e+21
7.08772e+20
7.38062e+22
7.37207e+22
6.40147e+22
7.38534e+22
7.43339e+22
6.39788e+22
7.4568e+22
4.48889e+22
5.49251e+22
4.42357e+22
5.49889e+22
5.50782e+22
5.09117e+22
5.53963e+22
5.49953e+22
5.47287e+22
4.99557e+22
3.08161e+22
3.12203e+22
3.75197e+22
3.40996e+22
3.45015e+22
3.22988e+22
9.94951e+22
2.09305e+22
1.18226e+23
9.07048e+22
1.62449e+23
1.45831e+23
1.00059e+23
1.48423e+23
1.64001e+23
5.50968e+22
-1.12446e+23
-4.87047e+22
-1.86559e+23
-6.79458e+22
-5.27178e+22
-9.5827e+22
-9.58078e+22
-4.01479e+23
-2.09797e+23
-1.03061e+23
-4.27521e+23
-3.35657e+23
1.36966e+23
5.7915e+23
8.14372e+23
7.18541e+22
7.2814e+23
5.4241e+24
1.18378e+24
5.8287e+24
-2.53681e+24
2.09648e+25
-4.12822e+25
-4.31835e+25
-3.77739e+25
-4.61236e+25
-3.45744e+25
-2.22713e+25
4.29524e+25
-1.73057e+26
-8.56919e+25
-7.7013e+25
-9.63632e+25
-2.53358e+26
-2.98049e+26
-4.02351e+26
-3.47644e+26
3.93455e+27
-8.09253e+26
-2.40364e+26
3.9603e+27
-3.75943e+26
-3.87679e+26
-3.88617e+26
-3.81553e+26
-3.66994e+26
-3.80645e+26
-3.68588e+26
-3.87423e+26
-3.87228e+26
-3.68751e+26
-3.72851e+26
-3.72398e+26
-3.78238e+26
-3.76957e+26
-3.77069e+26
-3.76881e+26
-6.96593e+20
-3.78752e+26
-3.78744e+26
-3.78914e+26
-3.78949e+26
-3.7857e+26
-3.7919e+26
-3.79192e+26
-3.78524e+26
-3.78285e+26
-3.79581e+26
-3.78607e+26
-3.78942e+26
-3.8023e+26
-3.41638e+26
-3.41484e+26
-3.30284e+26
-5.82088e+25
-7.73082e+24
-7.14636e+24
-5.46964e+24
-4.22861e+24
-3.46916e+24
-1.71486e+23
-1.00018e+23
-9.2878e+22
-7.18136e+21
-1.90281e+22
-5.68841e+21
-3.28227e+20
-1.68896e+20
-1.0323e+20
-1.38606e+20
-2.17466e+19
-2.17843e+19
-3.1559e+19
-4.52744e+19
-6.91866e+19
-5.9141e+19
-5.68222e+19
-3.55682e+19
-3.60753e+19
-1.41517e+20
-6.26542e+20
2.20824e+20
-6.10301e+20
2.41496e+20
2.42701e+20
-3.75858e+20
-1.03119e+21
-9.19936e+20
-1.02647e+21
-1.29369e+21
-9.83921e+20
-1.27191e+21
7.41229e+22
7.43522e+22
7.40735e+22
4.45111e+22
5.05199e+22
3.1863e+22
4.97793e+22
5.46606e+22
3.70377e+22
7.26189e+21
2.70134e+22
1.27109e+23
1.37156e+23
1.03608e+23
1.25033e+23
-5.17073e+22
-1.43543e+23
-1.70174e+23
-4.09887e+22
1.47858e+22
7.58932e+23
7.46329e+23
9.63843e+23
8.78882e+23
5.99753e+24
8.64839e+24
5.70384e+24
-3.9163e+25
4.38931e+25
-1.83186e+26
-2.9155e+26
-3.26895e+26
-7.80659e+26
-2.59803e+26
3.93409e+27
-3.89306e+26
-3.79019e+26
-3.72992e+26
-3.74484e+26
-3.80154e+26
-4.87795e+25
-3.80036e+26
-3.77333e+26
-3.77039e+26
-3.72895e+26
-3.77319e+26
-3.7946e+26
-3.78709e+26
-3.78563e+26
-3.78563e+26
-3.78641e+26
-3.78116e+26
-3.78343e+26
-3.78449e+26
-3.78486e+26
-3.78449e+26
-3.78431e+26
-3.78435e+26
-3.78425e+26
-3.78547e+26
-3.78631e+26
-3.78623e+26
-3.78621e+26
-3.78746e+26
-3.7875e+26
-3.78787e+26
-3.78732e+26
-3.78688e+26
-3.78672e+26
-3.787e+26
-3.78715e+26
-3.78621e+26
-3.78631e+26
-3.78667e+26
-3.78663e+26
-3.79e+26
-3.79406e+26
-3.79206e+26
-3.79794e+26
-3.79823e+26
-3.79821e+26
-3.78993e+26
-3.79587e+26
-3.78637e+26
-1.66975e+25
-9.86635e+24
-7.67642e+24
-8.50923e+24
-8.49152e+24
-5.71299e+24
-5.54145e+24
-5.53796e+24
-5.39894e+24
-5.27609e+24
-5.29288e+24
-5.29185e+24
-5.20286e+24
-5.33354e+24
-7.75182e+24
-8.23465e+24
-8.25861e+24
-8.40611e+24
-8.49575e+24
-8.26638e+24
-8.48539e+24
-8.18566e+24
-8.70984e+24
-8.19325e+24
-4.8564e+24
-2.51046e+24
-2.14213e+24
-1.49014e+24
-1.40056e+24
-1.18674e+24
-1.34796e+24
-1.1711e+24
-9.50373e+23
-6.80125e+23
-7.38862e+23
-6.63341e+23
-4.45168e+23
-4.08193e+23
-5.22924e+23
-3.48019e+23
-3.17908e+23
-3.18686e+23
-2.80635e+23
-2.54475e+23
-2.64088e+23
-2.02252e+23
-2.05188e+23
-1.74509e+23
-1.66699e+23
-1.86509e+23
-1.42921e+23
-1.37964e+23
-1.36317e+23
-9.34552e+22
-8.67098e+22
-8.82219e+22
-5.73658e+22
-5.91587e+22
-5.91373e+22
-4.24963e+22
-1.38021e+21
-9.02364e+20
-8.54588e+20
-8.51224e+20
-8.5149e+20
-1.09445e+20
-8.97372e+19
-8.96801e+19
-7.66914e+19
-6.43594e+19
-7.22602e+19
-6.18794e+19
-6.35217e+19
-6.37744e+19
-6.14112e+19
-5.31851e+19
-5.02659e+19
-5.02634e+19
-5.32609e+19
-4.97728e+19
-4.05743e+19
-4.8426e+19
-5.01345e+19
-5.18911e+19
-5.11569e+19
-4.88252e+19
-5.20263e+19
-5.24736e+19
-5.51373e+19
-6.79677e+19
-5.71563e+19
-4.94171e+19
-4.73861e+19
-4.87114e+19
-4.85727e+19
-4.9472e+19
-5.27433e+19
-5.21804e+19
-5.16068e+19
-4.83932e+19
-4.84186e+19
-4.65299e+19
-4.42109e+19
-3.85065e+19
-3.95979e+19
-4.58737e+19
-4.67613e+19
-4.72027e+19
-4.82682e+19
-5.09752e+19
-6.21185e+19
-6.37352e+19
-2.27286e+26
-9.45234e+19
-6.40271e+19
-7.75188e+19
-9.76953e+19
-1.20081e+20
-2.13988e+20
-5.6661e+20
-5.72906e+20
-5.36169e+20
2.48036e+20
2.1878e+20
2.38349e+20
2.35192e+20
-5.96083e+20
-5.74975e+20
-5.75306e+20
-6.36837e+20
-5.78825e+20
-7.05722e+20
-1.33816e+21
-1.07957e+21
-2.04534e+21
-2.11418e+21
-1.86714e+21
-1.18762e+21
-1.56561e+21
-2.31241e+21
-1.50731e+21
-2.27455e+26
-1.29768e+21
7.39069e+22
6.38885e+22
-3.09675e+25
4.68396e+22
5.16242e+22
4.4539e+22
4.42872e+22
-3.08153e+25
4.70164e+22
5.02933e+22
4.11204e+22
3.6635e+22
2.2269e+22
2.27371e+22
2.63997e+22
3.68301e+22
-1.00703e+22
-1.5426e+22
-4.91232e+22
-4.98737e+22
-4.9912e+22
-3.79144e+22
-4.07372e+22
-3.96181e+22
-2.94785e+22
-3.54372e+22
-3.12966e+22
-2.66517e+22
-3.27452e+22
-4.8313e+22
-4.29044e+22
-8.60727e+22
-1.08037e+23
-1.5493e+23
-2.18702e+23
-2.14136e+23
-2.70724e+23
-2.08611e+23
-2.33118e+23
-2.54969e+23
-2.64734e+23
-3.69945e+23
-3.24283e+23
-3.22651e+23
-5.11469e+23
-7.74409e+23
-6.30459e+23
-1.60178e+24
-1.13432e+24
-3.07525e+25
-1.60615e+24
-4.22834e+24
-5.54058e+24
5.96079e+25
4.14639e+25
5.81869e+25
-3.87185e+26
-3.86009e+26
-3.8672e+26
-3.87972e+26
-3.8645e+26
-3.88907e+26
-3.86258e+26
-2.65972e+26
-7.96893e+26
-3.79217e+26
-3.09191e+25
-3.79112e+26
-3.78932e+26
-3.7922e+26
-3.79181e+26
-3.78936e+26
-3.79195e+26
-3.79235e+26
-5.91094e+19
-3.7912e+26
-3.79139e+26
-3.79137e+26
-3.79031e+26
-3.78934e+26
-3.79016e+26
-3.79008e+26
-3.78667e+26
-3.78964e+26
-3.78773e+26
-3.78732e+26
-3.7872e+26
-2.69702e+22
-6.8205e+19
-6.60177e+19
-7.88438e+24
-9.72762e+24
-7.92259e+24
-3.78704e+26
-3.78692e+26
-3.78704e+26
-3.78739e+26
-3.78487e+26
-3.78701e+26
-3.78731e+26
-3.78829e+26
-3.78839e+26
-3.78874e+26
-3.78854e+26
-3.78867e+26
-3.78872e+26
-3.78858e+26
-3.78931e+26
-3.78883e+26
-3.78947e+26
-3.78872e+26
-3.78654e+26
2.43215e+22
-3.78876e+26
-3.78899e+26
-3.78873e+26
-3.79156e+26
-3.79835e+26
-3.79872e+26
-3.79803e+26
-3.79396e+26
-3.41217e+26
-2.91972e+26
-2.93464e+25
-1.559e+25
-1.38699e+25
-1.38327e+25
-8.44458e+24
-7.49129e+24
-7.79803e+24
-7.8338e+24
-7.51866e+24
-6.89917e+24
-5.66536e+24
-3.53839e+21
-8.30632e+20
-1.48033e+21
-6.61795e+20
-3.01562e+21
-7.50931e+24
-7.55901e+24
-8.71757e+24
-7.83631e+24
-9.09006e+24
-8.94102e+24
-9.10082e+24
-9.00887e+24
-9.34641e+24
-9.24046e+24
-6.9362e+24
-8.49774e+24
-3.0848e+24
-2.22043e+24
-1.99477e+24
-1.84439e+24
-1.56449e+24
-1.32755e+24
-1.03407e+24
-1.10918e+24
-1.07875e+24
-1.26527e+24
-8.37082e+23
-7.4576e+23
-5.95668e+23
-6.14462e+23
-3.33688e+23
-3.12286e+23
-3.93602e+23
-5.35389e+23
-2.98362e+23
-2.54027e+23
-3.4775e+23
-2.07633e+23
-2.33124e+23
-1.46622e+23
-1.54409e+23
-1.40867e+23
-1.04334e+21
-1.90426e+23
-1.22642e+23
-1.18346e+23
-1.24938e+23
-1.0475e+23
-8.97821e+22
-8.78895e+22
-8.58082e+22
-6.29166e+22
-4.8753e+22
-4.59061e+21
-6.79096e+22
-3.29277e+22
-4.54047e+19
-4.67357e+19
-7.9107e+20
-8.50666e+20
-7.769e+20
-1.41795e+20
-5.31659e+20
-2.1978e+20
-1.22458e+20
-1.11882e+20
-1.09641e+20
-1.22558e+20
-7.3101e+19
-8.38427e+19
-7.24607e+19
-7.01669e+19
-6.56535e+19
-6.34087e+19
-6.67348e+19
-6.1968e+19
-6.14245e+19
-6.09055e+19
-5.29636e+19
-5.23779e+19
-5.7737e+19
-5.85878e+19
-5.18506e+19
-4.99807e+19
-4.99047e+19
-4.03578e+19
-4.99616e+19
-5.03478e+19
-4.73559e+19
-4.831e+19
-4.99795e+19
-4.99471e+19
-5.00419e+19
-4.99957e+19
-4.90764e+19
-4.9872e+19
-5.00217e+19
-4.99719e+19
-4.98911e+19
-4.98161e+19
-4.96867e+19
-4.98362e+19
-5.0128e+19
-4.97381e+19
-4.97007e+19
-4.99847e+19
-5.14775e+19
-5.06562e+19
-8.94283e+19
-9.63543e+19
-9.75597e+19
-4.93072e+19
-4.95846e+19
-4.93544e+19
-4.91044e+19
-4.8063e+19
-4.75018e+19
-4.80803e+19
-4.82959e+19
-4.8251e+19
-5.01824e+19
-5.00055e+19
-4.97174e+19
-4.82982e+19
-5.0224e+19
-5.06793e+19
-5.06093e+19
-5.78138e+19
-5.21699e+19
-6.24585e+19
-6.08693e+19
-6.39476e+19
-6.13621e+19
-6.2365e+19
-6.24295e+19
-2.19685e+20
-1.1357e+20
-5.54566e+20
-2.21996e+20
-1.17226e+22
-6.22162e+20
-6.86505e+20
-6.47514e+20
-5.41032e+20
-7.62269e+20
-7.07891e+20
-5.76356e+20
-8.07109e+20
-2.2263e+21
-2.20448e+21
-3.88152e+21
-1.63208e+21
-4.6698e+21
-3.99959e+21
-7.33785e+21
-6.47289e+21
-7.50455e+21
-2.091e+21
2.66891e+22
3.43368e+22
3.87083e+22
3.94621e+22
3.98265e+22
3.94222e+22
-3.99675e+25
-4.00452e+25
-1.98215e+25
-3.44236e+25
-1.24485e+22
-1.52728e+22
-1.00227e+22
2.61877e+22
-1.71789e+22
-1.84545e+22
-1.50211e+22
-1.85306e+22
-6.50847e+22
-6.92644e+22
-3.31831e+22
-6.97031e+22
-4.3849e+22
-3.27856e+22
-8.08909e+22
-8.52514e+22
-2.70065e+22
-8.16358e+22
-1.02115e+23
-9.38185e+22
-9.61483e+22
-1.2997e+23
-1.18554e+23
-4.45892e+22
-1.2336e+23
-1.805e+23
-1.76966e+23
-1.89279e+23
-2.53102e+23
-2.1787e+23
-2.38994e+23
-2.29254e+23
-2.59665e+23
-1.17985e+22
-3.54999e+23
-3.19027e+23
-2.82068e+23
-5.65726e+23
-6.8711e+23
-3.37626e+23
-6.36994e+23
-3.71626e+23
-8.12652e+23
-7.50089e+23
-3.34311e+23
-1.0978e+24
-6.16248e+23
-1.39329e+24
-1.4176e+24
-1.44935e+24
-1.71635e+24
-2.24222e+24
-2.65888e+24
-1.16179e+24
-1.62358e+24
-4.07245e+24
-3.80055e+26
-5.16917e+25
-3.78755e+26
-3.7598e+26
-3.84e+26
-3.81734e+26
-3.84665e+26
-3.80387e+26
-3.83025e+26
-3.83098e+26
-3.92422e+26
-4.68509e+26
-3.80443e+26
-3.80389e+26
-3.80273e+26
-3.79897e+26
-3.7931e+26
-3.79297e+26
-3.79312e+26
-3.79151e+26
-3.79134e+26
-3.79212e+26
-3.79138e+26
-3.79139e+26
-3.79131e+26
-3.79005e+26
-3.79093e+26
-3.7905e+26
-3.79062e+26
-3.7897e+26
-3.79002e+26
-3.78931e+26
-3.79008e+26
-3.78991e+26
-1.13557e+22
-1.57127e+22
-9.60325e+19
-7.76916e+19
-9.53397e+19
-9.29772e+19
-6.20897e+19
-6.19729e+19
-6.1936e+19
-7.68386e+24
-7.70483e+24
-5.26693e+19
-7.74247e+24
-7.46029e+24
-1.97936e+25
-1.65706e+25
-7.96878e+24
-8.76074e+24
-3.78806e+26
-3.78916e+26
-3.78774e+26
-3.78865e+26
-3.79828e+26
-3.80567e+26
-3.79664e+26
-3.80332e+26
-5.10811e+19
-5.07119e+19
-5.18287e+19
-5.08724e+19
-5.03128e+19
-3.78908e+26
-3.78943e+26
-3.78886e+26
-3.78989e+26
-3.79005e+26
-3.78892e+26
-3.79015e+26
-3.78853e+26
-3.7904e+26
-3.79046e+26
-3.79036e+26
-3.7904e+26
-3.79182e+26
-3.79257e+26
-3.78924e+26
-3.79325e+26
-3.79789e+26
-7.71283e+24
-7.61608e+24
-7.60259e+24
-8.64436e+24
-1.38439e+22
-1.46173e+22
-1.29572e+22
-1.50315e+22
-7.84276e+24
-7.66789e+24
-7.79268e+24
-1.00276e+25
-1.0132e+25
-9.44488e+24
-9.305e+24
-1.02426e+25
-9.22682e+24
-9.65578e+24
-9.27429e+24
-7.26456e+24
-7.2943e+24
-7.91498e+24
-2.49637e+24
-2.19844e+24
-8.0339e+23
-4.82542e+23
-3.14508e+23
-4.25893e+23
-2.96725e+23
-1.71622e+23
-2.36637e+23
-1.32535e+23
-1.35976e+23
-9.89038e+22
-8.51106e+22
-7.1156e+22
-6.81235e+22
-6.93525e+22
-3.78969e+26
-3.78937e+26
-1.03423e+21
-1.10155e+21
-7.64773e+20
-6.05635e+20
-5.2335e+20
-2.5207e+20
-1.19605e+20
-1.17046e+20
-1.15241e+20
-1.05475e+20
-1.0012e+20
-9.75014e+19
-9.46804e+19
-8.77664e+19
-6.64129e+19
-6.15184e+19
-6.15934e+19
-6.19635e+19
-6.32151e+19
-5.09545e+19
-5.94492e+19
-5.36794e+19
-5.02831e+19
-5.03811e+19
-5.04579e+19
-5.04044e+19
-4.98432e+19
-5.00501e+19
-4.99198e+19
-4.98327e+19
-4.98445e+19
-4.97292e+19
-4.86403e+19
-5.01236e+19
-4.94805e+19
-1.53141e+22
-1.22948e+22
-1.2621e+22
-5.04877e+19
-5.07478e+19
-5.12451e+19
-5.04277e+19
-5.0861e+19
-5.23748e+19
-5.96681e+19
-1.10659e+22
-3.88915e+21
-1.03059e+22
-1.12185e+22
-1.21085e+22
2.42979e+22
-1.22705e+22
-3.81239e+22
-3.80017e+26
-3.81662e+26
-3.80179e+26
-3.79409e+26
-3.8016e+26
-3.79909e+26
-3.79855e+26
-3.7932e+26
-3.79408e+26
-3.79194e+26
-3.79112e+26
-3.79093e+26
-3.79143e+26
-3.79056e+26
-3.79009e+26
-5.04354e+19
-4.67948e+21
-1.1434e+22
-4.74347e+21
-7.65936e+24
-3.78999e+26
-3.51304e+21
2.58912e+22
-3.80881e+26
-2.63806e+21
-5.02326e+19
-5.03847e+19
-3.79548e+26
-3.79266e+26
-5.04334e+19
-5.25108e+19
-5.04553e+19
-5.04264e+19
-2.07419e+23
-1.36759e+21
-1.74027e+21
-9.28386e+20
3.82257e+22
2.27139e+22
-1.18941e+24
-6.99748e+23
-2.39954e+24
-3.93324e+26
-3.86835e+26
-3.85162e+26
-3.77093e+26
-3.79115e+26
-3.78992e+26
2.5857e+22
-7.88339e+24
-3.78877e+26
-3.78862e+26
-3.79783e+26
-5.11465e+23
-3.0433e+23
-3.78948e+26
-6.76206e+22
-5.57159e+22
-6.24868e+19
-5.20741e+19
-5.86526e+19
-5.02232e+19
-4.97448e+19
2.44918e+22
-1.39257e+22
-1.0767e+20
-1.28838e+20
-9.76758e+19
-7.05027e+20
-6.24572e+20
-6.81017e+20
-7.33443e+20
-3.58354e+22
-6.75673e+23
-6.13319e+23
-1.53636e+24
-3.79257e+26
-3.82423e+26
-3.81296e+26
-3.7906e+26
-3.79046e+26
-5.76182e+21
-1.01427e+22
-3.79768e+26
-5.38682e+20
-1.65585e+23
-4.7216e+23
-3.79061e+26
-1.24668e+24
-1.13479e+22
-5.18006e+19
-5.91463e+19
-3.78968e+26
-3.78991e+26
-1.41387e+22
-3.77151e+26
-3.77183e+26
5.01432e+22
-1.30156e+20
-3.59279e+19
-3.78997e+26
-4.47811e+22
-9.76754e+22
-5.22435e+24
-3.79078e+26
-3.82774e+26
-6.0011e+19
-3.78965e+26
-3.79085e+26
-7.8339e+24
-3.79234e+26
-7.2818e+24
-3.79273e+26
-9.87336e+22
-1.68848e+20
-4.53389e+19
-4.47345e+19
-3.56402e+19
-5.47976e+20
-3.63815e+20
-3.80168e+20
-9.26226e+20
5.49368e+22
9.76908e+22
-1.50163e+24
-2.69939e+22
-1.14635e+24
-6.56058e+23
-3.3038e+23
6.8573e+23
1.08938e+23
5.60391e+24
-4.24933e+25
-1.52326e+23
-3.22176e+25
-5.11012e+25
-1.78781e+26
-3.88049e+26
-8.98084e+22
-3.8451e+26
-8.36901e+22
-3.80647e+26
-3.77146e+26
-2.1794e+25
-3.69738e+26
-3.76944e+26
-6.68677e+25
-3.78943e+26
2.52869e+20
2.48162e+22
-1.39857e+22
-7.72009e+23
6.18182e+24
-3.98936e+26
-3.90408e+26
-3.76966e+26
-1.20243e+22
-3.79126e+26
-3.80208e+26
-3.79134e+26
-1.94092e+24
-2.31988e+23
-2.06607e+23
-6.23009e+19
-5.27594e+19
-5.00095e+19
-5.76826e+20
-1.4747e+21
-1.59664e+21
3.96095e+22
2.62661e+22
-4.80441e+22
-8.08439e+23
-2.25256e+24
6.14982e+25
-3.88612e+26
-3.84501e+26
-3.87335e+26
-3.79131e+26
-1.19697e+22
-3.78705e+26
-3.78987e+26
-7.90101e+24
-3.78905e+26
-1.04487e+21
-3.78868e+26
-3.78928e+26
-9.04236e+24
-7.18718e+20
-2.20838e+24
-2.94651e+23
-1.83532e+23
-6.5132e+22
-5.17755e+22
-6.72549e+22
-1.29361e+20
-4.98733e+19
-5.03436e+19
-3.78198e+26
-3.78189e+26
-3.78239e+26
-3.78299e+26
-3.97364e+20
-3.6154e+20
-3.5414e+20
-3.73924e+20
)
;

boundaryField
{
    Wall
    {
        type            zeroGradient;
    }
    Inlet
    {
        type            zeroGradient;
    }
    Outlet
    {
        type            fixedValue;
        value           uniform 0;
    }
    Empty
    {
        type            empty;
    }
}


// ************************************************************************* //
