/*--------------------------------*- C++ -*----------------------------------*\
| =========                 |                                                 |
| \\      /  F ield         | OpenFOAM: The Open Source CFD Toolbox           |
|  \\    /   O peration     | Version:  2312                                  |
|   \\  /    A nd           | Website:  www.openfoam.com                      |
|    \\/     M anipulation  |                                                 |
\*---------------------------------------------------------------------------*/
FoamFile
{
    version     2.0;
    format      ascii;
    arch        "LSB;label=32;scalar=64";
    class       volScalarField;
    location    "5.3";
    object      p;
}
// * * * * * * * * * * * * * * * * * * * * * * * * * * * * * * * * * * * * * //

dimensions      [0 2 -2 0 0 0 0];

internalField   nonuniform List<scalar> 
2958
(
14313.8
27508.5
143717
-8622.98
8148.48
142865
28807.4
8981.62
-9396.58
3702.54
16461.9
8816.84
6506.87
8805.28
11329
14660.3
13767.2
6678.09
8842.89
11216.7
10377
16569.2
18613.4
-9984.99
6633.95
12322.5
7014.7
-21911.2
8976.79
15514.2
12475.7
-120770
14785.7
-99860.9
15532.3
6951.8
8807.85
10525
8901.05
9039.41
75639.9
6719.57
31069.8
13467.8
8815.36
108479
16965.7
-12192.1
1658.76
-98821.7
14957
15693.4
-13322.2
16174.4
14695.3
2710.86
-5885.41
-1512.76
13612.4
95133
11410.4
12208
26415.1
15314.9
8784.42
8826.26
16055.9
15988.1
196943
-3432.76
11911.6
8819.26
210845
13331.9
8869.06
20226.6
10965.4
26653.9
8931.04
15122.6
6759.15
2700.78
-26837.9
-28485.3
12557.2
13774.3
8300.65
13632.7
17999.9
1574.88
18803.9
18302.9
18623
8862.11
487.771
14727.8
8536.47
-10808.7
8800.96
8810.41
-7380.27
13592.5
14937.4
20658.6
1911.85
2541.11
8822.03
1183.05
8670.3
13566.5
-45740.4
14908.1
9294.55
5451.58
8809.73
8826.65
14010
14656.2
8843.07
14164.8
7748.88
8817.72
18406.9
1817.12
4513.84
11835.1
9726.83
27275.5
13977.6
8906.06
9123.82
8843.75
14565.8
8808.2
8905.57
8800.09
4210.56
12903.2
8812.56
8802.68
11896
58070
10084.4
8646.22
13633.6
14592.1
8980.03
8811.43
19740.3
8810.1
11278.9
7985.37
2608.42
3721.86
5681.37
8743.99
3196.81
14124.3
28336.6
-28661.9
4243.16
213.291
8433.91
8810.09
21642.1
-7588.22
33987.6
8851.57
4454.94
81349.4
-131052
8821.51
5931.95
29465.7
8747.05
99124
-10013.8
45617.1
5573.21
194781
-77383.9
28911.5
8001.35
-74890.8
29716.5
14567.8
32940.1
8664.97
14345
-1524.02
13731.8
9487.83
91146.8
2141.07
19406.4
9601.85
25549.9
-108999
15015.2
830.368
934.729
8818.8
14253.8
34345.8
3143.2
-36393.6
-1922.93
-37900.4
10330.4
-619.471
8803.04
1567.08
8838.14
33216.9
8816.82
-16550.1
15301.9
8771.06
8777.06
8804.74
8904.26
32081.8
27824
11640.7
-150946
15028.8
-22935.2
8766.73
33482.6
66531.5
39233.8
-35916.7
23147.1
12159.6
9127.51
8922.39
8686.12
13986.4
8637.17
42418.8
8586.1
41529
-1533.14
-22104.6
11942.5
32560.1
29315.3
5670.11
15676.6
13052.6
-1097
10152.8
13159.2
-158589
-8214.22
16294.8
14876.6
18868.3
11818.6
15941.6
14509.8
7885.3
266422
102335
-2492.51
16767.6
7033.1
12786.4
-12893.5
11509
8808.85
11321
14571.5
8819.16
35163.5
12797.8
8611.37
14826.6
8836.73
31722.8
8809.37
8821.1
-2788.62
13080.9
43589.6
8807.27
3189.14
-30504.6
-52890.3
16408.6
-9382.25
-1340.14
8813.25
8811.46
-11615.5
173804
8803.39
14535.5
8804.14
-4080.2
1318.31
14474.2
18646.2
-14660
11892.9
-8639.03
-18205
8121.54
14644
13934.8
8593.39
13911.7
15680.1
8732.75
36136.7
-149827
-9273.63
28037.8
13264
12407.9
16393.7
7454.84
12849.5
6536.83
84210.9
11483.3
14939.9
8520.96
-47406
38136.3
9214.02
-3146.25
8818.89
8812.32
262978
8812.02
133320
35612.1
135404
8615.51
13578.7
28118.3
40101.2
12436
8644.19
38888
8653.33
18515.4
14135.2
12639.2
-29373.2
2201.96
-152454
9575.71
18017.4
14636.5
8810.1
12455.1
72275.6
13523.1
36865.5
13778.3
3170.27
332093
8314.75
-85104.5
27793
-30385.7
-3598.12
-210371
15614.6
7587.93
8807.04
528.459
14994.3
125271
14848.7
2312.42
49768.7
7201.03
11494
19071.3
9148.55
12684.7
15791.4
7986.26
11881.9
-120315
7370.6
8944.4
5863.91
8825.43
6756.59
12159.4
16284.9
204779
38652.9
8805.76
8864.3
57726.8
13444
15078.3
14067.1
-6218.38
15174.6
13616.1
22502.6
13668
13960.9
13972.8
12072.7
6829.35
16320.5
173452
23981.6
58485.1
17152.6
2433.09
13458.6
13449.9
8815.01
20710.5
13542.7
-549.024
9727.18
9998.38
-13862.4
9774.86
14440.5
20153
15074.7
6177
222760
9594.42
2470.2
8085.67
12314.3
3549.75
11850
8832.67
12431.2
11486.5
14793.9
8373.73
98280.5
-3746.27
8169.19
-138746
8688.8
6501.54
8772.26
-94091.8
15980.8
21179.8
12205.6
2541.33
8810.25
14244.9
-1776.22
8805.2
54659.6
-7411.45
10558.7
6122.71
14578.5
28110.8
61024
19621.9
14629.1
149241
5780.28
8816.28
1226.51
150408
14804.5
11462.8
18868.4
11936.4
264063
16141.4
6873.1
76060
8788.86
-74985.2
31422
12100.7
10696
18570
124955
14573.9
44865.9
36573.8
-1699.52
12794.5
9721.3
14350.6
-5481.93
8699.04
8419.85
8868.35
8648.13
8664.76
8791.65
12730.6
6775.85
8813.83
-17639.4
17758.5
6145.06
9646.88
8918.29
8826.21
13739
8842.67
15143.1
15105
90199
-59049.9
7826.9
11860.1
-7796.04
9240.91
14336.5
40833.8
14765.3
14651.5
-4974.94
8207.34
16161.5
5584.98
16164.4
1528.94
119229
8951.92
-2205.07
27842
-168.782
49173.3
11901.6
16136.8
12704
14833.2
8815.94
14556.1
9008.54
-1741.99
16307.4
17762.6
8810.88
43595.3
8806.52
8819.83
24639.2
18484.3
1.81464e+06
9613.88
13063.5
14398.3
14528.8
-38679.6
13541.4
20348
15929.6
13484.2
14234.2
14809.2
8789.42
14694.5
43873.9
14611.7
17992
13483
8578.04
8624.24
6605.37
2271.2
8584.38
-2034.86
8798.06
8696.32
26695.7
35960.4
19074.3
20145.6
11362.7
9692.41
8154.96
8822.41
31084.5
1064.99
8801.88
8754.81
11569.9
-8608.36
10049.2
-58316.9
6824.04
-39240.5
13301.4
-12003
8818.48
12750
8023.45
12620.3
41520.8
13929.1
-62056.5
-4765.93
4281.04
8822.96
14624.6
-97247.5
8776.21
8804.33
15540.5
3243.88
29308.9
21041.5
8815.2
7157.93
14701.8
-5119.26
12872.8
1449.26
12708.7
9143.37
7110.64
13647
14875.1
8803.52
9785.65
8805.52
11105
8805.32
-2131.49
15456.1
5675.11
40642.2
9235.68
30710.1
8956.02
17905.4
-58496
5798.94
13322.4
-61937.4
27114.3
8841.31
15750.4
8813.93
8809.19
7780.77
-19842.7
-17082.1
8685.17
11221.7
28647.7
4006.71
-22046.4
-211824
271950
3786.02
8864.8
8220.98
-12386.5
8813.89
12730.3
8710.55
13494.4
17739.9
-229990
9418.93
1937.13
-56745.2
102402
11556
14772.3
10345.7
8839.04
8834.48
11156.4
15706.3
8835.31
-16537.6
8811.47
14031.8
28963.9
14915.2
12934
21045.2
-12819.8
12318.1
11748.6
11996
14340
6547.26
-23279
13508
14051.6
9054.14
8812.12
13298.8
15413.4
5962.13
12430.1
17255.2
15015.4
-21664.5
2566.04
17782.3
-74432.5
12850
11537.6
13408.2
13944
4143.95
-317.925
14660.2
22560.4
11263.8
72274.8
9063.4
12776.1
3747.29
8789.45
16836.4
8812.78
-122789
28202
8907.83
11645.2
-45662.2
6989.69
17832.5
55290.4
1789.77
18234.1
33458.6
10420.1
22873.3
14366.3
3676.34
-106980
12636.6
14073
6089.66
7628.68
28551
42426.4
5069.42
-11174.3
-79980.9
8817.65
-31478.1
14501.6
13984
14663.8
12683.4
-57272.1
18351.3
8829.16
8831.63
8806.07
8260.72
14223.9
8798.52
14494.8
8746.11
8057.49
9282.25
7370.3
14677.4
-37431.8
11797.6
8804.51
8767.87
-24491.1
11219
8813.29
8807.27
29632.2
8809.36
-8234.9
11906.8
6483.43
167171
14656
8793.5
18093.3
14334.2
13796.7
6613.29
14377
10396.8
194152
4471.89
7299.65
15588.3
12315.6
13493
36357.9
8758.3
12384.2
1354.4
13685.8
-23882.4
13061
22808.8
29211.3
-38959.5
18172.9
27679
5476.9
8764.93
18788.2
10908.1
2930.41
13810.3
39242.1
-19887.2
6418.39
14930.6
7202.58
32108.2
14900.2
11840
15252.8
12033.3
12684.1
9586.73
30567
13644.6
13953.8
-46380.6
14122.9
19777.9
-26396.7
8811.25
-24242.7
16581.8
9799.02
12540.9
8803.81
12251.6
8819.01
16088.3
12582.6
67676.4
13450.7
14610.1
13432.2
13088.1
3682.06
-6534.54
19666.7
-18655.7
10555.5
8657.34
5403.27
-19167.6
9027.87
27795.3
-20807.1
15772
776.856
68233.3
15936.6
19997.2
7930.46
18593.7
116.118
8809.34
20151.6
-60123.9
-18456.4
1.79617e+06
-160100
8827.99
12263.4
15090.4
8826.01
8830.15
8808.52
-78423.1
14005.9
-96261.2
14554.3
6164.35
15647.8
13725.6
-53961.9
14564
11079.8
8806.81
25547.8
460.89
14765.9
6102.55
10013.7
4477.6
43786.6
-106517
8831
20571.4
10283.6
-4722.2
12446.5
2096.48
37837.1
9086.31
6743.02
31832.3
15794.5
-193364
117.679
-118679
1393.55
-8160.63
12609.9
16483.3
-131157
25702.8
15323.7
14851.9
17055.5
10498.8
34348.2
17385.9
22170.7
18656.8
17023.1
1872.19
17366.7
17496
16421.6
17094.9
14763.3
10040.9
16218.5
8460.55
13076.9
10130.1
8822.26
14564.9
-12709.5
12535.1
3116.48
2166.61
-24362.2
12563.5
4215.89
-18694
34055.6
-37681.1
5000.33
13862.4
33841.6
18661.5
28148.8
8807.6
8340.32
13704.8
15086.3
-172969
8809.17
12114
-38777.7
21962.8
14097.9
2899.89
26204
13070.4
-16745.2
8826.77
83307.6
8828.85
12720.1
13258.2
8409.29
32627.3
7601.48
6743.85
8816.49
-12781.6
4549.91
9208.09
15333.3
13285.9
15566.9
18077.2
18086.9
13070.8
14383.9
248086
-35492.9
13972.4
6149.68
14290.2
8512.37
123039
28467.2
14340.5
101079
13691.1
-21919.6
10952.9
13822.9
13961.6
7033.14
9860.17
36067.5
10925.4
8765.34
-47569.2
-42547.2
14836.7
8806.19
-9386.77
1354.81
53915.1
14885.4
6082.91
-48928.1
-25316.7
28869.2
7063.63
15098.3
14101.4
-12105.2
-5753.52
8885.79
68209.6
7621.81
14533.6
8826.48
8771.29
8511.86
8811.72
8606.44
-3777.79
14231.1
-1783.25
8603.29
8811.41
13831.1
11686.5
14743.6
12695
4384.12
8818.76
2657.81
14898.8
-33927.5
10667.7
3352.24
2914.06
8824.15
14860
8806.6
8776.46
8817.12
-5343.32
12911.2
6949.34
13419.7
6254.31
3340.86
14140.6
15927.4
14161.1
8800.15
27817.4
8736.18
-62943.7
-31416.7
8824.88
-27741.5
2862.22
1673.47
30044.2
3263.68
13400
-12788.3
-90161.5
9854.2
8897.07
16437.5
16686.1
7972.89
8509.19
5719.45
7485.74
336301
5557.59
7761.59
8816.72
35230.7
7939.65
4235.6
101086
8063.37
53847.5
9418.15
8766.02
-33515.2
5270.16
11565.7
8806.54
1834.58
8818
8795.42
8810.16
8811.1
20405
-8742.56
177850
11510.9
15199.9
-94955.4
16125.7
12630.6
11674.5
28384
-7179.65
15718.5
16261.2
15572.7
11248.9
6529.09
14881.3
8817.39
-36478.5
4604.07
15802.5
4708.55
5915.19
-56264
15257.1
8829.9
8952.61
10612
12474.6
13412.5
4913.7
13094.6
-2765.43
7800.59
14308.8
49429.4
31653.8
8620.2
-4567.14
4241.44
2562.72
2784.13
16854.6
12712.1
7396.82
14868.6
8833.95
29170.1
2333.65
1941.65
14820.2
14150.7
14803.5
150895
15172.5
72149.5
13995.8
8820.51
14084.6
70409.8
5609.33
8783.71
8666.63
15346.7
15014.5
10707
12818.7
6415.81
1.44588e+06
8811.62
8632.92
-35759.2
9120.59
12090.4
9050.74
13717.7
19269.9
8810.34
11220.1
231083
12627.4
12612.2
10393.4
8846.92
14951.8
8755.79
14958.6
-5980.69
-48355.5
14795.7
10103.3
42653
13740.7
-54778.6
8793.7
17629.3
18825
13775.2
17842.2
6440.88
4497.96
13208.5
1814.33
16127.9
16777.2
14507.2
-15134.4
8796.14
2755.86
15078.5
10212.1
14414.7
14726.3
58266.9
6762.67
8475.44
15203.7
7616.33
8837.11
14568.5
10016.9
8350.95
8694.65
7035.65
13704.3
6709.28
30969.9
10122.3
9477.31
29732.7
15009.4
15938.5
7681.3
13415.4
14016.7
7258.54
8815.08
8829.04
25463.4
26678.3
8823.73
10800.1
12499.3
12483.3
75068.9
13752.3
2151.17
104575
19149.6
15063.9
77645.4
8286.47
12713.2
1791.15
12545.9
16046.9
13080.2
1348.17
-123654
15081.7
14694.7
-21978
16603.3
9964.6
-18576.8
-14334.6
27929.3
89781.8
-50081.7
5882.22
-1946.93
5921.86
13639.8
4136.47
7368.1
12282.1
7193.75
15230.4
14296.2
8794.69
15535.4
13559.6
13597.4
15381.3
2959.65
-212.467
4059.35
15382.9
15095.6
13731.3
12304.7
14687.3
11965.3
6954.28
10692.5
10050.7
8795.63
1869.1
31950.5
8335.71
15501.1
11846
34605.8
12212
-20908.3
13323.7
19019.1
8652.95
12798.5
15792.8
-27995.9
-120726
13472.9
15608.1
16214.4
143810
21603.9
8991.21
207828
8818.2
-20566.4
8809.52
206032
8791.93
11792.5
1.47494e+06
54474.9
8781.15
2257.37
8803.51
9108.38
11344.4
8823.69
86637.1
9729.11
14974.7
8802.2
1907.72
-5170.9
14813.1
8812.7
10465.7
2397.64
218403
8846.38
28175.4
8888.3
-25579
8818.64
-6177.14
216936
8814.74
-36210.8
-9074.28
12814.1
10136
2415.42
16932.5
-159791
8748.64
137.946
8923.66
11167.6
16131.8
13462.7
8966.02
-1374.03
15148.2
2774.29
13347.1
30318.8
9625.56
13793.4
-74971.7
9853.27
12051.3
13149.6
8801.4
8773.62
11308.9
-7084.08
7193.88
-27878.2
13092.1
8958.95
8812.33
-30041.9
-31941.5
7968.51
280427
12121.4
25024.3
11033.9
3327.4
8825.97
8835.75
31211.2
-12869.3
146174
18398.7
18759.4
-19115.4
6482.75
9666.86
-583.554
15480.5
8812.09
-38659.7
14983.2
13465.2
9986.64
1.44366e+06
8812.9
13476.5
10074.5
16571.2
8812.96
10026.4
-80987.1
-10370.8
8808.66
2886.74
375.291
8851
9043.96
8841.26
8853.7
8805.56
8824.33
49124
9775.97
3946.64
5414.82
6818.04
18347.8
11251.7
14983.2
8836.51
8820.12
4934.86
18396.5
8831.43
15779.5
-218115
8751.9
11944.9
6544.45
-183095
35531.5
-43861.1
28275.9
-3158.2
-33216.5
14003.3
9703.34
12474.4
8781.61
1770.76
14575.1
15866.4
8897.8
-25946.3
8541.7
13885.4
8806.63
8289.13
22044.6
14497.5
11842.4
19756.9
13398.6
8808.65
14480
15731.3
14950.8
165511
13786.2
2506.72
8622.56
14085.7
12048.7
14522
9099.49
13897.8
99128.3
93599.1
12551
143815
15721.5
11658.9
6050.73
23839.8
14475.1
11276.2
15559.5
13958.6
18888.5
9782.88
8826.16
-13058.5
11662.9
3.057
14863.4
407515
12885
209208
152696
7998.71
-12833.5
142279
4868.2
15643.8
14670.6
8808.15
12165.6
14441.6
331949
1.80327e+06
13913.4
8809.41
16060.5
411408
12669.4
11141.2
5815.19
8817.03
14242.4
11985.9
11790.6
46728.2
13797.8
8809.6
13558.9
8819.23
12432.8
13419.6
12049.9
14943.7
15020.4
14811.1
8843.68
-8766.39
20349.3
4697.63
-2321.5
-62351.2
-2180.04
-2411.89
14602
-8859.32
3362.27
27981.7
12800.9
14445.3
15801.9
8813.16
33062.4
115470
8359.6
-6065.8
33134.6
-3990.33
31074.3
160700
20687.4
14379.3
14056.8
16658.8
14046.1
8629.41
8809.32
8798.9
6333.35
2664.03
8807.53
8815.76
18638.7
-10743.8
8830.37
-67690.5
11692.8
9399.64
15793.1
5278.32
6188.27
-142690
5898.34
5188.77
17457.2
-4116.74
151528
133868
15148.6
176965
9219.04
10179.1
14431.1
14721.7
13644.4
12988.1
8823.92
7421.07
8409.18
8819.66
8821.9
49682.8
-41656.1
8823.71
14584.3
8813.73
13050.3
6702.19
8398.02
14461.6
21310.5
-8431.81
10631.9
-18302.7
-2319.05
2377.66
17129.1
69051.7
14534.8
7528.39
14168.8
-2088.36
8851.83
13472.4
8839.61
3422.51
1709.55
16423.8
15096
1992.96
28254
6343.71
19300
8844.52
8844.47
8838.22
8860.56
8862.37
8868.87
23265.2
21879.9
40692
78423.8
46927.4
49905.9
-17539.6
-41681.1
-31257.7
10866
-44702.8
-17028.7
-36186.8
3727.75
25941.7
26165.6
32733.7
-206102
416933
-28664.8
-182043
-137205
-162803
-72327.5
-37341.5
-126734
-71057.4
13082.6
10287
-807.118
-9741.59
20095.6
3922.75
21054.6
6672.42
4005.41
18572.4
6535.14
2861.36
8449.02
3573.82
8276.2
8811.3
8821.35
8791.1
8809.67
8811.35
8815.81
8778.15
8812.73
8656.33
8779.39
8295.45
8221.56
8680.47
8193.81
13914.9
4136.34
14732.5
13747
3980.78
4494.03
6134.44
-110540
-126545
4869.25
-12352.4
-79306.4
-68282
13470.3
15216.2
12916.1
12727.4
12909.4
14890.8
12814.9
13019.7
14417.4
12941.7
15583.6
11765.8
11913
14669.2
14204.6
13894.7
13662.3
13827.4
13924.3
14007.1
13768.8
13687.7
13016.3
13279.7
13028.5
12662.3
12402.2
11628.8
11977.9
7862.72
8014.95
8147.3
5711.52
2313.31
1903.12
2667.15
-12076.8
-15345.7
-11487.3
-12712.2
-15230.1
-13152.6
-15498.5
-16085.9
-16024.5
-17879.2
-17713.5
-16773.4
-21285.8
-18992.8
-26488.6
3075.28
14427.9
3820.06
-21998.8
-12863.5
7901.47
7528.99
15817.8
15226.6
34434.5
44067.4
44869.1
44721
6820.71
34625.6
48922.1
116766
102796
113714
43181.7
173982
98243.4
146275
147278
-14836.9
-9967.92
-10332.8
12716.3
10567.7
14639.9
16708.7
-12522
-42257.4
-96228.2
17910.8
9597.84
47449.8
32579.2
30781.1
27526.9
15506.9
24551.2
15472
71756.9
46488.8
47743.7
33926
32573.1
5568.58
27663.7
28721.9
7648.41
9872.99
9931.37
6828.51
7909.42
13969.7
13642.8
11829.8
13723.4
-45353.5
-32886.2
-29799.6
11623.8
-19342
-6366.04
-55.0903
15132.2
868.757
13951.2
33291.9
36087.8
-42904
36422.8
38596.3
-42572.3
36517.7
20177.7
30810.6
19274.6
30260.1
31047.5
38833
71013.6
69488.8
68732.4
30583
51191.2
50606.7
27805.8
30559.2
31463.7
21149.2
30757.5
28270.4
27813.6
28360.5
27885.4
28059.5
28358.8
28447.9
27829
31209.9
12779.9
15379.9
7791.25
10238.5
11768.5
11012.3
12035
12865.3
12332.3
12620.1
12332
12819.3
12273.6
12807.1
12909.4
12231.4
12870.4
13476.6
13191.8
13462
13329.9
13864.9
6597.56
6977.61
8149.41
9928.6
10836
10975.2
11923.9
11518.8
10985.6
10618.1
11000.8
8774.52
8821.85
8967.21
8609.57
8140.85
9083.15
8649.67
8090.28
8691.6
8695.62
8972.92
8716.16
8803.7
8862.33
8750.01
9048.83
9067.54
8771.49
8826.12
8832.26
8858.46
8839.58
8840.26
8840.93
3578.24
8819.65
8817.3
8803.44
8800.97
8801.25
8823.56
8823.91
8799.19
8811.42
8163.93
15805.2
3565.96
14349.7
12130.8
11171.4
14877.8
10872.7
15050.1
14001.8
13793.4
13166
12976.8
-2128.79
-16590.9
-18122.1
23828.2
-184570
1629.77
8681.63
36907.8
7625.38
15824.5
93866.6
98828.1
150503
86357
13206.2
-189791
-81374.1
21186.4
26622.9
-42869.3
1914.23
7491
-47.6048
6561.44
7154.48
11886.9
3532.92
3836.82
-1196.28
12591.4
-25350.2
12558.8
35971.3
39386
37939.6
19332.6
43261.3
49268.8
40292.6
46642
28453.2
20269
21088.2
27746.6
27612.2
28176.4
28420.5
10261.1
12225.8
12774.2
12956.8
11664.2
12811.8
12729.5
11804.2
12844.3
13437.3
13411.3
13464.7
6632.83
12122.8
10861.2
8397.64
8607.38
9197.2
8573.32
8095.78
8989.21
8699.31
8655.76
8631.78
8809.46
10781
8854.1
8828.97
8839.4
8826.64
8831.61
8806.68
8824.63
8798.44
8811.77
8802.48
8809.51
8810.96
8810.82
8810.6
8810.49
8810.75
8809.52
8811.63
8806.94
8805.64
8809.29
8807.05
8804.75
8806.94
8801.71
8808.54
8773.96
8772.12
8765.66
8753.02
8771.73
8756.98
8611.81
8751.1
8595.28
8496.53
8567.52
9042.17
9073.58
8948.99
8664.99
9262.58
15050.9
18424.1
13232.8
12619.4
12362.9
12222.5
-10078
3201
2133.21
-3663.2
-59488.6
-42200.9
-53508.3
4302.15
-62344.4
14637.4
15951.5
15675.6
14702.6
14847.4
15121.1
15160.1
14087.9
14774
14026.1
13745.6
14928.7
14238
13016.2
13499.4
12911.3
13124.8
13176.4
12650.8
12733.2
12537.1
12789.1
13145.2
11771.8
11937.6
10951.3
10554.9
13450.5
10741.2
11373.6
10284.7
9382.28
9889.54
7691.11
7584.74
7631.34
6731.21
6822.39
6818.19
6293.97
6375.73
6161.08
3643.4
5062.35
5910.63
1158.31
3969.24
5052.07
6880.57
5286.01
7045.24
17894.2
13917.3
12965.6
13050.1
20174.8
10472.5
-6139.25
20928.1
19560
-6865.89
26188.5
32803.9
35893.7
27054.5
33937.1
92499.6
35103.9
-27573.5
-18337.8
-24497.6
440.439
-15438.6
867.299
4664.79
11828
-274.924
16198.2
25232.2
132994
45011
19961.9
-18271.3
6758.63
-62529.9
12830.8
10646.8
10945.2
14006.5
14080.9
11304.6
16233
14881.6
15177.6
12544.8
33573.4
28890.2
19099
-12858.4
21020.7
22905.8
21122.1
14480.8
7381.82
9622.74
1232.14
2412.26
5136.29
8334.45
7344.65
7210.43
7136.91
2279.07
3044
3443.24
3538.59
4252.55
-39.6884
4455.61
3310.48
-1796.67
-1922.39
5643.83
1539.72
2003.45
956.559
1581.35
-12828.1
1358.41
41382.6
-43083.7
13092.8
7854.11
49109.5
30506.8
36126
12983.8
46680.4
37189.7
25357.1
27478.8
7545.51
6609.85
12876
27775.1
9008.49
10424.6
16750.6
14855.5
16735.6
18609.7
18521.6
18640.9
18831.4
18550
18189.3
18783.6
18561.9
18333.9
18904.1
17527.5
18651.8
17930.8
15931.3
17106.5
14298.6
16593.5
16168.5
15177.4
14654.3
15067.9
15325.8
15054.5
14949.7
14864.4
14943.1
14300.8
14639.8
13337.8
14750.8
14988.2
14886.9
4233.74
12145.9
3811.77
7575.1
7434.35
7582.32
7789.48
7697.12
7943.9
8734.1
8864.21
9156.33
8802.08
12731
8857.03
8938.42
8829.85
8850.44
8857.4
8845.1
8854.17
20963.7
8835.22
8838.5
8834.35
8825.27
8834.52
8838.55
8796.93
8812.8
8802.43
8819.91
8797.88
8797.49
-169333
26280.9
20157.1
10746.5
11343.9
11686.3
8804.72
8804.5
8803.08
8805.14
8810.36
8808.76
8809.91
8808.34
8811.76
8807.67
8797.9
8800.99
8799.85
8811.49
8817.4
8781.33
8798.45
8801.91
8759.56
8910.61
8776.15
8760.96
8755.61
8621.14
8841.9
8910.87
8880.69
8527.77
10236.9
-7445.23
-59440
15721.9
10854.3
10680.7
12521.5
13381.4
12438.7
12138.1
12329.4
3463.11
-5979.36
4120.14
-680.188
9537.97
3298.52
-4915.47
14458.5
15099.9
15393.6
14384.2
14661.3
14324.2
14476.7
14345.5
15210.4
14541.7
16072.6
13995.4
14157.6
14732.5
14879.3
14417.7
14731.4
15148.5
14842
14822.8
14879.5
15024.2
14720.1
14332.3
15184.2
14970.1
14584.5
13902.2
14716.8
15078.6
14176.1
15254.2
14635
14201.6
9914.81
13892.1
14556.7
14136.1
4072.88
8897.93
13713.4
13695
13567
13700.6
13662.4
13548.3
13781.1
13490.1
7806.14
785.564
12023.8
5396.39
16459.8
12621.2
3015.16
5079.34
2697.17
10095.2
92.5704
10267.9
13394.2
21476.8
19205.5
21690.5
14395.5
12096.6
20523
20685.5
17099.9
17661.2
17043.7
22268.7
20849.3
22758.7
21837.8
33448.9
13119.4
18407.5
21852.6
36846.3
33640.2
90442
37876.8
56379.3
112869
58543.4
8418.87
9812.73
15632.8
12392.7
19588.8
6988.99
9881.66
6291.4
6581.83
6226.97
5858.11
10190.2
2402.88
6243.78
-706.45
17513.3
-68591.6
-22481.9
20804.4
13868.2
12226.4
11677.6
8357.14
8451.78
9651.1
11821.3
11277.5
12062.2
11973.1
12029.6
9589.89
11142
13724.7
13222.5
26586.5
11392.2
10540.3
25403.9
13207.3
25809.3
25899.3
27226.7
20982.1
20393.9
20079.2
8999.12
6632.7
1710.91
8571.5
5917.34
3902.34
3342.5
4499.88
4077.68
3692.86
3265.26
3685.9
3735.79
3606.09
3337.72
3821.58
6069.45
3478.65
947.464
5246.2
4551.27
4830.48
6603.92
6726.99
8742.27
14772.9
32146.5
9648.83
21777
-20651.2
-21593.4
-8288.43
-36906.2
7065.03
6188.56
8998.5
16272.3
8345.32
10079.5
7223.61
12055.7
18514.8
14587.8
11829.1
14998
18612.3
18839.8
16280.3
16229.6
18838.2
16181.1
16113.9
16268.1
16041.7
15475.6
16066.2
18540
16150
15689.1
15580.8
16015.8
16239.3
16073.7
15924.5
14727.9
14559.5
6068.38
16012.9
16604.8
15426.6
15773.2
15449.8
15051.3
15750.8
15221.3
15459.1
15785.3
14736.2
15284.2
14437.3
14882.7
14886.2
15450.1
15102.3
15191.3
14898.9
14248
14959.6
15100.2
9049
-62207.8
9162.09
9346.14
7631.15
9001.24
7756.02
9334.61
8803.05
8749.3
8890.79
9007.61
8831.86
8801.74
8824.11
8840.85
8862.19
8851.06
8851.67
8837.08
8833.78
8835.31
8828.23
8834.42
8830.2
8825.62
8835.88
8820.83
8835.98
8796.69
8820.56
8800.73
8813.09
8819.62
1867.54
5398.87
15607.6
24534.5
18125.3
17034.1
19587
16822.9
17504.6
11880.2
12214.8
15175.3
12631.8
11656.2
-8197.35
12669.8
10544.6
11198.2
8815.25
8806.3
8802.57
8809.97
8899.41
9104.39
8860.04
9106.42
19376.7
15439.7
9561.06
18917.5
40720.2
8801.4
8807.23
8811.65
8808.86
8824.6
8787.29
8834.49
8791.47
8823.7
8831.47
8820.37
8813.97
8847.06
8849.79
8772.23
8799.28
8886.8
12180.6
11715
12081.4
10869.1
4786.03
5757.17
6009.97
7141.4
14238.5
12160.8
13196.4
14836.8
14751.3
14561.2
14393.1
14567
14555
15085
14577.4
16058.6
16014.8
14792.8
14931
15175.6
14799.8
16627.8
16127.3
17460.3
15477.3
15743.6
15080.7
16651.5
13685.1
16142.1
16326.9
13043.7
14406.8
12466.3
8812.41
8811
1394.68
1781.07
2474.6
2120.69
4506.85
4225.44
13828.8
14694
11593.2
14300.5
15544.6
14667.9
15992.9
16542.9
19740.6
21999
23306.6
18507.3
20612.9
14927
20417.4
17351.4
5001.49
10772.7
2423.79
10268.7
8928.27
7589.9
5510.93
8791.78
7659.89
8017.76
11079.6
7802.55
8905.6
6871.53
6471.83
6012.37
7434.77
10607
10133.4
5139.77
14611.9
15889.8
23369.5
3434.52
3346.81
2347.74
7396.44
4593.9
3723.84
5670.2
9205.46
8761.44
8790.97
8768.18
8815.65
8816.48
8797.2
8827.24
8858.08
8823.29
8839.44
8831.61
8824.14
8831.87
8832.85
8818.04
43972
3514.7
1565.81
1588.35
11978.9
8816.53
2691.35
4168.48
9193.43
-914.134
7617.6
7604.18
8818.95
8797.37
9706.77
16575.5
9814.52
10372.3
9290.31
2884
6229.42
4555.76
28875.1
5570.24
14171
14615.7
14978.5
7824.05
7920.04
8717.01
8836.68
8836.78
8778.91
9940.61
10815.4
8777.49
8768.38
8876.39
13387.8
14677.2
8806.19
12566.9
12487.7
21110.9
11077.5
21499.7
21477.1
36051.7
5496.18
5032.72
15441.6
10914.4
19441.6
4037.28
4022.96
3382.13
5418.4
10804.4
15717.4
15617.5
14862.6
8840.83
8815.74
8768.93
8831.26
8812.5
3636.24
5215.52
8819.25
4504.59
16109.6
16616.7
8835.63
15652.3
3619.84
17968
26297.8
8803.79
8807.79
7520.38
8861.5
8869.12
41545.7
-60222.8
29793.9
8818.12
-66184.4
-30413.4
-2875.72
8829.98
6833.89
20631.2
4166.5
6223.62
12868.8
8839.1
13993.3
8844.5
-17033.5
35681.5
72158.7
63259.3
38473.6
9911.83
12049.8
12035.9
11027.5
60667.5
28736.4
15276.9
10901.2
15669.4
15762.9
13034.9
12913.5
11974.5
13485.7
9025.6
16415.5
10953.9
10872.6
11279.2
9165.59
16155.4
8702.28
16163.9
8832.97
8877.07
10918.4
8746.12
8840
10798.9
8802.11
6868.49
12600
5652.99
14934.1
13440.2
8658.21
7666.82
8839.94
5910.68
8833.09
8912.25
6906.96
14686.1
9090.14
8521.63
19010.5
27719.8
28424.3
3233.91
7101.7
4898.5
26683.7
12723
18112.9
14694.8
14967.6
3764.52
7743.32
8876.96
9051.47
8835.4
5906.04
8810.12
8787.74
11157.6
8811.3
2776.6
8810.56
8780.16
14860.1
3178.94
14703.1
14270.4
14093.8
12234.9
10192.8
12134
14528.8
37199.5
46539
8813.31
8813.06
8813.5
8811.82
12322.9
11693.4
11956
11879.6
)
;

boundaryField
{
    Wall
    {
        type            zeroGradient;
    }
    Inlet
    {
        type            zeroGradient;
    }
    Outlet
    {
        type            fixedValue;
        value           uniform 0;
    }
    Empty
    {
        type            empty;
    }
}


// ************************************************************************* //
