/*--------------------------------*- C++ -*----------------------------------*\
| =========                 |                                                 |
| \\      /  F ield         | OpenFOAM: The Open Source CFD Toolbox           |
|  \\    /   O peration     | Version:  2312                                  |
|   \\  /    A nd           | Website:  www.openfoam.com                      |
|    \\/     M anipulation  |                                                 |
\*---------------------------------------------------------------------------*/
FoamFile
{
    version     2.0;
    format      ascii;
    arch        "LSB;label=32;scalar=64";
    class       Cloud<passivePositionParticle>;
    location    "0.3/lagrangian/kinematicCloud";
    object      coordinates;
}
// * * * * * * * * * * * * * * * * * * * * * * * * * * * * * * * * * * * * * //

150
(
(0 0.00882045 0.669056 0.322123) 103475 532502 1
(0 0.790447 0.163283 0.0462703) 63029 529273 2
(0 0.144342 0.413972 0.441686) 125328 540735 1
(0 0.00942503 0.509538 0.481037) 175429 559156 2
(0.453499 0.175954 0.329911 0.0406362) 114714 373750 1
(0.372515 0.09846 0.507646 0.0213789) 114704 373644 2
(0 0.291798 0.41169 0.296513) 481 521154 2
(0 0.0299162 0.423459 0.546624) 481 521154 2
(0 0.757211 0.100051 0.142738) 4335 521194 2
(0 0.571751 0.194616 0.233633) 91989 521426 1
(0 0.299432 0.482916 0.217652) 91989 521426 1
(0 0.244574 0.518679 0.236748) 4316 521190 2
(0 0.870744 0.0363134 0.0929425) 91990 521427 2
(0 0.427458 0.101806 0.470736) 4316 521190 1
(0 0.706815 0.0645047 0.22868) 4272 521187 1
(0 0.515675 0.182071 0.302254) 481 521154 1
(0 0.49135 0.0435313 0.465119) 91990 521427 2
(0 0.332267 0.568652 0.0990806) 91990 521427 2
(0 0.321252 0.144984 0.533764) 4260 521182 2
(0 0.0486717 0.694968 0.25636) 91989 521426 2
(0 0.833918 0.126307 0.039775) 481 521154 2
(0 0.703241 0.26566 0.031099) 4272 521187 2
(0 0.121945 0.61834 0.259715) 91990 521427 2
(0 0.111434 0.16735 0.721216) 91989 521426 1
(0 0.421858 0.292081 0.286061) 91960 521420 2
(0 0.604475 0.250165 0.14536) 4272 521187 2
(0 0.0351116 0.212105 0.752784) 91989 521426 1
(0 0.19084 0.406398 0.402762) 91960 521420 1
(0 0.386213 0.024986 0.588801) 10930 521276 2
(0 0.134654 0.258641 0.606705) 4272 521187 2
(0 0.533816 0.0778164 0.388367) 10902 521274 2
(0 0.0126572 0.789425 0.197918) 114659 536968 1
(0.433529 0.130471 0.0242391 0.411762) 137895 433019 2
(0 0.462482 0.0034702 0.534048) 481 521154 2
(0 0.398536 0.00143743 0.600027) 481 521154 2
(0.433864 0.104932 0.142181 0.319024) 145284 454944 1
(0.0220988 0.895134 0.00709279 0.0756745) 85170 287203 1
(0 0.0124656 0.410055 0.57748) 19369 527095 1
(0 0.678146 0.220222 0.101632) 68837 529329 2
(0 0.0432965 0.0951517 0.861552) 125551 540827 1
(0 0.208313 0.54062 0.251066) 125554 540828 2
(0 0.208787 0.27487 0.516343) 175690 559259 2
(0 0.295769 0.428846 0.275385) 175639 559241 2
(0 0.0709212 0.238632 0.690447) 115159 537170 2
(0 0.12881 0.109334 0.761856) 109104 534546 2
(0 0.00845167 0.154172 0.837376) 42863 528920 2
(0 0.503145 0.456299 0.0405564) 109322 534643 1
(0 0.563916 0.281259 0.154825) 98427 530406 1
(0 0.560731 0.412694 0.0265759) 43208 528932 1
(0 0.0992066 0.319935 0.580859) 99593 530987 2
(0 0.495772 0.249143 0.255085) 43230 528936 1
(0 0.559847 0.172969 0.267184) 109290 534632 1
(0 0.094455 0.338598 0.566947) 26979 528106 2
(0 0.106545 0.0498857 0.84357) 109057 534528 1
(0 0.44715 0.237683 0.315168) 18912 523342 1
(0 0.347859 0.349396 0.302745) 109285 534630 2
(0 0.725162 0.215538 0.0592994) 27592 523657 1
(0 0.346034 0.219313 0.434653) 109274 534624 2
(0 0.0551416 0.800529 0.14433) 109452 534701 2
(0 0.505847 0.428357 0.0657958) 101549 531709 1
(0 0.382195 0.134185 0.48362) 27529 523647 2
(0 0.0662968 0.320427 0.613276) 48329 525595 2
(0 0.503994 0.373369 0.122636) 65165 529306 2
(0 0.675842 0.0799284 0.24423) 65152 525802 1
(0 0.0336801 0.691144 0.275176) 91995 521428 2
(0 0.126058 0.382001 0.491941) 26668 521339 1
(0 0.123268 0.188404 0.688327) 10970 521283 1
(0 0.0314865 0.931469 0.0370449) 4396 521202 2
(0 0.127237 0.47212 0.400643) 4328 521562 1
(0 0.0345091 0.594234 0.371257) 4315 521561 1
(0 0.637739 0.181725 0.180536) 4315 521561 2
(0 0.315975 0.23659 0.447435) 10942 521573 1
(0 0.636784 0.353268 0.00994774) 4345 521199 2
(0 0.412142 0.156093 0.431766) 10942 521573 1
(0 0.225069 0.345088 0.429844) 10942 521573 1
(0 0.625774 0.136702 0.237524) 10970 521283 2
(0 0.875364 0.0584181 0.066218) 491 521156 1
(0.352325 0.159899 0.244682 0.243094) 18989 95576 1
(0 0.34418 0.263753 0.392067) 105510 533268 1
(0 0.370505 0.0322766 0.597218) 151736 550758 1
(0 0.154291 0.79369 0.0520185) 151870 550810 2
(0 0.505363 0.391871 0.102766) 33498 524428 2
(0 0.12479 0.677542 0.197669) 33525 524436 2
(0 0.29009 0.521404 0.188507) 151892 550819 2
(0 0.154303 0.731134 0.114563) 105516 533270 2
(0 0.0172765 0.139934 0.842789) 33498 524428 1
(0 0.106109 0.410655 0.483236) 111860 535756 1
(0 0.416631 0.146722 0.436646) 33773 528504 2
(0 0.0919296 0.5612 0.34687) 884 521529 2
(0 0.0472966 0.688197 0.264507) 6544 521243 1
(0 0.254168 0.076356 0.669476) 93207 521489 2
(0 0.186257 0.259121 0.554621) 6525 521539 2
(0 0.735491 0.180148 0.0843606) 6525 521539 1
(0 0.792383 0.13091 0.0767064) 6525 521539 1
(0 0.666325 0.309553 0.0241217) 6289 521237 2
(0 0.840573 0.0793286 0.0800979) 6263 521232 2
(0 0.340952 0.405774 0.253274) 93210 521490 2
(0 0.426408 0.32838 0.245211) 6544 521243 2
(0 0.222016 0.468576 0.309408) 93210 521490 2
(0 0.885798 0.0442831 0.0699188) 93210 521490 1
(0 0.534848 0.139933 0.32522) 6289 521237 2
(0 0.34277 0.531963 0.125267) 6289 521237 1
(0 0.275021 0.148925 0.576054) 93207 521489 1
(0 0.837259 0.082176 0.080565) 884 521529 1
(0 0.00340151 0.744733 0.251865) 6289 521237 2
(0 0.253831 0.71869 0.0274784) 6289 521237 2
(0 0.364766 0.268719 0.366514) 6263 521232 1
(0 0.412335 0.245097 0.342569) 6263 521232 2
(0 0.49352 0.186304 0.320176) 93205 521488 1
(0 0.273163 0.113094 0.613743) 147658 548916 1
(0 0.102563 0.782239 0.115198) 147655 548915 1
(0 0.924366 0.0697084 0.00592529) 884 521529 1
(0 0.706538 0.147999 0.145463) 13071 521578 2
(0 0.682125 0.030462 0.287413) 13071 521578 2
(0.13866 0.0604632 0.524581 0.276296) 82477 279701 1
(0 0.113019 0.466705 0.420276) 35775 524737 2
(0 0.53981 0.353178 0.107012) 112257 535926 1
(0 0.497199 0.155906 0.346895) 139915 546024 2
(0 0.199336 0.262536 0.538129) 136789 544728 2
(0 0.435192 0.00432316 0.560485) 114018 536677 2
(0 0.0214091 0.911595 0.0669956) 142763 547175 2
(0 0.250855 0.273133 0.476013) 107870 534085 2
(0 0.15082 0.712071 0.137109) 37646 525040 1
(0 0.239813 0.58147 0.178717) 153261 551361 2
(0 0.123193 0.586725 0.290082) 98141 530290 2
(0 0.0991002 0.785761 0.115138) 39226 525120 1
(0 0.23555 0.0778199 0.68663) 13860 523047 1
(0 0.158634 0.707565 0.1338) 6524 521538 1
(0 0.34871 0.449459 0.201831) 6524 521538 2
(0 0.202385 0.00381705 0.793798) 6524 521538 1
(0 0.130392 0.0643252 0.805283) 6524 521538 2
(0 0.0524404 0.732334 0.215225) 6524 521538 2
(0 0.0367004 0.844512 0.118788) 6524 521538 2
(0 0.0910093 0.503035 0.405956) 93214 521492 2
(0 0.0125973 0.859752 0.127651) 93217 521493 2
(0 0.261206 0.196993 0.541802) 93217 521493 2
(0 0.143082 0.0113115 0.845606) 93217 521493 1
(0 0.0914206 0.472956 0.435623) 93217 521493 2
(0 0.302584 0.051992 0.645424) 93217 521493 2
(0 0.879968 0.0931623 0.0268692) 6883 521567 1
(0 0.0010359 0.986002 0.0129617) 6896 521253 2
(0 0.814537 0.0960057 0.0894577) 35271 521370 2
(0 0.577244 0.000507615 0.422248) 6559 521566 2
(0 0.443008 0.294191 0.262801) 6534 521242 3
(0 0.285031 0.655619 0.0593509) 939 521557 1
(0 0.605931 0.259354 0.134715) 939 521557 2
(0 0.058224 0.0631221 0.878654) 6896 521253 1
(0 0.0648022 0.10256 0.832638) 36639 521376 2
(0 0.115231 0.437523 0.447246) 890 521555 1
(0 0.512374 0.400983 0.0866432) 937 521556 2
)


// ************************************************************************* //
