/*--------------------------------*- C++ -*----------------------------------*\
| =========                 |                                                 |
| \\      /  F ield         | OpenFOAM: The Open Source CFD Toolbox           |
|  \\    /   O peration     | Version:  2312                                  |
|   \\  /    A nd           | Website:  www.openfoam.com                      |
|    \\/     M anipulation  |                                                 |
\*---------------------------------------------------------------------------*/
FoamFile
{
    version     2.0;
    format      ascii;
    arch        "LSB;label=32;scalar=64";
    class       Cloud<passivePositionParticle>;
    location    "0.3/lagrangian/kinematicCloud";
    object      positions;
}
// * * * * * * * * * * * * * * * * * * * * * * * * * * * * * * * * * * * * * //

150
(
(0.14642 0.0214202 0.0311949) 103475
(0.129938 0.00513472 0.00589742) 63029
(0.13295 0.00795023 0.0384021) 125328
(0.127019 0.00201898 0.0405654) 175429
(0.390783 -0.0161573 0.0400221) 114714
(0.383652 -0.00878895 0.0262759) 114704
(0.600001 0.0235734 0.0450202) 481
(0.6 0.0248582 0.0448778) 481
(0.6 0.021217 0.0289069) 4335
(0.6 0.0239301 0.025255) 91989
(0.6 0.023249 0.0249412) 91989
(0.600001 0.021889 0.0229887) 4316
(0.6 0.0246769 0.0135615) 91990
(0.6 0.0211776 0.0229365) 4316
(0.6 0.01888 0.0305177) 4272
(0.6 0.0215701 0.0441613) 481
(0.6 0.0237284 0.0136088) 91990
(0.6 0.0233307 0.016896) 91990
(0.6 0.0196381 0.0220869) 4260
(0.6 0.0232626 0.0199754) 91989
(0.6 0.0209107 0.0484722) 481
(0.6 0.0185407 0.0302235) 4272
(0.6 0.0228049 0.0172081) 91990
(0.6 0.0227787 0.0215088) 91989
(0.6 0.0164474 0.0246264) 91960
(0.6 0.0180459 0.0300526) 4272
(0.6 0.0225879 0.0211956) 91989
(0.6 0.0160078 0.0210185) 91960
(0.600003 0.0215345 0.0131928) 10930
(0.6 0.0156989 0.030114) 4272
(0.600055 0.0198054 0.0107503) 10902
(0.489921 -0.0350792 0.0311709) 114659
(0.547069 -0.00163191 0.000437541) 137895
(0.6 0.0227313 0.049958) 481
(0.6 0.023045 0.0499826) 481
(0.566306 0.0108047 0.000540575) 145284
(0.453098 -0.0297693 0.0488144) 85170
(0.187911 0.0629107 0.0186728) 19369
(0.185739 0.0607391 0.0173879) 68837
(0.173819 0.0488184 0.0377706) 125551
(0.169572 0.0445721 0.0325519) 125554
(0.166637 0.0416372 0.0357821) 175690
(0.158493 0.0334931 0.0223197) 175639
(0.310258 0.064742 0.0422586) 115159
(0.303839 0.0711617 0.0444333) 109104
(0.344091 0.0309093 0.0135118) 42863
(0.283078 0.0919227 0.0377535) 109322
(0.293203 0.081797 0.0259677) 98427
(0.329052 0.0459486 0.0160298) 43208
(0.333444 0.0415569 0.03063) 99593
(0.320613 0.0543868 0.0156836) 43230
(0.286525 0.0884746 0.034749) 109290
(0.303912 0.0710881 0.0146547) 26979
(0.303885 0.0711157 0.0197277) 109057
(0.324688 0.0503126 0.0107826) 18912
(0.280788 0.0942117 0.0228163) 109285
(0.292162 0.0828384 0.0142648) 27592
(0.27477 0.10023 0.0388707) 109274
(0.270228 0.104772 0.0387467) 109452
(0.270055 0.104945 0.0469115) 101549
(0.277828 0.0971724 0.0179201) 27529
(0.240041 0.0366781 0.00239094) 48329
(0.24389 0.0311096 0.0104577) 65165
(0.24244 0.0325603 0.0087443) 65152
(0.6 0.0275842 0.0176156) 91995
(0.600078 0.0512292 0.00827447) 26668
(0.598969 0.0553069 0.00314128) 10970
(0.598515 0.0501713 0.00134255) 4396
(0.599126 0.0321819 0.00380084) 4328
(0.599078 0.0299137 0.00361023) 4315
(0.599063 0.0279543 0.00355284) 4315
(0.599202 0.0367101 0.00410434) 10942
(0.6 0.0318144 0.0273774) 4345
(0.599177 0.0364697 0.00400053) 10942
(0.599174 0.0369374 0.0039878) 10942
(0.59948 0.057155 0.005161) 10970
(0.6 0.0401031 0.0484764) 491
(0.513893 0.0489512 0.00540087) 18989
(0.125873 0.000872972 0.0584011) 105510
(0.124745 -0.00025481 0.0787326) 151736
(0.127356 0.00235603 0.0674605) 151870
(0.126092 0.00109189 0.0836738) 33498
(0.130364 0.00536462 0.0854407) 33525
(0.143505 0.0185048 0.0592413) 151892
(0.126742 0.00174157 0.0641804) 105516
(0.125428 0.000427908 0.0873282) 33498
(0.143036 0.0180361 0.0506632) 111860
(0.269103 0.00712081 0.0978284) 33773
(0.6 0.0228147 0.0611128) 884
(0.6 0.0223819 0.0757618) 6544
(0.6 0.0231358 0.0742762) 93207
(0.599999 0.0240696 0.0699587) 6525
(0.6 0.0204228 0.0699026) 6525
(0.6 0.0203846 0.0704955) 6525
(0.6 0.0191667 0.0751131) 6289
(0.6 0.0192044 0.0718244) 6263
(0.6 0.0239856 0.0825383) 93210
(0.599999 0.0208215 0.0771064) 6544
(0.6 0.0238286 0.0817933) 93210
(0.6 0.0247145 0.0862283) 93210
(0.600001 0.018838 0.0742512) 6289
(0.6 0.0196873 0.0777689) 6289
(0.6 0.0235602 0.0782731) 93207
(0.6 0.0208928 0.0509859) 884
(0.6 0.0175086 0.0788606) 6289
(0.6 0.0181349 0.0783127) 6289
(0.599999 0.0174979 0.0730717) 6263
(0.600001 0.0170634 0.0690892) 6263
(0.6 0.0208004 0.0835064) 93205
(0.496297 -0.0287026 0.0579573) 147658
(0.494222 -0.0307782 0.056891) 147655
(0.6 0.0204655 0.0500725) 884
(0.59895 0.02463 0.0968989) 13071
(0.598991 0.0249238 0.096736) 13071
(0.204784 0.124827 0.0969732) 82477
(0.165341 0.040341 0.0841366) 35775
(0.162258 0.0372583 0.0721238) 112257
(0.154616 0.0296163 0.0740256) 139915
(0.29492 0.0800807 0.0516409) 136789
(0.289548 0.0854526 0.062473) 114018
(0.315163 0.0598368 0.0505525) 142763
(0.285603 0.0893976 0.067043) 107870
(0.301751 0.0732491 0.0865871) 37646
(0.275581 0.0994186 0.0651158) 153261
(0.272892 0.102108 0.05548) 98141
(0.277242 0.0977577 0.0819621) 39226
(0.293488 0.0815113 0.0918032) 13860
(0.599999 0.029319 0.0602964) 6524
(0.6 0.0267173 0.0555004) 6524
(0.6 0.0260158 0.0597611) 6524
(0.6 0.0256422 0.0507872) 6524
(0.6 0.0252582 0.0589621) 6524
(0.6 0.0251808 0.060335) 6524
(0.6 0.0287424 0.0810427) 93214
(0.6 0.0274685 0.0813312) 93217
(0.600001 0.026847 0.0854589) 93217
(0.6 0.027114 0.0813445) 93217
(0.6 0.0272714 0.083742) 93217
(0.6 0.0267435 0.0863622) 93217
(0.598508 0.0496999 0.0986852) 6883
(0.598465 0.052465 0.0988532) 6896
(0.600022 0.02524 0.0876902) 35271
(0.599162 0.0324987 0.0960523) 6559
(0.6 0.0321266 0.0731481) 6534
(0.598556 0.0582123 0.0984956) 939
(0.599095 0.0593474 0.0963644) 939
(0.598661 0.0523544 0.098078) 6896
(0.598569 0.0527564 0.0984433) 36639
(0.599202 0.0377881 0.0958969) 890
(0.599267 0.0414976 0.0956401) 937
)


// ************************************************************************* //
