/*--------------------------------*- C++ -*----------------------------------*\
| =========                 |                                                 |
| \\      /  F ield         | OpenFOAM: The Open Source CFD Toolbox           |
|  \\    /   O peration     | Version:  2312                                  |
|   \\  /    A nd           | Website:  www.openfoam.com                      |
|    \\/     M anipulation  |                                                 |
\*---------------------------------------------------------------------------*/
FoamFile
{
    version     2.0;
    format      ascii;
    arch        "LSB;label=32;scalar=64";
    class       vectorField;
    location    "0.3/lagrangian/kinematicCloud";
    object      U;
}
// * * * * * * * * * * * * * * * * * * * * * * * * * * * * * * * * * * * * * //


150
(
(0.166682 0.163417 -0.00314836)
(0.0765618 0.0218196 -0.14768)
(0.0359269 0.0373322 0.00645917)
(-0.0242752 -0.0235243 0.00276009)
(0.242018 -0.241087 0.000979816)
(0.200617 -0.200311 0.00716106)
(2.93076 0.0646766 0.0325183)
(2.93078 0.0646789 0.0325184)
(2.90558 0.0252469 -0.0365306)
(2.8618 0.0501719 0.0249769)
(2.86178 0.050171 0.0249768)
(2.85486 0.0452142 0.020648)
(2.84165 0.057489 0.0447235)
(2.85483 0.0452129 0.0206475)
(2.81776 -0.0365668 -0.0371043)
(2.93039 0.064628 0.032514)
(2.84154 0.0574865 0.0447206)
(2.84145 0.0574846 0.0447181)
(2.78133 -0.0232713 0.0149817)
(2.86129 0.050147 0.0249681)
(2.93028 0.0646141 0.0325125)
(2.8176 -0.0365867 -0.0371031)
(2.84135 0.0574821 0.0447146)
(2.86116 0.0501405 0.0249644)
(2.77733 -0.0292944 0.0159035)
(2.81744 -0.036607 -0.037102)
(2.8611 0.0501374 0.0249625)
(2.77692 -0.0293075 0.0158848)
(2.75061 0.00988539 -0.00348073)
(2.81638 -0.0367307 -0.037097)
(2.70573 -0.03349 0.00143965)
(0.307935 0.307908 -0.028882)
(0.471811 -0.341553 0.00186817)
(2.93068 0.0646652 0.0325174)
(2.93069 0.0646665 0.0325175)
(0.364179 -0.364962 0.00153095)
(3.56359 0.966217 -0.0193071)
(2.30808 2.27728 0.0552043)
(2.25708 2.2122 0.042707)
(0.177685 0.178533 0.00555171)
(0.166919 0.16607 0.00739304)
(0.170966 0.171384 0.00613615)
(0.346527 0.359679 -0.0172927)
(0.156733 -0.156029 -0.0012873)
(0.159801 -0.160303 -0.00390694)
(2.11898 -2.12804 -0.0293875)
(0.221054 -0.222247 -0.00421105)
(0.223773 -0.220101 -0.00927249)
(2.30378 -2.30612 -0.0271449)
(0.155005 -0.15349 0.00270346)
(2.39136 -2.38777 -0.0363379)
(0.222211 -0.223136 -0.00861296)
(2.67046 -2.68091 -0.120983)
(0.534827 -0.547795 -0.037796)
(2.41153 -2.49857 -0.115823)
(0.643742 -0.630164 -0.0838776)
(2.7603 -2.7627 -0.183816)
(0.246112 -0.245801 -0.00661949)
(0.247302 -0.247666 -0.00821495)
(0.242621 -0.242577 -0.00725353)
(2.68584 -2.65992 -0.281701)
(-0.73869 0.756768 0.127896)
(-0.885684 0.847296 0.25332)
(-0.955964 0.918446 0.358022)
(2.84502 0.124017 0.0740853)
(2.40862 0.105537 -0.0151462)
(1.92592 -0.207745 -0.136663)
(1.94876 -0.203623 -0.114611)
(2.13898 -0.227626 -0.10127)
(2.14224 -0.245778 -0.10335)
(2.14325 -0.246001 -0.103386)
(2.10133 -0.198459 -0.0987828)
(2.86202 0.120039 0.00202327)
(2.0903 -0.196335 -0.0983146)
(2.07933 -0.194303 -0.097841)
(1.77022 -0.188181 -0.125145)
(2.70952 0.199549 0.0531968)
(1.80977 2.32958 0.00905573)
(-0.0245859 -0.0238134 -0.00164753)
(-0.0933586 -0.119286 0.0269489)
(-0.128041 -0.12061 -0.0153655)
(-0.1278 -0.119244 -0.252033)
(0.257686 0.224096 -0.185952)
(0.136185 0.138052 -0.00691644)
(-0.0350745 -0.0340036 -0.00656453)
(-0.1278 -0.119244 -0.252033)
(0.136706 0.138407 0.0020141)
(0.0499555 -0.0432122 -0.107462)
(2.93109 0.0646091 -0.0330126)
(2.85705 0.046709 -0.0215671)
(2.8637 0.0515471 -0.0252862)
(2.90668 0.0260349 0.0383992)
(2.90655 0.0260154 0.0383969)
(2.90655 0.0260152 0.0383969)
(2.78267 -0.0219438 -0.015871)
(2.81752 -0.0358029 0.0380817)
(2.84279 0.0589166 -0.0452783)
(2.85684 0.0466997 -0.0215647)
(2.84276 0.0589161 -0.0452777)
(2.84282 0.0589173 -0.0452791)
(2.7826 -0.0219464 -0.0158685)
(2.78252 -0.021949 -0.0158658)
(2.86332 0.0515289 -0.0252805)
(2.93077 0.0645684 -0.0330089)
(2.78226 -0.0219583 -0.0158552)
(2.78223 -0.0219592 -0.015854)
(2.81709 -0.0358569 0.0380775)
(2.81686 -0.0358848 0.0380757)
(2.8344 0.051485 -0.0431931)
(0.387896 0.384575 0.00800681)
(0.338193 0.335264 0.00683706)
(2.93064 0.0645515 -0.0330072)
(2.13726 -0.294279 0.103416)
(2.13734 -0.294296 0.103419)
(0.681567 -0.278119 0.00707964)
(1.81451 1.77718 -0.0414683)
(0.179049 0.176602 -0.00113022)
(0.171998 0.173349 -0.00221589)
(0.20134 -0.199503 0.00536767)
(0.208534 -0.207036 0.00307569)
(0.157588 -0.156897 0.00377208)
(0.222497 -0.223435 0.00864303)
(2.70227 -2.68128 0.122921)
(0.240852 -0.242115 0.0115896)
(0.245613 -0.247282 0.00670898)
(2.68633 -2.66024 0.285922)
(2.83048 -2.85992 0.297001)
(2.9546 0.110146 -0.0435898)
(2.95471 0.11016 -0.0435897)
(2.9547 0.11016 -0.0435897)
(2.95471 0.11016 -0.0435897)
(2.9547 0.11016 -0.0435897)
(2.9547 0.110159 -0.0435897)
(2.8471 0.125933 -0.0747459)
(2.84167 0.118202 -0.0711842)
(2.84177 0.118204 -0.0711841)
(2.84172 0.118203 -0.0711842)
(2.84168 0.118202 -0.0711842)
(2.84176 0.118203 -0.0711841)
(1.96137 -0.2029 0.106527)
(1.94547 -0.20381 0.115339)
(2.77587 0.0910988 -0.0120263)
(2.14102 -0.228083 0.102068)
(2.86562 0.121689 -0.000118845)
(1.83487 -0.20518 0.142214)
(1.77936 -0.198481 0.13783)
(1.91438 -0.19926 0.113383)
(1.90126 -0.210469 0.123402)
(2.06208 -0.189622 0.10042)
(1.98462 -0.176486 0.0963265)
)


// ************************************************************************* //
