/*--------------------------------*- C++ -*----------------------------------*\
| =========                 |                                                 |
| \\      /  F ield         | OpenFOAM: The Open Source CFD Toolbox           |
|  \\    /   O peration     | Version:  2312                                  |
|   \\  /    A nd           | Website:  www.openfoam.com                      |
|    \\/     M anipulation  |                                                 |
\*---------------------------------------------------------------------------*/
FoamFile
{
    version     2.0;
    format      ascii;
    arch        "LSB;label=32;scalar=64";
    class       volScalarField;
    location    "0.5";
    object      p;
}
// * * * * * * * * * * * * * * * * * * * * * * * * * * * * * * * * * * * * * //

dimensions      [0 2 -2 0 0 0 0];

internalField   nonuniform List<scalar> 
2958
(
-2.66362
-3.56733
-149.69
-79.3482
11.1346
-153.235
6.30755
-1.25262
-9.55449
2.75823
5.09295
18.3081
4.75993
10.9023
-9.3471
7.77097
-0.177981
4.55863
8.41871
-1.66449
11.0371
-0.16373
10.9803
2.30367
4.66144
-0.707382
-21.948
4.71413
2.41477
4.91518
0.603377
8.89336
16.171
-4.76888
2.70819
-23.6397
41.0307
11.7991
-2.57667
2.99361
-4955.17
0.417787
5.78825
5.44607
47.1213
-50.6601
4.93153
2.88451
-94.7672
4.89307
6.24521
-6.70729
9.63274
3.56049
6.46202
-11.6645
6.35788
8.7155
6.88942
-4190.73
0.64764
15.6365
4.24197
4.85386
10.3934
8.22238
3.62261
-6.70514
17.162
-1.52495
2.42994
11.0355
-14.7503
12.013
3.27919
4.66663
2.23385
4.58546
6.30911
5.44455
4.73284
36.3677
2.92064
2.6802
5.98619
4.10008
9.91568
4.06017
-6.8231
8.21743
3.07113
-8.19606
3.3273
8.74189
-5.83248
-10.5355
-23.5616
-95.4387
7.71275
28.6272
-270.969
7.08597
-12.2277
-8.6064
2.04051
8.64118
15.4567
-182.947
18.0527
-9.49112
-142.412
3.53084
0.298885
4.78256
9.42938
11.1641
4.21662
2.9146
-6.28911
6.52588
3.39029
17.7015
3.10756
-4.85727
1.96505
6.5021
-8.14154
-5.32711
7.21142
8.97964
4.4271
59.6212
8.23691
-38.2144
8.15184
7.69277
4.40111
5.94847
8.64052
8.7942
6.23922
-5.47186
10.3554
6.18729
7.29878
22.4251
2.70387
23.8334
-10.4185
13.7341
-2.76319
-26.1587
2.06926
12.67
4.09157
12.5127
6.91012
8.62392
5.66277
4.67976
3.89823
3.20742
4.71051
27.7633
0.0497767
-6.17998
8.05904
7.50123
2.16568
-121.443
-13.2772
17.1191
2.6827
-4.47455
-0.415418
-192.699
13.821
-8.82897
2.37277
17.407
12.6624
-4.09777
4.52647
-323.284
-5.872
-4.78911
-5.33477
17.4383
-1.99662
-249.617
7.73648
-5.67271
-17.2456
6.84279
-6.03889
2.49058
-2.56987
-9.94556
9.21641
5.271
2.16736
-12.926
-2.96044
-9.84876
-10.5345
269.909
1.41293
259.435
2.19551
-97.1549
2.76781
8.0976
8.17523
-5.28411
11.0764
17.4891
5.01972
5.34607
6.20556
-1.85366
15.6631
-4.08254
5.83614
-4.07977
-660.844
5.66412
4.84769
5.19522
-10.3086
-7.94723
-1.56335
12.9925
-13.0388
17.1977
2.10219
15.8258
16.4455
7.25777
15.8542
94.0221
9.6572
88.0838
3.76717
4.69762
-2.19179
-179.534
20.7216
5.03702
4.70837
5.67008
-0.775123
0.810113
4.54595
-35.0046
-151.282
-10.5146
3.74759
-11.1633
2.77426
2.95665
8.22567
10.2478
21.076
-5102.68
2.6745
3.72166
-3.04259
3.13372
-0.882732
12.5636
37.36
1.15697
4.40142
32.6183
-6.84258
4.29422
5.82879
25.2819
3.14348
-6.55589
24.1342
12.2381
2.41027
4.32931
7.76662
11.9709
11.1595
-9.47626
-216.453
4.51726
2.85988
-1.07122
7.36808
25.4935
6.14031
-20.6014
12.3578
8.66936
11.9481
6.3174
5.90738
11.9686
-10.7592
15.5693
-2.67767
-3.00502
-188.983
10.091
4.03077
12.7002
7.17679
11.0973
3.83817
6.09145
-6.5398
-655.076
24.7315
5.84747
-9.14312
3.0651
25.8947
3.80535
4.11462
-4.77391
-137.106
12.6082
4.85301
3.27367
-333.501
-201.086
6.77508
6.86434
22.993
8.11439
-47.9748
8.75934
67.8953
-306.943
64.8759
5.19827
4.04697
-11.0884
15.9538
16.5807
17.5744
-2.141
18.8693
-4.53312
1.15138
-2.3733
10.4454
4.45116
-8.5228
115.85
-10.5646
3.82108
2.12324
3.83426
-19.9561
8.2959
-197.169
5.68045
-53.7129
9.78402
4.19064
-20.7795
5.96625
-10.1297
0.0445083
15.9657
4.19628
12.0898
3.26501
-67.9694
4.083
-7.53458
6.31244
-0.537971
15.6247
7.39295
5.20582
2.66387
3.27208
3.88172
4.36396
4.942
4.34526
-6.72466
16.2872
6.16088
3.64998
2.11316
27.3704
1.22643
0.554016
464.552
-202.939
7.28442
10.9404
21.3805
26.5666
3.58973
-0.258767
-259.48
5.96532
6.96621
-9.06914
4.01874
6.5204
0.526274
19.1281
4.64877
4.72301
-7.90544
-8.80642
22.8175
16.3468
-17.7602
5.07069
5.25958
45.4027
-17.6726
38.5272
25.9596
-0.241976
11.6535
-4.43108
-0.0757077
7.21717
-8.03713
14.1003
-2.26478
-9.79944
2.18918
1.11565
13.6179
36.7367
-1.4561
5.87864
3.93943
23.6685
-7.97486
6.31307
2.60117
-18.1369
0.794635
2.86244
-9.42245
3.20016
9.81681
-1.66153
9.9343
5.1756
-10.993
4.12428
-79.5661
10.1147
12.0922
30.6546
12.3572
-5.60612
-291.82
-0.0682801
6.27232
3.73958
6.64189
10.7839
3.65526
4.01259
2.84825
5.95401
19.1868
5.96685
-45.2134
3.9979
1.82221
3.07239
16.527
-49.4707
3.49719
4.50706
-3.76651
11.2013
12.4812
-2.41802
2.86061
4.6248
3.43213
19.171
-0.626206
-13.4248
-1.52151
-69.691
2.16611
5.82064
10.703
6.258
6.24505
8.57542
11.3559
5.47178
6.57754
9.92916
-5.15259
-20.8204
10.4072
-183.188
-11.59
-89.0345
-7.60348
3.96558
7.98041
7.00117
8.59441
6.68856
5.1953
12.6103
-6.68864
-1.1155
-3.12728
11.5838
2.82612
41.408
-9.81721
20.5021
-35.6122
-3.89291
10.6733
3.49895
-35.1468
3.49355
8.01344
-8.56886
7.92307
2.02623
5.91304
-6.40686
-5.10741
12.1283
3.61125
1.4769
4.09247
15.7487
-64.08
13.0905
2.32378
3.61347
10.5173
10.5847
-8.00448
6.55063
9.21199
-5.29243
24.4805
-112.406
5.2493
1.67965
8.27205
4.12705
-6.88833
5.04462
-6.75762
4.99919
8.83812
6.39999
7.43038
15.1873
4.04543
98.0209
9.19191
26.4084
4.27817
6.94105
4.76048
3.31227
-4.12406
9.29584
2.98376
37.5467
4.80701
-5.90729
-5.77526
4.14157
-9.5788
11.4294
10.1442
8.36624
11.5337
-4.21956
6.34839
18.1196
5.43647
3.61936
6.50368
11.6625
17.8245
-2.84806
20.956
5.68353
8.39347
23.4711
1.80847
4.4657
-3.66519
-10.4902
5.83298
-4.00828
-0.794217
4.93401
6.06801
13.1783
4.45658
18.2825
10.3711
14.8322
-1.97124
5.7399
-8.08173
47.5662
121.112
-0.492586
-0.731577
1.77527
28.3985
4.06097
3.32414
13.552
4.09665
4.81109
-4.84473
-7.81082
-2.16541
15.8703
0.162846
3.99703
4.23109
2.87269
-35.5147
-2.76965
5.34233
11.9513
2.34489
-6.76824
3.15491
5.05287
-4.32154
-12.1088
56.2906
4.64664
10.1403
29.6127
3.40932
6.59019
19.3134
3.56715
4.11865
-4.56298
4.22594
117.31
-10.7447
20.4509
4.28038
3.91632
-23.4084
8.68444
4.15029
21.8921
1.6751
8.47661
3.10564
13.8128
0.718786
-23.3883
-225.766
-12.1635
-7.52766
13.1049
83.4972
53.0103
11.1111
15.1218
-2.114
12.0433
-4.66286
5.30653
2.06636
-3.93598
6.73795
-0.989284
-8.29858
-0.853678
-7.58121
8.56146
-2.47009
-1.92615
16.4002
11.3042
7.1405
6.61752
2.64751
10.1334
-0.314297
4.38782
1.22682
11.3267
4.68849
43.7508
-311.54
1.03354
12.657
13.3449
-3.95093
-6.22108
6.93287
1.12668
5.09895
2.69919
11.6813
-0.53348
16.0901
0.967531
18.1624
2.72282
10.6412
8.70328
-8.86839
0.785139
-566.855
5.64082
-4.31187
-274.671
-141.213
-15.415
-7.33638
9.42865
4.25397
1.37908
10.2062
10.9339
3.70693
-3.04673
26.6431
-334.129
4.01856
5.98448
16.2245
-73.5383
5.77268
-7.11406
-92.3294
-94.9514
13.1759
13.9728
-191.698
107.218
120.915
4.09774
4.40271
-7.44728
9.56233
10.3558
6.96543
9.88073
-67.91
1.69347
12.4588
-1.23456
5.06567
-65.6279
3.79731
4.47758
-4.50356
263.516
-0.875975
3.19807
2.08837
9.12025
-3.20768
33.1418
10.1412
-5.9353
29.0909
0.298201
3.25877
2.88235
-8.6975
7.96668
3.79837
-6.03532
4.57189
3.96039
3.22213
5.75151
3.52567
18.2229
12.536
16.328
4.46139
2.8773
8.26781
-11.3889
-1.47784
6.73509
-205.426
4.07731
8.3078
5.28776
4.29939
-3.47498
-6.92269
35.5308
5.48236
3.86974
6.29547
3.67866
-11.1438
18.3297
3.92606
142.331
-300.154
4.87651
9.43257
4.55506
111.095
4.72868
-7.32573
15.6065
-1.83237
-6.50533
-11.0012
-21.1818
4.28487
12.9311
-146.095
6.06126
-8.1197
4.83928
4.67228
3.41134
3.57529
-17.5399
4.15828
28.8652
14.3181
26.2371
8.46192
3.93631
11.171
4.1568
-1.33582
6.57401
6.27104
2.84369
-9.33951
-7.48992
4.99349
-0.17532
19.2574
5.12827
5.06541
11.5003
-5.71511
15.4312
4.65308
-242.302
11.5829
-27.1777
6.63624
5.76056
3.25359
4.04558
28.9856
-6.4898
-331.219
-187.459
-106.352
6.9408
11.1843
14.0033
5.00763
9.72895
10.5447
12.9568
-17.7156
8.73856
4.46395
-4.26104
1.79951
3.9374
-7.896
-218.671
5.56773
16.0069
0.279165
-4.18453
0.734826
3.63422
5.12163
2.82621
7.8183
-13.6608
-353.662
9.13319
7.23192
2.92002
-6.58431
3.49922
-3.28738
14.9377
8.38485
4.79782
-5.18545
4.5914
-11.3446
4.05408
-7.26059
-1.09128
11.4369
-3.69147
2.81391
-14.4933
-9.85463
-11.5238
4.02091
3.34018
0.326451
-11.389
2.02379
-13.8938
-6.35091
-6.7233
3.58237
-5.0929
53.6207
3.55503
-6.30666
3.99091
1.61271
3.6715
-1.88396
4.23698
2.14946
9.73697
1.49741
8.82525
12.6378
-79.0718
3.71859
8.82298
-4.97271
4.58042
-3.92784
10.409
-283.642
-5.17955
-4.90706
11.1202
3.30821
5.953
11.351
0.283067
12.448
0.753877
-34.6549
27.1476
3.11445
20.0251
-12.3178
4.94258
-79.8075
-11.6261
4.52518
-291.311
8.49304
-26.4333
2.16194
4.07103
129.226
-2.48923
75.9532
4.517
4.75016
49.4459
-0.908344
0.863914
18.094
4.89508
7.2203
-11.1352
-12.3757
-8.06838
3.87469
4.44645
-40.4165
11.0345
8.61292
4.9822
39.0706
3.24177
-8.41649
-3.14215
-4.14332
-12.2307
3.86563
3.27312
-12.6201
8.005
8.15258
27.095
10.0833
-198.312
12.9935
6.10722
-323.733
9.10609
2.62798
20.0764
6.97733
8.1243
9.98367
4.4569
2.12106
-304.841
4.08359
0.385435
26.7424
6.09158
8.3486
-7.78232
-92.4994
8.69488
11.846
-9.71484
3.69645
5.06164
6.14099
4.7057
28.7087
6.48525
1.06913
7.65714
1.45875
6.32768
-25.6147
14.2924
13.1284
15.5788
4.01227
1.87356
8.90069
6.23374
9.80393
-18.3708
-3.3532
6.29981
5.47788
8.39222
6.01313
-16.1285
8.86986
8.71145
-0.0543996
2.66229
16.204
4.18844
4.85954
-3.73923
12.8244
4.3839
17.4581
5.56107
-11.1307
-0.181135
-312.623
-11.4312
4.28392
10.5241
1.21366
-59.1624
-6.76747
0.117402
4.18675
-0.954552
9.97103
-8.43941
4.08517
4.588
-6.60126
4.36244
4.40328
4.21793
3.72779
9.61597
8.24932
-7.7561
51.3501
-197.808
8.32331
2.06026
-12.9265
4.31133
-30.3263
1.90021
-1.03016
12.5181
8.06977
8.36329
9.02764
0.624743
53.8911
5.29968
28.8062
8.13495
-8.46619
-4.08328
-20.0541
1.86477
4.00183
9.63647
6.10271
2.73639
-6.18971
-12.3678
6.1425
4.00131
23.0818
4.9127
-2.24414
-1.76152
26.3284
10.2107
-18.7583
8.87438
-7.01261
0.84491
-1.96482
18.1334
3.63584
9.70385
8.79635
20.5294
15.0459
9.34357
5.82275
4.15748
0.937058
-19.7661
-4.06988
-27.0352
95.5091
5.61429
4.02529
4.94115
-14.8042
-0.0298064
43.315
4.05938
-5.38083
16.8464
3.69767
-84.3241
-8.60755
1.61712
8.26625
7.43499
10.1753
3.55901
5.47668
0.506428
7.68241
8.49547
8.21414
-0.0981815
1.06992
9.01308
3.72785
4.32762
3.88165
-0.333784
4.38362
-13.6465
-45.9716
34.2051
1.11979
-17.7204
4.13283
-3.72965
2.76567
4.10208
-8.80794
26.8412
4.61964
157.565
4.90024
-1.52582
-0.503146
2.10119
5.82797
-1.68441
7.98535
4.02863
-329.302
3.93063
9.66024
-10.0112
5.36071
-119.651
49.3776
3.96404
3.32584
5.86938
10.7223
4.84666
-2.95444
7.07832
-0.72369
3.48532
9.78352
4.98447
5.64905
3.4279
3.61151
4.29626
1.61401
-2.773
4.52809
20.4609
0.812541
3.09337
4.5558
-9.02162
9.09741
6.50074
10.8094
-3.62055
0.557712
2.46893
-6.03514
2.62638
-21.6651
2.50312
3.99299
-5.92477
5.27008
3.48376
-5.66073
1.03045
6.72663
4.48759
3.68217
7.67209
5.38452
5.19988
7.4001
11.4793
-6.94438
2.89571
-3.83669
4.94313
4.77205
-239.278
6.85879
6.03584
-3.598
-2.49606
5.23836
1.273
5.05403
4.51734
38.5784
0.0195125
-11.9832
5.06165
11.3816
14.9784
-6.58355
14.3133
111.817
22.5848
4.45965
-29.917
-114.153
0.498191
0.918169
-3.02003
20.6983
-79.077
-3.70333
-1.63086
3.37591
4.21139
11.5501
5.45563
4.31324
4.08818
4.12125
3.96679
65.8355
5.97843
55.7952
5.28879
5.26522
4.08336
12.8697
6.43097
0.715633
-8.5159
10.6005
10.4933
3.67614
5.17405
90.2179
0.745001
4.31635
4.27657
-6.10403
7.55121
4.8776
4.1999
-7.82592
3.22415
5.22531
3.56125
10.8722
-565.504
5.3673
13.1914
3.46039
-151.802
-9.89831
3.87698
492.554
8.08054
4.95094
13.1496
478.794
15.8528
4.92087
-43.4476
10.0486
19.2984
-0.0965847
9.71108
15.155
4.69745
-1.41102
-161.849
10.0151
-2.14052
14.7346
1.80233
-274.338
5.06395
5.14505
-1.93694
8.31745
143.281
11.4433
-4.69216
13.4488
4.78941
7.08809
3.77425
137.285
9.62553
-331.839
-154.581
4.20846
12.9888
8.59872
32.7632
-37.444
5.89289
2.35089
6.57941
11.7308
-6.71653
9.62244
10.6962
4.34827
16.1059
7.12817
12.8026
-5.52752
2.13981
5.45646
-370.698
0.426049
-3.72842
9.56605
3.7888
20.9247
-2.85836
-3.86856
2.97855
-2.34214
-1.44695
-4.32092
24.4977
-2.86238
-1.99134
4.06038
19.0623
0.544608
-8.5308
-0.271018
6.35439
10.0809
10.1306
4.98906
-17.9647
-25.2335
3.60912
3.1673
9.56355
-1.91357
-11.7962
4.10074
4.21873
11.467
-7.083
8.53624
8.29575
12.8999
-45.6853
6.63046
8.19208
-3.36531
19.1862
1.42055
4.43068
-18.0994
6.13397
1.05371
0.21033
5.71195
8.15709
2.33977
7.16969
8.8352
9.78626
9.15443
-25.7429
5.40535
1.70265
3.8535
-20.7783
2.89734
5.28968
5.6315
3.95518
33.143
4.09556
4.31352
8.23668
4.51489
14.0924
-3.76241
6.73845
3.12747
5.52558
-12.0167
0.224442
5.16511
-11.3352
4.68382
8.68048
-5.77075
5.6962
17.8654
2.33094
-8.24614
8.36935
12.4686
10.3776
-275.398
6.49077
10.5256
-0.856352
0.559139
-5.81452
5.97214
-7.92056
7.52115
25.9987
5.56478
19.6537
-2.46019
-8.03955
-5.97547
-0.0775685
5.9896
45.9498
6.45423
5.74674
-20.4875
8.00857
-13.046
-22.3915
-6.79761
-25.8306
4.57355
8.28436
-1.93584
-2.34332
0.0192794
16.5313
4.39291
8.50099
2.9873
9.97627
9.42181
-16.1739
13.0775
-6.2296
6.20108
-11.7341
-0.702614
-14.8205
18.5793
4.2976
-0.873674
-24.8826
2.79664
-8.22835
6.53837
38.9663
-3.92554
-62.4806
10.5285
-106.389
8.63632
22.3981
-7.14757
-11.5604
4.16083
-5.47225
5.00153
14.2103
4.50604
7.2455
3.98879
-454.163
15.9964
29.9152
7.21783
11.2471
0.260495
17.1619
-6.95029
4.44362
3.69187
4.04396
9.77838
6.28562
-9.72424
6.80083
3.67775
-314.035
4.02678
2.30041
-0.68612
6.15279
3.14248
-4.6478
2.25121
-6.18413
18.3658
9.29095
8.05704
-49.5703
4.54516
-4.77991
7.69984
-5.02957
-3.88655
25.216
-8.15372
-64.1283
7.3076
-7.86147
8.91816
7.13407
6.34556
9.69178
2.61791
9.53357
11.699
5.74068
1.6479
-94.6811
8.9458
-383.075
5.74817
1.89288
3.53506
-45.5951
5.09171
-611.865
-3.26157
-89.2561
-9.04368
0.761569
2.58164
77.5362
11.5434
21.7402
6.7288
4.7932
5.14938
3.90075
3.69956
4.80742
9.2613
3.06964
4.76677
18.7089
4.49492
-405.599
7.96905
8.04978
7.02403
40.8232
1.76169
0.614363
3.25269
-1.17322
-13.3526
1.48878
15.3671
76.4131
-5.36583
-1.59318
3.40075
-5.60309
5.4381
5.99733
8.48526
2.29772
7.50292
-1.57452
1.77588
12.0666
-5.55123
3.4469
3.16291
2.09118
5.49157
8.15084
-12.6825
10.6783
11.0307
12.1853
16.3017
16.1667
14.6172
4.14583
3.56832
-474.814
-3015.59
-1127.37
-869.072
-7.5273
-2.40993
-5.56101
-21.7085
-1.90348
-7.1381
-5.70463
-12.5684
62.0663
61.9389
39.0412
-12.0976
-10.7666
6.22487
-3.90037
-6.82866
-2.50472
-1.86437
3.65481
-4.36863
-2.11262
5.3817
-266.318
-277.547
-272.916
-6.76028
-96.2526
-6.73607
-25.9784
-2.10708
-6.24127
-27.2518
-116.169
-18.5171
-103.118
-1.11521
14.8458
34.983
55.061
19.9909
8.69491
2.60996
20.6949
27.9563
16.6904
20.5103
10.4099
8.53267
14.8727
-1.09918
31.3554
-93.5036
28.1382
32.6617
-98.2877
16.107
16.199
-337.203
-547.13
-265.7
-272.322
-343.065
-131.815
114.51
115.59
13.8625
14.8057
0.496205
8.60133
13.5074
14.1425
10.1906
12.7656
12.8194
7.44045
6.70878
12.1091
8.24469
8.86126
6.98007
8.03942
9.76426
10.862
9.30974
9.66821
5.90082
8.10569
6.40413
4.32832
3.25139
5.55175
3.44368
4.16229
4.39105
4.00942
3.87718
3.84196
5.27045
6.04029
5.91234
5.697
6.40813
5.98493
5.8435
5.86944
5.5132
5.44075
5.45788
5.14608
5.23177
5.35133
4.91789
5.20428
1.68677
11.2761
16.7322
12.9051
14.641
-0.835773
-6.50056
-7.27799
-14.135
-14.4197
-12.8631
-16.4176
-16.0163
-17.2094
-21.7515
-10.0812
-26.9892
-7.98281
-12.064
-8.81888
-13.1907
-20.6272
-18.9076
65.7653
40.1801
-125.568
-118.614
-124.34
-56.9941
-73.9108
-50.6128
-45.7967
-20.31
6.84643
-7.17428
33.2071
-1.76605
51.8185
35.5047
27.7184
19.2246
13.5559
3.31605
0.782024
-8.74978
10.1513
10.8496
-6.36112
-7.91656
-16.3864
-3.58251
-20.2205
-7.57354
12.082
15.0937
-9.11816
-9.24417
19.8852
22.275
20.6035
20.7845
5.12976
4.30153
4.49168
7.18736
9.58534
9.59378
8.48721
-13.4513
6.86868
-9.19698
-198.966
-198.656
82.2035
-198.588
-201.049
81.6303
-201.756
106.679
1006.14
135.02
1434.96
1826.84
182.623
-5454.4
-3550.29
-3493.2
485.586
-376.029
-636.391
-73.4045
-75.3464
-129.495
3.33017
4.78015
5.53477
5.69974
5.35872
6.68515
5.90282
5.41456
5.50038
6.50543
5.15716
3.71939
3.72453
3.97531
3.78161
4.02393
4.14491
3.43669
3.78793
3.56336
2.61325
4.0717
3.64024
3.33649
2.42832
1.71774
2.00901
2.13422
5.26839
3.76694
5.30871
11.0996
50.9608
11.2676
10.275
12.21
16.7672
19.9568
20.5219
23.8852
23.4719
27.0985
21.6342
28.514
2.83338
3.81395
4.00729
2.34764
-11.6916
-1.76605
3.73696
-14.3655
-7.0377
-6.24576
11.9227
-5.11464
-3.33003
3.41284
-0.283386
7.76851
9.08018
-1.49411
8.49892
5.75169
8.34828
3.08832
2.34853
1.96637
-2.36058
10.3384
8.82655
12.6123
13.3459
6.66676
5.18418
6.94883
6.36545
8.41194
-4.59163
36.037
-103.388
32.7259
16.7892
16.6699
16.2216
20.1222
9.62337
11.0832
9.71566
7.42288
6.25961
6.57482
5.26141
5.1872
20.1587
-6.14177
12.5077
-6.82382
-14.8134
-21.2934
-13.9548
-14.3291
-13.1174
61.0414
-108.723
-61.6628
-13.5184
-4.96648
19.5476
28.346
-1.25132
-6.00868
-9.70137
5.29339
-10.3896
-10.8997
19.8928
2.35437
6.72781
2.80649
-0.919493
4.7227
-1.22908
-199.821
-200.914
-198.583
128.732
-845.725
-828.945
-62.5639
201.678
-57.9722
2.86533
4.25556
5.917
5.81661
5.50692
5.94798
3.83247
2.92618
3.77695
2.73346
2.84836
1.88696
1.55349
-1.81965
1.99588
5.28269
7.25029
5.4068
12.9922
26.1121
17.8053
1.13351
3.26943
-1.15684
2.78963
-13.7891
13.2935
1.97045
4.25438
5.33177
4.88592
19.5678
8.54937
3.56974
2.83379
7.94429
4.25992
1.25458
10.5642
7.70516
8.62669
11.137
30.2269
29.0285
28.2926
26.7266
28.941
30.4631
29.9527
33.191
-13.0114
12.8382
23.9266
14.6299
9.37549
2.21506
5.15882
8.06018
6.11512
6.07631
3.529
5.31379
6.41241
5.77127
4.31462
6.1193
5.65128
9.01573
7.80385
15.6877
14.4526
13.3238
2.52444
0.536668
31.0699
25.0013
8.29316
-4.77953
6.91517
8.22638
-152.306
-160.83
-165.204
-224.277
-334.892
-270.609
-324.68
-265.055
-325.081
8.22909
8.32225
8.75271
7.691
6.29465
7.78934
6.42465
6.7449
6.23729
7.35115
7.27575
3.97386
4.22688
4.47192
3.8934
3.83074
3.94725
3.44045
3.79324
4.11661
3.9159
4.12669
4.03215
4.01827
4.15153
4.08576
4.2448
4.38809
4.261
4.13077
4.24636
4.78568
4.8081
4.65336
4.71158
4.36054
4.66505
4.60558
4.73127
4.94279
4.93769
4.91293
5.63071
4.77803
6.95583
4.20258
6.55364
1.78474
2.48506
2.47988
1.73584
-3.74929
-6.70698
-7.88449
-8.40885
-9.54441
-6.71751
-4.22895
-9.7338
-8.8192
-4.45148
-11.507
-11.1571
-11.4058
-11.9797
-10.5074
-25.2821
-106.312
99.2653
69.3475
129.115
-4.76125
89.7537
72.9297
50.4421
-74.4816
33.9292
49.9004
36.9284
26.2048
28.608
22.9886
11.7503
13.2394
8.78669
16.1723
13.3627
3.2733
5.52755
7.01014
7.3841
7.0975
-1.98209
-9.51086
0.18601
-0.440429
-4.88674
-7.94108
-0.953869
-8.30551
-8.01632
-7.25403
-6.79921
-4.27703
-5.18866
4.02259
5.12272
1.48751
-12.0515
-9.08168
-10.2213
-11.5934
4.09748
5.45458
5.99507
7.25462
3.39676
6.10775
-4.05169
0.85521
9.13455
1.97428
-0.795372
0.72111
-0.734987
-0.766488
-0.547386
-0.821411
4.32114
-196.953
79.0948
1.75542
110.953
-211.954
-122.139
-221.959
1.92714
-352.726
38.342
-31.18
-93.3993
4.52626
6.33051
7.81442
-58.2703
-10.5442
-5.1112
3.02809
1.40035
1.97006
2.88533
2.94097
2.77949
3.3426
3.37084
3.00838
3.2597
3.34971
3.28733
3.82403
4.66264
4.25996
3.80683
4.46456
3.89467
4.58274
5.04226
4.26797
4.41531
4.83064
5.17169
4.81676
4.56137
5.14632
5.56804
5.63256
4.67783
5.35904
1.58491
7.2685
9.28128
9.71251
-1.07882
25.474
-1.92257
4.40509
3.55626
4.43787
2.90432
3.47494
7.15891
4.09052
4.33604
-0.122323
5.40767
1.84257
11.9037
15.8941
5.18168
7.42437
8.24208
9.08654
7.78525
-5.86065
7.56286
8.11479
8.62761
8.05758
10.1398
10.4245
4.79041
8.07814
8.54857
12.316
7.23883
8.54775
-8.70224
-10.1115
-7.35889
1.93156
4.00727
4.21438
10.2478
8.38747
8.33544
11.1328
29.2341
11.49
8.4992
10.7274
8.39903
10.9315
9.33998
9.40079
6.5512
5.98901
7.45255
2.44215
6.6333
4.92007
6.74704
12.6055
6.53957
5.80077
4.90758
4.32073
12.6507
12.7984
11.6532
8.79441
11.5238
11.5097
16.3772
19.174
20.6831
21.9708
5.28091
-1.08691
5.0613
4.97427
-6.42215
-43.0041
-131.469
4.84522
1.18488
5.35496
-0.0402544
4.68465
17.7738
18.8152
4.70906
9.05766
6.66261
7.46582
6.97295
6.88757
5.56994
6.80259
5.39923
5.1814
4.99521
4.0741
4.15849
3.93976
4.15977
3.82177
3.808
3.65905
3.95774
3.97747
3.9923
3.88657
4.11898
4.05574
4.18638
3.73196
4.11728
4.20294
4.20265
4.25203
4.12761
3.74614
4.63689
3.89385
4.34383
4.08331
2.51841
4.71645
3.98898
4.07521
4.10073
4.05631
4.13394
4.12162
4.13512
5.17944
2.01824
3.26222
2.46561
1.85924
14.4297
5.08667
0.712396
2.32363
0.539739
-4.90031
0.450745
-7.25078
-6.1259
-8.92433
-7.47083
-11.556
-8.2246
-5.53383
-7.49949
-5.30799
-6.85413
-8.0572
-7.09798
-8.48318
-8.13164
-7.83099
-11.7753
-13.2187
-4.90861
-6.12112
-10.859
-9.43749
-3.13258
-27.9835
-11.358
-43.3125
-295.439
-178.356
-4.10625
4.31246
-13.1798
-8.17651
-75.2742
9.9361
6.14609
-7.24605
1.69886
15.2211
16.0338
11.9021
16.3419
19.6732
14.8019
16.3629
10.7882
15.8848
-9.18216
-6.28339
-6.26389
15.5514
8.86879
10.3317
12.0658
-0.131939
0.0714008
1.5289
-2.83439
1.8817
-1.6688
1.54542
-0.408381
-1.48356
-2.72255
-3.8789
-2.26895
-3.83755
-5.66972
-5.49858
-6.54231
-4.1002
-5.56115
-7.21008
-6.18674
-5.06812
-4.11281
5.4761
-5.50118
3.66029
-1.88333
-2.59777
-1.50874
1.03128
-0.913989
-1.03775
5.76405
-2.94759
2.95989
4.18394
5.6111
1.38788
3.34353
3.85256
4.80796
5.31663
6.79013
15.0955
-44.8058
-25.5836
-81.7956
30.9901
-62.6949
-30.3908
7.42129
8.31619
-3.08981
20.5438
1.86676
-6.91502
-9.05157
22.3257
2.86097
4.6033
5.02717
8.14644
2.81743
3.43088
0.0244738
3.50398
2.92499
3.08153
3.52379
3.53797
3.2667
3.53015
3.54667
3.57554
3.51984
3.72077
3.68609
4.02897
3.79339
3.61574
5.4459
3.43102
4.06884
4.5035
4.2388
3.19661
4.52626
3.22946
4.59368
5.04098
4.25256
4.65067
4.36891
4.68733
4.54294
4.70782
4.28999
4.64554
5.03507
4.24958
5.20448
4.50798
4.42981
4.63834
4.3432
5.2358
5.0882
4.5926
8.30944
9.61817
4.38881
-4.03819
3.77434
4.22018
4.43604
2.7089
4.79033
3.5105
3.35493
4.64776
6.05617
-5.06047
9.29101
7.48461
7.87907
9.29071
9.57387
9.9613
9.40562
10.6218
6.02561
9.31646
8.07838
10.1326
8.02901
10.5816
11.4273
8.5138
11.2696
3.91408
11.2575
8.80976
9.09646
13.4198
1.74659
2.28902
-6.13852
-9.97585
-7.07258
-6.70352
-6.8661
-5.2492
-6.68232
6.29933
3.51555
-8.79474
0.0433893
10.8481
-5.29425
20.9022
0.901529
4.32248
9.76208
9.98157
12.4822
11.4432
11.9424
5.53328
10.6384
2.33679
-12.4779
-10.8905
-7.026
-11.1989
-22.2716
7.32677
9.31129
8.21839
10.1291
7.67969
1.86968
12.4067
7.69699
8.06382
9.38685
7.74334
7.55646
9.11889
8.96689
6.25026
8.15263
12.5061
0.805646
-2.44851
6.30051
0.961869
1.44545
3.92252
5.81687
4.77252
8.81086
5.36833
5.06291
4.11307
4.00563
8.22846
6.23971
4.45063
5.80427
5.97211
5.67829
4.3079
3.83369
4.68768
5.74279
5.06454
3.97362
4.47546
4.54314
4.75621
4.14252
3.35499
3.58616
3.91776
4.05664
3.53278
3.55717
4.20445
2.7051
2.59586
8.4882
10.9755
5.10666
2.02233
0.196098
-0.236271
-4.97313
-2.2838
-6.47797
-6.91796
-5.8402
-6.30316
-7.23059
-5.78541
-4.98807
-7.59139
-6.8369
-7.53179
-8.53909
-6.62738
-7.06092
-8.5401
-6.79371
-7.17715
9.22521
10.3687
-27.5357
-8.14489
15.2583
5.5766
2.96575
9.93682
10.2992
8.2606
1.103
1.41923
8.57055
4.7173
4.76499
5.29826
-1.33361
-2.46985
-3.76423
-3.02297
-8.15381
-9.45852
-6.74493
3.63744
2.78971
2.97814
3.55493
2.86594
-8.02404
-0.338351
0.952518
11.5032
5.56538
11.3427
9.15083
10.2619
10.6863
9.99393
9.2
9.42437
8.77225
10.6786
9.18382
9.27614
10.7988
8.69094
-9.3864
3.53807
2.71724
2.93335
-4.81853
7.72797
3.94252
-27.109
2.52122
3.17264
10.4677
4.04552
12.0009
8.50909
-19.5742
-9.77002
-5.44701
-13.8989
4.7738
1.16198
-2.68592
3.79498
-7.28189
2.37831
4.75116
5.05072
8.45467
3.67392
-0.50313
6.24272
4.66924
7.20808
3.2168
4.57701
7.56509
3.73026
5.21959
10.6002
4.23153
3.90829
9.07634
4.37783
4.30325
-9.88526
-7.38414
-7.15401
1.83729
-14.8694
23.998
-4.33877
-6.09497
-5.54616
-8.29391
-2.0581
-1.08343
-1.74352
0.499841
0.743239
4.50105
4.47547
4.33318
8.72772
4.53439
6.7098
10.137
9.72161
3.58777
3.91342
9.48647
-5.18385
3.35415
4.41208
11.0787
4.23228
3.6543
-7.89714
-5.20656
7.12113
6.99094
4.25272
15.8398
14.9486
-305.727
3.89814
72.3412
10.3575
0.100009
5.90124
-276.926
10.2693
-21.8989
-6.17159
-92.871
-57.8364
13.5079
10.0435
10.4072
10.8869
5.28391
-14.0178
-96.0706
-154.479
40.373
20.2686
20.0232
19.5223
7.26694
-1894.28
5.38339
4.96133
4.34956
4.54071
4.62355
3.20448
2.34709
2.49939
5.28619
14.7386
3.66238
20.4268
20.1785
21.1517
4.84546
3.52458
3.00318
3.51208
4.26298
15.2549
20.0735
-0.135454
2.86682
19.6903
11.7085
-10.9397
8.55993
-6.91984
5.5157
5.21137
1.34478
3.01183
1.81175
6.60891
6.16726
-10.245
-48.7124
3.89946
4.32961
4.43104
-10.0395
-12.907
-9.34581
5.8326
-0.0490988
-2.01112
10.4584
19.6415
2.43709
4.75196
8.3366
-2.18717
7.55689
1.85219
9.02874
6.54742
4.60757
7.97658
5.52666
5.22624
9.67255
0.238451
6.1529
5.92262
6.69258
-2.5949
4.8649
4.12921
3.8357
2.44724
2.30685
3.78792
-6.55439
-9.82863
-33.5152
9.09092
9.59936
9.1333
8.41439
20.1632
20.051
19.6894
19.1465
)
;

boundaryField
{
    Wall
    {
        type            zeroGradient;
    }
    Inlet
    {
        type            zeroGradient;
    }
    Outlet
    {
        type            fixedValue;
        value           uniform 0;
    }
    Empty
    {
        type            empty;
    }
}


// ************************************************************************* //
