/*--------------------------------*- C++ -*----------------------------------*\
| =========                 |                                                 |
| \\      /  F ield         | OpenFOAM: The Open Source CFD Toolbox           |
|  \\    /   O peration     | Version:  2312                                  |
|   \\  /    A nd           | Website:  www.openfoam.com                      |
|    \\/     M anipulation  |                                                 |
\*---------------------------------------------------------------------------*/
FoamFile
{
    version     2.0;
    format      ascii;
    arch        "LSB;label=32;scalar=64";
    class       vectorField;
    location    "0.19995/lagrangian/kinematicCloud";
    object      U;
}
// * * * * * * * * * * * * * * * * * * * * * * * * * * * * * * * * * * * * * //


150
(
(0.474963 0.442997 -0.0282233)
(0.475314 0.443339 0.0270282)
(0.483223 0.440554 0.0214647)
(0.0966161 0.10379 -0.0100731)
(0.073117 0.0736585 0.0135976)
(0.155571 0.154997 0.0140505)
(0.318189 0.328042 0.00940931)
(0.159688 0.157541 -0.000140812)
(1.90287 1.90913 0.0985294)
(0.180692 0.176967 0.00573992)
(0.178282 0.181217 0.0123644)
(0.190111 0.18954 0.0121607)
(0.214136 0.215429 0.0076576)
(1.14854 1.27045 0.0319887)
(0.141669 0.139656 0.0156254)
(1.36183 1.34001 -0.0589279)
(0.141856 0.139774 -0.00447099)
(0.218276 0.217757 0.00654901)
(0.142107 0.140353 0.0153089)
(0.179745 0.182413 0.00462592)
(0.2145 0.216799 -0.00843355)
(0.315871 0.330497 0.0208796)
(0.213589 0.213333 0.00505114)
(0.20348 0.205604 0.00795903)
(1.90291 1.90916 0.0985248)
(0.320132 0.317693 -0.00595822)
(1.51532 1.49184 0.0674893)
(1.81385 1.77415 -0.0700229)
(0.636953 0.692021 -0.105315)
(0.178159 0.230537 -0.000103227)
(0.223312 0.236204 -0.0127388)
(0.220184 0.220477 -0.0044877)
(1.10462 1.43637 -0.0715372)
(1.49083 1.44235 0.0682919)
(0.154796 0.155791 -0.0131723)
(1.81958 1.84168 0.336662)
(0.220947 0.222917 -0.00716471)
(0.219305 0.219601 0.00621306)
(0.141989 0.1399 0.00373192)
(1.21594 1.34301 0.0583423)
(1.49087 1.44239 0.068287)
(0.156719 0.157903 0.00377925)
(1.72348 1.68303 -0.0727179)
(0.916443 0.867072 0.0139184)
(0.178623 0.181553 -0.0124415)
(0.923745 0.749678 -0.0850694)
(0.106307 0.105617 0.00314398)
(0.21653 0.215189 -0.00890993)
(1.18132 1.15794 0.074395)
(0.214631 0.214757 0.00594545)
(1.10547 0.870295 -0.189889)
(1.50443 1.5135 -0.337593)
(0.174993 0.177319 -0.0109874)
(0.198984 0.199356 0.011448)
(0.352449 0.347284 -0.00752296)
(1.62125 1.57546 -0.0694758)
(0.154116 0.167455 0.0132378)
(0.105666 0.107896 -0.0129865)
(0.110285 0.112929 -0.0133128)
(0.112048 0.111966 0.0028691)
(0.111944 0.111701 -0.0146952)
(0.121618 0.11954 -0.00433178)
(0.500563 0.429332 0.0751852)
(0.430748 0.471574 0.129956)
(0.29873 0.262176 0.106794)
(0.0782732 0.0758143 0.0158981)
(0.431193 0.472164 -0.129201)
(0.838617 -0.944498 0.0595569)
(-0.299602 0.0557646 -0.188878)
(-0.15421 0.107187 0.0574849)
(0.340164 0.340322 0.00445808)
(0.194078 0.232045 0.08796)
(0.429938 0.3993 0.00779936)
(1.69685 1.74749 -0.225472)
(0.457404 0.468826 0.0162819)
(0.279256 0.278324 0.006446)
(0.286229 0.287836 0.00367068)
(3.98803 2.60812 -0.449026)
(0.265381 0.265587 -0.00841924)
(2.11447 2.09131 -0.0538569)
(2.0206 1.9873 -0.0572568)
(2.20641 2.16666 0.0333779)
(2.02056 1.98726 -0.0572613)
(0.242894 0.244295 0.00640506)
(0.248335 0.244965 -0.00403674)
(1.38972 1.49762 0.0884833)
(1.61399 0.755073 -0.589498)
(0.287957 -0.290471 -0.00647774)
(0.280891 -0.283404 0.00188572)
(0.286222 -0.286812 0.00720769)
(0.29254 -0.29005 -0.0374625)
(0.511346 -0.522379 -0.0869411)
(0.28799 -0.291529 -0.00398088)
(2.47037 -2.42348 0.249152)
(0.284748 -0.286197 -0.0034673)
(2.54662 -2.55216 -0.181932)
(0.27624 -0.274987 0.0321873)
(0.306893 -0.308038 -0.00719504)
(0.303529 -0.304794 0.00978017)
(0.516826 -0.533143 0.131717)
(0.266379 -0.266181 0.00731494)
(0.306811 -0.302257 0.0510561)
(0.56085 -0.556574 -0.124417)
(0.564743 -0.55626 0.11431)
(0.256026 -0.257726 0.0066423)
(0.566743 -0.554381 0.0781196)
(0.245278 -0.247234 -0.00180293)
(0.244961 -0.246911 0.00201755)
(2.54559 -2.54802 0.144743)
(0.243134 -0.243733 0.00166166)
(0.544003 -0.528834 -0.0643586)
(0.268469 -0.267475 0.0257361)
(0.543913 -0.528728 0.0660643)
(0.236039 -0.235228 0.00341378)
(0.222898 -0.225353 -0.00280797)
(0.222859 -0.225314 -0.0028073)
(0.215971 -0.215736 0.00415176)
(0.219085 -0.218568 0.00662049)
(0.230527 -0.230539 0.0047033)
(0.22331 -0.223708 0.00027189)
(0.204793 -0.206399 0.00477331)
(0.434504 -0.413693 -0.0196962)
(0.236331 -0.231786 0.0132709)
(0.237342 -0.237479 -0.0143317)
(0.249433 -0.251106 -0.0100095)
(0.218374 -0.217353 0.00418154)
(2.54392 -2.54635 -0.140355)
(0.209089 -0.209158 0.00108821)
(0.237279 -0.237377 0.0149047)
(0.209001 -0.209069 0.00108733)
(1.5745 -1.2162 0.332421)
(1.69058 -1.89701 -0.0773078)
(0.230737 -0.232841 0.00781542)
(0.230631 -0.232774 -0.00730253)
(2.53697 -2.56934 -0.227952)
(2.51984 -2.55161 0.188514)
(2.47522 -2.57881 0.242485)
(1.17805 -1.33335 -0.126205)
(2.5369 -2.56926 -0.22796)
(1.72633 -1.93404 -0.0539842)
(2.42398 -2.52876 -0.196602)
(2.36094 -2.41828 0.365046)
(0.973403 -1.10006 -0.0992616)
(2.41275 -2.44257 0.111612)
(2.35866 -2.45653 -0.155264)
(2.29366 -2.34603 0.298255)
(2.33428 -2.36293 -0.0768893)
(2.25349 -2.27724 0.0514663)
(2.2513 -2.27461 -0.0468882)
(2.25296 -2.2767 0.0515021)
)


// ************************************************************************* //
