/*--------------------------------*- C++ -*----------------------------------*\
| =========                 |                                                 |
| \\      /  F ield         | OpenFOAM: The Open Source CFD Toolbox           |
|  \\    /   O peration     | Version:  2312                                  |
|   \\  /    A nd           | Website:  www.openfoam.com                      |
|    \\/     M anipulation  |                                                 |
\*---------------------------------------------------------------------------*/
FoamFile
{
    version     2.0;
    format      ascii;
    arch        "LSB;label=32;scalar=64";
    class       vectorField;
    location    "0.40005/lagrangian/kinematicCloud";
    object      U;
}
// * * * * * * * * * * * * * * * * * * * * * * * * * * * * * * * * * * * * * //


77
(
(3.10619 -0.0199011 -0.0145619)
(3.08342 -0.0313553 0.0213586)
(3.10619 -0.0199011 -0.0145619)
(3.10619 -0.0199011 -0.0145619)
(3.08342 -0.0313553 0.0213586)
(3.08342 -0.0313553 0.0213586)
(3.4917 0.394275 -0.119896)
(3.73607 0.420292 -0.123764)
(3.64504 0.414538 -0.127361)
(3.48935 0.393023 0.120108)
(3.08342 -0.0313553 0.0213586)
(3.52989 0.256193 -0.142528)
(3.30874 0.192458 0.140163)
(3.31988 0.200183 -0.137461)
(3.73619 0.418543 0.123637)
(3.48935 0.393023 0.120108)
(3.4917 0.394275 -0.119896)
(3.32164 0.365111 -0.0615071)
(3.65555 0.276418 0.148539)
(3.63811 0.150352 -0.0589803)
(3.73619 0.418543 0.123637)
(2.77576 -0.101793 0.0279677)
(3.67637 0.284177 -0.147588)
(3.74993 0.406262 0.111269)
(2.7564 -0.110354 -0.0112037)
(3.63891 0.1426 0.0498555)
(3.32198 0.361262 0.0399329)
(3.04858 0.127425 -0.0934323)
(3.04858 0.127425 -0.0934323)
(2.80728 0.0248492 -0.0333737)
(2.5329 -0.211705 0.121664)
(3.73667 0.402263 0.109693)
(3.54806 0.151183 0.0458496)
(2.81491 0.0276719 0.0340722)
(2.80728 0.0248492 -0.0333737)
(3.55866 0.261576 -0.147165)
(3.6501 0.371494 0.097464)
(2.80728 0.0248492 -0.0333737)
(2.80728 0.0248492 -0.0333737)
(2.81491 0.0276719 0.0340722)
(3.06224 0.273018 0.299187)
(2.80728 0.0248492 -0.0333737)
(3.55866 0.261576 -0.147165)
(3.63462 0.394551 0.0909817)
(3.55866 0.261576 -0.147165)
(3.72162 0.426525 -0.107056)
(2.70051 -0.0867555 -0.340289)
(2.58363 -0.395124 0.553988)
(2.52027 -0.218989 -0.104458)
(3.77147 0.823584 0.104107)
(3.63125 0.365221 0.091616)
(3.72162 0.426525 -0.107056)
(3.85866 0.740153 -0.148955)
(2.95353 0.267576 0.170298)
(2.6545 -0.185478 -0.559181)
(2.70232 -0.231372 -0.529475)
(2.70232 -0.231372 -0.529475)
(2.44689 -0.279457 -0.320537)
(2.85473 0.182917 -0.186177)
(2.5113 -0.312095 -0.281485)
(2.52027 -0.218989 -0.104458)
(2.44689 -0.279457 -0.320537)
(2.5329 -0.211705 0.121664)
(3.26377 0.527551 0.148447)
(3.18862 0.505482 -0.141737)
(3.04095 0.377853 -0.135873)
(2.5113 -0.312095 -0.281485)
(0.802625 -0.14626 0.240899)
(2.84638 0.181101 0.186123)
(2.44689 -0.279457 -0.320537)
(-1.25235 -1.33253 0.14446)
(-0.970143 -0.977061 0.229106)
(1.04654 -0.065651 0.01497)
(-0.381099 -0.486211 0.630676)
(-0.307483 -0.238809 0.769376)
(0.228247 0.367114 -0.354363)
(0.936024 1.50423 0.0481537)
)


// ************************************************************************* //
