/*--------------------------------*- C++ -*----------------------------------*\
| =========                 |                                                 |
| \\      /  F ield         | OpenFOAM: The Open Source CFD Toolbox           |
|  \\    /   O peration     | Version:  2312                                  |
|   \\  /    A nd           | Website:  www.openfoam.com                      |
|    \\/     M anipulation  |                                                 |
\*---------------------------------------------------------------------------*/
FoamFile
{
    version     2.0;
    format      ascii;
    arch        "LSB;label=32;scalar=64";
    class       volScalarField;
    location    "4.4";
    object      p;
}
// * * * * * * * * * * * * * * * * * * * * * * * * * * * * * * * * * * * * * //

dimensions      [0 2 -2 0 0 0 0];

internalField   nonuniform List<scalar> 
2958
(
-91638.4
-37416.5
-1713.35
-114554
-43764.8
-552.839
-78031.7
-100042
-20709.2
-102019
-89707.4
-83720.9
-99555.1
-83728.5
-97183.3
-90908.5
-43602.5
-99527.3
-83730.4
-93818.4
-83278.9
-42785.3
-82604.4
-103997
-99468.1
-93621.3
-67408.1
-124153
-90106.7
-90401.4
-93358.1
-42759.1
-82784
-17088.9
-94870.9
-89504.2
-83728.3
-83230.1
-93386.9
-107834
-383651
-86938.4
-75860.1
-92028.6
-83718.7
-32083.8
-89605.5
-37058.1
-104289
-101937
-91168.9
-66906.5
-128356
-90274.5
-91349.5
-133068
-108822
-108656
-92347.3
-58496.4
-94366.3
-93521.5
-84362.1
-90631.2
-83732.5
-83730.2
-90401.3
-54918.4
-65433.7
-98592.8
-42086.4
-83719.2
-41289.8
-92357.1
-83710.8
-84834.5
-94605
-84048.6
-83663.3
-90918.7
-99343.9
-43332.3
-128163
-129468
-93425.1
-92451.8
-43191.9
-92575.6
-50217
-83894.7
-91780.2
-2819.01
-88413.2
-83731.4
8325.98
-15388.7
-97314.4
-115419
-83730
-83724.6
-114001
-92354.3
-34569.2
-38745.6
-84397.5
-84939.2
-83716.4
-105235
-83737.8
-17319
-151510
-91110
-83578.1
-100436
-83727.8
-83727.7
-92197.2
-91335
-41783.3
-91835.7
-97154.3
-83719.8
-88639.8
-13170.8
-98410.6
-93886.6
-97924.3
-43088.2
-91869.3
-83731.6
-83660.4
-83690.4
-91452.1
-83734.2
-83715.7
-83732
-101364
-92875.4
-83727.8
-83728.9
-93823.5
-37257.1
-83350.2
-83738
-91773.6
-40340.2
-83689.5
-83722.4
72423
-83721.5
-93819
-97795.8
-102703
-85776.3
-99329.6
-83756
-82939.6
-91806.4
-80540.2
-154523
-100770
-104512
-96602
-83724.5
-103796
-100403
-77683.4
-83729
-119946
-14036.2
-42143.9
-83716.7
-84070.1
-43028.9
-83752.4
-2790.52
-44346.7
-27117.4
-79008.2
-66134.7
-87660.9
-41051.5
-98114.8
-180992
-40584.7
-40596.3
-39522.7
-83737.7
-43021.7
-108363
-43396.2
-69803.6
45481.3
-108888
-50142.1
-89755.1
-35464.6
-42809.7
-90884.6
-317598
-106068
-83733.9
-91687.1
-32525.9
-153696
-306929
-88248.5
-313892
-42594.6
-106554
-83728.1
-83875.5
-83725.6
-33896.5
-83726.5
12436
-90542.5
-83729.2
-83730
-83728.5
-83714.7
-39605.4
-80703.1
-40890.7
-256350
-90963.9
-124935
-83730.1
-30907.3
-42422.7
-37126.8
-45006.8
15652.7
-43651.4
-90015
-83712.3
-83749.4
-91988.3
-83751.8
-62650.5
-83762.1
-63543.1
-106867
-124270
-94004.9
-156473
-76186.8
-100221
-90403.4
-92576.4
-106465
-97976.5
-92839.5
55159.9
-114280
-49074.2
-91369.1
67023.6
-93581.5
-43700.4
-91401.8
-83494.9
-44343
13409.8
-95480
-89670.6
-101996
-92808.9
-89816
-82820.1
-83727.8
-41982.9
-91656.3
-83714.6
-32824
-92798.7
-83730.4
-41614.6
-83733.5
-36209.4
-83727.8
-83803.5
-95279.3
-92902.6
-45704.4
-83725.6
-86656.5
-135436
-158540
-89770.3
-103096
-46007.3
-83726.2
-83722.4
-114233
40200.9
-83728.5
-91319
-83728.7
-107253
-102409
-43631.5
67390.8
12705.2
-94054.9
59099.6
-121114
-83466.4
-91540.5
-91778.7
-83737.3
-91762.5
-90513.1
-83730.6
-33362.5
-255236
-45012.5
-79971.5
-41825.3
-93142.7
-41205.9
-43567.4
-93246.4
-65567.4
-12014.6
-82829.6
-91097.6
-83779.7
-153620
-368060
-43078.5
-106090
-83717.8
-83727.8
-9723.16
-83727.7
22627.3
-153230
24606.3
-83735.8
-92673.3
-19458.9
-42598.1
-43477.8
-83738.5
-37206.2
-83739.2
-77532.3
-95330.4
-93856
-133237
-95189
-46174
-95932.6
-54151.1
-91567.1
-83728.7
-93569.4
-57913.8
-92033.4
-367613
-92083.5
-102715
-50978.2
-97076.4
-42547.9
-80115.6
-135355
-109209
-42112.8
-108480
-43911.3
-83728.3
-105174
-91176.9
-38719.3
-91218.7
-105725
-43053.5
-42728.4
-94361.3
-88162.7
-83654.7
-93403.6
-44060.7
-83979.2
-93483.8
-42968.6
-82816.5
-83682.6
-99459.9
-83728.6
-83062.7
-42771
-89726.7
98274.2
-367952
-83728.1
-83720.9
-42379.4
-92643.2
-91206.2
-41166.5
-112568
-90937.8
-91743.4
-47809.7
-92561.9
-91984.8
-95207.2
-93362.1
-99309.8
-89814.1
-47631.1
5912.13
-42107.5
-44268.7
-146448
-92091.3
-92092.7
-83718.9
-80043.5
-39189.5
-75613.2
-96405.3
-82953.1
217709
-96252.8
-91561.7
-38871.5
-43941.2
-91466.5
-41624.2
-106512
-106387
-43589
-39633.9
-105708
-94005.5
-83733.3
-41012.7
-40193.2
-91358.5
-97000.9
43489.3
-85905
-83809.1
-29308.3
-83755.6
-43365.1
-83748.5
-44415.3
-94470.1
-49360.6
-93622.2
-98456
-83727.7
-91756
-40254.8
-83728.4
-37438.1
-114227
-94918.9
-97930.1
-91629.9
-79588.1
-26368.3
-86534.8
-91541
-76881.3
-98282.8
-83721.2
-102358
-30353.6
-91534.6
-42168.9
-88259.6
-43413.5
-6282.49
-90310.4
-99304.6
-37183.8
-83732.1
-87251.4
-38411.7
-93295
-95308.4
-88427.5
-11150.9
-91390.8
-28312.3
-38723
-107596
-92898.5
-41722.3
-90642.2
-108375
-83738
-83772.4
-83751.9
-43954.5
-83739.3
-83732.1
-93722.4
-102955
-83726.4
-120491
-52575.7
-99655.7
-96180.6
-83628.2
-83729.2
-92222.8
-83728.5
-90911.2
-90931.9
-20129.5
-110948
-42128.9
-94529.6
-83838.6
-42836.8
-92240
-2571.04
-91173.3
-91176.3
65564.4
-83466.2
-90255.6
-100364
-90258.1
-83895.9
-39877.4
-83706.4
-89244.7
-80196.4
-46397
-39212.2
-93810.6
-90314.6
-91718.4
-91139.8
-83721.7
-90560.3
-83769.4
-88997.7
-90122.2
-82665.1
-83727.1
-26468.5
-83714.1
-83725.8
-36320
-92438.2
374352
-95655.1
-91713.9
-91582.3
-90092.1
-101431
-92516.8
-52479.7
-90189
-91895.1
-91766.5
-91160
-83733.4
-91539.6
-61147.1
-91361.4
-92675.4
-92311.2
-83738.3
-83724.2
-83994.5
66891.6
-83758.8
-95235.8
-83730.4
-96573.3
-42240.4
-33146.2
-86685.4
-45961.9
-94259.3
-83435.8
-83752.8
-83725.2
-34211.3
-102506
-83728.2
-83730.5
-93902.4
-97628
-82965.9
-108873
-91025
-105285
-91996.5
-90858.9
-83718.4
-92997.4
-83947.3
-93837.3
-2135.7
-91942.9
-111903
-99049.3
-81549.2
-83728.1
-91190
-101372
-83733.8
-83727.9
-90240.1
-103541
-80222.6
-39429.1
-83718.4
-93848.2
-91270.1
-110690
-91730.4
-40550.9
-93410.3
-83657.9
-45959.5
-92526
-91044
-83729.4
-97774.8
-83730
-42105.3
-83728.5
-91002.9
-90678.3
-84091.9
-34234.3
-93387.1
-80152.9
-83767.2
-92058.1
-110895
-84068.6
-91996.5
-111961
-23444.8
-83693.1
-90412.3
-83726.6
-83738.3
-97292.1
-101771
8369.59
-96870.2
-42441.5
-36850.6
-81478.7
-65593.5
-38698.6
-43999.3
-81539.8
-83687.6
-83603.4
-90978.3
-83734.6
-40812.7
-83753.6
-92218.2
-89207.1
-42482.8
-43821.8
-146433
-162411
90796.2
-56960.7
-91257.1
-155898
-83695.7
-83726.2
-43847.5
-93181.5
-83725.6
204333
-83735.1
-42337.8
-40969.9
-91062.8
-93019.4
-34299.5
-89911.2
-53777.7
-93922.6
-94038.8
-91620.1
-82885.8
-140549
-92729.8
-91921.7
-83648.9
-83728.4
-93287.3
-90701.5
-83204.3
-93277.2
-89574.4
-44544
-128023
-104905
-43281.6
-44980.8
-43863
-44463
-92204.2
-95174.8
-101423
-105108
-91367.7
-101094
-43588.2
-72924.4
-83685.8
-42385.7
-93638.2
-83738.6
-48293.5
-83733.1
-228466
-80555.3
-83694.8
-94737.6
-151413
-88762
-48471.3
-76222.7
-104607
-91853.6
-90596.6
-83280
-88643.5
-91619.1
-81181.7
-213300
-93556.6
-91937.6
-82904.2
-98449.6
-80829.9
-27708.6
-100693
-115866
-88355
-83720
-137527
-20311.3
-30201.2
-91597
-93314.6
-110343
-87961.1
-83726.8
-83731
-83726.5
-97874.4
-41237.6
-83729.8
-91476.1
-83728.8
-98094.6
-83571.6
-83879.3
-55302.6
-311849
-94183.5
-83729.7
-83730.4
-101403
-93948.7
-83723.2
-83728.3
-33528.6
-83728.6
-113745
-93859.1
-84021.4
-47984.9
-91591.5
-83708.6
-41304.8
-91831.2
-92291.1
-97383.1
-91663.4
-95316.8
-66484.8
-43460.6
-82824
-90538.1
-93282.4
-92751.2
-30563.5
-83751.6
-93759.1
-105188
-92547.2
-101190
-92729.7
-81681.2
-36711.4
-101791
-40755
-79163.8
-99626.8
-83731
-88194.3
-95271.3
-44414.6
-92465.1
-66078.4
-126194
-99614.8
-90802.4
-98943.4
-87727.1
-91039.2
-70131.4
-90528.1
-94039
-72452.8
-98429.7
-51236.9
-92485.7
-91904.7
-152159
-91937.6
-38914.2
-127669
-83729.5
-146993
-89881
-96191.1
-93601.7
-83738.5
-83189.5
-83717.7
-90109.1
-93490.8
-72288.4
-92672.8
-93597.7
-92194.9
-92709.6
-102542
-19831.7
-38778.3
-121308
-42371.8
-83739.2
-100403
-121700
-42715
-25709
-108952
-90472.8
-106131
-72147.4
-45464.1
-99335.6
-83826.8
-88417
-106416
-83724.9
-40234
-166298
-121370
374463
-43207.6
-83729.3
-83183.3
-90832.1
-83727.8
-83727.3
-83726.8
-42434
-91920
-101190
-43431
-78491.9
-90518.8
-57424.2
-159620
-91505.2
-41885.1
-83729.6
-41322
-105901
-90985.7
-99824.7
-42006.7
-105149
-29794.8
-212839
-83729.2
-99515.8
-41471.8
-47600.7
-42181.3
71893.7
-43046.5
-83689.5
-99350.6
-40181.8
-88286.5
-40788.7
-106953
-42078.2
-106103
-83931.2
-40656.1
-89661.7
-42073.3
6650.52
-36165.6
-91391.4
-88006.7
-42577.1
-32141.3
-89716.3
11962.6
-38735.6
-56023.8
-104869
-56517.3
-88074.2
-90216.4
-38148.8
-91440.8
-42219.8
-90135.9
-42528.6
-92952.7
-41319.9
-83728
-91473.1
-91055.8
-44062.2
-97636.6
-102608
-101519
-41025.6
-99582.9
199344
-90453.6
-143933
-93492.8
-40744.5
-90661.5
-88367.7
-80129.8
-83725.5
-83730.3
-43893.7
-43105.5
55478.9
-83725.9
-93774.3
-105292
-49085.2
-91911.3
-97965
-23119.9
-92928.5
-122971
-83732.4
-54165.2
-83728.4
-93367.8
-22253.1
-100263
-120982
-83862.2
-99351.7
-83721.4
-89813.1
-92576.8
-44698.1
-90590.2
-92604.6
-49681.9
-54682.2
-49943.4
-93074.1
-91712.1
-10714.9
-46057.7
-91933.8
-99841.1
-43174.1
-42562.7
-38890.4
-41045.3
-36973.4
92250.4
-92583.8
-37944.2
-95246.2
-92104
-91991
-83154.4
-83370.3
-369365
-43336.5
-83743.1
-153750
-45397.2
-91394.4
-83730.2
-122342
-93832.7
-76793.5
-91228.1
-99587.5
-154991
-126768
-26408.6
-83117.8
-90940.9
-91833.7
-33827.1
-111659
-83715.6
-72105.3
-57793
-91485.3
-83730.9
-83725.9
-96746.9
-83724.2
-83735.4
-85822.3
-91467.2
-87822.1
-83738.2
-83734.3
-45430.6
-82815.3
-91284.4
-93406.2
-98352.9
-83726.1
-100962
-91181.6
-98875.1
-42584
-82835.5
-102519
-83729.3
-91109.4
-83734.5
-83726
-83728.9
-99093
-92734.2
-82839
-92735.8
-99752.9
81512.5
-91818.6
-112051
-43307.1
-83733.4
-38328.8
-83749.9
-169123
-136295
-83734
-131794
-103536
-104212
-42760.6
-102846
-92699.2
-89725.7
-44552.8
-97737.3
-83637.2
-90164.8
-38309
-97283.7
-96770.5
-101066
-97981.9
-50404.5
-91344.3
-97032.8
-83720.3
-369559
-42860.7
-98271.9
92001.3
-97165.2
-36243.8
-42122
-83738.9
-32579.4
-99186
-41670.8
-83734.2
-107285
-83721
-83727.7
-83724.9
-83728.4
6196.96
-15677.9
37119.5
-94359.3
-43169
-44046
-43669.9
-42745.5
-39895.5
-30751.5
-110070
-90648.6
-89592.6
-90560
-40605.9
-42389.5
-41764.9
-83726.9
-99811.9
-100024
-60371.6
-108770
-83537.6
-108304
-91020.8
-83728.6
-83716.5
-93947
-83187.5
-91971.4
-98465.6
-93021.7
-108372
-102333
-91659.9
-11818.8
-73894.6
-83767.5
-110846
-103638
-131976
-105960
-88927.7
-93389.4
-97363.9
-91151.2
-83733.3
-117167
-132529
-104629
-40801.4
-91704.9
-91275.7
-76699.6
-90874.8
-73009.7
-40481.1
-83728.3
-91851.8
-73356.8
-100119
-83734
-83759.4
-90746.4
-91221.7
-95418.2
-92801.3
-89535.7
178402
-83724.9
-97257.5
-99614.1
-83585.3
-94343.5
-83653
-92492.5
-47658.8
-83725.1
-94440.4
126091
-93297.7
-93244.1
-95800.8
-83673.3
-91173.5
-83740.5
-90972.4
-112276
-154251
-91247.2
-83346.5
1266.31
-92093.9
-160865
-83729.7
-93149.8
-88205.3
-92053
-82666
-99624
-91796.9
-92440
-104998
-90257
-89099.4
-91424.3
-117720
-83736.4
-108393
-90897.6
-95505.9
-91584.8
-91217.3
-42409.7
-42235.7
-83766
-90896
-53534.4
-83725.7
-91445.2
-83385.3
-96625.3
-83758.5
-42667.8
-41599
-83010.1
-49590.3
-106286
-83546.9
-41312.4
-90924.5
-90487.8
-96967
-41784.3
-91925.9
-98912.5
-83734.8
-83730
-83835.6
-82944.6
-83731.1
-83216.1
-53158.1
-93082.4
-37856.9
-41977.2
-109087
-552.236
-100124
-90969.1
-36107.2
-43343.2
-93026.5
-106360
-93406.5
-90233.7
-39466.9
-104298
-41621.9
-90858.2
-90282.9
-109661
-50314.1
-41962.5
-60152.9
-50273.5
-83025
-52138.7
-156162
-42550.8
-87862.1
-77073.8
-92424.9
-101804
-73597
-93644.4
-83930.4
-42951.1
-91730.6
-83728.4
-90632.4
-92619.4
-92594.1
-91005.3
-49945.3
-103800
-46444.4
-43294.2
-90830.5
-92494.8
-43728.4
-91286.4
-93881.8
-144726
-94912.8
-42987.1
-83736
-143083
-73541.9
-83730.7
-90727.5
-94168.7
-33504.9
-93738
-123231
-92813.8
-49566.3
-83716.5
-92917.4
-90581.9
-44709.8
-226410
-92029.3
-90192.4
-90196.7
-1822.83
-47524.3
-83609.3
101406
-83719.9
-122880
-83723.5
99568.6
-83733.1
-93678.9
175657
-76732
-83734.3
-107024
-83728.4
-83676.9
-94343.4
-83728.4
-11453.1
-83414.8
-91236.9
-83732.1
-105149
-111521
-91258.2
-83732.7
-98735.1
-85217.3
113522
-83725.3
-36851.5
-83718.5
-127075
-83727.8
-112475
112175
-83729
-142081
-115176
-93251.7
-44121.9
-85449.2
-41081.4
58204.7
-83711.6
-105568
-83701.5
-83182.2
-58039.2
-91936.3
-83704.8
-108237
-82762.7
-103021
-92294.8
-38197.4
-41709.3
-92083.5
-181049
-43038.3
-94191.3
-43529.6
-83735
-83735.2
-94555.3
60932.2
-96952.9
204885
-92796.5
-83683.9
-83721.2
186191
179800
-97418
-45192.4
-93916.9
6850.69
-42598.8
-82875.2
-83727.9
-83727.2
-79817.3
-19327.9
28465.1
-88583.1
-88313.4
-134730
-102689
-98606.3
-109575
-110831
-83725.9
-101555
-90877.1
-92086.6
-42091.4
179888
-83734.1
-92083.9
-92925.4
-92243.5
-83736.9
-95308.3
-42243.2
-113032
-83737.6
-106089
-310513
-83728.7
-83658.2
-83729.2
-83727
-83728.7
-83728.3
-11808.3
-95545.1
-104262
-99986.1
-102875
-92108.6
-42271.6
-91053.7
-83733
-83713.3
-101410
-88361.6
-83729.4
-90364.3
-42385.4
-83742.3
-93756.6
-97362.7
-43437.8
-21561.8
-41159.7
-81623.8
-47946.1
-161497
-91914.4
-71136.1
-93536.4
-83733.6
-84331.2
-55917.4
-90179.8
-83711.7
-129683
-97754.7
-92107.7
-83725.4
-100264
-102796
-51774.8
-93908.3
-57296.4
-92479.5
-83726.2
-91579.1
-44839.3
-91415.1
-48441
-59060.5
-106046
-83735.5
-92458.6
-93632.2
-91409.6
-96896.8
-91537.4
92681.8
18396.7
-72110.8
28508
-90429.8
-94011.4
-91511.6
-42208.8
-91588.9
-43226.6
-90583.9
-91475.8
-88234.4
-83404.7
-83728.4
-51515
-42042.7
-46321.2
-91203.8
437091
-42366.7
-41527.8
-42444.3
-83895.2
-89906.7
25863.9
-79544.4
-45894.1
-91368.9
-83728.2
-94226.6
-90661.8
-51280.4
373167
-42181.2
-83728.3
-57467.5
437119
-93028.7
-95308.2
-100074
-83720.6
-91737.1
-43555.3
-94382.9
-176298
-92255.1
-83725.9
-92371.6
-83718.9
-42731.7
-43251.9
-51950.7
-90993.1
-91034
-91419.6
-83728.2
-97368.9
-49294.8
-100739
-90901.3
-168529
-90638.7
-89461.4
-91424.3
-97527.9
-108156
-41012.2
-92862.5
-40766.4
-92359.8
-83726.9
-77865
-30844.2
-96675.8
-10195.9
-77579.8
-915.235
-40621
-4503.96
4847.05
-90798.7
-91908.9
-40251.7
-91877.4
-83735.5
-83720.9
-83728.6
-84047.8
-93723.8
-83727.9
-83734
-91756.3
-115284
-83728.8
-173860
-94059.8
-83581.7
-90431.1
-100764
-99754.5
-248108
-90247.8
-100483
-48667.6
-85597.9
-76175.1
23174.6
-90734.9
-42656.6
-83640.3
-95640.9
-91678.4
-91453.7
-92545.8
-92717.1
-83728.3
-83914.7
-96643.7
-83718.1
-83733.4
-179988
-29905.1
-83729.1
-91437.8
-83723.1
-91710.8
-100256
-83733.9
-91509.5
11161.6
-101367
-43805.4
-54402.2
-18792.3
-18635.9
-42479.8
-42527.1
-91550
-101489
-91678
-106791
-83729.1
-43143.5
-83734.2
-86234.4
-12993.1
-89962
-91212
-84325.5
-78765.9
-42536.1
-38867.2
-83728.6
-83728.4
-83728.7
-83720.7
-83720.5
-83720.3
-82185.5
-83231.1
-219591
-203562
-220710
-260180
-38317.5
-33738.3
-40832.5
-39911.6
-39005.8
-34825
-34812
-35023.9
-10801.4
-10718.2
-34469.6
-47967
433271
-129346
-255214
-220792
-239368
-166462
-136916
-211318
-165477
-92644.3
-95840
-107145
-116067
-39599.1
-83115.1
-38540.7
-83608.4
-102583
-37161.5
-83602.1
-82989.9
-83633.2
-83073.1
-83693.7
-83720
-83712.4
-83729.2
-83727.7
-83733.5
-83729
-83735.2
-83738.3
-83737.1
-83735
-83750.9
-83751.8
-83744.3
-83706.1
-83535.2
-83134.8
-83540.3
-83575.8
-83105.4
-83007.7
-82899.9
-216914
-232190
-101466
-118677
-185233
-174375
-92170.3
-90462.8
-93054.9
-93413.3
-93026.4
-91675.5
-93190.8
-93132.6
-92199.4
-93153
-90179.4
-94586.3
-94401.9
-90316.9
-91191.9
-91647.4
-91680.3
-91684.4
-91575.6
-91416.7
-91720.6
-91815.2
-92615.4
-92330.2
-92599.7
-92920.2
-93143.9
-93612.8
-93347.6
-97528
-97210.7
-97276.9
-99348.3
-102321
-101985
-100856
-114670
-117887
-113979
-115285
-117754
-115695
-118080
-118625
-118605
-120493
-120316
-119417
-123494
-121562
-127788
-96352
-87748.8
-95283.4
-109873
-89746.5
-91032.3
-91924
-53518.4
-53810
-53136.1
-22687.7
-21322
-22047.3
-67132.2
-31500.5
-12334.3
85920.7
90819.7
85925.7
-31184
39212.1
45626.8
44523.7
44234
-8841.13
-11757.9
-18243.7
-28291.6
-21693.3
-27938.2
-27300.5
-17920.9
-27168.6
-42654.5
-40989.1
-43085.2
-26770.3
-34280.6
-32323.1
-32618.7
-43492.5
-31787
-43971.3
-42091.4
-46695.5
-46427.5
-40374.5
-40732.3
-38097.2
-39571.5
-48968.8
-42518.8
-115262
-112830
-151661
-94633.6
-102135
-105444
-100214
-103863
-180541
-160576
-154797
-92008.6
-134642
-115660
-97268.7
-30052.3
-97982.4
-16230.7
-370991
-368672
-172196
-367801
-367456
-184155
-369767
-498716
220204
-498977
159750
106832
-138942
-431042
-290824
-313738
-74394.2
-277888
-276635
-98230.9
-137923
-147786
-90221.5
-80218.8
-81124.1
-80828.8
-80830.7
-79782.7
-80242.2
-80699.3
-78470.9
-79908.5
-75897.1
-92569.8
-89331.6
-98277.5
-95320.8
-93778.3
-94610.7
-93583.1
-92941.9
-93350.1
-93123.5
-93244.9
-92848.4
-93278.5
-92827.8
-92837.8
-93333.6
-92863.4
-92010.9
-92217.4
-92075.4
-92355.2
-92611.9
-83833.7
-83851.4
-83795.6
-83477.8
-83302.4
-83274.6
-83107.6
-83193.3
-83246.7
-83330.2
-83232.5
-83704.5
-83692.8
-83670.5
-83725.3
-83707.7
-83665
-83715.7
-83708.7
-83756.1
-83751.7
-83702.4
-83749.9
-83743.7
-83728
-83751.3
-83695.5
-83691.8
-83748.3
-83731.2
-83732.4
-83727.7
-83733.2
-83733.8
-83733.9
-103072
-83730.2
-83731.6
-83730.1
-83729.9
-83733.5
-83731.2
-83729.9
-83733.2
-83728.2
-83685
-83553.5
-83071.4
-83521
-82485.6
-82555.3
-82766.2
-83301.4
-91409
-91408.5
-91694.2
-92460.6
-92638.5
-105304
-119265
-120668
-80145.5
-257816
-96425.2
-89372.3
-51525.4
-66013
-52831.2
95518.9
92762.7
45037.3
25213
-24872.6
-56825.4
-46388.8
-37993.1
-36105.3
-38326.3
-7486.86
-47532.1
-321621
-62399.7
-109663
-100009
-102345
-105738
-110730
-86890.4
-149194
-87087.2
-370094
-366434
-366983
-487074
-167613
-276172
-104096
-118835
-103251
-90667.4
-90081.3
-80637.7
-80611.7
-80719
-80145.3
-95358.9
-93455.8
-92860.1
-92731.1
-93786.5
-92929.9
-93025.4
-94139.1
-92869.7
-92110.8
-92223.2
-92054.7
-83760.6
-83035.2
-83302
-83757
-83720.4
-83639.3
-83727.9
-83709.4
-83699.5
-83757.3
-83766.1
-83769.6
-83736.2
-83317.8
-83728
-83733.9
-83733.5
-83731.6
-83733.2
-83737.5
-83729.4
-83733.2
-83730.7
-83728.8
-83724.8
-83724.3
-83725.3
-83725.2
-83725.4
-83725.9
-83726.2
-83727.4
-83732.3
-83729.3
-83727.7
-83728.7
-83727.2
-83728.1
-83727.9
-83727.4
-83730.3
-83730.4
-83730.3
-83731
-83729.6
-83729.4
-83734.3
-83729.7
-83730.6
-83769
-83750.7
-83804.9
-83787.7
-83782.3
-83633.2
-83603.6
-83551.3
-92489.3
-92925.5
-93890.9
-93556
-93703.2
-116058
-103211
-104336
-110134
-165628
-148396
-159704
-101998
-168574
-91042.6
-90064.2
-90460.7
-91284.8
-91249.3
-91016.9
-90944.7
-91875.7
-91299.1
-91970.9
-92207.5
-91341.9
-91908.1
-93002.1
-92587.6
-93186.5
-92892.7
-92933.7
-93410.8
-93381.8
-93554.9
-93290.7
-93033.6
-94363.5
-94113.3
-95056.2
-95362.4
-92585.6
-95171.1
-94640.3
-95794.2
-96634.9
-96080.2
-98436
-98525.6
-98576.5
-99433.1
-99313.8
-99317.1
-99728
-99647.7
-99811.4
-101807
-100701
-99817.7
-104001
-104589
-108306
-107188
-109219
-106788
-52410.5
-53377.3
-55029.3
-52903
-46030.5
-53636.4
-4239.04
-47920.2
-47097.3
1299.26
-30665.8
-21591.4
-19133.6
-29001
-31946
14264.9
-31667.2
-64582.7
-52843.9
-65812.6
-49021.9
-57712.4
-50562.8
-46301.6
-21127.3
-42788
-44902.4
-42626.1
-42922.4
-44674.9
-44161.1
-44796.9
-44259.9
-44845.6
-43142.8
-42284.2
-42160.4
-41526.3
-41021.7
-44362.5
-40743.6
-41607.9
-42612.3
-43209.2
-41502.3
-43419.7
-40368.1
-89862.8
-48196.1
-50098.5
-48577.3
-62168.2
-64911.3
-102949
-148412
-91809.1
-118417
-186543
-150977
-143708
-123085
-107211
-100022
-110147
-107657
-106395
-113216
-102910
-105692
-109469
-110908
-99155
-105191
-106160
-106864
-107166
-89786.6
-105511
-362292
-169462
-91743.1
-181873
-175411
-105866
-136489
-91712.7
-179989
-102723
-99138.8
-111772
-94222.8
-95710.5
-83505.2
-102007
-95309.6
-95906
-90064.6
-92207.5
-90258.8
-88501.5
-88554.6
-88538.2
-88216.9
-88416
-88799.1
-88247.4
-88474
-88664.4
-88152.5
-89258.4
-87896.8
-88709.3
-90247.7
-88945.5
-91585.5
-89269
-89916.6
-90805.1
-91155.8
-90871.1
-90605.9
-90864.8
-91003.1
-91096.9
-90986.1
-91685.5
-91317.5
-91677.8
-91155.8
-90907.7
-91179.5
-84594.6
-83046
-84647.2
-83866.8
-83900.6
-83879
-83868.1
-83865
-83842.4
-83726.7
-83686.3
-83653
-83735
-91760.6
-83723.6
-83710.2
-83732.2
-83729.2
-83727.9
-83728.2
-83728.7
-35813.3
-83729.6
-83728.9
-83728.8
-83730.5
-83726.9
-83726.1
-83735.7
-83727.4
-83727.6
-83724.7
-83729.5
-83730.8
-247906
-50705.7
-49152.8
-94767.2
-94379.7
-93987.9
-83728.5
-83728.3
-83729
-83728.7
-83724.9
-83727.3
-83728.1
-83727.2
-83726.9
-83727.3
-83728.2
-83728.1
-83727.7
-83728
-83728.5
-83727.6
-83727.4
-83727
-83729.5
-86516.1
-83727.7
-83725
-83726.2
-83719.7
-83788.4
-83775.9
-83770.2
-83759.4
-82949.3
-83751
-108943
-92469.8
-93774.6
-93962
-93415.3
-93246.7
-93460
-93724.3
-94096.5
-102502
-111870
-102602
-108481
-99339.4
-104376
-111217
-91221.8
-90603.6
-90647.4
-91414.7
-91350.6
-91583.3
-91498.8
-91579.3
-90888.6
-91464.4
-90180.4
-92058.1
-91899.9
-91418.4
-91327.7
-91667.3
-91425.6
-91067.8
-91370.3
-91399.8
-91360.8
-91240.4
-91475.3
-91921.9
-90994.2
-91285.5
-91556.4
-92521.9
-91474.7
-91081.4
-91799.3
-90926.3
-91566
-92013.2
-95990.6
-92396.5
-91601.8
-92110.5
-102692
-97174.1
-92541.6
-92562.1
-92740.9
-92532.6
-92535.5
-92612.1
-92424
-92496.8
-97997.9
-105517
-94184.5
-100084
-40237.3
-42395.5
-105977
-108791
-108479
-69221.1
-107852
-71004.9
-62002.4
-47961.1
-49259.4
-47435.8
-50601.8
-56672.8
-53132.9
-51624.8
-53612.3
-53851.3
-53036.8
-41155.2
-43039
-38227.6
-40074
-36548.7
-37001.3
-34652.4
-38823.9
-32716
-37752.5
12545.1
-32362.5
-31685.2
847.943
-21942.3
-45427.8
-45780.9
-43944.6
-44862.3
-37182.6
-44642.3
-42768.5
-45771.8
-46342.1
-44471.7
-46787.2
-42291.1
-44708.9
-46100.2
-42985.5
-43944.7
-44688.1
-45025.5
-48117.5
-61421.7
-61322.1
-43308.7
-42459.6
-42388.3
-42567.4
-42173.7
-41944.3
-42415.3
-41986
-42466.5
-41110
-42827.1
-42632
-41923.4
-41675.6
-40652.6
-41092.3
-35988.8
-42832.7
-36802.9
-34853.4
-39155.5
-45142
-38506.7
-40808.7
-99295.9
-67060.8
-137966
-100349
-99491.4
-102663
-101731
-103673
-122086
-102566
-103767
-109072
-103115
-103553
-103541
-101152
-98329.5
-102973
-106010
-100613
-100603
-99116.3
-85441.8
-92647.9
-97127.1
-99663.6
-92055.8
-92815
-95012.7
-102121
-102264
-100598
-104766
-99007.5
-98640.7
-96627.8
-80088.9
-97041.7
-95278.8
-98294.3
-92874.7
-88196.1
-91596.8
-94476.5
-91273.9
-88533.6
-88272
-90180.1
-90212
-88222.3
-90264.6
-90343.6
-90191.9
-90402.1
-91083.8
-90425.2
-88379
-90293
-90822.2
-91070.9
-90701.1
-90101.6
-89976.8
-90321.3
-91684.7
-91357.8
-99487.4
-90091
-89367.3
-90809.2
-90359.2
-90683.8
-90900.4
-90370.5
-90710.1
-90672.2
-90366.4
-91153.8
-90849
-91461.4
-91161.8
-91191.4
-90697
-91005.3
-90896.5
-91172.8
-91716.3
-90910.5
-90803.1
-83674.9
-111891
-83631
-83559.2
-83841.3
-83669.8
-83854.1
-83604.4
-83713.2
-83724.5
-83707.4
-83667
-83728.6
-83736.5
-83730.4
-83726.7
-83725.8
-83726.4
-83726.7
-83726.9
-83730.7
-83727.8
-83729.7
-83727.6
-83730
-83727.5
-83726.6
-83729.1
-83726
-83736
-83725
-83728.6
-83727.7
-83725.2
-103953
-100302
-57593.8
-46327.3
-54459.2
-56464.9
-49791.7
-41434.8
-49324.1
-93967
-93677
-39238.5
-93295.9
-93909.1
-100644
-93141.9
-95016.7
-94416.8
-83725.6
-83727.1
-83728.3
-83726.8
-83761.9
-83664.7
-83756
-83654
-39521.1
-40886.1
-39879.5
-40199.3
-35163.4
-83728.2
-83727.6
-83727
-83726.9
-83724.5
-83728.1
-83729.7
-83727.3
-83728
-83728.7
-83729.3
-83728.4
-83729.9
-83729.3
-83727.1
-83730.4
-83773.4
-93752.4
-94388.7
-93644.5
-94730.2
-100686
-99318.3
-99426.3
-98550.2
-91608
-93713.8
-92619.3
-91140.7
-91257.5
-91385.1
-91612.4
-91402.7
-91506.9
-90949.1
-91477.2
-90110
-90171.3
-91383.8
-91129.2
-90906.2
-91400
-89558.9
-90094.8
-88770.2
-90725.5
-90903
-91258.6
-89671.7
-92611
-90304.1
-90130.1
-93037.1
-92002.2
-93817.1
-83726.5
-83727
-105926
-105747
-107716
-104632
-96899.2
-89794.2
-63694.4
-63039.1
-67065.9
-56117.8
-54313.4
-55675.6
-53697.1
-56343.4
-51201
-37931.7
-41262.8
-42014.5
-37366.9
-38975.7
-38331.8
-39447.2
-44101.6
-42544.9
-42347.3
-42991.5
-44901.4
-43180.3
-43429
-43429.5
-42581.8
-42663.9
-42314.3
-41862.7
-42816.8
-98578.9
-99435.8
-99533.7
-42137.2
-41659.6
-39965.8
-43786.5
-39055.6
-39654.3
-34670.7
-102284
-102962
-103488
-97907.5
-100768
-90121.1
-99464.3
-96631.6
-83768.2
-83716.2
-83734.2
-83747
-83728.1
-83727
-83726.5
-83726.8
-83727.6
-83727.6
-83727
-83729.2
-83728.5
-83726.5
-83727.6
-38375.7
-102817
-104024
-105335
-94100.8
-83727.2
-104027
-92718.9
-83642.1
-107852
-43032.4
-42593.8
-83726.5
-83728.7
-42215.4
-39084
-40592.1
-40883.7
-96719.8
-103940
-99167.6
-101641
-97804.9
-98161
-91779
-91306.8
-90962.4
-83845.5
-83848.1
-83735.1
-83732.5
-83729.8
-83732.9
-86775.2
-94736.3
-83728
-83727.4
-83757.5
-92642.5
-91640.2
-83728
-93494.1
-93276.4
-52699.3
-38118
-34850.4
-44773.1
-35268.3
-88907.6
-99187.5
-57252.4
-70252.7
-56508.8
-103468
-104464
-105680
-101235
-94933.2
-90386.8
-90514.9
-91227.1
-83727.6
-83714.9
-83722.4
-83728.5
-83727.8
-102810
-100688
-83749.8
-100803
-90447.1
-89597.5
-83727
-90535.9
-102073
-41290.4
-36447.6
-83728.7
-83728
-97900.2
-83720.7
-83720.1
-161529
-32139.5
-9696.91
-83726.2
-161437
-130813
-109260
-83727.3
-83619.6
-39467.9
-83139.2
-83367
-93188.9
-83726.9
-91477.3
-83725.9
-119636
-51565.9
17509.2
19190.9
-31754.3
-116504
-98627.5
-104664
-92911.7
-217238
-80443.5
-90817.8
-94642.3
-90498.3
-90375.6
-92814
-92731.6
-93504.3
-92006.2
-83633.1
-90003.4
-83279.7
-83301.5
-83233.8
-83640.2
-90283
-83707.5
-90269.3
-83732.6
-83718.8
-83285.8
-83752
-83733.4
-83314.9
-83730.9
-103782
-82610.8
-98859.8
-91024.7
-92089.3
-83716.9
-83877.6
-83734.2
-100159
-83730.7
-83661.9
-83431.3
-91468.8
-97052.8
-97612.7
-55568.2
-37405.1
-34104.5
-109809
-97010.9
-99069.4
-92391.2
-82639.7
-88987.7
-91292.1
-90953.1
-84690.5
-83869.5
-83705.3
-83694.6
-83730.3
-99779.1
-83727.7
-83730.7
-94504.3
-83727.4
-104807
-83728.1
-83727.5
-91179.1
-103471
-91354.7
-91899.2
-92171.7
-93917.7
-95762.2
-93863.7
-63828.4
-35283.8
-34222
-83727.3
-83727
-83727.2
-83728.1
-101605
-102903
-103707
-104301
)
;

boundaryField
{
    Wall
    {
        type            zeroGradient;
    }
    Inlet
    {
        type            zeroGradient;
    }
    Outlet
    {
        type            fixedValue;
        value           uniform 0;
    }
    Empty
    {
        type            empty;
    }
}


// ************************************************************************* //
