/*--------------------------------*- C++ -*----------------------------------*\
| =========                 |                                                 |
| \\      /  F ield         | OpenFOAM: The Open Source CFD Toolbox           |
|  \\    /   O peration     | Version:  2312                                  |
|   \\  /    A nd           | Website:  www.openfoam.com                      |
|    \\/     M anipulation  |                                                 |
\*---------------------------------------------------------------------------*/
FoamFile
{
    version     2.0;
    format      ascii;
    arch        "LSB;label=32;scalar=64";
    class       vectorField;
    location    "0.6/lagrangian/kinematicCloud";
    object      U;
}
// * * * * * * * * * * * * * * * * * * * * * * * * * * * * * * * * * * * * * //


150
(
(-0.0994609 0.0140313 0.100092)
(0.180304 -0.419868 0.172352)
(1.73616 0.642193 -0.120611)
(1.74252 0.636035 0.108754)
(1.73616 0.642193 -0.120611)
(1.73616 0.642193 -0.120611)
(2.41456 0.744196 0.135451)
(0.738472 0.52689 -0.160206)
(1.53102 0.647498 0.0564053)
(2.94976 0.87177 0.171268)
(1.74019 0.587253 0.135814)
(3.02369 0.884596 -0.127632)
(2.94976 0.87177 0.171268)
(0.738472 0.52689 -0.160206)
(1.76895 0.588623 -0.138506)
(1.6849 0.551837 -0.0903025)
(1.6552 0.550868 0.0871236)
(2.47139 0.772128 0.186084)
(2.43505 0.745246 -0.137248)
(2.37227 0.729297 0.185405)
(-0.0682341 0.438234 -0.330983)
(1.06156 0.449127 -0.116464)
(1.84706 0.617078 -0.194475)
(0.935978 0.438759 0.0285606)
(-0.0244537 0.436202 0.305392)
(-0.812733 0.290522 -0.155469)
(-0.0682341 0.438234 -0.330983)
(0.284123 0.360566 -0.00351277)
(-0.800598 0.292877 0.142396)
(-0.800598 0.292877 0.142396)
(1.71888 0.360588 -0.151893)
(-0.0244537 0.436202 0.305392)
(-0.800598 0.292877 0.142396)
(-0.662271 0.186246 -0.150487)
(-0.516454 0.340316 -0.375923)
(-0.812733 0.290522 -0.155469)
(0.133556 0.242603 -0.151123)
(0.0823655 0.231627 0.149588)
(1.21727 0.22684 0.092845)
(-1.08979 0.219547 0.106467)
(1.01793 0.147405 -0.102929)
(0.69651 0.172128 -0.118053)
(-1.08979 0.219547 0.106467)
(-1.09312 0.216745 -0.108165)
(-0.633091 0.126113 -0.229575)
(-0.622044 0.1983 0.149586)
(0.422085 0.156076 0.145352)
(-0.897771 0.0945854 0.0452223)
(-1.08979 0.219547 0.106467)
(-1.08979 0.219547 0.106467)
(0.804317 0.130041 0.133796)
(0.392107 0.155253 -0.151802)
(2.10696 0.373951 -0.0469523)
(-1.08979 0.219547 0.106467)
(-0.622044 0.1983 0.149586)
(0.865932 0.173019 -0.0794258)
(2.10696 0.373951 -0.0469523)
(-1.09312 0.216745 -0.108165)
(2.77656 2.64168 -0.0294874)
(-0.0929646 0.048816 -0.234332)
(2.92038 0.688262 -0.132238)
(-0.136186 0.0436133 0.140468)
(-0.10631 0.12856 0.221042)
(0.713587 0.892293 -0.0492177)
(1.20097 1.09089 0.266496)
(0.911966 1.01018 0.0664573)
(-0.491009 -0.442611 0.689665)
(1.79734 -0.671613 0.873044)
(0.216192 -0.601982 -0.316154)
(1.29838 -1.15256 0.149063)
(0.092279 0.0240204 -0.00256531)
(4.33263 2.42617 0.0105041)
(0.634166 0.629438 0.0116392)
(3.98557 0.513214 -0.162187)
(3.97594 0.480911 0.146574)
(3.98557 0.513214 -0.162187)
(3.98557 0.513214 -0.162187)
(3.97594 0.480911 0.146574)
(3.97594 0.480911 0.146574)
(4.27586 0.965461 -0.12499)
(4.1155 1.05869 -0.109912)
(4.2565 1.02514 -0.118027)
(4.27228 0.967857 0.124465)
(3.97594 0.480911 0.146574)
(4.05291 0.893118 -0.159857)
(4.11433 0.811809 0.189976)
(4.12305 0.820842 -0.187962)
(4.10817 1.05973 0.110142)
(4.27228 0.967857 0.124465)
(4.27586 0.965461 -0.12499)
(4.24521 0.862858 -0.111147)
(3.8391 0.917011 0.137425)
(3.23751 0.766632 -0.108542)
(4.10817 1.05973 0.110142)
(3.85526 0.316595 -0.161198)
(3.48858 0.903172 -0.122099)
(3.86064 1.04749 0.107389)
(3.8306 0.279648 0.142135)
(3.2481 0.753536 0.0960667)
(4.25697 0.841434 0.095248)
(4.0689 0.712873 -0.197739)
(4.0689 0.712873 -0.197739)
(3.9298 0.546076 0.169167)
(3.53926 0.0544036 -0.0399648)
(3.80405 1.03396 0.0969527)
(2.59164 0.716475 0.0939526)
(3.94411 0.561755 -0.168466)
(3.9298 0.546076 0.169167)
(2.98063 0.845622 -0.115205)
(3.48938 0.986496 0.114583)
(3.9298 0.546076 0.169167)
(3.9298 0.546076 0.169167)
(3.94411 0.561755 -0.168466)
(3.98402 0.567688 0.137142)
(3.9298 0.546076 0.169167)
(2.98063 0.845622 -0.115205)
(3.50933 1.01539 0.144833)
(2.98063 0.845622 -0.115205)
(3.81473 1.05768 -0.131371)
(3.7726 0.359352 0.0308103)
(3.26388 -0.396918 0.490663)
(3.48207 0.00562723 0.00189541)
(4.42009 1.21076 0.187183)
(3.41953 0.96252 0.0981853)
(3.81473 1.05768 -0.131371)
(4.28634 1.23532 -0.171759)
(3.49277 0.399484 0.300718)
(3.70234 0.103597 -0.295323)
(3.69755 0.0850871 -0.269351)
(3.69755 0.0850871 -0.269351)
(3.13616 -0.290665 -0.387219)
(3.4012 0.270563 -0.314162)
(3.29926 -0.396578 -0.354112)
(3.48207 0.00562723 0.00189541)
(3.13616 -0.290665 -0.387219)
(3.53926 0.0544036 -0.0399648)
(3.63901 0.788576 0.262893)
(3.65567 0.71489 -0.272851)
(3.57195 0.518863 -0.273939)
(3.29926 -0.396578 -0.354112)
(3.48207 0.00562723 0.00189541)
(3.39497 0.268465 0.315876)
(3.13616 -0.290665 -0.387219)
(3.4012 0.270563 -0.314162)
(3.65427 -0.179965 0.362397)
(3.65427 -0.179965 0.362397)
(-0.186449 -0.279495 0.223026)
(-0.216704 -0.299524 0.519168)
(0.444149 0.241626 -0.587186)
(0.15948 0.523395 0.0396556)
)


// ************************************************************************* //
