/*--------------------------------*- C++ -*----------------------------------*\
| =========                 |                                                 |
| \\      /  F ield         | OpenFOAM: The Open Source CFD Toolbox           |
|  \\    /   O peration     | Version:  2312                                  |
|   \\  /    A nd           | Website:  www.openfoam.com                      |
|    \\/     M anipulation  |                                                 |
\*---------------------------------------------------------------------------*/
FoamFile
{
    version     2.0;
    format      ascii;
    arch        "LSB;label=32;scalar=64";
    class       volScalarField;
    location    "8.6";
    object      p;
}
// * * * * * * * * * * * * * * * * * * * * * * * * * * * * * * * * * * * * * //

dimensions      [0 2 -2 0 0 0 0];

internalField   nonuniform List<scalar> 
2958
(
-1.03607e+31
-3.08274e+25
-2.11975e+25
-3.43112e+30
-1.98133e+25
-2.11981e+25
4.8443e+28
-9.58247e+27
-2.08063e+25
-9.49736e+27
-1.54417e+29
-2.38985e+32
-6.98354e+28
-2.39374e+32
-3.91988e+27
-4.917e+30
-1.95659e+25
-9.82306e+28
-2.39646e+32
-2.56644e+32
-2.37885e+32
-2.0767e+25
-2.34188e+32
-6.34521e+26
-7.8116e+28
1.5634e+28
-5.60316e+25
-4.77187e+28
-3.4591e+31
-1.8544e+29
1.03726e+29
-1.73239e+25
-2.08734e+32
-1.62853e+25
-3.34991e+27
1.62736e+28
-2.35242e+32
-2.34284e+32
-1.76204e+31
-5.0086e+26
3.49811e+28
2.10307e+28
5.73881e+28
3.65636e+30
-2.38849e+32
-2.11716e+25
-7.09252e+28
-1.72375e+25
-3.45061e+30
-1.00244e+32
-5.35961e+30
-7.21208e+25
-1.29984e+27
-7.00505e+28
-5.82886e+30
-5.67031e+26
-1.00325e+29
-1.19232e+27
-2.34667e+30
3.54182e+28
-4.73975e+30
-9.98531e+30
2.49664e+28
-1.74917e+29
-2.38942e+32
-2.396e+32
-6.50084e+28
-5.88449e+25
-7.43465e+31
-1.16942e+31
-2.0344e+25
-2.39069e+32
-3.13352e+25
-1.78121e+30
-2.39952e+32
-5.53775e+28
-5.01058e+30
2.87299e+28
-2.33663e+32
-6.20896e+30
-7.37123e+28
-2.06926e+25
-4.2487e+28
-4.26757e+28
5.25218e+30
-6.30637e+28
-2.11938e+25
-6.50134e+28
-3.11523e+25
-2.05283e+32
3.91676e+27
-2.58215e+25
-1.89421e+28
-2.39698e+32
-2.82194e+25
4.28082e+26
-4.73756e+30
-3.93967e+30
-2.39305e+32
-2.39106e+32
-3.41548e+30
-4.30288e+30
1.17754e+26
-2.25891e+25
-2.3075e+32
-5.79225e+31
-2.39055e+32
-3.49858e+30
-2.39009e+32
4.473e+26
-3.05244e+30
-6.44573e+30
-2.39897e+32
-4.18369e+28
-2.39353e+32
-2.39601e+32
-4.77094e+28
-6.39306e+30
-2.1321e+25
-5.18677e+30
-1.00678e+31
-2.38975e+32
-1.78243e+28
-4.0436e+26
-3.10038e+30
-4.57105e+30
-5.1976e+30
-2.4852e+25
-5.93631e+30
-2.39945e+32
-2.40627e+32
-2.43232e+32
-6.31898e+30
-2.39081e+32
-2.45201e+32
-2.39201e+32
-3.60794e+28
2.02393e+32
-2.39024e+32
-2.39294e+32
-2.31854e+31
-2.36364e+25
-2.36791e+32
-2.39561e+32
-4.78742e+30
-2.01575e+25
-2.40008e+32
-2.38544e+32
-2.28693e+25
-2.38964e+32
-2.55857e+32
-4.76076e+30
-2.68675e+28
-8.66813e+31
-1.69356e+29
-2.47572e+32
-2.24264e+32
-5.83046e+30
6.68849e+28
-5.98002e+26
-1.71345e+29
-2.19814e+28
-3.60812e+29
-2.38924e+32
-3.14973e+26
-1.26159e+31
-1.51927e+32
-2.39431e+32
-3.31194e+26
-2.12599e+25
-1.65335e+25
-2.3906e+32
-2.35364e+32
-3.35908e+25
-2.33676e+32
-2.12526e+25
-2.10189e+25
-3.05048e+25
-1.13107e+32
-7.43573e+31
-1.41326e+32
-2.22549e+25
-1.06391e+29
-3.35984e+30
-3.0442e+25
-2.22343e+25
3.59408e+25
-2.39007e+32
-2.09335e+25
-3.24258e+30
-1.90917e+25
-1.21275e+26
-2.07797e+25
-4.44755e+26
-6.06382e+25
-3.41013e+31
-2.94465e+25
-1.6553e+25
-2.9039e+30
-3.68448e+26
-3.0823e+27
-2.39081e+32
-1.32981e+31
-3.18734e+25
7.25574e+26
3.26365e+28
-1.75266e+31
3.30017e+28
-2.12263e+25
-3.44995e+30
-2.39388e+32
-2.05264e+32
-2.41412e+32
-2.75389e+25
-2.40216e+32
-2.06623e+25
-1.63011e+29
-2.39281e+32
-2.39301e+32
-2.39362e+32
-2.39474e+32
-3.14482e+25
7.75152e+28
-2.15641e+25
-3.17484e+30
-5.48409e+30
-4.70619e+28
-2.39305e+32
-2.15369e+25
-1.87353e+25
-9.17644e+25
-1.80151e+25
-2.22668e+25
-2.05177e+25
-3.43964e+31
-2.3948e+32
-2.39959e+32
-5.15727e+30
-2.39962e+32
-3.8547e+30
-2.39644e+32
-3.86575e+30
-4.80237e+30
-4.60367e+28
7.06989e+29
2.25433e+28
-4.78904e+27
-4.44179e+28
-1.1926e+29
-1.04369e+30
-1.77044e+28
-6.24459e+27
-2.07777e+29
-1.98217e+25
-3.65522e+30
-4.1731e+25
-1.55612e+30
-2.28611e+25
-6.25398e+29
-2.06529e+25
-4.95493e+30
-2.30491e+32
-1.96569e+25
3.52603e+28
-1.70166e+32
-4.3981e+28
-1.02173e+28
-1.31262e+30
-1.44005e+32
-2.28081e+32
-2.34947e+32
-2.12951e+25
-1.42252e+30
-2.35254e+32
-2.70706e+25
-1.41729e+30
-2.39489e+32
-2.01653e+25
-2.38274e+32
-2.43578e+25
-2.39004e+32
-2.40007e+32
-1.7012e+32
-4.45311e+28
-1.71472e+25
-2.39135e+32
-8.51743e+31
-4.62853e+30
-3.29843e+30
-2.68933e+29
-6.35421e+26
-1.46311e+25
-2.39418e+32
-2.38682e+32
-8.87462e+28
-2.05703e+25
-2.3929e+32
-4.94985e+30
-2.39303e+32
-1.07455e+29
-1.23982e+29
-1.96231e+25
-2.28621e+25
-2.06554e+25
-4.81242e+30
-2.87553e+25
-2.93803e+30
-2.30489e+32
-1.35182e+29
-4.65451e+30
-2.39364e+32
-4.85314e+30
-5.08201e+30
-2.39477e+32
-2.35046e+25
-3.17624e+30
-1.99032e+25
8.27292e+28
-2.14112e+25
-1.34261e+30
-2.01122e+25
-2.11103e+25
-4.23408e+29
-6.43777e+25
-2.1257e+25
-2.28073e+32
-6.59003e+30
-2.32814e+32
-3.32906e+30
4.70293e+28
-2.11394e+25
-1.05066e+29
-2.37441e+32
-2.39089e+32
-2.10059e+25
-2.39055e+32
-3.72295e+30
3.30117e+28
-3.72405e+30
-2.39287e+32
-7.20684e+28
-2.2861e+25
-1.92151e+25
-2.0459e+25
-2.39049e+32
-1.00969e+26
-2.39049e+32
-7.76596e+26
-5.80573e+30
-4.73345e+30
-9.65548e+26
-6.36382e+26
-1.69913e+25
-4.23516e+30
-1.01928e+26
-6.2421e+29
-2.39361e+32
-6.70588e+29
-2.1024e+25
6.40597e+30
4.67168e+28
-5.56409e+30
-3.43183e+30
-9.8053e+31
-2.0978e+29
-1.54965e+25
7.27418e+28
-4.62719e+30
-4.62312e+30
-1.72041e+25
-3.77716e+26
-1.96768e+25
-2.39359e+32
-3.61884e+30
-3.8512e+29
1.51184e+25
-5.90899e+30
-4.67687e+26
-1.93085e+25
-2.10999e+25
-4.87e+30
-2.62148e+28
-2.40288e+32
-5.56674e+29
-2.0747e+25
-2.26036e+32
-1.30432e+30
-1.65579e+25
-2.15623e+32
-2.42547e+32
-9.04222e+27
-2.39223e+32
1.03292e+31
-2.06496e+25
-4.49449e+30
-3.89566e+30
4.70334e+28
-2.39382e+32
-2.4037e+32
-1.8873e+25
1.09631e+31
-1.39848e+30
-2.05789e+25
-3.31964e+30
-5.8806e+30
-4.79989e+30
-4.02497e+25
-7.09765e+28
-5.18022e+30
-5.80545e+30
-1.03816e+31
-8.03878e+28
-2.03459e+29
-9.92519e+24
-2.43368e+25
-1.88025e+25
-1.996e+25
8.01912e+26
3.8084e+30
3.7499e+30
-2.38854e+32
2.82068e+28
-1.96687e+25
2.47802e+28
-2.2782e+28
-2.15513e+32
-2.52368e+25
-2.29702e+28
-5.32575e+30
-2.44615e+25
-1.96806e+25
-6.99073e+30
-3.26048e+25
-5.1304e+26
-5.10927e+26
-2.04876e+25
-1.96983e+25
-3.84511e+26
-4.84328e+30
-2.38415e+32
-2.01943e+25
-2.24505e+25
-5.46998e+30
-9.75666e+30
-2.07936e+25
-2.13093e+32
-2.32506e+32
-1.64724e+25
-2.40691e+32
-2.11631e+25
-2.33166e+32
-1.8418e+25
-5.52369e+27
-6.83968e+25
-4.86071e+30
-4.09633e+30
-2.39429e+32
-1.21525e+30
-2.02936e+25
-2.39347e+32
-3.26324e+25
-3.24209e+30
-6.12309e+30
-1.37615e+29
-5.78151e+29
1.09583e+29
-1.71875e+25
-7.95721e+28
-8.36165e+29
-3.93184e+31
-1.36013e+29
-2.38986e+32
-1.19505e+29
-2.11497e+25
-2.66841e+29
-2.03926e+25
-1.85753e+28
-2.04593e+25
-2.09985e+25
-4.82843e+28
-9.60951e+28
-4.60406e+25
-2.38958e+32
-1.41329e+32
2.71603e+25
-6.26566e+29
-1.64601e+29
-2.47661e+28
-1.68913e+25
-6.65591e+30
-2.15875e+25
-1.07371e+26
-3.43262e+30
4.30873e+29
-2.08824e+25
-4.99111e+30
-9.9562e+28
-2.39581e+32
-2.39717e+32
-2.39985e+32
-2.09579e+25
-2.3959e+32
-2.38948e+32
-4.85198e+30
-3.20555e+27
-2.39488e+32
-2.94026e+30
-1.0891e+26
-4.28905e+30
-4.7407e+30
-2.39519e+32
-2.39582e+32
-3.14788e+30
-2.39646e+32
-6.4376e+30
-6.27718e+30
-1.68784e+25
-3.96166e+31
-2.13935e+25
-4.8073e+30
-1.84466e+32
-2.12937e+25
1.33521e+31
-2.1783e+25
-4.69412e+30
-3.42945e+30
-2.87218e+25
-2.30516e+32
-4.80476e+28
-4.38267e+30
-4.99349e+28
-2.05213e+32
1.26982e+25
-2.41055e+32
-3.40293e+31
7.92741e+28
-1.53352e+25
-4.24192e+25
-4.8181e+30
-7.9535e+28
-1.94855e+31
-1.65004e+29
-2.39009e+32
-4.09161e+30
-2.40063e+32
-3.40324e+31
-4.87536e+28
-2.3405e+32
-2.39422e+32
-3.04928e+25
-2.39747e+32
-2.39503e+32
-2.83996e+25
-1.05675e+31
-1.99489e+25
-4.63612e+29
-1.94177e+31
-6.17799e+30
-2.93837e+28
-3.75866e+31
-9.84475e+29
-3.5675e+25
-4.35608e+30
6.26902e+30
-5.60651e+30
-5.77415e+30
-2.39067e+32
-4.91056e+29
-3.83658e+30
-5.6969e+30
-1.06359e+31
-1.04545e+30
-2.39368e+32
-2.3963e+32
-2.39862e+32
-2.84572e+25
-2.39649e+32
-1.70445e+32
-2.38022e+32
-2.96778e+29
-2.41232e+25
-2.37837e+25
-6.87897e+28
-3.02973e+25
-4.81913e+30
-2.34577e+32
-2.40176e+32
-2.39506e+32
-2.43843e+25
-1.17425e+29
-2.39322e+32
-2.39335e+32
-6.18724e+27
-4.61251e+31
-2.15559e+32
-1.85755e+31
-6.80237e+30
-2.16334e+31
7.02818e+29
-1.63408e+32
-2.37509e+32
2.75433e+29
-2.26286e+32
-4.85574e+30
-2.1782e+25
-5.55088e+30
-3.26319e+31
-1.17166e+31
-2.17434e+32
-2.39069e+32
-4.74106e+30
-1.00349e+32
-2.38503e+32
-2.39286e+32
-4.78784e+30
-4.58061e+26
1.61604e+28
-2.85063e+25
-2.3884e+32
2.93441e+28
-4.4915e+30
-4.62384e+30
-1.94567e+31
-2.0302e+25
-5.02195e+29
-2.39999e+32
-2.09813e+25
-3.16516e+29
-2.43953e+29
-2.39265e+32
-5.20008e+30
-2.39247e+32
-2.07479e+25
-2.3933e+32
1.49285e+31
-5.61876e+29
-2.35396e+32
-2.13025e+25
-1.74903e+31
5.42577e+28
-2.40048e+32
-6.77467e+30
-3.94773e+31
-2.3533e+32
7.90366e+29
-3.26505e+31
-2.27869e+25
-2.43249e+32
-6.17079e+29
-2.39406e+32
-2.38731e+32
-9.95806e+30
-2.52188e+31
-2.06631e+25
-1.81056e+29
-1.72424e+25
-3.00222e+25
-2.17467e+32
-2.09195e+25
-1.67839e+25
-1.96394e+25
-2.17547e+32
-2.40728e+32
-2.40297e+32
-1.63163e+32
-2.4015e+32
-2.0183e+25
-2.39981e+32
-4.6737e+30
-2.48517e+28
-1.72607e+25
-1.70339e+25
1.18598e+27
-3.29586e+30
-2.07344e+25
-4.75786e+25
-5.96212e+30
2.95255e+28
-2.43262e+32
-2.39487e+32
-2.06124e+25
-2.93629e+26
-2.39502e+32
-2.52292e+25
-2.39158e+32
-2.08973e+25
-2.17069e+25
-5.69541e+30
-4.81859e+30
-2.71121e+25
-1.43622e+32
-3.86179e+25
-4.64578e+30
-4.81537e+30
-8.81548e+30
-2.15564e+32
-1.30548e+27
-6.225e+30
-4.81534e+30
-2.38696e+32
-2.40704e+32
-4.73816e+30
-5.67269e+29
1.38296e+28
-4.81941e+30
-5.65183e+28
-2.03299e+25
-3.33377e+30
-3.83021e+26
-2.00586e+25
-1.839e+25
-2.01693e+25
-2.01434e+25
5.70561e+30
-5.80777e+30
-3.9784e+28
-1.82818e+28
-6.02021e+30
-3.14672e+26
-2.04891e+25
-6.65175e+31
-2.49174e+32
-1.99485e+25
-1.68761e+31
-2.39721e+32
-4.18319e+25
-2.3908e+32
-3.21469e+30
8.26106e+28
-2.9506e+32
-3.27956e+30
-3.04942e+30
1.67934e+28
-3.11115e+25
-1.79548e+32
-2.73134e+27
-6.77552e+30
-8.68281e+30
-2.37859e+32
2.01371e+28
-6.18842e+30
2.10923e+28
-3.2346e+30
-2.95394e+29
-1.122e+30
-2.1556e+32
-4.41327e+30
1.47762e+28
-3.03909e+25
-4.29113e+30
-3.93878e+30
-1.41273e+32
-2.38928e+32
-3.41914e+30
2.89688e+28
2.91121e+28
-9.24183e+28
5.05405e+30
-3.94826e+31
-4.90687e+30
-2.40055e+32
-2.39651e+32
-2.39492e+32
-4.41182e+30
-1.99626e+25
-2.39317e+32
-6.81775e+30
-2.39287e+32
-4.41318e+30
-2.3714e+32
-2.41952e+32
-4.69453e+25
3.27642e+28
-4.84373e+30
-2.39268e+32
-2.3936e+32
-2.31933e+31
-2.55311e+32
-2.39165e+32
-2.39338e+32
-2.53855e+25
-2.39124e+32
-4.6173e+30
-4.73495e+30
-2.40113e+32
-9.27631e+24
3.43505e+31
-2.41297e+32
-2.94095e+25
-1.60441e+30
-9.59161e+29
-8.14669e+30
-4.97361e+30
-9.98356e+28
-7.43411e+31
-2.04491e+25
-2.15622e+32
-5.10127e+29
2.97093e+28
-6.23636e+30
-2.15238e+25
-2.33104e+32
-5.24387e+30
-3.43009e+30
-7.84219e+28
-2.30988e+31
2.09146e+32
-4.30655e+28
-3.08034e+25
-3.75724e+31
-1.989e+25
8.57913e+28
-1.69672e+29
-2.39327e+32
-2.79141e+28
-4.7681e+30
-1.98794e+25
-8.50916e+28
-3.74092e+30
-3.32713e+30
-5.57111e+28
-4.91883e+30
-8.70547e+28
2.77958e+28
-2.87331e+29
-2.30515e+25
-4.73688e+30
-4.79429e+30
-2.66191e+25
-4.91228e+27
-6.36732e+25
-5.0347e+28
-4.72411e+30
-3.05206e+30
-2.29192e+30
-2.8752e+25
-4.31533e+28
-2.39204e+32
-6.0591e+26
-4.73303e+28
-4.77047e+30
-3.68736e+29
-2.38697e+32
-2.36351e+32
-2.37579e+32
-4.91052e+30
-5.15148e+29
-4.43892e+31
-5.20102e+28
-2.938e+26
5.59279e+30
2.14359e+32
-2.16631e+27
-2.0693e+25
-2.72588e+25
-5.50795e+28
-2.05128e+25
-2.39048e+32
-4.41872e+28
-5.45655e+28
-2.08725e+25
-1.46174e+25
-3.09549e+27
-4.29808e+30
-3.24321e+30
-4.44057e+31
-2.11784e+25
-1.38947e+27
-2.43684e+32
-1.86372e+28
-2.26228e+27
-2.38875e+32
-3.05791e+25
-3.3355e+30
-2.94138e+30
-1.99517e+25
-1.74746e+25
-2.39523e+32
-2.36341e+32
-2.11615e+29
-2.3957e+32
-2.39565e+32
-2.39323e+32
-1.5552e+25
-4.32532e+30
-1.00371e+32
-1.95246e+25
-1.13173e+32
-5.12291e+30
-4.95695e+25
-3.29708e+30
-5.36677e+30
-2.06776e+25
-2.39201e+32
-2.14331e+25
-6.13522e+27
-1.05734e+29
-4.68538e+28
-2.1278e+25
-5.00497e+26
-2.15817e+25
-3.23274e+30
-2.39601e+32
-1.37576e+27
-2.03829e+25
-1.46021e+25
-2.05076e+25
-2.8463e+25
-1.92816e+25
-2.41041e+32
-6.85959e+28
-3.27606e+25
-1.20524e+28
-1.66664e+25
-2.42085e+27
-1.68925e+25
-4.39319e+26
-1.84432e+32
-2.14848e+25
-1.20829e+29
-1.65885e+25
-2.45251e+25
9.34369e+25
-6.15383e+29
-8.39131e+28
-2.13318e+25
-3.18877e+25
-3.32324e+28
-2.2268e+25
-3.06326e+25
-4.30631e+25
-2.48641e+27
-4.10225e+25
-3.63621e+30
-1.26495e+29
-2.98614e+25
-5.5755e+29
-2.11378e+25
-4.51379e+28
-2.15991e+25
-4.47998e+28
-2.04083e+25
-2.3955e+32
-6.36971e+30
-1.63075e+32
-1.97618e+25
-4.09644e+30
-1.5533e+29
-2.31512e+31
-2.1904e+25
-1.3751e+27
-2.5219e+25
-8.68948e+30
-3.3438e+30
-3.00514e+26
-2.17314e+25
-8.68978e+30
-1.87165e+28
9.44042e+28
-2.39139e+32
-2.3959e+32
-1.96548e+25
-2.09257e+25
-1.98249e+25
-2.39134e+32
-4.90146e+30
-2.17178e+31
-6.83444e+25
-1.11011e+30
-4.09597e+30
-2.28276e+25
-4.33654e+28
-3.32269e+30
-2.39746e+32
-2.10213e+25
-2.39226e+32
-5.61185e+29
2.91853e+28
-1.09694e+28
3.05721e+28
-2.4398e+32
-6.9787e+28
-2.39074e+32
-1.43815e+32
5.15469e+26
-2.0612e+25
-2.05898e+29
-2.07941e+30
-4.15381e+25
-1.13988e+26
-5.4022e+25
-4.42043e+28
-1.46594e+30
-2.10037e+25
-1.80095e+25
-4.40493e+30
-5.03261e+28
-2.03568e+25
-1.45028e+25
1.10463e+25
-2.16416e+25
-3.12388e+25
-2.07324e+25
-2.89536e+29
-1.731e+25
-4.75881e+30
-4.52073e+30
-4.74952e+30
8.92924e+30
-2.36803e+32
4.67639e+28
-2.06083e+25
-2.44733e+32
-3.32963e+30
-1.79512e+25
3.23763e+31
-2.39089e+32
-1.28029e+27
-1.69319e+31
-1.79484e+32
-3.18614e+29
-7.86666e+27
-3.32357e+30
-4.29791e+28
-1.45026e+25
9.56845e+30
-6.45526e+30
-5.89467e+30
-9.99096e+25
-3.42363e+30
-2.40359e+32
-4.43681e+31
1.49357e+26
-6.53155e+30
-2.39621e+32
-2.39485e+32
-3.01977e+29
-2.39167e+32
-2.39361e+32
-2.13119e+32
-4.91662e+30
-1.7983e+31
-2.39635e+32
-2.39084e+32
-2.11118e+25
-2.28052e+32
-5.92334e+30
-6.55096e+29
-3.17393e+30
-2.39499e+32
-1.24285e+29
-3.55814e+30
-3.8416e+31
-2.1441e+25
-2.2446e+32
-4.80478e+30
-2.39499e+32
-5.42915e+30
-2.39085e+32
-2.40203e+32
-2.39678e+32
-1.17471e+31
4.5469e+29
-2.15561e+32
-5.274e+28
-6.23672e+28
-2.84681e+25
-1.20201e+30
-3.78656e+26
-2.0467e+25
-2.39215e+32
-2.21355e+25
-2.40538e+32
-3.36564e+30
-4.62227e+30
-2.39617e+32
-9.66061e+26
-6.99653e+27
-3.4985e+30
1.90328e+26
-1.32744e+27
-4.86719e+28
-1.43971e+32
-1.83684e+25
-5.19894e+30
-2.35243e+32
-1.10468e+29
-3.16505e+25
-2.44665e+29
-2.9849e+29
-2.85586e+27
-1.79612e+29
-9.79911e+31
-4.21271e+26
-6.27572e+27
-2.39074e+32
4.67178e+28
-2.11521e+25
-3.04426e+30
-2.07289e+25
-2.48996e+29
-2.12102e+25
-2.12666e+25
-2.39216e+32
-2.04919e+25
-4.37475e+27
-1.72644e+25
-2.4909e+32
-1.04973e+27
-2.39091e+32
-2.39452e+32
-2.39116e+32
-2.39049e+32
-2.56957e+25
-2.83897e+25
-2.05757e+25
-4.86238e+30
-2.12388e+25
-1.81908e+25
-2.12094e+25
-1.99604e+25
-2.14704e+25
-2.25634e+25
-1.00473e+29
-1.46937e+29
-4.70901e+30
-1.07571e+29
-2.13828e+25
-2.1351e+25
-2.01843e+25
-2.40077e+32
-3.84354e+31
-4.14791e+27
-6.46653e+25
-5.60908e+26
1.36718e+28
-1.86378e+31
-8.67331e+29
-2.39619e+32
-2.40543e+32
-8.88272e+30
-2.36314e+32
6.43971e+30
-2.60319e+27
-3.77865e+29
-7.13785e+27
-2.86436e+27
-6.10605e+30
-3.46961e+25
-3.78007e+30
-2.42026e+32
-2.10084e+27
-7.38792e+26
-1.95154e+26
-9.46021e+26
-3.51233e+30
-5.68982e+29
-7.79767e+27
-5.7758e+30
-2.38311e+32
2.36214e+28
-8.42261e+26
-2.36452e+27
-1.5744e+25
-5.87893e+30
-3.55162e+30
-3.92957e+31
-6.1253e+30
-6.65076e+31
-1.55671e+25
-2.39767e+32
-4.8262e+30
-6.65187e+31
-1.45477e+27
-2.40698e+32
-2.41836e+32
-6.15738e+30
-8.8433e+29
-2.02925e+28
-1.42949e+30
1.64251e+28
-1.8856e+25
-2.39172e+32
-2.16875e+28
-3.84401e+31
-2.35352e+32
-4.80944e+30
-2.38717e+32
-6.16654e+28
-4.89593e+25
-2.39116e+32
-5.74367e+30
-3.60882e+30
-5.29234e+30
-1.27876e+28
-1.92689e+28
-2.3697e+32
-5.49283e+30
-2.39214e+32
-1.52655e+30
-1.89022e+27
-3.37478e+30
-4.30035e+28
-2.37753e+32
-2.17867e+25
-5.11811e+30
-3.40733e+30
-2.38088e+32
-2.82399e+27
-1.74136e+28
-5.04479e+30
-2.34131e+32
-6.3935e+28
-1.29911e+26
-2.70285e+30
-4.58853e+26
-4.4616e+28
-4.94946e+30
-1.91448e+29
-7.56697e+28
-2.39516e+32
-3.54588e+26
-2.08106e+29
-2.32622e+28
-6.234e+30
-1.8026e+29
-1.88404e+25
-2.13949e+25
-2.32589e+32
-1.78194e+29
1.47556e+26
-2.40309e+32
-5.85606e+30
-2.36771e+32
-7.02768e+27
-2.40744e+32
-2.13944e+25
-2.25253e+25
1.45103e+28
-5.62656e+25
-5.09362e+26
-2.38707e+32
-2.34122e+25
-2.79122e+29
-4.43656e+28
-8.54643e+27
-1.92189e+25
-5.21397e+30
-1.06719e+29
-2.40143e+32
-2.39607e+32
7.59981e+27
1.00765e+28
-2.39581e+32
-2.34325e+32
-3.90509e+25
-1.33243e+30
-4.33085e+25
-1.96597e+25
-4.02105e+26
-2.1256e+25
-1.39318e+27
-6.26053e+30
-4.05885e+25
-2.12834e+25
-6.50249e+29
-5.77906e+26
-5.31693e+30
-1.52044e+29
-1.97288e+25
-3.48831e+26
-1.65424e+25
-2.45217e+29
-4.97691e+30
-3.11981e+27
-3.00379e+25
-2.072e+25
-2.09282e+25
-2.10019e+25
2.82743e+28
-2.10182e+25
-3.40362e+30
-2.14017e+25
-1.83187e+31
-7.87463e+25
1.12653e+31
-3.44748e+30
-7.50287e+25
8.43012e+29
-2.42468e+32
-2.09415e+25
-1.11621e+30
-2.39357e+32
-1.49245e+29
-6.01024e+28
-5.63149e+28
-1.479e+29
-2.07308e+25
-1.19427e+29
-2.07405e+25
-2.09734e+25
-2.18097e+29
-6.58661e+28
-1.97261e+25
-5.68451e+30
-4.79788e+30
1.44647e+26
-4.81004e+30
-2.10054e+25
-2.39396e+32
-3.47419e+26
-3.7582e+30
-2.39602e+32
-4.13768e+30
-1.91574e+29
-2.64355e+25
-5.37442e+30
-5.04924e+28
-4.90556e+28
-3.02576e+25
-1.59802e+32
-4.69097e+30
-4.69569e+28
-1.8015e+25
-3.21571e+30
3.55678e+30
-5.04584e+30
-4.58933e+28
-2.11953e+25
-3.08025e+25
-2.35449e+32
-3.89522e+30
-2.39062e+32
-5.03445e+28
-2.39142e+32
-3.89757e+30
-2.39085e+32
-6.61647e+29
-1.88617e+25
-1.7944e+32
-2.385e+32
-5.0462e+26
-2.39294e+32
-2.45612e+32
-6.20299e+30
-2.39225e+32
-2.12542e+25
-2.34811e+32
3.04896e+31
-2.39066e+32
-1.31879e+27
-3.31072e+30
-1.57455e+30
-2.39469e+32
-1.00053e+28
-5.75328e+31
-3.61316e+30
-2.39576e+32
-3.09554e+25
-2.39528e+32
-4.25508e+28
-2.39084e+32
-1.84176e+27
-3.61463e+30
-2.40451e+32
-3.37631e+30
-3.66498e+30
-7.26368e+29
-1.98486e+25
-5.70448e+31
-1.99266e+25
-1.98197e+25
-2.4122e+32
-7.66164e+27
-2.40459e+32
-2.34323e+32
-5.74428e+25
6.29149e+30
-2.45388e+32
-2.20354e+27
-2.08729e+32
-1.19588e+27
-1.80541e+30
-3.28483e+25
-2.04035e+25
-5.53528e+30
-3.3273e+30
-2.04782e+25
-8.94161e+27
-1.90649e+25
-2.39454e+32
-2.38578e+32
-1.31928e+28
-2.87281e+25
-8.28632e+30
-2.5656e+25
-1.26952e+28
-2.96602e+32
-2.38461e+32
-2.56564e+25
-2.56627e+25
-2.12717e+29
-1.96168e+25
-2.10014e+28
-2.45642e+25
-2.04938e+25
-2.24415e+32
-2.39539e+32
-2.39541e+32
6.01862e+28
-2.08119e+25
-2.07337e+25
-2.6854e+28
-1.76905e+28
-1.26622e+27
-1.05285e+28
-4.73077e+27
-1.2399e+27
-3.78398e+26
-2.40039e+32
-3.75164e+31
-1.04019e+30
6.57539e+30
-2.07892e+25
-1.88562e+25
-2.39125e+32
6.40129e+30
-1.74388e+31
-9.79369e+30
-2.39812e+32
-4.61253e+29
-1.55163e+25
-8.98605e+28
-2.39815e+32
-4.9417e+26
-3.72729e+26
-2.39669e+32
-2.40033e+32
-2.39626e+32
-2.39716e+32
-2.39357e+32
-2.39543e+32
-3.46737e+25
-4.54159e+29
-6.30637e+26
-1.15761e+28
-3.30821e+27
4.05848e+27
-2.05133e+25
-6.49197e+30
-2.38216e+32
-2.35083e+32
-8.01922e+27
-4.55457e+28
-2.39598e+32
-2.89666e+29
-1.72795e+25
-2.39212e+32
-2.41697e+31
-8.14182e+30
-1.75277e+25
-2.16844e+25
-1.72449e+25
1.6767e+28
-1.45749e+25
-6.05355e+26
-4.73608e+30
-1.24285e+26
5.82075e+30
-2.38507e+32
-2.30362e+32
-4.86678e+25
-4.90028e+30
-2.40268e+32
-9.66872e+26
-3.26765e+30
-3.05293e+30
-2.38967e+32
-1.11627e+28
-3.14447e+26
-3.10904e+25
-4.47522e+30
-5.07685e+25
-4.04699e+30
-2.39115e+32
-5.73866e+30
-1.99832e+25
-2.93132e+26
-9.01227e+24
-5.95923e+25
-4.70661e+26
-2.39297e+32
1.32437e+31
-2.3684e+31
-8.44802e+29
-4.72513e+30
-4.76311e+30
-2.073e+25
-2.10026e+25
-1.75281e+25
-2.07315e+25
-5.34175e+29
-4.64381e+30
-7.14241e+30
-2.14233e+25
-6.20589e+30
-2.04563e+25
-6.61226e+29
-4.76062e+30
-1.96447e+28
-2.34757e+32
-2.3959e+32
-1.46746e+25
-2.0773e+25
-1.51782e+25
-5.88932e+30
-1.78123e+25
-2.05015e+25
-3.13739e+25
-1.97038e+25
-2.26239e+32
-1.43865e+32
-2.0737e+25
-1.1308e+32
-3.07476e+25
-5.90756e+30
-2.351e+32
-4.80989e+30
-4.08536e+30
-9.80397e+31
-1.99509e+25
-1.64636e+25
-2.39119e+32
-7.10846e+25
-1.78159e+25
-6.53811e+29
-8.77271e+27
-4.93105e+28
-2.38972e+32
-9.20548e+29
-1.64599e+25
-1.91686e+29
3.21992e+28
1.23819e+31
-2.39182e+32
-4.15661e+30
-2.39066e+32
-2.06291e+25
-2.04454e+25
-3.68089e+25
-2.18961e+29
-6.42984e+30
-5.51402e+29
-2.39675e+32
-4.64322e+31
-3.09008e+25
-4.79376e+30
1.46411e+31
-3.35323e+30
1.43631e+31
-3.40946e+31
-6.62809e+30
-4.62506e+31
-3.46557e+26
-2.22124e+25
4.1348e+29
-2.13376e+25
-9.80831e+30
-2.39443e+32
-1.51952e+32
-2.11837e+25
-3.79547e+29
-2.83641e+25
-1.51977e+32
-2.82565e+25
-2.21722e+25
-1.68962e+25
-2.58158e+25
-4.09733e+30
-4.87606e+30
-3.08918e+25
-4.67988e+30
-2.39506e+32
-2.3948e+32
-2.39449e+32
-2.39576e+32
-1.69339e+31
-2.3934e+32
-2.39149e+32
-6.77948e+30
-3.94158e+30
-2.39614e+32
-3.32892e+30
-4.33e+30
-2.39905e+32
-5.15832e+30
-4.39276e+30
-4.28973e+28
-3.17643e+30
-1.50597e+26
-4.27866e+30
-2.97407e+25
-2.13121e+32
-3.92816e+31
-3.71903e+30
-5.04748e+30
-1.9729e+25
-2.39482e+32
-4.86401e+30
-5.1603e+30
-6.94497e+29
-9.03925e+29
-1.04387e+30
-2.39707e+32
-2.44252e+32
-3.7379e+29
-2.39054e+32
-2.40107e+32
3.29782e+28
-2.04947e+25
-2.39535e+32
-5.32999e+30
-2.3918e+32
-1.95274e+31
-5.82986e+27
-2.39599e+32
-6.66451e+30
-2.22745e+25
-6.36816e+26
-2.05592e+25
-2.08574e+25
-2.06985e+25
-2.07077e+25
-2.08935e+25
-1.87363e+25
-5.21792e+30
-9.05266e+26
-5.83549e+30
-2.01617e+28
-2.39565e+32
-1.94889e+25
-2.38297e+32
-8.59785e+31
-3.97126e+26
-4.37985e+28
-4.32733e+28
-2.30489e+32
8.29157e+28
-2.0822e+25
-2.24398e+25
-2.26895e+32
-2.26145e+32
-2.27751e+32
-2.38057e+32
-2.38121e+32
-2.38157e+32
-5.01419e+28
-6.48833e+28
5.14078e+28
3.55501e+28
4.35793e+28
3.69387e+28
-6.30931e+25
-7.6831e+25
-7.68816e+25
-2.93124e+26
-8.38247e+25
-7.28622e+25
-8.20294e+25
-2.16274e+26
-1.95213e+25
-1.94366e+25
-1.40939e+25
-1.67558e+25
-1.78259e+25
-6.42113e+28
-1.18333e+28
-1.69773e+28
-1.2247e+28
-2.79408e+28
-5.79486e+28
-1.96237e+28
-3.00695e+28
-1.11011e+30
-3.2556e+30
-3.29128e+30
-3.31079e+30
-2.71394e+25
-2.39471e+32
-2.72488e+25
-2.42013e+32
-4.03789e+26
-2.84214e+25
-2.41762e+32
-2.39437e+32
-2.40285e+32
-2.39471e+32
-2.39866e+32
-2.38957e+32
-2.35425e+32
-2.38141e+32
-2.38942e+32
-2.39061e+32
-2.39205e+32
-2.38567e+32
-2.38682e+32
-2.39003e+32
-2.38598e+32
-2.40187e+32
-2.40226e+32
-2.39939e+32
-2.39832e+32
-2.40367e+32
-2.39498e+32
-2.39294e+32
-2.40284e+32
-2.39471e+32
-2.15465e+32
-2.15576e+32
-3.23342e+30
-3.21394e+30
-3.28837e+30
-3.31253e+30
-3.37054e+30
-3.40857e+30
-4.24087e+30
-4.24276e+30
-4.94309e+30
-4.95432e+30
-4.48649e+30
-4.8928e+30
-5.23414e+30
-5.25178e+30
-4.89615e+30
-5.24612e+30
-5.03549e+30
-5.26035e+30
-5.25444e+30
-4.98985e+30
-4.76344e+30
-4.65127e+30
-4.80602e+30
-4.65519e+30
-4.63802e+30
-4.56169e+30
-3.3929e+30
-3.56351e+30
-2.1406e+30
-2.61584e+30
-2.20107e+30
-1.43192e+30
-1.27768e+30
-1.24893e+30
-6.2107e+29
-2.13989e+29
-2.33754e+29
-1.69966e+29
-1.58385e+29
-1.47356e+29
-1.36703e+29
-1.22931e+29
-8.20136e+28
-7.49276e+28
-8.67661e+28
-8.25291e+28
-7.36478e+28
-8.26734e+28
-6.83425e+28
-6.88724e+28
-6.86728e+28
-5.84698e+28
-5.82761e+28
-6.10907e+28
-5.07198e+28
-5.35933e+28
-4.31879e+28
-3.56151e+27
-4.31927e+27
-3.5538e+27
-3.06602e+27
-1.43669e+32
-1.96971e+26
-1.96667e+26
-7.84308e+25
-7.8423e+25
-9.69179e+25
-4.23507e+25
-4.23945e+25
-4.2305e+25
-5.58731e+25
-3.19165e+25
-3.45371e+25
-2.0756e+25
-2.07348e+25
-2.07486e+25
-2.15765e+25
-2.05661e+25
-2.07765e+25
-2.10502e+25
-2.10495e+25
-2.09077e+25
-2.09082e+25
-2.09088e+25
-2.08232e+25
-2.09157e+25
-2.08273e+25
-2.08337e+25
-2.0814e+25
-2.04977e+25
-1.65042e+25
-1.99662e+25
-2.04961e+25
-1.3819e+25
-1.44053e+25
-1.47815e+25
-1.44106e+25
-1.89925e+25
-1.46885e+25
-2.07179e+25
-1.85918e+25
-1.73602e+25
-1.73526e+25
2.31983e+26
2.11266e+26
-2.78381e+26
3.03082e+25
-6.0377e+25
1.41315e+26
-3.00994e+26
-3.22821e+26
1.48494e+26
1.47079e+26
-2.10551e+26
-2.32466e+26
-2.38362e+26
-2.26265e+26
-5.87752e+26
-5.97134e+26
-5.88616e+26
-6.01504e+26
-1.20684e+27
-1.2033e+27
-6.34339e+26
1.59482e+26
-6.64564e+26
4.58201e+26
4.66573e+28
4.66032e+28
4.04634e+28
4.66871e+28
4.69907e+28
4.04407e+28
4.71386e+28
2.83773e+28
3.47197e+28
2.79644e+28
3.476e+28
3.48164e+28
3.21832e+28
3.50179e+28
3.47644e+28
3.4596e+28
3.15794e+28
1.94829e+28
1.97383e+28
2.37197e+28
2.1558e+28
2.1812e+28
2.04209e+28
6.28877e+28
1.32378e+28
7.47255e+28
5.7333e+28
1.02674e+29
9.21712e+28
6.32446e+28
9.38087e+28
1.03654e+29
3.4829e+28
-7.10548e+28
-3.07722e+28
-1.17893e+29
-4.29314e+28
-3.33074e+28
-6.05512e+28
-6.05392e+28
-2.53716e+29
-1.32577e+29
-6.51228e+28
-2.70173e+29
-2.12118e+29
8.65681e+28
3.66017e+29
5.14671e+29
4.54197e+28
4.60175e+29
3.4279e+30
7.48132e+29
3.6836e+30
-1.60319e+30
1.32492e+31
-2.60884e+31
-2.729e+31
-2.38712e+31
-2.9148e+31
-2.18491e+31
-1.40739e+31
2.71457e+31
-1.09367e+32
-5.4154e+31
-4.86692e+31
-6.0898e+31
-1.60115e+32
-1.88358e+32
-2.54275e+32
-2.19701e+32
2.48653e+33
-5.11426e+32
-1.51903e+32
2.50281e+33
-2.37585e+32
-2.45002e+32
-2.45595e+32
-2.41131e+32
-2.31929e+32
-2.40556e+32
-2.32937e+32
-2.4484e+32
-2.44717e+32
-2.3304e+32
-2.35631e+32
-2.35345e+32
-2.39035e+32
-2.38226e+32
-2.38297e+32
-2.38178e+32
-4.30004e+26
-2.3936e+32
-2.39355e+32
-2.39462e+32
-2.39485e+32
-2.39245e+32
-2.39637e+32
-2.39638e+32
-2.39216e+32
-2.39065e+32
-2.39884e+32
-2.39268e+32
-2.3948e+32
-2.40295e+32
-2.15906e+32
-2.15808e+32
-2.0873e+32
-3.67854e+31
-4.88564e+30
-4.5163e+30
-3.45665e+30
-2.67235e+30
-2.1924e+30
-1.08367e+29
-6.32004e+28
-5.86879e+28
-4.52837e+27
-1.20156e+28
-3.58436e+27
-1.97496e+26
-9.72323e+25
-5.60107e+25
-7.85513e+25
-2.07225e+25
-2.07308e+25
-2.10473e+25
-2.09757e+25
-2.09133e+25
-1.70914e+25
-1.72732e+25
-1.44016e+25
-1.46329e+25
-8.04427e+25
-3.8596e+26
1.50142e+26
-3.75468e+26
1.63208e+26
1.63973e+26
-2.27106e+26
-6.41662e+26
-5.71222e+26
-6.38673e+26
-8.07671e+26
-6.1176e+26
-7.93901e+26
4.68574e+28
4.70023e+28
4.68262e+28
2.81385e+28
3.19356e+28
2.01445e+28
3.1468e+28
3.45529e+28
2.34151e+28
4.59806e+27
1.70807e+28
8.03398e+28
8.66892e+28
6.54874e+28
7.90277e+28
-3.26692e+28
-9.07064e+28
-1.07536e+29
-2.58949e+28
9.35404e+27
4.79634e+29
4.71669e+29
6.09135e+29
5.5544e+29
3.7903e+30
5.46557e+30
3.60469e+30
-2.47491e+31
2.77402e+31
-1.15768e+32
-1.84251e+32
-2.06588e+32
-4.93355e+32
-1.64188e+32
2.48624e+33
-2.4603e+32
-2.39529e+32
-2.3572e+32
-2.36663e+32
-2.40247e+32
-3.08264e+31
-2.40172e+32
-2.38464e+32
-2.38278e+32
-2.35659e+32
-2.38455e+32
-2.39808e+32
-2.39333e+32
-2.39241e+32
-2.39241e+32
-2.3929e+32
-2.38958e+32
-2.39102e+32
-2.39169e+32
-2.39192e+32
-2.39169e+32
-2.39157e+32
-2.3916e+32
-2.39154e+32
-2.39231e+32
-2.39284e+32
-2.39279e+32
-2.39278e+32
-2.39357e+32
-2.39359e+32
-2.39383e+32
-2.39348e+32
-2.3932e+32
-2.3931e+32
-2.39327e+32
-2.39337e+32
-2.39278e+32
-2.39284e+32
-2.39307e+32
-2.39304e+32
-2.39517e+32
-2.39773e+32
-2.39647e+32
-2.40019e+32
-2.40037e+32
-2.40036e+32
-2.39513e+32
-2.39888e+32
-2.39288e+32
-1.05523e+31
-6.23523e+30
-4.85126e+30
-5.37757e+30
-5.36638e+30
-3.61042e+30
-3.50201e+30
-3.49981e+30
-3.41194e+30
-3.33431e+30
-3.34492e+30
-3.34427e+30
-3.28803e+30
-3.37061e+30
-4.89892e+30
-5.20405e+30
-5.2192e+30
-5.31242e+30
-5.36907e+30
-5.22411e+30
-5.36252e+30
-5.1731e+30
-5.50437e+30
-5.1779e+30
-3.0691e+30
-1.58654e+30
-1.35376e+30
-9.41718e+29
-8.85107e+29
-7.49977e+29
-8.51864e+29
-7.40097e+29
-6.00602e+29
-4.29813e+29
-4.66933e+29
-4.19206e+29
-2.81326e+29
-2.57959e+29
-3.30466e+29
-2.1993e+29
-2.00901e+29
-2.01393e+29
-1.77346e+29
-1.60813e+29
-1.66888e+29
-1.27809e+29
-1.29665e+29
-1.10276e+29
-1.05341e+29
-1.1786e+29
-9.03134e+28
-8.71805e+28
-8.61398e+28
-5.90518e+28
-5.47888e+28
-5.57444e+28
-3.62442e+28
-3.73772e+28
-3.73638e+28
-2.6847e+28
-8.62111e+26
-5.60063e+26
-5.29866e+26
-5.2772e+26
-5.27885e+26
-5.94551e+25
-4.74149e+25
-4.73805e+25
-3.91013e+25
-3.08165e+25
-3.62309e+25
-2.84452e+25
-3.02879e+25
-3.04438e+25
-2.81986e+25
-2.26034e+25
-2.16984e+25
-2.17246e+25
-2.25973e+25
-2.15311e+25
-2.09965e+25
-2.10854e+25
-2.09698e+25
-2.08721e+25
-2.09288e+25
-2.09999e+25
-2.08732e+25
-2.07545e+25
-2.06896e+25
-2.09159e+25
-2.06965e+25
-2.04076e+25
-2.03139e+25
-1.98113e+25
-1.99641e+25
-1.99385e+25
-1.78688e+25
-1.79742e+25
-1.87007e+25
-2.04243e+25
-2.07799e+25
-2.04926e+25
-1.87799e+25
-1.60687e+25
-1.66176e+25
-1.95233e+25
-1.99781e+25
-2.01389e+25
-2.0654e+25
-2.19027e+25
-2.98504e+25
-3.10114e+25
-1.43638e+32
-5.03463e+25
-3.10989e+25
-3.95787e+25
-5.18029e+25
-6.5943e+25
-1.25275e+26
-3.47878e+26
-3.51799e+26
-3.28618e+26
1.67341e+26
1.48848e+26
1.61209e+26
1.59211e+26
-3.66483e+26
-3.5311e+26
-3.53344e+26
-3.9228e+26
-3.55564e+26
-4.35834e+26
-8.35759e+26
-6.72168e+26
-1.28276e+27
-1.32623e+27
-1.17008e+27
-7.40708e+26
-9.796e+26
-1.45153e+27
-9.42766e+26
-1.43745e+32
-8.10276e+26
4.67209e+28
4.03836e+28
-1.95705e+31
2.96102e+28
3.26337e+28
2.81561e+28
2.7997e+28
-1.94743e+31
2.97217e+28
3.17928e+28
2.59957e+28
2.31608e+28
1.40819e+28
1.43777e+28
1.66927e+28
2.32841e+28
-6.35479e+27
-9.73951e+27
-3.10354e+28
-3.15097e+28
-3.15339e+28
-2.39518e+28
-2.57358e+28
-2.50285e+28
-1.86206e+28
-2.23861e+28
-1.97693e+28
-1.68339e+28
-2.06847e+28
-3.05233e+28
-2.71052e+28
-5.43865e+28
-6.82678e+28
-9.79031e+28
-1.38205e+29
-1.3532e+29
-1.71082e+29
-1.31828e+29
-1.47316e+29
-1.61126e+29
-1.67296e+29
-2.33787e+29
-2.04929e+29
-2.03898e+29
-3.23226e+29
-4.89397e+29
-3.98424e+29
-1.01227e+30
-7.1685e+29
-1.94347e+31
-1.01503e+30
-2.67219e+30
-3.50149e+30
3.76715e+31
2.6205e+31
3.67735e+31
-2.44689e+32
-2.43946e+32
-2.44396e+32
-2.45187e+32
-2.44226e+32
-2.45778e+32
-2.44104e+32
-1.68086e+32
-5.03614e+32
-2.39654e+32
-1.954e+31
-2.39588e+32
-2.39474e+32
-2.39656e+32
-2.39632e+32
-2.39477e+32
-2.3964e+32
-2.39666e+32
-2.77794e+25
-2.39593e+32
-2.39605e+32
-2.39604e+32
-2.39537e+32
-2.39475e+32
-2.39527e+32
-2.39522e+32
-2.39306e+32
-2.39494e+32
-2.39374e+32
-2.39348e+32
-2.3934e+32
-1.70354e+28
-3.37571e+25
-3.23611e+25
-4.98268e+30
-6.14757e+30
-5.00683e+30
-2.3933e+32
-2.39322e+32
-2.3933e+32
-2.39352e+32
-2.39193e+32
-2.39328e+32
-2.39347e+32
-2.39409e+32
-2.39415e+32
-2.39437e+32
-2.39425e+32
-2.39433e+32
-2.39436e+32
-2.39428e+32
-2.39474e+32
-2.39443e+32
-2.39483e+32
-2.39436e+32
-2.39298e+32
1.53794e+28
-2.39439e+32
-2.39453e+32
-2.39437e+32
-2.39616e+32
-2.40045e+32
-2.40068e+32
-2.40024e+32
-2.39767e+32
-2.15639e+32
-1.84518e+32
-1.8546e+31
-9.85243e+30
-8.76538e+30
-8.74184e+30
-5.33672e+30
-4.73426e+30
-4.92811e+30
-4.95072e+30
-4.75156e+30
-4.36005e+30
-3.58032e+30
-2.22622e+27
-5.14711e+26
-9.25396e+26
-4.08016e+26
-1.89584e+27
-4.74565e+30
-4.77706e+30
-5.50925e+30
-4.95231e+30
-5.74466e+30
-5.65047e+30
-5.75146e+30
-5.69335e+30
-5.90666e+30
-5.83971e+30
-4.38349e+30
-5.37034e+30
-1.94951e+30
-1.40324e+30
-1.26063e+30
-1.1656e+30
-9.88706e+29
-8.38969e+29
-6.53498e+29
-7.00965e+29
-6.81734e+29
-7.99609e+29
-5.29005e+29
-4.71292e+29
-3.76438e+29
-3.88316e+29
-2.10874e+29
-1.97349e+29
-2.48738e+29
-3.38343e+29
-1.88549e+29
-1.60531e+29
-2.19761e+29
-1.3121e+29
-1.4732e+29
-9.26526e+28
-9.7574e+28
-8.90159e+28
-6.49262e+26
-1.20335e+29
-7.74981e+28
-7.47828e+28
-7.89487e+28
-6.61908e+28
-5.67309e+28
-5.55349e+28
-5.42195e+28
-3.97525e+28
-3.08014e+28
-2.89124e+27
-4.29081e+28
-2.07999e+28
-1.92921e+25
-1.99817e+25
-4.8967e+26
-5.27368e+26
-4.8074e+26
-7.95862e+25
-3.25719e+26
-1.2899e+26
-6.7439e+25
-6.09959e+25
-5.95087e+25
-6.77756e+25
-3.67767e+25
-4.30447e+25
-3.61661e+25
-3.47043e+25
-3.18904e+25
-3.0235e+25
-3.25712e+25
-2.89891e+25
-2.86839e+25
-2.85258e+25
-2.26723e+25
-2.24728e+25
-2.65069e+25
-2.70629e+25
-2.24885e+25
-2.16318e+25
-2.16087e+25
-2.0979e+25
-2.15548e+25
-2.14254e+25
-2.12525e+25
-2.11492e+25
-2.1122e+25
-2.11212e+25
-2.11862e+25
-2.11796e+25
-2.11875e+25
-2.08823e+25
-2.09665e+25
-2.10159e+25
-2.10818e+25
-2.05276e+25
-2.07241e+25
-2.04994e+25
-1.98458e+25
-2.03293e+25
-2.04384e+25
-1.98639e+25
-1.8622e+25
-1.9573e+25
-4.71224e+25
-5.09625e+25
-5.1714e+25
-2.04475e+25
-2.10851e+25
-2.1035e+25
-2.09682e+25
-2.06198e+25
-2.04341e+25
-2.06537e+25
-2.07332e+25
-2.07008e+25
-2.13053e+25
-2.12467e+25
-2.11505e+25
-2.06939e+25
-2.13282e+25
-2.14892e+25
-2.14713e+25
-2.67942e+25
-2.23629e+25
-3.00955e+25
-2.89257e+25
-3.09852e+25
-2.94569e+25
-3.00423e+25
-3.015e+25
-1.28881e+26
-6.18242e+25
-3.40267e+26
-1.30343e+26
-7.39883e+27
-3.82993e+26
-4.23637e+26
-3.99e+26
-3.31691e+26
-4.7154e+26
-4.37145e+26
-3.54012e+26
-4.9989e+26
-1.39696e+27
-1.38317e+27
-2.44316e+27
-1.02154e+27
-2.94138e+27
-2.51779e+27
-4.62767e+27
-4.08106e+27
-4.73309e+27
-1.31248e+27
1.68758e+28
2.17087e+28
2.44713e+28
2.49476e+28
2.5178e+28
2.49225e+28
-2.52583e+31
-2.53074e+31
-1.25266e+31
-2.17547e+31
-7.85763e+27
-9.64257e+27
-6.32472e+27
1.65588e+28
-1.08471e+28
-1.16533e+28
-9.48345e+27
-1.17014e+28
-4.11229e+28
-4.37643e+28
-2.09615e+28
-4.40415e+28
-2.77022e+28
-2.07106e+28
-5.11119e+28
-5.38676e+28
-1.70582e+28
-5.15827e+28
-6.45252e+28
-5.92818e+28
-6.07542e+28
-8.21288e+28
-7.49143e+28
-2.81699e+28
-7.79516e+28
-1.14063e+29
-1.11829e+29
-1.19611e+29
-1.59945e+29
-1.3768e+29
-1.51029e+29
-1.44874e+29
-1.64093e+29
-7.4468e+27
-2.24341e+29
-2.01608e+29
-1.78251e+29
-3.57516e+29
-4.34227e+29
-2.13362e+29
-4.02555e+29
-2.34849e+29
-5.13566e+29
-4.74028e+29
-2.11267e+29
-6.93775e+29
-3.89444e+29
-8.80516e+29
-8.95875e+29
-9.1594e+29
-1.08468e+30
-1.41702e+30
-1.68033e+30
-7.34214e+29
-1.02605e+30
-2.57367e+30
-2.40184e+32
-3.26674e+31
-2.39362e+32
-2.37608e+32
-2.42677e+32
-2.41245e+32
-2.43097e+32
-2.40394e+32
-2.42061e+32
-2.42107e+32
-2.47999e+32
-2.96085e+32
-2.40429e+32
-2.40395e+32
-2.40322e+32
-2.40084e+32
-2.39713e+32
-2.39705e+32
-2.39714e+32
-2.39612e+32
-2.39602e+32
-2.39651e+32
-2.39604e+32
-2.39605e+32
-2.396e+32
-2.3952e+32
-2.39575e+32
-2.39549e+32
-2.39556e+32
-2.39498e+32
-2.39519e+32
-2.39473e+32
-2.39522e+32
-2.39512e+32
-7.16692e+27
-9.92044e+27
-5.08334e+25
-3.9703e+25
-5.04199e+25
-4.89537e+25
-2.97861e+25
-2.99232e+25
-2.97998e+25
-4.85597e+30
-4.86922e+30
-2.30873e+25
-4.893e+30
-4.71467e+30
-1.2509e+31
-1.04722e+31
-5.03603e+30
-5.53652e+30
-2.39395e+32
-2.39464e+32
-2.39374e+32
-2.39432e+32
-2.4004e+32
-2.40507e+32
-2.39937e+32
-2.40359e+32
-2.20025e+25
-2.17559e+25
-2.24719e+25
-2.19584e+25
-2.13943e+25
-2.39459e+32
-2.39481e+32
-2.39445e+32
-2.3951e+32
-2.3952e+32
-2.39449e+32
-2.39526e+32
-2.39424e+32
-2.39542e+32
-2.39546e+32
-2.3954e+32
-2.39542e+32
-2.39632e+32
-2.39679e+32
-2.39469e+32
-2.39723e+32
-2.40015e+32
-4.87427e+30
-4.81312e+30
-4.8046e+30
-5.46297e+30
-8.7395e+27
-9.22822e+27
-8.17897e+27
-9.48998e+27
-4.95639e+30
-4.84588e+30
-4.92474e+30
-6.33718e+30
-6.40311e+30
-5.96889e+30
-5.88049e+30
-6.47307e+30
-5.83109e+30
-6.10218e+30
-5.86109e+30
-4.59099e+30
-4.60979e+30
-5.00205e+30
-1.57763e+30
-1.38935e+30
-5.07713e+29
-3.04946e+29
-1.98752e+29
-2.69145e+29
-1.87514e+29
-1.08452e+29
-1.4954e+29
-8.37499e+28
-8.5925e+28
-6.24957e+28
-5.37786e+28
-4.49596e+28
-4.30432e+28
-4.382e+28
-2.39498e+32
-2.39477e+32
-6.43401e+26
-6.85962e+26
-4.73052e+26
-3.72505e+26
-3.20653e+26
-1.4933e+26
-6.56295e+25
-6.40207e+25
-6.28744e+25
-5.68446e+25
-5.34537e+25
-5.18281e+25
-5.00029e+25
-4.56698e+25
-3.23681e+25
-2.94266e+25
-2.87978e+25
-2.96475e+25
-3.06037e+25
-2.16802e+25
-2.73522e+25
-2.38698e+25
-2.12388e+25
-2.13081e+25
-2.14891e+25
-2.13069e+25
-2.10788e+25
-2.10836e+25
-2.09875e+25
-2.06781e+25
-2.11307e+25
-2.11022e+25
-2.08529e+25
-2.13445e+25
-2.10713e+25
-9.66859e+27
-7.76055e+27
-7.96663e+27
-2.14069e+25
-2.15101e+25
-2.19161e+25
-2.12725e+25
-2.15599e+25
-2.25546e+25
-2.81424e+25
-6.98372e+27
-2.44799e+27
-6.50342e+27
-7.08021e+27
-7.64272e+27
1.53647e+28
-7.74517e+27
-2.4084e+28
-2.40159e+32
-2.41199e+32
-2.40262e+32
-2.39776e+32
-2.4025e+32
-2.40091e+32
-2.40057e+32
-2.39719e+32
-2.39775e+32
-2.3964e+32
-2.39588e+32
-2.39576e+32
-2.39608e+32
-2.39552e+32
-2.39523e+32
-2.13397e+25
-2.94741e+27
-7.2163e+27
-2.98786e+27
-4.84048e+30
-2.39516e+32
-2.21021e+27
1.63715e+28
-2.40706e+32
-1.65716e+27
-2.12842e+25
-2.13991e+25
-2.39863e+32
-2.39685e+32
-2.15077e+25
-2.31309e+25
-2.14119e+25
-2.13267e+25
-1.31075e+29
-8.54224e+26
-1.08992e+27
-5.76594e+26
2.41663e+28
1.43631e+28
-7.51667e+29
-4.42214e+29
-1.51643e+30
-2.48569e+32
-2.44469e+32
-2.43411e+32
-2.38312e+32
-2.3959e+32
-2.39512e+32
1.63498e+28
-4.98206e+30
-2.39439e+32
-2.3943e+32
-2.40012e+32
-3.23224e+29
-1.92321e+29
-2.39484e+32
-4.27255e+28
-3.52018e+28
-2.95945e+25
-2.25239e+25
-2.69996e+25
-2.12714e+25
-2.15361e+25
1.54871e+28
-8.79126e+27
-5.811e+25
-7.14307e+25
-5.18867e+25
-4.35336e+26
-3.84512e+26
-4.20163e+26
-4.53309e+26
-2.26377e+28
-4.26999e+29
-3.87593e+29
-9.70928e+29
-2.39679e+32
-2.4168e+32
-2.40968e+32
-2.39555e+32
-2.39546e+32
-3.63145e+27
-6.40023e+27
-2.40002e+32
-3.30315e+26
-1.04637e+29
-2.98384e+29
-2.39555e+32
-7.87862e+29
-7.16196e+27
-2.23565e+25
-2.76735e+25
-2.39497e+32
-2.39512e+32
-8.92577e+27
-2.38349e+32
-2.38369e+32
3.16975e+28
-7.33144e+25
-1.93431e+25
-2.39515e+32
-2.82917e+28
-6.1721e+28
-3.30161e+30
-2.39566e+32
-2.41902e+32
-2.84681e+25
-2.39495e+32
-2.39571e+32
-4.95079e+30
-2.39665e+32
-4.60189e+30
-2.3969e+32
-6.23884e+28
-9.72015e+25
-2.09699e+25
-2.09699e+25
-1.43933e+25
-3.35758e+26
-2.19491e+26
-2.29814e+26
-5.75188e+26
3.47274e+28
6.1748e+28
-9.48983e+29
-1.70509e+28
-7.24455e+29
-4.14603e+29
-2.08783e+29
4.33373e+29
6.88561e+28
3.54154e+30
-2.68537e+31
-9.6257e+28
-2.03597e+31
-3.22936e+31
-1.12984e+32
-2.45236e+32
-5.67475e+28
-2.42999e+32
-5.28809e+28
-2.40558e+32
-2.38345e+32
-1.37723e+31
-2.33664e+32
-2.38218e+32
-4.22576e+31
-2.39481e+32
1.70394e+26
1.56921e+28
-8.82918e+27
-4.87881e+29
3.90676e+30
-2.52116e+32
-2.46727e+32
-2.38231e+32
-7.58964e+27
-2.39596e+32
-2.4028e+32
-2.39602e+32
-1.2266e+30
-1.46602e+29
-1.30562e+29
-2.94738e+25
-2.25423e+25
-2.15928e+25
-3.54302e+26
-9.2206e+26
-9.99117e+26
2.50408e+28
1.66083e+28
-3.03534e+28
-5.10903e+29
-1.42354e+30
3.88661e+31
-2.45591e+32
-2.42994e+32
-2.44785e+32
-2.396e+32
-7.55496e+27
-2.3933e+32
-2.39509e+32
-4.9932e+30
-2.39457e+32
-6.50226e+26
-2.39434e+32
-2.39472e+32
-5.71451e+30
-4.43994e+26
-1.39563e+30
-1.86204e+29
-1.15979e+29
-4.11527e+28
-3.27115e+28
-4.24944e+28
-7.17683e+25
-2.15484e+25
-2.14359e+25
-2.3901e+32
-2.39004e+32
-2.39036e+32
-2.39074e+32
-2.40694e+26
-2.18042e+26
-2.13361e+26
-2.25868e+26
)
;

boundaryField
{
    Wall
    {
        type            zeroGradient;
    }
    Inlet
    {
        type            zeroGradient;
    }
    Outlet
    {
        type            fixedValue;
        value           uniform 0;
    }
    Empty
    {
        type            empty;
    }
}


// ************************************************************************* //
