/*--------------------------------*- C++ -*----------------------------------*\
| =========                 |                                                 |
| \\      /  F ield         | OpenFOAM: The Open Source CFD Toolbox           |
|  \\    /   O peration     | Version:  2312                                  |
|   \\  /    A nd           | Website:  www.openfoam.com                      |
|    \\/     M anipulation  |                                                 |
\*---------------------------------------------------------------------------*/
FoamFile
{
    version     2.0;
    format      ascii;
    arch        "LSB;label=32;scalar=64";
    class       volScalarField;
    location    "4.2";
    object      p;
}
// * * * * * * * * * * * * * * * * * * * * * * * * * * * * * * * * * * * * * //

dimensions      [0 2 -2 0 0 0 0];

internalField   nonuniform List<scalar> 
2958
(
-65713.9
-26747.2
13776
-88578.9
-33551.7
14925
-52344.3
-70557
-10796.4
-73809.6
-63806.5
-57913.3
-71760.6
-57920.9
-70557.2
-64856.2
-32617.2
-71659.6
-57921.6
-67645.5
-57530.1
-31568.4
-57078
-73690
-71676.5
-67282.1
-66432.2
-87895.8
-63554.2
-64510.4
-67039.9
-32939.8
-57411
-7535.24
-64555.3
-71958.1
-57920.5
-57490.4
-67339.3
-77089.6
-457356
-64545.1
-50222.6
-65855.1
-57911.2
-20472.1
-63695.4
-27138.5
-78312
-71002
-65226.3
-48067.4
-95459.3
-64449.1
-65377
-150083
-76664.6
-79438.3
-66230.2
14984.5
-68367.6
-67492.5
-55151.9
-64692.9
-57925.5
-57922.5
-64534.9
-39286.9
-44204.3
-71917.4
-31263
-57911.5
-30043
-66288.8
-57912.6
-59953.3
-68584.1
-54920.9
-57860.2
-65013.1
-71548.1
-32703.5
-90547
-91698.5
-67421.3
-66336.5
-32900.8
-66456
-32206
-57891.5
-61812.2
-8711.95
-62676.9
-57922
15448.5
-46614.9
-71365.6
-89237.7
-57922.3
-57916.9
-88138
-66240.6
-56275.4
-29622.9
-58318.6
-58981.7
-57908.7
-79343.5
-57930.5
-41910.3
-125420
-65195.8
-57802.7
-72458
-57920.2
-57921.1
-66141.6
-65409.7
-31324.8
-65809.1
-71462.2
-57912.2
-62917.3
29886.3
-72304.7
-67838
-71831.5
-32076.2
-65916.5
-57921.9
-57867.6
-57881.4
-65509.5
-57927
-57909.8
-57924.8
-73058.6
-66924.8
-57920
-57921.2
-67853.1
-29449.9
-57593
-57933
-65754.5
-29742.2
-57893.1
-57914.8
-5156.83
-57913.7
-67662.2
-71839
-74017.3
-59430
-71288.1
-57946
-57125
-65879.3
-53181.3
-125705
-72457.3
-75873.8
-69361.5
-57916.9
-72458.7
-73669.9
-52986.9
-57922.3
-88311.7
1341.65
-32171.7
-57909
-58181.9
-32452.8
-57944.6
12984.3
-33220.3
-4238.53
-51617.7
-44796.8
-59160.7
-31113.3
-70516.8
-155020
-29192.3
-30410.7
-29004.7
-57930.3
-32699.6
-82534.5
-33142.4
-48222.6
61218.6
-80025.7
-35417.7
-63191
-25647.3
-32982.4
-64930.4
-238172
-75758
-57926.5
-65764.3
-6826.64
-186018
-44741.5
-61356.8
-49927.8
-32460.8
-80574.7
-57920.6
-57880.5
-57920
-27688.6
-57919.7
21298.8
-64618.1
-57921.6
-57922.6
-57920.9
-57908.7
-29998
-53570.9
-30271.5
-230215
-65015.5
-88479.5
-57922.7
-22585.9
-31768.1
-28226.7
-35024.5
-24347.4
-33219.1
-63454.2
-57906.5
-57947.1
-65962.8
-57949.7
-36579.4
-57954.8
-37472.9
-80785.5
-87918.9
-67602.9
-159930
-57071.2
-72299
-64406.1
-66332.7
-77603.8
-70111.2
-66506.9
82930.8
-88330.3
-37163.9
-65411.3
-7208.03
-66996.2
-32768.6
-65424.8
-57720.3
-33954.3
104201
-67975.7
-63829.3
-72430.8
-66494.5
-61993.3
-57194.3
-57920.1
-31667.7
-65660.5
-57906.7
-27341.5
-66503.1
-57921.2
-31476
-57926.7
-29208.8
-57920.1
-57981.5
-67778.2
-66752.6
-35025.4
-57917.9
-60215.6
-109214
-132455
-63978.4
-72811.8
-33335.1
-57918.8
-57914.7
-80380.6
52927.8
-57920.8
-65351.2
-57921.1
-75651.9
-72394.8
-33320.9
-7522.3
21466.5
-68082.3
126222
-94960.1
-57699.8
-65507.2
-65769.3
-57929
-65718.1
-64694.1
-57924
-27922.9
-229104
-34707.4
-53345.2
-31763.7
-66788.5
-31129
-33245.4
-66953.3
-38148.7
3380.86
-57203.1
-65194.9
-57948
-127671
-512782
-32816.3
-74560.5
-57910.2
-57920
3254.98
-57920
47735.3
-166998
49697.4
-57927.7
-66517
-22189.4
-32592.8
-33077.6
-57931.3
-28825.4
-57932
-50766.5
-69453.6
-67916.2
-92700.8
-72397.2
-36457
-69789.1
-31260.8
-65574.1
-57921.1
-67208.6
-46577.8
-65887.3
-511875
-66114.6
-76736.5
-34305.9
-69700.1
-32724.1
-53537.6
-109140
-83130
-32554.5
-77475.8
-33634
-57920.8
-79172.4
-65251.8
-32563.7
-65256.2
-75303.6
-33024.5
-32362.2
-68372.2
-62458.3
-57863.6
-67082
-33452.6
-58143.1
-67035.7
-33211.1
-57053.7
-57881.2
-72239
-57921
-57166.9
-31735.2
-63768.3
123996
-512865
-57920.6
-57914.7
-32386
-66528.1
-65275.3
-30230.7
-86660.1
-65003.7
-65731.3
-29617.6
-66441.9
-65944.6
-69340.7
-67302.5
-71517.2
-63973.3
-36236.2
-14012.9
-32131.6
-33912.6
-178921
-65914.5
-65915.6
-57911.4
-48665.8
-28832.6
-43266.6
-69910.7
-57338.3
41740.1
-69676.5
-65611
-28724.3
-33634.5
-65104.5
-30692.5
-75652.2
-75053.6
-33238.3
-29257.3
-74492.7
-68010.5
-57926.4
-30519.9
-30241.4
-65395.2
-71361.8
58956.1
-59574.4
-57968
-19496.6
-57947.3
-33013.7
-57940.9
-34520.1
-63817.7
-34911
-67631.3
-72619.2
-57920.1
-65796
-29612.6
-57920.8
-29800.2
-88395
-68900
-69544.4
-65632
-53172
-16430.5
-61129.6
-65546
-53364.9
-69678.7
-57913.7
-72327.8
-18957.8
-65540.6
-31209.5
-62552.3
-33059.2
6744.09
-64493.9
-71521
-29162.3
-57925
-58865.5
-27849.2
-66754.7
-68445.2
-62712.5
867.518
-65491.2
-23319.8
-29691.2
-81617.9
-66599.5
-31291.7
-64561.4
-76364.1
-57931.8
-57962.6
-57939.8
-33608
-57934.1
-57925
-67805.3
-74100.8
-57918.9
-94336.9
-30456
-73683
-70188
-57845.3
-57920.9
-66130.2
-57921.7
-65002.5
-65020.3
-6591.63
-79840.8
-31867.9
-68588.2
-57904.7
-32480
-66222.1
-9266.8
-65184.2
-65192.3
145860
-57696
-64460.7
-74391.3
-64463.8
-57904.8
-32691
-57903.3
-62961
-53540.2
-33634.8
-30682.4
-67792.8
-64481
-65972.9
-65213.5
-57914.2
-64596.2
-57953.5
-62748.2
-64305
-57118.8
-57919.4
1280.18
-57909.3
-57918.4
-27999.6
-66644
403618
-68683.3
-65973
-65617.2
-64561.1
-72907.3
-66361.5
-37876
-64403.7
-65783.3
-65737.4
-65176.8
-57926.5
-65561.5
-35068.7
-65339.2
-66866.6
-66126.4
-57930.4
-57921.4
-58120.2
120951
-57952.9
-67760.5
-57922.9
-69369.2
-31647.1
-27724.8
-61390.5
-29019.5
-68216.1
-57681.4
-57950.2
-57917.8
-27301.5
-72431.2
-57920.5
-57923.1
-67373.7
-70808.3
-57349.5
-79542.7
-64669.2
-76762.4
-65794.6
-62909.8
-57910.8
-66719.3
-58114.6
-67924.4
-8916.4
-65976.5
-80181.7
-72308.3
-55965.6
-57920.4
-65193.5
-70555.1
-57927
-57920.3
-64229.8
-74145.5
-52389.7
-25929.5
-57910.9
-40049.9
-65301.6
-84605.2
-65987.9
-29790
-67095.9
-57867.5
-35561.5
-66400.6
-65066.3
-57921.8
-71688
-57922.4
-31707.2
-57921
-64307.4
-64784.9
-58198
-23205.8
-67361.3
-51194.9
-57950.7
-66321.5
-79792.5
-58181.5
-65797.5
-80249.9
-24270.5
-57884.3
-64571.3
-57919
-57931.7
-71620.5
-74534.1
17384.8
-69507.4
-31734.3
-27126.7
-55888.4
-56455.7
-29220.6
-33622.9
-55927.6
-57887.5
-57833.3
-62982.3
-57927.3
-30216.6
-57945.3
-66212.4
-63460.2
-32828.2
-32990.2
-181933
-136326
99221.4
-41628.2
-65322.9
-140592
-57886.9
-57919
-33416.1
-66129.1
-57918.4
40102.1
-57928
-31859.4
-30390.4
-65102.8
-67052
-28840.8
-62085.7
-33463.9
-67905.4
-68072.3
-65694.4
-57089.8
-99379.2
-66842.5
-65885.6
-57850.7
-57921.5
-67351.9
-64802.7
-66546.2
-67252
-63796.5
-34125.2
-102109
-74801.1
-32966.8
-35078.4
-32891.2
-33232.8
-66022.3
-69316.6
-73273.6
-76301.6
-65419.2
-69992
-33208.1
-48343.7
-57882.9
-31700.3
-67744.7
-57930.6
-34534.7
-57925.7
-202378
-53270.7
-57887.7
-68845
-125324
-70909.2
-30524.2
-52111.2
-77045.3
-66135.4
-65058.8
-57532.3
-58101.2
-65698.1
-51209.7
-187319
-67216.7
-65912.3
-57091.3
-72496.1
-53035.9
623.122
-74716.2
-89680.2
-59676.8
-57912.6
-111563
70589.8
54593.1
-65537
-67308.7
-79334.1
-62061.5
-57920.3
-57923.1
-57919.1
-71928.3
-30600.5
-57922.2
-65567.9
-57921.3
-72152.8
-57787.8
-58028
-34390.8
-48215.1
-68211
-57922.2
-57923.1
-73560.3
-67812.6
-57915.6
-57920.6
-27190.3
-57920.9
-87645.2
-67859
-58145.8
-36076.3
-65701.8
-57901.2
-29019.8
-65798.6
-66159.1
-71327.2
-65659.9
-68759.6
-45123.8
-33243.7
-57059.1
-64663.1
-66893.7
-66873.3
-22189.6
-57943.9
-67912.3
-79315.7
-66373.8
-73380.5
-66765
-57380.3
-26483.1
-73196.4
-30914.8
-53373.2
-71540.9
-57923.5
-62480.9
-69325.1
-34134.4
-66355.7
-40033.9
-100272
-71845
-64784
-71224.5
-80119.3
-65069.8
-38076.7
-64524.4
-68071.7
-39898.2
-72146.1
-32655.7
-66374
-65910
-126072
-65895.7
-24824.9
-90474.4
-57922
-117380
-64111.2
-70240.7
-67248.9
-57932
-57466.1
-57910
-64192.2
-67153.5
-48984.6
-66564.7
-66645.7
-66015.2
-66738.8
-74061.7
-9838.01
-29542.2
-85866.2
-31240.2
-57932
-72475.5
-86167.6
-32432.7
-10461.1
-80303.8
-64661.6
-80317.3
-48861.6
-35223.2
-68954
-57990.4
-62706.5
-76378.4
-57917.3
-26895.4
-140335
-95219.7
403804
-33330.4
-57921.3
-57463.9
-64888.3
-57920.4
-57920.2
-57919.1
-32631.8
-65863.2
-70405.1
-31984.9
-51195.7
-64687.9
-42616.6
-133537
-65522.1
-31460.9
-57922.2
-30788.6
-76107.9
-65145.3
-72002.6
-31622.9
-76914.3
-23570.5
-186861
-57922.4
-69387.3
-30125.6
-34577.7
-31190.3
119121
-33001.7
-57889
-71585.3
-30730.3
-63153.6
-31416.6
-76582.5
-32621.4
-75808.4
-57986.9
-30526.7
-63896.1
-32158
-13865
-56828.2
-65436.6
-62684.3
-32309.5
-8057.08
-63898.1
-25922
-26650.8
-37839
-76147.7
-37910.7
-62056.1
-64433.4
-25647.7
-65469
-31762.3
-64294.2
-31495.8
-66812.4
-29838
-57921
-65552.1
-63022.1
-33758.9
-71813.7
-73776.3
-73700.6
-30470.4
-72499.8
40184.6
-64933.5
-117998
-67179.2
-30609.4
-65117.6
-62654
-53223.5
-57917.8
-57921.4
-33610.1
-32568.7
83376.4
-57918.3
-67785.2
-76787.9
-34610.9
-65864.9
-72132.1
-24036.3
-66718.6
-97035.4
-57924
-42684.1
-57920.8
-67057.8
70728.7
-71202.4
-119212
-58015.5
-71590.3
-57913.7
-61999.8
-68073.2
-34374.6
-64682.9
-66441.8
-38313.4
-32747
-35400.2
-66914.2
-65701.7
2181.65
-36097
-65869.6
-72031.3
-32560.1
-30384.1
-32108.4
-30633.5
-24110.4
101130
-66419.8
-28039.5
-69301
-66026.2
-65933.1
-57252.2
-57607.8
-511198
-32876.3
-57936.4
-127793
-35309.6
-65536.6
-57922.6
-89903.6
-67914.8
-52543.7
-65229.3
-72157.1
-129011
-89696.3
-11489.6
-57220.2
-65031.2
-65908.3
-22415.9
-85683.2
-57910.1
-48857.6
-43730.7
-65558.2
-57923.7
-57918.8
-69501.5
-57916.6
-57926.8
-59496.9
-65447.9
-60961.4
-57935.6
-57927.1
-35138.4
-57189.9
-65332.7
-67093.1
-72220.3
-57918.8
-71289.1
-65194.1
-69295.4
-33159.9
-57037.7
-76450.6
-57922.1
-65148.2
-57927.3
-57921.9
-57921.5
-72311.1
-66448.7
-57059.1
-66595.3
-71941.3
137180
-65843.1
-80073.4
-32954.8
-57926.3
-28836.9
-57941.8
-143170
-110066
-57927.1
-91374.8
-74090.1
-78234.8
-29628.3
-76492.8
-66586.3
-61921.1
-34609.7
-71646
-57837.3
-64187.2
-25962.7
-69914
-69522.7
-72423.2
-70391.1
-33904
-65940.3
-71430.5
-57912.7
-510792
-32485
-72112.1
101343
-69811.9
-25509.7
-31723.7
-57931.6
-21557.5
-69314.7
-31154.5
-57927
-89173.6
-57913.3
-57920.2
-57917.2
-57920.6
-9452.47
3320.46
49496.9
-68365.4
-32664.3
-34090.9
-33534.7
-32007.1
-29381.3
-27647.7
-77621.2
-64690.1
-63597.5
-64486.8
-30074
-32192.1
-31563.8
-57920.3
-70051.1
-71436.7
-42188
-76455.9
-67272.5
-79076.7
-65105.5
-57921.7
-57911.3
-67828.2
-57466
-65844.3
-71404.6
-66768.6
-77831.1
-73643.5
-65738.7
-36942.6
-47881.4
-57959.3
-79467.1
-73404.6
-148027
-89216.8
-62936.7
-67076
-71814
-65209.4
-57926.5
-111604
-143348
-74356.8
-29835.1
-65754.2
-65273.2
-53206.9
-64975.9
-48393.5
-28898.9
-57921.9
-65818.6
-48650
-71090.1
-57926.7
-57951
-64886.9
-65279.3
-69038.7
-66512.1
-72486.8
206453
-57917.3
-70695.4
-69917.2
-57797
-68401.7
-57853.9
-66365.9
-28514.2
-57917.5
-68413.4
152191
-67311.8
-67201.1
-69282.4
-57875.9
-65227.8
-57933.2
-65014.8
-80542.1
-128257
-65234.5
-57589.1
-7422.98
-66129.4
-134899
-57922.1
-62639.7
-62488.9
-66094.2
-57122.9
-71806.3
-68072.5
-66222.4
-74820.1
-64464
-63124.5
-65347.6
-82919.9
-57929.3
-80334.4
-64930.4
-69068.9
-65664
-65198.5
-32398
-31874.9
-57935.5
-64871.2
-40282.2
-57919.2
-65460.2
-57620.5
-71155.9
-57950.3
-32312.5
-30637.4
-65829.5
-30938.6
-75592.4
-57762.3
-31543.8
-64968.7
-64653.2
-71302
-31135.1
-65893
-71185.3
-57927.5
-57923
-55721
-54760.3
-57924
-57483.6
-32432.7
-66738
-29771.6
-31303.3
-80701.9
15314.6
-69817.4
-65058.4
-29224.3
-33263.2
-66657.2
-75409.1
-67423.1
-64297.6
-29109.3
-74570.1
-31627.8
-64921.3
-64179.9
-81114.4
-31967.2
-31483
-50691.5
-39567.7
-53901.7
-40545.2
-130196
-32309
-60980.4
-53334.2
-66348.5
-75826.5
-50637.1
-67289.3
-58072.5
-32610.5
-65785.3
-57920.9
-64664.6
-66503.9
-66471.8
-65020.7
-39773.8
-73439.7
-36072
-32990.4
-64886.7
-66368.3
-33439.9
-65344.8
-67901.9
-125457
-68861.5
-32699.1
-57928.9
-105078
-47520.6
-57921.7
-64878.3
-67572
-27276.5
-67754.4
-87300.6
-66673.6
-30406.1
-57900.1
-66909.9
-64722.3
-34647.8
-200322
-65855.4
-64203.9
-64421.4
13661.1
-37156.6
-57817
127136
-57912.2
-86980
-57915.7
125296
-57926.1
-67136.1
203773
-52501.1
-57927.5
-75823.8
-57920.7
-57874
-68317.3
-57920.9
3836.78
-57662.4
-65410.2
-57925
-78826.2
-85616.6
-65324.6
-57925.7
-69383.6
-59241.2
139642
-57918.5
-26801.3
-57912.3
-90036.2
-57920.1
-80708.5
138317
-57922.2
-116084
-89230
-66967.3
-33794.2
-59474.1
-31129.2
85857.7
-57905.7
-75954
-57898.1
-57456.1
-42175.6
-65810.9
-57900.2
-77243.6
-57406.2
-75223.1
-66224.6
-27511.6
-30344.2
-66104.8
-155057
-31662.2
-67869.1
-33554.9
-57928
-57928.6
-68711.1
133072
-70888.1
86835.2
-66951.7
-57876.1
-57913.5
80267.5
83487.9
-69992
-34882.7
-67828.8
-12701.3
-31092.8
-57074.2
-57920.6
-57920.2
-50964.5
-9032.63
43399.7
-62857.1
-62602.1
-97123.7
-72925.7
-72173.1
-79641.1
-79300
-57919.8
-73017.2
-64914.9
-65929.8
-31657.8
208016
-57926.9
-65927.6
-66919.9
-66391.9
-57929.7
-68396.2
-32462.7
-79463.1
-57930.2
-75190.9
-233134
-57922
-57858.9
-57922.4
-57920.4
-57921
-57920.6
-34911.4
-68614.5
-73793.3
-72484
-74317.4
-62203.2
-31284.2
-65142.5
-57926.2
-57905.4
-72699.4
-62655.9
-57922.4
-64502.7
-32742.5
-57935.1
-67780.3
-71288
-33517.9
-16435.7
-30917.9
-53447.1
-35202
-132097
-65857
-49424.7
-67545.3
-57926.7
-58255.5
-41102.1
-64230
-57905.5
-89471.8
-71845.4
-66030.7
-57917.7
-71296.3
-71604.8
-33164.5
-67870
-38962.3
-66338.8
-57918.6
-65586
-34621.6
-64721.8
-36615.7
-38539.9
-75167.8
-57927.4
-66400.7
-67655.2
-65388.1
-70955.7
-65515.4
102737
35180
-39593.9
43535.2
-64577.9
-67998.3
-65156
-31891.3
-65668.9
-32895.5
-64709
-65452.4
-62573.6
-57656.6
-57921.3
-38015.7
-31551
-33645.4
-65245.6
480853
-31077
-30350
-31928.3
-58070
-62077
41073.8
-52064.6
-27539.7
-65392.1
-57920.4
-68285.7
-64701.1
-34599.5
402434
-31908.3
-57920.7
-37570.5
480829
-66633.1
-68636.3
-72234
-57913.2
-65675.9
-33392.6
-67778.3
-203312
-66209.6
-57918.2
-66256
-57911.2
-31651.6
-32852.8
-27908.6
-65017.9
-65145.5
-65458.9
-57921.4
-70546.9
-40992.5
-74667.8
-64218.5
-142575
-63971.4
-63117.6
-65516.8
-70715.5
-79893.2
-30901.3
-66562.3
-30592.3
-66473.7
-57919.2
-53131.7
-18892.9
-69422.2
10404.4
-52906.9
10493.6
-31105.2
6264.95
-8405.59
-64831
-65872.1
-27170.4
-65822.3
-57927.3
-57913.2
-57921.2
-58166.2
-67820.3
-57920.3
-57926.9
-66050.7
-89111.3
-57921.9
-147891
-68022.6
-57806.9
-64632.9
-74803
-71951
-221978
-66996.1
-74497.1
-29292.6
-59278
-52767.6
48280.1
-64761.8
-32229.6
-57852.5
-69640.8
-65684.8
-65467.2
-66391.5
-66450.4
-57920.9
-58062.2
-69399.9
-57910.5
-57926.2
-213416
-18854.7
-57921.1
-65466.2
-57915.5
-65966.9
-72752.4
-57926
-65601.6
-26396.7
-71128.1
-33409.7
-44343.4
-8872.42
-8800.9
-31868.9
-31633.8
-65568.8
-71324.6
-65724.9
-77496.4
-57922.4
-31895.7
-57927.4
-59838.2
29953.2
-64217.2
-65278.2
-58252.1
-52913.9
-32178.7
-28353.9
-57921.9
-57921.8
-57922
-57914.3
-57914
-57913.9
-57162.2
-58536.6
-204605
-186761
-205551
-251894
-28635.2
-19041.7
-23297.4
-29316
-20435.5
-24470.4
-21408.7
-24979.5
-9303.93
-9272.82
-23865.3
-38399
476813
-91360.9
-176430
-155753
-166952
-118690
-97301.7
-148877
-117879
-66423.4
-69899.8
-81239.9
-90156.3
-29341
-57505
-28232.4
-57842.1
-73440.2
-27815.7
-57839.4
-57418.4
-57855.5
-57475.3
-57905.6
-57912.1
-57904.4
-57921.6
-57920.1
-57926.1
-57921.5
-57928.5
-57931.7
-57929.7
-57928.4
-57948.1
-57949.4
-57941.2
-57914.8
-57743.1
-57517.1
-57763.9
-57776.2
-57496.4
-57132.1
-57087.8
-190938
-206095
-75562.4
-92763.7
-159235
-148408
-66051
-64352.7
-67098.4
-67488.7
-67050.7
-65839.7
-67291.8
-67263.4
-66376.2
-67269.7
-64180.2
-68791
-68596.7
-64223
-65141.7
-65588.8
-65665.8
-65630.9
-65525.7
-65362.4
-65625.6
-65718.7
-66377.3
-66131.7
-66362.7
-66606.1
-66789.8
-67129.2
-66786.8
-70084.2
-69850.1
-69789.1
-71196.9
-73492.8
-72598
-71204.8
-80725.3
-83051.7
-80084.2
-81158.3
-82918.9
-81456.6
-83278.4
-83690.6
-83690.3
-85218.7
-85068.2
-84302
-87473.1
-86037
-90280.1
-71549.6
-65668.8
-70704.5
-81131.9
-61940.9
-65147.7
-66067.6
-45539.3
-46095.9
-35466
-26769.5
-25280.5
-26538.1
-66024.9
-5464.31
-36730.5
87642.4
99188.1
89043.3
-24485.1
52083
61231.8
70734.6
70240.3
7372.88
4148.75
-3333.47
-16607.2
-10322.7
-16697.1
-16588.1
-7675.13
-16136
-32831.6
-31052.5
-31627.3
-16580.5
-23644.9
-21337.9
-19995.6
-33042.1
-17751.7
-33218.7
-30569.9
-36607.4
-36113.2
-28466
-28741.3
-27590.9
-28580.5
-29643.9
-26634.3
-89344
-89125.4
-130733
-78313.8
-79806.4
-83715.2
-74685.5
-81829.1
-151188
-131194
-124702
-64419.5
-98824.2
-83989.7
-70996
-53357.7
-73031.1
-40342.9
-510843
-512915
-288211
-512536
-511571
-302075
-512665
-796719
487845
-785216
392434
307528
-146732
-520756
-331166
-358720
-66968.4
-307856
-305695
-88036.1
-139939
-150746
-59623.7
-51361.8
-53313
-53610.9
-53236
-53347
-53294.7
-53208
-52660.8
-53478.4
-50240.5
-66492
-63860.8
-71225.2
-68750.7
-67438.2
-68140
-67275.2
-66742.7
-67007.3
-66861.7
-66862.9
-66546.2
-66868.5
-66524.5
-66557
-66936.2
-66575.9
-65837.1
-66000.4
-65899.8
-66297.4
-66523.1
-57924.6
-57946.2
-57970.9
-57706.2
-57569
-57545.2
-57404.1
-57483.2
-57531.5
-57594.7
-57521.2
-57890.6
-57882
-57864.5
-57906.7
-57865.8
-57863.7
-57900.3
-57863.9
-57946.2
-57941.7
-57897.4
-57940.6
-57936.3
-57921.3
-57943.6
-57890.1
-57886.6
-57940.7
-57924.3
-57925.5
-57921.1
-57926.5
-57927.1
-57927.2
-73747.6
-57923
-57924.4
-57922.7
-57922.5
-57926.2
-57923.9
-57922.6
-57926.1
-57920.4
-57899.4
-57765.5
-57473.9
-57732.2
-56915.8
-56947.1
-57397
-57568.9
-65554.8
-65353.5
-65608.2
-66244.5
-66398.4
-74140.8
-84199.7
-85346
-60018.8
-179254
-71339.5
-63508
-34005.4
-64758
-44986.7
107794
102825
71265.5
44842.9
-13969.3
-46911.7
-36229
-26506.2
-24964.7
-19416.3
37691.4
-38158.1
-245839
-62349.3
-103015
-74791.1
-72344.5
-76746.6
-80716.5
-59263
-119577
-59398.8
-511286
-512662
-512196
-774649
-174358
-305313
-103775
-128180
-94328.1
-60604.9
-59363
-53616.2
-53723
-53340.1
-53014.8
-68784.5
-67132.3
-66536.2
-66534
-67273
-66633.6
-66719.5
-67718.8
-66578.1
-65932.5
-66040.2
-65879.7
-57857.8
-57338.3
-57567.8
-57930.7
-57903.2
-57844.9
-57908.8
-57865.4
-57895.1
-57948.9
-57957.5
-57960.6
-57929.2
-57582.5
-57921.3
-57927
-57926.7
-57924.6
-57926.3
-57930.1
-57922.2
-57925.8
-57923.5
-57921
-57917.2
-57916.8
-57917.7
-57917.6
-57917.8
-57918.2
-57918.6
-57919.6
-57924.9
-57921.7
-57920
-57921
-57919.6
-57920.5
-57920.3
-57919.7
-57923.1
-57923
-57923
-57923.6
-57922
-57921.9
-57926.1
-57922
-57920.9
-57959.1
-57945.2
-57979.3
-57967.1
-57963.4
-57848.3
-57825.8
-57768.4
-66692.6
-67025
-67976.8
-67574.9
-67723.4
-90096.5
-77318
-78450.4
-84247.8
-139658
-122442
-133748
-76087.6
-142627
-65018.1
-64110.8
-64540
-65324.5
-65310.5
-65099.5
-64980.4
-65855.3
-65331.9
-65937.2
-66118.8
-65390.7
-65857.5
-66755.8
-66407.2
-66909.7
-66639.8
-66693.4
-67076.3
-67069.3
-67211.3
-66987
-66781.5
-67855.7
-67661.8
-68366.2
-68565
-66299.7
-68291
-67873.2
-68813.7
-69329.8
-68834
-70717.1
-70844.2
-70952.4
-71591.8
-71527.7
-71517.2
-71898.5
-71859.3
-72005.5
-73521.8
-72579.7
-71855.3
-75332.5
-73749.6
-76020.9
-74860.1
-76033.2
-74428.8
-37430.8
-37420.5
-39649
-33934.2
-32832.5
-28645.2
15795.5
-30058.3
-29460.5
8272.34
-27525.2
-16555.9
-15451.5
-26695.7
-23459.4
31373.8
-19633.1
-55621.7
-42756.3
-57082.4
-38782.1
-48044.7
-40535.6
-35978.9
-9823.19
-32109.9
-34451.3
-32022
-32516.7
-34295.3
-33747.4
-34763
-34178.7
-34772.1
-32779.4
-31861.3
-31021.7
-30924.6
-30394.5
-34899.2
-30250.2
-30404.6
-31233.5
-32403.2
-31521.5
-30565.7
-27647.8
-62045.2
-29736.2
-30230.7
-29489.7
-40860.3
-38474.5
-78180.6
-108787
-69762.7
-88081.3
-166962
-130217
-124149
-107857
-80483
-75002.9
-81431.6
-79429.7
-78165.3
-84576.9
-74201.5
-76395.7
-79444.8
-85363.8
-71260.7
-82204.9
-86114.2
-82729.1
-93170.1
-61969.7
-82436.5
-514191
-282400
-65994.3
-187534
-204522
-91156.2
-139396
-65973
-205352
-100709
-90007.8
-106199
-79576.9
-81002.8
-69056.7
-95467.6
-69343.4
-69334.4
-64304.9
-66147.3
-64364.5
-62808
-62788.7
-62757.1
-62479
-62697.6
-63093.6
-62541.1
-62734.5
-62928.4
-62379.5
-63430.7
-62300.4
-63050.9
-64380
-63393.1
-65526.3
-63597.8
-64174.8
-64908.2
-65160.8
-64914.5
-64692.3
-64921.1
-65043.5
-65124
-65020.9
-65630.2
-65313.3
-65938.8
-65168.9
-64948.8
-65190.4
-58643.2
-57349.5
-58685.7
-58020.5
-58049.4
-58031.2
-58023.4
-58020.9
-58007.3
-57920.5
-57877.2
-57855.8
-57927.8
-66015.2
-57917
-57904.6
-57925.3
-57922.5
-57921.2
-57921.4
-57922.1
-27972.5
-57922.7
-57922.1
-57921.9
-57923.4
-57919.8
-57919.1
-57928.5
-57920
-57920.2
-57917.2
-57922.1
-57923.2
-175139
-30612.9
-30393.2
-68748
-68362.7
-67956.2
-57920.9
-57920.6
-57921.3
-57921.1
-57917.3
-57919.7
-57920.5
-57919.5
-57919.3
-57919.6
-57920.8
-57920.6
-57920.2
-57920.3
-57920.6
-57920.3
-57920.2
-57919.4
-57921.9
-67419.8
-57920.8
-57919
-57919.8
-57918.3
-57967.2
-57958.6
-57951.4
-57952.8
-57341.4
-57832.7
-79553.7
-66592.4
-67653.7
-67833.8
-67428.7
-67313.6
-67468.3
-67728.1
-68158.2
-76531.6
-85894.7
-73414.6
-77221.1
-69611.6
-74119
-79532.5
-65200.5
-64578.5
-64679.6
-65412.9
-65400
-65604.8
-65544.5
-65613.5
-64937.1
-65489.6
-64409.4
-66008.3
-65865.3
-65452.2
-65382.7
-65646.1
-65444.3
-65133.3
-65401.6
-65425.1
-65406.2
-65307.7
-65501.5
-65895.6
-65104.8
-65360.9
-65474.1
-66365
-65453.2
-65160.8
-65662.4
-64923.4
-65515.1
-65973.2
-68889.7
-66284.5
-65496.1
-65985.1
-73800.3
-69667.5
-66416.7
-66411.6
-66570.9
-66401.5
-66410.9
-66503.9
-66335
-66273.2
-71043.9
-75921.2
-67977.9
-72644.8
-30247.6
-31681.2
-75052.8
-75913.3
-76758.7
-47451.6
-77452.6
-49140.4
-42666.1
-33856.7
-35171.3
-33219.9
-28766
-34736.3
-40105.4
-35856.1
-31815.3
-31868.9
-32280.6
-24224.2
-25999.8
-24837
-29618.1
-28664.6
-27166.3
-26771.7
-30246
-22497.5
-28113.9
29826.9
-22736.7
-21602
16430.3
-8750.64
-35185
-35247.9
-33388.4
-34487.8
-25565.2
-34239.7
-32380.2
-35263.2
-35860.6
-33997.5
-36322.4
-31738.6
-34337.6
-35668.8
-32581.5
-33523.1
-34703.2
-34768.1
-30170.7
-41434.7
-39532.5
-32970.9
-32132.3
-32016.7
-32195.5
-31217.1
-31175.6
-31399
-31021.8
-31481.2
-30786.7
-32660.9
-32363.5
-30813
-31256.1
-30202.6
-30630.3
-28269.8
-30956.3
-28001.5
-27567.3
-27878
-29270.7
-25895.6
-27340
-75637.6
-39508.7
-100454
-75680.4
-71758.8
-73400.3
-72517.2
-74247.3
-89541.5
-73222.7
-73960.2
-80236.8
-73854.6
-74525.6
-74164
-72092
-69950.7
-75059.9
-77857.9
-72539.9
-73106.8
-71194
-58590.3
-84672.3
-85031
-83432.6
-92006.2
-74154.1
-85932
-74844
-74954.8
-73794.7
-76336.9
-72962
-71977.7
-71233.7
-67642.7
-70401.2
-68889.5
-71373.1
-66942.1
-62493.6
-65546.1
-68036
-65343.9
-62640.9
-62565.4
-64374
-64385.6
-62489
-64423.8
-64500.1
-64363.5
-64563.2
-65142.9
-64537.5
-62625.2
-64444.1
-64854
-64844.4
-64818.5
-64319.2
-64192.7
-64445
-65750.4
-65337.7
-72221.4
-64240.1
-63555.3
-64825.7
-64500.3
-64790.5
-64951
-64525.9
-64784.9
-64777.4
-64520.8
-65157.7
-64944
-65419.7
-65192.5
-65233.3
-64824.4
-65080.3
-65005
-65246.5
-65652.1
-64951.6
-64857.6
-57878.4
-80177.1
-57835
-57776.3
-57996.7
-57869.4
-58012.3
-57815
-57907.1
-57917.1
-57904.2
-57860.6
-57922.4
-57930.5
-57923.7
-57920.1
-57919.3
-57919.7
-57920
-57920
-57923.8
-57920.9
-57922.7
-57920.7
-57923
-57920.2
-57919.5
-57921.9
-57919
-57928.9
-57917.6
-57921.1
-57920.2
-57917.8
-75157.7
-72559.2
-38693.9
-30163.7
-37191.6
-37758.2
-31586.4
-27916.3
-31093.3
-67976.4
-67689.3
-29731.4
-67313.6
-67873.3
-73862.4
-67107.2
-69008
-68395.7
-57918.2
-57919.6
-57920.6
-57919.1
-57947.5
-57872.5
-57941.6
-57860.9
-29695.3
-30645.4
-30181.8
-30246.4
-24327.1
-57920.6
-57920
-57919.2
-57919.1
-57916
-57920.8
-57921.6
-57919.8
-57919.5
-57920.6
-57921.5
-57920.6
-57921.4
-57920
-57920.4
-57922.8
-57956.3
-67775.9
-68424.3
-67645
-68718.2
-73061.8
-71729.9
-72134.2
-72252.3
-65635.5
-67727.9
-66644.7
-65214.9
-65343.1
-65468.4
-65618.8
-65470
-65513.4
-65033.1
-65496.2
-64340.9
-64388.1
-65438.8
-65220.9
-65001.3
-65438
-63837.5
-64249.9
-63138.8
-64773.5
-64983.8
-65336.3
-63883.5
-66424
-64478.9
-64316.6
-66870.1
-65982.4
-67667.6
-57919
-57919.4
-75212.6
-75176.1
-76129
-75142.6
-70235
-66239.3
-45045.7
-45536.7
-46674.1
-39334.1
-38780.1
-37759.1
-33838.9
-38632.6
-31991
-26177.7
-24532.8
-27315.4
-25880.6
-29631.2
-27091.7
-29406.8
-33615.1
-32468.9
-31804.8
-32435.2
-34475.4
-32982.9
-33338.6
-33221.8
-32267.5
-32293.8
-31583.5
-31628.6
-32399
-70923.4
-71322.9
-72088.4
-31886.8
-31218.3
-30438.5
-32747.2
-29703
-29945.1
-27325.7
-73856
-74189.5
-74405.3
-71349
-73027.5
-71471
-72449.5
-70119.2
-57953.2
-57910.6
-57928
-57935.9
-57922
-57920.8
-57920.1
-57920.1
-57921.2
-57920.7
-57920.2
-57922.2
-57921.8
-57919.4
-57919.5
-27737.1
-73612.9
-75056.4
-75360.1
-68143.3
-57919
-75122.1
-78210.5
-57848.8
-77450
-32685.1
-32309.1
-57919.8
-57922
-31940.8
-29324.8
-30464.7
-30727.8
-69395.9
-74858.4
-73034.1
-72695.5
-91667.5
-82900.1
-65696.6
-65294.6
-65009.2
-58005.3
-58003.6
-57930
-57925.7
-57923
-57925.5
-72915.2
-68697.6
-57920.9
-57920.7
-57942
-66438.4
-65587.8
-57920.4
-67730.3
-67597.3
-30995.3
-29529
-27052.9
-34193
-25617.6
-66903.2
-72726.7
-38100.9
-49701.6
-38300.1
-73859.8
-74928.3
-75251.4
-72418.1
-68554.3
-64529.2
-64634.8
-65273
-57920.8
-57909.9
-57915.9
-57921.5
-57920.4
-73725.3
-72362.3
-57935.9
-72956.8
-64577.6
-63874.7
-57920.1
-64680.2
-73924.7
-29894.3
-27656.4
-57921
-57920
-71072.5
-57914.1
-57913.5
-171968
-18283.1
-8926.88
-57918.8
-115435
-92604.2
-83362.9
-57920.2
-57849.9
-27916.5
-57520.7
-57676.9
-67247.6
-57920.1
-65418.8
-57919.2
-84492.9
-34143.4
36197
37724.5
-21030.3
-94101.7
-73204.8
-77265.5
-64882.3
-246539
-52878.8
-64924.7
-68196.9
-64647.8
-64522.6
-66618.4
-66446.9
-67046
-65834.1
-57834.7
-64184.9
-57549.5
-57568.9
-57514.6
-57841.1
-64466.7
-57892.6
-64459.1
-57925.8
-57912.4
-57554.7
-57944.1
-57926.7
-57580.3
-57923.5
-97732.7
-67000.1
-72671.6
-65063.5
-65911.6
-57898.6
-58030.5
-57927.4
-71879.6
-57923.8
-57875.5
-57721.9
-65488
-69782.5
-70172.8
-31921.6
-29362.7
-23533.8
-80864.1
-68576.8
-70114
-84897.3
-68434.1
-63265.7
-65300.3
-64998.2
-58723.2
-58027.7
-57901.6
-57889.3
-57923.4
-72491.3
-57920.3
-57923.3
-68478.9
-57919.7
-75792.1
-57920.4
-57920.7
-65221.2
-74120.8
-65392.8
-65765.7
-66096.9
-67822.8
-69512.3
-67593
-44522.4
-25655.3
-23588
-57919.5
-57919.2
-57919.4
-57920.4
-74982.5
-77589.8
-77421.7
-77268
)
;

boundaryField
{
    Wall
    {
        type            zeroGradient;
    }
    Inlet
    {
        type            zeroGradient;
    }
    Outlet
    {
        type            fixedValue;
        value           uniform 0;
    }
    Empty
    {
        type            empty;
    }
}


// ************************************************************************* //
