/*--------------------------------*- C++ -*----------------------------------*\
| =========                 |                                                 |
| \\      /  F ield         | OpenFOAM: The Open Source CFD Toolbox           |
|  \\    /   O peration     | Version:  2312                                  |
|   \\  /    A nd           | Website:  www.openfoam.com                      |
|    \\/     M anipulation  |                                                 |
\*---------------------------------------------------------------------------*/
FoamFile
{
    version     2.0;
    format      ascii;
    arch        "LSB;label=32;scalar=64";
    class       vectorField;
    location    "0.49995/lagrangian/kinematicCloud";
    object      U;
}
// * * * * * * * * * * * * * * * * * * * * * * * * * * * * * * * * * * * * * //


84
(
(4.00659 0.582029 0.132771)
(4.09386 0.44893 0.157344)
(3.69479 0.665371 0.111483)
(3.68491 0.674804 -0.125323)
(4.03231 0.820124 0.219905)
(4.03231 0.820124 0.219905)
(4.31372 0.913017 0.18215)
(4.03231 0.820124 0.219905)
(4.16286 0.769463 0.23412)
(3.96023 0.948517 0.170998)
(4.03799 0.823366 -0.221502)
(3.73802 0.831735 -0.206107)
(3.91549 0.938537 -0.159824)
(3.96023 0.948517 0.170998)
(4.14744 0.688526 -0.243947)
(3.25871 0.799806 -0.189209)
(3.25871 0.799806 -0.189209)
(4.16748 0.949652 -0.171043)
(4.30324 0.854544 0.17715)
(4.20033 0.949699 -0.178899)
(4.14112 0.679997 0.241319)
(4.30544 0.855161 -0.179855)
(3.5145 0.884287 0.145588)
(3.24559 0.800437 0.187782)
(3.5277 0.88457 -0.14761)
(3.5145 0.884287 0.145588)
(4.30324 0.854544 0.17715)
(3.58189 0.903636 0.167023)
(2.60755 0.730969 -0.164515)
(2.4511 0.700442 -0.146923)
(2.37131 0.639646 -0.0916344)
(1.77067 0.639571 0.117539)
(3.07102 0.819907 0.161154)
(2.36016 0.668462 -0.1024)
(3.09104 0.83846 0.188185)
(3.01745 0.806807 -0.188835)
(2.4855 0.719127 -0.187879)
(2.4511 0.700442 -0.146923)
(1.4224 0.542918 0.0663397)
(0.846638 0.522721 0.0432192)
(0.353133 0.379267 0.091453)
(4.45269 1.16908 -0.17872)
(4.44943 1.16945 0.177687)
(-0.0502049 0.377302 0.0969629)
(-0.716141 0.198075 0.158815)
(4.19201 0.980289 -0.176957)
(4.2649 1.15282 0.20269)
(1.65687 0.546817 -0.148849)
(3.89463 1.02753 0.182761)
(4.43829 1.20348 -0.211848)
(-0.716141 0.198075 0.158815)
(-0.716141 0.198075 0.158815)
(4.39355 1.19174 0.209586)
(-0.0502049 0.377302 0.0969629)
(0.190321 0.282195 0.000301296)
(0.154192 0.270368 -0.113711)
(0.154192 0.270368 -0.113711)
(2.57564 0.450388 0.0101169)
(2.23544 0.331002 0.0371078)
(2.74247 0.512741 0.0246856)
(2.74247 0.512741 0.0246856)
(-0.704107 0.198003 0.195676)
(2.91464 0.574611 0.0525237)
(-1.40607 0.00564371 -0.164933)
(3.79514 0.890497 -0.180157)
(-1.40607 0.00564371 -0.164933)
(-1.39683 0.0146785 0.170314)
(-1.40607 0.00564371 -0.164933)
(4.21882 0.816568 -0.129825)
(3.87698 0.908478 0.19698)
(-1.39683 0.0146785 0.170314)
(-1.39683 0.0146785 0.170314)
(0.0297742 0.235599 0.134416)
(-0.719103 0.192335 -0.164099)
(-0.716141 0.198075 0.158815)
(2.34359 0.523984 -0.134207)
(0.0778333 0.074032 -2.5627e-06)
(2.98728 0.792723 0.129488)
(1.06233 1.0125 -0.212284)
(0.405424 0.569146 -0.341009)
(1.14225 1.17906 -0.12246)
(-1.07733 -1.10072 0.184251)
(1.28926 1.47666 -0.147592)
(1.08996 0.993099 -0.193113)
)


// ************************************************************************* //
