/*--------------------------------*- C++ -*----------------------------------*\
| =========                 |                                                 |
| \\      /  F ield         | OpenFOAM: The Open Source CFD Toolbox           |
|  \\    /   O peration     | Version:  2312                                  |
|   \\  /    A nd           | Website:  www.openfoam.com                      |
|    \\/     M anipulation  |                                                 |
\*---------------------------------------------------------------------------*/
FoamFile
{
    version     2.0;
    format      ascii;
    arch        "LSB;label=32;scalar=64";
    class       volScalarField;
    location    "0.6";
    object      p;
}
// * * * * * * * * * * * * * * * * * * * * * * * * * * * * * * * * * * * * * //

dimensions      [0 2 -2 0 0 0 0];

internalField   nonuniform List<scalar> 
2958
(
55.5931
58.7141
318.484
-219.504
37.1497
315.83
63.7746
50.7784
38.5561
63.2668
62.4813
88.5547
64.4564
83.6242
25.3676
68.8424
43.0263
63.8829
82.2959
55.4288
85.2949
45.321
85.5236
62.6229
64.2321
57.6373
37.6738
64.3872
43.0936
62.4821
58.7538
35.3801
89.4892
-18.8757
58.5241
-16.5675
106.461
85.8707
34.6954
63.7452
-14953
42.26
63.1865
63.1217
98.0652
77.6932
61.9816
26.591
-256.772
68.5293
64.7476
54.093
71.2978
60.4383
64.5866
27.3961
64.4658
72.3981
64.7451
-12602.9
43.0395
74.7071
60.8079
62.4081
75.2054
81.8462
60.5023
53.8736
75.3839
33.553
44.9853
86.9553
43.6316
69.094
77.5175
62.3117
50.5648
60.8257
81.1544
62.8489
64.3215
9.23831
61.8435
62.1998
68.1741
62.132
46.3805
62.0977
54.366
83.8383
58.6057
56.0837
59.9378
82.6761
57.9069
-7.47753
-19.0633
-231.927
81.4239
94.0628
-848.991
64.8941
-12.7454
60.1286
75.5048
61.855
88.015
-558.369
90.7822
-11.3511
-386.892
60.6385
75.6291
64.8742
82.6708
84.4777
62.1208
59.9059
53.677
64.4488
55.1152
88.2529
59.4636
56.1977
49.5937
66.9943
43.5267
48.1613
67.429
82.831
78.8231
135.828
65.5262
41.8536
82.2315
81.0923
64.0495
62.3905
83.5424
82.2364
65.1919
54.1433
84.5278
79.798
64.4249
71.3271
77.2434
91.861
54.9598
86.9202
54.799
-30.6367
61.2834
80.4484
62.4788
85.9257
82.6241
63.67
62.4967
66.5529
62.4675
63.3507
62.7569
93.4661
59.9384
23.8757
83.0242
81.0257
62.2314
276.805
12.32
88.5491
77.4572
54.1654
73.5761
409.275
-33.2909
52.7037
102.051
75.7287
80.8778
47.2339
63.6896
-1041.72
54.7774
50.7943
55.1665
90.4035
44.616
-779.964
48.7226
55.49
89.0629
65.8784
54.5531
43.1781
59.9419
14.3444
66.5858
64.4386
63.1627
66.3905
55.0247
51.6051
37.9066
846.306
66.4267
804.213
50.6072
-264.086
78.3574
83.7059
81.938
54.4203
84.7131
19.3982
62.5321
79.9902
80.6585
74.3021
90.5999
54.8107
62.743
48.9033
-2140.32
64.8786
64.6606
79.3279
62.3602
47.246
59.6344
41.772
53.9991
49.2863
42.8118
90.9406
89.9012
65.0758
89.4179
345.309
82.9395
325.504
49.6798
64.3761
56.1627
-450.301
81.1551
65.0589
62.6015
63.4276
59.1603
61.7545
62.8573
101.593
-452.729
50.1943
61.7434
55.0251
60.8304
49.1973
70.1796
84.9952
26.4583
-15301.6
67.8174
59.9144
50.6787
60.8879
84.2861
87.1294
101.962
48.5224
62.4329
101.435
52.2399
62.0232
79.946
62.7037
76.6965
50.0848
89.1374
85.1108
67.5689
62.3642
54.4307
85.5369
78.898
-2.59078
-659.121
62.1008
63.1926
47.631
81.6574
93.2557
64.4356
83.9365
85.2717
70.3005
84.2096
64.2676
63.6233
38.0709
55.221
24.4454
43.075
60.924
-587.579
84.8356
61.9797
74.2541
81.2126
82.3745
61.2823
80.1354
49.9861
-2121.02
36.0893
62.9047
57.5912
60.7426
62.2632
48.1727
62.5666
56.7735
290.948
87.1526
62.0183
77.4011
-1065.12
-488.337
46.7344
64.6606
92.314
83.1739
155.103
83.6525
307.309
-889.839
297.017
79.2681
62.1013
54.6514
37.2614
53.4632
91.7551
57.9914
93.378
53.6866
45.0328
63.3702
70.2491
61.7634
21.6619
486.907
48.9278
61.8282
75.6973
62.2397
124.396
66.2318
-475.375
64.7419
-128.9
76.5602
62.4106
-9.52871
63.048
0.589228
36.5294
24.8832
64.7314
36.5616
78.112
-183.592
62.0325
50.9185
64.5409
60.4685
37.4863
48.7523
63.2026
58.5463
77.7351
62.3317
49.696
79.3775
61.9463
19.5301
89.3595
80.3655
63.3666
68.5504
98.6612
46.9463
20.2353
1703.73
-497
81.499
84.707
39.951
81.2942
61.6069
42.8372
-816.321
64.254
64.1105
51.5122
62.0503
64.3414
45.0026
82.0855
64.1856
62.2385
45.0524
55.6683
41.7912
36.415
9.15156
62.7984
63.0091
96.1509
-20.8597
90.8962
105.445
57.8934
85.9111
59.4484
57.8229
63.922
55.7474
38.5747
36.3008
47.9534
62.9094
62.279
45.1887
87.6886
58.9959
64.851
77.4696
71.9051
59.6205
64.3633
55.1865
89.6228
74.9238
76.672
8.28071
75.989
47.0686
72.6537
39.547
59.9987
50.1787
58.6053
-212.998
82.8497
68.7491
31.6175
84.8585
53.5867
-919.827
43.63
63.956
61.7684
63.8525
1.00854
61.1653
61.9911
65.4876
63.663
89.3097
63.8424
73.8463
62.3572
46.0062
59.3558
53.6097
165.989
60.194
63.8372
57.1402
76.3399
80.663
60.2138
60.8028
63.3059
60.1591
-34.148
56.1717
59.215
59.0545
-184.47
59.8502
36.2001
68.1999
64.3511
79.9413
81.9446
84.8719
39.7594
80.1733
75.402
49.1429
6.44496
83.21
-567.436
47.9464
-240.676
18.3552
78.725
81.9896
64.8594
82.0929
64.1832
62.5463
-11.3036
70.3534
44.7446
53.6597
85.7394
46.2039
92.0215
62.1506
121.708
-62.9934
60.1029
85.4466
60.1283
-80.828
60.1652
83.5997
50.8082
81.8815
71.3307
62.957
43.9809
54.082
84.0281
60.5472
63.4897
61.6928
87.0355
-169.764
86.2066
71.6904
60.2515
84.9462
83.9165
53.3823
80.5516
83.0586
55.4005
84.6122
272.082
63.2912
63.6828
65.6573
61.8871
59.9191
63.2122
54.8188
62.2808
67.1998
64.5024
65.0867
76.0669
62.0829
361.155
66.9961
86.4381
62.234
80.8594
78.5168
77.7214
60.1141
82.5674
68.1453
107.122
62.9593
48.1745
50.6384
61.659
52.1479
80.664
84.687
82.6938
84.962
53.7147
64.1808
89.9281
78.8091
61.2766
48.1683
85.9004
63.7101
35.7613
72.3696
63.0487
94.9685
92.6686
59.7739
78.8148
50.9401
61.8894
65.7213
79.1445
34.3035
79.0661
80.6436
93.4391
68.3122
85.113
83.2285
99.8071
58.017
62.4171
54.3214
97.7313
365.664
21.1774
38.188
63.7491
26.3451
62.5578
77.8685
36.196
62.2148
62.4638
76.8406
45.5305
78.1213
62.32
77.0662
51.7219
61.987
77.3701
58.7042
34.6312
61.6558
85.25
60.018
69.9563
77.834
62.4538
78.3014
53.8744
132.071
62.3902
83.5078
92.4851
55.5572
39.7038
19.496
61.7462
46.4968
56.6377
78.5467
-96.894
15.9915
25.6878
78.7452
78.2257
54.9651
95.5125
77.4299
70.6422
74.4192
62.7943
59.3718
27.1415
44.0001
-11.6681
-690.757
79.2888
53.1941
70.1037
279.205
128.468
84.5644
48.3318
58.9782
85.4914
60.1661
78.4482
46.3998
45.4402
64.2871
49.6478
54.6206
84.3181
53.7455
69.0766
45.595
56.133
89.4345
79.4561
62.8251
64.5079
77.1438
83.7359
73.2993
62.1273
55.9362
82.9606
61.6971
28.202
-991.693
62.5864
37.1138
44.3126
39.6178
38.8732
64.9714
46.1315
65.478
63.2788
68.8036
59.5837
52.3397
69.4055
93.7995
45.1546
71.765
82.4031
52.1763
79.5167
-1827.35
62.4919
69.8567
-868.345
-381.867
10.5146
53.4093
81.9842
64.4508
59.154
67.2347
85.2206
60.4308
53.2805
118.026
-1048.71
62.6115
63.7538
89.2457
-182.805
62.47
54.182
-255.547
-233.084
81.3427
85.4409
-596.94
290.576
337.511
61.9769
67.3547
69.5401
67.7984
84.0103
80.8749
83.4011
-160.455
43.6669
84.9698
55.3651
78.8793
-151.366
78.4973
78.7603
56.3738
819.772
48.8117
80.2085
76.5246
51.3854
53.8872
95.4096
83.7092
52.8702
91.4504
44.608
52.1135
77.3256
45.1244
65.1747
78.0878
55.5879
62.5963
62.1864
52.6434
63.8227
61.5798
76.4107
44.3179
89.3966
62.1763
60.6264
63.9471
61.0248
72.7354
53.4888
-633.616
62.0991
50.0834
62.0136
61.9245
57.7779
59.3475
73.1538
62.7211
62.3206
79.5164
60.4805
29.5257
36.516
61.9465
504.621
-954.08
64.8109
76.498
63.9991
404.477
62.4095
52.7987
100.827
48.6122
53.2104
23.747
36.5002
62.3178
93.9629
-401.801
63.9425
54.2337
64.9956
72.6773
64.7595
60.1037
2.97195
62.7303
91.9191
88.0851
95.2155
64.4595
62.3931
60.438
62.2143
59.6672
64.6446
62.6361
64.1746
31.9789
55.369
64.6035
43.2902
93.5575
65.292
64.6473
44.1022
41.7756
76.1211
62.6742
-756.279
60.6414
87.0777
66.4894
80.1653
59.7742
65.2125
94.4614
55.601
-1058.06
-584.751
268.399
37.516
84.7616
87.8108
62.65
83.308
83.9639
86.6541
-10.8719
66.5978
68.1854
39.6429
101.955
61.3737
52.3973
-669.148
63.6345
62.9964
69.558
45.9644
62.36
61.3751
65.2128
49.2504
67.57
58.8956
-1112.07
82.4259
67.1076
49.5204
43.7249
47.9339
60.8598
39.5369
82.4664
64.5174
53.2457
62.2706
25.7881
65.1442
12.8498
59.8335
85.5849
46.5185
60.5796
7.28215
54.5925
-10.1157
62.0451
61.0534
52.1334
49.9663
57.4151
53.4291
55.8296
54.4602
63.8524
56.3697
215.356
61.0369
55.7411
61.9717
42.9862
60.1692
50.0768
62.3604
48.2212
83.2925
58.8745
95.8339
40.1661
-208.366
62.3597
50.8758
50.668
66.5974
60.8897
67.5227
-903.47
54.9043
49.6611
68.0309
59.9282
62.9567
84.9355
74.3537
40.8255
46.2656
100.356
92.5497
53.7919
69.6818
48.9748
62.8674
-210.972
54.1819
62.6861
-924.524
82.3102
126.159
69.5938
62.4724
357.273
51.8811
289.359
78.8246
64.4366
103.643
84.297
54.442
35.2572
62.5226
65.0403
49.488
46.4182
52.8419
61.9513
62.4238
136.937
44.1808
66.4873
65.0359
27.5093
49.4835
50.7789
45.8652
58.9108
78.9677
62.3406
29.6498
24.2583
65.8259
66.0131
98.7001
84.2124
-482.356
37.8916
79.4861
-1033.15
39.6305
61.0486
86.6467
67.926
69.279
82.4768
62.2661
68.6407
-971.576
63.5724
47.0999
98.3208
63.4963
63.7264
55.2632
-261.2
82.6056
60.8649
57.3527
61.1347
78.0732
80.2483
62.9033
92.5671
80.5906
75.0876
64.6426
66.5053
79.8461
53.1056
44.0188
87.7136
72.5038
62.4694
49.2097
82.6754
63.8348
67.1273
68.2531
62.8477
82.0103
56.2834
81.7541
65.0735
61.9261
82.3824
82.4424
35.2027
60.2313
89.2456
62.2961
64.6752
60.4178
69.44
64.9933
50.705
78.6913
56.9653
72.4007
-1005.42
-6.86816
77.3226
70.3136
61.069
-152.986
54.145
58.6727
62.2371
84.2297
43.7288
44.2204
78.2906
61.9388
55.1109
62.5972
62.6076
63.8997
62.0088
76.3711
78.9064
39.1497
102.719
-480.698
51.9419
48.8847
78.8975
62.5053
66.2976
46.7904
71.5513
29.4127
78.9196
49.8532
82.8427
54.4913
107.998
79.5055
94.3418
82.8331
55.3713
60.0908
85.1546
53.386
50.5975
39.5155
51.2174
45.5384
42.4623
53.8462
64.2816
61.3106
129.862
62.7395
45.8297
53.6471
62.6688
83.8015
67.9254
74.6967
54.3348
61.4572
43.9095
64.9082
61.6782
83.3482
82.6381
81.0866
88.6479
67.6313
67.448
62.6373
61.9988
9.56036
51.8936
32.2633
344.18
78.3091
65.1888
65.7049
17.8474
55.2611
189.743
62.5116
46.8728
73.6519
77.2436
-176.761
33.1952
61.503
52.0926
68.1706
67.4271
66.2046
62.8986
69.0689
53.1102
82.0895
66.0831
68.7039
61.7679
82.4849
76.6264
61.5874
61.8899
56.2707
62.1596
16.3621
121.966
95.0432
60.0748
68.4155
78.7105
54.6046
77.2167
62.1339
51.8075
92.4783
57.3227
619.429
60.5216
48.7135
55.6889
76.6651
63.9518
70.9145
65.4614
65.1434
-1059.52
60.126
83.7994
62.2701
61.3226
-353.692
119.691
58.4795
59.7782
63.5767
85.1526
64.6581
57.6094
64.5273
60.2428
60.0107
77.3767
62.6422
64.4271
76.1158
63.3974
62.02
58.8038
53.1018
62.2684
40.8274
50.8025
77.2676
62.1375
57.7713
82.6334
64.5941
84.7218
47.9081
73.218
47.0208
52.2676
58.0902
36.1747
63.2457
78.7068
47.1871
62.9021
60.1643
44.5157
43.242
64.5634
63.677
76.9559
81.0591
61.9896
61.7535
80.6727
85.5722
54.3512
60.6113
56.9376
47.7463
64.0645
485.722
66.7457
63.5613
56.7843
47.989
62.9551
62.5037
59.8277
61.8832
90.6184
61.0111
15.8953
62.728
69.2826
75.6673
54.4711
62.2032
-95.9484
-3.77512
60.7025
132.032
-330.806
54.5266
65.9916
57.9945
76.5337
-206.077
57.3894
56.6095
77.6576
49.2777
68.2759
79.6648
62.2158
62.1309
62.1903
61.9148
-3.98998
63.8933
-6.53345
50.7506
62.8853
62.1233
36.14
64.8072
52.1182
58.1174
80.9884
43.0542
76.5719
65.5021
331.157
75.4043
62.3587
62.85
53.8056
62.4437
64.6476
62.2898
53.5876
78.0809
52.1552
60.2762
36.7733
-1822.56
63.0213
72.828
60.0183
321.188
51.9227
78.3414
1804.03
84.7651
64.5413
86.9455
1749.94
76.0608
62.7543
120.131
82.5245
85.8701
61.0787
83.0111
90.3706
59.098
67.7051
323.325
84.8354
57.0338
77.4668
60.7998
-866.857
62.7801
78.0469
51.1363
61.4763
564.283
85.3488
56.7475
88.0267
64.9231
81.8944
64.8761
537.048
83.1619
-1072.3
-461.766
62.5443
40.1746
61.6858
69.7894
104.354
80.2684
63.3622
80.7174
85.9056
54.16
67.8946
85.132
65.3705
89.4396
68.4721
69.8224
55.8879
47.8317
65.3474
-1187.59
45.4526
42.9821
50.6468
76.678
88.0129
49.6189
60.1424
51.3456
62.1782
48.92
70.0991
92.6641
61.796
62.6592
62.3593
30.8179
56.1357
55.4646
44.6535
82.0251
83.5139
83.6043
61.2776
37.3432
86.9395
60.32
59.5219
75.6166
51.6639
24.2812
62.5234
64.7976
85.1095
59.3448
65.9562
66.2065
59.1809
121.532
79.8565
66.1385
34.0905
81.1345
74.582
62.4962
-10.9698
64.4403
74.1951
61.3864
64.6503
81.7173
76.8512
80.5928
82.5505
82.9432
83.132
33.6772
63.3977
62.8938
64.8705
9.56116
58.2283
50.2163
62.9276
77.5094
102.018
64.6961
61.2845
81.6281
62.2091
24.5515
68.5508
66.682
52.0048
38.8163
60.2966
37.1846
61.6957
38.8463
66.5352
66.5241
55.2745
67.6975
84.8521
75.7194
52.1234
64.0372
86.4487
70.1636
-870.806
64.3746
83.382
53.4375
60.509
55.1895
65.988
52.8155
65.3466
91.3863
63.6534
34.3103
58.6954
44.8353
55.4297
61.0714
80.235
95.2444
67.599
63.4555
-5.75482
65.5571
78.4748
55.1196
53.1647
83.9811
62.307
67.4785
36.5922
46.9628
57.7569
55.8126
62.1469
66.1615
59.2242
84.7792
82.8869
36.7158
57.9226
43.2583
64.3951
101.319
44.8837
43.0428
22.4052
78.7191
84.281
80.0187
101.959
52.3298
64.7143
103.61
54.075
-165.558
77.2037
269.465
51.3174
87.0028
53.885
101.014
62.0155
39.7641
65.0959
85.6603
62.3891
50.6054
62.6949
-1330.34
73.3567
93.6237
65.0212
86.248
46.0381
51.9383
54.9094
62.1318
60.6492
62.06
83.392
48.2505
52.023
64.1431
51.5101
-1009.31
51.9169
71.5272
56.6376
47.9832
63.1946
47.4138
59.8736
57.8717
80.5067
82.9112
82.949
90.5813
62.6207
59.642
82.6886
59.1865
47.4432
-50.1383
55.4793
-173.229
65.1927
53.3452
66.7519
81.0853
80.5458
83.5854
76.9059
70.6616
84.0554
78.9696
59.5307
-228.963
82.4178
-1229.29
65.0219
77.0206
60.9648
-116.427
65.151
-1977.76
57.0567
-243.847
52.2805
74.8301
65.1355
347.176
68.8969
27.3643
80.9883
57.6439
63.2405
61.8649
62.0789
62.7796
83.0574
77.4569
62.8514
89.1095
77.8912
-1180.29
24.8416
82.1546
63.6863
98.799
63.7631
62.916
77.1061
55.6274
53.7567
61.9156
49.6466
-49.9245
31.8523
34.2489
49.416
48.4826
63.4988
66.6257
69.8542
62.7453
81.0195
42.7321
75.2954
79.838
55.8044
59.7107
59.8188
75.6763
62.7507
37.1019
53.5784
84.4656
84.8584
86.0563
90.8853
90.7472
89.0987
61.5578
61.2501
-1495.48
-9094.32
-3432.69
-2673.2
54.0355
61.9391
56.5292
34.231
61.5173
55.5644
58.0294
48.4992
46.5778
46.5017
74.7867
37.8497
101.634
66.1563
56.1277
52.9554
57.6762
58.1749
63.4685
55.1234
57.8094
63.2823
-840.183
-877.726
-863.115
55.9005
-7.03704
55.9256
53.5028
58.1794
56.0024
52.3534
-23.8799
59.0093
-12.8481
73.7593
88.0104
104.108
126.341
85.5117
86.0403
72.3329
88.1886
91.5631
89.33
87.5596
84.6074
82.9626
88.3326
73.7463
102.482
-4.71973
100.376
103.612
-8.7914
89.0599
89.2221
-1057.65
-1762.76
-838.563
-860.675
-1104.48
-393.335
478.89
479.203
78.2498
78.4102
25.4029
63.3962
65.6661
65.0441
65.2132
63.9406
72.451
50.5195
50.5572
69.7765
66.1629
66.3929
64.2058
65.544
67.2661
68.3043
66.8148
67.0816
63.4659
65.5585
63.9609
62.0758
60.8947
62.9975
61.2873
62.4811
62.5851
62.0832
62.181
62.3648
63.4227
63.7363
64.4167
64.4365
64.6507
64.5174
64.5555
64.3923
64.4683
64.4314
64.486
64.5702
64.5914
64.5544
64.6501
64.7637
60.4455
71.7618
77.3233
73.4141
75.3341
84.353
53.7605
52.8946
46.3423
46.0679
47.5142
43.9535
44.4035
43.0718
37.876
51.3942
32.2636
82.9921
79.3486
82.238
59.0574
83.5916
87.9566
-48.3334
-10.7513
173.129
171.905
183.999
76.6602
89.2452
74.5058
78.0518
36.4618
20.1385
15.863
69.6617
42.1999
83.7594
72.3321
66.0096
60.6961
53.3591
49.0189
47.4602
46.5482
57.5509
57.6898
55.0543
52.594
42.8765
58.3516
38.1491
58.7445
74.9644
77.1247
57.5959
57.6247
80.3843
82.9856
81.6282
81.3864
67.6888
66.1552
66.5647
65.107
76.2061
75.23
68.4585
-15.4983
65.2792
-11.8848
-485.409
-479.38
209.352
-479.064
-489.863
223.65
-490.901
405.647
2979.62
501.664
4260.79
5427.96
566.261
-16480
-10715.6
-10549.2
1556.35
-1062.23
-1814.89
-151.628
-149.642
-305.733
60.5013
61.0916
62.2087
62.5636
62.0918
63.8871
62.8861
62.1867
62.7335
63.7141
62.621
61.624
61.4721
62.0866
61.9229
61.9299
62.1469
61.4189
61.6963
61.484
60.6935
61.6825
61.3407
61.0222
59.9898
59.4691
59.5688
59.8729
62.8777
61.3494
63.0284
68.2746
99.0409
83.0583
82.3309
85.98
91.5169
95.3949
95.9607
99.518
98.6204
103.393
97.3737
105.179
77.3555
78.3953
78.5212
77.1519
59.3185
72.3226
78.5895
56.3567
63.422
64.2933
85.8319
65.8527
71.4261
76.7258
73.7773
84.9108
86.6161
72.8019
82.2688
79.3924
82.0713
76.6849
75.9142
75.4931
57.9137
83.8194
82.2213
86.7623
87.5687
80.1988
78.2151
80.2194
79.5264
83.131
70.7199
107.244
-13.0616
103.719
90.0321
89.8892
89.5214
95.4259
64.9533
68.4933
67.2053
64.8515
63.8112
64.468
64.4915
64.5661
80.6435
54.0644
72.9897
53.4518
45.4286
38.3971
46.5834
77.3839
78.4599
-22.3167
153.479
86.8352
51.84
42.9031
60.9571
67.2119
62.3546
55.4445
57.3271
64.2717
56.894
56.557
80.881
61.7371
65.3111
62.7071
57.652
66.1014
57.6945
-489.687
-487.626
-480.082
469.702
-2507.48
-2395.53
-119.082
665.416
-105.974
57.791
61.448
62.8655
62.8154
62.3174
62.8756
61.9286
60.9877
61.4061
60.7528
60.2566
59.6531
59.3668
56.5536
59.7108
63.0684
65.2969
63.105
84.7115
101.518
93.2778
76.2032
78.2368
72.8813
77.7495
57.5318
87.7152
74.8575
77.2146
78.2386
77.8408
94.9223
82.2515
77.0146
76.4216
81.6985
77.7829
74.4109
84.0785
81.3534
82.2377
84.1962
95.1726
94.2106
92.0925
90.9661
92.5288
93.8794
92.1655
94.7962
68.9194
86.5818
91.5952
87.2782
83.0342
76.283
80.6671
81.6797
80.2987
79.9532
77.9876
78.6205
80.8684
79.7475
78.2555
79.958
79.8715
82.4336
81.112
88.2131
87.2053
86.3253
77.4541
75.6842
102.951
85.0351
63.7772
47.6865
62.6296
63.8699
-453.458
-486.923
-500.327
-696.253
-1068.99
-855.899
-1034.57
-836.324
-1043.97
65.6021
70.579
69.5782
65.3111
64.4621
66.4049
65.1977
64.6014
64.3649
65.1995
65.1335
61.9679
62.2136
62.7718
62.1748
62.2414
62.2237
61.8606
62.2133
62.617
62.4011
62.582
62.5115
62.7215
62.7473
62.7637
62.9545
62.7347
62.9799
62.9491
63.0405
63.6773
63.6234
63.6841
63.8711
63.4574
64.0278
64.051
64.1887
64.8004
64.8646
64.8454
66.0303
64.762
67.1633
64.735
67.0599
62.4307
63.0391
62.8964
62.3384
56.5729
54.2736
52.921
52.6738
52.2398
55.0183
60.0813
52.1714
53.0221
59.7821
54.9255
61.2895
61.071
54.6147
62.3639
60.7437
193.419
-113.526
-58.1365
-118.975
21.3397
-65.6845
-9.6576
3.19781
88.2448
4.46755
29.9137
31.0799
31.9134
39.6017
33.2883
40.4414
37.0964
40.5819
53.6707
57.3423
47.5276
49.4706
49.6779
50.3312
50.0081
42.2667
33.8466
44.1812
48.2984
56.4341
52.7587
84.2442
52.1035
52.4069
53.8259
54.3422
57.0091
55.0864
64.6756
64.7342
61.571
55.7625
57.7184
56.9566
55.9677
63.8024
65.1559
65.2668
66.6163
63.286
64.6276
54.7729
59.4531
72.9251
59.9979
57.6819
56.1021
52.9546
54.4541
52.2036
84.3824
61.1885
-465.749
190.089
63.7922
373.832
-588.83
-314.421
-607.427
63.8819
-1000.5
166.485
-33.3196
-227.638
69.2343
75.527
84.4073
-115.122
30.9141
43.3014
59.3375
58.261
58.2016
59.0455
59.1005
58.8006
59.7203
59.9094
59.5146
59.6913
60.0153
60.0425
60.7135
61.7946
61.3204
61.0263
61.9553
61.43
62.2104
62.4292
61.7833
61.9986
62.5394
62.8195
62.4559
62.25
62.8246
63.2206
63.2471
62.5282
63.132
63.5649
64.8988
66.6161
67.0873
70.661
101.025
69.6248
78.6624
77.8703
78.7427
77.2416
77.9753
81.3284
78.2788
78.8679
73.8188
78.2729
63.8341
86.038
91.1689
78.3397
80.8991
81.941
82.5924
81.3425
56.207
80.9505
81.6325
82.0639
81.3318
83.6859
83.9793
77.3468
81.7741
82.579
85.6515
80.8329
81.6404
51.1033
49.7597
53.4107
50.1229
58.2077
57.4836
83.2011
81.906
81.8432
84.1415
92.9216
83.8896
82.7583
84.1559
81.8161
84.7182
83.249
83.379
81.8084
80.6636
81.6184
77.4886
80.8437
79.5807
80.7787
88.0252
80.7216
79.7752
79.0245
78.115
85.9545
86.0864
85.062
82.2294
85.8045
85.7196
62.4169
81.2728
82.7677
83.4101
59.5595
71.9793
59.9244
57.706
49.832
-108.498
-391.893
65.4803
62.4994
66.0607
60.9348
65.7103
103.207
107.538
64.3726
72.6312
64.5421
65.6731
64.6135
64.8701
64.2018
64.847
63.4222
63.2996
63.0001
62.0618
62.1635
61.8248
62.1424
61.7993
61.7986
61.6769
61.9755
62.0043
61.9763
61.9802
62.0489
62.0537
62.1307
61.7596
62.1258
62.1505
62.1481
62.1357
62.1893
61.6645
63.4078
61.8972
62.2269
62.0218
62.4423
63.6239
62.0153
62.1012
62.1472
62.0792
62.1922
62.1689
62.1748
62.8561
61.2937
63.994
60.7461
61.9856
55.246
48.8507
61.8907
62.8234
61.7544
56.3
61.394
53.8862
55.2154
51.9083
53.2386
49.7262
53.8419
54.9232
54.1055
56.0412
54.9186
53.2203
54.441
53.981
54.3398
54.2005
55.2901
52.4075
57.8042
56.431
56.0511
61.377
67.5337
69.4993
59.7307
65.2145
547.228
341.465
63.1509
47.0818
74.5172
71.3316
164.507
38.5829
41.3339
48.5449
44.4242
37.8571
37.8172
35.2921
40.3694
42.4089
34.3766
33.6559
41.1314
44.6648
51.1154
54.8751
55.1736
49.5286
50.7886
56.4334
56.9805
44.1238
43.1126
45.7182
41.9875
47.1323
43.4247
46.7632
42.9957
43.8575
46.6771
46.9646
48.2642
55.2787
52.9017
55.8799
54.4353
57.5591
56.1457
55.1996
55.8045
55.0578
57.3334
66.2125
54.9541
67.463
58.4589
57.7744
58.8522
61.389
59.3839
59.0716
65.4148
56.9625
62.6978
64.0437
67.4498
62.0497
65.2344
63.9807
67.9969
67.786
71.361
96.9141
-87.6807
-33.9615
-200.773
177.974
-149.441
-28.9408
41.178
43.5427
31.298
72.0901
66.2465
43.8784
34.5725
132.892
61.8785
63.6896
65.8325
67.3559
56.755
60.4703
55.7362
60.4938
58.8675
59.3439
60.2377
60.2786
59.7015
60.261
60.3918
60.3658
60.3434
60.7831
60.5967
60.8356
60.7205
60.8334
62.8978
60.8576
61.3228
62.0035
61.6341
60.8094
62.1917
65.3315
62.2223
62.5816
61.7909
62.3217
62.1173
62.3955
62.238
62.3524
62.0376
62.3551
62.6665
62.0526
62.8682
62.2822
62.237
62.4091
62.1252
62.926
62.789
62.4711
65.7701
66.9326
78.6924
79.1377
78.1724
78.8561
78.887
77.1558
79.1342
78.0374
77.5378
78.5986
80.3223
69.6303
82.889
80.8483
81.4101
82.9655
83.4113
83.7479
83.1218
84.2495
79.3953
82.9445
81.5057
83.7153
81.3655
84.0301
84.3108
81.697
84.531
76.6291
84.9627
82.3523
82.5445
86.4922
62.4664
61.9308
55.1083
50.5885
54.0713
54.1602
54.5729
56.9406
54.7009
66.599
60.6498
54.4703
51.6707
71.9398
25.6312
84.9206
48.4475
54.673
83.5027
83.2722
85.0387
83.947
85.3796
79.8856
84.1692
76.8546
57.4189
57.2838
60.9275
58.643
58.0126
81.9583
82.4562
81.868
83.5289
82.5069
77.052
86.0051
82.3509
82.6206
83.4136
81.8305
81.6988
82.8714
82.8169
80.2723
81.8886
85.8471
53.6072
46.8509
62.4071
46.7375
60.6975
65.1302
67.8409
63.8065
71.2219
62.7481
59.16
61.2176
60.9579
64.4074
64.2937
61.3467
63.9328
63.4908
63.7883
61.6703
61.2724
62.802
63.3673
62.7881
61.9692
62.1056
62.0576
62.1289
62.0629
60.6928
61.0591
60.7608
62.0909
60.3593
60.3015
62.4177
59.726
61.0394
82.4287
84.2646
66.1407
63.0341
61.3381
60.6874
55.0388
58.5213
54.6111
54.1829
55.0975
54.2829
53.3439
54.9043
55.905
53.2104
54.9109
55.0335
53.7819
55.4139
55.2189
52.2955
55.3492
56.052
50.2192
51.3509
67.1713
52.9961
32.0772
46.3572
46.0231
46.3666
56.1827
52.6811
44.4872
48.5689
51.7061
67.2834
77.7016
71.6173
52.6772
47.9311
55.4165
54.8032
51.2331
48.6087
54.9461
66.2805
63.313
67.3681
63.9841
67.4654
20.8768
60.8634
59.365
84.9016
79.7276
84.8751
82.7782
83.8996
84.2053
83.5785
83.0264
82.9322
82.3822
84.0346
82.4255
82.5826
84.3032
82.7732
55.3737
63.211
64.5122
63.3296
42.0843
81.993
63.9761
-37.0335
77.0699
65.1968
48.0937
46.4967
85.4346
82.0823
65.8667
55.3443
52.1533
50.6349
63.5884
60.4625
54.3596
63.7171
47.4474
62.223
62.5993
62.7416
65.9163
78.0898
73.8358
80.1617
78.3398
80.5636
77.4344
70.7518
62.588
78.3057
79.531
84.0491
62.35
61.9078
82.6374
63.4468
62.4363
51.7423
60.7076
54.9269
63.1911
61.5028
116.479
46.0159
55.3403
55.2907
52.4134
58.4653
59.2121
58.5525
60.4017
57.7839
62.1811
62.1832
62.1599
82.3616
78.6547
80.6747
83.1323
83.2595
63.2939
66.1965
83.1461
54.9166
60.5255
62.0478
84.2637
62.0265
66.8023
54.3053
55.1866
81.1577
81.15
63.6328
90.3827
89.478
-891.458
70.1475
54.3228
83.9167
60.4012
66.1607
-875.503
83.3195
57.0471
55.8775
-4.24352
25.1662
76.6325
83.7003
67.8834
84.6186
64.4952
46.3095
160.811
233.72
76.9154
80.961
80.9288
80.3375
65.5871
-5684.32
62.137
62.7065
62.2434
62.3099
62.3164
61.2039
59.9064
59.9177
62.9079
88.9367
60.6571
95.8311
95.4666
96.4104
79.2257
60.301
77.8665
60.2382
77.4107
89.8863
95.566
73.8494
76.487
95.0265
85.7585
56.5433
83.4258
41.462
63.1699
62.962
76.2336
77.5648
75.3491
82.1517
79.513
65.9278
32.5581
61.8369
63.2311
63.3861
51.5961
53.597
62.7972
65.4296
59.8531
56.789
100.692
119.646
58.2745
62.5195
65.7779
69.2122
81.8161
76.0792
86.3047
79.9503
65.3489
81.6248
79.6871
59.403
82.7546
60.5234
80.7958
79.9273
65.0356
57.6251
62.6377
62.2762
61.8265
60.7735
60.7521
61.9623
54.2916
63.5505
59.5903
84.1377
84.739
84.2859
83.171
81.0001
81.0783
80.6739
80.0641
)
;

boundaryField
{
    Wall
    {
        type            zeroGradient;
    }
    Inlet
    {
        type            zeroGradient;
    }
    Outlet
    {
        type            fixedValue;
        value           uniform 0;
    }
    Empty
    {
        type            empty;
    }
}


// ************************************************************************* //
