/*--------------------------------*- C++ -*----------------------------------*\
| =========                 |                                                 |
| \\      /  F ield         | OpenFOAM: The Open Source CFD Toolbox           |
|  \\    /   O peration     | Version:  2312                                  |
|   \\  /    A nd           | Website:  www.openfoam.com                      |
|    \\/     M anipulation  |                                                 |
\*---------------------------------------------------------------------------*/
FoamFile
{
    version     2.0;
    format      ascii;
    arch        "LSB;label=32;scalar=64";
    class       vectorField;
    location    "0.49995/lagrangian/kinematicCloud";
    object      U;
}
// * * * * * * * * * * * * * * * * * * * * * * * * * * * * * * * * * * * * * //


150
(
(0.0530059 0.0723338 -0.33218)
(-0.0211727 -0.0334577 -0.0488366)
(0.136395 0.138559 -0.0170838)
(0.265533 0.270842 -0.208775)
(0.91615 0.823914 -0.618869)
(-0.301172 -0.252366 -0.144436)
(0.12146 0.120864 -0.0360551)
(-0.192264 -0.18922 -0.0805905)
(0.133736 0.138126 -0.0198888)
(-0.158985 -0.155657 -0.0747512)
(0.12146 0.120864 -0.0360551)
(3.18001 0.781882 -0.177984)
(3.09736 0.752803 -0.176323)
(3.08741 0.740001 -0.12794)
(3.08741 0.740001 -0.12794)
(3.09736 0.752803 -0.176323)
(3.08741 0.740001 -0.12794)
(3.08741 0.740001 -0.12794)
(0.256861 0.257408 -0.000184334)
(3.36423 0.685127 -0.104295)
(2.31421 2.2527 -0.101575)
(0.523155 0.543635 -0.00991311)
(0.413517 0.252262 -0.00744172)
(0.229108 0.228829 0.00318863)
(0.210606 0.210725 -0.00312864)
(0.187905 0.18808 -0.00410647)
(0.184704 0.185393 -0.0115454)
(0.159626 0.161417 -0.00226757)
(1.30906 1.2996 -0.690279)
(0.152988 0.155355 -0.0127371)
(0.245338 -0.245064 -0.0144304)
(0.232776 -0.234615 -0.0223518)
(0.227159 -0.228366 -0.00577798)
(0.27782 -0.273893 -0.0406081)
(0.232135 -0.231213 -0.0085818)
(2.8469 -2.82226 -0.326162)
(2.83769 -2.7788 -0.34375)
(2.66174 -2.62639 -0.434113)
(0.56625 -0.589107 -0.142167)
(2.76892 -2.74736 -0.387219)
(0.20934 -0.209867 -0.0137697)
(2.81656 -2.78945 -0.163097)
(0.208773 -0.209453 -0.00481635)
(0.249514 -0.25142 -0.00854379)
(0.209573 -0.210205 -0.00434812)
(2.50299 -2.46888 -0.494911)
(0.455243 -0.443475 -0.132833)
(2.83769 -2.7788 -0.34375)
(0.253347 -0.254491 -0.0233384)
(0.173905 -0.175234 -0.00818291)
(2.62262 -2.63493 -0.581306)
(0.246149 -0.248285 -0.0260262)
(0.247651 -0.249898 -0.00782515)
(0.200071 -0.196561 -0.00636146)
(0.507266 -0.52769 -0.197154)
(0.209573 -0.210205 -0.00434812)
(0.200071 -0.196561 -0.00636146)
(0.149716 -0.150072 -0.00214268)
(2.35751 -2.36519 -0.0443837)
(0.54447 -0.56299 -0.0298395)
(0.499049 -0.475239 0.0151848)
(0.133972 -0.134194 -0.00268858)
(0.139098 -0.138426 -0.00133911)
(0.122807 -0.123825 -0.000782706)
(1.11264 -0.854242 0.270931)
(1.71138 -1.96106 0.0337635)
(-0.248598 0.156353 0.224231)
(-0.170617 0.0980803 0.229031)
(1.3362 0.202443 -0.00416214)
(3.72104 0.822295 -0.164324)
(1.3362 0.202442 -0.00416213)
(0.614217 0.0949132 0.00463876)
(3.65299 0.795978 -0.153277)
(3.47632 0.727904 -0.124467)
(3.56783 0.764548 -0.137098)
(3.85846 0.868581 -0.191491)
(3.77783 0.643356 -0.186922)
(3.72104 0.822295 -0.164324)
(-0.159229 -0.155905 0.0745432)
(-0.157375 -0.160402 0.322461)
(-0.155644 -0.157812 0.0905186)
(-0.335134 -0.354666 0.539816)
(0.569515 0.509004 0.645262)
(-0.276901 -0.280325 0.540816)
(-0.0540675 -0.0533486 0.0583987)
(0.0704193 0.0586243 0.142976)
(-0.149439 -0.14433 0.0850732)
(-0.335134 -0.354666 0.539816)
(0.0693655 0.0642666 0.113336)
(-0.0478144 -0.0466133 0.0040382)
(2.2777 -2.30468 0.034888)
(2.3024 -2.277 0.0128898)
(0.438168 -0.418026 -0.0266938)
(0.121819 -0.122787 6.43528e-05)
(0.23125 -0.231836 -0.0093148)
(0.212314 -0.212328 0.00109119)
(0.131958 -0.131359 0.00103563)
(0.383697 -0.154623 0.00116531)
(0.11038 -0.117672 -0.0559938)
(3.15014 0.763973 0.154982)
(2.4447 0.624156 0.0929124)
(3.08762 0.582865 0.061669)
(2.94349 0.526156 0.0458368)
(2.94349 0.526156 0.0458368)
(0.352339 0.34979 -0.000890452)
(0.252252 0.251821 -0.00470563)
(1.90553 1.87902 0.218824)
(0.159606 0.161399 0.00207718)
(0.14994 0.152758 0.00765689)
(0.158462 0.158385 0.00187)
(0.158462 0.158385 0.00187)
(0.233385 -0.235528 0.00593549)
(0.249488 -0.250482 0.0139494)
(0.2388 -0.238791 0.0211721)
(0.232759 -0.231825 0.00556345)
(2.66231 -2.62692 0.433291)
(0.580378 -0.596927 0.0491244)
(2.81869 -2.79133 0.166464)
(0.669945 -0.656333 0.0434937)
(0.528069 -0.500732 -0.00150646)
(2.8527 -2.89852 0.153328)
(2.78526 -2.825 0.128206)
(2.78526 -2.825 0.128206)
(0.254851 -0.255942 0.00716391)
(0.223512 -0.219105 0.0133469)
(0.22662 -0.229758 0.0258241)
(0.165365 -0.165833 0.00158756)
(0.181098 -0.181254 0.00227704)
(0.157442 -0.158558 0.000945315)
(0.178774 -0.179141 0.00786409)
(0.163175 -0.161316 0.000847145)
(0.158142 -0.159297 0.00294735)
(0.163175 -0.161316 0.000847145)
(2.50859 -2.55389 0.0617435)
(0.200291 -0.196731 0.00697252)
(0.573913 -0.570345 0.202575)
(0.209681 -0.210172 0.00470219)
(2.27009 -2.27505 0.669694)
(0.613646 -0.600478 0.0190465)
(2.72269 -2.74943 0.171748)
(0.137274 -0.137254 0.00324243)
(0.119053 -0.119937 0.00213048)
(2.53723 -2.58807 0.318674)
(3.87394 0.871614 0.196623)
(3.8762 0.839967 0.192971)
(3.8762 0.839967 0.192971)
(3.71221 0.820385 0.163504)
(3.84518 0.774695 0.1817)
(3.33452 0.738511 0.192264)
(3.88532 0.859753 0.198899)
)


// ************************************************************************* //
