/*--------------------------------*- C++ -*----------------------------------*\
| =========                 |                                                 |
| \\      /  F ield         | OpenFOAM: The Open Source CFD Toolbox           |
|  \\    /   O peration     | Version:  2312                                  |
|   \\  /    A nd           | Website:  www.openfoam.com                      |
|    \\/     M anipulation  |                                                 |
\*---------------------------------------------------------------------------*/
FoamFile
{
    version     2.0;
    format      ascii;
    arch        "LSB;label=32;scalar=64";
    class       Cloud<passivePositionParticle>;
    location    "0.19995/lagrangian/kinematicCloud";
    object      coordinates;
}
// * * * * * * * * * * * * * * * * * * * * * * * * * * * * * * * * * * * * * //

150
(
(0.464054 0.125154 0.0892358 0.321556) 84668 285984 2
(0.110041 0.684902 0.204475 0.000581506) 44887 179311 1
(0.211559 0.382751 0.365954 0.0397365) 8997 50309 2
(0.116033 0.197461 0.577661 0.108846) 41902 171816 1
(0.0939374 0.127952 0.580979 0.197132) 46460 184712 1
(0.0662491 0.0520752 0.807136 0.0745395) 95924 601 1
(0.0964256 0.226428 0.280111 0.397036) 48452 191056 1
(0.248374 0.00589639 0.515919 0.22981) 2148 11467 1
(0.415091 0.19165 0.244646 0.148614) 1926 10375 1
(0.0397392 0.590385 0.0215829 0.348293) 17574 88060 1
(0.0044922 0.61956 0.142035 0.233913) 86268 88146 2
(0.0310231 0.229359 0.456894 0.282723) 2142 11437 1
(0.210762 0.588584 0.0676792 0.132975) 86250 289906 1
(0.388009 0.339025 0.265022 0.00794377) 86926 91859 2
(0.330556 0.11275 0.050931 0.505763) 17563 88035 1
(0.291859 0.13542 0.394484 0.178236) 2142 11440 2
(0.215491 0.332788 0.0464882 0.405233) 18270 91869 2
(0.49661 0.0391288 0.164406 0.299855) 17555 88034 1
(0.269841 0.0715723 0.238538 0.420049) 17553 88023 1
(0.403397 0.504127 0.00932743 0.0831491) 86922 54388 1
(0.537841 0.0166944 0.215678 0.229787) 18247 87939 3
(0.194901 0.159233 0.186049 0.459817) 17536 87922 2
(0.682707 0.197264 0.0970743 0.0229552) 2135 11406 1
(0.447826 0.135702 0.181853 0.234619) 9403 52921 2
(0.590492 0.142097 0.0308048 0.236606) 9400 52928 2
(0.0781005 0.111915 0.463546 0.346438) 9403 52921 3
(0.464996 0.211464 0.143891 0.179649) 86899 289846 1
(0.167289 0.22508 0.192606 0.415025) 85598 288269 1
(0.0541482 0.454123 0.322449 0.16928) 85595 288258 1
(0.498323 0.1524 0.243057 0.10622) 16779 52885 3
(0.289895 0.0731228 0.545283 0.0916996) 16779 83911 1
(0.182236 0.734451 0.0401454 0.0431683) 85601 288268 2
(0.425031 0.208679 0.103697 0.262592) 16778 83927 1
(0.516854 0.255289 0.0164734 0.211383) 85599 187396 2
(0.00771195 0.079874 0.590016 0.322398) 16764 83723 1
(0.662837 0.244653 0.0715401 0.0209697) 9173 51405 1
(0.455595 0.278177 0.0972954 0.168933) 16754 83820 1
(0.201866 0.0067749 0.472446 0.318913) 9172 51401 1
(0.265728 0.239977 0.0862346 0.40806) 17499 87629 2
(0.362825 0.478871 0.145798 0.012506) 14509 73431 2
(0.0456338 0.374689 0.0903089 0.489368) 17486 87634 1
(0.641073 0.0483477 0.101902 0.208677) 17480 87601 2
(0.581316 0.0991119 0.29742 0.0221518) 86148 289651 1
(0.0823756 0.501321 0.358344 0.0579592) 63866 234177 1
(0.0537085 0.491744 0.359267 0.0952804) 86145 289637 1
(0.166392 0.288577 0.118649 0.426382) 16033 80088 2
(0.193055 0.497482 0.0311591 0.278304) 9386 52823 1
(0.0388509 0.303614 0.380966 0.276568) 47241 187198 2
(0.030795 0.137715 0.798175 0.0333154) 8075 44841 3
(0.112764 0.218408 0.0526327 0.616195) 1127 6292 2
(0.473582 0.0112373 0.0276412 0.487539) 62036 229734 2
(0.371343 0.363382 0.1893 0.0759757) 14418 73117 2
(0.516227 0.0744818 0.0146774 0.394614) 14418 73124 1
(0.818087 0.0438561 0.0273114 0.110746) 46575 185072 1
(0.365052 0.293952 0.274424 0.0665722) 46575 80020 1
(0.214978 0.508755 0.0533318 0.222935) 62005 229759 1
(0.0224079 0.448352 0.510551 0.018689) 1412 7722 3
(0.538385 0.342506 0.0726609 0.0464478) 1415 7731 3
(0.0295018 0.44721 0.420076 0.103212) 85527 288084 2
(0.0245497 0.594056 0.107907 0.273487) 9162 51317 2
(0.210513 0.305409 0.32196 0.162118) 84939 77415 1
(0.0324029 0.043787 0.0653963 0.858414) 59772 224238 2
(0.0725146 0.0723921 0.54569 0.309404) 15462 77275 2
(0.0843837 0.0698753 0.271281 0.57446) 164907 450651 1
(0.147682 0.1704 0.0606204 0.621297) 59705 224097 2
(0.430941 0.0922672 0.455432 0.02136) 59692 79801 1
(0.266633 0.0995787 0.26683 0.366959) 84712 286083 2
(0.376025 0.30511 0.208622 0.110243) 85129 8120 1
(0.21897 0.143864 0.0672787 0.569887) 85131 287128 1
(0.457114 0.301765 0.240691 0.000431042) 46315 184254 1
(0.413061 0.147715 0.405915 0.0333103) 30 171 1
(0.263534 0.0497728 0.667543 0.0191502) 46315 184254 2
(0.0662325 0.0661051 0.498634 0.369028) 58996 222409 2
(0.00244017 0.549975 0.222121 0.225464) 2141 1959 1
(0.00151474 0.202635 0.621882 0.173968) 2142 11437 1
(9.05655e-05 0.403802 0.296962 0.299145) 86245 289905 1
(0.293729 0.131501 0.187681 0.387089) 173792 516535 1
(0.306185 0.459386 0.0408567 0.193572) 174087 517116 1
(0.109725 0.505669 0.231311 0.153295) 71276 251839 2
(0.124284 0.0550717 0.108745 0.711899) 20900 104294 2
(0.117952 0.370742 0.156645 0.354661) 20905 104319 2
(0.394518 0.280977 0.119895 0.20461) 88776 15378 2
(0.730672 0.220399 0.0242277 0.0247018) 20889 104221 2
(0.00765014 0.0655257 0.58559 0.341234) 20884 104196 1
(0.0763143 0.502962 0.214008 0.206716) 71065 103996 1
(0.0857997 0.656556 0.250789 0.00685557) 71784 143895 1
(0.149218 0.140801 0.367692 0.34229) 30959 144179 2
(0.144836 0.152063 0.604881 0.0982205) 21430 107270 1
(0.0506349 0.236648 0.597798 0.114919) 73333 256969 2
(0.0206338 0.0244623 0.732964 0.221939) 83391 282522 1
(0.14442 0.326958 0.112188 0.416434) 330 1968 1
(0.0506238 0.644108 0.0488537 0.256414) 330 1968 1
(0.262408 0.60177 0.0899008 0.045921) 330 1968 2
(0.296252 0.421711 0.114119 0.167918) 330 1968 2
(0.418219 0.182426 0.125381 0.273973) 330 1970 2
(0.0759836 0.609345 0.314186 0.000485265) 90036 115767 1
(0.264917 0.504821 0.193325 0.0369368) 22944 115638 1
(0.112326 0.521307 0.253769 0.112598) 90036 282532 1
(0.187966 0.534924 0.114085 0.163025) 90519 119746 1
(0.0368151 0.0558082 0.202852 0.704524) 22943 115582 1
(0.048895 0.739551 0.119346 0.0922079) 22941 115589 2
(0.226328 0.58278 0.0398028 0.151089) 90013 298376 2
(0.129834 0.0935362 0.449581 0.327048) 22940 115477 1
(0.395874 0.314034 0.243788 0.0463038) 23649 119699 1
(0.259059 0.510896 0.0746566 0.155389) 23649 119699 1
(0.0365448 0.0678004 0.338808 0.556846) 22919 115477 1
(0.0425642 0.524347 0.130395 0.302694) 83221 281906 1
(0.0575143 0.562572 0.322611 0.0573029) 89990 281906 1
(0.457411 0.353876 0.160286 0.0284264) 23628 115461 1
(0.382666 0.089541 0.0366276 0.491166) 22915 115451 3
(0.519586 0.10716 0.0674152 0.305839) 23628 115461 2
(0.529645 0.105483 0.158403 0.206469) 23628 115461 1
(0.482359 0.0321928 0.465376 0.020072) 22901 115323 3
(0.132187 0.254105 0.393661 0.220047) 83213 115352 2
(0.69153 0.0417213 0.210678 0.0560715) 83213 115352 1
(0.219639 0.548738 0.0262391 0.205383) 23631 115483 2
(0.313574 0.309929 0.307956 0.0685404) 83211 115336 2
(0.541872 0.283517 0.118149 0.0564624) 22895 115336 1
(0.0298314 0.294664 0.603641 0.0718632) 89510 297387 2
(0.283463 0.100344 0.0973348 0.518859) 51792 201593 2
(0.35299 0.596452 0.0276065 0.0229518) 22091 110630 2
(0.0532851 0.409107 0.49505 0.0425583) 89502 288266 1
(0.238697 0.00110096 0.146815 0.613387) 3363 17773 1
(0.191539 0.151941 0.520817 0.135703) 22033 58846 2
(0.734587 0.104844 0.12071 0.0398596) 89970 298290 1
(0.418887 0.206376 0.334756 0.0399809) 11964 64585 2
(0.377053 0.0858784 0.359748 0.17732) 5527 29687 3
(0.180784 0.442729 0.338199 0.0382874) 11965 64591 2
(0.121562 0.48748 0.259777 0.131181) 11965 64591 2
(0.34022 0.15847 0.235474 0.265836) 89948 298238 1
(0.0185986 0.419873 0.351855 0.209673) 84046 64067 3
(0.860162 0.026886 0.0211375 0.0918142) 72946 198436 1
(0.0362302 0.0546464 0.0925859 0.816537) 5319 28318 1
(0.325303 0.628224 0.00915654 0.0373163) 11810 28480 1
(0.645256 0.0592095 0.211076 0.0844587) 73689 110188 1
(0.104313 0.340092 0.466958 0.0886375) 30388 64014 2
(0.346718 0.125215 0.207933 0.320134) 83071 281392 1
(0.421742 0.306566 0.175603 0.0960886) 21220 106159 2
(0.143439 0.176331 0.348171 0.332059) 72856 255780 2
(0.609468 0.0197322 0.000950163 0.36985) 2958 3707 2
(0.082783 0.130096 0.398445 0.388676) 72763 255546 2
(0.0362846 0.231368 0.0294266 0.702921) 11675 63565 2
(0.752144 0.00413989 0.145861 0.097855) 72753 107694 2
(0.338768 0.0156733 0.249197 0.396362) 89197 296801 1
(0.0922845 0.35657 0.161016 0.390129) 88797 280653 2
(0.28885 0.307404 0.0761938 0.327552) 82854 280651 2
(5.94288e-05 0.262034 0.320803 0.417103) 90016 289905 2
(0.265899 0.24956 0.399436 0.0851057) 120557 391907 1
(0 0.300936 0.585843 0.113221) 36054 524780 1
(0.392432 0.422159 0.0501286 0.13528) 36065 157152 1
)


// ************************************************************************* //
