/*--------------------------------*- C++ -*----------------------------------*\
| =========                 |                                                 |
| \\      /  F ield         | OpenFOAM: The Open Source CFD Toolbox           |
|  \\    /   O peration     | Version:  2312                                  |
|   \\  /    A nd           | Website:  www.openfoam.com                      |
|    \\/     M anipulation  |                                                 |
\*---------------------------------------------------------------------------*/
FoamFile
{
    version     2.0;
    format      ascii;
    arch        "LSB;label=32;scalar=64";
    class       Cloud<passivePositionParticle>;
    location    "0.19995/lagrangian/kinematicCloud";
    object      positions;
}
// * * * * * * * * * * * * * * * * * * * * * * * * * * * * * * * * * * * * * //

150
(
(0.415626 -0.0729469 0.0414347) 84668
(0.348237 -0.0573649 0.010385) 44887
(0.402546 -0.0387828 0.00579043) 8997
(0.408241 -0.0356595 0.00841739) 41902
(0.371589 -0.0229372 0.00310611) 46460
(0.321401 0.022287 0.0012473) 95924
(0.319258 0.0231865 0.0015026) 48452
(0.549586 0.0206492 0.0455174) 2148
(0.545975 0.0170505 0.0454727) 1926
(0.546733 0.0180538 0.0243877) 17574
(0.547928 0.0188213 0.0249488) 86268
(0.545672 0.0237758 0.049804) 2142
(0.543684 0.0141383 0.0286239) 86250
(0.54511 0.0210116 0.0273768) 86926
(0.540551 0.016394 0.022183) 17563
(0.545135 0.0242721 0.040974) 2142
(0.540514 0.0227981 0.0236678) 18270
(0.535709 0.0127457 0.0216829) 17555
(0.534483 0.0173224 0.014198) 17553
(0.539297 0.0214726 0.02748) 86922
(0.530952 0.0213456 0.0188012) 18247
(0.528068 0.010954 0.0136844) 17536
(0.53114 0.0218341 0.0431827) 2135
(0.52159 0.00611802 0.016815) 9403
(0.521087 0.0028061 0.0209881) 9400
(0.520503 0.00519412 0.0199162) 9403
(0.528519 0.0211808 0.0452344) 86899
(0.513054 -0.00296701 0.0437094) 85598
(0.512679 -0.00492393 0.0307925) 85595
(0.512326 -0.00125574 0.017182) 16779
(0.510605 -0.0042939 0.0207502) 16779
(0.510582 -0.00487331 0.0483056) 85601
(0.50807 -0.00605368 0.0206484) 16778
(0.508285 -0.00838154 0.0307081) 85599
(0.50359 -0.0126995 0.0248411) 16764
(0.498045 -0.0165276 0.0203071) 9173
(0.499089 -0.0164728 0.0310772) 16754
(0.494222 -0.0175234 0.0132244) 9172
(0.505256 0.0106663 0.0170215) 17499
(0.486907 -0.027934 0.032031) 14509
(0.504659 0.00743793 0.0243248) 17486
(0.501745 0.00814315 0.0163916) 17480
(0.502016 0.00667036 0.0336634) 86148
(0.491001 0.00760296 0.0097602) 63866
(0.496689 0.00324392 0.0308948) 86145
(0.476578 -0.0377753 0.0322608) 16033
(0.493631 0.00209202 0.0202951) 9386
(0.482664 -0.00494966 0.00832939) 47241
(0.469991 -0.0408076 0.013488) 8075
(0.468624 -0.0439949 0.0381701) 1127
(0.480394 -0.00811901 0.00795515) 62036
(0.468163 -0.0455937 0.0304599) 14418
(0.467139 -0.046348 0.0337426) 14418
(0.469317 -0.0236975 0.00884103) 46575
(0.469127 -0.023856 0.0109515) 46575
(0.475551 -0.00723087 0.0100265) 62005
(0.456545 -0.0524497 0.0190093) 1412
(0.455227 -0.0535155 0.020769) 1415
(0.471282 -0.0169153 0.0375698) 85527
(0.470041 -0.0166985 0.0197054) 9162
(0.45105 -0.0591551 0.0302074) 84939
(0.461567 -0.0250404 0.00701299) 59772
(0.443489 -0.0668843 0.0243437) 15462
(0.431597 -0.0402802 0.00110715) 164907
(0.449775 -0.0281104 0.00164028) 59705
(0.45282 -0.0283223 0.00761699) 59692
(0.433718 -0.0671067 0.0390711) 84712
(0.438406 -0.0341099 0.0449824) 85129
(0.437568 -0.0341739 0.0359729) 85131
(0.424116 -0.0569286 0.0040284) 46315
(0.427012 -0.0394011 0.004505) 30
(0.423585 -0.0571705 0.00220958) 46315
(0.422447 -0.057748 0.00143589) 58996
(0.534078 0.022244 0.0499846) 2141
(0.546084 0.023983 0.0499904) 2142
(0.539003 0.0131773 0.0500013) 86245
(0.155465 0.107864 0.000158138) 173792
(0.209354 0.105867 0.00041101) 174087
(0.406575 -0.0657154 0.0964488) 71276
(0.398437 -0.0677929 0.0944269) 20900
(0.406463 -0.0724524 0.082192) 20905
(0.411341 -0.0737594 0.0575454) 88776
(0.398784 -0.0720077 0.0803732) 20889
(0.396436 -0.0717253 0.0754492) 20884
(0.379236 -0.0706292 0.0881268) 71065
(0.396166 -0.0401073 0.097226) 71784
(0.403194 -0.0338903 0.0928895) 30959
(0.380269 -0.0205765 0.0944058) 21430
(0.365042 -0.014345 0.0956627) 73333
(0.550115 0.0211612 0.0501301) 83391
(0.549759 0.0224425 0.0550595) 330
(0.549915 0.0214084 0.0584921) 330
(0.549563 0.0213338 0.0598666) 330
(0.549506 0.0221494 0.0593252) 330
(0.548694 0.0233255 0.0599521) 330
(0.547842 0.0182413 0.0746235) 90036
(0.546102 0.0181894 0.076733) 22944
(0.5477 0.0197198 0.0698263) 90036
(0.54543 0.0210419 0.0738617) 90519
(0.540061 0.0146321 0.0779233) 22943
(0.536748 0.0188207 0.0856611) 22941
(0.53629 0.0115579 0.0607221) 90013
(0.533549 0.0142101 0.0815363) 22940
(0.534476 0.0211059 0.0849607) 23649
(0.534149 0.0210365 0.0858068) 23649
(0.533272 0.0145713 0.0822686) 22919
(0.533404 0.00845803 0.0696012) 83221
(0.533237 0.00831952 0.0701844) 89990
(0.531941 0.0211447 0.0798437) 23628
(0.529363 0.0114074 0.0781208) 22915
(0.531336 0.0212998 0.0828627) 23628
(0.531234 0.0213253 0.0802653) 23628
(0.527471 0.00636442 0.0785661) 22901
(0.525713 0.00341273 0.074548) 83213
(0.524625 0.00286926 0.0709979) 83213
(0.527462 0.0205502 0.0792663) 23631
(0.521777 0.00116356 0.073386) 83211
(0.521091 0.00222013 0.0787104) 22895
(0.513383 -0.00290775 0.0510947) 89510
(0.50793 0.0196459 0.088892) 51792
(0.507253 -0.00878421 0.078161) 22091
(0.508544 -0.00675378 0.0503362) 89502
(0.51707 0.0164612 0.0515346) 3363
(0.500208 -0.0157908 0.0712772) 22033
(0.511357 0.0126486 0.0672748) 89970
(0.491646 -0.0235446 0.0672584) 11964
(0.49062 -0.0213558 0.0827579) 5527
(0.486501 -0.0271932 0.0581461) 11965
(0.486397 -0.027264 0.057071) 11965
(0.503896 0.00802503 0.0712069) 89948
(0.466395 -0.0476139 0.0736865) 84046
(0.470717 -0.0236394 0.0905972) 72946
(0.463388 -0.0503653 0.0753731) 5319
(0.463597 -0.0405004 0.0887091) 11810
(0.474222 -0.0109525 0.0918236) 73689
(0.463216 -0.0434506 0.0886864) 30388
(0.469312 -0.0183974 0.0690956) 83071
(0.450594 -0.0571935 0.0818232) 21220
(0.454586 -0.0260496 0.0983703) 72856
(0.450635 -0.0580257 0.058492) 2958
(0.450733 -0.0329286 0.0985242) 72763
(0.448673 -0.0595952 0.0505975) 11675
(0.4477 -0.0365583 0.096068) 72753
(0.459253 -0.0257433 0.0571442) 89197
(0.419934 -0.0719619 0.0677063) 88797
(0.418985 -0.0719802 0.0644399) 82854
(0.53754 0.0123072 0.0500019) 90016
(0.199637 0.116544 0.0995975) 120557
(0.228179 0.046821 0.0831113) 36054
(0.230408 0.0477656 0.0925218) 36065
)


// ************************************************************************* //
