/*--------------------------------*- C++ -*----------------------------------*\
| =========                 |                                                 |
| \\      /  F ield         | OpenFOAM: The Open Source CFD Toolbox           |
|  \\    /   O peration     | Version:  2312                                  |
|   \\  /    A nd           | Website:  www.openfoam.com                      |
|    \\/     M anipulation  |                                                 |
\*---------------------------------------------------------------------------*/
FoamFile
{
    version     2.0;
    format      ascii;
    arch        "LSB;label=32;scalar=64";
    class       Cloud<passivePositionParticle>;
    location    "0.19995/lagrangian/kinematicCloud";
    object      coordinates;
}
// * * * * * * * * * * * * * * * * * * * * * * * * * * * * * * * * * * * * * //

150
(
(0.245213 0.232389 0.166784 0.355614) 138857 436082 1
(0.063565 0.548803 0.121698 0.265934) 41809 171596 1
(0.450436 0.03984 0.252992 0.256732) 61330 228156 2
(0.508668 0.0282973 0.316284 0.146751) 5855 31500 2
(0.01156 0.721731 0.122248 0.14446) 90021 298393 1
(0.000170348 0.62025 0.00305766 0.376522) 83384 282496 2
(0.371238 0.164254 0.084684 0.379824) 86920 291581 2
(0.341625 0.343653 0.167288 0.147434) 90018 115617 1
(0.551596 0.11288 0.0187424 0.316782) 86244 289903 1
(0.111784 0.506031 0.254182 0.128003) 23649 119702 1
(0.448957 0.123859 0.198774 0.22841) 86241 289896 2
(3.44994e-06 0.287586 0.166126 0.546285) 90013 289896 2
(0.622465 0.00679214 0.275934 0.0948096) 86244 289903 1
(0.318382 0.164578 0.0503884 0.466652) 86244 289903 1
(0.055397 0.0482197 0.0598985 0.836485) 22937 115589 3
(0.0797065 0.144676 0.437559 0.338059) 86241 289842 1
(0.121176 0.453326 0.145846 0.279652) 86241 10373 2
(0.253157 0.392807 0.21626 0.137776) 86919 291578 2
(0.131896 0.49142 0.36328 0.0134045) 22919 115477 1
(0.0088963 0.144347 0.0275025 0.819254) 86220 289807 2
(0.643128 0.164081 0.000620807 0.19217) 89984 298319 2
(0.324458 0.44394 0.179082 0.0525201) 22913 115439 3
(0.345768 0.016633 0.105524 0.532074) 22913 115409 2
(0.238056 0.267498 0.336484 0.157961) 22899 115353 1
(0.49163 0.0949586 0.176341 0.23707) 22874 115208 1
(0.157492 0.507903 0.278144 0.0564606) 17534 52943 3
(0.455377 0.134634 0.0647184 0.345271) 23621 119530 1
(0.0700342 0.0312523 0.780077 0.118636) 23628 119574 2
(0.681865 0.0678302 0.00362299 0.246682) 22878 115227 2
(0.0623903 0.166854 0.0869179 0.683838) 90498 282507 1
(0.240303 0.213001 0.0785061 0.468189) 1910 10301 1
(0.14093 0.347442 0.476786 0.0348416) 86177 87740 2
(0.175095 0.340772 0.0587771 0.425356) 85607 83991 1
(0.460607 0.0534562 0.0241735 0.461763) 22092 110775 3
(0.263791 0.0219762 0.400826 0.313407) 22870 115177 1
(0.0333474 0.0862273 0.628945 0.25148) 9393 52870 1
(0.201914 0.140872 0.468435 0.188778) 22088 110776 3
(0.364696 0.494742 0.12008 0.0204823) 89499 297377 1
(0.00102493 0.350738 0.550217 0.0980203) 16764 83861 1
(0.188313 0.48357 0.165102 0.163016) 9174 51415 3
(0.376471 0.524966 0.0200157 0.0785475) 5519 29631 1
(0.676697 0.040325 0.0964671 0.186511) 14504 6400 3
(0.0183154 0.511121 0.390495 0.080069) 14508 73422 1
(0.411446 0.0587248 0.274051 0.255779) 11961 64563 2
(0.28548 0.385257 0.0130398 0.316223) 23596 119343 3
(0.405547 0.350034 0.0990992 0.14532) 9609 54246 3
(0.0533015 0.759541 0.0570305 0.130127) 8091 44945 3
(0.0040399 0.0427041 0.73127 0.221986) 16744 52835 2
(0.00535883 0.130968 0.780239 0.0834343) 21547 107978 1
(0.69231 0.0372575 0.155481 0.114951) 84042 64044 1
(0.0620765 0.644103 0.0532133 0.240608) 16729 83675 2
(0.561107 0.209397 0.212837 0.0166586) 8060 44751 2
(0.00333379 0.794311 0.148821 0.0535334) 84372 285282 1
(0.224964 0.0719696 0.469945 0.233122) 84042 284546 1
(0.0598646 0.439055 0.035689 0.465391) 90479 299243 2
(0.153922 0.164791 0.365067 0.31622) 86873 291444 2
(0.291277 0.599944 0.0283443 0.0804351) 10352 58620 3
(0.0376259 0.432444 0.471438 0.0584924) 10347 58603 3
(0.22054 0.00777525 0.603983 0.167702) 1121 6264 2
(0.102622 0.201686 0.270131 0.425561) 15469 77305 3
(0.0104022 0.222048 0.359991 0.407558) 86863 54275 2
(0.165197 0.194852 0.363628 0.276324) 5210 27721 2
(0.0707972 0.072109 0.380319 0.476775) 20992 104764 3
(0.0076553 0.542828 0.243503 0.206014) 15681 78448 1
(0.590226 0.065594 0.261263 0.0829165) 86843 289700 1
(0.421771 0.0738225 0.081206 0.423201) 82858 280665 2
(0.502177 0.187288 0.263917 0.0466182) 61990 229703 1
(0.11126 0.0212098 0.469142 0.398388) 58536 221314 1
(0.0428446 0.0511522 0.127716 0.778287) 46542 184968 2
(0.207195 0.313039 0.311922 0.167844) 72883 198372 1
(0.194468 0.420922 0.0111354 0.373474) 20942 27156 3
(0.193168 0.103095 0.502264 0.201474) 89951 17737 1
(0.00812833 0.596608 0.00172819 0.393535) 89952 115079 2
(0.00450372 0.097071 0.298043 0.600382) 5117 27161 2
(0.00169996 0.224243 0.636268 0.137789) 17490 87658 1
(0.16372 0.450536 0.170444 0.2153) 21167 105836 1
(0.105242 0.165205 0.529671 0.199883) 83987 284417 2
(0.294302 0.235082 0.201475 0.269141) 84322 285171 1
(0.699738 0.244729 0.0350345 0.0204985) 83998 284437 2
(0.160094 0.254462 0.370756 0.214687) 86135 289617 2
(0.118081 0.0507471 0.707518 0.123654) 84334 285185 1
(0.00101964 0.323877 0.618253 0.056851) 22815 114842 1
(0.417752 0.13236 0.0411678 0.40872) 59687 224016 2
(0.739697 0.0521894 0.203796 0.00431716) 89935 298211 2
(0.0369905 0.0958704 0.340106 0.527033) 59592 79602 1
(0.0805361 0.493333 0.157344 0.268787) 86140 289612 2
(0.129367 0.582909 0.0894279 0.198296) 86127 87520 2
(0.114975 0.211831 0.639144 0.0340501) 84555 285660 2
(0.0657792 0.322709 0.434947 0.176564) 58359 220890 2
(0.727332 0.12869 0.00649982 0.137478) 88706 295842 2
(0.381532 0.16156 0.161439 0.295469) 89906 281802 2
(0.153289 0.452621 0.324983 0.0691066) 70865 196234 2
(0.288957 0.0798027 0.394116 0.237123) 89906 114714 1
(0.376337 0.236506 0.0819079 0.305249) 86097 289508 2
(0.0241806 0.956055 0.0137479 0.00601649) 89903 298163 2
(0.135705 0.439931 0.288571 0.135793) 58116 76103 1
(0.0214377 0.640459 0.0590825 0.27902) 82827 280555 2
(0.149383 0.432008 0.406478 0.0121315) 59028 222485 1
(0.0241125 0.147464 0.0656877 0.762735) 89441 110078 1
(0.0207854 0.859719 0.0460983 0.073397) 82822 280533 2
(0.053741 0.638295 0.0807734 0.227191) 15215 76091 2
(0.263686 0.00403101 0.0169793 0.715304) 85520 288068 2
(0.0793622 0.423064 0.382566 0.115007) 88678 280531 1
(0.0511498 0.146382 0.371975 0.430494) 15185 75918 2
(0.0538896 0.211221 0.496194 0.238695) 15185 75880 2
(0.0700056 0.203396 0.316457 0.410141) 83982 284404 2
(0.151282 0.125781 0.331853 0.391084) 84491 285533 1
(0.0061138 0.66866 0.289402 0.0358245) 83971 284373 2
(0.224373 0.110962 0.0875655 0.577099) 5071 26717 3
(0.272309 0.435414 0.100536 0.191741) 84492 285534 1
(0.0328207 0.529312 0.283061 0.154806) 57887 75671 2
(0.00031518 0.613251 0.191218 0.195217) 1266 6993 1
(0.249262 0.353108 0.314824 0.0828064) 21481 107492 1
(0.17028 0.154048 0.543913 0.131759) 54607 210343 1
(0.29571 0.0385436 0.191268 0.474478) 14276 72645 1
(0.552831 0.0554251 0.189763 0.201981) 93872 49258 1
(0.012938 0.292927 0.0991486 0.594986) 30913 144054 1
(0.33405 0.304356 0.265871 0.0957226) 5456 29250 1
(0.134034 0.515215 0.319994 0.0307575) 33066 149632 1
(0.199626 0.269013 0.143155 0.388206) 7918 43893 1
(0.146206 0.249468 0.235949 0.368376) 1096 6144 1
(0.283272 0.033183 0.438311 0.245234) 34054 152103 1
(0.020633 0.788052 0.122556 0.0687586) 33930 151784 2
(0.096207 0.630481 0.0424503 0.230862) 84731 286120 2
(0.553988 0.124477 0.142221 0.179313) 42574 173420 2
(0.136902 0.0389782 0.483404 0.340716) 34038 152066 2
(0 0.389327 0.342215 0.268458) 18386 523320 2
(0.100174 0.261141 0.0993492 0.539336) 11368 62520 2
(0.281875 0.141816 0.305832 0.270477) 43120 98439 2
(0.13549 0.322494 0.22921 0.312806) 40086 525261 1
(0.15029 0.137109 0.683344 0.0292576) 173621 516186 2
(0.0292933 0.0463727 0.550865 0.373469) 107850 354891 1
(0 0.769483 0.00380872 0.226708) 112967 536245 2
(0.000557167 0.120444 0.108325 0.770674) 6787 37152 2
(0 0.815715 0.0954982 0.0887872) 26900 523589 2
(0 0.15111 0.0124326 0.836457) 152510 551090 2
(0.00167016 0.450478 0.458894 0.0889581) 68993 246407 1
(0.000113854 0.256206 0.0640122 0.679668) 77496 267363 1
(0.176086 0.436705 0.208 0.17921) 86893 282475 2
(0.111079 0.270652 0.13755 0.480719) 83380 282473 2
(0.219437 0.382716 0.115585 0.282262) 86893 291457 1
(0.588969 0.103458 0.122743 0.18483) 86872 291457 1
(0.658761 0.00359764 0.0889227 0.248719) 90476 18620 1
(0.312743 0.0667422 0.584632 0.0358834) 90478 291462 1
(0.00454762 0.174255 0.0271931 0.794004) 86895 54345 1
(0.0520213 0.088165 0.127601 0.732213) 18244 91721 1
(0.0893429 0.069827 0.46796 0.37287) 86895 54345 1
(0.108899 0.0716181 0.243137 0.576346) 90480 119424 1
(0.129665 0.607845 0.0635283 0.198962) 83373 282442 2
(0.0499902 0.371359 0.0906536 0.487998) 86890 291500 1
)


// ************************************************************************* //
