/*--------------------------------*- C++ -*----------------------------------*\
| =========                 |                                                 |
| \\      /  F ield         | OpenFOAM: The Open Source CFD Toolbox           |
|  \\    /   O peration     | Version:  2312                                  |
|   \\  /    A nd           | Website:  www.openfoam.com                      |
|    \\/     M anipulation  |                                                 |
\*---------------------------------------------------------------------------*/
FoamFile
{
    version     2.0;
    format      ascii;
    arch        "LSB;label=32;scalar=64";
    class       Cloud<passivePositionParticle>;
    location    "0.19995/lagrangian/kinematicCloud";
    object      positions;
}
// * * * * * * * * * * * * * * * * * * * * * * * * * * * * * * * * * * * * * //

150
(
(0.072322 -0.0176435 0.0708908) 138857
(0.315847 -0.0376976 0.0205804) 41809
(0.293319 -0.0133952 0.0423424) 61330
(0.28777 -0.00948463 0.0775398) 5855
(0.5405 0.0199717 0.0534575) 90021
(0.53999 0.0218983 0.0500011) 83384
(0.539099 0.0240701 0.0455987) 86920
(0.538873 0.0175747 0.0729868) 90018
(0.537963 0.0186191 0.032258) 86244
(0.533946 0.0221913 0.0756994) 23649
(0.534746 0.013406 0.0471494) 86241
(0.535155 0.0137424 0.0500025) 90013
(0.537727 0.0184419 0.0299508) 86244
(0.537746 0.0192032 0.0326773) 86244
(0.536575 0.0195638 0.0759952) 22937
(0.533466 0.0124716 0.039673) 86241
(0.535533 0.0147748 0.0438352) 86241
(0.536245 0.0225978 0.0292406) 86919
(0.533113 0.0122155 0.0762793) 22919
(0.530496 0.010071 0.0395627) 86220
(0.527742 0.00667425 0.0692206) 89984
(0.526126 0.0180333 0.0793029) 22913
(0.525148 0.0158661 0.0851382) 22913
(0.52066 0.00940429 0.0828247) 22899
(0.517803 0.00240726 0.0784025) 22874
(0.520356 0.0103949 0.0196078) 17534
(0.52191 0.0231888 0.0778204) 23621
(0.530616 0.0246688 0.075398) 23628
(0.518858 0.00766749 0.0833878) 22878
(0.533229 0.0240102 0.0735093) 90498
(0.518039 0.00198644 0.0389037) 1910
(0.51806 0.000538994 0.0255215) 86177
(0.513821 -0.00283901 0.0257632) 85607
(0.510767 -0.00348003 0.0788965) 22092
(0.512371 0.00244254 0.0860557) 22870
(0.509944 0.000509688 0.0213064) 9393
(0.509194 -0.000510219 0.0824381) 22088
(0.506051 -0.00869774 0.0711532) 89499
(0.50449 -0.00977935 0.0259997) 16764
(0.496946 -0.0115806 0.0154907) 9174
(0.485933 -0.0260326 0.0788727) 5519
(0.491259 -0.0214705 0.0331925) 14504
(0.486218 -0.02496 0.0439798) 14508
(0.487216 -0.0256891 0.0687324) 11961
(0.511804 0.0242855 0.0816307) 23596
(0.511491 0.0239851 0.020587) 9609
(0.473167 -0.0401624 0.0275434) 8091
(0.498034 -7.55396e-06 0.0128817) 16744
(0.472885 -0.039112 0.0608722) 21547
(0.465036 -0.047016 0.0579678) 84042
(0.492732 -0.00526823 0.0128297) 16729
(0.461286 -0.0480354 0.0155178) 8060
(0.462206 -0.049277 0.0374688) 84372
(0.463215 -0.0485849 0.0543362) 84042
(0.514985 0.02485 0.0692374) 90479
(0.514142 0.0246131 0.0298363) 86873
(0.456885 -0.055863 0.0719546) 10352
(0.457961 -0.0545005 0.0654874) 10347
(0.455772 -0.0550506 0.0464129) 1121
(0.450023 -0.0619665 0.0215808) 15469
(0.508044 0.0238622 0.0249189) 86863
(0.445022 -0.0662315 0.0762434) 5210
(0.43622 -0.0697343 0.0817959) 20992
(0.450351 -0.0438517 0.0122661) 15681
(0.502188 0.0214274 0.0429411) 86843
(0.430543 -0.0759929 0.0599294) 82858
(0.472397 -0.00562679 0.00930924) 61990
(0.432575 -0.0623593 0.0120368) 58536
(0.451546 -0.0224465 0.00561952) 46542
(0.463159 -0.0239604 0.091293) 72883
(0.421508 -0.0794146 0.0811324) 20942
(0.497021 0.0189803 0.0575851) 89951
(0.494659 0.0180038 0.0752671) 89952
(0.420777 -0.0842797 0.0752666) 5117
(0.4938 0.0161222 0.0247525) 17490
(0.42653 -0.0511689 0.0972184) 21167
(0.419379 -0.0834648 0.0573355) 83987
(0.418199 -0.0838509 0.0451819) 84322
(0.421867 -0.0828487 0.070115) 83998
(0.491524 0.0153872 0.0331101) 86135
(0.419836 -0.0834719 0.0360104) 84334
(0.482258 0.00970878 0.0753048) 22815
(0.443681 -0.0266474 0.00441363) 59687
(0.487918 0.0128871 0.0706056) 89935
(0.439809 -0.0325463 0.00311042) 59592
(0.486847 0.0122916 0.0460925) 86140
(0.485511 0.011302 0.0255965) 86127
(0.408984 -0.0895945 0.0258674) 84555
(0.398388 -0.0666109 0.00403553) 58359
(0.408165 -0.0880045 0.0688654) 88706
(0.47938 0.00674862 0.0692185) 89906
(0.399215 -0.0851909 0.0886203) 70865
(0.478216 0.00611157 0.0735677) 89906
(0.478103 0.00592472 0.031042) 86097
(0.476707 0.00484289 0.075068) 89903
(0.394157 -0.0858868 0.0117813) 58116
(0.401132 -0.090015 0.0508815) 82827
(0.416812 -0.0437671 0.00164324) 59028
(0.46641 -0.00420538 0.075234) 89441
(0.393499 -0.0904333 0.0507124) 82822
(0.387177 -0.088175 0.0243924) 15215
(0.466284 -0.00573437 0.0481204) 85520
(0.392114 -0.0896133 0.068486) 88678
(0.383379 -0.0875161 0.0225641) 15185
(0.380146 -0.0867314 0.0150292) 15185
(0.382966 -0.0878147 0.0504407) 83982
(0.380174 -0.0872397 0.0399528) 84491
(0.379319 -0.0860493 0.0626194) 83971
(0.373729 -0.0838641 0.0840467) 5071
(0.377387 -0.0868754 0.028937) 84492
(0.363442 -0.0813119 0.0120696) 57887
(0.375863 -0.0845149 0.0475469) 1266
(0.427611 -0.0293826 0.0819526) 21481
(0.378732 -0.0352132 0.00235254) 54607
(0.349739 -0.0629809 0.00345116) 14276
(0.35947 -0.0762352 0.0206919) 93872
(0.395201 -0.0245221 0.0857772) 30913
(0.392673 -0.0218448 0.0796618) 5456
(0.390109 -0.0195361 0.0850309) 33066
(0.344336 -0.0647132 0.0160493) 7918
(0.344067 -0.061384 0.0407087) 1096
(0.371367 0.000352836 0.0774415) 34054
(0.356556 0.00701809 0.0944555) 33930
(0.3369 -0.0579275 0.0169158) 84731
(0.367572 0.00376486 0.0403518) 42574
(0.360314 0.00780665 0.0914083) 34038
(0.00251115 0.0496793 0.00358021) 18386
(0.213669 0.155208 0.00392771) 11368
(0.313204 0.0602415 0.00808661) 43120
(0.246281 0.128624 0.0896628) 40086
(0.248458 0.084739 0.000870017) 173621
(0.260024 0.0876525 0.0989312) 107850
(0.0480261 0.0620065 0.0624762) 112967
(0.314897 0.0522763 0.0943803) 6787
(0.199802 0.0748015 0.0255969) 26900
(0.196748 0.0717476 0.0811723) 152510
(0.229085 0.0722754 0.00625757) 68993
(0.332158 0.034263 0.0943999) 77496
(0.520916 0.0275753 0.0488924) 86893
(0.523518 0.0273179 0.0541366) 83380
(0.520393 0.0274142 0.0471527) 86893
(0.519049 0.026949 0.0439086) 86872
(0.518654 0.0265993 0.0542578) 90476
(0.515906 0.0260334 0.0520001) 90478
(0.520099 0.0258817 0.0250382) 86895
(0.529194 0.0255707 0.0247096) 18244
(0.52171 0.025572 0.0255701) 86895
(0.519009 0.0256298 0.0743257) 90480
(0.512278 0.0252991 0.0593453) 83373
(0.525346 0.0251247 0.0314048) 86890
)


// ************************************************************************* //
