/*--------------------------------*- C++ -*----------------------------------*\
| =========                 |                                                 |
| \\      /  F ield         | OpenFOAM: The Open Source CFD Toolbox           |
|  \\    /   O peration     | Version:  2312                                  |
|   \\  /    A nd           | Website:  www.openfoam.com                      |
|    \\/     M anipulation  |                                                 |
\*---------------------------------------------------------------------------*/
FoamFile
{
    version     2.0;
    format      ascii;
    arch        "LSB;label=32;scalar=64";
    class       vectorField;
    location    "0.19995/lagrangian/kinematicCloud";
    object      U;
}
// * * * * * * * * * * * * * * * * * * * * * * * * * * * * * * * * * * * * * //


150
(
(-0.242225 0.0594285 0.0373582)
(1.44247 -1.44107 0.101391)
(1.1126 -1.1546 0.0868657)
(1.05953 -1.0891 -0.294269)
(3.03377 0.819317 -0.0345219)
(2.87967 0.91182 -0.0189289)
(2.87929 0.912416 0.0334939)
(3.00255 0.878023 0.0329148)
(3.00003 0.875046 -0.0320978)
(2.73091 0.904088 -0.040844)
(3.18958 1.00124 0.0295237)
(3.19024 1.00098 -0.0249262)
(3.00003 0.875083 -0.0320992)
(3.00003 0.875076 -0.0320989)
(2.90377 0.908066 -0.00742732)
(3.19513 1.05003 0.0290397)
(3.18958 1.00123 0.0295238)
(2.81263 0.956966 -0.0164857)
(3.04816 1.0178 0.0242894)
(3.26679 1.11297 0.0262887)
(3.3026 1.2114 0.0689813)
(2.86554 1.23087 0.0186385)
(2.86554 1.23087 0.0186385)
(3.20083 1.4267 0.0688215)
(3.30647 1.61153 0.0885784)
(3.03029 1.40256 -0.05011)
(2.60082 1.26777 -0.0182614)
(2.71295 0.996683 -0.0326742)
(3.19015 1.56313 0.0754744)
(2.79225 1.04377 0.0183702)
(3.45319 1.70289 0.0214876)
(3.42687 1.67617 -0.106455)
(3.49896 1.83626 -0.121285)
(3.40984 1.93138 0.122698)
(3.29688 1.90841 0.0959741)
(3.26536 2.03241 -0.0930944)
(3.40997 2.08219 0.120954)
(3.5955 2.36978 0.153631)
(3.59076 2.28636 -0.162301)
(3.54867 2.67037 -0.15244)
(3.35895 3.10063 0.201262)
(3.56854 3.09323 -0.183156)
(3.48767 3.19426 -0.0106942)
(3.45917 3.15069 0.186054)
(2.39566 1.49635 -0.0247256)
(2.39308 1.49014 0.0217796)
(3.21945 2.88429 -0.2393)
(3.27451 2.4434 -0.0850719)
(3.40422 2.96171 0.00165887)
(3.18246 2.70417 0.0130612)
(3.31478 2.72627 -0.0569134)
(3.13865 2.55133 -0.292731)
(3.20254 2.57542 -0.0309517)
(3.18636 2.69385 0.0128669)
(2.50313 1.40352 0.0148578)
(2.50165 1.39862 -0.016153)
(2.83443 2.32596 0.252548)
(2.98012 2.34052 0.235258)
(2.86495 2.26104 -0.046104)
(2.57773 2.02113 -0.388572)
(2.30364 1.48144 -0.00860699)
(2.40578 1.75986 0.383071)
(2.49221 1.28354 0.252819)
(3.5101 2.29566 -0.0631481)
(2.09684 1.55109 0.0380444)
(2.00669 1.05127 0.0375261)
(2.78351 3.25281 0.0232789)
(2.42978 1.53257 -0.0714889)
(2.71487 3.32656 0.0434233)
(3.20575 3.23217 0.0133577)
(2.0191 0.633083 0.222368)
(2.25313 1.75152 -0.0349661)
(2.08926 1.72483 0.0161623)
(1.73914 0.631706 0.29322)
(2.13756 1.84886 0.0416011)
(2.64975 1.73689 0.0361067)
(1.79396 0.421374 0.044391)
(1.78779 0.435303 -0.0475582)
(1.82464 0.518661 0.158681)
(1.94028 1.70502 -0.00825464)
(1.82173 0.514433 -0.165848)
(2.16283 2.2284 -0.060317)
(2.88353 3.12939 0.048404)
(2.09608 1.92438 0.0260113)
(3.01935 2.81118 -0.00686149)
(2.07623 1.93043 0.0463439)
(1.9284 1.88415 -0.0129954)
(1.60444 -0.0160175 -0.120081)
(1.74135 0.368915 -0.0155657)
(1.60582 -0.0234009 0.111663)
(1.90021 2.03954 0.00735699)
(1.15012 0.122369 0.163574)
(1.90021 2.03954 0.00735717)
(1.90249 2.0384 -0.00315964)
(2.15514 2.27102 0.0171527)
(1.09599 -0.0258832 -0.0908303)
(1.29895 -0.180671 0.051343)
(3.23415 1.25156 -0.0347407)
(1.89288 2.21833 -0.0219546)
(1.27446 -0.501391 0.0458174)
(1.3832 -0.590524 -0.0708707)
(2.39263 2.48493 0.0345774)
(1.52881 -0.591318 0.0543603)
(1.31097 -0.762916 -0.0472793)
(1.30364 -0.779354 -0.0449226)
(1.42948 -0.846741 0.0335137)
(1.39757 -0.936744 -0.0257186)
(1.40607 -0.94252 0.0265654)
(1.41238 -0.949813 0.00258811)
(1.40685 -0.941942 -0.0281486)
(0.981279 -0.747626 0.0833716)
(1.55253 -1.06589 -0.0207077)
(3.21376 1.16497 0.0105863)
(2.33767 -1.22376 0.0208669)
(0.772302 -0.576781 0.0265552)
(1.38989 -1.27291 0.0557315)
(2.72283 -2.35893 -0.181367)
(2.48311 -2.28513 -0.119357)
(2.33762 -2.20253 -0.0897913)
(1.56281 -1.47815 0.0372506)
(1.726 -1.64912 0.00127687)
(1.89707 -1.87378 0.00261994)
(1.4121 -1.32202 -0.0203851)
(1.49944 -1.48679 0.0206803)
(2.19082 -2.20031 0.00855985)
(1.76937 -1.81124 0.0461382)
(1.7872 -0.681676 0.867149)
(0.295301 -0.426046 -0.181422)
(2.31186 -2.40404 -0.111713)
(1.55305 -1.56106 0.715568)
(0.785438 -1.4948 0.00482153)
(0.87488 -1.41607 0.000692583)
(0.0548618 0.0158455 -0.00413176)
(1.481 -1.65142 -0.0577283)
(4.12973 2.31141 0.00865577)
(0.596497 0.592588 0.00749055)
(2.18732 -1.65652 0.0919459)
(1.18219 -1.25746 0.0071519)
(2.44021 1.21441 0.0365507)
(2.49591 1.16792 -0.0383805)
(2.43733 1.21623 0.0365379)
(2.36218 1.26357 0.0362022)
(2.36112 1.26247 -0.0380264)
(2.27053 1.30288 -0.0386568)
(2.35692 1.19013 0.0196159)
(2.47124 1.03564 0.0745174)
(2.38868 1.17034 0.0189614)
(2.31183 1.2241 -0.0224084)
(2.16994 1.3352 -0.0391183)
(2.48094 1.12256 0.0140414)
)


// ************************************************************************* //
