/*--------------------------------*- C++ -*----------------------------------*\
| =========                 |                                                 |
| \\      /  F ield         | OpenFOAM: The Open Source CFD Toolbox           |
|  \\    /   O peration     | Version:  2312                                  |
|   \\  /    A nd           | Website:  www.openfoam.com                      |
|    \\/     M anipulation  |                                                 |
\*---------------------------------------------------------------------------*/
FoamFile
{
    version     2.0;
    format      ascii;
    arch        "LSB;label=32;scalar=64";
    class       vectorField;
    location    "0.19995/lagrangian/kinematicCloud";
    object      U;
}
// * * * * * * * * * * * * * * * * * * * * * * * * * * * * * * * * * * * * * //


150
(
(0.254329 0.269852 -0.0147318)
(0.138863 0.137961 0.0166203)
(0.187211 0.18907 0.0127338)
(0.377383 0.383485 -0.0129334)
(1.46305 1.41387 -0.0507147)
(0.372838 0.40743 -0.149308)
(0.176085 0.175079 0.0132388)
(0.0897542 0.0925112 0.0143214)
(0.191674 0.193852 0.00976851)
(0.0542984 0.0551298 0.014106)
(0.176086 0.17508 0.0132388)
(3.18444 1.47887 -0.0579913)
(3.1559 1.51487 -0.0671933)
(3.15524 1.53604 -0.0712805)
(3.16694 1.55247 -0.072832)
(3.12715 1.54681 -0.0745707)
(3.12611 1.57019 -0.0801679)
(3.11804 1.63894 -0.0906617)
(0.185305 0.186096 0.00228013)
(3.08864 2.52426 -0.198918)
(3.06011 2.50954 -0.114686)
(3.06517 2.42521 -0.173494)
(2.67026 2.5932 -0.0279074)
(2.51574 2.2102 -0.0604024)
(3.02886 2.20439 -0.113614)
(2.49169 2.14543 -0.0597613)
(3.10464 2.1006 -0.11108)
(3.28967 0.667882 0.0604822)
(2.83728 -0.179612 0.0953908)
(3.06829 -0.89762 0.0994902)
(2.22345 2.18249 -0.0410301)
(0.498039 0.513866 -0.0188396)
(0.495185 0.315522 -0.0106551)
(0.270388 0.269552 0.00621702)
(0.267447 0.267588 -0.00486378)
(0.233222 0.232704 -0.00641822)
(0.224984 0.225967 -0.00587887)
(0.210179 0.21171 0.00701661)
(1.68848 1.70504 -0.348248)
(0.20383 0.205122 0.00920069)
(0.283 -0.283481 -0.00626192)
(0.276983 -0.279465 -0.00207)
(0.253467 -0.255144 -0.00742618)
(0.290566 -0.287908 -0.0384759)
(0.254721 -0.254076 -0.00449633)
(2.59243 -2.59413 -0.154306)
(2.59594 -2.57131 -0.166094)
(2.57729 -2.56998 -0.220422)
(0.534306 -0.550304 -0.112538)
(2.59067 -2.59545 -0.197401)
(0.22425 -0.224589 -0.000314395)
(2.38522 -2.38361 -0.0519998)
(0.21738 -0.217081 -0.00378306)
(0.250689 -0.252526 -0.0107926)
(0.220608 -0.220053 -0.00722966)
(2.51131 -2.50433 -0.260087)
(0.468088 -0.45843 -0.0955003)
(2.5958 -2.57116 -0.16611)
(0.297975 -0.299223 -0.0092939)
(0.186432 -0.188411 0.00486492)
(2.58119 -2.60798 -0.284664)
(0.303901 -0.306912 -0.00881043)
(0.308756 -0.31146 -0.00766743)
(0.199238 -0.195282 -0.00458587)
(0.52343 -0.540672 -0.13713)
(0.220621 -0.220066 -0.00722989)
(0.199215 -0.195259 -0.00458676)
(0.158985 -0.159698 -0.00462271)
(1.9571 -1.96623 0.0103866)
(0.420165 -0.428709 -0.0259827)
(0.393117 -0.374431 0.00727983)
(0.143057 -0.143671 0.00601483)
(0.161981 -0.160493 -0.00377324)
(0.158504 -0.159627 -0.00245597)
(0.739983 -0.571608 0.142508)
(1.21951 -1.38086 0.132973)
(-0.402369 0.298216 0.0819607)
(-0.345206 0.267868 0.0342028)
(0.0544041 0.0552246 -0.0135875)
(0.0679614 0.0740625 0.00637239)
(0.0570488 0.0541324 -0.0174044)
(0.400871 0.368122 -0.0589103)
(1.29982 1.24669 0.0389449)
(0.607671 0.55863 -0.0436255)
(0.138544 0.139995 -0.0150526)
(0.165965 0.1623 0.00293257)
(0.0509975 0.0516029 -0.0145296)
(0.400871 0.368122 -0.0589103)
(0.163372 0.162916 -0.00123891)
(0.138538 0.139765 0.0037198)
(1.87681 -1.89472 -0.0159385)
(1.92599 -1.90214 -0.0360363)
(0.343883 -0.330245 -0.0206458)
(0.162884 -0.164103 -0.000241398)
(0.230545 -0.231983 -0.0141301)
(0.226602 -0.226528 -0.00618281)
(0.166391 -0.164928 0.00258528)
(1.62061 -1.38192 -0.167516)
(0.20809 -0.259413 0.000138971)
(3.20003 1.49918 0.0582941)
(3.03803 1.5052 0.0764477)
(3.49511 2.06209 0.114076)
(2.69032 2.6008 0.0326021)
(2.88859 2.37631 0.142102)
(3.13316 2.55201 0.132882)
(2.66811 2.59719 0.0298137)
(2.68549 2.59637 0.02265)
(2.74083 1.84949 0.197965)
(2.5958 1.6775 0.200353)
(2.81561 2.19271 -0.0101345)
(0.315707 0.219229 -0.0995437)
(0.428883 0.425704 -0.000663194)
(0.277641 0.27799 -0.00164538)
(1.97237 1.96457 0.0703331)
(0.210134 0.21166 -0.00703994)
(0.202762 0.204639 -0.00787542)
(0.198145 0.198042 -0.0104744)
(0.198145 0.198042 -0.0104744)
(0.270544 -0.272937 0.00758238)
(0.279706 -0.280475 0.00744234)
(0.279599 -0.280365 0.00240949)
(0.257521 -0.256772 0.00759428)
(2.57757 -2.57025 0.224678)
(0.461745 -0.468244 0.0431068)
(2.38541 -2.38368 0.055625)
(0.514737 -0.501427 0.038342)
(0.423878 -0.401967 0.00693576)
(2.37302 -2.42781 0.0508247)
(2.29865 -2.34224 0.0358856)
(2.29859 -2.34218 0.0358895)
(0.302215 -0.303346 0.00749223)
(0.221621 -0.216515 0.0125922)
(0.283566 -0.287148 0.00399363)
(0.176011 -0.177187 0.00144928)
(0.187416 -0.186628 0.00344762)
(0.164836 -0.166463 0.0016791)
(0.18328 -0.182851 -0.00231517)
(0.17826 -0.176067 0.00159428)
(0.170636 -0.171935 0.00556574)
(0.178252 -0.176059 0.00159439)
(2.06061 -2.09538 0.00178575)
(0.199227 -0.195233 0.00497234)
(0.571735 -0.566941 0.133374)
(0.200751 -0.202633 0.00541802)
(2.42636 -2.44339 0.351989)
(0.450336 -0.441244 0.0133593)
(2.14738 -2.16497 0.0213235)
(0.157864 -0.157053 -0.000674331)
(0.147325 -0.148267 -0.00342255)
(1.94876 -1.98479 0.117339)
)


// ************************************************************************* //
