/*--------------------------------*- C++ -*----------------------------------*\
| =========                 |                                                 |
| \\      /  F ield         | OpenFOAM: The Open Source CFD Toolbox           |
|  \\    /   O peration     | Version:  2312                                  |
|   \\  /    A nd           | Website:  www.openfoam.com                      |
|    \\/     M anipulation  |                                                 |
\*---------------------------------------------------------------------------*/
FoamFile
{
    version     2.0;
    format      ascii;
    arch        "LSB;label=32;scalar=64";
    class       vectorField;
    location    "0.49995/lagrangian/kinematicCloud";
    object      U;
}
// * * * * * * * * * * * * * * * * * * * * * * * * * * * * * * * * * * * * * //


150
(
(-0.107802 0.0157762 0.132597)
(2.37132 0.639322 -0.0916011)
(2.37692 0.636326 0.0787824)
(2.37132 0.639322 -0.0916011)
(2.37132 0.639322 -0.0916011)
(2.43023 0.699972 0.144246)
(1.42139 0.544959 -0.0788731)
(1.77062 0.639448 0.117596)
(2.99961 0.805952 0.186694)
(1.69337 0.555084 0.114297)
(3.08799 0.820235 -0.163414)
(2.99961 0.805952 0.186694)
(1.42139 0.544959 -0.0788731)
(1.72127 0.556333 -0.11737)
(1.62778 0.522115 -0.0589501)
(1.59917 0.520552 0.0554764)
(2.46277 0.71798 0.185292)
(2.45094 0.700285 -0.146954)
(2.36173 0.683037 0.177235)
(-0.0973232 0.376401 -0.110269)
(0.957306 0.403729 -0.070506)
(1.76314 0.579157 -0.166908)
(0.843112 0.382852 -0.0112491)
(-0.0503104 0.377198 0.0969288)
(-0.719067 0.192167 -0.163986)
(-0.0973232 0.376401 -0.110269)
(0.190175 0.282137 0.000382103)
(-0.716523 0.197946 0.158784)
(-0.716523 0.197946 0.158784)
(1.81315 0.396788 -0.0807147)
(-0.0503104 0.377198 0.0969288)
(-0.716523 0.197946 0.158784)
(-0.763146 0.107689 -0.0394104)
(-0.729605 0.199796 -0.201411)
(-0.719067 0.192167 -0.163986)
(-0.0189333 0.192015 -0.117579)
(-0.0571769 0.182624 0.120175)
(1.34773 0.30221 -0.00497191)
(-1.39715 0.0145497 0.170262)
(0.855812 0.0981063 -0.166663)
(0.513022 0.135023 -0.13325)
(-1.39715 0.0145497 0.170262)
(-1.40619 0.00544227 -0.164796)
(-0.725667 -0.00203225 -0.153568)
(-0.727879 0.112549 0.0400589)
(0.107078 0.0481439 0.160073)
(-0.979372 -0.0371885 0.0788698)
(-1.39715 0.0145497 0.170262)
(-1.39715 0.0145497 0.170262)
(0.422914 0.0427147 0.175997)
(0.0668683 0.043686 -0.167152)
(2.40842 0.387818 0.0196281)
(-1.39715 0.0145497 0.170262)
(-0.727879 0.112549 0.0400589)
(0.799864 0.180656 -0.121281)
(2.40842 0.387818 0.0196281)
(-1.40619 0.00544227 -0.164796)
(2.75067 2.61331 -0.177803)
(0.0773098 0.203752 -0.217813)
(3.22653 0.688651 -0.0932335)
(0.460451 0.140391 -0.0175223)
(1.54044 0.888565 0.315886)
(0.0334138 -0.1051 -0.833705)
(-0.486858 -0.469488 -0.706363)
(-0.511495 -0.710735 0.354612)
(-0.240639 -0.197367 0.377827)
(-1.28648 -1.30245 0.0148799)
(1.79758 -0.671385 0.873196)
(0.272538 -0.597129 -0.281944)
(1.33448 -1.17695 0.173232)
(0.0929918 0.0242479 -0.00243509)
(4.29978 2.40603 0.0533714)
(0.641275 0.636777 -0.00232225)
(-0.74492 0.772347 0.613446)
(3.96348 0.271829 -0.182915)
(3.94939 0.247278 0.167824)
(3.96348 0.271829 -0.182915)
(3.96348 0.271829 -0.182915)
(3.94939 0.247278 0.167824)
(3.94939 0.247278 0.167824)
(4.30522 0.854962 -0.17994)
(4.20021 0.949484 -0.178975)
(4.31626 0.913205 -0.184366)
(4.3033 0.854491 0.177188)
(3.94939 0.247278 0.167824)
(4.1673 0.775507 -0.235984)
(4.14109 0.680082 0.241375)
(4.14701 0.68825 -0.244136)
(4.19516 0.949466 0.177327)
(4.3033 0.854491 0.177188)
(4.30522 0.854962 -0.17994)
(4.23981 0.765401 -0.140833)
(4.03226 0.820057 0.219999)
(3.68496 0.674319 -0.125279)
(4.19516 0.949466 0.177327)
(3.63232 0.0558189 -0.153319)
(3.73788 0.831475 -0.206227)
(3.96024 0.9484 0.171076)
(3.6001 0.0297421 0.130298)
(3.69458 0.665218 0.111701)
(4.24829 0.74575 0.118756)
(4.00909 0.579035 -0.221066)
(4.00909 0.579035 -0.221066)
(3.82783 0.413329 0.146491)
(3.20097 -0.191402 0.142904)
(3.90668 0.938296 0.158248)
(3.14377 0.678041 0.093252)
(3.83857 0.429425 -0.149105)
(3.82783 0.413329 0.146491)
(3.25855 0.799563 -0.189297)
(3.58188 0.903513 0.167102)
(3.82783 0.413329 0.146491)
(3.82783 0.413329 0.146491)
(3.83857 0.429425 -0.149105)
(3.9888 0.529256 0.18731)
(3.82783 0.413329 0.146491)
(3.25855 0.799563 -0.189297)
(3.59004 0.925064 0.18104)
(3.25855 0.799563 -0.189297)
(3.90871 0.95825 -0.17887)
(3.65443 0.1941 -0.0743665)
(3.52428 -0.437105 0.6603)
(3.16653 -0.224287 -0.155249)
(4.46194 1.19566 0.195703)
(3.51451 0.884163 0.145663)
(3.90871 0.95825 -0.17887)
(4.34551 1.17887 -0.203879)
(3.77084 0.523157 0.229062)
(3.60029 -0.0174449 -0.475757)
(3.62415 -0.0575789 -0.443751)
(3.62415 -0.0575789 -0.443751)
(3.11957 -0.411216 -0.448686)
(3.70868 0.391316 -0.242434)
(3.27555 -0.52708 -0.402029)
(3.16653 -0.224287 -0.155249)
(3.11957 -0.411216 -0.448686)
(3.20097 -0.191402 0.142904)
(3.92932 0.893134 0.20793)
(3.92835 0.843461 -0.207941)
(3.84264 0.66024 -0.198773)
(3.27555 -0.52708 -0.402029)
(3.16653 -0.224287 -0.155249)
(3.70218 0.387809 0.244058)
(3.11957 -0.411216 -0.448686)
(3.70868 0.391316 -0.242434)
(-0.0315461 0.00413055 0.292734)
(-0.403197 -0.0770341 -0.73496)
(2.22258 0.253349 0.542876)
(1.844 1.45655 -0.0725047)
(1.14916 1.20022 0.115763)
)


// ************************************************************************* //
