/*--------------------------------*- C++ -*----------------------------------*\
| =========                 |                                                 |
| \\      /  F ield         | OpenFOAM: The Open Source CFD Toolbox           |
|  \\    /   O peration     | Version:  2312                                  |
|   \\  /    A nd           | Website:  www.openfoam.com                      |
|    \\/     M anipulation  |                                                 |
\*---------------------------------------------------------------------------*/
FoamFile
{
    version     2.0;
    format      ascii;
    arch        "LSB;label=32;scalar=64";
    class       volScalarField;
    location    "0.2";
    object      p;
}
// * * * * * * * * * * * * * * * * * * * * * * * * * * * * * * * * * * * * * //

dimensions      [0 2 -2 0 0 0 0];

internalField   nonuniform List<scalar> 
2958
(
32.5251
14.7119
-2.61579
33.8053
22.7895
-6.79005
32.4988
29.5708
12.6814
29.3146
33.2188
65.3199
31.8839
43.6283
28.9981
35.6169
15.1518
31.7674
50.3349
30.2941
51.6312
14.6665
49.8745
29.487
31.8395
29.283
4.5014
29.7492
45.4164
32.2348
29.8414
25.9365
51.7791
7.3018
30.0452
25.9744
-3.94071
51.1896
34.6132
30.7433
-86.1675
31.6941
31.6347
31.8513
82.9391
-3.74879
33.1164
17.8957
29.6414
32.5883
34.6555
17.7754
37.4178
31.6217
35.4155
24.3282
33.7536
35.9256
37.0831
-69.5679
36.3424
45.8368
30.9841
32.2223
73.776
48.7107
31.638
17.5505
51.1372
34.1164
17.412
64.3915
6.60091
38.8456
50.3368
31.9451
35.8976
31.4867
47.3046
34.5752
31.889
25.331
28.2003
27.8583
29.7766
31.6989
19.4713
31.6738
15.3592
44.9446
30.3597
13.5355
31.0752
50.079
17.9277
48.1708
26.7468
10.543
40.281
50.6289
24.4539
37.9016
47.716
13.5241
45.1873
54.2921
76.126
27.6215
42.9622
51.8967
9.82817
33.0522
46.9228
31.6645
46.8787
50.7604
31.9629
32.2222
13.7091
35.7094
36.9007
67.7174
30.8818
20.069
31.8272
32.7687
22.8767
13.0582
34.7066
50.1691
48.6678
70.9576
33.1925
117.396
50.948
51.3156
31.5816
39.8493
46.5996
41.7688
36.5344
17.0933
51.3923
51.5848
35.3824
19.3777
47.8627
53.5776
10.0377
52.224
27.6722
28.586
29.7782
70.5121
30.8731
56.7546
32.3497
38.7587
32.1231
34.4357
30.412
30.5796
32.9875
52.4866
30.2444
33.0837
39.6518
48.9527
27.4974
8.75982
15.3414
75.806
42.9868
20.6343
44.9375
-6.0841
19.8226
13.269
8.30284
51.8275
42.828
13.2821
31.7789
28.3953
16.7639
13.6133
17.2504
42.261
13.5535
26.0676
19.5825
17.8429
20.2847
35.0201
18.5145
45.3626
14.7865
20.2755
36.3755
34.409
27.945
56.2216
32.4669
12.1514
20.2863
43.7851
44.214
46.5638
15.6983
29.7744
55.7398
45.1668
51.1489
12.6052
53.0731
14.9974
32.4026
51.3118
55.1706
57.036
60.1489
18.0609
32.238
14.3256
11.579
33.6491
29.8445
58.8354
12.869
8.18245
18.2773
27.2855
7.90571
22.4557
44.7546
61.3339
56.8827
36.5617
56.7911
45.2447
53.9756
45.6802
36.8261
29.6229
28.4231
16.3523
43.5003
32.0515
32.4983
34.7951
27.3979
26.4857
32.4089
26.4579
27.3361
14.024
31.9063
9.5994
30.1158
16.5018
36.0734
46.3951
17.3246
-88.1583
42.5161
32.1184
26.6019
32.9003
10.0163
45.7418
14.4457
16.3058
32.5761
59.8351
12.2787
34.4904
48.9383
24.8605
47.0035
13.6765
38.8577
54.2217
41.4667
32.1168
17.7202
46.2892
67.8414
42.9047
20.2856
32.6842
30.1212
10.7968
43.5034
53.0715
33.2218
13.7329
39.2742
36.6673
43.8951
33.8952
33.6711
23.2257
9.88371
17.3208
31.0066
20.8507
30.0867
46.4773
31.6134
41.07
48.3616
34.2986
31.5362
50.5012
12.4075
11.7182
24.0112
32.1787
11.9122
34.2881
25.2483
16.9397
31.4413
17.9199
1.20382
46.068
33.5857
44.641
25.0306
-76.0475
18.2103
34.6263
69.8547
47.5384
9.07822
46.8237
23.3781
16.8211
23.2829
51.2664
31.5618
8.82144
24.5484
22.3723
38.618
18.6611
37.2306
21.2024
37.2285
21.4128
37.2938
30.1904
21.8766
15.637
16.3884
31.8364
53.23
31.2135
28.9189
33.854
-76.6362
34.13
33.1762
40.1861
31.2807
9.41383
32.3147
39.6469
39.6364
31.4421
32.3604
22.8555
51.7897
34.3045
32.1156
10.7621
35.2962
24.7851
25.2343
18.0187
33.6183
30.57
48.7263
31.1611
17.4135
46.5324
35.4226
23.9459
53.871
47.6693
30.4542
76.971
88.92
15.4071
48.6692
4.93598
-75.1328
50.1986
53.1033
31.3141
49.9569
31.5378
15.2985
26.4295
34.8509
34.6713
15.607
31.6123
35.5263
36.243
47.9084
31.8077
32.9048
7.55325
10.0999
32.1988
20.0443
23.332
31.7585
31.8948
81.9975
32.8881
26.2555
35.8442
27.2536
47.5017
16.3799
27.7016
36.9804
13.7822
24.5978
38.6991
9.22443
29.549
26.533
20.1345
25.3954
23.1956
33.8171
47.3465
20.6201
13.9468
35.3868
36.8655
19.6511
38.5587
46.0209
16.8883
42.3543
18.7946
45.8804
27.1441
32.3429
9.83589
35.5624
26.0786
47.6063
39.0464
25.6298
42.7302
17.3019
24.6155
35.2725
34.2651
31.7803
32.7579
8.03772
30.6938
31.8289
33.4066
33.7696
63.603
33.4932
-2.46586
31.0794
16.0271
30.8632
21.1106
10.2547
31.5544
31.7838
11.2574
69.9658
42.3036
16.4957
30.4663
32.389
31.1803
-4.57111
31.0868
9.68836
19.4349
32.7606
31.3308
16.6021
39.0932
33.6455
51.6884
53.343
52.6419
15.6582
51.8155
71.3905
23.097
21.9049
47.2994
29.9999
15.467
27.5998
34.1192
48.763
49.8888
37.2294
49.4419
35.3942
34.9079
5.6556
11.3672
15.594
24.4426
42.8188
17.289
67.8083
12.979
32.123
32.1722
19.9498
46.6922
31.6728
37.0686
31.6575
45.3505
10.7898
50.8069
28.5521
32.2653
7.72166
18.235
35.2911
31.6721
29.1164
31.1732
67.5297
36.4342
52.825
29.6981
31.7726
50.1978
43.1434
13.8635
49.4241
45.8614
14.4913
55.172
-32.4062
33.6063
29.3389
33.6808
31.569
9.04269
32.8856
14.3643
32.342
32.8278
35.5807
39.4611
76.059
32.0472
44.06
40.9646
57.0952
32.4056
48.7145
50.0129
45.4416
20.3347
54.3209
43.7491
-6.36915
32.5478
13.4323
12.564
31.4982
12.0267
35.6558
46.5249
53.2519
47.7997
14.0607
34.1135
46.3659
59.0895
31.9442
45.8055
47.7152
51.1419
38.3549
53.7045
32.5428
35.4866
67.2892
30.3149
46.3024
24.6185
12.3778
33.9939
11.6725
35.0119
36.7482
42.6133
33.6888
31.6766
55.7221
44.0027
32.4842
23.1187
32.2716
12.4765
88.3014
44.5676
46.6066
37.3465
29.5286
22.5909
31.2787
48.9865
18.8521
32.1117
32.3676
54.1767
22.6616
49.201
19.0413
52.5928
44.2123
32.5299
44.3436
-0.979771
34.3162
32.1021
51.0381
33.7519
11.3142
43.7376
32.002
11.723
7.73852
69.6099
32.754
44.895
51.4274
36.8903
46.0798
15.8081
30.1908
16.9667
16.1957
34.4896
34.0124
18.2644
15.5328
33.6002
47.205
38.311
35.0619
47.4186
19.0518
39.5942
39.5706
30.8391
30.112
14.9574
24.7428
20.5801
21.0091
17.2846
30.8068
36.1015
68.7367
50.0341
20.4439
22.7803
50.5406
16.5566
48.0294
16.5198
12.844
38.1848
30.3261
12.0124
10.1651
15.0702
36.0541
29.7461
33.9916
54.4003
38.8751
37.6603
35.9096
43.0915
51.5635
19.6974
32.5485
27.8803
34.5008
32.5605
31.6314
25.5338
26.3925
20.2854
30.1475
13.1393
11.5938
33.5068
36.6584
32.0103
30.1106
32.7297
28.5901
20.8683
26.562
68.2765
16.8059
43.426
50.1468
14.5797
31.0364
14.1384
32.066
35.8227
26.3779
9.4879
25.6522
17.1171
41.2206
29.8467
32.8488
44.6109
51.5454
30.3436
32.8624
33.201
17.1815
31.1414
35.32
54.5811
24.5552
32.2894
14.7468
29.4456
12.123
43.9635
73.8315
30.437
52.0216
51.464
31.6432
26.6394
10.2553
39.4801
52.0217
48.2822
45.8709
22.7138
16.6205
43.4544
30.8816
52.7358
21.9646
42.8603
46.8945
18.3755
45.6323
30.9958
45.8304
64.3153
46.7023
27.2198
55.6886
41.9428
13.5595
22.7853
35.9064
37.0126
45.1236
7.74221
29.2968
43.3094
14.9799
33.3511
31.3666
37.1045
34.5002
31.3001
53.1299
20.715
53.9226
32.7177
30.8642
38.8585
11.1637
45.227
40.543
27.398
31.5746
45.7964
38.7848
31.3048
15.7294
9.0237
32.711
32.0702
30.4738
57.6994
31.4222
23.3307
21.2469
31.4718
45.664
25.7694
31.8447
34.8849
31.6821
27.3406
32.153
18.52
33.8574
29.4801
20.526
27.2843
10.3586
32.0017
32.741
10.997
35.5887
12.6776
29.792
70.2737
32.0679
31.8141
25.8553
31.3443
54.5777
52.3862
65.884
39.0164
31.2424
45.4536
31.8596
24.0099
33.2508
40.891
28.2978
10.6549
13.0544
30.2566
15.0197
37.554
32.1053
30.4159
19.7286
10.4446
37.8859
33.2795
26.3035
46.0754
9.15713
35.2694
47.9129
31.0682
29.4033
50.4464
14.1254
25.1607
31.319
-26.326
25.8568
46.5206
52.4552
32.3534
49.8353
49.9148
41.4751
11.1721
39.2333
31.5733
12.7931
7.29581
31.538
17.5185
21.4655
34.2803
18.6127
76.8336
13.4052
26.2516
30.9886
32.071
16.725
35.3143
9.22875
16.2669
49.3249
35.6033
13.8446
7.49285
16.8003
20.9616
24.5074
51.517
31.8977
19.0916
31.938
22.004
29.6992
18.9403
24.4744
42.6743
13.6373
29.7179
13.6231
8.16633
46.7948
31.9818
30.4127
15.5669
10.8394
30.0242
7.01058
14.5129
16.4845
29.1723
17.4423
40.2044
30.9047
12.2935
32.0625
17.7355
31.968
14.8398
31.9503
13.4461
50.0273
32.9693
34.3567
23.0767
24.5907
29.9993
46.1603
14.2452
29.1284
17.2742
45.0302
27.5171
20.4082
13.7118
45.9398
31.0732
32.2317
47.4698
46.7888
23.2943
15.1828
27.3819
47.734
36.2688
53.6303
7.60892
33.3611
24.7943
8.55902
32.2807
25.9168
50.3359
23.6911
73.6352
31.4839
53.3337
26.7748
26.117
47.0918
31.8257
59.8097
10.1397
29.8733
20.998
32.12
37.804
13.6313
16.819
14.9977
31.4455
32.4609
10.121
27.6947
39.116
31.9293
27.9708
14.2944
10.3035
13.5864
11.9793
20.7578
30.9455
20.6512
23.5065
38.527
38.3721
87.2752
51.2116
-74.6681
18.5138
47.3792
25.3864
25.18
24.3755
24.8434
34.4129
39.76
42.1642
32.5715
27.0292
26.2829
29.3629
13.6955
86.5838
35.1211
38.3504
6.81133
32.3953
50.5274
46.3424
3.92701
33.3706
41.9148
49.8487
32.3188
52.801
47.653
39.5774
37.341
44.4413
52.1761
90.9431
19.0319
46.0557
31.169
31.2423
32.5345
46.145
34.0894
38.5067
-7.68803
16.2409
31.2036
36.7342
48.6899
33.9857
70.4666
51.8402
49.9469
35.7747
31.796
54.1283
31.7753
31.9621
20.9563
39.247
32.0539
21.8888
48.7539
11.3956
36.8499
28.2206
41.9512
41.1408
37.6194
27.7962
34.1863
17.4339
26.9166
31.9119
9.94331
27.5056
22.2483
45.2458
32.0436
12.7884
31.697
31.9613
30.3046
30.3507
39.68
29.2631
24.753
68.671
-74.8343
17.1639
32.8454
20.1458
31.6982
1.41241
16.4116
41.576
13.7095
28.833
19.478
52.7295
28.975
53.2297
52.9593
48.6919
46.1223
12.5831
21.9734
14.9773
33.0339
16.95
26.5051
18.435
16.6033
12.5772
6.99539
33.5543
31.8403
32.3113
32.8465
14.5123
14.8607
25.9798
52.3999
-7.98549
31.1095
15.9236
27.8054
29.0051
50.7851
31.8879
49.4012
51.0084
50.703
53.5936
33.3656
30.7615
31.3452
26.866
21.9182
32.0099
2.28504
45.5377
45.6938
29.5541
31.3745
24.1112
27.5967
37.1734
31.3344
24.2295
31.4773
47.2804
20.9717
26.2219
28.3498
18.4195
34.8754
38.6669
34.6164
34.3139
25.9422
17.5385
50.3896
38.3984
25.2876
27.41
50.6647
43.5339
32.1978
31.7983
27.9342
34.5135
24.6521
9.28618
52.1631
27.8806
-6.51309
43.6341
23.1525
43.4887
31.7304
15.3886
49.7722
36.5004
27.7043
35.8979
31.0504
27.876
42.3115
34.4605
42.9678
34.8328
29.4144
28.2777
32.5502
50.9903
12.989
36.2141
31.877
-33.0149
31.2591
31.1363
35.5693
50.1972
31.8825
21.3235
39.3811
24.8094
31.7286
35.3504
32.3605
32.0465
46.2474
28.8799
31.4345
29.8914
33.1385
31.5939
30.7078
16.0905
44.4675
31.8291
5.53061
50.3077
35.5002
52.7529
26.7598
38.5356
17.1281
13.9556
29.4343
9.26523
30.1808
43.1733
12.552
32.7895
31.579
25.2526
15.7769
35.8238
31.8271
46.7208
48.7004
32.1119
31.9108
48.388
51.2097
15.7149
33.9551
11.9052
17.761
31.0888
-14.0066
35.0834
34.6508
11.4906
14.4845
34.2907
26.8039
36.6293
32.7175
26.0993
25.7638
17.0068
32.3492
39.8289
37.1579
16.0755
17.1314
35.9406
20.5349
31.3654
22.7236
30.6698
15.6817
43.687
22.2495
43.4126
30.6286
20.7661
28.9217
46.2001
17.3163
38.5409
54.679
32.0374
31.7361
31.7242
31.7257
34.2842
33.6149
29.4012
17.542
32.722
31.6506
22.3026
34.8602
33.0033
6.55259
34.0469
19.4379
46.9762
29.2844
43.9892
44.7123
32.7233
31.7956
11.712
39.0268
30.0356
31.8525
13.7785
44.0508
39.7983
31.6113
24.6543
14.1772
31.8489
42.3382
31.6791
-3.45915
11.4719
43.9991
2.59313
64.1019
30.2515
49.2658
6.26682
74.7322
33.6959
11.4557
41.9757
54.1486
25.1015
39.7641
61.3703
35.4709
77.6786
-2.8436
44.9534
21.1559
69.1602
28.5352
26.4455
32.7845
46.7327
27.4389
53.7392
30.7388
52.0382
15.7567
56.8632
29.602
44.7418
29.1689
34.3624
50.9968
29.9933
26.5357
31.71
22.8641
54.0083
31.0492
23.5522
46.8825
28.3924
48.4133
51.035
17.5684
33.8766
54.7237
30.2865
51.6664
34.1482
38.8142
14.2855
13.6169
33.5393
23.5975
14.4824
30.5365
20.5345
46.5495
53.7323
28.094
20.1749
37.6087
19.6745
30.9479
35.3616
54.6761
19.1703
20.0087
31.0646
17.8481
29.5122
10.2564
13.7282
31.957
49.7898
49.8717
31.7462
7.22048
10.7751
31.3845
30.9748
38.4225
27.5346
25.7516
31.0565
32.0993
52.9323
9.18671
34.9869
33.8171
17.3415
9.31684
49.4623
33.7865
34.0008
49.2603
44.6795
32.4136
11.9285
33.0573
44.612
25.3526
35.3818
49.9209
42.8059
48.127
49.4515
42.1972
49.0275
3.26812
33.9872
27.2431
30.0893
20.2596
30.2178
17.5154
34.2253
47.5535
61.2454
30.0267
32.0323
48.8664
32.6468
29.9912
41.4354
36.1694
37.502
26.2867
11.1836
22.5363
31.8711
5.254
34.9367
39.2335
18.1577
29.5628
55.029
46.1734
16.5766
38.9816
55.2208
37.8111
26.3957
36.5133
49.0309
28.0901
30.4451
17.3159
32.5484
16.7029
38.5808
48.2493
34.2034
22.392
22.121
7.4816
16.6759
25.2685
49.803
72.2002
34.2526
32.8813
25.3797
36.1773
19.7389
8.87263
19.4704
9.30913
32.7431
36.5059
39.3926
13.95
33.9117
21.3855
32.5813
36.6368
30.825
45.4065
49.7135
1.63271
17.9153
8.06295
35.0757
29.8951
14.4567
6.04294
14.4939
45.7034
10.1594
10.442
9.05893
15.3654
35.3632
5.37535
22.9499
36.8967
41.3977
-26.9876
19.1242
40.4891
16.5308
29.7769
32.4581
29.8065
31.9851
71.636
32.3798
18.1218
31.3071
8.09211
37.0521
48.1362
37.892
66.1387
14.9015
21.2887
14.0389
31.774
33.4281
32.0516
51.2457
45.4244
12.0789
35.3494
43.5627
28.0564
44.1244
28.4731
33.0167
45.0784
28.34
13.4881
31.4016
14.3961
47.9855
45.5767
39.8311
-0.889777
32.7259
20.83
39.1879
19.8152
13.3844
-9.93607
13.0763
38.2657
36.9927
13.2504
39.6939
51.6014
49.3051
48.5404
45.6408
41.7943
44.0176
48.4288
33.3157
10.2276
49.7377
23.2094
32.6152
48.0104
30.8713
37.0978
32.0324
13.1534
21.62
28.9479
12.8945
38.5111
32.6816
19.7811
41.3074
18.3757
50.9774
35.4932
33.9189
31.9233
30.8168
33.1813
50.7982
45.6677
32.92
72.4932
47.4381
6.98553
9.86419
50.1452
36.9199
56.7757
29.4643
25.513
49.2985
30.8927
7.46473
28.5042
20.7185
31.9801
11.0158
13.6357
16.683
9.59872
33.8951
33.442
35.7008
29.7591
49.3943
14.2058
46.1293
69.4884
18.3603
31.8255
31.2907
44.965
31.8961
18.16
10.4191
52.664
52.5965
54.0608
56.5844
57.0153
55.9876
31.2875
30.412
10.9223
-44.2485
-2.39553
2.86163
12.3837
9.39932
12.6282
9.18563
13.1259
8.80248
7.9829
6.72811
60.2778
60.1834
35.5913
26.3621
30.644
30.5113
23.0057
20.8577
25.0561
24.6163
29.0015
23.112
24.1548
34.4151
26.5394
26.3985
26.6778
14.1241
9.09828
14.3853
38.7849
22.666
14.7729
39.1996
0.772273
41.0328
6.03761
49.0752
53.8076
61.6365
-46.0413
52.2574
13.9525
69.5377
52.068
52.8828
43.2549
53.4652
53.9164
52.9226
55.2887
48.9285
61.1145
9.93089
56.9762
62.2236
8.10564
55.4726
54.548
16.6306
14.83
26.6325
26.5584
27.1953
30.8821
17.2286
18.8426
38.8321
40.4285
45.7451
39.5925
45.2597
46.9524
41.3332
44.9695
41.9724
43.1898
41.8876
40.7499
36.3359
37.8734
34.5714
36.7328
38.8852
40.079
39.012
39.6607
37.3028
40.2825
37.8056
34.6222
34.7519
37.2288
31.4931
31.177
31.8105
30.9512
30.4931
30.3085
32.474
33.6555
32.7148
32.191
33.5149
32.7496
32.3685
32.6879
31.6993
31.6028
31.5705
30.743
30.8937
31.1698
30.1372
30.5886
27.0683
36.1489
39.9943
37.4011
37.1154
10.1072
22.2264
21.8727
10.1949
9.65344
12.3633
9.01718
9.39278
8.58616
4.59733
11.8215
2.46691
26.8942
21.1129
25.7009
9.65295
13.48
18.0846
-82.386
-82.0744
-13.9687
-10.22
2.2055
14.803
17.8451
17.3376
21.0973
4.59291
6.26227
22.1504
31.2837
13.3415
43.3694
33.4132
29.3588
24.0985
22.8902
15.2438
15.2876
7.71775
18.6077
19.1545
16.2734
16.007
8.24046
16.571
9.27962
7.95074
34.2411
38.7433
5.78015
5.40871
47.1229
48.3535
46.5558
47.4938
36.8822
34.362
32.5002
40.4451
38.8953
36.8325
32.5137
47.1086
32.0263
52.8146
-75.1361
-77.4368
7.4534
-77.1362
-75.1762
3.08944
-75.8586
17.6012
44.7178
15.4868
53.5855
61.5145
26.6338
-94.8518
-56.9191
-54.2004
33.5978
15.7042
6.41005
23.1273
22.5363
18.4489
29.7966
31.5156
32.0759
32.1509
31.8877
32.9176
32.2076
31.9235
31.9426
32.6308
30.8058
31.243
30.9684
32.2755
31.4485
31.8516
31.9264
31.144
31.6264
31.3339
30.0757
32.4752
31.7062
31.4273
31.5235
30.9102
31.1828
31.3028
31.751
31.4064
31.9205
38.0357
76.0592
69.8148
66.7534
60.3292
57.8963
57.8505
58.2324
59.3908
63.055
61.8684
58.8399
61.7129
45.1067
45.8822
46.3049
43.3153
-28.6898
38.8169
44.7075
-35.9346
18.0587
19.6212
52.4552
23.1179
47.2079
41.4205
45.9897
57.9523
59.3788
45.9589
50.8708
48.4405
50.0366
46.9804
47.0074
46.4163
22.386
52.205
50.6964
57.2539
58.3346
50.548
42.5441
44.5704
49.7756
46.2099
47.5417
60.9578
5.83431
61.9869
51.2659
51.7327
51.6323
58.6879
40.6561
40.465
39.4098
39.689
37.6259
34.1421
31.0425
30.8624
43.3101
21.2
37.3928
21.9011
11.2788
5.01519
10.0845
17.9876
19.6753
-85.9375
-52.0201
23.3321
32.4598
27.1987
24.0027
29.2889
12.8898
17.6439
4.27989
34.8047
2.77359
2.26147
45.7916
25.9012
35.6728
26.9777
25.2953
33.6976
25.0777
-73.5899
-76.0007
-75.9516
18.5714
4.69944
0.747568
19.23
24.3272
24.4117
30.2257
30.7204
32.2797
32.1484
31.9984
32.3079
31.6299
30.5453
32.1365
30.1223
32.6205
31.1649
30.958
28.6608
31.2908
31.933
33.9345
31.927
71.9508
62.3445
56.0918
41.036
43.64
40.4068
43.1694
-31.3282
56.9032
40.1432
42.5507
42.8509
41.7152
57.9594
50.3857
47.0944
46.8919
50.1156
47.6255
44.9995
51.9897
52.2646
51.3375
37.8198
51.7966
51.9994
47.9069
52.4018
49.2422
43.1714
51.7505
20.5536
61.9984
30.4603
27.2391
32.0482
47.5556
53.0614
52.1084
47.196
56.9932
57.4214
62.4314
58.7017
51.2119
53.8112
51.2477
52.402
47.655
52.7897
52.9834
53.6992
53.8117
52.562
48.1005
48.0226
58.3321
55.7738
38.6663
24.1463
37.9572
39.5187
26.1825
28.9244
28.515
26.8444
24.739
26.9856
24.8514
26.6562
26.8067
37.8614
35.6596
36.9705
37.1899
34.8495
36.6731
34.9683
35.715
35.1243
36.8253
37.6351
32.1201
32.6311
32.0474
31.2227
31.0281
31.4016
30.486
31.1005
31.3818
31.1952
31.4888
31.2771
31.1226
31.3716
31.3399
31.6484
31.987
31.5785
31.3444
31.7043
32.2952
32.3272
32.0007
32.078
31.7395
31.9
31.822
31.9667
31.9734
31.9447
31.9496
32.3968
31.5708
33.3483
31.2066
34.8417
28.4761
29.9597
29.9724
28.8548
22.176
17.2458
16.3739
14.7369
11.3909
15.1416
21.8679
11.432
13.1294
20.8433
8.64202
12.6364
12.2305
8.06542
12.8963
9.97956
-4.30557
31.5216
28.9486
37.665
11.9614
35.6807
36.9559
30.8796
16.6509
22.4045
34.2837
29.0265
22.3428
27.0226
21.7121
26.7988
25.7226
24.5947
21.9961
18.641
16.717
17.7167
18.2998
18.3419
19.0008
13.8491
10.1911
15.2714
15.1389
17.7871
14.7881
10.0559
16.5418
16.9723
15.8819
16.6979
19.2465
20.043
27.2018
30.9088
26.9549
0.905715
5.7948
3.93853
1.92657
29.4563
31.2433
32.6518
34.2376
28.6537
34.6312
21.4033
27.7341
36.1119
28.8654
25.7519
27.4599
27.2005
27.0516
28.6276
10.1577
30.9245
-79.998
10.3241
29.4374
34.2987
12.8435
23.1523
16.758
29.7012
8.69217
23.8328
23.611
23.3235
26.6994
25.6438
26.6723
24.5951
25.6297
27.9928
30.9893
28.5902
29.7427
30.7123
30.7929
30.6663
31.1378
31.2248
30.8188
31.0727
31.0573
31.0791
31.3837
32.2106
31.9147
30.8222
32.1169
30.9169
31.9075
32.737
31.4414
31.5734
32.102
32.4797
32.0397
31.7148
32.6159
33.1419
33.1523
32.5885
32.8215
29.2811
33.942
36.514
38.7347
61.3371
61.0547
62.1795
47.2064
46.2736
47.3447
45.1883
45.4765
50.3446
46.3981
46.6614
41.4273
41.7308
29.566
53.5834
61.4993
42.5157
48.7548
50.2958
50.1639
49.6174
14.5667
48.6442
48.9782
49.1814
48.8119
49.9165
50.0308
46.8319
46.7658
48.2624
47.0476
47.6195
41.31
19.8826
16.4531
17.0111
35.632
34.9369
35.1833
43.3255
45.0264
42.2394
41.4086
51.6439
44.1588
41.1992
42.2629
48.3353
45.0192
48.8274
47.9634
50.4411
52.1377
52.7311
57.3095
52.4634
55.1704
51.2105
31.7744
50.5081
50.1167
50.7699
49.4776
51.3277
52.6502
51.4453
53.7714
47.5527
42.5147
49.526
48.5943
50.1997
52.1313
36.9205
19.2146
36.3809
37.6257
21.0845
37.4079
31.3651
30.0741
27.0116
32.2956
25.6939
30.9083
36.4095
35.7308
32.4397
36.0809
35.3701
36.5533
35.6653
35.612
34.2717
35.7642
34.348
34.161
33.2019
32.0362
32.2752
31.7697
32.0453
31.8453
31.8328
31.719
31.9082
31.8959
32.1011
31.8174
32.1725
32.0756
32.0009
31.33
31.938
32.2223
31.6777
31.9199
31.8388
31.198
32.2087
31.4011
31.9551
31.6093
28.8656
32.1415
31.5509
31.6257
31.6112
31.6632
31.7438
31.793
31.7652
33.0395
28.9308
29.1773
29.6046
28.6841
23.4223
17.7607
25.6529
29.5316
25.7006
18.6708
26.4624
16.0603
17.0275
13.9849
16.0731
8.90996
12.3305
18.5421
13.7574
15.3382
15.0642
14.0242
15.0014
12.577
12.8997
12.7306
8.97739
6.33446
17.0268
15.5635
9.7142
12.8122
17.8497
11.101
10.3119
-3.27602
-27.7098
-11.3419
15.745
16.375
14.0749
15.4193
3.74468
17.9789
17.1801
12.1932
15.115
20.6892
19.8001
17.3381
22.7584
23.0984
21.0208
18.1196
26.3193
27.0953
16.0175
17.2148
16.4274
21.3642
17.65
16.9287
18.1317
14.9233
15.5423
15.6694
13.8239
15.6949
15.0765
16.5476
15.5994
14.206
13.399
13.9923
14.381
15.5002
13.645
14.2635
13.9408
15.7601
14.5623
13.4536
14.072
20.4552
18.8247
28.6485
19.1717
28.665
22.9693
22.1884
23.1093
25.7992
24.464
24.3224
31.9131
21.7661
29.5758
31.2094
31.0405
27.6367
28.4496
29.2068
29.02
29.638
30.2744
31.0141
27.3824
30.0341
26.8165
22.0871
29.4112
24.9721
46.6801
46.9576
34.6575
53.1705
27.8377
24.2886
26.1082
25.6
29.6971
31.7578
31.4232
35.4206
32.1499
31.4925
28.5346
31.5476
30.7768
30.8264
31.6198
31.6709
31.0206
31.6115
31.6336
31.6619
31.565
31.6204
31.6592
31.8443
31.8574
31.1895
33.1088
30.405
32.2991
31.9928
32.3609
29.9937
31.6438
28.9856
32.826
33.4
32.2321
32.9405
32.5405
31.8791
32.7631
32.0757
32.499
32.8649
32.5337
32.2476
32.8056
32.4206
32.2633
32.6156
32.5171
32.9754
32.8924
32.2903
34.546
36.9067
48.3103
11.9691
44.5042
43.3532
46.11
43.4297
47.9858
44.5362
45.1645
46.7361
49.6297
33.9495
51.2474
49.1324
48.9526
51.4188
51.3467
51.0576
50.8998
50.7629
47.7317
50.3735
49.1296
50.3836
48.7219
49.9982
49.1322
48.5358
49.5312
46.8032
49.1499
46.38
49.0612
49.7733
27.6368
29.0306
17.1281
15.3481
16.2116
16.6132
15.4028
14.6825
17.5232
33.5816
32.2589
12.7604
31.2755
38.3814
33.8909
49.4072
35.0246
37.0656
45.0381
46.7143
44.1304
48.1458
52.3466
49.9745
51.6408
46.6701
10.7105
11.5363
15.171
11.8575
5.61434
49.4779
52.1849
48.2338
50.062
50.243
58.1311
45.6017
51.3892
50.0517
51.4702
49.7128
48.1912
51.4668
50.9253
50.1959
50.7845
52.8631
31.4964
29.1368
37.7523
35.433
28.6618
30.5047
31.3388
30.8711
36.4488
34.2726
36.1278
33.5029
33.0493
38.0112
34.7117
33.2518
34.8079
35.3245
34.1856
31.9605
31.5977
33.3982
33.0817
33.0735
31.9974
32.5478
32.6218
33.2213
31.7681
30.511
30.9814
32.2329
31.4387
31.6172
31.6548
31.8077
30.4007
29.6027
45.4118
45.7608
31.8364
28.0275
25.4255
25.4132
20.5925
21.3528
17.1754
16.5795
18.5345
17.8569
16.8931
18.0512
17.9506
16.4021
14.2056
13.0254
12.0036
14.6942
13.8038
12.2134
14.3756
13.8432
20.5309
20.264
6.87857
11.7851
19.1975
17.0072
15.8861
19.0708
17.1197
16.9838
16.3741
16.1978
18.0397
30.9657
27.0931
29.6414
15.2583
14.4248
15.6778
15.445
12.0787
11.8111
13.6709
28.9482
29.3113
27.947
29.9666
27.6955
29.2839
25.7325
28.153
52.6059
47.5741
54.0974
49.9558
52.5946
52.8464
51.7946
50.0644
51.3501
49.8684
50.2698
49.1489
49.6811
49.9661
48.8609
9.73166
30.0072
28.4725
28.9854
27.5835
49.2048
29.982
29.035
44.943
28.2978
19.4609
17.9361
54.1812
49.999
9.55289
12.3778
13.6077
9.74459
32.3401
26.9637
23.8754
30.5974
24.768
26.4622
32.5426
32.522
35.2599
46.1952
42.1238
49.8457
47.8549
48.1674
46.3814
25.5533
38.4152
54.6762
50.508
50.6559
32.3155
31.4547
50.2657
31.1299
31.8426
11.4521
14.9231
14.0272
17.3451
10.7593
34.1464
26.02
16.7738
18.9103
16.4563
22.1782
23.8081
23.091
25.8334
29.162
32.7995
32.7701
32.2069
49.8362
47.0601
49.2734
48.7666
48.6996
29.983
29.7736
49.3272
20.1104
30.8107
32.412
49.6431
32.5505
28.8128
12.9464
14.0618
49.1079
49.3634
31.2995
59.2477
58.5641
16.5015
10.8788
66.2326
48.8473
26.3882
30.392
26.4325
49.041
40.4762
14.8011
10.4615
25.7627
39.2737
50.6436
39.4722
51.2781
31.1151
11.5728
-36.146
-31.7209
35.8215
46.1254
46.1387
45.855
38.1531
-20.8113
31.8854
32.8515
32.485
32.6465
32.8878
30.7605
31.4768
32.1232
31.7264
59.6734
31.6344
58.3123
58.779
60.2857
47.6979
31.627
43.8266
31.641
41.6565
58.9061
57.622
45.1916
47.1238
58.1948
56.1981
1.89306
27.9732
24.2808
33.0614
31.7843
42.1181
44.4708
46.6575
27.584
47.6565
44.2571
31.1494
31.7694
31.8054
31.878
12.3322
6.90556
13.933
31.9408
26.2161
24.0256
24.2764
26.9601
30.4201
32.4168
35.0464
62.2014
49.4723
44.524
59.0765
48.0853
30.3738
46.5191
47.5092
36.0293
47.2008
26.05
52.9085
50.5839
35.622
22.1594
32.6161
31.8361
31.3798
29.6338
29.4398
31.3118
17.8558
13.035
0.316519
46.8972
47.5409
47.1144
46.3807
46.6907
45.6893
45.6586
45.3163
)
;

boundaryField
{
    Wall
    {
        type            zeroGradient;
    }
    Inlet
    {
        type            zeroGradient;
    }
    Outlet
    {
        type            fixedValue;
        value           uniform 0;
    }
    Empty
    {
        type            empty;
    }
}


// ************************************************************************* //
