/*--------------------------------*- C++ -*----------------------------------*\
| =========                 |                                                 |
| \\      /  F ield         | OpenFOAM: The Open Source CFD Toolbox           |
|  \\    /   O peration     | Version:  2312                                  |
|   \\  /    A nd           | Website:  www.openfoam.com                      |
|    \\/     M anipulation  |                                                 |
\*---------------------------------------------------------------------------*/
FoamFile
{
    version     2.0;
    format      ascii;
    arch        "LSB;label=32;scalar=64";
    class       Cloud<basicKinematicCollidingParcel>;
    location    "0.3/lagrangian/kinematicCloud";
    object      coordinates;
}
// * * * * * * * * * * * * * * * * * * * * * * * * * * * * * * * * * * * * * //

76
(
(0 0.363767 0.592683 0.0435507) 109 63373 1
(0 0.267561 0.498895 0.233544) 120 63540 2
(0 0.0367901 0.159931 0.803279) 749 63412 1
(0 0.0183248 6.60475e-05 0.981609) 580 63394 2
(0 0.666609 0.0242618 0.309129) 751 63413 2
(0 0.595032 0.274621 0.130347) 751 63413 3
(0 0.617474 0.0543819 0.328144) 11034 63530 2
(0 0.0832871 0.756383 0.160329) 751 63413 2
(0 0.124263 0.311428 0.564309) 821 63548 2
(0 0.308568 0.154868 0.536564) 11005 63526 2
(0 0.0267872 0.259011 0.714202) 579 63393 2
(0 0.57547 0.12787 0.29666) 582 63395 2
(0 0.186576 0.125534 0.68789) 569 63389 2
(0 0.0723879 0.0947811 0.832831) 11005 63526 2
(0 0.210601 0.349059 0.44034) 602 63402 2
(0 0.519731 0.407819 0.0724499) 576 63392 1
(0 0.839084 0.134884 0.026032) 576 63392 3
(0 0.611073 0.244335 0.144592) 10876 63493 2
(0 0.498576 0.364566 0.136858) 11040 63532 1
(0 0.00826693 0.713568 0.278165) 567 63388 1
(0 0.369575 0.171025 0.4594) 824 63549 3
(0 0.00287147 0.1163 0.880828) 10898 63502 2
(0 0.0663781 0.905492 0.0281298) 10991 63520 1
(0 0.346075 0.362311 0.291614) 747 63546 2
(0 0.471686 0.184911 0.343404) 10870 63490 2
(0 0.786807 0.0202356 0.192957) 10991 63520 2
(0 0.101136 0.761718 0.137145) 11040 63532 2
(0 0.488417 0.490375 0.0212085) 767 63416 1
(0 0.720743 0.0405353 0.238721) 572 63390 2
(0 0.742194 0.218805 0.039001) 532 63378 2
(0 0.206678 0.576508 0.216814) 79 63368 1
(0 0.638509 0.123002 0.238488) 675 63404 3
(0 0.171186 0.411466 0.417348) 10985 63518 2
(0 0.530886 0.361945 0.107169) 10848 63481 2
(0 0.135063 0.435094 0.429842) 10988 63519 1
(0 0.37087 0.281539 0.347591) 10861 63486 2
(0 0.221354 0.26607 0.512576) 10847 63480 1
(0 0.0229636 0.526378 0.450658) 532 63378 2
(0 0.129436 0.826838 0.0437256) 95 63371 2
(0 0.551234 0.369902 0.0788637) 677 63405 2
(0 0.675863 0.32403 0.000107765) 673 63403 1
(0 0.504036 0.102408 0.393555) 3089 63460 1
(0 0.560696 0.272612 0.166693) 3815 63473 2
(0 0.601735 0.387758 0.0105061) 541 63382 2
(0 0.807206 0.0836219 0.109172) 667 63541 1
(0 0.962404 0.0109265 0.0266696) 10875 63492 2
(0 0.0616233 0.581455 0.356921) 1412 63443 1
(0 0.718925 0.210565 0.0705103) 10855 63483 1
(0 0.440325 0.191342 0.368333) 3592 63466 1
(0 0.338215 0.231219 0.430566) 1269 63434 1
(0 0.253717 0.568563 0.177721) 667 63541 1
(0 0.649281 0.126944 0.223774) 667 63541 1
(0 0.590524 0.369523 0.039953) 1448 63444 2
(0 0.0511008 0.0889827 0.859916) 541 63382 2
(0 0.117204 0.750732 0.132064) 10835 63475 1
(0 0.302819 0.0218522 0.675329) 10836 63476 1
(0 0.798682 0.183689 0.017629) 10836 63476 1
(0 0.034258 0.62542 0.340322) 702 63410 1
(0 0.105431 0.645644 0.248924) 2943 63568 2
(0 0.344969 0.54947 0.10556) 3374 63571 2
(0 0.244157 0.0967801 0.659063) 3374 63571 1
(0 0.830795 0.0381918 0.131013) 537 63380 2
(0 0.348382 0.197818 0.4538) 1332 63566 2
(0 0.14897 0.238219 0.612811) 72 63365 1
(0 0.58984 0.0218507 0.388309) 1258 63564 1
(0 0.320819 0.231097 0.448084) 72 63365 1
(0 0.622056 0.231286 0.146658) 93 63538 1
(0 0.243539 0.33094 0.42552) 72 63365 1
(0 0.206705 0.454574 0.338721) 10903 63504 1
(0.281057 0.0166491 0.0716435 0.63065) 2835 14329 2
(0.383335 0.32554 0.162371 0.128754) 2833 14322 1
(0.0148804 0.10534 0.668759 0.211021) 2908 14738 1
(0.0174926 0.134281 0.381506 0.466721) 9518 242 1
(0.0649738 0.464679 0.468692 0.00165589) 10540 2022 1
(0.230527 0.0736103 0.131505 0.564358) 9961 5389 1
(0.43207 0.138199 0.148214 0.281517) 9938 33179 1
)


// ************************************************************************* //
