/*--------------------------------*- C++ -*----------------------------------*\
| =========                 |                                                 |
| \\      /  F ield         | OpenFOAM: The Open Source CFD Toolbox           |
|  \\    /   O peration     | Version:  2312                                  |
|   \\  /    A nd           | Website:  www.openfoam.com                      |
|    \\/     M anipulation  |                                                 |
\*---------------------------------------------------------------------------*/
FoamFile
{
    version     2.0;
    format      ascii;
    arch        "LSB;label=32;scalar=64";
    class       Cloud<basicKinematicCollidingParcel>;
    location    "0.3/lagrangian/kinematicCloud";
    object      positions;
}
// * * * * * * * * * * * * * * * * * * * * * * * * * * * * * * * * * * * * * //

76
(
(0.6 0.0396495 0.0577652) 109
(0.6 0.042333 0.0589405) 120
(0.6 0.034783 0.0598304) 749
(0.6 0.0347214 0.0499992) 580
(0.6 0.038333 0.0696732) 751
(0.6 0.0386177 0.0686412) 751
(0.6 0.044043 0.0739018) 11034
(0.6 0.0354145 0.0711362) 751
(0.6 0.0443299 0.0696439) 821
(0.6 0.0332705 0.0748181) 11005
(0.6 0.0351322 0.0299185) 579
(0.6 0.0321216 0.0304019) 582
(0.6 0.0320332 0.0252084) 569
(0.6 0.0326806 0.0747964) 11005
(0.6 0.0459851 0.0307728) 602
(0.6 0.029638 0.0323467) 576
(0.6 0.0292597 0.0272891) 576
(0.6 0.0359706 0.0250321) 10876
(0.6 0.0462412 0.0745868) 11040
(0.6 0.0375199 0.0238257) 567
(0.6 0.0489513 0.0661864) 824
(0.6 0.0474646 0.0248132) 10898
(0.6 0.0273341 0.0742658) 10991
(0.6 0.0267304 0.0696264) 747
(0.6 0.0263214 0.0253845) 10870
(0.6 0.0250515 0.0743111) 10991
(0.6 0.0468986 0.079873) 11040
(0.6 0.0299464 0.076676) 767
(0.6 0.0214004 0.0299167) 572
(0.6 0.0194542 0.0253843) 532
(0.6 0.0211268 0.0404662) 79
(0.6 0.0193859 0.068892) 675
(0.6 0.0229282 0.0764848) 10985
(0.6 0.0161753 0.0243569) 10848
(0.6 0.0228377 0.0839716) 10988
(0.6 0.0207038 0.0172601) 10861
(0.6 0.0187186 0.018168) 10847
(0.6 0.0186841 0.0197325) 532
(0.6 0.0156678 0.0601187) 95
(0.6 0.0122549 0.0688126) 677
(0.6 0.0118621 0.0500013) 673
(0.600044 0.0509824 0.0103465) 3089
(0.600039 0.0506799 0.0893397) 3815
(0.6 0.00812068 0.0313914) 541
(0.6 0.00970331 0.0523498) 667
(0.6 0.039906 0.0132703) 10875
(0.600041 0.0373459 0.0887333) 1412
(0.6 0.0107027 0.0137057) 10855
(0.600066 0.0290792 0.0897875) 3592
(0.600046 0.0433455 0.0108354) 1269
(0.6 0.00928424 0.0590932) 667
(0.6 0.00912072 0.0542749) 667
(0.600044 0.0409238 0.0890425) 1448
(0.6 0.00530651 0.0282578) 541
(0.6 0.00286235 0.0251007) 10835
(0.6 0.00331861 0.0175787) 10836
(0.6 0.00495646 0.0144537) 10836
(0.599553 0.0124144 0.094482) 702
(0.599933 0.00661411 0.0070134) 2943
(0.599546 0.0136263 0.09451) 3374
(0.599552 0.0131104 0.094485) 3374
(0.6 0.00101665 0.0285018) 537
(0.599542 0.0170055 0.0945198) 1332
(0.6 0.00336734 0.0396189) 72
(0.599105 0.0360254 0.00371264) 1258
(0.6 0.00257028 0.0417138) 72
(0.6 0.002261 0.0517882) 93
(0.6 0.00245434 0.0407686) 72
(0.6 0.0519406 0.0151995) 10903
(0.510468 0.0490359 0.0858783) 2835
(0.50582 0.0466831 0.0854655) 2833
(0.567031 0.0424814 0.098156) 2908
(0.573811 0.00536484 0.0549251) 9518
(0.571663 0.00545785 0.0562746) 10540
(0.565844 0.00408311 0.0260737) 9961
(0.555008 0.00420043 0.0418519) 9938
)


// ************************************************************************* //
