/*--------------------------------*- C++ -*----------------------------------*\
| =========                 |                                                 |
| \\      /  F ield         | OpenFOAM: The Open Source CFD Toolbox           |
|  \\    /   O peration     | Version:  2312                                  |
|   \\  /    A nd           | Website:  www.openfoam.com                      |
|    \\/     M anipulation  |                                                 |
\*---------------------------------------------------------------------------*/
FoamFile
{
    version     2.0;
    format      ascii;
    arch        "LSB;label=32;scalar=64";
    class       vectorField;
    location    "0.3/lagrangian/kinematicCloud";
    object      U;
}
// * * * * * * * * * * * * * * * * * * * * * * * * * * * * * * * * * * * * * //


76
(
(2.90755 0.152956 -0.048156)
(2.79913 0.174709 -0.0533004)
(2.98816 0.129875 -0.0427818)
(2.98809 0.130272 0.0455413)
(2.84475 0.127338 -0.0133879)
(2.84475 0.127338 -0.0133879)
(2.79635 0.238737 -0.162917)
(2.84475 0.127338 -0.0133879)
(2.73593 0.150998 -0.0463332)
(2.93588 0.171845 -0.0623623)
(2.83968 0.12394 0.0151113)
(2.93681 0.095802 -0.011065)
(2.92553 0.163374 0.0525241)
(2.93588 0.171845 -0.0623623)
(2.61927 0.148326 0.0759904)
(2.98692 0.0531812 -0.0295155)
(2.98692 0.0531812 -0.0295155)
(2.86281 0.203551 0.0988727)
(2.69698 0.238876 -0.198772)
(2.8647 0.209001 0.109255)
(2.62502 0.152216 -0.0774346)
(2.69064 0.235399 0.197091)
(2.95788 0.11114 -0.0229124)
(2.98872 0.0552712 0.0326862)
(2.95517 0.108555 0.0224845)
(2.95788 0.11114 -0.0229124)
(2.69698 0.238876 -0.198772)
(2.96234 0.115868 -0.0273191)
(2.97252 0.0064031 -0.0479194)
(2.85258 -0.0265599 -0.00115685)
(2.98883 0.0429343 0.0262923)
(2.86533 -0.0536969 0.0476737)
(2.94755 0.050735 -0.003173)
(2.84858 -0.0324655 0.000632729)
(2.93127 0.0613077 -0.0214997)
(2.92237 0.0515255 0.0187416)
(2.83835 -0.0212734 0.0177029)
(2.85258 -0.0265599 -0.00115685)
(2.86996 -0.0124215 -0.0279867)
(2.64284 -0.114137 0.0404657)
(2.6268 -0.0710737 -0.0209221)
(2.53456 0.186395 0.0349557)
(2.53652 0.186238 -0.032326)
(2.30525 -0.182787 -0.0148706)
(2.2628 -0.130278 -0.017328)
(2.83283 0.230785 0.127934)
(2.85262 0.251119 -0.0433749)
(2.6408 -0.116018 0.0252915)
(2.90863 0.184029 -0.0115133)
(2.72662 0.248877 0.0623293)
(2.2628 -0.130278 -0.017328)
(2.2628 -0.130278 -0.017328)
(2.77451 0.260003 -0.0605822)
(2.30525 -0.182787 -0.0148706)
(1.92064 -0.245239 0.0255539)
(1.90486 -0.247846 0.0473527)
(1.90486 -0.247846 0.0473527)
(2.03453 -0.457062 0.0748558)
(1.86549 -0.53546 -0.0534299)
(2.08882 -0.416148 0.0805639)
(2.08882 -0.416148 0.0805639)
(1.83355 -0.233536 0.00975932)
(2.15416 -0.377209 0.0925878)
(1.76971 -0.180349 0.0164655)
(2.21984 -0.160193 -0.105561)
(1.76971 -0.180349 0.0164655)
(1.7687 -0.17899 -0.0153921)
(1.76971 -0.180349 0.0164655)
(2.53233 0.240937 0.235097)
(1.1619 0.908209 -0.0718414)
(0.906792 0.831416 -0.10837)
(2.3158 0.22697 -0.00686818)
(2.6188 0.0394182 -0.00909374)
(2.67967 0.107697 -0.00491768)
(2.29822 0.133345 -0.0768931)
(2.49715 0.536271 -0.0188099)
)


// ************************************************************************* //
