/*--------------------------------*- C++ -*----------------------------------*\
| =========                 |                                                 |
| \\      /  F ield         | OpenFOAM: The Open Source CFD Toolbox           |
|  \\    /   O peration     | Version:  2312                                  |
|   \\  /    A nd           | Website:  www.openfoam.com                      |
|    \\/     M anipulation  |                                                 |
\*---------------------------------------------------------------------------*/
FoamFile
{
    version     2.0;
    format      ascii;
    arch        "LSB;label=32;scalar=64";
    class       volScalarField;
    location    "7.6";
    object      p;
}
// * * * * * * * * * * * * * * * * * * * * * * * * * * * * * * * * * * * * * //

dimensions      [0 2 -2 0 0 0 0];

internalField   nonuniform List<scalar> 
2958
(
-8.00763e+12
-5.20556e+12
-6.08853e+12
-7.78007e+12
-3.27443e+12
-6.15732e+12
-8.05113e+12
-8.31452e+12
-4.14868e+12
-8.72387e+12
-8.05622e+12
-2.88967e+13
-8.27924e+12
-2.89025e+13
-8.13066e+12
-7.93823e+12
-4.28186e+12
-8.2394e+12
-2.89208e+13
-7.86985e+12
-2.88644e+13
-4.33092e+12
-2.84958e+13
-1.21411e+13
-8.26232e+12
-8.02314e+12
3.96433e+12
-1.42856e+13
-1.14316e+13
-8.03799e+12
-8.02161e+12
-2.26974e+12
-2.62331e+13
-1.84073e+12
-8.2227e+12
-7.84837e+12
-2.88987e+13
-2.84979e+13
-9.40306e+12
-1.37218e+13
-6.92973e+12
-7.69445e+12
-8.05143e+12
-7.99138e+12
-2.88525e+13
-4.28232e+12
-8.05933e+12
-2.08926e+12
-7.77768e+12
-1.68322e+13
-7.99304e+12
-6.60979e+12
-8.36512e+12
-8.07221e+12
-8.01248e+12
-8.07222e+12
-9.26577e+12
-8.35247e+12
-8.00785e+12
-5.67808e+12
-7.92433e+12
-8.69219e+12
-8.12923e+12
-8.04149e+12
-2.89028e+13
-2.89124e+13
-8.0738e+12
-5.88785e+12
-1.44025e+13
-8.79506e+12
-4.25605e+12
-2.88883e+13
-4.48685e+12
-8.01345e+12
-2.89837e+13
-8.0536e+12
-8.23954e+12
-8.13129e+12
-2.86215e+13
-8.01187e+12
-8.26605e+12
-3.94748e+12
-1.73671e+13
-1.76512e+13
-8.0085e+12
-8.08685e+12
-4.47738e+12
-8.08716e+12
-5.81043e+12
-2.57368e+13
-8.19324e+12
-4.87238e+12
-8.06982e+12
-2.89256e+13
-7.27643e+12
-8.14536e+12
-7.98277e+12
-7.92115e+12
-2.89011e+13
-2.89013e+13
-7.78493e+12
-8.00828e+12
-8.19067e+12
-4.89074e+12
-2.88966e+13
-1.48455e+13
-2.88972e+13
-7.79973e+12
-2.89384e+13
-8.15815e+12
-7.68999e+12
-8.011e+12
-2.89855e+13
-8.49418e+12
-2.89036e+13
-2.89121e+13
-8.10558e+12
-8.01099e+12
-4.57854e+12
-8.00895e+12
-9.03538e+12
-2.88971e+13
-8.0832e+12
-7.63371e+12
-7.83055e+12
-8.0227e+12
-8.10948e+12
-4.54406e+12
-8.0096e+12
-2.89523e+13
-2.904e+13
-2.87608e+13
-8.01425e+12
-2.89031e+13
-2.9207e+13
-2.89051e+13
-8.6003e+12
-8.01493e+12
-2.88996e+13
-2.89012e+13
-7.63882e+12
-4.48758e+12
-2.87468e+13
-2.89293e+13
-7.95194e+12
-4.06933e+12
-2.8988e+13
-2.88963e+13
-3.67379e+12
-2.88366e+13
-7.86526e+12
-7.98956e+12
-8.68733e+12
-1.56189e+13
-8.27907e+12
-2.94188e+13
-2.76132e+13
-8.00697e+12
-8.06121e+12
-8.09167e+12
-8.28108e+12
-8.77619e+12
-8.12882e+12
-2.8901e+13
2.30917e+12
-8.82524e+12
-2.13467e+13
-2.89113e+13
-8.43845e+12
-4.35303e+12
-1.19881e+12
-2.88981e+13
-2.86611e+13
-4.97585e+12
-2.89347e+13
-4.68139e+12
-4.98259e+12
5.89816e+11
-1.83982e+13
-1.44041e+13
-2.04555e+13
-4.50761e+12
-8.22134e+12
-7.77221e+12
-5.49705e+12
-4.51634e+12
-5.47569e+12
-2.89378e+13
-4.3373e+12
-7.74854e+12
-4.30061e+12
-8.24011e+12
2.52848e+12
-8.40322e+12
-5.56535e+12
-1.13406e+13
-5.14917e+12
-9.01439e+11
-7.99173e+12
-6.71014e+12
-8.48824e+12
-2.89024e+13
-8.00719e+12
-9.77522e+11
-8.04875e+12
-7.86073e+12
-8.48859e+12
-7.89175e+12
-4.47098e+12
-7.77737e+12
-2.89031e+13
-2.57339e+13
-2.90332e+13
-4.69367e+12
-2.89356e+13
-3.69504e+12
-8.04651e+12
-2.89095e+13
-2.8905e+13
-2.8903e+13
-2.89068e+13
-4.92986e+12
-8.05716e+12
-4.49448e+12
-7.71687e+12
-8.01008e+12
-1.46258e+13
-2.89045e+13
-4.00451e+12
-4.39304e+12
-4.90677e+12
-2.68066e+12
-3.60299e+12
-3.78048e+12
-1.13917e+13
-2.89073e+13
-2.90325e+13
-7.9947e+12
-2.90336e+13
-7.87289e+12
-2.89545e+13
-7.87414e+12
-7.9465e+12
-1.4891e+13
-8.02217e+12
-7.14952e+12
1.64994e+13
-8.40633e+12
-8.07799e+12
-8.04126e+12
-8.65485e+12
-8.41499e+12
-8.10174e+12
8.99355e+13
-7.82061e+12
-7.39228e+12
-8.02437e+12
-3.83364e+12
-8.07084e+12
-4.31638e+12
-7.95006e+12
-2.82477e+13
-3.12568e+12
-5.58092e+12
-2.59116e+13
-8.12026e+12
-8.29893e+12
-8.02077e+12
-2.09954e+13
-2.80507e+13
-2.88988e+13
-4.33643e+12
-8.02677e+12
-2.88928e+13
-4.69639e+12
-8.01922e+12
-2.8955e+13
-3.82224e+12
-2.8911e+13
-4.61393e+12
-2.88998e+13
-2.89786e+13
-2.59077e+13
-8.14015e+12
-4.3882e+12
-2.88926e+13
-1.53923e+13
-7.93836e+12
-7.71584e+12
-8.0413e+12
-1.19292e+13
-4.38212e+12
-2.89036e+13
-2.88964e+13
-9.83233e+12
1.51737e+13
-2.88977e+13
-7.94325e+12
-2.89023e+13
-9.01561e+12
-8.63613e+12
-3.27723e+12
-3.92551e+12
-3.6907e+12
-8.0611e+12
-1.22816e+13
-7.89486e+12
-2.82478e+13
-8.07634e+12
-7.89075e+12
-2.89257e+13
-7.9522e+12
-8.00843e+12
-2.89232e+13
-4.58685e+12
-7.71699e+12
-3.40026e+12
-8.05862e+12
-4.64393e+12
-8.01271e+12
-3.82217e+12
-4.19031e+12
-8.0581e+12
-6.62905e+12
-4.33383e+12
-2.80501e+13
-8.01179e+12
-2.84196e+13
-7.76594e+12
-8.61812e+12
-4.20216e+12
-9.07415e+12
-2.88996e+13
-2.89001e+13
1.13156e+12
-2.88994e+13
-6.93546e+12
-6.91438e+12
-6.93458e+12
-2.89185e+13
-8.08621e+12
-4.92062e+12
-3.21573e+12
-3.83219e+12
-2.89273e+13
-4.93251e+12
-2.89276e+13
-8.48821e+12
-8.20237e+12
-7.96703e+12
-8.3842e+12
-8.24027e+12
-1.66438e+12
-6.57154e+12
-6.43442e+12
-8.03726e+12
-2.89031e+13
-8.05287e+12
5.45354e+12
-7.98894e+12
-8.62249e+12
-8.00667e+12
-7.78225e+12
-1.64079e+13
-8.18544e+12
-8.77597e+11
-8.06107e+12
-7.93825e+12
-7.84853e+12
-2.18379e+12
-1.55373e+13
-3.25758e+12
-2.89028e+13
-7.85844e+12
-8.03798e+12
-4.61054e+12
-8.01246e+12
-9.62618e+12
-3.21911e+12
-4.18297e+12
-7.97689e+12
-8.10359e+12
-2.90084e+13
-8.05591e+12
-4.31869e+12
-2.77997e+13
-8.02169e+12
-9.03382e+11
-2.68196e+13
-2.91848e+13
-8.36909e+12
-2.89022e+13
-4.58728e+12
-4.28002e+12
-7.78788e+12
-7.34689e+12
-8.63102e+12
-2.89031e+13
-2.89513e+13
-3.24661e+12
-8.02039e+12
-8.02697e+12
-4.27377e+12
-7.76416e+12
-8.01229e+12
-7.94852e+12
-6.07948e+12
-8.08583e+12
-8.00685e+12
-8.20209e+12
-8.73048e+12
-8.2593e+12
-8.04638e+12
-4.41048e+12
-4.62653e+12
-3.24194e+12
-3.49206e+12
-8.06151e+12
-7.99155e+12
-7.99154e+12
-2.88519e+13
-7.38758e+12
-4.08735e+12
-7.65954e+12
-8.19759e+12
-2.67989e+13
-7.2585e+12
-8.1884e+12
-7.97641e+12
-5.00034e+12
-3.27819e+12
-8.24039e+12
-4.48722e+12
-1.39443e+13
-8.95823e+12
-3.7242e+12
-4.08512e+12
-8.34453e+12
-8.00863e+12
-2.89111e+13
-4.07263e+12
-4.89939e+12
-8.0038e+12
-8.97346e+12
2.7097e+12
-2.70663e+13
-2.83933e+13
-1.87131e+12
-2.89681e+13
-4.35039e+12
-2.89345e+13
-2.543e+12
-8.23941e+12
-5.61143e+12
-8.21806e+12
-7.94867e+12
-2.89032e+13
-8.04595e+12
-3.69849e+12
-2.89025e+13
-4.50917e+12
-7.74848e+12
-8.26877e+12
-8.4446e+12
-8.03726e+12
-8.05461e+12
-2.14562e+12
-8.06305e+12
-8.03629e+12
-1.13064e+13
-8.46426e+12
-2.8897e+13
-8.76246e+12
-4.3188e+12
-8.06555e+12
-4.24862e+12
-8.08265e+12
-3.78919e+12
1.32234e+12
-8.08652e+12
-8.23903e+12
-4.53609e+12
-2.89029e+13
-2.04551e+13
-5.41295e+12
-8.07176e+12
-8.14455e+12
-8.06578e+12
-2.27718e+12
-8.0107e+12
9.5759e+11
-4.95181e+12
-7.80596e+12
-8.01447e+12
-4.1864e+12
-7.91679e+12
-9.24683e+12
-2.89306e+13
-2.89662e+13
-2.89536e+13
-4.24091e+12
-2.89317e+13
-2.8903e+13
-8.01143e+12
-8.20909e+12
-2.89027e+13
-7.89429e+12
-6.5371e+12
-7.9152e+12
-7.92436e+12
-2.89569e+13
-2.89176e+13
-8.00745e+12
-2.89125e+13
-8.01159e+12
-8.01182e+12
-2.27765e+12
-1.19295e+13
-4.32379e+12
-7.96911e+12
-2.43093e+13
-4.28518e+12
-8.02511e+12
-4.79133e+11
-7.92687e+12
-7.78453e+12
-1.17698e+13
-2.82509e+13
-8.08699e+12
-7.88074e+12
-8.08172e+12
-2.57256e+13
-4.62106e+12
-2.90172e+13
-1.20929e+13
-8.06407e+12
-4.64439e+12
-4.54278e+12
-7.95192e+12
-8.07059e+12
-9.57963e+12
-8.05028e+12
-2.88976e+13
-7.97355e+12
-2.8983e+13
-1.20968e+13
-8.08785e+12
-2.84797e+13
-2.89028e+13
5.70139e+10
-2.8937e+13
-2.8903e+13
-4.91e+12
-8.78736e+12
1.29285e+14
-8.12223e+12
-9.57533e+12
-8.01444e+12
-8.05009e+12
-1.32403e+13
-8.03979e+12
-5.42097e+12
-8.00817e+12
-7.97661e+12
-8.01231e+12
-8.0081e+12
-2.89034e+13
-8.03731e+12
-7.87174e+12
-8.00783e+12
-8.79386e+12
-8.04077e+12
-2.89268e+13
-2.89387e+13
-2.9153e+13
-7.96828e+12
-2.89532e+13
-2.59454e+13
-2.89026e+13
-8.13464e+12
-4.53732e+12
-4.57363e+12
-8.06082e+12
-4.85932e+12
-7.95463e+12
-2.86338e+13
-2.90704e+13
-2.89031e+13
-4.76011e+12
-8.8346e+12
-2.88996e+13
-2.89073e+13
-8.02576e+12
-1.1885e+13
-2.68039e+13
-8.93508e+12
-8.20446e+12
-9.00907e+12
-7.98952e+12
-2.21544e+13
-2.88996e+13
-8.01911e+12
-2.78253e+13
-8.01317e+12
-3.88192e+11
-8.00716e+12
-1.10966e+13
-8.79579e+12
-2.71056e+13
-2.88998e+13
-7.93262e+12
-1.68428e+13
-2.89082e+13
-2.89015e+13
-7.95063e+12
-8.44975e+12
-8.06928e+12
-4.6648e+12
-2.88551e+13
-7.38262e+12
-7.78673e+12
-7.8476e+12
-9.58434e+12
-3.70275e+12
-8.05735e+12
-2.89866e+13
-4.39012e+12
-8.03717e+12
-8.03467e+12
-2.89026e+13
-8.11036e+12
-2.89026e+13
-4.14516e+12
-2.89028e+13
-5.7373e+12
-8.03773e+12
-2.86715e+13
-4.73987e+12
-9.38537e+12
-8.11353e+12
-2.89811e+13
-8.42081e+12
-1.19168e+13
-2.86694e+13
-7.98877e+12
-1.10958e+13
-5.09568e+12
-2.87604e+13
-8.0372e+12
-2.89028e+13
-2.89087e+13
-9.00941e+12
-9.2932e+12
-3.67489e+12
-8.20302e+12
-4.27493e+12
-5.16346e+12
-2.7108e+13
-4.00637e+12
-1.94742e+12
-3.15533e+12
-2.71141e+13
-2.90293e+13
-2.90302e+13
-2.21336e+13
-2.89116e+13
-4.0706e+12
-2.89644e+13
-7.89212e+12
-8.09807e+12
-2.18499e+12
-4.28259e+12
-8.07652e+12
-7.71615e+12
2.27014e+13
-9.10944e+12
-8.01707e+12
-7.38746e+12
-2.87601e+13
-2.8908e+13
-3.72518e+12
-1.68117e+13
-2.89083e+13
-7.42338e+12
-2.89077e+13
-4.31605e+12
-4.45749e+12
-8.00783e+12
-8.02005e+12
-4.76654e+12
-2.09608e+13
-5.74372e+12
-8.00276e+12
-8.01529e+12
-8.00781e+12
-2.68133e+13
-8.55195e+12
-8.34434e+12
-8.00513e+12
-2.89428e+13
-2.89392e+13
-7.96479e+12
-8.03792e+12
-7.77508e+12
-7.95006e+12
-8.06198e+12
-3.69256e+12
-7.76742e+12
-8.64292e+12
-3.51116e+12
-2.6018e+12
-4.28836e+12
-4.28612e+12
-8.00606e+12
-8.2024e+12
-8.5335e+12
-9.74983e+12
-8.01462e+12
2.10582e+12
-3.77971e+12
-1.36369e+13
-2.90799e+13
-4.28129e+12
-9.37031e+12
-2.89297e+13
-7.37508e+12
-2.89023e+13
-7.72515e+12
-8.05692e+12
-3.36e+13
-7.75468e+12
-7.68827e+12
-7.9253e+12
-5.7983e+12
-2.34846e+13
-8.32957e+12
-8.42106e+12
-8.59582e+12
-2.88627e+13
-8.16111e+12
-8.01187e+12
-7.70898e+12
-7.75797e+12
-8.06954e+12
-8.03912e+12
-2.68122e+13
-7.93893e+12
-8.075e+12
-4.11609e+11
-7.9166e+12
-7.92099e+12
-2.04508e+13
-2.88975e+13
-7.80219e+12
-7.30227e+12
-7.31451e+12
-8.07957e+12
-8.00838e+12
-1.19203e+13
-7.94017e+12
-2.89282e+13
-2.89205e+13
-2.89028e+13
-7.93797e+12
-4.28256e+12
-2.88999e+13
-8.01109e+12
-2.89139e+13
-7.93702e+12
-2.88083e+13
-2.92199e+13
-6.48288e+12
-7.88329e+12
-7.99211e+12
-2.89024e+13
-2.8904e+13
-9.03894e+12
-7.8627e+12
-2.89001e+13
-2.89025e+13
-4.79305e+12
-2.89008e+13
-7.84863e+12
-7.92782e+12
-2.91952e+13
-4.41816e+12
-8.03133e+12
-2.91056e+13
-4.96369e+12
-8.02515e+12
-8.04035e+12
-8.60817e+12
-8.01007e+12
-8.0531e+12
-1.44023e+13
-3.78863e+12
-2.68195e+13
-8.03819e+12
-8.02413e+12
-8.34612e+12
-4.04619e+12
-2.89356e+13
-7.94852e+12
-7.79069e+12
-8.08588e+12
-9.02833e+12
-8.01559e+12
-8.05186e+12
-5.09276e+12
-1.32254e+13
-3.81219e+12
-8.05344e+12
-8.27413e+12
-2.89067e+13
-8.06417e+12
-7.98488e+12
-3.49286e+12
-8.08216e+12
-7.87286e+12
-7.76563e+12
-8.31511e+12
-7.94883e+12
-8.2457e+12
-7.33424e+12
-8.03546e+12
-5.7248e+12
-7.93085e+12
-7.99418e+12
-5.79419e+12
-8.08067e+12
-5.49303e+12
-8.09976e+12
-7.9301e+12
-7.68933e+12
-8.00324e+12
-4.66695e+12
-1.62961e+13
-2.89032e+13
-8.15652e+12
-8.09092e+12
-7.99486e+12
-8.06255e+12
-2.89086e+13
-2.87091e+13
-2.88995e+13
-7.9401e+12
-8.05746e+12
-1.15318e+13
-8.09469e+12
-1.66685e+13
-8.00692e+12
-8.01593e+12
-8.36222e+12
-4.11264e+12
-4.741e+12
-1.21394e+13
-4.24333e+12
-2.89272e+13
-8.41373e+12
-1.22668e+13
-3.88073e+12
-4.38084e+12
-6.55719e+12
-8.01618e+12
-7.7487e+12
-1.15331e+13
-4.52001e+12
2.99087e+13
-2.93164e+13
-8.06993e+12
-8.42464e+12
-2.89009e+13
-5.02826e+12
-7.76669e+12
-7.89459e+12
1.291e+14
-2.1994e+12
-2.89057e+13
-2.8708e+13
-8.03498e+12
-2.89084e+13
-2.89084e+13
-2.89025e+13
-8.45108e+11
-8.00902e+12
-1.68445e+13
-4.27974e+12
-1.84074e+13
-8.00877e+12
-6.2221e+12
-7.71584e+12
-8.01111e+12
-4.1482e+12
-2.89027e+13
-4.46236e+12
-9.77955e+12
-8.05227e+12
-8.36307e+12
-4.32621e+12
-8.43657e+12
8.61981e+11
-7.75634e+12
-2.89109e+13
3.11101e+13
-4.44814e+12
-4.35871e+12
-4.2489e+12
-7.93992e+12
-3.21436e+12
-2.89978e+13
-8.27565e+12
-4.95429e+12
-8.04877e+12
-1.83761e+12
-7.85281e+12
-1.51826e+12
-9.60901e+12
-2.43063e+13
-4.41926e+12
-8.05437e+12
-1.27297e+12
-4.59323e+12
-8.19895e+12
-8.03696e+12
-8.0487e+12
-4.61471e+12
-8.02051e+11
-8.12977e+12
-3.74732e+12
-5.34696e+12
-6.04252e+12
-8.42385e+12
-6.02577e+12
-7.86268e+12
-8.05833e+12
-5.49487e+12
-8.03744e+12
-4.2691e+12
-8.10373e+12
-4.48083e+12
-8.11053e+12
-4.6423e+12
-2.89078e+13
-8.0154e+12
-2.21219e+13
-3.25318e+12
-7.9485e+12
-8.32632e+12
-9.03325e+12
-4.54846e+12
-8.24069e+12
-7.54957e+12
-8.59679e+12
-7.77097e+12
-8.16194e+12
-4.50729e+12
-8.59658e+12
-8.06653e+12
-8.05949e+12
-2.88909e+13
-2.89937e+13
-3.27054e+12
-4.33472e+12
8.98047e+13
-2.89011e+13
-8.22889e+12
-9.01513e+12
-5.5508e+12
-8.0394e+12
-7.94851e+12
-5.25774e+12
-8.12297e+12
-7.76417e+12
-2.89346e+13
5.6642e+12
-2.89022e+13
-8.05634e+12
-7.31554e+12
-8.21029e+12
-7.30306e+12
-2.93916e+13
-8.27396e+12
-2.88968e+13
-2.09692e+13
-7.90032e+12
-3.90982e+12
-8.03547e+12
-8.00869e+12
-7.53401e+12
-6.61003e+12
-6.08999e+12
-8.12762e+12
-8.0264e+12
1.11306e+12
-2.60527e+12
-8.00838e+12
-8.34331e+12
-3.71925e+12
-4.39613e+12
-4.62488e+12
-4.45277e+12
-5.90672e+12
2.27687e+13
-8.0663e+12
-2.33413e+12
-7.99104e+12
-8.0081e+12
-8.00744e+12
-4.80157e+12
-2.87487e+13
-8.62672e+12
-3.91628e+12
-2.91274e+13
-7.76639e+12
-2.61405e+12
-8.03097e+12
-2.89008e+13
-8.34683e+12
-9.37591e+12
-2.34773e+13
-8.04142e+12
-8.21267e+12
-7.76494e+12
-1.61558e+13
-4.37389e+12
-4.69965e+12
-8.01227e+12
-8.00839e+12
-7.03965e+12
-7.79738e+12
-2.89565e+13
-1.15291e+13
-9.2124e+12
-8.01459e+12
-2.89065e+13
-2.89211e+13
-8.14007e+12
-2.89006e+13
-2.89245e+13
-2.70643e+13
-7.93868e+12
-8.55931e+12
-2.89412e+13
-2.89033e+13
-4.34897e+12
-2.80474e+13
-8.01628e+12
-8.05292e+12
-7.91647e+12
-2.89029e+13
-8.6301e+12
-8.01252e+12
-1.14121e+13
-4.68847e+12
-2.76371e+13
-7.94764e+12
-2.89078e+13
-8.0083e+12
-2.89034e+13
-2.89359e+13
-2.89188e+13
-8.79946e+12
-8.01349e+12
-2.68135e+13
-8.0948e+12
-8.29651e+12
-7.90176e+12
-8.0442e+12
-1.54177e+13
-3.79421e+12
-2.8905e+13
-4.84391e+12
-2.89642e+13
-7.77846e+12
-7.9388e+12
-2.89233e+13
-7.8788e+12
-9.6591e+12
-7.83076e+12
-5.32758e+12
-8.35076e+12
-8.10093e+12
-2.09819e+13
-2.58861e+12
-8.10991e+12
-2.86192e+13
-8.06244e+12
-5.70919e+12
-8.16604e+12
-8.13876e+12
-8.67904e+12
-8.20756e+12
-1.64012e+13
-7.90281e+12
-8.15854e+12
-2.88956e+13
-8.62359e+12
-4.14769e+12
-7.97455e+12
2.31147e+13
-8.16346e+12
-4.70679e+12
-4.29999e+12
-2.89026e+13
-3.62905e+12
-8.16986e+12
-4.30854e+12
-2.94882e+13
-8.26717e+12
-2.88963e+13
-2.89082e+13
-2.89013e+13
-2.88994e+13
-4.41451e+12
-8.52817e+12
1.50216e+13
-7.99981e+12
-4.32029e+12
-2.50641e+12
-4.32229e+12
-4.27991e+12
-4.35986e+12
-4.59583e+12
-9.31067e+12
-8.06644e+12
-7.92664e+12
-8.08044e+12
-4.34425e+12
-4.46239e+12
-3.83401e+12
-2.89316e+13
-1.14204e+13
-8.17475e+12
-6.97588e+12
-1.14439e+13
-7.74602e+12
-8.9417e+12
-8.03726e+12
-2.89164e+13
-2.89835e+13
-8.59833e+12
-2.87051e+13
-7.97527e+12
-8.23879e+12
-8.06117e+12
-9.55341e+12
-8.25217e+12
-8.01152e+12
7.94302e+11
-7.8741e+12
-2.90247e+13
-7.98504e+12
-8.18567e+12
-8.07057e+12
-8.26536e+12
-7.83787e+12
-8.05589e+12
-8.13434e+12
-8.01557e+12
-2.8911e+13
-7.33229e+12
-8.09984e+12
-8.50768e+12
-4.38939e+12
-8.00968e+12
-8.01149e+12
-1.13038e+13
-8.01154e+12
-1.36358e+13
-4.41721e+12
-2.89206e+13
-8.00422e+12
-1.36378e+13
-8.3928e+12
-2.89659e+13
-2.89985e+13
-8.01124e+12
-8.03632e+12
-8.22259e+12
-8.01894e+12
-7.88894e+12
3.40282e+14
-2.88992e+13
-8.25108e+12
-1.14169e+13
-2.86377e+13
-7.97108e+12
-2.89439e+13
-8.08876e+12
-6.21389e+12
-2.8901e+13
-8.08159e+12
-6.7053e+12
-8.2392e+12
-8.22227e+12
-8.22652e+12
-2.87927e+13
-8.00521e+12
-2.89027e+13
-8.00716e+12
-8.15695e+12
-7.76451e+12
-8.13345e+12
-2.8849e+13
-2.20958e+11
-7.9983e+12
-7.77226e+12
-2.89025e+13
-8.22872e+12
-8.0722e+12
-7.99261e+12
-2.84889e+13
-8.29191e+12
-7.65618e+12
-7.99749e+12
-9.60368e+12
-8.1018e+12
-7.94321e+12
-8.04255e+12
-1.04999e+13
-2.89057e+13
-8.51932e+12
-8.03808e+12
-8.23726e+12
-8.01197e+12
-8.03975e+12
-3.23568e+12
-4.34918e+12
-2.84001e+13
-8.04055e+12
-9.19943e+12
-2.89401e+13
-8.01269e+12
-2.87455e+13
-8.1522e+12
-2.8973e+13
-4.32289e+12
-4.61159e+12
-7.8054e+12
-5.41659e+12
-1.39274e+13
-2.89425e+13
-4.4795e+12
-8.03452e+12
-8.10548e+12
-8.12083e+12
-4.27325e+12
-8.00831e+12
-8.22614e+12
-2.89115e+13
-2.891e+13
-8.11464e+12
-8.10797e+12
-2.89092e+13
-2.85025e+13
-5.91039e+12
-8.01286e+12
-4.53613e+12
-4.28113e+12
-8.42843e+12
-4.52627e+12
2.95341e+13
-8.0117e+12
-4.52085e+12
-4.21745e+12
-8.06985e+12
-8.68808e+12
-8.2425e+12
-8.05489e+12
-4.10367e+12
-9.28807e+12
-1.16469e+12
-8.03576e+12
-7.91867e+12
-7.66335e+12
-5.76509e+12
-4.13773e+12
-4.11503e+12
-4.8032e+12
-8.12199e+12
5.73151e+12
-7.7741e+12
-4.41115e+12
-8.61667e+12
-9.00369e+12
-8.0197e+12
-7.77685e+12
-8.81506e+12
-8.0216e+12
-2.92585e+13
-4.32632e+12
-8.04713e+12
-2.89033e+13
-8.07638e+12
-8.08878e+12
-8.08944e+12
-8.07596e+12
-3.87306e+12
-8.82309e+12
-3.9448e+12
-4.33295e+12
-8.03474e+12
-8.08659e+12
-3.26423e+12
-8.01097e+12
-8.17695e+12
-9.08107e+12
-7.95008e+12
-4.14137e+12
-2.89057e+13
-8.42196e+12
-7.87458e+12
-2.89962e+13
-8.01521e+12
-8.1165e+12
-4.70378e+12
-8.25109e+12
-1.35103e+13
-8.09756e+12
-5.52182e+12
-2.17969e+13
-7.89118e+12
-8.0943e+12
-2.68691e+12
-7.72541e+12
-7.99186e+12
-7.92619e+12
-8.09243e+12
-5.91662e+12
-5.38369e+12
-2.86497e+13
-7.34845e+12
-2.8891e+13
-1.36228e+13
-2.88893e+13
-7.34847e+12
-2.89035e+13
-8.07078e+12
3.43437e+14
-2.34723e+13
-2.89086e+13
-9.71934e+12
-2.88985e+13
-2.9131e+13
-8.05815e+12
-2.8902e+13
-4.30697e+12
-2.86579e+13
-8.03035e+12
-2.89036e+13
-8.33313e+12
-7.76195e+12
-8.02364e+12
-2.89057e+13
-8.22927e+12
-1.47778e+13
-6.70205e+12
-2.89118e+13
-5.10066e+12
-2.89109e+13
-1.61159e+13
-2.88999e+13
-9.18828e+12
-6.70105e+12
-2.8943e+13
-7.76388e+12
-7.82273e+12
-8.05029e+12
-3.26825e+12
-1.47014e+13
-3.82476e+12
8.9932e+13
-2.90625e+13
-9.04547e+12
-2.89646e+13
-2.85032e+13
-6.18737e+12
-7.9746e+12
-2.91198e+13
-8.28289e+12
-2.62335e+13
-8.29192e+12
-8.01257e+12
-5.52268e+12
-4.46756e+12
-8.0073e+12
-7.76595e+12
-4.25407e+12
-8.24136e+12
-4.30343e+12
-2.89057e+13
-2.89067e+13
-8.2065e+12
-1.21491e+13
-8.64568e+12
-9.06868e+12
-8.21052e+12
-3.36809e+13
-2.88963e+13
-9.30585e+12
-9.42744e+12
-8.18645e+12
-3.15602e+12
-8.22132e+12
-4.62265e+12
-4.27982e+12
-2.76291e+13
-2.89081e+13
-2.89086e+13
-8.10561e+12
-4.17167e+12
6.87448e+12
-8.06881e+12
-8.07648e+12
-8.537e+12
-8.28768e+12
-8.10541e+12
-8.31071e+12
-1.54753e+13
-2.89285e+13
-1.32289e+13
-8.02278e+12
-7.98755e+12
-4.12952e+12
3.40198e+14
-2.89078e+13
-7.98874e+12
-9.37591e+12
-8.69904e+12
-2.8911e+13
-8.11761e+12
-7.17613e+11
-9.73562e+12
-2.8911e+13
-9.36341e+12
-6.75416e+12
-2.89125e+13
-2.90233e+13
-2.89122e+13
-2.8916e+13
-2.89025e+13
-2.89071e+13
8.91291e+11
-8.1246e+12
-8.63038e+12
-8.53517e+12
-8.23137e+12
-8.18849e+12
-4.24832e+12
-8.01155e+12
-2.8911e+13
-2.88927e+13
-8.96938e+12
-8.06109e+12
-2.89095e+13
-8.04133e+12
-2.21712e+12
-2.89028e+13
-7.70703e+12
-8.61484e+12
-2.19087e+12
-4.63901e+12
-2.23231e+12
-8.09519e+12
-4.5703e+12
-8.10157e+12
-8.00772e+12
-8.10598e+12
-8.00796e+12
-2.89083e+13
-2.8846e+13
-6.20482e+12
-7.94056e+12
-2.89491e+13
-7.55312e+12
-7.75145e+12
-8.00748e+12
-2.88359e+13
-8.18677e+12
1.98234e+12
-5.77685e+12
-8.02319e+12
-6.22698e+12
-8.00908e+12
-2.89011e+13
-8.01248e+12
-3.49501e+12
-1.63738e+13
-4.41533e+12
-6.30817e+12
-9.43191e+12
-2.89193e+13
-8.02416e+12
-7.72317e+12
-8.02682e+12
-7.98091e+12
-7.90543e+12
2.28397e+13
3.01261e+11
-5.66554e+12
6.6804e+12
-8.03796e+12
-7.97663e+12
-8.27281e+12
-4.4502e+12
-8.01582e+12
-3.82567e+12
-8.03683e+12
-7.90207e+12
-8.08188e+12
-2.86528e+13
-2.8911e+13
-4.36896e+12
-4.13516e+12
-4.63556e+12
-8.01257e+12
1.07511e+14
-4.28706e+12
-4.48717e+12
-3.34168e+12
-2.78203e+13
-2.09787e+13
7.56351e+12
-1.83943e+13
-5.8739e+12
-8.01255e+12
-2.88988e+13
-7.97111e+12
-7.973e+12
-1.6406e+13
1.29217e+14
-4.33426e+12
-2.88997e+13
-6.31544e+12
1.07618e+14
-8.07015e+12
-8.25671e+12
-8.35191e+12
-2.88976e+13
-8.02772e+12
-4.3454e+12
-8.11833e+12
-6.97011e+12
-8.02053e+12
-2.89012e+13
-8.00805e+12
-2.88896e+13
-4.28936e+12
-3.78886e+12
-5.42647e+12
-8.03641e+12
-8.01121e+12
-8.03721e+12
-2.89124e+13
-1.19256e+13
-5.70426e+12
-7.94791e+12
-5.78895e+12
-7.77434e+12
-5.83864e+12
-1.20945e+13
-8.01464e+12
-1.19041e+13
-8.50591e+12
-4.51561e+12
-8.01442e+12
-4.83279e+12
-8.70246e+12
-2.89028e+13
-2.13498e+13
-4.304e+12
-8.12726e+12
-8.13338e+12
-2.13535e+13
-7.50323e+12
-4.50591e+12
-2.25718e+12
-4.61123e+12
-7.97393e+12
-8.00509e+12
-5.97327e+12
-8.00771e+12
-2.89583e+13
-2.89222e+13
-2.89039e+13
-2.91194e+13
-9.37649e+12
-2.89025e+13
-2.89077e+13
-8.42232e+12
-7.92123e+12
-2.89122e+13
-7.7661e+12
-8.02326e+12
-2.89868e+13
-8.00832e+12
-7.88162e+12
-8.40521e+12
-7.71705e+12
-7.64843e+12
-7.91468e+12
-5.4072e+12
-2.70589e+13
-1.13024e+13
-6.936e+12
-7.92571e+12
-3.34729e+12
-2.89521e+13
-7.9841e+12
-8.00831e+12
-8.03722e+12
-8.0421e+12
-8.04056e+12
-2.89189e+13
-2.94246e+13
-8.12806e+12
-2.88988e+13
-2.89115e+13
-6.93454e+12
-3.65109e+12
-2.89101e+13
-7.97523e+12
-2.88992e+13
-9.58304e+12
-8.78748e+12
-2.89952e+13
-8.01096e+12
-3.82071e+12
-1.14629e+13
-3.75908e+12
-4.44736e+12
-4.11813e+12
-4.09489e+12
-4.32588e+12
-4.39108e+12
-8.01049e+12
-7.87965e+12
-8.00958e+12
-8.98359e+12
-2.89115e+13
-4.2832e+12
-2.89111e+13
-1.55086e+13
-7.58168e+12
-8.1098e+12
-8.11913e+12
-2.88585e+13
-8.05465e+12
-4.12115e+12
-4.87366e+12
-2.89096e+13
-2.89096e+13
-2.89095e+13
-2.88934e+13
-2.88927e+13
-2.88924e+13
-8.05693e+12
-8.05411e+12
-6.68094e+12
-6.1749e+12
-6.66924e+12
-6.65304e+12
-6.53536e+12
-7.49212e+12
-7.29913e+12
-7.08635e+12
-7.65421e+12
-6.784e+12
-7.43392e+12
-7.07476e+12
-2.27775e+12
-2.2748e+12
-4.40377e+12
-1.89706e+12
1.0785e+14
-2.01068e+13
-6.69246e+13
-4.75593e+13
-6.13185e+13
-2.35251e+13
-2.05543e+13
-4.58278e+13
-2.5269e+13
-8.03998e+12
-7.74806e+12
-7.75774e+12
-7.76256e+12
-4.9612e+12
-2.89352e+13
-4.94425e+12
-2.93312e+13
-8.58824e+12
-4.8663e+12
-2.9287e+13
-2.89298e+13
-2.90291e+13
-2.89347e+13
-2.89906e+13
-2.88396e+13
-2.88926e+13
-2.89023e+13
-2.88998e+13
-2.89023e+13
-2.8903e+13
-2.89072e+13
-2.89092e+13
-2.89369e+13
-2.8907e+13
-2.90732e+13
-2.90807e+13
-2.90283e+13
-2.89845e+13
-2.90535e+13
-2.89382e+13
-2.895e+13
-2.90443e+13
-2.89352e+13
-2.68002e+13
-2.68141e+13
-7.75955e+12
-7.72534e+12
-7.75685e+12
-7.76311e+12
-7.76646e+12
-7.77047e+12
-6.57133e+12
-6.57146e+12
-7.95024e+12
-7.9491e+12
-7.78511e+12
-7.94194e+12
-7.94273e+12
-7.94205e+12
-7.94168e+12
-7.94232e+12
-7.92618e+12
-7.94723e+12
-7.94816e+12
-7.91866e+12
-7.90976e+12
-7.9666e+12
-7.94508e+12
-7.96494e+12
-7.96653e+12
-7.972e+12
-7.96908e+12
-7.97067e+12
-8.00347e+12
-7.99857e+12
-8.00355e+12
-8.01906e+12
-8.01311e+12
-8.02267e+12
-8.07306e+12
-8.18834e+12
-8.16737e+12
-8.21003e+12
-8.30525e+12
-8.34754e+12
-8.49474e+12
-8.66056e+12
-1.01243e+13
-1.05469e+13
-9.90791e+12
-1.01429e+13
-1.05879e+13
-1.01867e+13
-1.08969e+13
-1.09418e+13
-1.0907e+13
-1.18099e+13
-1.18481e+13
-1.13753e+13
-1.36459e+13
-1.23696e+13
-1.78268e+13
1.80431e+13
1.14892e+13
1.55974e+13
-6.55538e+12
-2.09678e+13
-3.36823e+13
-3.3998e+13
8.62761e+12
8.52321e+12
1.89522e+13
5.50701e+12
5.66027e+12
5.38664e+12
3.80901e+12
-7.39284e+11
7.20024e+11
2.15329e+13
2.26264e+13
2.18002e+13
9.2128e+11
1.57139e+13
2.71887e+12
-6.55268e+12
-6.28886e+12
-3.77727e+12
-3.78601e+12
-3.77581e+12
-4.36248e+12
-4.9096e+12
-4.36846e+12
-4.3339e+12
-4.17092e+12
-3.6416e+12
-8.53013e+11
-3.8406e+12
-4.26376e+12
-4.39847e+12
-4.37836e+12
-4.37894e+12
-4.38163e+12
-4.29604e+12
-4.37164e+12
-4.32092e+12
-4.38811e+12
-4.38372e+12
-4.38738e+12
-5.27962e+12
-5.29945e+12
-7.07964e+12
-5.51104e+12
-5.4725e+12
-9.1598e+12
-8.68712e+12
-8.70556e+12
-9.10355e+12
-9.15486e+12
-9.10822e+12
-9.13526e+12
-8.85043e+12
-9.12239e+12
-8.01907e+12
-8.12258e+12
-8.13293e+12
-8.39223e+12
-8.51843e+12
-8.39488e+12
-8.26704e+12
-8.17825e+12
-8.25661e+12
-8.17257e+12
-8.60356e+12
-8.60014e+12
-8.0575e+12
-8.60225e+12
-8.62208e+12
-8.06648e+12
-8.62457e+12
-7.42478e+12
-6.91315e+12
-7.42077e+12
-6.90816e+12
-6.90147e+12
-6.88139e+12
-7.26017e+12
-6.71894e+12
-6.59014e+12
-7.39856e+12
-6.60351e+12
-6.68384e+12
-7.47888e+12
-7.0505e+12
-7.10161e+12
-8.16744e+12
-8.10958e+12
-8.0795e+12
-8.0571e+12
-8.067e+12
-8.05712e+12
-8.06274e+12
-8.06313e+12
-8.05145e+12
-8.05816e+12
-8.05503e+12
-8.05024e+12
-8.04965e+12
-8.0544e+12
-8.05073e+12
-8.04135e+12
-8.04492e+12
-8.03995e+12
-8.05108e+12
-8.04483e+12
-8.04252e+12
-8.02815e+12
-8.02691e+12
-8.02235e+12
-8.01532e+12
-8.01397e+12
-8.01577e+12
-8.0142e+12
-7.99261e+12
-7.99026e+12
-7.99163e+12
-8.01431e+12
-8.02324e+12
-8.2294e+12
-8.4034e+12
-8.54906e+12
-9.26574e+12
-8.28909e+12
-7.30511e+12
-2.68127e+12
-1.74589e+13
-1.31128e+13
-1.24509e+13
-1.38534e+13
-2.17522e+13
-2.43187e+13
-3.02953e+13
-2.69773e+13
-2.85828e+13
-4.84286e+13
-2.11165e+13
-2.85422e+13
-2.89725e+13
-2.89768e+13
-2.90783e+13
-2.89729e+13
-2.89339e+13
-2.89238e+13
-2.89341e+13
-2.89138e+13
-2.8914e+13
-2.89345e+13
-2.89114e+13
-2.89113e+13
-2.89105e+13
-2.8911e+13
-2.8911e+13
-2.89111e+13
-8.55733e+12
-2.89086e+13
-2.89086e+13
-2.89064e+13
-2.89066e+13
-2.89059e+13
-2.89067e+13
-2.89068e+13
-2.89049e+13
-2.88994e+13
-2.89943e+13
-2.8947e+13
-2.89358e+13
-2.9046e+13
-2.68517e+13
-2.68411e+13
-2.62316e+13
-1.01206e+13
-7.94235e+12
-7.97166e+12
-7.96952e+12
-7.99809e+12
-8.00347e+12
-8.95591e+12
-1.12069e+13
-1.18723e+13
1.48906e+13
-6.70202e+13
1.50113e+13
-3.31987e+13
1.95595e+13
4.11351e+12
8.8599e+12
2.34669e+13
2.30073e+13
-5.97804e+12
-2.42954e+12
-4.78657e+12
-1.75696e+12
-2.02745e+12
-4.39343e+12
-4.38243e+12
-7.549e+12
-7.49202e+12
-9.21716e+12
-6.75362e+12
-9.11196e+12
-9.10694e+12
-8.85915e+12
-8.37624e+12
-8.38375e+12
-8.29964e+12
-8.4427e+12
-8.14916e+12
-8.46728e+12
-8.63711e+12
-8.62662e+12
-8.62714e+12
-7.41637e+12
-6.83755e+12
-6.81734e+12
-7.24305e+12
-6.89186e+12
-7.40728e+12
-8.18231e+12
-8.1698e+12
-8.05703e+12
-8.06347e+12
-8.06229e+12
-8.05459e+12
-8.04993e+12
-8.04367e+12
-8.02425e+12
-8.04131e+12
-8.01704e+12
-8.01417e+12
-8.01428e+12
-8.0228e+12
-8.01302e+12
-7.99152e+12
-8.00765e+12
-7.99195e+12
-8.05332e+12
-2.58612e+12
-1.8101e+13
-2.38674e+13
-2.59469e+13
-4.6036e+13
-2.21827e+13
-2.85734e+13
-2.90834e+13
-2.8958e+13
-2.89357e+13
-2.89366e+13
-2.89257e+13
-9.41831e+12
-2.89105e+13
-2.89111e+13
-2.89111e+13
-2.89113e+13
-2.8911e+13
-2.89111e+13
-2.89085e+13
-2.89058e+13
-2.89059e+13
-2.88992e+13
-2.8901e+13
-2.89013e+13
-2.89006e+13
-2.89013e+13
-2.89009e+13
-2.89e+13
-2.89003e+13
-2.89006e+13
-2.89025e+13
-2.89023e+13
-2.89019e+13
-2.89021e+13
-2.89028e+13
-2.89032e+13
-2.89032e+13
-2.89038e+13
-2.8904e+13
-2.89048e+13
-2.89039e+13
-2.89084e+13
-2.89107e+13
-2.8911e+13
-2.89201e+13
-2.89141e+13
-2.89619e+13
-2.89778e+13
-2.89518e+13
-2.89815e+13
-2.89831e+13
-2.89793e+13
-2.89569e+13
-2.89848e+13
-2.89491e+13
-8.78772e+12
-8.34506e+12
-8.01034e+12
-8.25055e+12
-8.25049e+12
-7.81427e+12
-7.80205e+12
-7.806e+12
-7.78516e+12
-7.76708e+12
-7.77065e+12
-7.77011e+12
-7.7567e+12
-7.7835e+12
-7.93897e+12
-7.95853e+12
-7.95777e+12
-7.98283e+12
-7.99371e+12
-7.95779e+12
-7.9956e+12
-7.99854e+12
-8.00777e+12
-8.0015e+12
-8.00805e+12
-8.0244e+12
-8.02774e+12
-8.04089e+12
-8.04253e+12
-8.04944e+12
-8.04535e+12
-8.04841e+12
-8.05426e+12
-8.05977e+12
-8.05876e+12
-8.05964e+12
-8.07147e+12
-8.07432e+12
-8.06409e+12
-8.08139e+12
-8.10733e+12
-8.10123e+12
-8.15152e+12
-8.15383e+12
-8.16116e+12
-8.19818e+12
-8.19213e+12
-8.21789e+12
-8.22349e+12
-8.21093e+12
-8.24344e+12
-8.25032e+12
-8.24962e+12
-8.3017e+12
-8.32095e+12
-8.32285e+12
-8.63241e+12
-8.57918e+12
-8.61366e+12
-8.7143e+12
-7.45495e+12
-1.1365e+13
-1.13636e+13
-1.21084e+13
-1.14332e+13
-4.8011e+12
-8.35455e+12
-8.7111e+12
-5.90835e+12
-5.21349e+12
-5.34902e+12
-7.85975e+12
-5.06039e+12
-5.23461e+12
-7.86203e+12
-4.67255e+12
-4.8831e+12
-4.45795e+12
-4.6085e+12
-4.05752e+12
2.4898e+11
-4.41717e+12
-4.52349e+12
-4.34553e+12
-4.18927e+12
-4.51124e+12
-4.17451e+12
-4.01295e+12
-3.86545e+12
-4.83154e+12
-3.93126e+12
-3.7426e+12
-3.66069e+12
-3.38627e+12
-3.40533e+12
-3.41209e+12
-2.6003e+12
-2.7917e+12
-2.64872e+12
-3.83974e+12
-4.13013e+12
-4.23705e+12
-4.26464e+12
-4.3579e+12
-4.36041e+12
-4.29513e+12
-4.29849e+12
-4.28916e+12
-4.28396e+12
-4.4419e+12
-5.42069e+12
-5.65789e+12
-2.09547e+13
-6.24164e+12
-5.91929e+12
-6.08312e+12
-6.23837e+12
-6.65442e+12
-7.13521e+12
-8.44792e+12
-8.60408e+12
-8.38144e+12
-9.06772e+12
-9.11851e+12
-9.03304e+12
-9.06932e+12
-8.61851e+12
-8.56763e+12
-8.45986e+12
-8.52946e+12
-8.53542e+12
-8.41761e+12
-8.37207e+12
-8.43264e+12
-8.38028e+12
-8.32786e+12
-8.39465e+12
-8.27672e+12
-8.26092e+12
-8.31454e+12
-8.25471e+12
-2.09742e+13
-8.28246e+12
-8.59551e+12
-8.06323e+12
-9.58858e+12
-7.39071e+12
-6.91761e+12
-7.36876e+12
-7.31507e+12
-9.58632e+12
-7.13179e+12
-7.31389e+12
-7.4912e+12
-7.38792e+12
-7.77636e+12
-7.77873e+12
-7.7503e+12
-7.42042e+12
-8.1637e+12
-8.23802e+12
-8.1232e+12
-8.13468e+12
-8.12078e+12
-8.09119e+12
-8.09581e+12
-8.10737e+12
-8.0793e+12
-8.07135e+12
-8.07435e+12
-8.07112e+12
-8.06747e+12
-8.06746e+12
-8.06491e+12
-8.06231e+12
-8.06094e+12
-8.06257e+12
-8.05525e+12
-8.0524e+12
-8.04882e+12
-8.05319e+12
-8.04966e+12
-8.04671e+12
-8.04476e+12
-8.03682e+12
-8.03698e+12
-8.03524e+12
-8.03487e+12
-8.03356e+12
-8.0337e+12
-8.02693e+12
-8.03018e+12
-9.58023e+12
-8.01867e+12
-7.99208e+12
-8.01394e+12
-1.01961e+12
-2.79022e+12
-1.1446e+12
-2.94423e+13
-2.93885e+13
-2.94282e+13
-2.93282e+13
-2.9335e+13
-2.94267e+13
-2.91782e+13
-2.26296e+13
-4.79752e+13
-2.89251e+13
-9.58973e+12
-2.89134e+13
-2.89078e+13
-2.89248e+13
-2.89116e+13
-2.89105e+13
-2.89129e+13
-2.89124e+13
-4.83961e+12
-2.89116e+13
-2.89118e+13
-2.891e+13
-2.89091e+13
-2.89081e+13
-2.89085e+13
-2.89057e+13
-2.89036e+13
-2.89035e+13
-2.89036e+13
-2.89036e+13
-2.89e+13
-5.07985e+13
-5.82968e+12
-5.87483e+12
-8.24087e+12
-8.07636e+12
-8.18115e+12
-2.89024e+13
-2.89025e+13
-2.89023e+13
-2.89025e+13
-2.89012e+13
-2.89024e+13
-2.89025e+13
-2.89029e+13
-2.89034e+13
-2.89031e+13
-2.89043e+13
-2.89046e+13
-2.8904e+13
-2.89068e+13
-2.89086e+13
-2.89057e+13
-2.89087e+13
-2.89068e+13
-2.8914e+13
-7.75309e+12
-2.89126e+13
-2.8914e+13
-2.89133e+13
-2.89409e+13
-2.89769e+13
-2.89786e+13
-2.89691e+13
-2.89754e+13
-2.68134e+13
-2.4313e+13
-8.93282e+12
-8.70535e+12
-8.577e+12
-8.56417e+12
-8.23959e+12
-7.96805e+12
-8.22098e+12
-8.22141e+12
-7.98238e+12
-7.87857e+12
-7.84038e+12
-8.32766e+12
-8.67303e+12
-8.78774e+12
-8.67176e+12
-7.3425e+12
-7.93248e+12
-7.94158e+12
-8.0084e+12
-7.95224e+12
-8.01163e+12
-8.01158e+12
-8.01163e+12
-8.0119e+12
-8.01267e+12
-8.01242e+12
-8.01596e+12
-8.00757e+12
-8.02601e+12
-8.02655e+12
-8.02703e+12
-8.02918e+12
-8.03442e+12
-8.03528e+12
-8.03648e+12
-8.0362e+12
-8.03652e+12
-8.03591e+12
-8.03736e+12
-8.03706e+12
-8.03782e+12
-8.03658e+12
-8.06223e+12
-8.06468e+12
-8.05369e+12
-8.03751e+12
-8.06211e+12
-8.07486e+12
-8.05935e+12
-8.07617e+12
-8.18455e+12
-8.08026e+12
-8.08139e+12
-8.08252e+12
-8.46164e+12
-8.20914e+12
-8.0845e+12
-8.0858e+12
-8.08393e+12
-8.08705e+12
-8.0907e+12
-8.09091e+12
-8.0901e+12
-8.18566e+12
-8.268e+12
-8.55701e+12
-8.13434e+12
-8.39684e+12
-4.29473e+12
-4.29884e+12
-9.472e+12
-1.16458e+13
-9.39248e+12
-8.65025e+12
-9.27207e+12
-8.10072e+12
-7.14546e+12
-5.75327e+12
-5.60377e+12
-5.31046e+12
-5.30854e+12
-6.34772e+12
-5.52124e+12
-5.39501e+12
-5.83307e+12
-5.8575e+12
-5.4469e+12
-4.8556e+12
-4.77529e+12
-4.65985e+12
-5.00109e+12
-4.8786e+12
-4.8876e+12
-4.96608e+12
-4.89777e+12
-4.4833e+12
-4.3361e+12
2.62184e+11
-4.45773e+12
-4.67884e+12
-4.36527e+12
-4.46686e+12
-4.58675e+12
-4.38327e+12
-4.43745e+12
-4.45818e+12
-4.65451e+12
-4.13284e+12
-4.24743e+12
-4.34356e+12
-4.38886e+12
-3.791e+12
-3.99409e+12
-3.8421e+12
-3.40113e+12
-3.62824e+12
-3.76189e+12
-3.48488e+12
-2.63489e+12
-3.24437e+12
-6.15173e+12
-6.28277e+12
-6.27776e+12
-3.79113e+12
-4.14288e+12
-4.15234e+12
-4.15145e+12
-4.26409e+12
-4.26176e+12
-4.26269e+12
-4.27625e+12
-4.27095e+12
-4.32783e+12
-4.32684e+12
-4.31251e+12
-4.28587e+12
-4.44732e+12
-4.4113e+12
-4.38878e+12
-4.8471e+12
-4.59515e+12
-4.9361e+12
-4.91355e+12
-5.07693e+12
-5.30757e+12
-5.00708e+12
-5.1551e+12
-7.17965e+12
-6.58437e+12
-8.37861e+12
-7.18764e+12
-8.35853e+12
-8.42477e+12
-8.61922e+12
-8.50906e+12
-8.4525e+12
-8.5353e+12
-8.64393e+12
-8.53795e+12
-8.46624e+12
-8.42607e+12
-8.44554e+12
-8.34845e+12
-8.34932e+12
-8.31648e+12
-8.35639e+12
-8.2479e+12
-8.20634e+12
-8.18868e+12
-7.93372e+12
-7.78421e+12
-7.67689e+12
-7.58399e+12
-7.43031e+12
-7.63013e+12
-7.53624e+12
-9.29664e+12
-9.29913e+12
-8.82607e+12
-9.01807e+12
-8.20446e+12
-8.18452e+12
-8.1507e+12
-7.72426e+12
-8.27164e+12
-8.26884e+12
-8.2818e+12
-8.2682e+12
-8.12123e+12
-8.12196e+12
-8.21237e+12
-8.11232e+12
-8.11443e+12
-8.09164e+12
-8.08026e+12
-8.07914e+12
-8.07524e+12
-8.08255e+12
-8.07444e+12
-8.0749e+12
-8.07651e+12
-8.07155e+12
-8.07258e+12
-8.06535e+12
-8.07198e+12
-8.07017e+12
-8.06308e+12
-8.06769e+12
-8.05282e+12
-8.05359e+12
-8.05244e+12
-8.06329e+12
-8.04748e+12
-8.40162e+12
-8.04371e+12
-8.04688e+12
-8.04978e+12
-8.03888e+12
-8.03834e+12
-8.03758e+12
-8.03902e+12
-8.03532e+12
-8.03822e+12
-8.03831e+12
-8.03449e+12
-8.03668e+12
-8.03443e+12
-8.03532e+12
-8.03538e+12
-8.03558e+12
-8.03257e+12
-8.02628e+12
-8.02192e+12
-8.0298e+12
-8.02011e+12
-7.98958e+12
-2.89962e+13
-1.10965e+13
-2.89887e+13
-2.88586e+13
-2.92807e+13
-2.9096e+13
-2.9278e+13
-2.90413e+13
-2.90991e+13
-2.91089e+13
-2.93543e+13
-3.359e+13
-2.89587e+13
-2.89565e+13
-2.89322e+13
-2.89312e+13
-2.89174e+13
-2.89163e+13
-2.89168e+13
-2.89137e+13
-2.89116e+13
-2.89145e+13
-2.89114e+13
-2.89123e+13
-2.89104e+13
-2.89079e+13
-2.89058e+13
-2.89056e+13
-2.89071e+13
-2.89056e+13
-2.89035e+13
-2.89028e+13
-2.89038e+13
-2.89033e+13
-8.73371e+12
-8.40482e+12
-6.20301e+12
-6.0273e+12
-6.11506e+12
-6.15032e+12
-5.55316e+12
-5.63226e+12
-5.79611e+12
-7.99044e+12
-7.99168e+12
-4.80986e+12
-8.01629e+12
-7.99222e+12
-8.82495e+12
-8.73859e+12
-8.23466e+12
-8.25893e+12
-2.89035e+13
-2.89029e+13
-2.89025e+13
-2.89027e+13
-2.89619e+13
-2.90318e+13
-2.89589e+13
-2.90177e+13
-4.8596e+12
-4.79751e+12
-4.88635e+12
-4.84659e+12
-4.72449e+12
-2.8904e+13
-2.89038e+13
-2.89031e+13
-2.89034e+13
-2.89052e+13
-2.89057e+13
-2.89059e+13
-2.89043e+13
-2.89072e+13
-2.89111e+13
-2.89103e+13
-2.8908e+13
-2.89192e+13
-2.89237e+13
-2.89145e+13
-2.89316e+13
-2.89663e+13
-7.99321e+12
-8.04024e+12
-8.22885e+12
-8.24999e+12
-8.38217e+12
-8.50483e+12
-8.57764e+12
-8.26499e+12
-7.95036e+12
-7.97997e+12
-7.98286e+12
-8.01058e+12
-8.0112e+12
-8.00911e+12
-8.01256e+12
-8.01139e+12
-8.01292e+12
-8.01216e+12
-8.01271e+12
-8.00746e+12
-8.00717e+12
-8.00902e+12
-8.02407e+12
-8.02629e+12
-8.03746e+12
-8.04098e+12
-8.04772e+12
-8.04188e+12
-8.06584e+12
-8.06956e+12
-8.0639e+12
-8.06913e+12
-8.0825e+12
-8.07402e+12
-8.07778e+12
-8.11336e+12
-8.11489e+12
-8.11738e+12
-2.89029e+13
-2.89029e+13
-8.64913e+12
-8.60961e+12
-9.41799e+12
-9.29419e+12
-8.2293e+12
-7.58847e+12
-6.43904e+12
-6.32187e+12
-6.88067e+12
-6.1683e+12
-6.17954e+12
-6.22544e+12
-6.25726e+12
-6.06828e+12
-5.48751e+12
-4.87163e+12
-4.78398e+12
-4.98427e+12
-5.14396e+12
-4.69557e+12
-4.66752e+12
-4.8518e+12
-4.59003e+12
-4.73665e+12
-4.67521e+12
-4.56178e+12
-4.44173e+12
-4.16349e+12
-4.06186e+12
-3.83483e+12
-4.1207e+12
-4.14649e+12
-4.26634e+12
-4.33065e+12
-4.17809e+12
-8.2838e+12
-8.15465e+12
-8.29087e+12
-4.41748e+12
-4.3902e+12
-4.75478e+12
-4.58081e+12
-4.66036e+12
-4.56296e+12
-4.88514e+12
-8.61621e+12
-8.37797e+12
-8.4657e+12
-8.4008e+12
-8.19672e+12
-7.77272e+12
-8.17255e+12
-8.25082e+12
-2.89711e+13
-2.90478e+13
-2.89443e+13
-2.89378e+13
-2.89419e+13
-2.89323e+13
-2.89296e+13
-2.89164e+13
-2.89202e+13
-2.89144e+13
-2.89102e+13
-2.89097e+13
-2.89118e+13
-2.89085e+13
-2.89056e+13
-4.66528e+12
-8.49732e+12
-9.35251e+12
-8.50066e+12
-7.99581e+12
-2.89051e+13
-8.46843e+12
-7.78014e+12
-2.90579e+13
-8.4606e+12
-4.23221e+12
-4.29666e+12
-2.89227e+13
-2.8919e+13
-4.68061e+12
-4.88151e+12
-4.40344e+12
-4.56342e+12
-8.20077e+12
-8.43736e+12
-8.39418e+12
-8.47401e+12
-7.4467e+12
-7.78986e+12
-8.0298e+12
-8.03337e+12
-8.00687e+12
-2.97037e+13
-2.9264e+13
-2.91621e+13
-2.8911e+13
-2.89116e+13
-2.89034e+13
-7.7302e+12
-8.19003e+12
-2.89056e+13
-2.89114e+13
-2.89718e+13
-8.04115e+12
-8.06703e+12
-2.89039e+13
-8.15085e+12
-8.21172e+12
-5.70773e+12
-4.89284e+12
-4.96285e+12
-4.6648e+12
-4.20521e+12
-7.75413e+12
-8.18676e+12
-6.3119e+12
-6.54243e+12
-6.21944e+12
-8.52776e+12
-8.48671e+12
-8.64448e+12
-8.42284e+12
-8.25926e+12
-8.03854e+12
-8.03914e+12
-8.03383e+12
-2.89147e+13
-2.90778e+13
-2.90233e+13
-2.89067e+13
-2.89042e+13
-8.59393e+12
-8.99865e+12
-2.89653e+13
-8.2438e+12
-8.07059e+12
-8.03998e+12
-2.89076e+13
-8.03661e+12
-8.3855e+12
-4.76866e+12
-4.8684e+12
-2.89042e+13
-2.89048e+13
-8.40771e+12
-2.89034e+13
-2.89038e+13
-6.86051e+12
-7.59044e+12
-2.28062e+12
-2.89038e+13
-1.98511e+13
-2.05186e+13
-7.76067e+12
-2.89059e+13
-2.93116e+13
-4.94186e+12
-2.89379e+13
-2.89475e+13
-7.94967e+12
-2.89147e+13
-7.97193e+12
-2.89156e+13
-1.13071e+13
1.95622e+13
-2.53642e+12
-2.83087e+12
-4.3691e+12
-8.71564e+12
-8.84059e+12
-8.77869e+12
-8.3906e+12
-6.8091e+12
-8.05928e+12
-8.03383e+12
-8.04872e+12
-8.03642e+12
-8.03911e+12
-8.04864e+12
-8.01331e+12
-8.01455e+12
-7.99087e+12
-8.94207e+12
-8.06919e+12
-8.03556e+12
-9.52326e+12
-1.7743e+13
-2.93378e+13
-8.07561e+12
-2.91404e+13
-8.07874e+12
-2.8925e+13
-2.89044e+13
-7.30081e+12
-2.89347e+13
-2.8911e+13
-1.07198e+13
-2.89065e+13
-9.15737e+12
-7.73991e+12
-8.17996e+12
-8.0328e+12
-7.99035e+12
-2.9997e+13
-2.94783e+13
-2.8911e+13
-8.14613e+12
-2.89116e+13
-2.90289e+13
-2.89514e+13
-8.02847e+12
-8.18645e+12
-8.19853e+12
-6.05587e+12
-4.88665e+12
-4.60135e+12
-8.50275e+12
-8.40191e+12
-8.4005e+12
-7.48513e+12
-7.73832e+12
-8.11497e+12
-8.0334e+12
-8.00639e+12
-8.57912e+11
-2.93838e+13
-2.91109e+13
-2.89138e+13
-2.89117e+13
-8.47719e+12
-2.89036e+13
-2.89034e+13
-8.15817e+12
-2.89031e+13
-8.45176e+12
-2.89069e+13
-2.8914e+13
-8.0113e+12
-8.46568e+12
-8.02664e+12
-8.06178e+12
-8.0776e+12
-8.17024e+12
-8.22691e+12
-8.16311e+12
-6.4776e+12
-4.3714e+12
-4.71339e+12
-2.88996e+13
-2.88996e+13
-2.88994e+13
-2.88996e+13
-8.80388e+12
-8.86822e+12
-8.80084e+12
-8.77759e+12
)
;

boundaryField
{
    Wall
    {
        type            zeroGradient;
    }
    Inlet
    {
        type            zeroGradient;
    }
    Outlet
    {
        type            fixedValue;
        value           uniform 0;
    }
    Empty
    {
        type            empty;
    }
}


// ************************************************************************* //
