/*--------------------------------*- C++ -*----------------------------------*\
| =========                 |                                                 |
| \\      /  F ield         | OpenFOAM: The Open Source CFD Toolbox           |
|  \\    /   O peration     | Version:  2312                                  |
|   \\  /    A nd           | Website:  www.openfoam.com                      |
|    \\/     M anipulation  |                                                 |
\*---------------------------------------------------------------------------*/
FoamFile
{
    version     2.0;
    format      ascii;
    arch        "LSB;label=32;scalar=64";
    class       Cloud<passivePositionParticle>;
    location    "1.09995/lagrangian/kinematicCloud";
    object      coordinates;
}
// * * * * * * * * * * * * * * * * * * * * * * * * * * * * * * * * * * * * * //

150
(
(0 0.733226 0.136454 0.130319) 91989 521426 2
(0 0.560354 0.373405 0.0662401) 4335 521194 2
(0 0.529868 0.22825 0.241882) 91989 521426 2
(0 0.151968 0.492399 0.355633) 4316 521190 2
(0 0.606866 0.257474 0.135659) 91990 521427 2
(0 0.121345 0.177309 0.701346) 91987 521425 1
(0 0.221731 0.066753 0.711516) 4260 521182 1
(0 0.147892 0.136798 0.715311) 4316 521190 1
(0 0.54856 0.100518 0.350922) 469 521152 2
(0 0.292997 0.178805 0.528199) 4272 521187 2
(0 0.325809 0.565296 0.108895) 91959 521419 1
(0 0.00891855 0.210073 0.781009) 4260 521182 1
(0 0.843462 0.0885313 0.0680064) 469 521152 1
(0 0.0436024 0.128873 0.827525) 4260 521182 1
(0 0.171488 0.150985 0.677527) 4272 521187 2
(0 0.193542 0.548997 0.257461) 91968 521423 1
(0 0.00422123 0.436489 0.55929) 91968 521423 2
(0 0.100504 0.759643 0.139852) 4275 521189 2
(0 0.200628 0.448497 0.350876) 10904 521275 2
(0 0.223939 0.623314 0.152747) 4275 521189 2
(0 0.341452 0.562428 0.0961201) 4275 521189 2
(0 0.0141809 0.549456 0.436363) 10902 521274 2
(0 0.0545428 0.832369 0.113088) 469 521152 2
(0 0.0565512 0.930762 0.0126863) 91968 521423 1
(0 0.453402 0.391121 0.155477) 4275 521189 2
(0 0.547489 0.0797826 0.372728) 91969 521424 2
(0 0.515338 0.329935 0.154727) 91969 521424 2
(0 0.690412 0.0268811 0.282707) 4262 521183 1
(0 0.5057 0.418948 0.0753516) 91953 521416 2
(0 0.0634456 0.917902 0.0186524) 469 521152 2
(0 0.109003 0.792578 0.0984197) 4273 521188 2
(0 0.408203 0.000217904 0.591579) 481 521154 2
(0 0.739537 0.260425 3.81438e-05) 469 521152 1
(0 0.49036 0.117208 0.392431) 124162 540318 2
(0 0.132043 0.685126 0.182831) 4343 521198 2
(0 0.133608 0.749434 0.116958) 92010 521435 1
(0 0.508793 0.404997 0.0862096) 483 521155 2
(0 0.679114 0.258663 0.0622229) 483 521155 2
(0 0.211058 0.705397 0.0835448) 92002 521432 1
(0 0.376189 0.0107497 0.613061) 4345 521199 1
(0 0.950419 0.0291429 0.0204386) 4332 521193 2
(0 0.0180871 0.0284983 0.953415) 92057 521443 2
(0 0.679361 0.298347 0.0222922) 4337 521195 2
(0 0.0270634 0.40124 0.571696) 4384 521200 1
(0 0.0704475 0.705389 0.224163) 92043 521437 2
(0 0.402506 0.421513 0.175982) 91995 521428 2
(0 0.6035 0.201234 0.195266) 4330 521192 1
(0 0.434273 0.119666 0.446061) 4403 521205 3
(0 0.40464 0.144044 0.451316) 26668 521339 1
(0 0.782504 0.0111632 0.206333) 92141 521449 1
(0 0.68281 0.0170048 0.300185) 4403 521205 2
(0 0.135401 0.411426 0.453173) 92045 521438 1
(0 0.302393 0.457917 0.23969) 26668 521339 1
(0 0.744375 0.00048065 0.255144) 91996 521429 1
(0 0.0454446 0.718109 0.236446) 26635 521337 2
(0 0.0349269 0.334554 0.630519) 26635 521337 2
(0 0.343188 0.648598 0.00821421) 489 521550 1
(0 0.38583 0.533163 0.0810065) 487 521549 2
(0 0.510868 0.267932 0.2212) 92052 521441 1
(0 0.0635052 0.616094 0.3204) 4337 521195 1
(0 0.785084 0.214751 0.000165428) 4337 521195 1
(0 0.108116 0.0270499 0.864834) 491 521156 1
(0 0.103197 0.666103 0.230699) 10974 521285 2
(0 0.249533 0.000265309 0.750202) 4343 521198 2
(0 0.518907 0.0768452 0.404248) 139580 545857 2
(0 0.398729 0.601096 0.000175397) 483 521155 1
(0 0.0700631 0.284231 0.645706) 491 521156 2
(0 0.28876 0.027553 0.683687) 4403 521205 2
(0 0.732397 0.0681727 0.199431) 92144 521451 1
(0 0.112081 0.422418 0.465501) 10970 521283 2
(0 0.00930852 0.828188 0.162503) 10970 521283 2
(0 0.113641 0.413579 0.47278) 11072 521286 1
(0 0.222179 0.596451 0.18137) 139552 545847 2
(0 0.571517 0.400822 0.0276613) 142364 521810 1
(0 0.542166 0.0680893 0.389744) 27271 521353 1
(0 0.239673 0.698648 0.0616793) 27260 521349 1
(0 0.342379 0.0564709 0.60115) 4337 521195 2
(0 0.66907 0.126511 0.204419) 93207 521489 1
(0 0.00195261 0.377757 0.62029) 93207 521489 2
(0 0.183954 0.531937 0.28411) 884 521529 2
(0 0.0387361 0.930791 0.0304729) 93207 521489 1
(0 0.781474 0.114788 0.103738) 6263 521232 3
(0 0.837894 0.131413 0.0306933) 6263 521232 3
(0 0.458076 0.0682338 0.47369) 93207 521489 1
(0 0.312099 0.622116 0.0657851) 6289 521237 2
(0 0.272834 0.567516 0.15965) 93080 521483 1
(0 0.497942 0.444132 0.0579261) 6263 521232 2
(0 0.098118 0.821441 0.0804413) 93080 521483 1
(0 0.0734924 0.294761 0.631747) 93080 521483 1
(0 0.851248 0.0183332 0.130419) 833 521161 2
(0 0.278922 0.436217 0.284862) 93087 521485 1
(0 0.708537 0.0599429 0.231521) 93087 521485 2
(0 0.196055 0.254531 0.549414) 6265 521233 2
(0 0.303832 0.452896 0.243272) 93084 521484 2
(0 0.362371 0.597524 0.0401052) 833 521161 2
(0 0.364489 0.509661 0.12585) 833 521161 2
(0 0.41676 0.221028 0.362212) 6292 521239 2
(0 0.0703236 0.395289 0.534387) 6292 521239 2
(0 0.329734 0.48952 0.180746) 12799 521577 2
(0 0.35542 0.380711 0.263869) 34367 521367 2
(0 0.0395296 0.655496 0.304974) 833 521161 2
(0 0.0348922 0.950778 0.0143294) 6261 521231 1
(0 0.630288 0.204313 0.1654) 6292 521239 2
(0 0.462918 0.124007 0.413075) 6265 521233 3
(0 0.215884 0.119823 0.664293) 6261 521231 1
(0 0.0287185 0.251532 0.71975) 12786 521576 1
(0 0.192627 0.381143 0.42623) 12786 521576 2
(0 0.353575 0.468439 0.177986) 34363 521366 1
(0 0.321025 0.678798 0.000177437) 884 521529 1
(0 0.099321 0.188755 0.711924) 13071 521578 1
(0 0.0552655 0.417425 0.52731) 7107 522438 1
(0 0.300936 0.585843 0.113221) 36054 524780 1
(0 0.236411 0.373695 0.389894) 6530 521240 2
(0 0.0169247 0.800503 0.182573) 93427 521511 1
(0 0.0070357 0.0203512 0.972613) 93231 521499 2
(0 0.329767 0.012789 0.657445) 93220 521495 2
(0 0.636331 0.0944833 0.269186) 6530 521240 2
(0 0.373923 0.410257 0.21582) 93227 521497 1
(0 0.463604 0.507975 0.0284204) 93220 521495 2
(0 0.288212 0.0377558 0.674032) 6530 521240 2
(0 0.248299 0.136002 0.6157) 93231 521499 1
(0 0.281198 0.238167 0.480636) 93231 521499 1
(0 0.355348 0.490966 0.153686) 6524 521538 1
(0 0.804409 0.0212591 0.174332) 6561 521246 2
(0 0.243456 0.606888 0.149656) 6524 521538 1
(0 0.881375 0.0755921 0.0430327) 933 521530 1
(0 0.5068 0.0468196 0.446381) 6532 521241 3
(0 0.542689 0.325144 0.132168) 93214 521492 2
(0 0.540726 0.226713 0.232561) 6528 521540 2
(0 0.881799 0.115313 0.00288794) 6862 521542 2
(0 0.474614 0.239914 0.285472) 36644 521378 1
(0 0.745503 0.113564 0.140933) 93213 521491 2
(0 0.00925506 0.96733 0.0234151) 36639 521376 2
(0 0.323899 0.305301 0.3708) 36609 521375 2
(0 0.266727 0.73307 0.000202852) 6530 521240 1
(0 0.341561 0.24376 0.414679) 6862 521542 2
(0 0.0100862 0.982229 0.0076846) 6896 521253 2
(0 0.0658312 0.702766 0.231402) 93217 521493 1
(0 0.186529 0.673154 0.140317) 36639 521376 2
(0 0.261554 0.271951 0.466496) 933 521530 1
(0 0.317883 0.435423 0.246695) 13765 521312 2
(0 0.125063 0.868036 0.00690116) 1009 521558 1
(0 0.198025 0.578142 0.223833) 13765 521312 2
(0 0.4006 0.0981117 0.501289) 13767 521313 2
(0 0.111054 0.153506 0.73544) 38853 521386 1
(0 0.0483543 0.630822 0.320824) 937 521556 1
(0 0.413799 0.261492 0.324709) 93609 521523 1
(0 0.175346 0.203691 0.620963) 93593 521517 1
(0 0.0349448 0.959177 0.00587836) 7381 521255 1
(0 0.162822 0.744218 0.0929598) 6524 521538 1
)


// ************************************************************************* //
