/*--------------------------------*- C++ -*----------------------------------*\
| =========                 |                                                 |
| \\      /  F ield         | OpenFOAM: The Open Source CFD Toolbox           |
|  \\    /   O peration     | Version:  2312                                  |
|   \\  /    A nd           | Website:  www.openfoam.com                      |
|    \\/     M anipulation  |                                                 |
\*---------------------------------------------------------------------------*/
FoamFile
{
    version     2.0;
    format      ascii;
    arch        "LSB;label=32;scalar=64";
    class       vectorField;
    location    "1.09995/lagrangian/kinematicCloud";
    object      U;
}
// * * * * * * * * * * * * * * * * * * * * * * * * * * * * * * * * * * * * * //


150
(
(3.4624 1.01578 -0.119176)
(3.26532 0.91367 -0.067281)
(3.4624 1.01578 -0.119176)
(3.39611 0.988836 -0.11033)
(3.47799 1.04036 -0.121472)
(3.41254 1.00582 -0.131302)
(3.05238 0.913039 -0.145657)
(3.39611 0.988836 -0.11033)
(2.45268 0.783682 -0.0186191)
(2.76837 0.839858 -0.0606602)
(3.09234 0.926853 -0.157102)
(3.05238 0.913039 -0.145657)
(2.45268 0.783682 -0.0186191)
(3.05238 0.913039 -0.145657)
(2.76837 0.839858 -0.0606602)
(2.51661 0.773937 -0.178482)
(2.51661 0.773937 -0.178482)
(2.12028 0.740247 -0.0456659)
(2.80957 0.624356 -0.129767)
(2.12028 0.740247 -0.0456659)
(2.12028 0.740247 -0.0456659)
(3.01863 0.693512 -0.122915)
(2.45268 0.783682 -0.0186191)
(2.51661 0.773937 -0.178482)
(2.12028 0.740247 -0.0456659)
(2.58041 0.774235 -0.198137)
(2.58041 0.774235 -0.198137)
(2.4222 0.729354 -0.151142)
(1.94156 0.594807 -0.238392)
(2.45268 0.783682 -0.0186191)
(1.83412 0.666652 -0.0179441)
(2.96435 0.872819 -0.0149451)
(2.45268 0.783682 -0.0186191)
(0.0237428 0.0087489 -8.71476e-06)
(3.60362 0.941381 -0.00985947)
(3.90796 1.09389 -0.0766265)
(3.71879 0.902357 -0.0129141)
(3.71879 0.902357 -0.0129141)
(3.95164 1.07924 -0.063013)
(3.8093 0.959775 -0.0973957)
(3.87673 1.09061 -0.0784124)
(3.42322 0.671137 0.0949499)
(3.35098 0.928331 -0.0103731)
(3.93393 1.03061 -0.0492154)
(3.88563 1.0706 -0.0239725)
(3.73764 1.10719 -0.0908709)
(3.9663 1.07243 -0.0571374)
(3.82542 0.857686 -0.137645)
(3.37557 0.782649 -0.196479)
(3.22724 0.516027 0.112324)
(3.82542 0.857686 -0.137645)
(3.93936 1.0157 -0.0363024)
(3.37557 0.782649 -0.196479)
(3.6958 1.06107 -0.0934751)
(3.53574 0.887112 -0.202588)
(3.53574 0.887112 -0.202588)
(2.27743 0.217992 -0.331562)
(2.45115 0.499895 -0.374478)
(3.84328 0.946555 -0.0226663)
(3.35098 0.928331 -0.0103731)
(3.35098 0.928331 -0.0103731)
(3.70791 0.818378 -0.0164347)
(3.19184 0.633905 -0.185)
(3.60362 0.941381 -0.00985947)
(-0.00536571 -0.00103947 1.21637e-06)
(3.71879 0.902357 -0.0129141)
(3.70791 0.818378 -0.0164347)
(3.82542 0.857686 -0.137645)
(3.21383 0.439895 0.107764)
(2.32433 0.275952 -0.337662)
(2.32433 0.275952 -0.337662)
(2.96651 0.434059 -0.19925)
(-0.0106014 -0.00100055 3.24717e-06)
(0.154039 -0.0104071 -0.0022929)
(1.32635 -0.490092 0.0986717)
(1.92255 -0.370013 0.137509)
(3.35098 0.928331 -0.0103731)
(3.43847 1.0191 0.11686)
(3.43847 1.0191 0.11686)
(2.91235 0.866242 0.0222743)
(3.43847 1.0191 0.11686)
(2.7082 0.837775 0.0601911)
(2.7082 0.837775 0.0601911)
(3.43847 1.0191 0.11686)
(3.0222 0.913565 0.14441)
(2.93863 0.87545 0.128302)
(2.7082 0.837775 0.0601911)
(2.93863 0.87545 0.128302)
(2.93863 0.87545 0.128302)
(2.39202 0.773774 0.0224683)
(2.47967 0.771611 0.177459)
(2.47967 0.771611 0.177459)
(2.04564 0.735486 0.0414508)
(2.9787 0.88148 0.16823)
(2.39202 0.773774 0.0224683)
(2.39202 0.773774 0.0224683)
(2.3851 0.726692 0.149601)
(2.3851 0.726692 0.149601)
(2.00041 0.424805 0.226172)
(2.53932 0.548223 0.115767)
(2.39202 0.773774 0.0224683)
(1.76925 0.656067 0.0174354)
(2.3851 0.726692 0.149601)
(2.04564 0.735486 0.0414508)
(1.76925 0.656067 0.0174354)
(1.23731 0.192408 0.105442)
(1.23731 0.192408 0.105442)
(2.29224 0.476959 0.132027)
(2.91235 0.866242 0.0222743)
(2.27038 0.504453 0.300359)
(1.23093 -1.41213 -0.131297)
(-0.135447 0.104151 -0.197881)
(3.57708 0.945225 0.0197161)
(3.64479 0.848494 -0.0531847)
(3.87728 1.1397 0.0595559)
(3.95248 1.09187 0.0572006)
(3.57708 0.945225 0.0197161)
(3.90088 1.10421 0.0714862)
(3.95248 1.09187 0.0572006)
(3.57708 0.945225 0.0197161)
(3.87728 1.1397 0.0595559)
(3.87728 1.1397 0.0595559)
(3.31047 0.926727 0.0200256)
(3.86833 1.10003 0.0732111)
(3.31047 0.926727 0.0200256)
(3.71236 0.834741 0.0221276)
(3.87 0.94521 0.114054)
(3.72246 1.11363 0.0882446)
(3.57791 0.962458 0.0769282)
(3.84091 0.884465 0.131651)
(3.29947 0.709038 0.195059)
(3.67851 1.06703 0.0897693)
(2.35433 0.316361 0.351448)
(3.52998 0.88197 0.20144)
(3.57708 0.945225 0.0197161)
(3.84091 0.884465 0.131651)
(2.37273 0.361988 0.357601)
(3.67414 1.0914 0.0977609)
(2.35433 0.316361 0.351448)
(3.71236 0.834741 0.0221276)
(2.97263 0.426263 0.205051)
(2.21342 0.142713 0.326724)
(2.97263 0.426263 0.205051)
(2.10233 0.0687479 0.334246)
(2.6524 0.153574 0.265278)
(2.44126 0.492877 0.374106)
(2.91062 0.214613 -0.096035)
(2.87506 0.145512 -0.0947397)
(1.9863 -0.355598 -0.0610172)
(3.31047 0.926727 0.0200256)
)


// ************************************************************************* //
