/*--------------------------------*- C++ -*----------------------------------*\
| =========                 |                                                 |
| \\      /  F ield         | OpenFOAM: The Open Source CFD Toolbox           |
|  \\    /   O peration     | Version:  2312                                  |
|   \\  /    A nd           | Website:  www.openfoam.com                      |
|    \\/     M anipulation  |                                                 |
\*---------------------------------------------------------------------------*/
FoamFile
{
    version     2.0;
    format      ascii;
    arch        "LSB;label=32;scalar=64";
    class       Cloud<passivePositionParticle>;
    location    "0.49995/lagrangian/kinematicCloud";
    object      coordinates;
}
// * * * * * * * * * * * * * * * * * * * * * * * * * * * * * * * * * * * * * //

150
(
(0 0.117977 0.557084 0.324939) 29190 528225 2
(0.135123 0.396362 0.338177 0.130337) 15080 75387 1
(0.0260124 0.381624 0.462412 0.129952) 40735 43338 2
(0.575551 0.359774 0.0224182 0.0422571) 28958 139200 1
(0.431899 0.0554141 0.068949 0.443738) 28965 139214 1
(0 0.189949 0.440168 0.369883) 142387 547040 2
(0.0925829 0.271348 0.297214 0.338855) 40809 169152 1
(0 0.357495 0.278622 0.363883) 30811 528350 2
(0 0.34835 0.172467 0.479183) 92919 521473 2
(0 0.307816 0.123308 0.568875) 33315 521362 2
(0 0.0704618 0.928688 0.000849853) 91904 521407 2
(0 0.26939 0.684668 0.045942) 12589 521297 2
(0 0.263801 0.0291084 0.70709) 10841 521270 1
(0 0.373952 0.416898 0.209149) 33280 521360 2
(0 0.396691 0.250958 0.352351) 26201 521324 1
(0 0.0460926 0.263196 0.690712) 5999 521564 2
(0 0.0423864 0.285084 0.672529) 5999 521564 2
(0 0.533464 0.24633 0.220206) 10841 521270 2
(0 0.0992545 0.360362 0.540384) 33314 521585 2
(0 0.008362 0.203602 0.788036) 92912 521471 2
(0 0.834895 0.0293723 0.135733) 5972 521224 2
(0 0.111595 0.00498567 0.883419) 4181 521559 1
(0 0.0374806 0.112848 0.849671) 30336 528289 1
(0 0.187734 0.704198 0.108067) 5201 526384 1
(0 0.388452 0.471897 0.139651) 29607 523934 1
(0.789569 0.0171639 0.130277 0.0629906) 21903 109652 3
(0.0184975 0.184129 0.256591 0.540783) 85516 288041 2
(0.219515 0.247119 0.188267 0.345099) 12534 32158 1
(0.211841 0.0237083 0.563293 0.201157) 8269 45996 4
(0.33855 0.415961 0.00261857 0.24287) 89392 297173 2
(0.111966 0.112168 0.143584 0.632282) 155531 477390 1
(0 0.000391588 0.242288 0.757321) 6052 522292 2
(0.00835602 0.289895 0.0280334 0.673716) 6718 36700 3
(0.0286835 0.537832 0.0387199 0.394765) 6395 34805 3
(0.131835 0.172274 0.438057 0.257834) 6404 34877 1
(0.287148 0.0344325 0.345562 0.332857) 3483 18315 4
(0 0.363767 0.592683 0.0435507) 886 521163 1
(0 0.267561 0.498895 0.233544) 933 521530 2
(0 0.0367901 0.159931 0.803279) 6530 521240 1
(0 0.0183248 6.60475e-05 0.981609) 4343 521198 2
(0 0.666609 0.0242618 0.309129) 6532 521241 2
(0 0.595032 0.274621 0.130347) 6532 521241 3
(0 0.617474 0.0543819 0.328144) 93403 521501 2
(0 0.0832871 0.756383 0.160329) 6532 521241 2
(0 0.124263 0.311428 0.564309) 6862 521542 2
(0 0.308568 0.154868 0.536564) 93227 521497 2
(0 0.0267872 0.259011 0.714202) 4342 521197 2
(0 0.57547 0.12787 0.29666) 4345 521199 2
(0 0.186576 0.125534 0.68789) 4332 521193 2
(0 0.0723879 0.0947811 0.832831) 93227 521497 2
(0 0.210601 0.349059 0.44034) 4407 521207 2
(0 0.519731 0.407819 0.0724499) 4339 521196 1
(0 0.839084 0.134884 0.026032) 4339 521196 3
(0 0.611073 0.244335 0.144592) 92002 521432 2
(0 0.498576 0.364566 0.136858) 93409 521503 1
(0 0.00826693 0.713568 0.278165) 4330 521192 1
(0 0.369575 0.171025 0.4594) 6865 521543 3
(0 0.00287147 0.1163 0.880828) 92052 521441 2
(0 0.0663781 0.905492 0.0281298) 93213 521491 1
(0 0.346075 0.362311 0.291614) 6528 521540 2
(0 0.471686 0.184911 0.343404) 91996 521429 2
(0 0.786807 0.0202356 0.192957) 93213 521491 2
(0 0.101136 0.761718 0.137145) 93409 521503 2
(0 0.488417 0.490375 0.0212085) 6548 521244 1
(0 0.720743 0.0405353 0.238721) 4335 521194 2
(0 0.742194 0.218805 0.039001) 4260 521182 2
(0 0.206678 0.576508 0.216814) 481 521154 1
(0 0.638509 0.123002 0.238488) 6263 521232 3
(0 0.171186 0.411466 0.417348) 93207 521489 2
(0 0.530886 0.361945 0.107169) 91960 521420 2
(0 0.135063 0.435094 0.429842) 93210 521490 1
(0 0.37087 0.281539 0.347591) 91987 521425 2
(0 0.221354 0.26607 0.512576) 91959 521419 1
(0 0.0229636 0.526378 0.450658) 4260 521182 2
(0 0.129436 0.826838 0.0437256) 833 521161 2
(0 0.551234 0.369902 0.0788637) 6265 521233 2
(0 0.675863 0.32403 0.000107765) 6261 521231 1
(0 0.504036 0.102408 0.393555) 26668 521339 1
(0 0.560696 0.272612 0.166693) 36640 521377 2
(0 0.601735 0.387758 0.0105061) 4269 521186 2
(0 0.807206 0.0836219 0.109172) 6255 521535 1
(0 0.962404 0.0109265 0.0266696) 92001 521431 2
(0 0.0616233 0.581455 0.356921) 13087 521306 1
(0 0.718925 0.210565 0.0705103) 91967 521422 1
(0 0.440325 0.191342 0.368333) 35268 521369 1
(0 0.338215 0.231219 0.430566) 10960 521282 1
(0 0.253717 0.568563 0.177721) 6255 521535 1
(0 0.649281 0.126944 0.223774) 6255 521535 1
(0 0.590524 0.369523 0.039953) 13335 521307 2
(0 0.0511008 0.0889827 0.859916) 4269 521186 2
(0 0.117204 0.750732 0.132064) 91947 521414 1
(0 0.302819 0.0218522 0.675329) 91948 521415 1
(0 0.798682 0.183689 0.017629) 91948 521415 1
(0 0.034258 0.62542 0.340322) 6290 521238 1
(0 0.105431 0.645644 0.248924) 26344 521582 2
(0 0.344969 0.54947 0.10556) 34362 521587 2
(0 0.244157 0.0967801 0.659063) 34362 521587 1
(0 0.830795 0.0381918 0.131013) 4265 521184 2
(0 0.348382 0.197818 0.4538) 12799 521577 2
(0 0.14897 0.238219 0.612811) 467 521151 1
(0 0.58984 0.0218507 0.388309) 10942 521573 1
(0 0.320819 0.231097 0.448084) 467 521151 1
(0 0.622056 0.231286 0.146658) 831 521528 1
(0 0.243539 0.33094 0.42552) 467 521151 1
(0 0.206705 0.454574 0.338721) 92065 521446 1
(0 0.811692 0.128417 0.059891) 937 521556 1
(0 0.384877 0.22571 0.389413) 831 521528 1
(0 0.299283 0.20012 0.500597) 831 521528 1
(0 0.59567 0.0847638 0.319566) 4246 521179 2
(0 0.0107134 0.321112 0.668174) 4267 521185 1
(0 0.0343154 0.351986 0.613699) 6255 521535 1
(0 0.470673 0.318963 0.210363) 26381 521328 2
(0.000342368 0.0711023 0.418662 0.509894) 130466 415723 2
(0 0.331645 0.0367211 0.631634) 6544 521243 1
(0.380427 0.408026 0.149521 0.062025) 24266 123094 2
(0.193522 0.128933 0.230659 0.446886) 36416 158046 1
(0.120302 0.157026 0.403921 0.318751) 23553 119116 2
(0.832803 0.0114814 0.0944905 0.061225) 43320 175210 1
(0.00026873 0.0574537 0.921291 0.0209863) 17450 87421 1
(0.201241 0.29975 0.258297 0.240712) 86068 289433 1
(0 0.0210128 0.46772 0.511267) 150194 550109 1
(0 0.0517138 0.592562 0.355724) 14040 526942 1
(0 0.363009 0.562394 0.0745975) 92141 521449 2
(0 0.0222471 0.655151 0.322602) 92057 521443 2
(0 0.156973 0.242541 0.600487) 92058 521444 2
(0 0.107614 0.096731 0.795655) 93423 521509 2
(0 0.691841 0.0683955 0.239764) 6867 521247 1
(0 0.263992 0.0823695 0.653639) 6869 521248 1
(0 0.152041 0.568669 0.279291) 27260 521349 1
(0 0.695398 0.137152 0.167451) 6867 521247 2
(0 0.68432 0.306806 0.00887432) 935 521165 2
(0 0.230539 0.750709 0.0187527) 13767 521313 2
(0 0.0139828 0.188496 0.797521) 93597 521518 2
(0 0.315832 0.0386503 0.645517) 4410 521208 2
(0 0.145023 0.625468 0.229509) 93427 521511 1
(0 0.398777 0.292592 0.30863) 4536 521534 2
(0 0.0187597 0.539023 0.442217) 36644 521378 2
(0 0.197416 0.490636 0.311947) 11071 521593 1
(0 0.437178 0.510463 0.0523584) 513 521158 1
(0 0.199932 0.198187 0.601882) 7372 521545 1
(0 0.00896905 0.254658 0.736373) 38815 521382 2
(0.601788 0.28769 0.0141138 0.0964085) 158923 329825 2
(0 0.252233 0.467626 0.280141) 513 521158 2
(0 0.680877 0.0607847 0.258339) 92159 521457 1
(0 0.161145 0.453387 0.385468) 93586 521514 2
(0 0.0415893 0.382554 0.575857) 93583 521512 2
(0.0195853 0.785627 0.137056 0.0577313) 43466 175569 2
(0 0.658661 0.0554481 0.285891) 93586 521514 1
(0.304857 0.279699 0.150046 0.265397) 2500 13237 1
(0.218195 0.0232288 0.0507675 0.707809) 14989 75039 2
)


// ************************************************************************* //
