/*--------------------------------*- C++ -*----------------------------------*\
| =========                 |                                                 |
| \\      /  F ield         | OpenFOAM: The Open Source CFD Toolbox           |
|  \\    /   O peration     | Version:  2312                                  |
|   \\  /    A nd           | Website:  www.openfoam.com                      |
|    \\/     M anipulation  |                                                 |
\*---------------------------------------------------------------------------*/
FoamFile
{
    version     2.0;
    format      ascii;
    arch        "LSB;label=32;scalar=64";
    class       Cloud<passivePositionParticle>;
    location    "0.49995/lagrangian/kinematicCloud";
    object      positions;
}
// * * * * * * * * * * * * * * * * * * * * * * * * * * * * * * * * * * * * * //

150
(
(0.416827 -0.108173 0.0899369) 29190
(0.392134 -0.113306 0.00559268) 15080
(0.394107 -0.114881 0.0122353) 40735
(0.395255 -0.11611 0.0834092) 28958
(0.396007 -0.113138 0.0926086) 28965
(0.399578 -0.0245776 0.0425628) 142387
(0.391495 -0.110501 0.0372057) 40809
(0.399401 -0.0244006 0.0732586) 30811
(0.6 -0.00643763 0.0751392) 92919
(0.600057 -0.00963702 0.0907977) 33315
(0.6 -0.00766794 0.0185938) 91904
(0.600064 -0.00327957 0.0909665) 12589
(0.600064 -0.00322372 0.00900329) 10841
(0.600029 -0.0114813 0.0894256) 33280
(0.600031 -0.00647969 0.011094) 26201
(0.600012 -0.00814874 0.0927405) 5999
(0.600017 -0.00820308 0.0927175) 5999
(0.600022 -0.00381504 0.0116723) 10841
(0.599926 -0.00589749 0.0930764) 33314
(0.6 -0.00446655 0.080823) 92912
(0.6 -0.000622364 0.071466) 5972
(0.599897 -0.0077744 0.00681179) 4181
(0.464969 -0.0600306 0.0814821) 30336
(0.446719 -0.0782799 0.0935314) 5201
(0.429762 -0.0884626 0.1) 29607
(0.438653 -0.0130497 0.0811408) 21903
(0.456929 -0.0024813 0.0349134) 85516
(0.421232 -0.0170229 0.0737775) 12534
(0.425881 -0.0061572 0.0388189) 8269
(0.430223 -0.00154618 0.0614458) 89392
(0.0952803 0.02264 0.0997221) 155531
(0.126605 0.00160544 0.0930854) 6052
(0.239479 0.0502976 0.0625077) 6718
(0.246315 0.038244 0.0623469) 6395
(0.250566 0.0343725 0.0698779) 6404
(0.256321 0.0278058 0.0732973) 3483
(0.6 0.0396496 0.0577652) 886
(0.6 0.042333 0.0589405) 933
(0.6 0.034783 0.0598304) 6530
(0.6 0.0347214 0.0499992) 4343
(0.6 0.038333 0.0696732) 6532
(0.6 0.0386177 0.0686412) 6532
(0.6 0.044043 0.0739018) 93403
(0.599999 0.0354145 0.0711361) 6532
(0.6 0.0443299 0.0696439) 6862
(0.6 0.0332705 0.0748181) 93227
(0.6 0.0351322 0.0299185) 4342
(0.6 0.0321216 0.0304019) 4345
(0.6 0.0320332 0.0252084) 4332
(0.6 0.0326806 0.0747964) 93227
(0.6 0.0459851 0.0307728) 4407
(0.6 0.029638 0.0323467) 4339
(0.6 0.0292597 0.0272891) 4339
(0.6 0.0359706 0.0250321) 92002
(0.6 0.0462412 0.0745868) 93409
(0.6 0.0375199 0.0238257) 4330
(0.6 0.0489513 0.0661864) 6865
(0.6 0.0474646 0.0248132) 92052
(0.6 0.0273341 0.0742658) 93213
(0.6 0.0267304 0.0696264) 6528
(0.600001 0.0263214 0.0253846) 91996
(0.6 0.0250514 0.0743111) 93213
(0.599999 0.0468985 0.0798729) 93409
(0.6 0.0299464 0.076676) 6548
(0.6 0.0214003 0.0299166) 4335
(0.6 0.0194542 0.0253843) 4260
(0.6 0.0211268 0.0404662) 481
(0.599999 0.0193859 0.0688919) 6263
(0.6 0.0229282 0.0764848) 93207
(0.6 0.0161753 0.0243569) 91960
(0.599999 0.0228376 0.0839715) 93210
(0.6 0.0207038 0.0172601) 91987
(0.6 0.0187186 0.018168) 91959
(0.6 0.0186841 0.0197325) 4260
(0.6 0.0156678 0.0601187) 833
(0.6 0.0122549 0.0688126) 6265
(0.6 0.0118621 0.0500014) 6261
(0.600043 0.0509823 0.0103465) 26668
(0.60004 0.05068 0.0893397) 36640
(0.599999 0.00812068 0.0313914) 4269
(0.6 0.0097033 0.0523498) 6255
(0.6 0.039906 0.0132703) 92001
(0.60004 0.0373459 0.0887333) 13087
(0.6 0.0107027 0.0137057) 91967
(0.600066 0.0290792 0.0897875) 35268
(0.600046 0.0433455 0.0108354) 10960
(0.600001 0.00928425 0.0590933) 6255
(0.599999 0.00912071 0.0542748) 6255
(0.600044 0.0409238 0.0890425) 13335
(0.6 0.0053065 0.0282578) 4269
(0.6 0.00286235 0.0251007) 91947
(0.6 0.00331861 0.0175787) 91948
(0.6 0.00495646 0.0144537) 91948
(0.599553 0.0124144 0.094482) 6290
(0.599932 0.0066141 0.00701339) 26344
(0.599545 0.0136263 0.0945099) 34362
(0.599552 0.0131104 0.094485) 34362
(0.6 0.00101665 0.0285018) 4265
(0.599542 0.0170055 0.0945198) 12799
(0.6 0.00336733 0.0396189) 467
(0.599105 0.0360254 0.00371263) 10942
(0.6 0.00257028 0.0417138) 467
(0.6 0.002261 0.0517882) 831
(0.599999 0.00245434 0.0407686) 467
(0.6 0.0519406 0.0151996) 92065
(0.598563 0.0420292 0.0984641) 937
(0.6 0.0034044 0.054748) 831
(0.6 0.00381481 0.0561036) 831
(0.6 0.00113631 0.0260132) 4246
(0.6 0.00533587 0.0418555) 4267
(0.6 0.00712659 0.0617706) 6255
(0.600036 0.0113233 0.0115165) 26381
(0.511549 0.0187249 0.0996529) 130466
(0.6 0.0216714 0.0776065) 6544
(0.502722 0.0479724 0.0847743) 24266
(0.474539 0.0403269 0.0914515) 36416
(0.485797 0.0328888 0.0871933) 23553
(0.4715 0.0405362 0.0406919) 43320
(0.466702 0.0123557 0.0120572) 17450
(0.460476 0.00285748 0.0292267) 86068
(0.198086 0.0730855 0.0188813) 150194
(0.251397 0.123603 0.0932971) 14040
(0.6 0.0613366 0.0167645) 92141
(0.6 0.0575333 0.0169507) 92057
(0.600001 0.0569286 0.0241061) 92058
(0.6 0.0526079 0.0749765) 93423
(0.6 0.0511467 0.052935) 6867
(0.6 0.0562845 0.0731456) 6869
(0.600001 0.0710113 0.039246) 27260
(0.600001 0.0503188 0.053726) 6867
(0.6 0.0578114 0.0537557) 935
(0.598717 0.064359 0.0978504) 13767
(0.6 0.0624537 0.0862176) 93597
(0.6 0.0563272 0.027398) 4410
(0.6 0.0528265 0.0855101) 93427
(0.599999 0.0690347 0.0212743) 4536
(0.600047 0.0525417 0.0899152) 36644
(0.598868 0.0644732 0.0027073) 11071
(0.6 0.0595768 0.0430698) 513
(0.600001 0.061991 0.0645257) 7372
(0.6 0.0697593 0.0686873) 38815
(0.562671 0.0592478 0.000204369) 158923
(0.6 0.0626771 0.0424453) 513
(0.6 0.064579 0.0391718) 92159
(0.6 0.066167 0.0596465) 93586
(0.6 0.0650831 0.0559828) 93583
(0.485694 0.0587486 0.0325285) 43466
(0.6 0.0645067 0.0603115) 93586
(0.495646 0.0643039 0.0203756) 2500
(0.573697 0.0652586 0.0391121) 14989
)


// ************************************************************************* //
