/*--------------------------------*- C++ -*----------------------------------*\
| =========                 |                                                 |
| \\      /  F ield         | OpenFOAM: The Open Source CFD Toolbox           |
|  \\    /   O peration     | Version:  2312                                  |
|   \\  /    A nd           | Website:  www.openfoam.com                      |
|    \\/     M anipulation  |                                                 |
\*---------------------------------------------------------------------------*/
FoamFile
{
    version     2.0;
    format      ascii;
    arch        "LSB;label=32;scalar=64";
    class       vectorField;
    location    "0.49995/lagrangian/kinematicCloud";
    object      U;
}
// * * * * * * * * * * * * * * * * * * * * * * * * * * * * * * * * * * * * * //


150
(
(0.0358821 0.0231704 0.170228)
(-0.131425 0.190397 -0.0744393)
(-0.136519 0.141566 -0.224432)
(-0.107228 0.107568 0.249839)
(-0.116419 0.125909 0.254083)
(2.76395 -1.93929 -0.299351)
(0.088093 -0.0576281 0.0289393)
(4.02821 -2.29533 -0.0236875)
(-1.03271 -0.0284023 -0.0628694)
(0.513069 0.134966 -0.13315)
(-0.98598 -0.0824635 -0.0669075)
(1.00939 0.223457 -0.0837892)
(1.03284 0.22222 0.0811448)
(0.0671286 0.0436628 -0.167038)
(0.829848 0.180581 0.118909)
(0.855855 0.0981005 -0.166625)
(0.855855 0.0981005 -0.166625)
(1.03284 0.22222 0.0811448)
(1.19585 0.137643 -0.157904)
(-0.725698 -0.00206085 -0.153539)
(-1.10532 0.168276 -0.228353)
(0.894999 0.0965492 0.164617)
(2.54034 2.403 0.203077)
(1.56572 0.676764 -0.191912)
(0.509044 0.780386 0.394104)
(1.07911 0.900162 0.430043)
(1.22822 1.04852 -0.185575)
(-0.35871 -0.615477 0.596947)
(-1.0135 -1.09274 -0.220225)
(-1.15754 -1.18559 0.177146)
(0.0797199 0.0615215 0.000264895)
(-0.327215 -0.0745974 0.182118)
(-1.04312 1.35809 -0.00414144)
(-1.175 1.44009 -0.107273)
(-0.871824 1.106 -0.569797)
(-0.92941 1.04513 -0.577372)
(4.00659 0.582029 0.132771)
(4.09386 0.44893 0.157344)
(3.69479 0.665371 0.111483)
(3.68491 0.674804 -0.125323)
(4.03231 0.820124 0.219905)
(4.03231 0.820124 0.219905)
(4.31372 0.913017 0.18215)
(4.03231 0.820124 0.219905)
(4.16286 0.769463 0.23412)
(3.96023 0.948517 0.170998)
(4.03799 0.823366 -0.221502)
(3.73802 0.831735 -0.206107)
(3.91549 0.938537 -0.159824)
(3.96023 0.948517 0.170998)
(4.14744 0.688526 -0.243947)
(3.25871 0.799806 -0.189209)
(3.25871 0.799806 -0.189209)
(4.16748 0.949652 -0.171043)
(4.30324 0.854544 0.17715)
(4.20033 0.949699 -0.178899)
(4.14112 0.679997 0.241319)
(4.30544 0.855161 -0.179855)
(3.5145 0.884287 0.145588)
(3.24559 0.800437 0.187782)
(3.5277 0.88457 -0.14761)
(3.5145 0.884287 0.145588)
(4.30324 0.854544 0.17715)
(3.58189 0.903636 0.167023)
(2.60755 0.730969 -0.164515)
(2.4511 0.700442 -0.146923)
(2.37131 0.639646 -0.0916344)
(1.77067 0.639571 0.117539)
(3.07102 0.819907 0.161154)
(2.36016 0.668462 -0.1024)
(3.09104 0.83846 0.188185)
(3.01745 0.806807 -0.188835)
(2.4855 0.719127 -0.187879)
(2.4511 0.700442 -0.146923)
(1.4224 0.542918 0.0663397)
(0.846638 0.522721 0.0432192)
(0.353133 0.379267 0.091453)
(4.45269 1.16908 -0.17872)
(4.44943 1.16945 0.177687)
(-0.0502049 0.377302 0.0969629)
(-0.716141 0.198075 0.158815)
(4.19201 0.980289 -0.176957)
(4.2649 1.15282 0.20269)
(1.65687 0.546817 -0.148849)
(3.89463 1.02753 0.182761)
(4.43829 1.20348 -0.211848)
(-0.716141 0.198075 0.158815)
(-0.716141 0.198075 0.158815)
(4.39355 1.19174 0.209586)
(-0.0502049 0.377302 0.0969629)
(0.190321 0.282195 0.000301296)
(0.154192 0.270368 -0.113711)
(0.154192 0.270368 -0.113711)
(2.57564 0.450388 0.0101169)
(2.23544 0.331002 0.0371078)
(2.74247 0.512741 0.0246856)
(2.74247 0.512741 0.0246856)
(-0.704107 0.198003 0.195676)
(2.91464 0.574611 0.0525237)
(-1.40607 0.00564371 -0.164933)
(3.79514 0.890497 -0.180157)
(-1.40607 0.00564371 -0.164933)
(-1.39683 0.0146785 0.170314)
(-1.40607 0.00564371 -0.164933)
(4.21882 0.816568 -0.129825)
(3.87698 0.908478 0.19698)
(-1.39683 0.0146785 0.170314)
(-1.39683 0.0146785 0.170314)
(0.0297742 0.235599 0.134416)
(-0.719103 0.192335 -0.164099)
(-0.716141 0.198075 0.158815)
(2.34359 0.523984 -0.134207)
(0.0778333 0.074032 -2.5627e-06)
(2.98728 0.792723 0.129488)
(1.06233 1.0125 -0.212284)
(0.405424 0.569146 -0.341009)
(1.14225 1.17906 -0.12246)
(-1.07733 -1.10072 0.184251)
(1.28926 1.47666 -0.147592)
(1.08996 0.993099 -0.193113)
(0.371223 0.371174 -0.00405448)
(1.72621 -0.714579 -0.466105)
(3.98909 0.529309 0.187247)
(4.09248 0.665238 0.00778774)
(4.13399 0.638089 -0.0315153)
(4.2482 0.745759 0.118778)
(3.60038 0.0298529 0.130005)
(3.82768 0.41302 0.146552)
(2.83246 -0.707252 0.783529)
(3.60038 0.0298529 0.130005)
(3.16643 -0.224416 -0.15495)
(3.77055 0.523013 0.229101)
(3.98562 0.531064 -0.187015)
(3.83915 0.429683 -0.148939)
(4.22606 0.803688 0.114087)
(3.95977 -0.10726 0.526225)
(4.45255 1.14675 0.162803)
(3.77674 0.52705 -0.227802)
(3.15967 -0.323669 0.390164)
(3.65411 0.193813 -0.0743089)
(3.19192 -0.605492 -0.8891)
(0.227877 -0.0248489 -0.000118642)
(3.15967 -0.323669 0.390164)
(3.13843 -0.384601 0.489596)
(3.11937 -0.411542 -0.447812)
(3.27507 -0.527243 -0.400921)
(-0.589872 -0.652267 0.517174)
(3.11937 -0.411542 -0.447812)
(-0.132219 -0.153932 0.683003)
(2.2241 -0.237103 0.56594)
)


// ************************************************************************* //
