/*--------------------------------*- C++ -*----------------------------------*\
| =========                 |                                                 |
| \\      /  F ield         | OpenFOAM: The Open Source CFD Toolbox           |
|  \\    /   O peration     | Version:  2312                                  |
|   \\  /    A nd           | Website:  www.openfoam.com                      |
|    \\/     M anipulation  |                                                 |
\*---------------------------------------------------------------------------*/
FoamFile
{
    version     2.0;
    format      ascii;
    arch        "LSB;label=32;scalar=64";
    class       vectorField;
    location    "0.6/lagrangian/kinematicCloud";
    object      U;
}
// * * * * * * * * * * * * * * * * * * * * * * * * * * * * * * * * * * * * * //


150
(
(0.176444 0.166744 -0.11493)
(-0.0377964 -0.0275516 -0.0793949)
(0.0374173 0.0382155 -0.0847661)
(-0.0570402 -0.0549072 -0.109468)
(2.81077 -1.97154 -0.305068)
(0.659655 -0.635287 -0.00162218)
(1.79423 0.652454 -0.116622)
(1.79423 0.652454 -0.116622)
(2.33289 0.763054 -0.109645)
(3.00357 0.88704 -0.133799)
(3.00357 0.88704 -0.133799)
(2.91638 0.853838 -0.108609)
(3.03734 0.913426 -0.173609)
(2.91638 0.853838 -0.108609)
(1.55239 0.655017 -0.0670864)
(1.79423 0.652454 -0.116622)
(3.03734 0.913426 -0.173609)
(3.03734 0.913426 -0.173609)
(2.40162 0.747772 -0.141069)
(3.00357 0.88704 -0.133799)
(1.79423 0.652454 -0.116622)
(1.55239 0.655017 -0.0670864)
(3.03734 0.913426 -0.173609)
(3.00357 0.88704 -0.133799)
(2.31188 0.708382 -0.105065)
(1.55239 0.655017 -0.0670864)
(3.00357 0.88704 -0.133799)
(2.31188 0.708382 -0.105065)
(3.24419 0.884169 -0.170842)
(1.55239 0.655017 -0.0670864)
(2.99256 0.797399 -0.16158)
(0.308967 0.312974 0.0246921)
(2.13322 0.38479 -0.0398409)
(1.79423 0.652454 -0.116622)
(1.79423 0.652454 -0.116622)
(0.96878 0.18511 0.0193306)
(2.26827 2.22805 -0.198703)
(2.21319 2.14602 -0.222384)
(0.176943 0.177794 0.000638646)
(0.163622 0.163003 -0.00836997)
(0.174346 0.175415 -0.0123416)
(0.3003 0.314765 -0.181437)
(0.16786 -0.167587 -0.00251758)
(0.169429 -0.169958 -0.00385649)
(2.39243 -2.39964 -0.0709412)
(0.228579 -0.22978 -0.0118474)
(0.241259 -0.236514 -0.0244481)
(2.56038 -2.55828 -0.0987256)
(0.17094 -0.169148 -0.000792025)
(2.62617 -2.60954 -0.124123)
(0.229145 -0.23042 -0.0195518)
(2.80427 -2.80633 -0.263905)
(0.578742 -0.594873 -0.0746675)
(2.57998 -2.69291 -0.230084)
(0.660043 -0.645238 -0.170155)
(2.82014 -2.81251 -0.373002)
(0.248091 -0.247882 -0.0195277)
(0.251262 -0.251428 -0.0237654)
(0.237935 -0.23787 -0.00818994)
(2.59775 -2.56702 -0.559075)
(-0.126698 0.107041 0.179925)
(-0.343421 0.31336 0.321523)
(-0.362513 0.347639 0.394124)
(3.51408 1.01704 -0.151815)
(4.44116 1.18041 -0.184281)
(3.70261 0.694378 -0.256772)
(3.71008 0.782178 -0.257488)
(3.38711 0.841531 -0.185316)
(3.29473 0.817539 -0.169652)
(3.29473 0.817539 -0.169652)
(3.53508 0.867387 -0.212449)
(3.50666 0.909963 -0.131846)
(3.53508 0.867387 -0.212449)
(3.53508 0.867387 -0.212449)
(3.70261 0.694378 -0.256772)
(3.97501 0.659246 -0.152273)
(0.0533105 -0.0118353 -0.0308982)
(3.97501 0.659246 -0.152273)
(-0.0572119 -0.0550919 0.109612)
(-0.0531513 -0.0730838 0.286181)
(-0.136938 -0.130449 0.120802)
(-0.119455 -0.106375 0.417175)
(0.00992856 0.0437648 0.429471)
(0.159139 0.161474 0.0426906)
(-0.0630642 -0.060021 0.121566)
(-0.119455 -0.106375 0.417175)
(0.158293 0.161005 0.00328588)
(-0.0515496 0.00761509 -0.0431195)
(0.0977626 -0.0488226 0.00259289)
(1.79854 0.646864 0.104931)
(2.8992 0.852553 0.107299)
(2.9847 0.885778 0.132613)
(2.31061 0.764555 0.106072)
(2.31061 0.764555 0.106072)
(2.31061 0.764555 0.106072)
(2.37988 0.746631 0.139326)
(1.52299 0.656168 0.0604864)
(3.01936 0.912375 0.17274)
(2.8992 0.852553 0.107299)
(3.01936 0.912375 0.17274)
(3.01936 0.912375 0.17274)
(2.37988 0.746631 0.139326)
(2.37988 0.746631 0.139326)
(2.9847 0.885778 0.132613)
(1.79854 0.646864 0.104931)
(2.37988 0.746631 0.139326)
(2.37988 0.746631 0.139326)
(1.52299 0.656168 0.0604864)
(1.52299 0.656168 0.0604864)
(2.92524 0.873141 0.176368)
(0.364423 0.361442 -0.00598438)
(0.315246 0.31215 -0.010069)
(1.79854 0.646864 0.104931)
(3.0609 0.745516 0.137349)
(3.0609 0.745516 0.137349)
(1.61885 1.55357 0.427758)
(0.180409 0.174658 0.0480043)
(0.173274 0.170197 0.0679224)
(0.210879 -0.209287 0.0056079)
(0.214915 -0.213615 0.00798967)
(0.168404 -0.16832 0.00317943)
(0.229431 -0.230715 0.0192438)
(2.8237 -2.78855 0.26743)
(0.243483 -0.245032 0.027401)
(0.248093 -0.250003 0.00782023)
(2.59844 -2.56774 0.555007)
(2.77445 -2.81518 0.49523)
(2.64531 0.726104 0.0938761)
(2.64531 0.726104 0.0938761)
(2.64531 0.726104 0.0938761)
(2.64531 0.726104 0.0938761)
(2.64531 0.726104 0.0938761)
(2.64531 0.726104 0.0938761)
(3.49966 1.01689 0.151619)
(3.42034 0.986176 0.157151)
(3.42034 0.986176 0.157151)
(3.42034 0.986176 0.157151)
(3.42034 0.986176 0.157151)
(3.42034 0.986176 0.157151)
(3.69597 0.815221 0.25582)
(3.70138 0.781486 0.257415)
(3.63283 1.0305 0.168548)
(3.37243 0.84024 0.184147)
(3.49404 0.90814 0.131578)
(3.67127 0.627471 0.263323)
(3.67127 0.627471 0.263323)
(3.70138 0.781486 0.257415)
(3.70597 0.742494 0.265367)
(3.57755 0.870138 0.222485)
(3.62417 0.865817 0.233279)
)


// ************************************************************************* //
