/*--------------------------------*- C++ -*----------------------------------*\
| =========                 |                                                 |
| \\      /  F ield         | OpenFOAM: The Open Source CFD Toolbox           |
|  \\    /   O peration     | Version:  2312                                  |
|   \\  /    A nd           | Website:  www.openfoam.com                      |
|    \\/     M anipulation  |                                                 |
\*---------------------------------------------------------------------------*/
FoamFile
{
    version     2.0;
    format      ascii;
    arch        "LSB;label=32;scalar=64";
    class       Cloud<passivePositionParticle>;
    location    "0.19995/lagrangian/kinematicCloud";
    object      positions;
}
// * * * * * * * * * * * * * * * * * * * * * * * * * * * * * * * * * * * * * //

150
(
(0.414279 -0.074841 0.0876477) 71313
(0.38325 -0.0696199 0.00285935) 58311
(0.415211 -0.0854328 0.0511684) 83986
(0.413358 -0.0879598 0.0744302) 83990
(0.414374 -0.0858326 0.0422232) 84321
(0.414416 -0.0859543 0.0621898) 83986
(0.416216 -0.0848809 0.0663626) 83990
(0.403149 -0.087129 0.0191859) 15236
(0.407312 -0.0850825 0.0125635) 15241
(0.364798 -0.0680658 0.00263944) 58226
(0.381946 -0.0878492 0.0824777) 5077
(0.392476 -0.0895799 0.0370464) 84518
(0.387794 -0.0899206 0.071599) 82820
(0.360896 -0.0825451 0.0853805) 29319
(0.381833 -0.08727 0.0327159) 84499
(0.381169 -0.0864447 0.0293431) 84499
(0.379252 -0.086161 0.050355) 83975
(0.378623 -0.0859984 0.0515769) 83975
(0.376975 -0.085492 0.0624974) 83972
(0.377477 -0.0856681 0.0411639) 84491
(0.374105 -0.0840495 0.0385097) 1266
(0.372549 -0.0827009 0.0483547) 1260
(0.354783 -0.0730645 0.0721095) 5156
(0.354875 -0.0694382 0.0528722) 84010
(0.405884 -0.0441332 0.0960504) 71851
(0.323861 -0.0456045 0.0808161) 30164
(0.323412 -0.0428597 0.0594323) 11720
(0.319165 -0.0403738 0.0182951) 41300
(0.322873 -0.0421384 0.0542718) 11726
(0.305514 -0.0297713 0.0161405) 41730
(0.393384 -0.0340871 0.00590723) 25871
(0.313781 -0.0316064 0.05) 8130
(0.307035 -0.0268892 0.0618505) 30613
(0.37563 -0.0312294 0.00352536) 54614
(0.300522 -0.0220866 0.0210478) 8100
(0.29944 -0.0196062 0.0561912) 5378
(0.390807 -0.0188894 0.0259474) 42252
(0.356914 -0.0015304 0.0942515) 50931
(0.515397 -0.00165751 0.0676769) 89514
(0.498752 -0.0132544 0.0505198) 10409
(0.496144 -0.0166217 0.0331589) 16752
(0.490606 -0.0210157 0.0533143) 687
(0.485448 -0.0261112 0.060053) 84073
(0.483306 -0.02824 0.0552312) 84073
(0.48457 -0.0240997 0.0144824) 8190
(0.475718 -0.0373071 0.0313312) 16034
(0.472274 -0.0410332 0.0278402) 14419
(0.469402 -0.0431355 0.0200237) 8075
(0.469289 -0.0312684 0.0876583) 21559
(0.454068 -0.0550158 0.0187434) 1413
(0.465555 -0.0306902 0.0879829) 21531
(0.463973 -0.0281756 0.0122006) 16008
(0.462511 -0.0247942 0.0893733) 72883
(0.463058 -0.0250037 0.0115734) 59766
(0.458039 -0.034415 0.0106022) 54703
(0.462546 -0.0235424 0.00823676) 59759
(0.4613 -0.0249479 0.0914631) 72887
(0.452565 -0.0412363 0.0883125) 50538
(0.444955 -0.0661097 0.034485) 84723
(0.445244 -0.0625386 0.016043) 15465
(0.456055 -0.0283775 0.0922959) 72860
(0.435221 -0.0736212 0.0217213) 15431
(0.435076 -0.0643575 0.0889702) 71455
(0.440654 -0.0329862 0.0970749) 72737
(0.443756 -0.0224786 0.0716439) 89178
(0.443472 -0.0236487 0.0394629) 1494
(0.431654 -0.0667837 0.0886861) 71441
(0.441106 -0.025786 0.00587577) 59669
(0.429373 -0.076736 0.0400721) 1337
(0.431146 -0.0658476 0.0885114) 71441
(0.437252 -0.0345615 0.0967638) 72679
(0.426663 -0.07645 0.0828803) 20968
(0.434477 -0.0387713 0.0928009) 72668
(0.429047 -0.048797 0.096789) 72018
(0.422596 -0.0788216 0.0803705) 20942
(0.420593 -0.0834222 0.0707554) 83998
(0.420363 -0.0801746 0.0827187) 5117
(0.417466 -0.0842053 0.0429051) 84322
(0.418953 -0.0566036 0.00408623) 54460
(0.0618707 0.00232126 0.0997325) 129333
(0.126605 0.00160544 0.0930854) 6052
(0.275485 0.0038988 0.0429479) 63404
(0.272893 0.00624049 0.0424646) 63382
(0.269351 0.00993834 0.0704284) 22573
(0.282089 0.00103265 0.0134868) 9304
(0.310257 0.0299323 0.00122765) 122810
(0.263551 0.0177144 0.0911086) 12660
(0.329864 0.0363504 0.0943941) 77509
(0.326175 0.0388587 0.094435) 23453
(0.3331 0.0405619 0.0138699) 95143
(0.533909 0.0268936 0.0585051) 83385
(0.529168 0.0273505 0.0596865) 90499
(0.5395 0.0246282 0.0605611) 83384
(0.539142 0.0244495 0.0500003) 83384
(0.53207 0.0252077 0.0696806) 90501
(0.531836 0.025365 0.0686607) 90501
(0.522132 0.0258965 0.0742399) 83382
(0.534201 0.0235972 0.0710186) 83386
(0.521609 0.0258794 0.0700056) 83382
(0.534967 0.0226573 0.0753855) 23649
(0.533953 0.0232973 0.0300141) 86919
(0.537921 0.0221206 0.0306471) 86922
(0.535655 0.0221039 0.0243429) 9621
(0.534172 0.0221067 0.0757046) 23649
(0.517059 0.0251445 0.0302721) 86874
(0.5387 0.0204017 0.0326672) 86922
(0.538403 0.0199829 0.0276276) 86244
(0.528592 0.0223799 0.0244128) 18249
(0.51613 0.0247061 0.0753168) 23603
(0.510019 0.0247528 0.0547486) 327
(0.524112 0.0227931 0.0211015) 9616
(0.510476 0.0240014 0.0669552) 83374
(0.513107 0.0242074 0.0233078) 9609
(0.50693 0.0235785 0.0540029) 327
(0.537983 0.0183383 0.0737997) 90018
(0.538448 0.0180088 0.0691241) 90018
(0.537733 0.0180793 0.0250469) 86244
(0.538793 0.0169382 0.0737901) 90018
(0.509921 0.0229027 0.083588) 23593
(0.504073 0.0226545 0.0770035) 23572
(0.526582 0.0179353 0.0789326) 22913
(0.534681 0.0128691 0.0305346) 86243
(0.533952 0.0122159 0.0248485) 86243
(0.49011 0.016148 0.0752423) 89938
(0.53221 0.011436 0.0396218) 86220
(0.53276 0.0108758 0.0682095) 90003
(0.487818 0.0138428 0.0184994) 17473
(0.520683 0.00988976 0.0779757) 22899
(0.527649 0.00804521 0.0229799) 17522
(0.520172 0.009594 0.0854523) 22899
(0.488521 0.011149 0.0115929) 63914
(0.517692 0.00694824 0.0160372) 17507
(0.513375 0.0033625 0.0171678) 17506
(0.512969 0.00308145 0.0187673) 9395
(0.475918 0.00349695 0.0559914) 89901
(0.51791 0.00155262 0.0610225) 3361
(0.475111 0.00134216 0.0248162) 86096
(0.477327 0.00135823 0.0107237) 47870
(0.204866 0.133586 0.0012011) 174556
(0.208365 0.104561 0.0994989) 136071
(0.198086 0.0730855 0.0188813) 150194
(0.287147 0.0593539 0.0987365) 24190
(0.261521 0.107707 0.00269677) 4695
(0.257178 0.116451 0.0444393) 150472
(0.268816 0.0778746 0.0988828) 120191
(0.251397 0.123603 0.0932971) 14040
(0.242449 0.131632 0.0680675) 153404
(0.220091 0.0594632 0.0589789) 35942
(0.22782 0.0728118 0.093505) 80417
(0.220086 0.0778668 0.0947508) 7115
)


// ************************************************************************* //
