/*--------------------------------*- C++ -*----------------------------------*\
| =========                 |                                                 |
| \\      /  F ield         | OpenFOAM: The Open Source CFD Toolbox           |
|  \\    /   O peration     | Version:  2312                                  |
|   \\  /    A nd           | Website:  www.openfoam.com                      |
|    \\/     M anipulation  |                                                 |
\*---------------------------------------------------------------------------*/
FoamFile
{
    version     2.0;
    format      ascii;
    arch        "LSB;label=32;scalar=64";
    class       vectorField;
    location    "0.19995/lagrangian/kinematicCloud";
    object      U;
}
// * * * * * * * * * * * * * * * * * * * * * * * * * * * * * * * * * * * * * //


150
(
(1.83053 0.645882 0.00593546)
(1.40564 -0.117656 0.00375403)
(1.55571 0.300716 0.0486988)
(1.60095 0.245304 0.148285)
(1.54704 0.312216 -0.0532728)
(1.55571 0.300716 0.0486988)
(1.60073 0.249318 0.148862)
(1.47636 -0.151618 -0.137328)
(1.49405 0.107244 -0.205173)
(0.992893 -0.403304 -0.00680841)
(1.3152 -0.765421 0.0436429)
(1.52848 -0.588829 -0.0610401)
(1.29112 -0.632038 0.0711308)
(1.24971 -1.16369 -0.0462237)
(1.44339 -0.863061 -0.0357818)
(1.44339 -0.863061 -0.0357818)
(1.39727 -0.933118 0.0299095)
(1.39727 -0.933118 0.0299095)
(1.35875 -1.01381 0.0261783)
(1.39753 -0.936759 -0.0256127)
(1.55244 -1.06604 -0.0206047)
(1.51729 -1.13621 -0.0179859)
(1.6026 -1.4508 -0.0201931)
(1.73876 -1.56039 0.0070505)
(3.20078 0.272847 -0.0562888)
(1.47957 -1.48287 -0.0641547)
(1.60385 -1.61571 -0.0193484)
(1.49614 -1.49669 0.0459684)
(1.61101 -1.62352 -0.0136479)
(1.36207 -1.37459 0.114621)
(2.67394 -1.00427 0.180437)
(1.53879 -1.58584 -0.0234005)
(1.4004 -1.45997 -0.0517414)
(2.23292 -1.3765 0.014161)
(1.3287 -1.38951 0.207635)
(1.27344 -1.29729 -0.041824)
(2.5349 -2.36098 0.0700221)
(1.6211 -1.49606 -0.00356221)
(3.49885 1.83207 0.120532)
(3.66102 2.77098 -0.0137026)
(3.67221 2.94814 -0.17784)
(3.58404 3.14223 -0.00242897)
(3.49984 3.19449 -0.00399528)
(3.50011 3.19338 -0.00411931)
(3.43085 3.08322 -0.15273)
(3.36581 2.9826 -0.221542)
(3.23784 2.85852 -0.238231)
(3.20357 2.77474 -0.292822)
(3.46473 2.91297 0.12081)
(2.7972 2.23471 -0.364871)
(3.4989 2.86597 0.0819264)
(3.52082 2.91686 0.00259665)
(3.20476 3.22625 0.0180482)
(3.17656 3.2043 -0.0486906)
(3.1788 2.9825 -0.0690646)
(3.18673 3.24503 -0.0191194)
(3.23555 3.18626 0.0140877)
(3.10723 2.6632 0.0977308)
(2.48127 1.70341 -0.244664)
(2.67263 1.76851 -0.316367)
(3.33382 3.02194 0.00179284)
(2.21325 1.26175 -0.338307)
(2.32319 1.64509 0.181008)
(2.98515 2.86037 0.00450882)
(3.15326 2.02121 0.101553)
(3.03139 1.66018 -0.0560583)
(2.20141 1.43309 0.164867)
(2.92775 3.01471 0.0741919)
(2.02633 0.905861 -0.0508155)
(2.20141 1.43309 0.164867)
(3.06959 2.74141 -0.00120332)
(1.99767 0.893526 0.302715)
(3.66654 1.85011 -0.0109629)
(2.72896 1.95378 0.0365506)
(2.01911 0.6332 0.222451)
(1.8246 0.518806 0.158866)
(1.73255 0.640425 0.303556)
(1.78785 0.435322 -0.04764)
(2.42427 1.31644 -0.0366062)
(0.0508936 0.0479952 -0.000584157)
(0.4387 0.142691 -0.0520911)
(0.535796 -0.605597 0.138612)
(0.439783 -0.522112 0.156114)
(0.380722 -0.423987 -0.386899)
(0.960118 -1.18024 0.312597)
(0.420792 -0.513583 -0.00190127)
(0.490825 -0.970478 -0.355185)
(2.00509 -2.19865 0.0500504)
(1.34247 -1.39022 -0.0167312)
(2.10897 -2.14101 -0.0114463)
(2.65454 0.960593 -0.0398781)
(2.56963 1.09385 -0.039261)
(2.87991 0.911666 -0.0347805)
(2.87958 0.912115 0.00810196)
(2.56599 0.992571 -0.0175966)
(2.56536 0.992428 -0.0176972)
(2.39129 1.17484 -0.0204228)
(2.81581 0.960051 0.0168963)
(2.39129 1.17484 -0.0204228)
(2.73118 0.903413 -0.0409595)
(2.81273 0.957117 -0.016548)
(2.8262 0.874422 -0.0150925)
(2.72915 0.902758 0.0396454)
(2.73118 0.903428 -0.0409581)
(2.32034 1.2251 0.0189586)
(2.8262 0.874422 -0.0150925)
(3.00015 0.875017 -0.0321401)
(2.68369 1.087 0.0240392)
(2.47443 1.42743 -0.0201806)
(2.34124 1.52016 -0.0349788)
(2.6462 1.17753 0.0188339)
(2.40869 1.4513 0.0123046)
(2.3932 1.4902 0.0217707)
(2.33287 1.52182 -0.0350367)
(3.00272 0.878063 0.032927)
(3.00272 0.878063 0.032927)
(3.00015 0.875022 -0.0321403)
(3.00272 0.878063 0.032927)
(2.30718 1.5556 -0.0311193)
(2.20915 1.60451 -0.0394243)
(2.86567 1.23089 0.0185536)
(3.14889 0.965787 -0.0483631)
(3.14896 0.966288 -0.04839)
(1.90996 1.70417 0.00819919)
(3.20327 1.12099 0.0283629)
(3.16601 1.09008 0.057487)
(2.16711 2.06696 0.0598543)
(3.20105 1.42553 0.0685211)
(3.17429 1.13777 -0.0467265)
(3.19887 1.45335 0.0698771)
(2.4214 2.66319 -0.0111051)
(3.18977 1.56119 -0.0761457)
(3.30257 1.84953 -0.0966501)
(3.29667 1.90595 -0.0971023)
(2.08215 2.23339 -0.038478)
(3.45308 1.70423 -0.0227774)
(2.08295 2.24463 -0.00625982)
(2.5743 3.0807 0.00685695)
(0.344145 -0.509961 -0.00393912)
(0.839783 -0.807277 0.00521562)
(0.344522 0.344463 -0.00632411)
(1.81094 -2.86538 0.0157137)
(2.04896 -1.91956 -0.0414685)
(1.35666 -1.36636 -0.0354154)
(0.667931 -1.31597 -0.00299191)
(2.14712 -0.838314 -0.83572)
(0.706638 -0.694381 0.043433)
(-0.769001 0.941065 0.0217594)
(2.39764 -1.45333 -0.0114523)
(2.98498 -1.52518 -0.348892)
)


// ************************************************************************* //
