/*--------------------------------*- C++ -*----------------------------------*\
| =========                 |                                                 |
| \\      /  F ield         | OpenFOAM: The Open Source CFD Toolbox           |
|  \\    /   O peration     | Version:  2312                                  |
|   \\  /    A nd           | Website:  www.openfoam.com                      |
|    \\/     M anipulation  |                                                 |
\*---------------------------------------------------------------------------*/
FoamFile
{
    version     2.0;
    format      ascii;
    arch        "LSB;label=32;scalar=64";
    class       labelList;
    location    "constant/polyMesh";
    object      pointProcAddressing;
}
// * * * * * * * * * * * * * * * * * * * * * * * * * * * * * * * * * * * * * //


13413
(
161
162
163
164
165
166
167
168
381
382
383
384
385
386
387
388
389
594
595
596
597
598
599
600
601
652
656
657
712
713
721
722
723
724
725
726
727
728
888
916
917
918
919
920
921
922
923
924
925
926
927
928
929
930
931
932
933
934
935
1223
1226
1228
1261
1262
1263
1264
1265
1266
1267
1268
1269
1270
1271
1272
1273
1274
1275
1276
1277
1278
1279
1280
1281
1282
1283
1284
1285
1286
1481
1482
1503
1504
1505
1506
1507
1508
1509
1510
1511
1512
1513
1514
1515
1516
1517
1518
1610
1611
1612
1613
1614
1615
1616
1617
1700
1701
1702
1703
1704
1705
1722
1723
1724
1725
1726
1727
1728
1729
1730
1731
1732
1963
1964
1965
1966
1967
1968
1969
1970
1971
1972
1973
1974
1975
1976
2001
2002
2003
2004
2005
2006
2007
2008
2009
2010
2011
2012
2013
2014
2015
2016
2070
2072
2073
2074
2075
2076
2077
2120
2121
2122
2123
2124
2187
2188
2189
2190
2191
2192
2193
2194
2195
2198
2199
2200
2201
2202
2372
2373
2374
2375
2376
2377
2378
2397
2398
2399
2400
2401
2402
2403
2404
2581
2582
2583
2584
2585
2586
2587
2605
2684
2685
2687
2703
2704
2705
2706
2707
2708
2709
2710
2711
2712
3084
3087
3088
3090
3093
3094
3136
3137
3138
3139
3140
3141
3142
3143
3144
3145
3146
3147
3148
3149
3150
3151
3152
3153
3154
3155
3156
3157
3158
3159
3160
3161
3162
3163
3164
3165
3166
3167
3168
3169
3170
3171
3172
3173
3174
3175
3176
3177
3178
3179
3180
3181
3182
3183
3184
3359
3360
3361
3369
3370
3371
3372
3373
3374
3375
3376
3377
3378
3379
3380
3381
3382
3383
3384
3385
3386
3387
3388
3389
3390
3391
3392
3393
3394
3395
3396
3397
3398
3399
3400
4043
4044
4045
4046
4047
4048
4049
4050
4051
4052
4053
4054
4055
4056
4057
4058
4059
4060
4061
4062
4063
4064
4065
4066
4067
4068
4069
4070
4071
4072
4073
4074
4075
4076
4077
4078
4700
4703
4706
4709
4712
4715
4783
4784
4785
4786
4787
4788
4789
4790
4791
4792
4793
4842
4843
4844
4845
4846
4847
4848
4849
5440
5442
5444
5523
5524
5525
5526
5527
5528
5529
5530
5531
5532
5533
5534
5535
5536
5537
5538
5539
5540
5541
5542
5543
5544
5545
5546
5547
5548
5549
5550
5551
5552
5553
5554
5555
5556
5557
5558
5742
5744
5745
5746
5747
5764
5765
5766
5767
5768
5769
5770
5771
5772
5773
5774
5775
6122
6123
6125
6126
6127
6128
6129
6131
6132
6133
6134
6175
6176
6177
6178
6179
6180
6181
6182
6183
6184
6185
6186
6187
6188
6189
6190
6191
6192
6193
6194
6195
6196
6197
6198
6199
6200
6201
6202
6203
6204
6205
6206
6207
6208
6209
6210
6211
6212
6213
6214
6215
6216
6217
6218
6219
6220
6221
6222
6588
6589
6591
6596
6646
6647
6648
6649
6650
6651
6652
6653
6654
6655
6656
6657
6658
6659
6660
6661
6662
6663
6664
6665
6666
6667
6668
6669
6670
6671
6672
6673
6674
6675
6676
6677
6678
6679
6680
6681
6682
6683
6684
6685
6686
6687
6688
6689
6690
6691
6692
6693
6694
6695
6696
6697
6698
6699
6700
6701
6702
6746
6747
6748
7454
7469
7470
7471
7565
7566
7567
7568
7569
7570
7571
7572
7573
7574
7575
7576
7577
7578
7579
7580
7581
7582
7583
7584
7585
7586
7587
7588
7589
7590
7591
7592
7593
7594
7595
7596
7597
7598
7599
7600
7601
7602
7603
7604
7605
7606
7607
7608
7609
7610
7611
7612
7613
7614
7615
7616
7617
7618
7619
7620
7621
7622
7623
7624
7625
7626
7627
7628
7629
7630
7631
7632
7633
7634
7635
7636
7689
7690
7691
7692
7693
7694
7695
7696
7697
7698
7699
7700
7701
7702
7703
7704
8129
8131
8132
8133
8137
8182
8183
8184
8185
8186
8187
8188
8189
8190
8191
8192
8193
8194
8195
8196
8197
8198
8199
8200
8201
8202
8203
8204
8205
8206
8207
8208
8209
8210
8211
8212
8213
8214
8215
8216
8217
8218
8219
8220
8221
8222
8223
8224
8322
8324
8325
8326
8327
8328
8329
8351
8353
8354
8355
8356
8357
8358
8359
8360
8440
8442
8443
8444
8447
8448
8449
8450
8451
8452
8453
8454
8455
8456
8457
8458
8459
8460
8461
8462
8463
8464
8465
8466
8467
8468
8588
8589
8590
8591
8592
8593
8594
8595
8596
8597
8598
8599
8600
8601
8602
8603
8606
8607
8608
8609
8610
8757
8758
9614
9616
9617
9618
9619
9620
9622
9623
9624
9625
9626
9627
9628
9629
9630
9631
9632
9633
9634
9635
9636
9637
9638
9639
9640
9641
9642
9644
9645
9646
9647
9650
9653
9655
9746
9747
9748
9749
9750
9751
9752
9753
9754
9755
9756
9757
9758
9759
9760
9761
9762
9763
9764
9765
9766
9767
9768
9769
9770
9771
9772
9773
9774
9775
9776
9777
9778
9779
9780
9781
9782
9783
9784
9785
9786
9787
10674
10676
10677
10678
10680
10681
10682
10683
10684
10685
10686
10687
10688
10689
10690
10691
10693
10694
10695
10697
10698
10699
10701
10702
10705
10706
10707
10796
10797
10798
10799
10800
10801
10802
10803
10804
10805
10806
10807
10808
10809
10810
10811
10812
10813
10814
10815
10816
11110
11111
11123
11124
11125
11126
11127
11128
11129
11130
11201
11202
11211
11212
11213
11214
11215
11216
11217
11218
11324
11326
11327
11328
11329
11331
11333
11334
11335
11367
11368
11369
11370
11371
11372
11373
11374
11375
11376
11377
11378
11379
11380
11381
11382
11383
11384
11385
11386
11387
11388
11389
11390
11391
11392
11393
11394
11395
12266
12269
12271
12274
12276
12277
12278
12279
12280
12282
12283
12285
12286
12287
12288
12289
12291
12292
12293
12294
12295
12297
12298
12300
12301
12302
12303
12388
12389
12390
12391
12392
12393
12394
12395
12396
12397
12398
12399
12400
12401
12402
12403
12404
12405
12406
12407
12408
12409
12410
12411
12412
12413
12414
12415
12416
12417
12418
12419
12420
12421
12422
12423
12424
12425
12426
12427
12428
12429
12430
12431
12432
12433
12434
12435
12436
12437
12438
12439
12440
12441
12442
12443
12444
12445
12446
12447
12448
12449
12450
12451
12452
12453
12454
12455
12456
12457
12458
12459
12460
12461
12462
12463
12464
12465
12466
12467
12468
12469
12470
12471
12472
12473
12474
12475
12476
12477
12478
12479
12480
12481
12482
12483
12484
12485
12486
12487
12488
12489
12490
12491
12492
12493
12494
12495
12496
12497
12498
12499
12500
12501
12502
12503
12504
12505
12854
12856
12860
12861
12863
12864
12865
12866
12867
12868
12869
12877
12878
12879
12880
12881
12882
12883
12884
12885
12886
12887
12888
12889
12890
12891
12892
12893
12894
12895
12896
12897
12898
12899
12900
12901
12902
12903
12904
12905
12906
12907
12908
12909
12910
12911
12912
12913
12914
12915
12916
12917
12918
12919
12920
12921
12922
12923
12924
12925
12926
12927
12928
12929
12930
12931
12932
12933
12934
12935
13129
13130
13131
13132
13133
13134
13135
13136
13217
13218
13219
13220
13221
13222
13223
13271
13272
13284
13285
13286
13287
13609
13612
13615
13616
13652
13653
13654
13655
13656
13657
13658
13659
13660
13661
13662
13663
13664
13665
13666
13667
13668
13669
13670
13671
13672
13673
13674
13675
13676
13825
13827
13832
13833
13834
13835
13836
13837
13838
13839
13840
13841
13842
13843
13844
13845
13846
13847
13848
13849
13850
13851
14447
14448
14450
14451
14453
14454
14456
14457
14459
14460
14462
14463
14465
14466
14532
14533
14534
14535
14536
14537
14538
14539
14540
14541
14542
14543
14544
14545
14546
14547
14548
14549
14550
14551
14552
14553
14554
14555
14556
15206
15207
15210
15211
15214
15215
15218
15219
15222
15223
15226
15227
15230
15231
15294
15295
15551
15552
15553
15554
15555
15556
15606
15607
15608
15609
15610
15611
15612
15613
15614
15615
15616
15617
15618
15619
15620
15621
15622
15623
15624
15625
15626
15627
15628
15629
15630
15631
15632
15633
15634
15635
15636
15637
15638
15639
15640
15641
16966
16967
16975
16976
16977
16978
16979
16980
16987
16988
16989
16990
16991
16992
16993
16994
17001
17002
17003
17004
17005
17006
17159
17160
17161
17162
17163
17164
17165
17166
17167
17168
17169
17170
17171
17172
17173
17174
17175
17176
17177
17178
17179
17180
17181
17182
17183
17184
17185
17186
17187
17188
17189
17190
17191
17192
17193
17194
17195
17196
17197
17198
17199
17200
17201
17202
17203
17204
17205
17206
17207
17208
17209
17210
17211
17212
17213
17214
17215
17216
17217
17218
17219
17220
17221
17222
17223
17224
17225
17226
17227
17228
17229
17230
17231
17232
17233
17234
17235
17236
17237
17238
17239
17240
17241
17242
17243
17244
17245
17246
17247
17248
17249
17250
17251
17252
17253
17254
17255
17256
17257
17258
17259
17260
17261
17262
17263
17264
17265
17266
17267
17268
17269
17270
17271
17272
17273
17274
17275
17276
17277
17278
17279
17280
17281
17282
17283
17284
17285
17286
17287
17288
17289
17290
17291
17292
17293
17294
17295
17296
17297
17298
17299
17300
17301
17302
17303
17304
17305
17306
17307
17308
17309
17310
17311
17312
17313
17314
17315
17316
17317
17318
17319
17320
17321
17322
17323
17324
17325
17326
17327
17328
17329
17330
17331
17332
17333
17334
17335
17336
17337
17966
17967
17973
17974
17978
17979
17980
17981
17982
17983
17984
17985
17986
17987
17988
17989
18011
18012
18013
18014
18015
18016
18017
18018
18019
18020
18021
18022
18023
18024
18025
18026
18027
18028
18029
18030
18031
18032
18033
18034
18035
18036
18037
18038
18039
18040
18041
18042
18043
18044
18045
18046
18047
18048
18049
18050
18051
18052
18053
18054
18055
18056
18057
18058
18059
18060
18061
18062
18063
18064
18065
18066
18067
18068
18069
18070
18071
18072
18073
18074
18075
18076
18077
18078
18079
18080
18081
18082
18083
18084
18085
18086
18087
18088
18089
18090
18091
18092
18093
18094
18095
18096
18097
18098
18099
18100
18101
18102
18103
18104
18105
18106
18107
18108
18109
18110
18111
18112
18113
18114
18115
18116
18117
18118
18119
18120
18121
18122
18123
18124
18125
18126
18127
18128
18129
18130
18993
18994
18995
18996
18997
18998
18999
19000
19001
19002
19003
19004
19005
19006
19007
19008
19009
19010
19011
19012
19013
19014
19015
19016
19017
19018
19019
19020
19021
19022
19023
19024
19025
19026
19027
19028
19029
19030
19031
19032
19033
19034
19516
19517
19518
19519
19520
19521
19522
19523
19524
19525
19526
19527
19528
19529
19530
19531
19532
19533
19534
19535
19536
19537
19538
19539
19540
19541
19542
19543
19544
19545
19546
19547
19548
19549
19550
19551
19552
19553
19554
19555
20448
20449
20450
20451
20452
20453
20454
20455
20456
20457
20458
20459
20460
20461
20462
20463
20464
20465
20466
20467
20468
20469
20470
20471
20472
20473
20474
20475
20476
20477
20478
20479
20480
20481
20482
20483
20484
20485
20486
20487
20488
20489
20714
20715
20716
20717
20718
20719
20720
20721
20722
20723
20914
20915
20916
20917
20918
20919
20920
20921
20922
20923
20924
20925
20926
20927
20928
20929
20930
20931
20932
20933
20934
20935
20936
20937
20938
20939
20940
20941
20942
20943
20944
20945
20946
20947
20948
20949
20950
20951
20952
20953
21667
21668
21669
21670
21672
21682
21787
21788
21789
21790
21791
21792
21793
21794
21795
21796
21797
21798
21799
21800
21801
21802
21803
21804
21805
21806
21807
21808
21809
21810
21811
21812
21813
21814
21815
21816
21817
21818
21819
21820
21821
21822
21823
21824
21825
21826
21827
21828
21829
21830
21831
21832
21833
21834
21835
21836
21837
21838
21839
21840
21841
21842
21843
21844
21845
21846
21847
21848
21849
21850
21851
21852
21853
21854
21855
21856
21857
21858
21859
21860
21861
21862
21863
21864
21865
21866
21867
21868
21869
21870
21871
21872
22766
22772
22773
22774
22874
22875
22876
22877
22878
22879
22880
22881
22882
22883
22884
22885
22886
22887
22888
22889
22890
22891
22892
22893
22894
22895
22896
22897
22898
22899
22900
22901
22902
22903
22904
22905
22906
22907
22908
22909
22910
22911
22912
22913
22914
22915
22916
22917
22918
22919
22920
22921
22922
22923
22924
22925
22926
22927
22928
22929
22930
22931
22932
22933
22934
22935
22936
22937
22938
22939
22940
22941
22942
22943
22944
22945
22946
22947
23782
23783
23784
23785
23787
23788
23789
23790
23797
23892
23893
23894
23895
23896
23897
23898
23899
23900
23901
23902
23903
23904
23905
23906
23907
23908
23909
23910
23911
23912
23913
23914
23915
23916
23917
23918
23919
23920
23921
23922
23923
23924
23925
23926
23927
23928
23929
23930
23931
23932
23933
23934
23935
23936
23937
23938
23939
23940
23941
23942
23943
23944
23945
23946
23947
23948
23949
23950
23951
23952
23953
23954
23955
23956
23957
23958
23959
23960
23961
23962
23963
23964
23965
23966
23967
23968
23969
23970
23971
23972
24366
24368
24369
24374
24405
24406
24407
24408
24409
24410
24411
24412
24413
24414
24415
24416
24417
24418
24419
24420
24421
24422
24423
24424
24425
24426
24427
24428
24429
24430
24431
24432
24433
24434
24435
24436
24437
24438
24439
24440
24441
24442
24443
24444
24688
24689
24746
24747
24748
24749
24750
24751
24752
24753
24754
24755
24756
24757
24758
24759
24760
24761
24762
24763
24764
24765
24766
24767
24768
24769
24770
24771
24772
24773
24774
24775
24776
24777
24778
24779
24780
24781
24782
24783
24784
24785
24786
24787
24788
24789
24790
24791
24792
24793
24794
24795
24796
24797
24798
24799
24800
24801
25545
25546
25548
25549
25551
25552
25553
25554
25555
25556
25557
25559
25560
25561
25562
25563
25564
25565
25566
25567
25568
25569
25574
25646
25647
25648
25649
25650
25651
25652
25653
25654
25655
25656
25657
25658
25659
25660
25661
25662
25663
25664
25665
25666
25667
25668
25669
25670
25671
25672
25673
25674
25675
25676
25677
25678
25679
25680
25681
25682
25683
25684
25685
25686
25687
25688
25689
25690
25691
25692
25693
25694
25695
25696
25697
25698
25699
25700
25701
25702
25703
25704
25705
25706
25707
25708
25709
25710
25711
25712
25713
25714
25715
25716
25717
25718
25719
25720
25721
25722
25723
25724
25725
25726
25924
25925
25926
25927
25928
25929
25930
25931
25932
25933
25934
25935
25936
25937
25938
25939
25940
25941
25942
25943
25944
25945
25946
25947
25948
25949
25950
25951
25952
25953
26072
26073
26074
26075
26076
26252
26254
26255
26256
26257
26258
26259
26260
26261
26262
26263
26264
26265
26266
26267
26268
26275
26276
26277
26278
26279
26280
26281
26282
26283
26284
26285
26286
26287
26288
26289
26290
26291
26292
26293
26294
26295
26296
26297
26298
26299
27046
27048
27049
27051
27052
27053
27055
27056
27057
27059
27060
27061
27063
27064
27065
27067
27068
27069
27071
27152
27153
27154
27155
27156
27157
27158
27159
27160
27161
27162
27163
27164
27165
27166
27167
27168
27169
27170
27171
27172
27173
27174
27175
27176
27177
27178
27179
27180
27181
27182
27183
27184
27185
27186
27187
27188
27189
27190
27191
27192
27953
27954
27956
27957
27958
27960
27961
27962
27964
27965
27966
27968
27969
27970
27972
27973
27974
27976
27977
28047
28048
28049
28050
28375
28376
28377
28378
28379
28380
28381
28382
28383
28384
28453
28454
28455
28456
28457
28458
28459
28460
28461
28462
28463
28464
28465
28466
28467
28468
28469
28470
28471
28472
28473
28474
28475
28476
28477
28478
28479
28480
28481
28482
28483
28484
28485
28486
28487
28488
28489
28490
28491
28492
28493
28494
28495
28496
30278
30279
30280
30281
30282
30283
30294
30295
30296
30297
30298
30299
30300
30301
30302
30303
30304
30315
30316
30317
30318
30319
30320
30321
30322
30323
30324
30529
30530
30531
30532
30533
30534
30535
30536
30537
30538
30539
30540
30541
30542
30543
30544
30545
30546
30547
30548
30549
30550
30551
30552
30553
30554
30555
30556
30557
30558
30559
30560
30561
30562
30563
30564
30565
30566
30567
30568
30569
30570
30571
30572
30573
30574
30575
30576
30577
30578
30579
30580
30581
30582
30583
30584
30585
30586
30587
30588
30589
30590
30591
30592
30593
30594
30595
30596
30597
30598
30599
30600
30601
30602
30603
30604
30605
30606
30607
30608
30609
30610
30611
30612
30613
30614
30615
30616
30617
30618
30619
30620
30621
30622
30623
30624
30625
30626
30627
30628
30629
30630
30631
30632
30633
30634
30635
30636
30637
30638
30639
30640
30641
30642
30643
30644
30645
30646
30647
30648
30649
30650
30651
30652
30653
30654
30655
30656
30657
30658
30659
30660
30661
30662
30663
30664
30665
30666
30667
30668
30669
30670
30671
30672
30673
30674
30675
30676
30677
30678
30679
30680
30681
30682
30683
30684
30685
30686
30687
30688
30689
30690
30691
30692
30693
30694
30695
30696
30697
30698
30699
30700
30701
30702
30703
30704
30705
30706
30707
30708
30709
30710
30711
30712
30713
30714
30715
30716
30717
30718
30719
30720
30721
30722
30723
30724
30725
30726
30727
30728
30729
30730
30731
30732
30733
30734
30735
30736
30737
30738
30739
30740
30741
30742
30743
30744
30745
30746
30747
30748
30749
30750
30751
30752
30753
30754
30755
30756
30757
30758
30759
30760
30761
30762
30763
30764
30765
30766
30767
31607
31608
31609
31610
31611
31612
31613
31614
31615
31616
31617
31618
31619
31620
31621
31622
31623
31653
31654
31655
31656
31657
31658
31659
31660
31661
31662
31663
31664
31665
31666
31667
31668
31669
31670
31671
31672
31673
31674
31675
31676
31677
31678
31679
31680
31681
31682
31683
31684
31685
31686
31687
31688
31689
31690
31691
31692
31693
31694
31695
31696
31697
31698
31699
31700
31701
31702
31703
31704
31705
31706
31707
31708
31709
31710
31711
31712
31713
31714
31715
31716
31717
31718
31719
31720
31721
31722
31723
31724
31725
31726
31727
31728
31729
31730
31731
31732
31733
31734
31735
31736
31737
31738
31739
31740
31741
31742
31743
31744
31745
31746
31747
31748
31749
31750
31751
31752
31753
31754
31755
31756
31757
31758
31759
31760
31761
31762
31763
31764
31765
31766
31767
31768
31769
31770
31771
31772
31773
31774
31775
31776
31777
31778
31779
31780
31781
31782
31783
31784
31785
31786
31787
31788
31789
31790
31791
31792
31793
31794
31795
31796
31797
31798
31799
31800
31801
31802
31803
31804
31805
31806
31807
31808
31809
31810
33365
33375
33385
33395
33405
33415
33620
33621
33622
33623
33624
33625
33626
33627
33628
33629
33630
33631
33632
33633
33634
33635
33636
33637
33638
33639
33640
33641
33642
33643
33644
33645
33646
33647
33648
33649
33650
33651
33652
33653
33654
33655
33656
33657
33658
33659
33660
33661
33662
33663
33664
33665
33666
33667
33668
33669
33670
33671
33672
33673
33674
33675
33676
33677
33678
33679
33680
33681
33682
33683
33684
33685
33686
33687
33688
33689
33690
33691
33692
33693
33694
33695
33696
33697
33698
33699
33700
33701
33702
33703
33704
33705
33706
33707
33708
33709
33710
33711
33712
33713
33714
33715
33716
33717
33718
33719
33720
33868
33869
33870
33871
33872
33873
33874
33875
33876
35011
35012
35013
35014
35015
35016
35017
35018
35019
35020
35021
35022
35023
35024
35025
35088
35089
35090
35091
35092
35093
35094
35095
35096
35097
35098
35099
35100
35101
35102
35103
35104
35105
35106
35107
35108
35109
35110
35111
35112
35113
35114
35115
35116
35117
35118
36670
36671
36672
36676
36677
36678
36682
36683
36684
36688
36694
36700
36908
36909
36910
36911
36912
36913
36914
36915
36916
36917
36918
36919
36920
36921
36922
36923
36924
36925
36926
36927
36928
36929
36930
36931
36932
36933
36934
36935
36936
36937
36938
36939
36940
36941
36942
36943
36944
36945
36946
36947
36948
36949
36950
36951
36952
36953
36954
36955
36956
36957
36958
36959
36960
36961
36962
36963
36964
36965
36966
36967
36968
36969
36970
36971
36972
36973
36974
36975
36976
36977
36978
36979
36980
36981
36982
36983
36984
36985
36986
36987
36988
36989
36990
36991
36992
36993
36994
36995
36996
36997
36998
36999
37000
37001
37002
37003
37004
37005
37006
37007
37008
37144
37145
37146
37147
37148
37149
37150
37151
37152
37461
37462
37463
37510
37511
37512
37513
37514
37515
37516
37517
37518
37519
37520
37521
37522
37523
37524
37525
37526
37527
37528
37529
37530
37531
37532
37533
37534
37535
37536
37537
37538
37539
37540
37541
37542
38336
38338
38341
38342
38343
38344
38345
38346
38348
38349
38350
38352
38353
38354
38455
38456
38457
38458
38459
38460
38461
38462
38463
38464
38465
38466
38467
38468
38469
38470
38471
38472
38473
38474
38475
38476
38477
38478
38479
38480
38481
38482
38483
38484
38485
38486
38487
38488
38489
38490
38491
38492
38493
38494
38495
38496
38497
38498
38499
38500
38501
38502
38503
38504
38505
38506
38507
38508
38509
38510
38511
38512
38513
38514
38515
38516
38517
38518
38519
38520
38521
38522
38523
38524
38525
38526
38527
38528
38529
38530
38531
38532
38533
38534
38535
38536
38537
38538
38539
38540
38541
38542
38543
38544
38545
38546
38547
38548
38549
38550
38551
38552
38553
38554
38555
38556
38557
38558
38559
38560
38561
38562
38563
38564
38565
38566
38567
38568
38569
38570
38571
38572
38573
38574
38575
38576
38577
38578
38579
38580
38581
38582
38583
38584
38585
38586
38587
38588
38589
39565
39567
39568
39570
39571
39572
39574
39577
39578
39590
39593
39594
39596
39599
39694
39695
39696
39697
39698
39699
39700
39701
39702
39703
39704
39705
39706
39707
39708
39709
39710
39711
39712
39713
39714
39715
39716
39717
39718
39719
39720
39721
39722
39723
39724
39725
39726
39727
39728
39729
39730
39731
39732
39733
39734
39735
39736
39737
39738
39739
39740
39741
39742
39743
39744
39745
39746
39747
39748
39749
39750
39751
39752
39753
39754
39755
39756
39757
39758
39759
39760
39761
39762
39763
39764
39765
39766
39767
39768
39769
39770
39771
39772
39773
39774
39775
39776
39777
39778
39779
39780
39781
39782
39783
39784
39785
39786
39787
39788
39789
39790
39791
39792
39793
39794
39795
39796
39797
39798
39799
39800
39801
39802
39803
39804
39805
39806
39807
39808
39809
39810
39811
39812
39813
39814
39815
39816
39817
39818
39819
39820
39821
39822
39823
39824
39825
39826
39827
39828
39829
39830
39831
39832
39833
39834
39835
39836
39837
39838
39937
39938
39939
39940
39941
39942
39943
39944
39945
39946
39947
39948
39949
39950
39951
39952
39953
39954
39955
41174
41175
41176
41179
41181
41350
41351
41352
41353
41354
41355
41356
41357
41358
41359
41360
41361
41362
41363
41364
41365
41366
41367
41368
41369
41370
41371
41372
41373
41374
41375
41376
41377
41378
41379
41380
41381
41382
41383
41384
41385
41386
41387
41388
41389
41390
41391
41392
41393
41394
41395
41396
41397
41398
41399
41400
41401
41402
41403
41404
41405
41406
41407
41408
41409
41410
41411
41412
41413
41414
41415
41416
41417
41418
41419
41420
41421
41422
41423
41424
41425
41426
41427
41428
41429
41430
41431
41432
41433
41434
41435
41436
41437
41438
41439
41440
41441
41442
41443
41444
41445
41446
41447
41448
41449
41450
41451
41452
41453
41454
41455
41456
41457
41458
41459
41460
41461
41462
41463
41464
41465
41466
41467
41545
41546
41547
41548
41549
41550
41551
41552
41553
41554
41555
41556
41557
41558
41559
41560
41561
41562
41563
41564
41565
41566
41567
41568
41569
41570
41571
41572
41573
41574
41575
41576
41577
41578
41579
41580
41581
41582
41583
41584
41585
41586
41587
41588
41589
41590
41591
41592
41593
41594
41595
41596
41597
41598
41599
41600
41601
41602
41603
41604
41605
41606
42859
42861
42862
42863
42866
42867
42869
42870
42871
42873
42885
42886
42888
42892
42894
43039
43040
43041
43042
43043
43044
43045
43046
43047
43048
43049
43050
43051
43052
43053
43054
43055
43056
43057
43058
43059
43060
43061
43062
43063
43064
43065
43066
43067
43068
43069
43070
43071
43072
43073
43074
43075
43076
43077
43078
43079
43080
43081
43082
43083
43084
43085
43086
43087
43088
43089
43090
43091
43092
43093
43094
43095
43096
43097
43098
43099
43100
43101
43102
43103
43104
43105
43106
43107
43108
43109
43110
43111
43112
43113
43114
43115
43116
43117
43118
43119
43120
43121
43122
43123
43124
43125
43126
43127
43128
43129
43130
43131
43132
43133
43134
43135
43136
43137
43138
43139
43140
43141
43142
43143
43144
43145
43146
43147
43148
43149
43150
43151
43152
43153
43154
43155
43156
43157
43158
43159
43160
43161
43162
43163
43164
43165
43166
43167
43168
43169
43170
43171
43172
43173
43174
43175
43176
43259
43260
43261
43262
43263
43264
43265
43266
43515
43516
43517
43521
43522
43523
43524
43525
43526
43527
43528
43529
43530
43531
43532
43533
43534
43535
43536
43537
43538
43539
43540
43541
43542
43543
43544
43596
43597
43598
43599
43600
43601
43602
43603
43604
43605
43606
43607
43608
43609
43610
43611
43612
43613
43614
43615
43616
43617
43618
43619
43768
43770
43771
43772
43773
43774
43775
43776
43783
43784
43785
43786
43787
43788
43789
43790
43791
43792
43793
43794
43795
43796
43797
43798
43799
43800
43801
43802
43803
43804
43805
43806
43807
43808
43809
43810
43811
43812
43813
43814
43815
43816
43817
43818
43819
43820
43821
43822
43823
43824
43825
43826
43827
43828
43829
43830
43831
43832
43833
43834
43835
43836
43993
43994
43995
43996
43997
43998
43999
44000
44001
44002
44003
44004
44005
44006
44007
44008
44009
44010
44011
44012
44013
44014
44015
44016
45009
45016
45022
45028
45034
45040
45046
45177
45178
45179
45180
45181
45182
45183
45184
45185
45186
45187
45188
45189
45190
45191
45192
45193
45194
45195
45196
45197
45198
45199
45200
45201
45202
45203
45204
45205
45206
45207
45208
45209
45210
45211
45212
45213
45214
45215
45216
45217
45218
45219
45220
45221
45222
45223
45224
45225
45882
45883
45884
45885
45886
45887
45888
45889
45890
45891
45892
45893
45894
45895
45896
45897
45898
45899
45900
45901
45902
45903
45904
45905
45906
45907
45908
45909
45910
45911
45912
45913
45914
45915
45916
45917
45918
45919
45920
45921
45922
45923
45924
45925
45926
45927
45928
45929
45930
45931
45932
45933
45934
45935
45936
45937
45938
46275
46276
46277
46278
46279
46280
46281
46282
46474
46476
46498
46499
46500
46501
46502
46503
46504
46505
46506
46507
46694
46695
46696
46697
46698
46699
46700
46701
46702
46703
46704
46705
46763
46764
46765
46766
46767
46768
46769
46770
46771
46772
46773
46774
46775
46776
46777
46778
46779
46780
46781
46782
46783
46784
46785
46786
46787
46788
46789
48520
48521
48522
48523
48524
48525
48526
48527
48528
48529
48530
48541
48542
48543
48544
48545
48546
48547
48548
48558
48559
48560
48561
48562
48563
48564
48565
48566
48567
48568
48569
48746
48747
48748
48749
48750
48751
48752
48753
48754
48755
48756
48757
48758
48759
48760
48761
48762
48763
48764
48765
48766
48767
48768
48769
48770
48771
48772
48773
48774
48775
48776
48777
48778
48779
48780
48781
48782
48783
48784
48785
48786
48787
48788
48789
48790
48791
48792
48793
48794
48795
48796
48797
48798
48799
48800
48801
48802
48803
48804
48805
48806
48807
48808
48809
48810
48811
48812
48813
48814
48815
48816
48817
48818
48819
48820
48821
48822
48823
48824
48825
48826
48827
48828
48829
48830
48831
48832
48833
48834
48835
48836
48837
48838
48839
48840
48841
48842
48843
48844
48845
48846
48847
48848
48849
48850
48851
48852
48853
48854
48855
48856
48857
48858
48859
48860
48861
48862
48863
48864
48865
48866
48867
48868
48869
48870
48871
48872
48873
48874
48875
48876
48877
48878
48879
48880
48881
48882
48883
48884
48885
48886
48887
48888
48889
48890
48891
48892
48893
48894
48895
48896
48897
48898
48899
48900
48901
48902
48903
49182
49615
49616
49617
49618
49619
49620
49621
49626
49627
49628
49629
49630
49631
49632
49633
49634
49635
49654
49655
49656
49657
49658
49659
49660
49661
49662
49663
49664
49665
49666
49667
49668
49669
49670
49671
49672
49673
49674
49675
49676
49677
49678
49679
49680
49681
49682
49683
49684
49685
49686
49687
49688
49689
49690
49691
49692
49693
49694
49695
49696
49697
49698
49699
49700
49701
49702
49703
49704
49705
49706
49707
49708
49709
49710
49711
49712
49713
49714
49715
49716
49717
49718
49719
49720
49721
49722
49723
49724
49725
49726
49727
49728
49729
49730
49731
49732
49733
49734
49735
49736
49737
49738
49739
49740
49741
49742
49743
49744
49745
49746
49747
49748
49749
49750
49751
49752
49753
49754
49755
49756
49757
49758
49759
49760
49761
49762
49763
49764
49765
49766
49767
49768
49769
49770
49771
49772
49773
49774
49775
49776
49777
49778
49806
50227
50228
50230
50231
50233
50234
50236
50237
50239
50240
50242
50243
50245
50246
50253
50254
50255
50256
50257
50258
52531
52535
52536
52537
52539
52540
52541
52542
52543
52544
52545
52546
52548
52549
52550
52551
52552
52553
52554
52556
52557
52558
52559
52560
52561
52562
52564
52565
52566
52567
52568
52569
52570
52572
52573
52574
52575
52576
52577
52578
52580
52581
52582
52583
52584
52585
52586
52589
52590
52591
52592
52593
52594
52605
52838
52839
52840
52841
52842
52843
52844
52845
52846
52847
52848
52849
52850
52851
52852
52853
52854
52855
52856
52857
52858
52859
52860
52861
52862
52863
52864
52865
52866
52867
52868
52869
52870
52871
52872
52873
52874
52875
52876
52877
52878
52879
52880
52881
52882
52883
52884
52885
52886
52887
52888
52889
52890
52891
52892
52893
52894
52895
52896
52897
52898
52899
52900
52901
52902
52903
52904
52905
52906
52907
52908
52909
52910
52911
52912
52913
52914
52915
52916
52917
52918
52919
52920
52921
52922
52923
52924
52925
52926
52927
52928
52929
52930
52931
52932
52933
52934
52935
52936
52937
52938
52939
52940
52941
52942
52943
52944
52945
52946
52947
52948
52949
52950
52951
52952
52953
52954
52955
52956
52957
52958
52959
52960
52961
52962
52963
52964
52965
52966
55513
55514
55516
55518
55521
55522
55523
55524
55525
55526
55527
55529
55530
55532
55533
55536
55537
55538
55539
55540
55541
55543
55544
55546
55547
55550
55551
55552
55553
55554
55555
55557
55558
55560
55561
55564
55565
55566
55567
55568
55569
55571
55572
55574
55575
55578
55579
55580
55581
55582
55583
55585
55586
55588
55589
55592
55593
55594
55595
55596
55597
55599
55600
55602
55603
55606
55607
55608
55609
55610
55611
55864
55865
55866
55867
55868
55869
55870
55871
55872
55873
55874
55875
55876
55877
55878
56703
56704
56705
56706
56707
56708
56736
56737
56738
56739
56740
56741
56742
56743
56744
56745
56746
56747
56748
56749
56750
56751
56752
56753
56754
56755
56756
56757
56758
56759
56967
56968
56969
56970
56971
56972
56993
56994
56995
56996
56997
56998
56999
57000
57001
57002
57003
57004
57005
57006
57007
57008
57009
57010
57011
57012
57013
57014
57015
57016
57017
57018
57019
57020
57021
57022
57023
57024
57025
57026
57027
57028
57029
57030
57031
57032
57033
57034
57035
57036
57037
57038
57039
57040
57041
57042
57043
57044
57045
57046
57047
57377
57378
57379
57380
57381
57382
57383
57384
57385
57386
57387
57388
57389
57536
57537
57538
57539
57540
57541
57542
57543
57544
57545
57546
57547
57548
57549
57550
57551
57552
57553
57554
57555
57556
57557
57558
57559
57560
57561
57562
57563
57564
57565
57566
57567
57568
57569
57570
57571
57572
57573
57574
57575
57576
57577
57578
57579
57580
57581
57582
57583
57584
57585
57586
57587
57588
57589
57590
57591
57592
57593
57594
57595
57596
57597
57598
57599
57600
57601
57602
57603
57604
57605
57606
57607
57608
57609
57610
57611
57612
57613
57614
57615
57616
57617
57618
57619
57620
57621
57622
57623
57624
57625
57626
57627
57628
57629
57630
57631
57632
57633
57634
57635
57636
57637
57638
57639
57640
57641
57642
57643
57644
57645
57646
61478
61479
61480
61481
61482
61500
61503
61506
61507
61508
61509
61510
61511
61512
61513
61514
61515
61516
61517
61518
61519
61520
61527
61528
61530
61537
61539
61541
61542
61543
61544
61545
61546
61547
61548
61549
61550
61551
61552
61553
61554
61555
61556
61557
61558
61559
61560
61561
61562
61563
61564
61565
61566
61567
61568
61586
61587
61588
61589
61590
61591
61592
61593
61594
61595
61596
61597
61598
61599
61600
62043
62044
62045
62046
62047
62048
62049
62050
62051
62052
62053
62054
62055
62056
62057
62058
62059
62060
62061
62062
62063
62064
62065
62066
62067
62068
62069
62070
62071
62072
62073
62074
62075
62076
62077
62078
62079
62080
62081
62082
62083
62084
62085
62086
62087
62088
62089
62090
62091
62092
62093
62094
62095
62096
62097
62098
62099
62100
62101
62102
62103
62104
62105
62106
62107
62108
62109
62110
62111
62112
62113
62114
62115
62116
62117
62118
62119
62120
62121
62122
62123
62124
62125
62126
62127
62128
62129
62130
62131
62132
62133
62134
62135
62136
62137
62138
62139
62140
62141
62142
62143
62144
62145
62146
62147
62148
62149
62150
62151
62152
62153
62154
62155
62156
62157
62158
62159
62160
62161
62162
62163
62164
62165
62166
62167
62168
62169
62170
62171
62172
62173
62174
62175
62176
62177
62178
62179
62180
62181
62182
62183
62184
62185
62186
62187
62188
62189
62190
62191
62192
62193
62194
62195
62196
62197
62198
62199
62200
62201
62202
62203
62204
62205
62206
62207
62208
62209
62210
62211
62212
62213
62214
62215
62216
62217
62218
62219
62220
62221
62222
62223
62224
62225
62226
62227
62228
62229
62230
62231
62232
62233
62234
62235
62236
62237
62238
62239
62240
62241
62242
62243
62244
62245
62246
62247
62248
62249
62250
62251
62252
62253
62254
62255
62256
62257
62258
62259
62260
62261
62262
62263
62264
62265
62266
62267
62268
62269
62270
62271
62272
62273
62274
62275
62276
62277
62278
62279
62280
62281
62282
62283
62284
62285
62286
62287
62288
62289
62290
62291
62292
62293
62294
62295
62296
62297
62298
62299
62300
62301
62302
62303
62304
62305
62306
62307
62308
62309
62310
62311
62312
62313
62314
62315
62316
62317
62318
62319
62320
62321
62322
62323
62324
62325
62326
62327
62328
62329
62330
62331
62332
62333
62334
62335
62336
62337
62338
62339
62340
62341
62342
62343
62344
62345
62346
62347
62348
62349
62350
62351
62352
62353
62354
62355
62356
62357
62358
62359
62360
62361
62362
62363
62364
62365
62366
62367
62368
62369
62370
62371
62372
62373
62374
62375
62376
62377
62378
62379
62380
62381
62382
62383
62384
62385
62386
62387
62388
62389
62390
62391
62392
62393
62394
62395
62396
62397
62398
62399
62400
62401
62402
62403
62404
62405
62406
62407
62408
62409
62410
62411
62412
62413
62414
62415
62416
62417
62418
62419
62420
62421
62422
62423
62424
62425
62426
62427
62428
62429
62430
62431
62432
62433
62434
62435
62436
62437
62438
62439
62440
62441
62442
62443
62444
62445
62446
62447
62448
62449
62450
62451
62452
62453
62454
62455
62456
62457
62458
62459
62460
62461
62462
62463
62464
62465
62466
62467
62468
62469
62470
62471
62472
62473
62474
62475
62476
62477
62478
62479
62480
62481
62482
62483
62484
62485
62486
62487
62488
62489
62490
62491
62492
62493
62494
62495
62496
62497
62498
62499
62500
62501
62502
62503
62504
62505
62506
62507
62508
62509
62510
62511
62512
62513
62514
62515
62516
62517
62518
62519
62520
62521
62522
62523
62524
62525
62526
62527
62528
62529
62530
62531
62532
62533
62534
62535
62536
62537
62538
62539
62540
62541
62542
62543
62544
62545
62546
62547
62548
62549
62550
62551
62552
62553
62554
62555
62556
62557
62558
62559
62560
62561
62562
62563
62564
62565
62566
62567
62568
62569
62570
62571
62572
62573
62574
62575
62576
62577
62578
62579
62580
62581
62582
62583
62584
62585
62586
62587
62588
62589
62590
62591
62592
62593
62594
62595
62596
62597
62598
62599
62600
62601
62602
62603
62604
62605
62606
62607
62608
62609
62610
62611
62612
62613
62614
64331
64338
64339
64340
64341
64342
64360
64361
64362
64369
64370
64371
64372
64373
64374
64375
64376
64377
64378
64379
64380
64381
64382
64383
64384
64385
64386
64387
64388
64389
64390
64391
64392
64393
64394
64395
64396
64397
64398
64399
64400
64401
64454
64455
64456
64457
64458
64459
64460
64461
64462
64463
64464
64465
64466
64467
64468
64469
64470
64471
64472
64473
64474
64475
64476
64477
64478
64479
64480
64481
64482
64483
64484
64485
64486
64487
64488
64489
64490
64491
64492
64493
64494
64495
64496
64497
64498
64499
64500
64501
64502
64503
64504
64505
64506
64507
64508
64509
64510
64511
64512
64513
64514
64515
64516
64517
64518
64519
64520
64521
64522
64523
64524
64525
64526
64527
64528
64529
64530
64531
64532
64533
64534
64535
64536
64537
64538
64539
64540
64541
64542
64543
64544
64545
64546
64547
64548
64549
64550
64551
64552
64553
64554
64555
64556
64557
64558
64559
64560
64561
64562
64563
64564
64565
64566
64567
64568
64569
64570
64571
64572
64573
64574
64575
64576
64577
64578
64579
64580
64581
64582
64583
64584
64585
64586
64587
64588
64589
64590
64591
64592
64593
64594
64595
64596
64597
64598
64599
64600
64601
64602
64603
64604
64605
64606
64607
64608
64609
64610
64611
64612
64613
64614
64615
64616
64617
64618
64619
64620
64621
64622
64623
64624
64625
64626
64627
64628
64629
64630
64631
64632
64633
64634
64635
64636
64637
64638
64639
64640
64641
64642
64643
64644
64645
64646
64647
64648
64649
64650
64651
64652
64653
64654
64655
64656
64657
64658
64659
64660
64661
64662
64663
64664
64665
64666
64667
64668
64669
64670
64671
64672
64673
64674
64675
64676
64677
64678
64679
64680
64681
64682
64683
64684
64685
64686
64687
64688
64689
64690
64691
64692
64693
64694
64695
64696
64697
64698
64699
64700
64701
64702
64703
64704
64705
64706
64707
64708
64709
64710
64711
64712
64713
64714
64715
64716
64717
64718
64719
64720
64721
64722
64723
64724
64725
64726
64727
64728
64729
64730
64731
64732
64733
64734
64735
64736
64737
64738
64739
64740
64741
64742
64743
64744
64745
64746
64747
64748
64749
64750
64751
65487
65488
65490
65491
65493
65494
65496
65497
65499
65500
65502
65503
65505
65506
66037
66038
66041
66042
66045
66046
66049
66050
66053
66054
66057
66058
66061
66062
68181
68182
68183
68184
68185
68186
68190
68191
68192
68193
68194
68195
68199
68200
68201
68202
68203
68204
68208
68209
68210
68211
68212
68213
68217
68218
68219
68220
68221
68222
68226
68227
68228
68229
68230
68231
68235
68236
68237
68238
68239
68240
69845
69846
69847
69848
69849
69850
69857
69858
69859
69860
69861
69862
69869
69870
69871
69872
69873
69874
69881
69882
69883
69884
69885
69886
69893
69894
69895
69896
69897
69898
69905
69906
69907
69908
69909
69910
69917
69918
69919
69920
69921
69922
70805
70806
70807
70808
70809
70810
71346
71347
71348
71349
71350
71351
71648
71649
71650
71651
71652
71653
71654
71800
71813
71814
71815
71816
71817
71818
71819
73137
73147
73157
73167
73177
73187
73345
73346
73347
73348
73349
73350
73351
73352
73353
73354
73355
73356
73357
73358
73359
73360
73361
73362
73363
73364
73365
73366
74757
74758
74759
74760
74767
74768
74769
74770
74777
74778
74779
74780
74787
74797
74807
74927
74928
74929
74930
74931
74932
74933
74934
74935
74936
74937
74938
74939
74940
74941
74942
74943
74944
74945
74946
74947
74948
75370
75371
75398
75399
75400
75401
75402
75403
75404
75574
75575
75587
75588
75589
75590
75591
75592
75593
76140
76144
76149
76154
76159
76164
76170
76759
76760
76762
76763
76764
76765
76766
76767
76768
76769
76770
76771
76772
76774
76775
76776
77550
77551
77552
77554
77556
77557
77558
77559
77560
77562
77563
77564
77565
77566
77567
77569
77570
77571
77572
77573
77578
77579
77580
77585
77586
77587
77592
77593
77595
77600
77601
77602
80669
80670
80671
80672
80673
80674
80675
80681
80682
80683
80684
80685
80686
80687
80688
80694
80695
80696
80697
80698
80699
80700
80701
80707
80708
80709
80710
80711
80712
80713
80714
80720
80721
80722
80723
80724
80725
80726
80727
80733
80734
80735
80736
80737
80738
80739
80740
80745
80746
80747
80748
80749
80750
80751
83155
83156
83157
83158
83159
83160
83161
83172
83173
83174
83175
83176
83177
83178
83179
83190
83191
83192
83193
83194
83195
83196
83197
83208
83209
83210
83211
83212
83213
83214
83215
83226
83227
83228
83229
83230
83231
83232
83233
83244
83245
83246
83247
83248
83249
83250
83251
83261
83262
83263
83264
83265
83266
83267
85405
85406
85407
85408
85409
85410
85411
85412
85413
85414
85415
85416
85417
85418
85419
85420
85421
85422
87103
87104
87105
87106
87107
87108
87109
87110
87111
87112
87113
87114
87115
87116
87117
87118
87119
87120
87948
87950
88034
88035
88036
88037
88038
88039
88040
88041
88042
88043
88044
88045
88046
88047
88048
88049
88050
88051
88052
88053
88054
88480
88481
88484
88518
88519
88520
88521
88522
88523
88524
88525
88526
88527
88528
88529
88530
88531
88532
88533
88534
88535
88536
88537
88538
89396
89397
89398
89400
89401
89402
89404
89405
89406
89408
89409
89410
89412
89413
89414
89416
89417
89418
89420
89421
89422
89987
89988
89989
89991
89992
89993
89995
89996
89997
89999
90000
90001
90003
90004
90005
90007
90008
90009
90011
90012
90013
91832
91836
91838
91839
91840
91852
91856
91858
91859
91860
91872
91876
91878
91879
91880
91892
91896
91898
91899
91900
91912
91916
91918
91919
91920
91932
91936
91938
91939
91940
94089
94091
94092
94093
94095
94097
94098
94109
94111
94112
94113
94115
94117
94118
94129
94131
94132
94133
94135
94138
94149
94151
94152
94155
94158
94169
94171
94172
94175
94178
94189
94191
94192
94195
94198
96153
96154
96156
96157
96159
96160
96162
96163
96165
96166
96168
96169
96171
96172
98019
98020
98021
98022
98023
98024
98025
98029
98030
98031
98032
98033
98034
98035
98039
98040
98041
98042
98043
98044
98045
98049
98050
98051
98052
98053
98054
98055
98059
98060
98061
98062
98063
98064
98065
98069
98070
98071
98072
98073
98074
98075
98079
98080
98081
98082
98083
98084
100372
100373
100374
100375
100376
100377
100378
100379
100380
100389
100390
100391
100392
100393
100394
100395
100396
100397
100406
100407
100408
100409
100410
100411
100412
100413
100414
100423
100424
100425
100426
100427
100428
100429
100430
100431
100440
100441
100442
100443
100444
100445
100446
100447
100448
100457
100458
100459
100460
100461
100462
100463
100464
100465
100473
100474
100475
100476
100477
100478
100479
100480
104837
104838
104839
104840
104841
104842
104846
104847
104848
104849
104850
104851
104855
104856
104857
104858
104859
104860
104864
104865
104866
104867
104868
104869
104873
104874
104875
104876
104877
104878
104882
104883
104884
104885
104886
104887
104891
104892
104893
104894
104895
104896
108780
108781
108782
108783
108784
108785
108786
108787
108788
108789
108790
108791
108792
108800
108801
108802
108803
108804
108805
108806
108807
108808
108809
108810
108811
108812
108820
108821
108822
108823
108824
108825
108826
108827
108828
108829
108830
108831
108832
108840
108841
108842
108843
108844
108845
108846
108847
108848
108849
108850
108851
108852
108860
108861
108862
108863
108864
108865
108866
108867
108868
108869
108870
108871
108872
108880
108881
108882
108883
108884
108885
108886
108887
108888
108889
108890
108891
108892
108900
108901
108902
108903
108904
108905
108906
108907
108908
108909
108910
108911
113876
113882
113889
113892
113894
113895
113896
113897
113898
113899
113900
113901
113902
113903
113904
113905
113906
113907
113908
113909
113910
113911
113912
113919
113921
113928
113931
113933
113934
113935
113936
113937
113938
113939
113940
113941
113942
113943
113944
113945
113946
113947
113948
113949
113950
113951
113958
113960
113967
113970
113972
113973
113974
113975
113976
113977
113978
113979
113980
113981
113982
113983
113984
113985
113986
113987
113988
113989
113990
114011
114012
114013
114014
114015
114016
114017
114018
114019
114020
114021
114022
114023
114024
114025
114026
114027
114028
114029
114050
114051
114052
114053
114054
114055
114056
114057
114058
114059
114060
114061
114062
114063
114064
114065
114066
114067
114068
114089
114090
114091
114092
114093
114094
114095
114096
114097
114098
114099
114100
114101
114102
114103
114104
114105
114106
114107
114127
114128
114129
114130
114131
114132
114133
114134
114135
114136
114137
114138
114139
114140
114141
114142
114143
114144
115657
115706
116162
116163
116166
116167
116170
116171
116174
116175
116178
116179
116182
116183
116186
116187
116233
116655
116656
116658
116659
116661
116662
116664
116665
116667
116668
116670
116671
116673
116674
116711
116712
116820
116821
116830
116831
116832
116833
116834
116835
117011
117014
117015
117037
117038
117039
117040
117041
117128
117180
117181
117196
117197
117960
117961
117962
117963
117964
117965
117966
118111
118131
118160
118161
118162
118163
118295
118296
118297
118298
118299
118320
118321
118322
118323
118324
118325
118326
118327
118328
118329
118330
118331
118394
118397
118400
118401
118458
118460
118463
118584
118585
118586
118587
118588
118589
118590
118720
118721
118722
118723
118724
118725
118726
118740
118781
118792
118793
118794
118795
118796
118797
118926
118928
118944
118945
118946
118947
118948
119016
119719
119720
119721
119722
119727
119728
119729
119730
119735
119736
119737
119738
119743
119744
119745
119746
119751
119752
119753
119754
119759
119760
119761
119762
119843
119844
119845
119846
120052
120054
120062
120063
120064
120065
120066
120188
120190
120191
120207
120208
120209
120210
120211
120287
120288
120289
120290
120291
120292
120293
120294
120295
120591
120592
120593
120594
120595
120596
120597
120598
120599
120600
120601
120602
120603
120604
120605
120606
120706
120868
120869
120870
120889
120890
120891
120912
120920
121662
121667
121672
121677
121682
121687
121692
121695
121896
121898
121899
121901
122049
122050
122063
122127
123257
123258
123261
123262
123263
123264
123266
123267
123270
123271
123272
123273
123275
123276
123279
123280
123281
123282
123284
123285
123288
123289
123290
123291
123293
123294
123297
123298
123299
123300
123302
123303
123306
123307
123308
123309
123311
123312
123314
123315
123316
123432
123433
123434
123435
123436
124163
124164
124165
124166
124167
124168
124169
124170
124171
124172
124173
124174
124175
124176
124177
124178
124179
124180
124181
124182
124242
124243
124244
124245
124246
124247
124248
124249
124250
124464
124465
124466
124467
124468
124469
124470
124471
124495
124496
124497
124498
124499
124500
124501
124502
124503
124504
124505
124506
124507
124508
124509
124510
124511
124985
124986
124987
124990
124991
124998
124999
125000
125001
125002
125003
125056
125057
125058
125059
125060
125061
125062
125063
125064
125065
125066
125067
125068
125271
125272
125273
125417
125418
125419
125420
125421
125452
125453
125454
125455
127295
127296
127297
127298
127299
127300
127301
127302
127303
127304
127305
127306
127307
127308
127309
127310
127311
127312
127313
127314
127315
127316
127317
127318
127319
127320
127321
127322
127323
127324
127325
127326
127327
127328
127329
127330
127331
127332
127333
127334
127335
127336
127337
127338
127339
127340
127341
127342
127343
127344
127345
127346
127347
127348
127349
127350
127351
127352
127353
127354
127355
127356
127357
127358
127359
127360
127361
127362
127363
127364
127365
127366
127367
127368
127369
127370
127371
127372
127373
127374
127375
127376
127377
127378
127939
127940
127941
127942
127943
127944
128815
128816
128817
128818
128819
128820
128821
128822
128823
128824
128825
128826
128916
128917
128918
128919
128920
128921
128922
128923
128924
128925
128926
128927
128928
128929
128930
128931
128932
128933
128934
128935
128936
128937
128938
128939
128940
128941
128942
128943
128944
128945
128946
128947
128948
128949
128950
128951
128952
128953
128954
128955
128956
128957
128958
128959
128960
128961
128962
128963
128964
128965
128966
128967
128968
128969
128970
128971
128972
128973
128974
128975
128976
128977
128978
128979
128980
128981
128982
128983
128984
128985
128986
128987
128988
128989
128990
128991
128992
128993
128994
128995
128996
129688
129689
129690
129691
129692
129693
129694
129695
129696
129697
129698
129699
129700
129701
129702
129703
129704
129705
129706
129707
129708
129709
129710
129711
129712
129713
129714
129715
129716
129717
129718
129719
129720
129721
129722
129723
129724
129725
129726
129727
129728
129729
129730
129731
129732
129733
129734
129735
129736
129737
129738
129739
129740
129741
129742
129743
129744
129745
129746
129747
129748
129749
129750
129751
129752
129753
129754
129755
129756
129757
129758
129759
129760
129761
129762
129763
129764
129765
129766
129767
129768
129769
129770
129771
129772
129773
129774
129775
129776
129777
129778
129779
129780
129781
129782
129783
129784
129785
129786
129787
129788
129789
129790
129791
129792
129793
129794
129795
129796
129797
129798
129799
129800
129801
129802
129803
129804
129805
129806
129807
129808
129809
129810
129811
129812
129813
129814
129815
129816
129817
129818
129819
129820
129821
129822
129823
129824
129825
129826
129827
129828
129829
129830
129831
129832
129833
129834
129835
129836
129837
129838
129839
129840
129841
129842
129843
129844
129845
129846
129847
129848
129849
129850
129851
129852
129853
129854
129855
129856
129857
129858
129859
129860
129861
129862
129863
129864
129865
129866
129867
129868
129869
129870
129871
129872
129873
129874
129875
129876
129877
129878
129879
129880
129881
129882
129883
129884
129885
129886
129887
129888
129889
129890
129891
129892
129893
129894
129895
129896
129897
129898
129899
129900
129901
129902
129903
129904
129905
129906
129907
129908
129909
129910
129911
129912
129913
129914
129915
129916
129917
129918
129919
129920
129921
129922
129923
129924
129925
129926
129927
129928
132802
132803
132804
132805
132806
132807
132814
132815
132816
132817
132818
132819
132820
132821
132822
132823
132824
132825
132832
132833
132834
132835
132836
132837
132838
132839
132840
132841
132842
132843
132850
132851
132852
132853
132854
132855
132856
132857
132858
132859
132860
132861
132868
132869
132870
132871
132872
132873
132874
132875
132876
132877
132878
132879
132886
132887
132888
132889
132890
132891
132892
132893
132894
132895
132896
132897
132904
132905
132906
132907
132908
132909
132910
132911
132912
133213
133214
133215
133216
133217
133218
133219
133220
133221
133222
133223
133224
133225
133226
133227
133228
133229
133230
133231
133232
133233
133234
134173
134174
134175
134176
134177
134178
134179
134180
134181
134182
134183
134184
134185
134186
134187
134188
134189
134190
134191
134192
134193
134194
134195
134196
134197
134198
134199
134274
134275
134276
134277
134278
134279
134280
134281
134282
134283
134284
134285
136445
136446
136461
136462
136463
136464
136465
136466
136467
136468
136508
136509
136510
136511
136512
136513
136514
136515
136516
136517
136518
136519
136520
136521
136522
136523
136524
136525
136526
136527
136528
136529
136530
136531
136532
136533
136534
136535
136536
136537
136538
136539
136540
136792
136793
136794
136795
136796
136797
136798
136799
136800
136801
136802
136803
136804
136805
136806
136807
136808
136809
136810
136811
136812
136813
136814
136815
136816
136817
136818
136819
136820
136821
136822
136823
136824
136825
136826
136827
136828
136829
136830
136831
136832
136833
136834
136835
136836
136837
136838
136839
136840
136841
136842
136843
136844
136845
136846
136847
136848
136849
136850
136851
136852
136853
136854
136855
136856
136857
136858
136859
136860
136861
136862
136863
136864
136865
136866
136867
136868
136869
136870
136871
136872
136873
136874
136875
136876
136877
136878
136879
136880
136881
136882
136883
136884
136885
136886
136887
136888
136889
136890
136891
136892
136893
136894
136895
136896
136897
136898
136899
136900
136901
136902
136903
136904
136905
136906
136907
136908
136909
136910
136911
136912
136913
136914
136915
136916
136917
136918
136919
136920
136921
136922
136923
136924
136925
136926
136927
136928
136929
136930
136931
136932
136933
136934
136935
136936
136937
136938
136939
136940
136941
136942
136943
136944
136945
136946
136947
136948
136949
136950
136951
136952
136953
136954
136955
136956
136957
136958
136959
136960
136961
136962
136963
136964
136965
136966
136967
136968
136969
136970
136971
136972
136973
136974
136975
136976
136977
136978
136979
136980
136981
136982
136983
136984
136985
136986
136987
136988
136989
136990
136991
136992
136993
136994
136995
136996
136997
136998
136999
137000
137001
137002
137003
137004
137005
137006
137007
137008
137009
137010
137011
137012
137013
137014
137015
137016
137017
137018
137019
137020
137021
137022
137023
137024
137025
137026
137027
137028
137029
137030
137031
137032
137033
137034
137035
137036
137037
137038
137039
137040
137041
137042
137043
137044
137045
137046
137047
137048
137049
137050
137051
137052
137053
137054
137055
137056
137057
137058
137059
137060
137061
137062
137063
137064
137065
137066
137067
137068
137069
137070
137071
137072
137073
137074
137075
137076
137077
137078
137079
137080
137081
137082
137083
137084
137085
137086
137087
137088
137089
137090
137091
137092
137093
137094
137095
137096
137097
137098
137099
137100
137101
137102
137103
137104
137105
137106
137107
137108
137109
137110
137111
137112
137113
137114
137115
137116
137117
137118
137119
137120
137121
137122
137123
137124
137125
137126
137127
137128
137129
137130
137131
137132
137133
137134
137135
137136
137137
137138
137139
137140
137141
137142
137143
137144
137145
137146
137147
137148
137149
137150
137151
137152
137153
137154
137155
137156
137157
137158
137159
137160
137161
137162
137163
137164
137165
137166
137167
137168
137169
137170
137171
137172
137173
137174
137175
137729
137730
137731
137732
137733
137734
137735
137736
137737
137738
137739
137740
137741
137742
137743
137744
137745
137746
137747
137770
137771
137772
137773
137774
137775
137776
137777
142258
142259
142260
142261
142262
142263
142264
142265
142266
142267
142268
142269
142270
142271
142272
142273
142274
142275
142276
142277
142278
142279
142280
142281
142282
142283
142284
142285
142286
142287
142288
142289
142290
142291
142292
142293
142294
142295
142296
142297
142298
142299
142300
142301
142302
142303
142304
142305
142306
142307
142308
142309
142310
142311
142312
142313
142314
142315
142316
142317
142318
142319
142320
142321
142322
142323
142324
142325
142326
142327
142328
142329
142330
142331
142332
142333
142334
142335
142336
142337
142338
142339
142340
142341
142342
142343
142344
142345
142346
142347
142348
142349
142350
142351
142352
142353
142354
142355
142356
142357
142358
142359
142360
142361
142362
143926
143927
143928
143929
143930
143931
143932
143933
143934
143935
143936
143937
143938
143939
143940
143941
143942
143943
143944
143945
143946
143947
143948
143949
143950
143951
143952
143953
143954
143955
146286
146287
146288
146289
146290
146291
146292
146293
146294
146295
146296
146297
146313
146314
146342
146343
146344
146345
146346
146347
146348
146349
146350
146351
146352
146353
146354
146355
146356
146357
146358
146359
146360
146361
146362
146363
146364
146365
146366
146367
146368
146369
146370
146371
146372
146373
146374
146515
146516
146517
146518
146519
146520
146521
146522
146523
146524
146525
146526
146527
146528
146529
146530
146531
146532
146533
146534
146535
146536
146537
146538
146539
146540
146541
146542
146543
146544
146545
146546
146547
146548
146549
146550
146551
146552
146553
146554
146555
146556
146557
146558
146559
146560
146561
146562
146563
146564
146565
146566
146567
146568
146569
146570
146571
146572
146573
146574
146575
146576
146577
146578
146579
146580
146581
146582
146583
146584
146585
146586
146587
146588
146589
146590
146591
146592
146593
146594
146595
146596
146597
146598
146599
146600
146601
146602
146603
146604
146605
146606
146607
146608
146609
146610
146611
146612
146613
146614
146615
146616
146617
146618
146619
146620
146621
146622
146623
146624
146625
146626
146627
146628
146629
146630
146631
146632
146633
146634
146635
146636
146637
146638
146639
146640
146641
146642
146643
146644
147103
147104
147105
147106
147107
147108
147109
147110
147111
147112
147113
147114
147131
147132
147133
147134
147135
147136
147137
147138
147139
147140
147141
147142
147743
147744
147745
147746
147747
147748
147749
147750
147751
147752
147753
147754
147755
147756
147757
147758
147759
147760
147761
147762
147763
147764
147765
147766
147767
147768
147769
147770
147771
147772
147773
147774
147775
147776
147777
147778
147779
147780
147781
147782
147783
147784
147785
147786
147787
147788
147789
147790
147791
147792
147793
147794
147795
147796
147797
147798
147799
147800
147801
147802
147803
147804
147805
147806
147807
147808
147809
147810
147811
147812
147813
147814
147815
147816
147817
147818
147819
147820
147821
155355
155356
155357
155358
155359
155360
155367
155368
155369
155376
155377
155378
155379
155380
155381
155382
155383
155384
155385
155386
155387
155388
155389
155390
155391
155392
155393
155394
155395
155396
155397
155398
155399
155400
155401
155402
155403
155404
155405
155406
155407
155408
155409
155410
155411
155412
155419
155420
155421
155422
155423
155424
155431
155432
155433
155440
155441
155442
155443
155444
155445
155446
155447
155448
155449
155450
155451
155452
155453
155454
155455
155456
155457
155458
155459
155460
155461
155462
155463
155464
155465
155466
155467
155468
155469
155470
155471
155472
155473
155474
155475
155476
155477
155478
155485
155486
155487
155488
155489
155490
155497
155498
155499
155506
155507
155508
155509
155510
155511
155512
155513
155514
155515
155516
155517
155518
155519
155520
155521
155522
155523
155524
155525
155526
155527
155528
155529
155530
155531
155532
155533
155534
155535
155536
155537
155538
155539
155540
155541
155542
155543
155544
155575
155576
155577
155578
155579
155580
155581
155582
155583
155584
155585
155586
155587
155588
155589
155590
155591
155592
155593
155594
155595
155596
155597
155598
155599
155600
155601
155602
155603
155604
155605
155606
155607
155608
155609
155610
155641
155642
155643
155644
155645
155646
155647
155648
155649
155653
155654
155655
155656
155657
155658
155659
155660
155661
155665
155666
155667
155668
155669
155670
155671
155672
155673
155674
155675
155676
155707
155708
155709
155710
155711
155712
155713
155714
155715
155719
155720
155721
155722
155723
155724
155725
155726
155727
155731
155732
155733
155734
155735
155736
155737
155738
155739
155740
155741
155742
155767
155768
155769
155770
155771
155772
155773
155774
155775
155779
155780
155781
155782
155783
155784
155785
155786
155787
155791
155792
155793
155794
155795
155796
155797
155798
155799
156567
156568
156569
156570
156571
156572
156573
156574
156575
156576
156577
156578
156579
156580
156581
156582
156583
156584
156585
156586
158740
158741
158742
158743
158744
158745
158746
158747
158748
158749
158750
158751
158752
158753
158754
158755
158756
158757
158904
158905
158906
158907
158908
158909
158910
158911
158912
158913
158914
158915
158916
158917
158918
158919
158920
158921
158922
158923
158924
158925
158926
158927
158928
158929
158930
158931
158932
158933
158934
158935
158936
158937
158938
158939
158940
158941
158942
158943
158944
158945
158946
158947
158948
158949
158950
158951
158952
158953
158954
158955
158956
158957
158958
158959
158960
158961
158962
158963
158964
158965
158966
158967
158968
158969
158970
158971
158972
158973
158974
158975
158976
158977
158978
158979
158980
158981
158982
158983
158984
158985
158986
158987
158988
158989
158990
158991
158992
158993
158994
158995
158996
158997
158998
158999
159000
159001
159002
159003
159004
159005
159006
159007
159008
159009
162335
162336
162337
162338
162339
162342
162343
162344
162345
162346
162347
162348
162349
162350
162351
162352
162353
162354
162355
162356
162357
162358
162359
162360
162361
162362
162363
162364
162365
162366
162367
162368
162369
162370
162371
162372
162373
162411
162412
162413
162414
162415
162416
162417
162418
162419
162420
162421
162422
162423
162424
162425
162426
162427
162428
162701
162702
162703
162704
162705
162706
162707
162708
162709
162710
162711
162712
162713
162714
162715
162716
162717
162718
162719
162720
162721
162722
162723
162724
162725
162726
162727
162728
162729
162730
162731
162732
162733
162734
162735
162736
162737
162738
162739
162740
162741
162742
162743
162744
162745
162746
162747
162748
162749
162750
162751
162752
162753
162754
162755
162756
162757
162758
162759
162760
162761
162762
162763
162764
162765
162766
162767
162768
162769
162770
162771
162772
162773
162774
162775
162776
162777
162778
162779
162780
162781
162782
162783
162784
162785
162786
162787
162788
162789
162790
162791
162792
162793
162794
162795
162796
162797
162798
162799
162800
162801
162802
162803
162804
162805
162806
162807
162808
162809
162810
162811
162812
162813
162814
162815
162816
162817
162818
162819
162820
162821
162822
162823
162824
162825
162826
162827
162828
162829
162830
162831
162832
162833
162834
162835
162836
162837
162838
162839
162840
162841
162842
162843
162844
162845
162846
162847
162848
162849
162850
162851
162852
162853
162854
162855
162856
162857
162858
162859
162860
162861
162862
162863
162864
162865
162866
162867
162868
162869
162870
162871
162872
162873
162874
162875
162876
162877
162878
162879
162880
162881
162882
162883
162884
162885
162886
162887
162888
162889
162890
162891
162892
162893
162894
162895
162896
162897
162898
162899
162900
162901
162902
162903
162904
162905
162906
162907
162908
162909
162910
162911
162912
162913
162914
162915
162916
162917
162918
162919
162920
162921
162922
162923
162924
162925
162926
162927
162928
162929
162930
162931
162932
162933
162934
162935
162936
162937
162938
162939
162940
162941
162942
162943
162944
162945
162946
162947
162948
162949
162950
162951
162952
162953
162954
162955
162956
162957
162958
162959
162960
162961
162962
162963
162964
162965
162966
162967
162968
162969
162970
162971
162972
162973
162974
162975
162976
162977
162978
162979
162980
162981
162982
162983
162984
162985
162986
162987
162988
162989
162990
162991
162992
162993
162994
162995
162996
162997
162998
162999
163000
163001
163002
163003
163004
163005
163006
163007
163008
163009
163010
163011
163012
163013
163014
163015
163016
163017
163018
163019
163020
163021
163022
163023
163024
163025
163026
163027
163028
163029
163030
163031
163032
163033
163034
163035
163036
163037
163038
163039
163040
163041
163042
163043
163044
163045
163046
163047
163048
163049
163050
163051
163052
163053
163054
163055
163056
163057
163058
163059
163060
163061
163062
163063
163064
163065
163066
163067
163068
163069
163070
163071
163072
163073
163074
163075
163076
163077
163078
163079
163080
163081
163082
163083
163084
163085
163086
163087
163088
163089
163090
163091
163092
163093
163094
163095
163096
163097
163098
163099
163100
163101
163102
163103
163104
163105
163106
163107
163108
163109
163110
163111
163112
163113
163114
163115
163116
163117
163118
163119
163120
163121
163122
163123
163124
163125
163126
163127
163128
163129
163130
163131
163132
163133
163134
163135
163136
163137
163138
163139
163140
163141
163142
163143
163144
163145
163146
163147
163148
163149
163150
163151
163152
163153
163154
163155
163156
163157
163158
163159
163160
163161
163162
163163
163164
163165
163166
163167
163168
163169
163170
163171
163172
163173
163174
163175
163176
163177
163178
163179
163180
163181
163182
163183
163184
163185
163186
163187
163188
163189
163190
163191
163192
163193
163194
163195
163196
163197
163198
163199
163200
163201
163202
163203
163204
163205
163206
163207
163208
163209
163210
163211
163212
163213
163214
163215
163216
163217
163218
163219
163220
163221
163222
163223
163224
163225
163226
163227
163228
163229
163230
163231
163232
163233
163234
163235
163236
163237
163238
163239
163240
163241
163242
163243
163244
163245
163246
163247
163248
163249
163250
163251
163252
163253
163254
163255
163256
163257
163258
163259
163260
163261
163262
163263
163264
163265
163266
163267
163268
163269
163270
163271
163272
163273
163274
163275
163276
163277
163278
163279
163280
163281
163282
163283
163284
163285
163286
163287
163288
163289
163290
163291
163292
163293
163294
163295
163296
163297
163298
163299
163300
163301
163302
163303
163304
163305
163306
163307
163308
163309
163310
163311
163312
163313
163314
163315
163316
163317
163318
163319
163320
163321
163322
163323
163324
163325
163326
163327
163328
163329
163330
163331
163332
163333
163334
163335
163336
163337
163338
163339
163340
163341
163342
163343
163344
163345
163346
163347
163348
163349
163350
163351
163352
163353
163354
163355
163356
163357
163358
163359
163360
163361
163362
163363
163364
163365
163366
163367
163368
163369
163370
163371
163372
163373
163374
163375
163376
163377
163378
163379
163380
163381
163382
163383
163384
163385
163386
163387
163388
163389
163390
163391
163392
163393
163394
163395
163396
163397
163398
163399
163400
163401
163402
163403
163404
163405
163406
163407
163408
163409
163410
163411
163412
163413
163414
163415
163416
163417
163418
163419
163420
163421
163422
163423
163424
163425
163426
163427
163428
163429
163430
163431
163432
163433
163434
163435
163436
163437
163438
163439
163440
163441
163442
163443
163444
163445
163446
163447
163448
163449
163450
163451
163452
163453
163454
163455
163456
163457
163458
163459
163460
163461
163462
163463
163464
163465
163466
163467
163468
164870
164871
164872
164873
164874
164875
164890
164891
164892
164893
164894
164895
164899
164900
164901
164902
164903
164904
164905
164906
164907
164908
164909
164910
164911
164912
164913
164914
164915
164916
164917
164918
164919
164961
164962
164963
164964
164965
164966
164967
164968
164969
164970
164971
164972
164973
164974
164975
164976
164977
164978
164979
164980
164981
164982
164983
164984
164985
164986
164987
164988
164989
164990
164991
164992
164993
164994
164995
164996
164997
164998
164999
165000
165001
165002
165003
165004
165005
165006
165007
165008
165009
165010
165011
165012
165013
165014
165015
165016
165017
165018
165019
165020
165021
165022
165023
165024
165025
165026
165027
165028
165029
165030
165031
165032
165033
165034
165035
165036
165037
165038
165039
165040
165041
165042
165043
165044
165045
165046
165047
165048
165049
165050
165051
165052
165053
165054
165055
165056
165057
165058
165059
165060
165061
165062
165063
165064
165065
165066
165067
165068
165069
165070
165071
165072
165073
165074
165075
165076
165077
165078
165079
165080
165081
165082
165083
165084
165085
165086
165087
165088
165089
165090
165091
165092
165093
165094
165095
165096
165097
165098
165099
165100
165101
165102
165103
165104
165105
165106
165107
165108
165109
165110
165111
165112
165113
165114
165115
165116
165117
165118
165119
165120
165121
165122
165123
165124
165125
165126
165127
165128
165129
165130
165131
165132
165133
165134
165135
165136
165137
165138
165139
165140
165141
165142
165143
165144
165145
165146
165147
165148
165149
165150
165151
165152
165153
165154
165155
165156
165157
165158
165159
165160
165161
165162
165163
165164
165165
165166
165167
165168
165169
165170
165171
165172
165173
165174
165175
165176
165177
165178
165179
165180
165181
165182
165183
165184
165185
165186
165187
165188
165189
165190
165191
165192
165193
165194
165195
165196
165197
165198
165199
165200
165201
165202
165203
165204
165205
165206
165207
165208
165209
165210
165211
165212
165213
165214
165215
165216
165217
165218
165219
165220
165221
165222
165223
165224
165225
165226
165227
165228
165229
165230
165231
165232
165233
165234
165235
165236
165237
165238
165239
165240
165241
165242
165243
165244
165245
165246
165247
165248
165249
165250
165251
165252
165253
165254
165255
165256
165257
165258
165259
165260
165261
165262
165263
165264
165265
165266
165267
165268
165269
165270
165271
165272
165273
165274
165275
165276
165277
165278
165279
165280
165281
165282
165283
165284
165285
165286
165287
165288
165289
165290
165291
165292
165293
165294
165295
165296
165297
165298
165299
165300
165301
165302
165303
165304
165305
165306
165307
165308
165309
165310
165311
165312
165313
165314
165315
165316
165317
165318
165319
165320
165321
165322
165323
165324
165325
165326
165327
165328
165329
165330
165331
165332
165333
165334
165335
165336
165337
165338
165339
165340
165341
165342
165343
165344
165345
165346
165347
165348
165349
165350
165351
165352
165353
165354
165355
165356
165357
165358
165359
165360
165361
165362
165363
165364
165365
165366
165367
165368
165369
165370
165371
165372
165373
165374
165375
165376
165377
165378
165379
165380
165381
165382
165383
165384
165385
165386
165387
165388
165389
165390
165391
165392
165393
165394
165395
165396
165397
165398
165399
165400
165401
165402
165403
165404
165405
165406
165407
165408
165409
165410
165411
165412
165413
165414
165415
165416
165417
165418
165419
165420
165421
165422
165423
171882
171883
171884
171885
171886
171887
171888
171889
171890
171891
171892
171893
171894
171895
171896
171897
171898
171899
171912
171913
171914
171915
171916
171917
171918
171919
171920
171921
171922
171923
171924
171925
171926
171927
171928
171929
171930
171931
171932
171933
171934
171935
171948
171949
171950
171951
171952
171953
171954
171955
171956
171957
171958
171959
171960
171961
171962
171963
171964
171965
171966
171967
171968
171969
171970
171971
171984
171985
171986
171987
171988
171989
171990
171991
171992
171993
171994
171995
171996
171997
171998
171999
172000
172001
172002
172003
172004
172005
172006
172007
172020
172021
172022
172023
172024
172025
172026
172027
172028
172029
172030
172031
172032
172033
172034
172035
172036
172037
172038
172039
172040
172041
172042
172043
172056
172057
172058
172059
172060
172061
172062
172063
172064
172065
172066
172067
172068
172069
172070
172071
172072
172073
172074
172075
172076
172077
172078
172079
172089
172090
172091
172092
172093
172094
172095
172096
172097
172098
172099
172100
172101
172102
172103
172104
172105
172106
172107
172108
172109
179493
179494
179495
179499
179500
179501
179502
179503
179504
179505
179506
179507
179508
179509
179510
179511
179512
179513
179514
179515
179516
179523
179524
179525
179529
179530
179531
179532
179533
179534
179535
179536
179537
179538
179539
179540
179541
179542
179543
179544
179545
179546
179553
179554
179555
179559
179560
179561
179562
179563
179564
179565
179566
179567
179568
179569
179570
179571
179572
179573
179574
179575
179576
179589
179590
179591
179592
179593
179594
179595
179596
179597
179598
179599
179600
179601
179602
179603
179604
179605
179606
179619
179620
179621
179622
179623
179624
179628
179629
179630
179631
179632
179633
179634
179635
179636
179649
179650
179651
179652
179653
179654
179658
179659
179660
179661
179662
179663
179664
179665
179666
179679
179680
179681
179682
179683
179684
179688
179689
179690
179691
179692
179693
179694
179695
179696
181073
181074
181075
181076
181077
181078
181079
181080
181081
181082
181083
181084
181085
181086
181087
181088
181089
181090
181091
181092
181093
181584
181585
181586
181587
181588
181589
181590
181591
181592
181593
181594
181595
181596
181597
181598
181599
181600
181601
181602
181603
181604
181605
181606
181607
181608
181609
181610
181611
181612
181613
181614
181615
181616
181617
181618
181619
181620
181621
181622
181623
181624
181625
183051
183052
183053
183054
183055
183056
183060
183061
183062
183063
183064
183065
183066
183067
183068
183072
183073
183074
183075
183076
183077
183078
183079
183080
183084
183085
183086
183087
183088
183089
183090
183091
183092
183096
183097
183098
183099
183100
183101
183102
183103
183104
183108
183109
183110
183111
183112
183113
183114
183115
183116
183120
183121
183122
183123
183124
183125
183919
183920
183921
183922
183923
183924
183925
183926
183927
183928
183929
183930
183931
183932
184015
184016
184017
184018
184019
184020
184021
184022
184023
184024
184025
184026
184027
184028
184029
184030
184031
184032
184033
184034
184035
184036
184037
184038
184039
184040
184041
184042
184043
184044
184045
184046
184047
184048
184049
184050
184051
184052
184053
184054
184055
184056
184057
184058
184059
184060
184061
184062
184063
184064
184065
184066
184067
184068
184069
184070
184071
184072
184073
184074
184795
184796
184797
184798
184901
184902
184903
184904
184905
184906
184907
184908
184909
184910
184911
184912
184913
184914
184915
184916
184917
184918
184919
184920
184921
184922
184923
184924
184925
184926
184927
184928
184929
184930
184931
184932
184933
184934
184935
184936
184937
184938
184939
184940
184941
184942
184943
184944
184945
184946
184947
184948
184949
184950
184951
184952
184953
184954
184955
184956
184957
184958
184959
184960
184961
184962
184963
184964
184965
184966
184967
184968
184969
184970
184971
184972
184973
184974
184975
184976
184977
184978
184979
184980
184981
184982
184983
184984
184985
184986
184987
184988
184989
184990
184991
184992
184993
184994
184995
184996
184997
184998
184999
185000
185001
185002
185003
185004
185005
185006
185007
185008
185009
185010
185011
185012
185013
185014
185015
185016
185017
185018
185019
185020
185021
185022
185023
185024
185025
185026
185027
185028
185029
185030
185031
185032
185033
185034
185035
185036
185037
185038
185039
185040
185041
185042
185043
185044
185045
185046
185047
185048
185049
185050
185051
185052
185053
185054
185055
185056
185057
185058
185059
185060
185061
185062
185063
185064
185065
185066
185067
185068
185069
185070
185071
185072
185073
185074
185075
185076
185077
185078
185079
185080
185081
185082
185083
185084
185085
185086
185087
185088
185089
185090
185091
185092
185093
185094
185095
185096
185097
185098
185099
185100
185101
185102
185103
185104
185105
185106
185107
185108
185109
185110
185111
185112
185113
185114
185115
185116
185117
185118
185119
185120
185121
186911
186912
186913
186914
186915
186916
186917
186918
186919
186920
186921
186922
186923
186924
186925
186926
186927
186928
186929
186930
186931
186932
186933
186934
186935
186936
186937
186938
186939
186940
186941
186942
186943
186944
186945
186946
186947
186948
186949
186950
186951
186952
186953
186954
186955
186956
186957
186958
186959
186960
186961
186962
186963
186964
186965
186966
186967
186968
186969
186970
186971
186972
186973
187817
187818
187895
187896
187897
187898
187899
187900
187901
187902
187903
187904
187905
187906
187907
187908
187909
187910
187911
187912
187913
187914
187915
187916
187917
187918
187919
187920
187921
187922
187923
187924
187925
187926
187927
187928
187929
187930
187931
187932
187933
187934
187935
187936
187937
187938
187939
187940
187941
187942
187943
187944
187945
187946
187947
187948
187949
187950
187951
187952
187953
187954
187955
187956
187957
187958
187959
187960
187961
187962
187963
187964
187965
187966
187967
187968
187969
187970
187971
187972
187973
187974
187975
187976
187977
187978
187979
187980
187981
187982
187983
187984
187985
188019
188020
188021
188022
188023
188024
188025
188026
188027
188028
188029
188030
188031
188032
188033
188034
188035
188036
188037
188038
188039
188040
188041
188042
188043
188044
188045
188046
188047
188048
188049
188050
188051
188052
188053
188054
188055
188056
188057
188058
188059
188060
188061
188062
188063
188064
188065
188066
188067
188068
188069
188070
188071
188072
188073
188074
188075
188076
188077
188078
188079
188080
188081
188082
188083
188084
188085
188086
188087
188088
188089
188090
188091
188092
188093
188094
188095
188096
188097
188098
188099
188100
188101
188102
188103
188307
188308
188309
188310
188311
188312
188313
188314
188315
188316
188317
188318
188331
188332
188333
188334
188335
188336
188337
188338
188339
188340
188341
188342
188343
188344
188345
188346
188347
188348
188349
188350
188351
188352
188353
188354
188355
188356
188357
188358
188359
188360
188361
188362
188363
188364
188365
188366
188367
188368
188369
188370
188371
188372
188373
188374
188375
188376
188377
188378
188379
188380
188381
188382
188383
188384
188385
188386
188387
188388
188389
188390
188391
188392
188393
188394
188395
188396
188397
188398
188399
188400
188401
188402
188403
188404
188405
188406
188407
188408
188409
188410
188411
188412
188413
188414
188415
188416
188417
188418
188419
188420
188421
188422
188423
188424
188425
188426
188427
188428
188429
188430
188431
188432
188433
188434
188435
188436
188437
188438
188439
188440
188441
188442
188443
188444
188445
188446
188447
188448
188449
188450
188451
188452
188453
188454
188455
188456
188457
188458
188459
188460
188461
188462
188463
188464
188465
188466
188467
188468
188469
188470
188471
188472
188473
188474
188475
188476
188477
188478
188479
188480
188481
188482
188483
188484
188485
188486
188487
188488
188489
188490
188491
188492
188493
188494
188495
188496
188497
188498
188499
188500
188501
188502
188503
188504
188505
188506
188507
188508
188509
188510
188511
188512
188513
188514
188515
188516
188517
188518
188519
188520
188521
188522
188523
188524
188525
188526
188527
188528
188529
188530
188531
188532
188533
188534
188535
188536
188537
188538
188539
188540
188541
188542
188543
188544
188545
188546
188547
188548
188549
188550
188551
188552
188553
188554
188555
188556
188557
188558
188559
188560
188561
188562
188563
188564
188565
188566
188567
188568
188569
188570
188571
188572
188573
188574
188575
188576
188577
188578
188579
188580
188581
188582
188583
188584
188585
188586
188587
188588
188589
188590
188591
188592
188593
188594
188595
188596
188597
188598
188599
188600
188601
188602
188603
188604
188605
188606
188607
188608
188609
188610
188611
188612
188613
188614
188615
188616
188617
188618
188619
188620
188621
188622
188623
188624
188625
188626
188627
188628
188629
188630
188631
188632
188633
188634
188635
188636
188637
188638
188639
188640
188641
188642
188643
188644
188645
188646
188647
188648
188649
188650
188651
188652
188653
188654
188655
188656
188657
188658
188659
188660
188661
188662
188663
188664
188665
188666
188667
188668
188669
188670
188671
188672
188673
188674
188675
188676
188677
188678
188679
188680
188681
188682
188683
188827
188828
188829
188839
188840
188841
188842
188843
188844
188845
188846
188847
188848
188849
188850
188851
188852
188853
188854
188855
188856
188857
188858
188859
188860
188861
188862
188863
188864
188865
188866
188867
188868
188869
188870
188871
188872
188873
188874
188875
188876
188877
188878
188879
188880
188881
188882
188883
188884
188885
188886
188887
188888
188889
188890
188891
188892
188893
188894
188895
188896
188897
188898
188899
188900
188901
188902
188903
188904
188905
188906
188907
188908
188909
188910
188911
188912
188913
188914
188915
188916
188917
188918
188919
188920
188921
188922
188923
188924
188925
188926
188927
188928
188929
188930
188931
188932
188933
188934
188935
188936
188937
188938
188939
188940
188941
188942
188943
188944
188945
188946
188947
188948
188949
188950
188951
188952
188953
188954
188955
188956
188957
188958
188959
188960
188961
188962
188963
188964
188965
188966
188967
188968
188969
188970
188971
188972
188973
188974
188975
188976
188977
188978
188979
188980
188981
188982
188983
188984
188985
188986
188987
188988
188989
188990
188991
188992
188993
188994
188995
188996
188997
188998
188999
189000
189001
189002
189003
189004
189005
189006
189007
189008
189009
189010
189011
189012
189013
189014
189015
189016
189017
189018
189019
189020
189021
189022
189023
189024
189025
189026
189027
189028
189029
189030
189031
189032
189033
189034
189035
189036
189037
189038
189039
189040
189041
189042
189043
189044
189045
189046
189047
189048
189049
189050
189051
189052
189053
189054
189055
189056
189057
189058
189059
189060
189061
189062
189063
189064
189065
189066
189067
189068
189069
189070
189071
189072
189073
189074
189075
189076
189077
189078
189079
189080
189081
189082
189083
189084
189085
189086
189087
189088
189089
189090
189091
189092
189093
189094
189095
189096
189097
189098
189099
189100
189101
189102
189103
189104
189105
189106
189107
189108
189109
189110
189111
189112
189113
189114
189115
189116
189117
189118
189119
189120
189121
189122
189123
189124
189125
189126
189127
189128
189129
189130
189131
189132
193514
193515
193516
193517
193518
193519
193520
193521
193522
193523
193524
193525
193526
193527
193528
193529
193530
193531
193532
193533
193534
193535
193536
193537
193538
193539
193555
193556
193557
193558
193559
193560
193561
193562
193563
193564
193565
193566
193567
193568
193569
193570
193571
193572
193573
193574
193575
193576
193577
193578
193579
193580
193581
193597
193598
193599
193600
193601
193602
193603
193604
193605
193606
193607
193608
193609
193610
193611
193612
193613
193614
193615
193616
193617
193618
193619
193620
193621
193622
193623
193639
193640
193641
193642
193643
193644
193645
193646
193647
193648
193649
193650
193651
193652
193653
193654
193655
193656
193657
193658
193659
193660
193661
193662
193663
193664
193665
193681
193682
193683
193684
193685
193686
193687
193688
193689
193690
193691
193692
193693
193694
193695
193696
193697
193698
193699
193700
193701
193702
193703
193704
193705
193706
193707
193723
193724
193725
193726
193727
193728
193729
193730
193731
193732
193733
193734
193735
193736
193737
193738
193739
193740
193741
193742
193743
193744
193745
193746
193747
193748
193749
193765
193766
193767
193768
193769
193770
193771
193772
193773
193774
193775
193776
193777
193778
193779
193780
193781
193782
193783
193784
193785
193786
193787
193788
195402
195403
195561
195562
195563
195610
195611
195612
195613
195614
195615
195616
195617
195618
195619
195620
195621
195622
195623
195624
195625
195626
195627
195628
195629
195630
195631
195632
195633
195634
195635
195636
195637
195638
195639
195640
195641
195642
195643
195644
195645
195646
195647
195648
195649
195993
195994
195995
195996
195997
195998
195999
196000
196001
196002
196003
196004
196005
196006
196007
196008
196009
196010
196011
196012
196013
196014
196015
196016
196017
196018
196019
196020
196021
196022
196023
196024
196025
196026
196027
196028
196029
196030
196031
196032
196033
196034
196035
196036
196037
196038
196039
196040
196041
196042
196043
196044
196045
196046
196047
196048
196049
196050
196051
196052
196053
196054
196055
196056
196057
196058
196059
196060
196061
196062
196063
196064
196065
196066
196067
196068
196069
196070
196071
196072
196073
196074
196075
196076
196077
196078
196079
196080
196081
196082
196083
196084
196085
196086
196087
196088
196089
196090
196091
196092
196093
196094
196095
196096
196097
196098
196099
196100
196101
196188
196189
196190
196191
196192
196193
196194
196195
196196
196197
196198
196199
196200
196201
196202
196203
196204
196205
196206
196207
196208
196209
196210
196211
196212
196213
196214
196215
196216
196217
196218
196219
196220
196221
196222
196223
196224
196225
196226
196227
196228
196229
196230
196231
196232
196233
196234
196235
196236
196237
196238
196239
196240
196241
196242
196243
196244
196245
196246
196247
196248
196249
196250
196251
196252
196253
196254
196255
196256
196257
196258
196867
196868
196869
196870
196871
196872
196873
196874
196875
196876
196877
196878
196910
196911
196912
196913
196914
196915
196916
196917
196918
196919
196920
196921
196922
196923
196924
196925
196926
196927
196928
196929
196930
196931
196932
196933
196934
196935
196936
196937
196938
196939
196940
196941
196942
196943
196944
196945
196946
196947
196948
196949
196950
196951
196952
196953
196954
196955
196956
196957
196958
196959
196960
196961
196962
196963
196964
196965
196966
196967
196968
196969
196970
196971
196972
196973
196974
196975
196976
196977
196978
196979
196980
196981
196982
196983
196984
196985
196986
196987
196988
196989
196990
196991
196992
196993
196994
196995
196996
196997
196998
196999
197000
197001
197002
197003
197004
197005
197006
197007
197008
197009
197010
197011
197012
197013
197014
197015
197016
197017
197018
197019
197020
197021
197022
197023
197024
197025
197026
197027
197028
197029
197030
197031
197032
197033
197034
197035
197036
197037
197038
197039
197040
197041
197042
197043
197044
197045
197046
197047
197048
197049
197050
197051
197052
197053
197054
197055
197056
197057
197058
197059
197060
197061
197062
197063
197064
197065
197066
197067
197068
197069
197070
197071
197072
197073
197074
197075
197076
197077
197078
197079
197080
197081
197082
197083
197084
197085
197086
197087
197088
197089
197090
197091
197092
197093
197094
197095
197096
197097
197098
197099
197100
197101
197102
197103
197104
197105
197106
197107
197108
197109
197110
197111
197112
197113
197114
197115
197116
197117
197118
197119
197120
197121
197122
197123
197124
197125
197126
197127
197128
197129
197130
197131
197132
197133
197134
197135
197136
197137
197138
197139
197140
197141
197142
197143
197144
197145
197146
197147
197148
197149
197150
197151
197152
197153
197154
197155
197156
197157
197158
197159
197160
197161
197162
197163
197164
197165
197166
197167
197168
197169
197170
197171
197172
197173
197174
197175
197176
197177
197178
197179
197180
197181
197182
197183
197184
197185
197186
197187
197188
197189
197190
197191
197192
197193
197194
197195
197196
197197
197198
197199
197200
197201
197202
197203
197204
197205
197206
197207
197208
197209
197210
197211
197212
197213
197214
197215
197216
197217
197218
197219
197220
197221
197222
197223
197224
197225
197226
197227
197228
197229
197230
197231
197232
197233
197234
197235
197236
197237
197238
197239
197240
197241
197242
197243
197244
197245
197246
197247
197248
197249
197250
197251
197252
197253
197254
197255
197256
197453
197454
197455
197456
197457
197458
197459
197460
197461
197462
197463
197467
197468
197469
197470
197471
197472
197473
197474
197475
197476
197477
197478
197479
197480
197481
197482
197483
197484
197485
197486
197487
197488
197489
197490
197491
197492
197493
197494
197495
197496
197497
197498
197499
197500
197501
197502
197503
197504
197505
197506
197507
197508
197509
197510
197511
197512
197513
197514
197515
197516
197517
197518
197519
197520
197521
197522
197523
197524
197525
197526
197527
197528
197529
197530
197531
197532
197533
197534
197535
197536
197537
197538
197539
197540
197541
197542
197543
197544
197545
197546
197547
197548
197549
197550
197551
197552
197553
197554
197555
197556
197557
197558
197559
197560
197561
197562
197563
197564
197565
197566
197567
197568
197569
197570
197571
197572
197573
197574
197575
197576
197577
197578
197579
197580
197581
197582
197583
197584
197585
197586
197587
197588
197589
197590
197591
197592
197593
197594
197595
197596
197597
197598
197599
197600
197601
197602
197603
197604
197605
197606
197607
197608
197609
197610
197611
197612
197613
197614
197615
197616
197617
197618
197619
197620
197621
197622
197623
197624
197625
197626
197627
197628
197629
197630
197631
197632
197633
197634
197635
197636
197637
197638
197639
197640
197641
197642
197643
197644
197645
197646
197647
197648
197649
197650
197651
197652
197653
197654
197655
197656
197657
197658
197659
197660
197661
197662
197663
197664
197665
197666
197667
197668
197669
197670
197671
197672
197673
197674
197675
197676
197677
197678
197679
197680
197681
197682
197683
197684
197685
197686
197687
197688
202100
202101
202102
202103
202104
202105
202106
202107
202108
202109
202110
202111
202112
202113
202114
202115
202116
202117
202127
202128
202129
202130
202131
202132
202133
202134
202135
202136
202137
202138
202139
202140
202141
202142
202143
202144
202145
202146
202147
202157
202158
202159
202160
202161
202162
202163
202164
202165
202166
202167
202168
202169
202170
202171
202172
202173
202174
202175
202176
202177
202187
202188
202189
202190
202191
202192
202193
202194
202195
202196
202197
202198
202199
202200
202201
202202
202203
202204
202205
202206
202207
202217
202218
202219
202220
202221
202222
202223
202224
202225
202226
202227
202228
202229
202230
202231
202232
202233
202234
202235
202236
202237
202247
202248
202249
202250
202251
202252
202253
202254
202255
202256
202257
202258
202259
202260
202261
202262
202263
202264
202265
202266
202267
202277
202278
202279
202280
202281
202282
202283
202284
202285
202286
202287
202288
202289
202290
202291
202292
202293
202294
206669
206670
206671
206672
206673
206674
206675
206676
206677
206678
206679
206680
206681
206682
206683
206693
206694
206695
206696
206697
206698
206699
206700
206701
206702
206703
206704
206705
206706
206707
206717
206718
206719
206720
206721
206722
206723
206724
206725
206726
206727
206728
206729
206730
206731
206741
206742
206743
206744
206745
206746
206747
206748
206749
206750
206751
206752
206753
206754
206755
206765
206766
206767
206768
206769
206770
206771
206772
206773
206774
206775
206776
206777
206778
206779
206789
206790
206791
206792
206793
206794
206795
206796
206797
206798
206799
206800
206801
206802
206803
206813
206814
206815
206816
206817
206818
206819
206820
206821
206822
206823
206824
206825
206826
206827
)


// ************************************************************************* //
