/*--------------------------------*- C++ -*----------------------------------*\
| =========                 |                                                 |
| \\      /  F ield         | OpenFOAM: The Open Source CFD Toolbox           |
|  \\    /   O peration     | Version:  2312                                  |
|   \\  /    A nd           | Website:  www.openfoam.com                      |
|    \\/     M anipulation  |                                                 |
\*---------------------------------------------------------------------------*/
FoamFile
{
    version     2.0;
    format      ascii;
    arch        "LSB;label=32;scalar=64";
    class       volScalarField;
    location    "1.8";
    object      p;
}
// * * * * * * * * * * * * * * * * * * * * * * * * * * * * * * * * * * * * * //

dimensions      [0 2 -2 0 0 0 0];

internalField   nonuniform List<scalar> 
2958
(
3417
2329.39
7246.8
-19959.9
1464.93
7356.64
11297.5
2736.48
2561.29
1180.46
4723.22
7034.61
1940
7027.15
3155.72
4715.12
1889.15
2028.64
7028.71
1827.57
7092.1
1875.29
7103.03
7128.78
1961.91
2800.4
2184.34
867.531
1688.97
4303.46
2990.51
1452.12
6882.37
2380.62
7182.22
-6399.66
7028.24
7145.85
-27.1897
3092.9
49420.2
-7442.85
12655.3
3812.62
7036.13
4319.2
5018.8
1786.16
-8979.39
3979.04
3910.42
2009.02
2547.04
4410.4
3812.28
-2844.18
3279.58
1851.49
3388.76
53436.5
1222.56
2205.22
12280
4245.24
7030.03
7026.77
4410.12
2124.38
4273.58
174.307
1782.02
7035.74
2238.99
3348.34
7025.24
5426.07
1062.93
12450.6
7014.59
3909.32
2056.35
872.682
1018.62
305.318
2350.13
3330.53
1688.9
3252.82
2265.59
6896.85
8798.12
2335.33
5482.26
7029.29
2287.52
3466.42
-2235.84
-17906.7
7025.41
7032.09
-20198.4
3381.63
4924.07
2331.32
6895.56
3775.74
7037.86
-10671.3
7023.76
4644.77
-58064.1
3803.74
7018.99
1871.28
7026.91
7028.39
3459.31
3651.47
2244.67
3509.48
-1355.01
7035.37
5355.55
2044.27
-1168.47
1963.45
-1213.66
2210.2
3446.6
7032.24
7023.02
7065.56
3553.45
7021.38
7029.08
7023.17
2043.92
2039.98
7027.19
7026.48
1117.12
2202.88
7088.03
7025.61
3446.94
1586.67
7023.66
7034.02
2373.65
7034.87
1883.8
-2610.09
2062.89
6206.98
2349.13
7026.72
7371.79
3185.95
12079.1
7589.68
1912.91
803.673
2730.22
7032.55
5760
-774.697
7036.98
7025.33
1762.54
5015.99
2415.01
7037.63
6900.09
2054.68
7009.59
8716.56
739.089
2238.2
12109.1
4319.98
5524.94
2129.09
2388.83
-88948.5
2232.1
2218.87
2247.8
7023.48
1863.01
-13759.6
1856.31
2279.94
3252.95
979.945
2205.57
1656.91
2354.65
2258.04
4068.56
2300.12
1193.12
7019.63
3349.44
2213.32
-3100.32
-43559.3
5358.92
-42359.1
1958.71
-11352.6
7027.83
6912.57
7024.54
2319.81
7027.02
1794.79
4274.71
7026.91
7028.59
7026.13
7045.14
2114.71
11661.8
2178.81
-166039
4165.94
650.295
7029.36
2533.67
1777.83
2288.56
1334.48
2396.41
1479.44
1659.67
7047.4
7024.51
3377.18
7023.36
34918.6
7028.71
33874
-10454.9
919.902
2635.09
3216.86
12322
1878.86
4290.82
3550.92
376.12
1907.7
3470.23
3746.42
-19025.3
1986.17
3623.8
2376.27
3437.57
1830.45
3829.86
7140.85
1471.03
61055.1
5073.71
4912.63
1671.18
3388.61
8924.23
7020.82
7028.75
2015.51
3528
7042.64
2311
3385.32
7026.65
1366.98
7022.06
2203.35
7027.86
7046.57
5100.65
3128.87
1804.26
7030.11
6090.56
-40440.9
-64767.5
4439.39
7139.31
1777.83
7027.4
7034.22
2703.71
3399.87
7026.53
3933.1
7027.17
3340.79
3833.35
1406.63
2370.25
1763.58
1248.26
2232.03
-22158
7133.07
3686.78
3961.93
7025.8
3991.37
4028.4
7026.37
2229.37
-164912
1150.05
11446
2324.47
3198.13
1367.76
1835.97
3087.63
2192.7
5709.48
7012.99
3766.71
7056.06
-61059.2
-23036.6
1756.83
3935.2
7038.55
7027
4245.19
7027.22
95276
8758.65
96724
7026.17
3255.33
2444.73
1387.01
1494.88
7022.01
2255.18
7021.78
1740.13
62.7054
846.671
10954.4
4665.32
2178.9
-3015.4
2048.09
3626.5
7025.38
3002.05
2732.06
3733.19
-23172.8
3208.13
-7670.91
5407.78
2645.53
2919.91
11295.7
-40597.4
-15417.7
1406.34
3884.56
1475.09
7026.33
-9852.28
3767.46
2356.2
3901.03
2272.53
1376.3
1806.17
1163.54
5673.93
7023.96
3031.7
1833.55
7015.4
3250.89
2099.29
7068.81
7022.75
1127.6
7026.81
6640.02
1850.21
4831.95
191246
-22903.7
7027.39
7031.88
1127.44
2959.33
3670.36
1898.12
-18792.5
4005.73
3489.35
2275.66
3257.06
3422.46
110.039
2586.89
2052.52
4506.52
2301.89
2310.45
1084.21
1420.75
-2303.09
3757.02
3757.41
7035.76
-10120.1
1274.49
-13761.6
1484.62
7197.2
2240.87
1671.81
3514.64
2383.86
1362.88
1856.97
2188.62
3210.65
2861.26
1602.86
1310.36
1867.85
1548
7022.93
1530.1
2274.26
3723.08
-1247
3268.9
6779.22
7055.46
2244.22
7006.75
1709.92
7011.41
1421.11
8053.6
2213.71
2005.29
568.251
7027.35
3466.12
1056.89
7027.37
2192.47
-19711.4
730.414
3930.96
3588.28
11506.4
1844.49
5918.19
3655.52
4078.48
4068.8
7034.28
3828.94
4402.83
3618.37
1819.55
5552.95
1534.22
4215.87
4391.92
2012.78
2543.66
7029.39
5499.02
2347.14
3571.93
2791.61
5438.22
1967.16
3512.38
2563.83
2264.64
-12856.7
3349.3
1803.62
4740.14
3295.59
7027.9
7029.54
7035.46
1737.95
7026.49
7029.39
813.902
1125.33
7027.92
-21446.4
2078.12
-4099.1
-673.245
7027.14
7028.12
3436.99
7026.82
3924.01
3912.82
1939.98
5082.81
2013.54
309.182
6104.36
1875.84
2657.31
2566.06
4076.57
4339.29
2234.27
7145.95
4390.47
-5156.64
4381.71
6925.29
2358.17
7030.68
5610.9
11401.3
1820.06
2195.84
1888.84
4396.42
3437.47
4019.84
7033.67
4968.29
7042.16
5656.48
4518.59
7097.39
7027.29
2217.53
7023.01
7028.12
2288.15
2491.22
9144.5
2871.44
3435.56
3534.85
3899.86
3746.77
3354.95
2247.07
4217.85
3769.93
3666.6
3868.68
7030.48
3607.86
36640.7
3819.52
2368.06
3555.2
7025.54
7021.23
6923.9
2269.12
7027.55
5121.14
7025.59
2666.47
2193.16
2230.14
5354.33
2259.41
1614.83
7131.8
7013.48
7029.16
2195.68
3820
7029.28
7029.46
3154.9
382.329
7188.36
225.074
1990
1011.28
3954.12
9692.94
7037.72
3211.54
7002.49
650.495
2575.41
3341.75
6514.24
-13.2505
7306.45
7025.55
4322.45
4050.62
7028.15
7027.61
5319.99
1576.69
12841.8
2287.86
7036.57
-32901.6
3252.16
-16631.9
3420.21
1228.75
3008.67
7023.78
1345.81
3268.8
4031.2
7025.68
-1122.96
7025.04
1731.65
7026.23
2594.02
4045.28
6895.9
3887.22
-96.8723
14580.5
7041.64
2736.57
5064.04
6896.21
3936.82
6380.93
2444.06
7062.79
4130.87
7027.69
7027.94
-1409.97
-783.478
1733.07
2743.05
1824.14
2265.69
7331.57
-2224.82
2190.53
1459.52
7364.73
7013.01
6964.69
9764.2
7023.72
1583.25
7006.35
3453.17
5060.67
1406.02
1838.73
-1422.41
-68783.3
3061.36
2036.4
3628.43
-28838.9
7060.18
7029.08
1523.44
3097.43
7029.81
2239.36
7023.39
1937.72
2049.1
3887.9
2193.91
2329.54
8911.28
2126.49
1780.9
1175.5
3389.93
7070.66
2198.05
2336.79
3485.24
7035.04
7025.96
1360.97
4057.22
-7267.38
2461.44
4890.97
588.909
-34681.6
2062.63
1534.69
1236.23
1941.49
1925.47
3681.35
132.872
1459.71
747.085
3589.95
5806.41
1522.96
5083.07
7056.14
1857.38
3398.39
7028.4
2054.6
7020.66
-137385
11935
7015.34
1.2425
-57934.1
-6662.76
2219.51
6740.59
1196.66
2806.25
2628.38
7089.43
11719.8
3358.56
-8655.16
-122782
2945.53
3575.97
7070.24
-3246.95
12460
2210.92
-5063.7
-18325.1
5524.24
7035.46
-43992
-30947
-30953.3
3775.88
2526.85
5226.17
6520.03
7027.95
7027.33
7028.09
-2780.48
1891.73
7026.92
3449.89
7027.53
-3042.76
7048.31
6946.6
2222.83
-42569.9
1031.99
7025.53
7029.67
1342.54
1815.9
7032.8
7027.27
2211.92
7027.55
-19582.9
1775
6918.81
2303.64
3314.07
7028.22
2301.04
3480.82
3421.33
-1149.46
3682.87
2394.4
4314.3
1662.11
7068.83
4111.3
3312.07
2270.72
2571.23
7009.87
1379.21
-10989.9
3370.22
1336.14
2206.82
6127.99
2289.8
3594.47
1109.88
10592
2239.16
7028.94
5615.32
-351.627
1325.61
3288.03
30904.7
-32773.7
1918.55
4731.2
2131.57
5822.8
4012.44
2114.22
4967.49
1161.48
2066.45
2276.98
1937.95
3331.55
3572.99
-58710.8
3486.6
2298.72
155.953
7026.98
6857
4610.15
-1156.83
2950.1
7028.79
7110.07
7038.55
4597.65
3008.47
3203.95
3185.33
3065.84
3681.33
2177.86
667.476
2600.42
2313.67
1196.35
1835.35
7021.95
1729.98
1104.93
1661.8
1827.59
11800.5
4045.49
-11506.7
3176.71
2564.54
10549.1
6958.28
5438.42
1015.93
7032.01
2331.61
-74159.2
-22405.8
9029.43
1430.26
7027.37
7102.5
4111.12
7028.12
7028.24
7028.31
2885.56
3561.88
3989.83
1913.27
12282.5
4059.49
2004.46
-65867
3722.27
1749.64
7027.59
2088.91
707.727
3987.87
1899.55
1968.14
1359.74
2561.72
-122240
7027.21
10360.1
1673.66
1805.9
1810.53
2258.91
1363.37
7041.05
2022.09
2080.35
4299.58
2114.66
1455.02
2255.3
2022.81
6113.18
2178.91
4729.3
2539.8
2312.32
5628.89
3662.37
4798.49
2046.91
2182.66
5043.02
2395.97
2300.62
2207.38
1216.4
2238.74
7868.26
4186.02
2377.09
3670.47
1872.81
4557.67
2134.84
3061.34
1672.74
7028.1
3567.65
9817.1
1375.21
1287.77
1592.33
1235.46
2207.71
789.389
2229.57
2696.14
-51023.2
1619.53
2222.64
2566.13
5472.94
11745.9
7030.34
7020.53
1357.22
1865.41
3775.15
7030.46
1838.21
787.567
2201.1
3588.17
961.842
2436.33
3184.56
-29350.2
7028.51
2963.57
7026.33
3044.01
-31866.8
2316.34
2043.79
6947.74
2010.94
7034.05
8928.27
-4549.83
1360.84
4208.66
3320.35
1957.66
2008.55
2131.8
3088.63
3596.94
4073.9
1357.12
3562.8
1867.11
817.991
1779
2372.96
2064.52
2440.75
3056.89
3248.19
1761.25
-334.875
3493.63
3528.75
6636.36
7091.98
-22916.6
1575.11
7016.24
-61214.1
1469.75
3473.66
7026.48
2102.68
3372.69
6736.57
3869.91
1271.54
-62400.7
728.393
1797.39
6646.14
3886.95
3162.71
2460.58
-16996.1
7028.64
3199.73
6711.42
3545.34
7026.3
7026.5
2618.26
7031.67
7026.09
6776.58
3999.14
5432.96
7023.73
7020.33
1276.28
7022.39
3625.18
3010.04
-1107.21
7027.54
4173.74
3889.34
8430.3
2020.46
7335.63
-6322.36
7026.71
4106.12
7020.24
7024.8
7027.75
119.458
3460.75
7069.82
3206.22
1872.33
2262.26
3456.69
3999.2
1557.43
7021.82
2634.28
7006.9
-76828.7
-41087.1
7020
10965.6
1596.74
-9272.18
2210.44
1753.97
3185.34
8929.57
1266.32
-1118.39
7043.36
4790.39
2347.89
2487.2
2604.4
1963.77
2445.07
5384.65
-4406.91
785.701
7034.81
-22825.3
1788.23
-1032.67
3070.29
2545.63
3841.4
1950.26
7018.4
1857.08
-1049.15
1794.47
7022.84
1822.76
7034.31
7028.15
7031.67
7026.61
2320.16
2263.25
3382.65
1041.58
1815.54
1388.79
1832.32
1855.96
2239.7
2463.1
2966.5
4317.9
5774.77
4374.48
2125.94
2119.05
1327.92
7027
8273.06
-945.671
2219.89
2468.29
-7207.46
408.578
3798.23
7027.7
7034.71
2366.09
7109.5
3749.69
1590.61
3151.62
584.357
1294.9
3294.97
1854.73
22546.6
7006.13
721.405
3515.29
-3055.58
458.031
6543.6
3025.88
294.85
3657.76
7022.68
3029
-2002.16
1723.48
1784.8
3576.3
3868.32
4091.57
3929.84
5075.09
1781.56
7026.03
3602.28
5125.71
1234.47
7021.74
7005.52
3941
3739.55
2088.55
3369.14
-7326.45
4154.23
7031.18
905.393
8211.42
7044.3
487.42
7032.32
3322.01
2276.01
7031.39
1003.28
228726
2255.78
3573.32
2170.7
7036.55
3844.88
7017.55
4031.39
507.621
-60598.2
4200.83
7086.61
2580.43
3100.78
-67972.5
7026.23
8777.08
5578.44
3173.39
7097.22
1956.41
1770.05
3451.61
2140.44
4397.51
6144.42
3949.68
2125.33
7020.38
1706.29
4104.65
1937.89
3342.13
3985.7
1131.99
2018.93
7057.14
4235.86
6697.51
7026.99
3780.54
7092.23
675.347
7003.91
1918.61
2263.34
-6773.51
1936.9
3153.37
7043.25
2219.55
4062.98
4315.63
710.257
1866.44
3456.14
2134.63
7023.69
7026.56
11213.2
11876.2
7026.2
7137.76
2129.77
3211.37
2522.62
1827.87
1201.65
10049.8
10129.5
3887.77
2529.66
2010.1
3543.37
2563.57
2127.92
4501.02
1290.27
2213.4
2313.78
4083.88
5102.06
11342.2
2258.36
1772.56
-1898.27
329.954
12974.9
3099.6
-63179.2
2057.82
5444.75
2048.84
3110.74
-6332.36
2077.65
2813.96
6939.96
1874.93
3463.47
7028.17
4109.06
3223.08
3261.36
3888.04
-143.422
3460.09
291.21
1825.98
4107.42
3318.01
1553.49
3789.76
1634.78
6798.41
1004.03
1652.01
7020.42
2100.33
22973.9
7019.92
3936.71
3057.22
2336.52
1859.24
837.569
3174.34
2253.77
7001.82
2755.18
4287.43
1501.58
-135213
3814.71
4810.2
4399.2
7472.26
2259.02
7040.46
194753
7035.24
1011.29
7032.55
192712
7030.08
3400.86
4120.39
6730.31
7027.67
2247.82
7026.23
7053.59
1051.75
7026.78
6575.52
7131.74
3532.32
7029.24
1686.02
-17406.7
3792.01
7022.43
3748.06
3712.31
216548
7032.47
2265.98
7040.11
314.362
7026.3
303.589
215857
7025.34
-47976.5
-19975.2
3083.5
1397.71
3640.98
1168.66
3744.56
7008.38
958.904
7027.31
7147.02
2097.73
3754.88
7037.18
1251.34
6891.84
1747
3374.28
2289.5
1678.88
3274.23
-89526.1
1747.51
3622.76
1835.96
7020.91
7028.28
2352.44
2242.92
-805.868
2207.23
3507.63
7021.42
7035.36
2215.29
2204.19
2505.72
1428.73
2617.94
2318.16
1794.49
7341.96
7028.19
7027.86
14643.8
2970.49
3660.95
5386.07
5514.62
1721.41
1642.17
2144.11
1591.18
3904.65
7027.79
3631.7
4121.53
3722.67
1782.43
4150.89
7023.95
3720.05
9.71618
2881.68
7022.15
2976.06
2896.82
2966.29
7022.05
2431.72
2310.55
7025.51
7035.66
7026.22
7027.84
7026.63
7028.24
1886.82
2889.27
2862.77
1071.28
792.913
8547.61
1770.36
3821.31
7022.48
7044.07
1851.14
5471.71
7026.78
4184.06
1458.35
7015.7
1191.33
-1100.77
1429.87
2587.74
1737.67
12584.1
1846.8
8050.57
3565.36
2261.07
2263.26
7027.78
6894.54
2031.37
4779.01
7035.19
11069.2
-2978.75
3455.95
7030.71
2428.77
5788.29
2272.67
1863.49
2176.91
3366.73
7030.06
3715.11
1309.27
3029.33
2295.38
2212.18
2361.28
7025.89
2514.26
1309.72
3834.11
-1938.32
3871.51
3064.01
3933.74
2081.84
3701.04
4135.09
1661.28
1909.95
2046.27
3519.18
1512.15
4081.72
4007.03
5486.39
7127.37
7027.8
1850.57
1793.5
1816.84
3877.53
3048.8
1877.51
2232.68
1556.2
7003.6
8915.8
3743.71
11938.7
2215.95
3807.68
7028.34
595.832
4842.11
5406.25
8983.24
1812.75
7027.58
2247.2
3052.15
3541.03
3774.69
1754.49
7034.74
3653.52
1809.87
2906.24
16842.4
3256.51
7030.57
3393.62
7035.95
1861.37
1593.44
2169.74
4064.32
3760.52
3656.02
7026.96
517.277
2251.37
-4459.68
2634.13
-76275
2697.89
5592.1
3580.68
437.025
1907.26
2132.72
3396.67
2362.56
2913.7
7027.61
7014.64
4032.72
2697.53
2274.81
7047.76
2281.04
2124.73
1981.01
2328.05
4758.49
3531.36
2299.15
3577.11
7027
7026.45
7027.58
6916.92
3384.32
7027.44
7023.71
2871.52
-17787
7027.87
-82045
1742.11
7018.41
4045.36
-5748.83
1967.04
-157636
1807.71
-4737.61
2246.97
6810.9
4033.47
95805.1
4138.44
1384.2
7041.16
-41.848
3632.7
3695.24
3254.45
3440.89
7027.67
6941.41
2702.11
7036.52
7024.14
21348.6
2097.5
7028.13
3674.84
7032.64
3433.64
521.615
7021.56
3441.98
2387.48
7129.74
1524.15
-594.72
2485.57
2306.17
1862.78
1795.69
3712.7
5082.2
3670.56
571.14
7025.01
1874.18
7020.83
6143.17
2090.01
4542.84
4035.25
6894.76
11026.2
1688.27
2620.38
7028.24
7029.07
7029.47
7041.91
7041.5
7039.81
7426.58
6181.01
14056.6
40224.4
21020.7
21210.6
2322.26
2597.89
2376.22
1979.38
2547.48
2428.47
2539.08
2292.81
1044.56
1043.65
1582.97
2038.76
3030.81
647.272
-7904.36
-8532.72
-6827.78
-3682.67
-623.614
-6899.42
-3704.34
3456.06
-744.024
-12835.9
-22178.7
2349.76
6707.57
2365.62
6936.44
1701.67
2271
6930.42
6643.11
6978.55
6686.53
7000.17
7036.63
7045.08
7026.85
7028.04
7020.21
7026.63
7027.67
7028.07
7023.69
7027.93
7016.46
7014.46
7024.71
7002.09
7149.76
6719.5
7113.29
7150.91
6705.97
7072.24
7070.14
-126663
-141297
-6998.5
-24919.3
-92701.5
-81815.5
264.839
1967.47
2807.15
2138.24
1685.58
2654.49
2293.75
2150.77
2159.34
2143
4874.13
347.256
531.336
5015.94
4149.1
3681.28
3578.99
3636.77
3733.29
3775.59
3663.76
3653.42
3380.83
3514.33
3408.76
3337.94
3194.16
3293.01
3598.52
2460.95
2525.85
2747.57
2519.77
1741.21
2997.26
4137.64
2577
2086.29
2929.45
2513.78
2179.34
2421.16
1960.23
1828.4
1823.38
1359.17
1432.79
1702.81
800.471
1202.05
1123.63
9741.6
10304.3
10328.3
11255.6
8925.77
5364.01
5297.32
2537.91
2534.94
2829.76
2175.03
2192.02
2165.99
2186.25
2211.35
1854.79
3046.15
3060.72
3049.25
2551.92
3397.95
3299.27
9896.39
10520.5
6996.88
6563.11
5770.28
3594.64
3920.33
3348.99
3079.71
3092.51
2220.2
2148.25
1168.91
1791.62
1507.15
1599.25
1651.64
1687.79
1833.9
1776.76
1831.44
1811.5
1704.46
1732.9
2220.34
2184.26
2157.33
2321.29
2011.07
6650.32
7911.29
7885.9
6676.17
6707.55
8124.69
8356.6
8297.28
8216.05
10071.1
8239.85
8086.83
217.211
1709.22
1931.91
5245.68
5102.26
4568.93
5278.96
-22556.4
-23115.6
-40682.8
-23198.9
-22898.5
-39775.2
-22735.2
-25543.6
24809.2
-25105.6
16105.5
9024.74
5949.45
48993
40547.3
40047.7
390.24
15953.6
15601.8
2872.12
2740.45
2752.93
10749.2
14469.2
12350.1
11697.1
12232.6
11378.8
11741.1
12152.8
11064.7
11382.8
12733.6
3285.9
4279
1403.84
2354.93
2964.94
2641.99
3016.95
3230.31
3183.96
3183.2
3355.07
3450.45
3336.06
3442.84
3322.09
3294.72
3321.45
3834.24
3783.23
3773.24
3345.32
2390.05
6780.68
6797.32
6944.26
6988.08
7034.71
7037.58
7057.16
7062.44
7037.1
7025.37
7035.18
7011.52
7012.76
7020.1
6999.82
6953.41
7029.05
7001.25
6947.16
6993
6994.75
7039.45
6998.23
7013.66
7024.46
7010.26
7047.77
7052.43
7011.48
7026.82
7024.65
7027.27
7021.98
7020.79
7020.7
1643.5
7027.03
7026.21
7028.53
7028.72
7023.73
7026.2
7027.5
7022.33
7026.8
6994.47
7148.39
6685.96
7155.71
7064.43
7065.05
6875.41
7036.94
3139.06
3780.26
3684.16
3460
3396.17
3819.13
1693.99
1324.85
12194.6
-9348.55
10717.6
5454.57
2853.53
2202.77
2546.28
3069.33
3065.27
10581.4
9884.92
3316.71
1999.94
1846.35
1688.82
1645.01
2559.46
2095.9
6733.88
2333.95
6822.35
6829.15
8118.82
2438.86
849.013
2977.83
1989.75
6663.11
2060.33
-22811
-23225.5
-23322.1
-25709.5
14915.1
14931.7
9376.81
12650.1
3585.08
9738
11095.4
11590
11437
11985.1
11970
2359.66
3078.22
3462.01
3336.53
3186.28
3280.81
3223.82
2572.13
3330.13
3741.14
3667.2
3791.65
6776.07
7061.29
7034.3
6987.19
6998.07
7034.12
6996.8
6948.57
7042.75
7005.32
7003.13
7001.39
7020.54
7033.25
7026.98
7022.63
7021.72
7026.63
7023.09
7022.19
7027.54
7024
7025.51
7025.81
7032.5
7032.47
7030.74
7031
7030.73
7029.99
7030.39
7028.24
7022.63
7025.99
7027.59
7026.49
7027.81
7026.01
7027.88
7026.81
7028.84
7028.97
7029.79
7029.25
7027.06
7027.92
7026.15
7027.67
7026.42
7030.19
7026.29
7055.12
7049.23
7043.98
7027.26
7017.94
7127
2452.01
2236.32
676.784
2018.58
1889.04
-20682.4
-8581.88
-9855.72
-16018.4
-73463.3
-55700.4
-67435
-7497.16
-76433.3
4451.03
5039.66
4541.76
3823.65
3811.6
3940.86
4144.78
3429.29
3840.81
3392.21
3450.12
3627.36
3466.19
3181.6
3308.13
3087.22
3247.69
3174.73
3050.82
3027.72
2973.83
3083.66
3126.19
2725.07
2810.49
2605
2637.26
3534.89
2887.87
3004.74
2673.38
2769.56
2967.35
2430.35
2311.4
2134.2
2055.71
2027.92
2064.46
1940.88
1946.5
1851.88
1487.26
1973.13
2156.82
989.07
4504.74
2979.99
3767.47
3370.73
3389.27
2186.57
2087.58
2049.38
2088.61
2244.81
2146.63
2266.58
2266.64
2254.3
2275.79
2441.54
2564.28
2598.15
2460.11
2539.28
4014.05
5114.21
-1959.28
-456.505
-2593.97
1533.74
-1295.38
-489.596
343.257
4016.5
1015.08
328.067
825.523
1210.75
928.044
1252.87
1351.61
1477.21
1385.64
1515.19
1735.11
1800.6
1808.86
1804.43
1807.79
1818.34
1889.42
2005.78
1890.81
2039.57
2220.73
2258.63
8922.6
2247.76
2192.06
2255.09
2171.17
2165.99
1758.84
2094.89
1954.02
1501.64
6819.95
6761.22
6840.69
6894.69
1701.08
2187.55
1429.03
1869.62
1830.17
866.829
1928.92
1220.48
1720.68
1922.75
1845.93
2733.42
2433.63
2288.4
2138.33
8930.26
2778.49
-24133.8
-40293.2
3437.57
-29948.3
15934.9
-1686.69
5669.15
3417.94
13593.6
7030.96
2143.32
448.465
-6640.37
-8019.63
-1574.24
2727.57
2099.27
2959
4568.2
3634.63
4645.66
5392.89
5468.79
5552.89
5610.56
5445.64
5219.61
5532.61
5461.39
5296.85
5793.8
5146.04
5461.19
5138.4
4247.48
4478.64
3858.74
4537
4309.38
4076.46
3963.6
4099.12
4206.04
4095.22
4016.09
3967.15
4038.41
3679.64
3858.09
3427.64
3959.83
4058.4
3890.54
6820.94
7061.84
6810.26
6951.6
6946
6942.26
6960.84
6948.22
6963.49
7003.92
7015.58
7034.21
7019.2
3425.06
7034.22
7050.09
7021.82
7025.35
7026.71
7026.47
7024.92
2242.04
7025.95
7027.09
7027.18
7026.38
7028.73
7028.61
7021
7028.07
7026.2
7029.39
7026.73
7025.27
-11364.3
2197.22
2227.09
1020.07
982.111
1449.7
7027.04
7027.35
7026.34
7026.95
7031.35
7027.85
7026.97
7027.17
7027.57
7027.8
7027.85
7027.66
7028.09
7028.11
7028.72
7028.89
7028.19
7029.18
7027.36
-2471.95
7026.72
7025.86
7026.26
7021.07
7041.94
7041.12
7039.72
7027.49
7202.77
6121.72
338.296
2815.21
2580.37
2453.26
2121.12
1363.99
2178.11
1963
657.656
-7359.31
-17036.8
1610.14
2027.15
5468.13
2227.05
1446.33
4501.01
5021.09
4503.28
4000.17
3722.49
3680.29
3592.34
3623.39
4149.73
3714.16
4179.77
3490.19
3553.72
3671.18
3679.49
3614.75
3703.34
3828.22
3702.55
3683.7
3681.01
3711.02
3653.17
3442.83
3817.92
3680.97
3800.82
3323.63
3736.24
3816.4
3747.32
4020.5
3716.56
3453.28
2771.06
3337.46
3830.47
3565.91
1450.95
2794.22
3277.29
3323.53
3263.92
3302.43
3298.63
3221.57
3322.5
3560.34
1506.13
1120.67
2520.21
1149.2
1776.02
1822.06
2659.66
3314.46
2513.1
2118.09
2195.94
2264.88
2193.71
2199.97
2202.7
2245.66
2192.12
2160.22
2235.02
2250.56
2254.65
2265.48
2248.13
2280.64
2285.96
2289.05
2434.78
2602.8
2290.27
2315.58
2405.18
2554.43
2129.49
4020.73
2585.95
3893.8
11874.8
7464.31
1878.4
1651.31
1706.93
1865.97
3691.63
1610.71
1754.42
2058.93
1731.17
1444.6
1387.07
1666.38
1267.34
1256.08
1474.9
1483.59
1349.95
1158.32
2226.96
2178.76
2210.88
1571.05
1845.1
1795.04
1748.02
1886.05
1888.87
1853.1
1946.54
1849.71
2077.55
1962.26
1967.36
1922.88
2043.95
2168.1
2113.93
2133.35
2292.55
2284.24
2264.22
2246.97
2321.81
2312.63
2328.61
1813.93
2145.74
2098.67
1859.69
1100.43
1787.31
1913.55
1881.13
1772.17
1888.96
1991.34
2099.74
1705.16
1379.79
1220.43
1323.75
1625.17
431.57
1045
-1071.6
-427.425
-174.042
-3319.91
-6875.92
-6874.67
-4667.63
4698.49
-8384.5
436.074
-817.994
-658.845
-466.575
1072.31
2002.66
922.38
1820.74
653.808
945.196
1461.84
867.681
1915.87
6023.26
3880.89
3005.75
3905.81
5762.7
5537.94
4451.49
4449.47
5593.69
4447.33
4393.9
4474.11
4362.77
4154.27
4458.81
5555.82
4445.79
4316.98
4735.62
4255.6
4349.81
4275.43
4317.56
3644.47
3930.04
1310.43
4329.22
4672.4
4202.92
4193.03
4042.83
4063.77
4159.32
4148.61
4057.6
4164.47
3996.32
3969.04
3864.32
3902.57
3856.15
4015.23
3912.77
3951.23
3833.87
3677.2
4094.27
4084.54
7026.2
6461.91
7034.5
7050.98
6951.69
7031.55
6947.34
7042.57
7013.82
7010.4
7021.49
7024.16
7026.19
7021.79
7024.59
7026.95
7029.78
7029.09
7028.6
7029.53
7025.02
7029.48
7027.08
7028.93
7026.12
7028.71
7028.24
7025.79
7028.54
7020.78
7029
7027.26
7026.02
7029.76
830.906
1356.41
2166.59
2299.03
2234.23
2198.4
2237.27
2347.14
2227.33
1588.23
1824.42
2326.6
1927.06
1900.16
-804.617
2653.13
681.055
1319.54
7028.43
7028.02
7028.04
7028.52
7038.83
7014.38
7036.48
7025.68
2504.82
2518.2
2223.16
2478.84
3222.28
7027.95
7029.08
7027.93
7028.7
7030.28
7028.91
7027.48
7028.8
7028.83
7029.13
7027.73
7027.38
7028.98
7029.01
7026.47
7027.41
7040.58
1467.54
841.043
2106.52
899.263
927.942
1258.5
879.23
-75.2867
3671.07
1734.39
2662.12
3843.45
3650.88
3548.57
3666.05
3596.87
3749.41
3910.51
3752.57
4203.54
4175.48
3714.79
3857.44
3943.45
3674.71
4447.4
4378.79
4827.28
4050.02
4186.58
3873.58
4694.65
3365.36
4393.02
4490.29
3048.61
3673.39
2579.77
7027.57
7028.25
2250.21
2136.77
2546.86
2259.9
1693.67
1806.28
2114.56
2142.77
2097.93
2077.93
2078.15
2153.81
2252.94
2148.63
2257.69
2329.81
2285.64
2286.57
2287.24
2334.5
2326.7
2296.49
1657.66
1732.51
2787.63
2313.63
1363.4
1828.14
1917.43
1702.83
1851.08
1797.62
1858.57
2049.89
1777.1
1501.51
969.458
864.822
2090.8
2126.87
2139.81
2161.62
2336.8
2355.71
2299.59
834.748
1590.62
275.509
1816.7
831.585
-8096.6
-105.622
1302.46
7029.55
7012.87
7028.31
7030.4
7027.16
7027.81
7029.22
7027.57
7027.26
7028.58
7028.81
7027.2
7027.85
7028.77
7027.97
2841.78
1611.89
796.283
1285.67
991.957
7028.33
1259.3
-7957.64
7035.34
1111.02
1705.31
1869.99
7029.18
7027.8
2546.25
2402.72
2223.84
2468.76
2771.41
1687.48
1667.13
1623.51
4283.47
-9216.43
3665.7
3907.77
4031.73
6952.25
6970.15
7002.28
7023.63
7025.65
7022.67
-5028.49
833.945
7028.17
7026.41
7042.53
3327.48
3665.97
7028.34
1824.87
1891.16
2272.84
2257.56
2312.59
1879.79
2783.62
-4137.32
-133.54
2216.32
1963.48
2197.39
2058.87
2027.88
1825.63
1989.26
2333.49
4176.31
4122.42
3824.52
7028.45
7016.35
7018.14
7026.91
7026.92
1683.72
1296.2
7029.17
1620.58
4362.61
4430.84
7028.05
4062.03
627.892
2405.2
2339.93
7026.81
7027.4
1468.26
7039.16
7038.93
10277.7
2693.25
995.575
7027.65
-3170
34.7486
-15100.2
7027.47
6944.07
2344.39
6721.43
6842.26
2416.11
7029.58
3751.43
7030.6
1602.21
2852.96
8829.32
9643.93
1566.83
7991.58
8038.56
7744.21
402.196
29191.5
12378.8
4010.74
2630.42
4090.46
4170.96
3285.6
3471.35
3290.67
3830.47
6965.76
4540.37
7037.21
7036.98
7052.25
7031.04
4394.47
7004.17
4396.04
7021.97
7040.65
7035.38
7009.7
7021.58
7035.05
7027.83
6836.78
-919.687
5.02885
3993.73
3759.09
7002.62
6953.46
7020.32
636.305
7025.29
6998.52
6877.65
3653.58
2410.54
2381.77
2263.92
2496.74
2474.01
1963.8
1867.56
2067.41
2887.49
-1610.57
5226.5
3847.59
4043.25
6810.14
6957.85
7011.59
7050.29
7025.5
1254.92
7027.87
7024.15
954.296
7027.48
1001.71
7028.39
7026.94
3934.2
1506.66
3759.47
3603.19
3390.02
2467.72
1564.05
2785.16
2089.17
2485.14
3638.37
7027.65
7028.06
7027.77
7026.81
7975.3
8224.87
8026.42
7781.19
)
;

boundaryField
{
    Wall
    {
        type            zeroGradient;
    }
    Inlet
    {
        type            zeroGradient;
    }
    Outlet
    {
        type            fixedValue;
        value           uniform 0;
    }
    Empty
    {
        type            empty;
    }
}


// ************************************************************************* //
