/*--------------------------------*- C++ -*----------------------------------*\
| =========                 |                                                 |
| \\      /  F ield         | OpenFOAM: The Open Source CFD Toolbox           |
|  \\    /   O peration     | Version:  2312                                  |
|   \\  /    A nd           | Website:  www.openfoam.com                      |
|    \\/     M anipulation  |                                                 |
\*---------------------------------------------------------------------------*/
FoamFile
{
    version     2.0;
    format      ascii;
    arch        "LSB;label=32;scalar=64";
    class       volScalarField;
    location    "6.5";
    object      p;
}
// * * * * * * * * * * * * * * * * * * * * * * * * * * * * * * * * * * * * * //

dimensions      [0 2 -2 0 0 0 0];

internalField   nonuniform List<scalar> 
2958
(
-8.60221e+06
-7.28473e+06
-5.36859e+06
-8.62534e+06
-7.81647e+06
-5.38638e+06
-8.61799e+06
-8.97344e+06
-7.32911e+06
-9.21465e+06
-8.68428e+06
-8.61805e+06
-9.08621e+06
-8.61813e+06
-8.95151e+06
-8.603e+06
-7.15985e+06
-9.03147e+06
-8.61795e+06
-8.60545e+06
-8.61904e+06
-7.17582e+06
-8.62041e+06
-8.15555e+06
-9.06591e+06
-8.57887e+06
-5.50466e+06
-1.18464e+07
-8.59585e+06
-8.60941e+06
-8.57354e+06
-1.38823e+07
-8.61945e+06
-1.4337e+07
-8.88562e+06
-8.87792e+06
-8.61814e+06
-8.61925e+06
-8.60506e+06
-8.85773e+06
-7.20848e+06
-8.80417e+06
-8.61641e+06
-8.54188e+06
-8.61811e+06
-6.88527e+06
-8.69242e+06
-9.5902e+06
-8.61497e+06
-8.64035e+06
-8.60273e+06
-8.16349e+06
-9.41602e+06
-8.73565e+06
-8.60512e+06
-9.07618e+06
-9.68657e+06
-9.30426e+06
-8.61734e+06
-4.12118e+06
-8.60552e+06
-8.60554e+06
-8.60347e+06
-8.6207e+06
-8.61821e+06
-8.61791e+06
-8.74004e+06
-8.13129e+06
-8.5973e+06
-8.61142e+06
-7.18572e+06
-8.61805e+06
1.45192e+06
-8.6084e+06
-8.61879e+06
-8.65456e+06
-8.60571e+06
-8.59568e+06
-8.62064e+06
-8.60054e+06
-9.0695e+06
-7.15963e+06
-1.26784e+07
-1.27972e+07
-8.60508e+06
-8.79089e+06
-7.20771e+06
-8.7916e+06
-7.84329e+06
-8.61757e+06
-8.82677e+06
-7.44039e+06
-8.67984e+06
-8.61791e+06
-7.96477e+06
-9.13596e+06
-8.60733e+06
-8.62739e+06
-8.61817e+06
-8.61811e+06
-8.62305e+06
-8.61364e+06
-9.21297e+06
-7.32266e+06
-8.62058e+06
-8.60609e+06
-8.61805e+06
-8.61453e+06
-8.61762e+06
-9.15695e+06
-8.66525e+06
-8.60152e+06
-8.61927e+06
-9.21626e+06
-8.61802e+06
-8.61785e+06
-8.82037e+06
-8.60202e+06
-7.26439e+06
-8.60708e+06
-8.6083e+06
-8.61806e+06
-8.69298e+06
-8.47813e+06
-8.60863e+06
-8.6056e+06
-8.61064e+06
-6.72058e+06
-8.60223e+06
-8.61782e+06
-8.61847e+06
-8.61785e+06
-8.60172e+06
-8.61779e+06
-8.61836e+06
-8.61801e+06
-9.31219e+06
-8.60357e+06
-8.61804e+06
-8.61815e+06
-8.60391e+06
-4.68447e+06
-8.61874e+06
-8.61854e+06
-8.60262e+06
-7.49363e+06
-8.61859e+06
-8.6181e+06
-7.1483e+06
-8.61811e+06
-8.60518e+06
-8.60787e+06
-9.38622e+06
-8.61696e+06
-8.86803e+06
-8.61772e+06
-8.61924e+06
-8.6013e+06
-8.49351e+06
-9.23397e+06
-8.88417e+06
-9.44514e+06
-8.7173e+06
-8.61812e+06
-6.53451e+06
-8.61196e+06
-8.60438e+06
-8.61783e+06
-9.19865e+06
-5.18666e+06
-1.17819e+07
-8.61805e+06
-8.61917e+06
-6.98574e+06
-8.61926e+06
-4.62852e+06
-6.7403e+06
-6.65916e+06
-8.5995e+06
-8.59724e+06
-8.64556e+06
-6.81639e+06
-8.98474e+06
-8.69178e+06
-7.48475e+06
-7.24453e+06
-7.35806e+06
-8.61764e+06
-7.1783e+06
-8.61734e+06
-7.14717e+06
-8.45338e+06
-5.53254e+06
-9.28894e+06
-7.73329e+06
-8.5959e+06
-7.24157e+06
-1.08436e+07
-8.58613e+06
-9.10784e+06
-9.35258e+06
-8.61777e+06
-8.60202e+06
-6.6846e+06
-9.03821e+06
-9.11689e+06
-8.62265e+06
-9.14275e+06
-7.20663e+06
-8.61722e+06
-8.61812e+06
-8.61761e+06
-8.61807e+06
-6.99428e+06
-8.6174e+06
-7.21621e+06
-8.62953e+06
-8.61817e+06
-8.61831e+06
-8.61809e+06
-8.61906e+06
-6.82822e+06
-8.50077e+06
-7.25099e+06
-8.7712e+06
-8.60177e+06
-1.19315e+07
-8.61839e+06
-6.89067e+06
-4.62308e+06
-6.42696e+06
-1.17225e+07
-7.09629e+06
-7.29982e+06
-8.59606e+06
-8.61921e+06
-8.6174e+06
-8.60647e+06
-8.61749e+06
-8.57484e+06
-8.61825e+06
-8.57564e+06
-8.61903e+06
-1.19628e+07
-8.57964e+06
-8.40426e+06
-2.98149e+06
-9.1824e+06
-8.73092e+06
-8.63226e+06
-9.35077e+06
-9.17877e+06
-8.74292e+06
5.84387e+06
-8.62452e+06
-7.99249e+06
-8.61713e+06
-7.18956e+06
-8.65458e+06
-7.18479e+06
-8.6026e+06
-8.61912e+06
-7.03488e+06
-3.67122e+06
-8.61647e+06
-8.77798e+06
-8.99145e+06
-8.62252e+06
-8.60717e+06
-8.61397e+06
-8.61811e+06
-7.22974e+06
-8.62011e+06
-8.61806e+06
-6.97528e+06
-8.62086e+06
-8.61867e+06
-1.83345e+07
-8.61764e+06
-6.72766e+06
-8.61807e+06
-8.61707e+06
-8.61624e+06
-8.88037e+06
-5.89558e+06
-8.61812e+06
-8.61722e+06
-8.6481e+06
-8.67222e+06
-8.6427e+06
-8.10803e+06
-7.00127e+06
-8.61801e+06
-8.6181e+06
-1.00696e+07
-3.04299e+06
-8.61814e+06
-8.60219e+06
-8.61815e+06
-9.52376e+06
-9.21698e+06
-7.63783e+06
-7.20956e+06
-7.22157e+06
-8.60482e+06
-8.70772e+06
-8.63325e+06
-8.61904e+06
-8.73529e+06
-8.60319e+06
-8.61839e+06
-8.60379e+06
-8.60032e+06
-8.61839e+06
-6.7077e+06
-8.76998e+06
-8.33406e+06
-8.54532e+06
-7.13006e+06
-8.61874e+06
-1.81689e+07
-7.27533e+06
-8.68352e+06
-8.58257e+06
-5.12255e+06
-8.614e+06
-8.60115e+06
-8.61836e+06
-8.6642e+06
-7.70323e+06
-7.26695e+06
-9.53741e+06
-8.61805e+06
-8.61803e+06
-5.21492e+06
-8.61804e+06
-8.48189e+06
-7.53994e+06
-8.47976e+06
-8.61843e+06
-8.78628e+06
-7.29061e+06
-6.18703e+06
-7.81996e+06
-8.61762e+06
-6.46368e+06
-8.61746e+06
-9.2247e+06
-8.60277e+06
-8.60473e+06
-8.71708e+06
-9.16884e+06
-1.31903e+07
-8.60725e+06
-7.39956e+06
-8.63415e+06
-8.618e+06
-8.66755e+06
-4.52664e+06
-8.56877e+06
-7.697e+06
-8.60324e+06
-8.61373e+06
-8.56347e+06
-8.78278e+06
-1.17276e+07
-8.55262e+06
-8.6479e+06
-8.62116e+06
-2.43518e+07
-8.7922e+06
-8.91769e+06
-8.61807e+06
-8.61648e+06
-8.6401e+06
256960
-8.60467e+06
-9.34679e+06
-6.39924e+06
-7.27585e+06
-8.60544e+06
-8.70377e+06
-8.61873e+06
-8.67416e+06
-7.1591e+06
-8.61777e+06
-8.62431e+06
-1.1318e+07
-8.6151e+06
-8.61832e+06
-9.12491e+06
-8.61777e+06
-8.61787e+06
-7.20503e+06
-8.60092e+06
-8.41252e+06
-7.71063e+06
-8.61807e+06
-8.61775e+06
4.93609e+06
-8.60922e+06
-8.61701e+06
-7.20621e+06
-8.62215e+06
-8.6031e+06
-8.60216e+06
-7.85972e+06
-8.7863e+06
-8.60726e+06
-8.60223e+06
-8.60561e+06
-9.05775e+06
-8.65961e+06
911766
-7.36012e+06
7.0996e+06
-7.38669e+06
-9.05243e+06
-8.54478e+06
-8.54663e+06
-8.61811e+06
-8.33659e+06
-7.3181e+06
-8.90232e+06
-8.96071e+06
-8.6136e+06
-7.77291e+06
-8.9453e+06
-8.60285e+06
-7.42074e+06
-8.06548e+06
-8.60224e+06
1.72899e+06
-8.92531e+06
-9.42268e+06
-7.37187e+06
-7.31839e+06
-9.22346e+06
-8.60521e+06
-8.61771e+06
-7.32645e+06
-7.36791e+06
-8.60385e+06
-8.60856e+06
-5.48598e+06
-8.62149e+06
-8.61828e+06
-1.4567e+07
-8.61779e+06
-7.26279e+06
-8.61968e+06
-1.90173e+07
-8.89893e+06
-7.8249e+06
-8.60461e+06
-8.60232e+06
-8.61804e+06
-8.60327e+06
-7.30285e+06
-8.61813e+06
-4.88261e+06
-8.62319e+06
-8.60584e+06
-8.99239e+06
-8.63605e+06
-8.55846e+06
-8.01306e+06
-8.6709e+06
-8.62883e+06
-8.59069e+06
-9.02541e+06
-8.61806e+06
-9.26804e+06
-6.78885e+06
-8.69865e+06
-7.1898e+06
-8.67417e+06
-7.63361e+06
-5.15414e+06
-8.74815e+06
-9.02874e+06
-3.82294e+06
-8.61816e+06
-8.64513e+06
-7.31045e+06
-8.64959e+06
-8.82476e+06
-8.68412e+06
-5.74671e+06
-8.60045e+06
-6.24332e+06
-6.56535e+06
-8.61879e+06
-8.53651e+06
-7.17623e+06
-8.60193e+06
-9.66344e+06
-8.61846e+06
-8.61871e+06
-8.61748e+06
-7.13046e+06
-8.61846e+06
-8.61814e+06
-8.60408e+06
-8.99162e+06
-8.61803e+06
-8.63279e+06
-7.52558e+06
-8.6102e+06
-8.60729e+06
-8.62146e+06
-8.61803e+06
-8.61541e+06
-8.61795e+06
-8.60072e+06
-8.60061e+06
-5.94985e+06
-8.60421e+06
-7.24498e+06
-8.60525e+06
-8.62072e+06
-7.23138e+06
-8.60351e+06
-6.52146e+06
-8.60231e+06
-8.60238e+06
-8.56378e+06
-8.61922e+06
-8.75145e+06
-8.61112e+06
-8.7455e+06
-8.61746e+06
203012
-8.61808e+06
-8.62799e+06
-8.55939e+06
-7.00992e+06
-5.0937e+06
-8.60522e+06
-8.73258e+06
-8.59772e+06
-8.6456e+06
-8.61805e+06
-8.60101e+06
-8.61714e+06
-8.62801e+06
-8.7486e+06
-8.62047e+06
-8.61806e+06
-6.66894e+06
-8.61844e+06
-8.61796e+06
-7.31957e+06
-8.60661e+06
1.59751e+07
-8.69652e+06
-8.59758e+06
-8.60325e+06
-8.62149e+06
-8.6115e+06
-8.63905e+06
-7.76768e+06
-8.59587e+06
-8.57142e+06
-8.60927e+06
-8.60047e+06
-8.61818e+06
-8.64098e+06
-8.57353e+06
-8.60149e+06
-8.60687e+06
-8.63288e+06
-8.61841e+06
-8.61888e+06
-8.61896e+06
-8.09167e+06
-8.61834e+06
-8.61642e+06
-8.61822e+06
-8.73408e+06
-6.74757e+06
-6.67732e+06
-8.66488e+06
-7.43316e+06
-8.60623e+06
-8.6187e+06
-8.61912e+06
-8.61796e+06
-7.16279e+06
-9.28242e+06
-8.6182e+06
-8.61846e+06
-8.56942e+06
-8.59957e+06
-8.61368e+06
-8.62447e+06
-8.60229e+06
-8.62115e+06
-8.53192e+06
-8.62041e+06
-8.61805e+06
-8.5649e+06
-8.61752e+06
-8.60416e+06
-6.49903e+06
-8.60296e+06
-8.61036e+06
-8.61191e+06
-8.61792e+06
-8.61793e+06
-8.60239e+06
-8.64024e+06
-8.61817e+06
-8.61814e+06
-8.60171e+06
-9.33837e+06
-8.45397e+06
-7.48595e+06
-8.61811e+06
-8.39774e+06
-8.60255e+06
-8.62278e+06
-8.5977e+06
-7.31113e+06
-8.6823e+06
-8.61865e+06
-7.05876e+06
-8.65332e+06
-8.60129e+06
-8.61813e+06
-8.61018e+06
-8.6181e+06
-7.26276e+06
-8.6181e+06
-8.59631e+06
-8.62753e+06
-8.61909e+06
-6.80558e+06
-8.60514e+06
-8.54459e+06
-8.61732e+06
-8.60333e+06
-8.6044e+06
-8.61906e+06
-8.53047e+06
-8.60975e+06
-7.32852e+06
-8.61787e+06
-8.62668e+06
-8.61803e+06
-8.61796e+06
-8.60855e+06
-8.61587e+06
-7.19512e+06
-8.798e+06
-7.14697e+06
-7.22079e+06
-8.61768e+06
-7.06173e+06
-1.61783e+07
-7.04167e+06
-8.61769e+06
-8.61869e+06
-8.62194e+06
-8.6207e+06
-8.61791e+06
-7.49112e+06
-8.61778e+06
-8.6035e+06
-8.71656e+06
-2.43746e+07
-7.14031e+06
-9.06793e+06
-8.67597e+06
-3.80131e+06
-8.5385e+06
-8.60142e+06
-8.38371e+06
-8.61788e+06
-8.61789e+06
-7.28579e+06
-9.49953e+06
-8.61788e+06
-7.82711e+06
-8.61791e+06
-7.20214e+06
-6.8458e+06
-8.59988e+06
-8.60365e+06
-7.50345e+06
-8.60712e+06
-7.71783e+06
-8.6052e+06
-8.60482e+06
-8.60223e+06
-8.6147e+06
-9.5593e+06
-8.60321e+06
-8.60779e+06
-8.61869e+06
-8.6173e+06
-8.60423e+06
-8.62821e+06
-8.92915e+06
-8.60496e+06
-8.69377e+06
-7.2346e+06
-8.63763e+06
-9.46431e+06
-7.28907e+06
-1.61117e+07
-7.18337e+06
-7.18403e+06
-8.57098e+06
-8.60201e+06
-9.27472e+06
-9.71204e+06
-8.60152e+06
-6.52384e+06
-7.31228e+06
-8.60806e+06
-8.61801e+06
-7.18769e+06
-8.60095e+06
-8.61801e+06
-7.94681e+06
-8.61792e+06
-8.74304e+06
-8.48325e+06
-8.61948e+06
-8.60393e+06
-8.66517e+06
-8.87345e+06
-7.84837e+06
-8.6054e+06
-9.24273e+06
-8.60294e+06
-8.60184e+06
-8.61904e+06
-8.77833e+06
-8.60139e+06
-8.84229e+06
-8.72423e+06
-8.71289e+06
-8.62626e+06
-8.61459e+06
-8.60901e+06
-8.47885e+06
-6.74314e+06
-8.61124e+06
-8.62813e+06
-8.64583e+06
-8.61804e+06
-8.64826e+06
-8.19961e+06
-8.21255e+06
-8.76426e+06
-8.60507e+06
-8.60424e+06
-8.59752e+06
-8.61774e+06
-8.61807e+06
-8.61807e+06
-8.60837e+06
-7.19578e+06
-8.61822e+06
-8.60111e+06
-8.6184e+06
-8.60849e+06
-8.61859e+06
-8.61886e+06
-7.99402e+06
-9.13708e+06
-8.60493e+06
-8.61811e+06
-8.61842e+06
-8.61587e+06
-8.60495e+06
-8.61809e+06
-8.61811e+06
-7.19131e+06
-8.61809e+06
-8.62591e+06
-8.60503e+06
-8.61891e+06
875170
-8.60134e+06
-8.61855e+06
-7.52155e+06
-8.6195e+06
-8.63878e+06
-8.60637e+06
-8.60796e+06
-8.64776e+06
-8.59704e+06
-7.40257e+06
-8.61505e+06
-8.62913e+06
-8.5681e+06
-8.60325e+06
-6.89782e+06
-8.61952e+06
-8.60205e+06
-8.61436e+06
-8.78346e+06
-8.61648e+06
-8.60371e+06
-8.64309e+06
-7.22323e+06
-8.61055e+06
-2.42737e+07
-8.60636e+06
-8.87379e+06
-8.61837e+06
-8.68601e+06
-8.60579e+06
-7.89068e+06
-8.77533e+06
-8.57811e+06
-8.63607e+06
-9.11709e+06
-8.60251e+06
-9.03343e+06
-8.06003e+06
-8.60443e+06
-8.08847e+06
-8.6018e+06
-8.60491e+06
-8.1496e+06
-8.97339e+06
-6.31502e+06
-8.81625e+06
-8.60312e+06
-8.66586e+06
-8.61518e+06
-7.53782e+06
-1.24006e+07
-8.61792e+06
-9.25854e+06
-8.7449e+06
-8.60647e+06
-8.69839e+06
-8.61802e+06
-8.61741e+06
-8.61806e+06
-8.59999e+06
-8.6789e+06
-8.61488e+06
-8.81347e+06
-9.49912e+06
-8.57152e+06
-8.60379e+06
-9.27126e+06
-7.30207e+06
-7.51792e+06
-1.12245e+07
-7.17748e+06
-8.61744e+06
-9.19166e+06
-1.12674e+07
-7.28532e+06
-7.01229e+06
-8.17112e+06
-8.60802e+06
-8.61473e+06
-8.61523e+06
-6.44951e+06
-3.02742e+06
-8.61868e+06
-8.67931e+06
-9.49164e+06
-8.61813e+06
-7.5455e+06
-8.67726e+06
-8.63364e+06
1.59283e+07
-1.6729e+07
-8.61794e+06
-8.6176e+06
-8.60217e+06
-8.61791e+06
-8.61792e+06
-8.61812e+06
-1.09278e+07
-8.60908e+06
-8.64049e+06
-7.1637e+06
-8.59905e+06
-8.60048e+06
-8.04367e+06
-8.67329e+06
-8.60747e+06
-7.23701e+06
-8.61796e+06
-6.87394e+06
-9.55398e+06
-8.63972e+06
-9.15303e+06
-7.23635e+06
-9.25796e+06
-6.27506e+06
-8.72373e+06
-8.61799e+06
-2.89033e+06
-7.03305e+06
-7.00312e+06
-7.17037e+06
-8.1088e+06
-6.47886e+06
-8.61809e+06
-9.0796e+06
-6.91272e+06
-8.60002e+06
-1.55755e+07
-9.50131e+06
-1.27566e+07
-9.39203e+06
-8.62078e+06
-7.23067e+06
-8.64738e+06
-1.20714e+07
-7.34757e+06
-9.22558e+06
-8.635e+06
-8.62039e+06
-7.19599e+06
-6.66543e+06
-8.79626e+06
-7.1362e+06
-7.61466e+06
-7.96254e+06
-9.30988e+06
-7.93231e+06
-8.59971e+06
-8.67931e+06
-7.70779e+06
-8.63563e+06
-7.21109e+06
-8.77207e+06
-7.23679e+06
-8.8484e+06
-7.01529e+06
-8.618e+06
-8.60283e+06
-8.62076e+06
-7.88889e+06
-8.60085e+06
-8.93797e+06
-8.61619e+06
-7.25495e+06
-9.15416e+06
-7.86379e+06
-8.60175e+06
-8.65396e+06
-9.15282e+06
-7.25423e+06
-8.60249e+06
-8.67794e+06
-8.51026e+06
-8.61812e+06
-8.61942e+06
-8.26709e+06
-7.17884e+06
5.80295e+06
-8.61812e+06
-8.60484e+06
-8.62119e+06
-7.83779e+06
-8.6283e+06
-8.60142e+06
-7.35746e+06
-8.86418e+06
-8.63328e+06
-8.61802e+06
-4.52822e+06
-8.61773e+06
-8.6723e+06
-8.21576e+06
-8.96798e+06
-7.99293e+06
-8.61882e+06
-9.07617e+06
-8.61807e+06
-8.60708e+06
-8.96008e+06
-7.15749e+06
-8.60245e+06
-8.61807e+06
-8.02231e+06
-7.6218e+06
-7.95872e+06
-8.86923e+06
-8.61705e+06
-5.21055e+06
-1.06794e+07
-8.60911e+06
-9.13531e+06
-7.20933e+06
-7.02365e+06
428261
-6.86995e+06
-7.93298e+06
-3.76863e+06
-8.70116e+06
-1.00463e+07
-8.60578e+06
-8.61064e+06
-8.60935e+06
-8.61785e+06
-8.61877e+06
-7.70897e+06
-7.19316e+06
-8.61803e+06
-8.66454e+06
-1.10219e+07
-8.6005e+06
-8.61811e+06
-9.40445e+06
-8.59985e+06
-8.60547e+06
-8.64454e+06
-9.10849e+06
-8.66644e+06
-1.23516e+07
-7.01475e+06
-8.61796e+06
-8.60058e+06
-8.60153e+06
-9.33694e+06
-8.62279e+06
-8.61797e+06
-8.61465e+06
-9.15593e+06
-8.60217e+06
-8.61803e+06
-8.61833e+06
-8.74033e+06
-8.6181e+06
-8.61848e+06
-8.62149e+06
-8.60296e+06
-8.62235e+06
-8.61864e+06
-8.61779e+06
-6.99617e+06
-8.61405e+06
-8.60135e+06
-8.67073e+06
-8.6087e+06
-8.61795e+06
-9.18521e+06
-8.59762e+06
-8.5911e+06
-7.07101e+06
-8.61891e+06
-8.61453e+06
-8.61797e+06
-8.60212e+06
-8.61788e+06
-8.61797e+06
-8.61798e+06
-8.61192e+06
-8.53276e+06
-8.61499e+06
-8.81017e+06
-9.10774e+06
-8.04728e+06
-8.60297e+06
-8.74177e+06
-7.78722e+06
-8.61801e+06
-7.27279e+06
-8.6181e+06
-8.67948e+06
-8.64915e+06
-8.61796e+06
-8.64308e+06
-9.4894e+06
-8.61526e+06
-7.23179e+06
-9.27423e+06
-8.82609e+06
-8.60698e+06
-1.84283e+07
-8.61018e+06
-8.61838e+06
-8.71041e+06
-7.78875e+06
-8.76121e+06
-8.73916e+06
-9.36896e+06
-8.81034e+06
-8.56256e+06
-8.95156e+06
-9.01367e+06
-8.61808e+06
-7.71021e+06
-7.26956e+06
-8.60853e+06
-3.79716e+06
-8.75708e+06
-6.58672e+06
-7.23934e+06
-8.61836e+06
-7.56905e+06
-9.09748e+06
-7.15576e+06
-8.61812e+06
-9.2074e+06
-8.61806e+06
-8.61825e+06
-8.61811e+06
-8.61805e+06
-7.38396e+06
-8.27092e+06
-3.01128e+06
-8.60547e+06
-7.15587e+06
-1.9415e+07
-7.15515e+06
-7.17724e+06
-7.26278e+06
-7.24476e+06
-9.72217e+06
-8.72637e+06
-8.60075e+06
-8.75334e+06
-7.24466e+06
-7.25012e+06
-1.9047e+07
-8.61755e+06
-8.59111e+06
-9.11398e+06
-8.12828e+06
-9.61607e+06
-8.93532e+06
-8.6239e+06
-8.62326e+06
-8.61802e+06
-8.61792e+06
-8.60623e+06
-8.61766e+06
-8.57151e+06
-9.14118e+06
-8.68652e+06
-9.65548e+06
-8.97209e+06
-8.60115e+06
-5.99617e+06
-8.58541e+06
-8.61757e+06
-9.76568e+06
-9.41371e+06
-9.06935e+06
-9.19192e+06
-8.60033e+06
-8.67598e+06
-8.99911e+06
-8.60023e+06
-8.61769e+06
-8.41583e+06
-9.09821e+06
-9.40764e+06
-7.08902e+06
-8.60234e+06
-8.5979e+06
-8.59113e+06
-8.60045e+06
-8.60833e+06
-7.08334e+06
-8.61781e+06
-8.60729e+06
-8.6085e+06
-9.27772e+06
-8.61761e+06
-8.61759e+06
-8.59933e+06
-8.6261e+06
-8.97143e+06
-8.62148e+06
-8.88449e+06
4.02549e+07
-8.61809e+06
-9.00912e+06
-8.59146e+06
-8.61836e+06
-8.60513e+06
-8.61859e+06
-8.79404e+06
-8.00042e+06
-8.61811e+06
-8.60556e+06
-8.38439e+06
-8.60444e+06
-8.95661e+06
-8.99684e+06
-8.61859e+06
-8.60303e+06
-8.61844e+06
-8.59176e+06
-9.66813e+06
-8.66611e+06
-8.91299e+06
-8.61919e+06
-6.45401e+06
-8.60256e+06
-8.67103e+06
-8.61835e+06
-8.86349e+06
-8.67438e+06
-8.6026e+06
-8.62034e+06
-9.09807e+06
-8.87613e+06
-8.6117e+06
-9.38076e+06
-8.77318e+06
-8.60009e+06
-8.62875e+06
-1.04758e+07
-8.61816e+06
-9.23699e+06
-8.616e+06
-8.99478e+06
-8.60141e+06
-8.62195e+06
7.71249e+06
-7.25741e+06
-8.61834e+06
-8.6234e+06
-9.17793e+06
-8.61773e+06
-8.60553e+06
-8.61879e+06
-9.00498e+06
-8.61818e+06
-7.25692e+06
-7.24788e+06
-8.91893e+06
-6.25504e+06
-8.86412e+06
-8.61873e+06
-6.75427e+06
-8.6014e+06
-8.77321e+06
-8.9896e+06
-7.17149e+06
-8.6069e+06
-9.00273e+06
-8.61792e+06
-8.61798e+06
-8.60938e+06
-8.5819e+06
-8.618e+06
-8.61934e+06
-7.72133e+06
-8.61829e+06
-3.81191e+06
-7.16979e+06
-9.25957e+06
-4.5292e+06
-3.10013e+06
-8.60079e+06
-3.72078e+06
-7.26551e+06
-8.64566e+06
-9.49031e+06
-8.60458e+06
-8.68797e+06
-7.32901e+06
-9.34423e+06
-1.16029e+07
-8.60456e+06
-8.60194e+06
-8.32725e+06
-7.90069e+06
-7.28518e+06
-7.0556e+06
-6.75332e+06
-8.56832e+06
-4.54868e+06
-8.66639e+06
-7.27033e+06
-8.62211e+06
-8.90296e+06
-8.60803e+06
-8.61255e+06
-8.86943e+06
-8.57447e+06
-8.61888e+06
-7.16419e+06
-8.60339e+06
-8.61818e+06
-8.71804e+06
-8.79828e+06
-8.8036e+06
-8.71584e+06
-7.12678e+06
-9.3071e+06
-7.13577e+06
-7.16094e+06
-8.59994e+06
-8.79036e+06
-8.34512e+06
-8.60249e+06
-8.60467e+06
-9.18421e+06
-8.60699e+06
-7.27538e+06
-8.61814e+06
-9.25827e+06
-8.5852e+06
-8.61933e+06
-8.60926e+06
-8.77995e+06
-6.98431e+06
-8.60493e+06
-1.16174e+07
-8.82436e+06
-7.68487e+06
-8.62048e+06
-8.60423e+06
-8.76582e+06
-1.22285e+07
-8.74113e+06
-8.54071e+06
-8.60072e+06
-8.75697e+06
-5.32806e+06
-7.53926e+06
-8.61829e+06
-8.40966e+06
-8.61805e+06
-1.16275e+07
-8.61811e+06
-8.41133e+06
-8.61816e+06
-8.65238e+06
4.07493e+07
-8.60542e+06
-8.61812e+06
-9.37495e+06
-8.61813e+06
-8.61886e+06
-8.60554e+06
-8.6178e+06
-5.09569e+06
-8.61869e+06
-8.59955e+06
-8.61806e+06
-9.27036e+06
-8.621e+06
-8.61505e+06
-8.61803e+06
-8.94834e+06
-8.60682e+06
-8.39709e+06
-8.61837e+06
-7.28594e+06
-8.61876e+06
-1.23526e+07
-8.61797e+06
-9.68157e+06
-8.39854e+06
-8.61753e+06
-8.65398e+06
-8.62533e+06
-8.65888e+06
-7.54435e+06
-8.60785e+06
-2.50598e+07
5.76054e+06
-8.61842e+06
-9.45808e+06
-8.61826e+06
-8.6194e+06
-8.07159e+06
-8.57147e+06
-8.61843e+06
-9.80482e+06
-8.61968e+06
-9.28304e+06
-8.60769e+06
-7.51044e+06
-7.0268e+06
-8.60332e+06
-8.69266e+06
-7.12898e+06
-8.95824e+06
-7.14705e+06
-8.61811e+06
-8.6182e+06
-8.96186e+06
-8.65919e+06
-8.60611e+06
-8.21253e+06
-8.9311e+06
-8.61967e+06
-8.6181e+06
-8.27238e+06
-8.30851e+06
-8.78683e+06
-7.02595e+06
-8.9534e+06
-7.34161e+06
-7.13924e+06
-8.61896e+06
-8.61792e+06
-8.61788e+06
-8.51694e+06
-7.35805e+06
-4.97764e+06
-8.69163e+06
-8.67592e+06
-9.50806e+06
-9.00517e+06
-8.96699e+06
-9.35399e+06
-8.76731e+06
-8.61766e+06
-8.61092e+06
-8.58762e+06
-8.56881e+06
-7.3355e+06
4.02427e+07
-8.61786e+06
-8.57033e+06
-8.60509e+06
-8.60474e+06
-8.6179e+06
-8.69246e+06
-1.06827e+07
-1.00032e+07
-8.61791e+06
-9.38267e+06
-9.14519e+06
-8.61778e+06
-8.61877e+06
-8.61799e+06
-8.61793e+06
-8.61813e+06
-8.61808e+06
-5.96635e+06
-8.69209e+06
-9.47541e+06
-9.12812e+06
-8.98679e+06
-8.82593e+06
-7.1715e+06
-8.60112e+06
-8.61765e+06
-8.61805e+06
-9.29564e+06
-8.68784e+06
-8.61796e+06
-8.64416e+06
-2.33164e+07
-8.61847e+06
-8.60404e+06
-8.60648e+06
-1.71181e+07
-6.99782e+06
-1.03173e+07
-8.53257e+06
-7.00806e+06
-9.24235e+06
-8.60843e+06
-8.4451e+06
-8.60486e+06
-8.61813e+06
-8.62063e+06
-8.03057e+06
-8.60056e+06
-8.61762e+06
-8.57462e+06
-8.60744e+06
-8.61442e+06
-8.61813e+06
-8.97315e+06
-6.55394e+06
-8.00947e+06
-8.60555e+06
-7.9582e+06
-8.61441e+06
-8.61812e+06
-8.6078e+06
-7.25653e+06
-9.46062e+06
869328
-8.10234e+06
-9.34839e+06
-8.61835e+06
-8.6045e+06
-8.60392e+06
-8.60014e+06
-8.60699e+06
-8.60223e+06
-3.81025e+06
-6.13263e+06
-8.03684e+06
-5.02362e+06
-8.62897e+06
-8.6051e+06
-8.60199e+06
-6.8645e+06
-8.6035e+06
-8.13602e+06
-8.62629e+06
-8.60204e+06
-8.67146e+06
-8.61868e+06
-8.61794e+06
-7.00256e+06
-7.2894e+06
-7.00651e+06
-8.60409e+06
9.13606e+06
-7.21349e+06
1.46603e+06
-7.51767e+06
-8.61753e+06
-8.60721e+06
-4.87935e+06
-8.59993e+06
-7.88664e+06
-8.60507e+06
-8.61813e+06
-8.60491e+06
-8.60103e+06
-8.5631e+06
1.5951e+07
-7.1142e+06
-8.61806e+06
-8.06921e+06
9.18465e+06
-8.64784e+06
-8.98031e+06
-9.15211e+06
-8.61804e+06
-8.60515e+06
-7.11238e+06
-8.78515e+06
-7.53975e+06
-8.60731e+06
-8.61811e+06
-8.61442e+06
-8.61805e+06
-7.20588e+06
-7.45412e+06
-7.64752e+06
-8.60722e+06
-8.60057e+06
-8.63736e+06
-8.61786e+06
-8.59884e+06
-7.59651e+06
-8.61288e+06
-8.59595e+06
-8.67896e+06
-8.59523e+06
-8.62772e+06
-8.60223e+06
-8.59931e+06
-9.20006e+06
-6.83226e+06
-8.53159e+06
-7.19699e+06
-8.6047e+06
-8.61804e+06
-8.6046e+06
-6.9916e+06
-8.71751e+06
-8.21688e+06
-8.60476e+06
-8.0295e+06
-6.82901e+06
-5.39104e+06
-7.38241e+06
-8.6015e+06
-8.60779e+06
-7.9369e+06
-8.60795e+06
-8.61852e+06
-8.61823e+06
-8.61816e+06
-8.61893e+06
-8.60044e+06
-8.6181e+06
-8.61788e+06
-8.60297e+06
-8.6271e+06
-8.618e+06
-8.68489e+06
-8.60552e+06
-8.61915e+06
-8.5994e+06
-8.61139e+06
-9.17414e+06
-8.76283e+06
-8.85924e+06
-8.61112e+06
-7.70403e+06
-8.62129e+06
-8.5907e+06
-8.48141e+06
-8.60113e+06
-7.39421e+06
-8.62091e+06
-8.60686e+06
-8.61004e+06
-8.63142e+06
-8.64498e+06
-8.6358e+06
-8.61783e+06
-8.61892e+06
-8.72034e+06
-8.61806e+06
-8.61787e+06
-7.44259e+06
-7.61497e+06
-8.61805e+06
-8.60322e+06
-8.61809e+06
-8.59774e+06
-9.09696e+06
-8.61903e+06
-8.60116e+06
-7.1545e+06
-8.01583e+06
-7.29554e+06
-7.05407e+06
-7.28945e+06
-7.26648e+06
-7.15197e+06
-4.62507e+06
-8.6081e+06
-9.29266e+06
-8.60247e+06
-9.5067e+06
-8.61778e+06
-7.15189e+06
-8.61755e+06
-8.61703e+06
-8.43299e+06
-8.78752e+06
-8.84083e+06
-8.62075e+06
-8.60904e+06
-7.19539e+06
-7.34297e+06
-8.61743e+06
-8.61739e+06
-8.61738e+06
-8.61835e+06
-8.61842e+06
-8.61853e+06
-8.64675e+06
-8.65448e+06
-7.07239e+06
-5.51148e+06
-6.98632e+06
-6.93583e+06
-8.98059e+06
-1.07216e+07
-1.0515e+07
-9.24302e+06
-1.14436e+07
-9.28173e+06
-1.04984e+07
-9.24443e+06
-5.56459e+06
-5.55914e+06
-6.98866e+06
-1.53947e+07
9.26459e+06
-1.33761e+07
-2.56178e+07
-2.02283e+07
-2.34975e+07
-1.4751e+07
-1.35429e+07
-1.95744e+07
-1.5255e+07
-8.63176e+06
-8.60647e+06
-8.61667e+06
-8.62571e+06
-7.48313e+06
-8.65944e+06
-7.47102e+06
-8.62819e+06
-9.26447e+06
-7.46454e+06
-8.62917e+06
-8.66942e+06
-8.61961e+06
-8.66302e+06
-8.62073e+06
-8.61811e+06
-8.61804e+06
-8.61842e+06
-8.61805e+06
-8.61796e+06
-8.61787e+06
-8.61813e+06
-8.61793e+06
-8.61776e+06
-8.61816e+06
-8.61862e+06
-8.61884e+06
-8.61766e+06
-8.62089e+06
-8.60975e+06
-8.6583e+06
-8.60924e+06
-8.60957e+06
-8.66071e+06
-8.61396e+06
-8.61462e+06
-8.7277e+06
-8.74681e+06
-8.61098e+06
-8.62836e+06
-8.69704e+06
-8.68464e+06
-8.60327e+06
-8.60148e+06
-8.60352e+06
-8.60335e+06
-8.60437e+06
-8.60017e+06
-8.60267e+06
-8.60203e+06
-8.60048e+06
-8.60232e+06
-8.60098e+06
-8.60191e+06
-8.60198e+06
-8.6017e+06
-8.60246e+06
-8.60393e+06
-8.602e+06
-8.6038e+06
-8.60318e+06
-8.60174e+06
-8.60479e+06
-8.60558e+06
-8.6144e+06
-8.61066e+06
-8.615e+06
-8.62188e+06
-8.61795e+06
-8.62372e+06
-8.64734e+06
-8.78888e+06
-8.75817e+06
-8.80163e+06
-8.89925e+06
-8.94118e+06
-9.0753e+06
-9.19032e+06
-1.022e+07
-1.05043e+07
-1.00994e+07
-1.0245e+07
-1.05188e+07
-1.02704e+07
-1.06693e+07
-1.07012e+07
-1.06868e+07
-1.10804e+07
-1.10803e+07
-1.09071e+07
-1.16533e+07
-1.12868e+07
-1.27952e+07
-5.43762e+06
-4.07333e+06
-5.42022e+06
-8.23437e+06
-8.60695e+06
-9.28089e+06
-9.32715e+06
-6.23283e+06
-6.2911e+06
-3.80913e+06
-5.53009e+06
-5.47074e+06
-5.53172e+06
-5.51246e+06
-6.61949e+06
-6.03872e+06
-3.70604e+06
-3.79476e+06
-3.75002e+06
-6.27899e+06
-3.00543e+06
-5.49554e+06
-5.77944e+06
-5.7701e+06
-6.82903e+06
-6.83294e+06
-6.83376e+06
-7.24892e+06
-7.36759e+06
-7.24411e+06
-7.22597e+06
-7.36904e+06
-7.62947e+06
-9.7217e+06
-2.31593e+07
-7.13035e+06
-6.95967e+06
-7.00633e+06
-7.01496e+06
-6.99793e+06
-7.14619e+06
-7.01782e+06
-7.1385e+06
-4.6215e+06
-5.79257e+06
-5.8222e+06
-7.10205e+06
-7.18187e+06
-9.21143e+06
-7.43391e+06
-6.32875e+06
-9.20857e+06
-9.29483e+06
-9.33496e+06
-9.16057e+06
-9.16612e+06
-9.59599e+06
-9.63916e+06
-9.31797e+06
-9.62016e+06
-9.22002e+06
-9.24373e+06
-9.22182e+06
-9.10701e+06
-9.45668e+06
-9.34277e+06
-9.20505e+06
-9.19443e+06
-9.19387e+06
-9.16933e+06
-7.73528e+06
-7.71007e+06
-8.81208e+06
-7.7167e+06
-7.70986e+06
-8.82243e+06
-7.71822e+06
-8.33959e+06
-7.62858e+06
-8.35659e+06
-7.62242e+06
-7.60875e+06
-7.47626e+06
-7.81404e+06
-6.90222e+06
-6.7726e+06
-8.05046e+06
-8.62017e+06
-8.64343e+06
-8.42896e+06
-8.41333e+06
-8.40977e+06
-8.80306e+06
-8.53326e+06
-8.49291e+06
-8.499e+06
-8.49359e+06
-8.56058e+06
-8.51719e+06
-8.49042e+06
-8.5999e+06
-8.57013e+06
-8.62739e+06
-8.6221e+06
-8.62381e+06
-8.66466e+06
-8.62809e+06
-8.61045e+06
-8.62128e+06
-8.61774e+06
-8.62603e+06
-8.60845e+06
-8.61136e+06
-8.57838e+06
-8.57423e+06
-8.56026e+06
-8.52803e+06
-8.53913e+06
-8.52698e+06
-8.54255e+06
-8.53827e+06
-8.53587e+06
-8.5451e+06
-8.60851e+06
-8.60492e+06
-8.61818e+06
-8.61837e+06
-8.61745e+06
-8.61747e+06
-8.61734e+06
-8.61729e+06
-8.61717e+06
-8.6165e+06
-8.61835e+06
-8.61788e+06
-8.61883e+06
-8.61997e+06
-8.62013e+06
-8.62022e+06
-8.62036e+06
-8.63241e+06
-8.61916e+06
-8.62045e+06
-8.63278e+06
-8.61878e+06
-8.61819e+06
-8.61813e+06
-8.61855e+06
-8.62024e+06
-8.61844e+06
-8.61941e+06
-8.61761e+06
-8.61781e+06
-8.61964e+06
-8.61782e+06
-8.61768e+06
-8.61782e+06
-8.61761e+06
-8.61752e+06
-8.61753e+06
-9.31002e+06
-8.61789e+06
-8.61793e+06
-8.61801e+06
-8.61805e+06
-8.61796e+06
-8.61805e+06
-8.61805e+06
-8.61802e+06
-8.61805e+06
-8.62122e+06
-8.60639e+06
-8.66314e+06
-8.60967e+06
-8.61688e+06
-8.61656e+06
-8.61958e+06
-8.61718e+06
-8.60021e+06
-8.60163e+06
-8.60454e+06
-8.61187e+06
-8.61516e+06
-9.46312e+06
-1.08477e+07
-1.11009e+07
-3.30963e+06
-2.53174e+07
-5.56256e+06
-9.18711e+06
-3.72011e+06
-5.44279e+06
-6.18604e+06
-3.8421e+06
-3.81572e+06
-5.77526e+06
-6.60215e+06
-7.30415e+06
-1.34203e+07
-1.0956e+07
-7.0109e+06
-7.01002e+06
-1.11885e+07
-8.36507e+06
-9.17038e+06
-9.15822e+06
-9.12542e+06
-9.10503e+06
-9.33221e+06
-9.29114e+06
-9.21833e+06
-9.30498e+06
-9.20337e+06
-9.26005e+06
-9.21983e+06
-7.71315e+06
-7.70101e+06
-7.70299e+06
-8.33734e+06
-7.36039e+06
-8.64033e+06
-7.71306e+06
-7.283e+06
-8.42009e+06
-8.8015e+06
-8.82633e+06
-8.51066e+06
-8.52011e+06
-8.49403e+06
-8.48648e+06
-8.61996e+06
-8.61566e+06
-8.56288e+06
-8.60188e+06
-8.52408e+06
-8.54541e+06
-8.55036e+06
-8.58341e+06
-8.54113e+06
-8.54859e+06
-8.57348e+06
-8.54347e+06
-8.61799e+06
-8.61706e+06
-8.61713e+06
-8.62079e+06
-8.62072e+06
-8.61891e+06
-8.62065e+06
-8.63272e+06
-8.61793e+06
-8.61787e+06
-8.6178e+06
-8.61746e+06
-8.61823e+06
-8.61726e+06
-8.61787e+06
-8.61772e+06
-8.61759e+06
-8.61779e+06
-8.61772e+06
-8.61792e+06
-8.61787e+06
-8.61797e+06
-8.61788e+06
-8.61814e+06
-8.61813e+06
-8.6181e+06
-8.6181e+06
-8.6181e+06
-8.6181e+06
-8.61809e+06
-8.6181e+06
-8.61807e+06
-8.61801e+06
-8.61813e+06
-8.6181e+06
-8.61811e+06
-8.61813e+06
-8.61806e+06
-8.61813e+06
-8.61803e+06
-8.61832e+06
-8.61834e+06
-8.61842e+06
-8.61848e+06
-8.61815e+06
-8.6183e+06
-8.61855e+06
-8.61833e+06
-8.61864e+06
-8.61847e+06
-8.61865e+06
-8.61664e+06
-8.61673e+06
-8.61717e+06
-8.62201e+06
-8.61914e+06
-8.60803e+06
-8.60687e+06
-8.60354e+06
-8.60444e+06
-8.60465e+06
-8.60493e+06
-8.62643e+06
-8.61261e+06
-8.61356e+06
-8.61952e+06
-8.67671e+06
-8.65917e+06
-8.67047e+06
-8.61171e+06
-8.67884e+06
-8.60267e+06
-8.60119e+06
-8.60088e+06
-8.60274e+06
-8.60275e+06
-8.60145e+06
-8.60305e+06
-8.60629e+06
-8.60347e+06
-8.60701e+06
-8.61501e+06
-8.61694e+06
-8.62005e+06
-8.64458e+06
-8.64348e+06
-8.66047e+06
-8.64938e+06
-8.65608e+06
-8.67131e+06
-8.68805e+06
-8.68311e+06
-8.68594e+06
-8.70961e+06
-8.72791e+06
-8.7005e+06
-8.74373e+06
-8.77447e+06
-8.74425e+06
-8.82955e+06
-8.83531e+06
-8.85155e+06
-8.92534e+06
-8.9092e+06
-8.99192e+06
-8.99295e+06
-8.97467e+06
-9.03845e+06
-9.04615e+06
-9.04354e+06
-9.11286e+06
-9.12556e+06
-9.12909e+06
-9.35767e+06
-9.28996e+06
-9.31791e+06
-9.42591e+06
-9.3073e+06
-9.53851e+06
-9.39636e+06
-9.39078e+06
-9.3321e+06
-7.74007e+06
-8.35477e+06
-8.44647e+06
-7.77243e+06
-7.49911e+06
-7.67938e+06
-8.16995e+06
-7.44093e+06
-7.45914e+06
-8.07939e+06
-7.25384e+06
-7.03101e+06
-6.97373e+06
-7.24639e+06
-6.89233e+06
-6.12169e+06
-5.63987e+06
-6.82671e+06
-7.09957e+06
-7.04967e+06
-6.34381e+06
-7.04954e+06
-7.09952e+06
-7.11306e+06
-7.33096e+06
-7.1951e+06
-7.14257e+06
-7.06881e+06
-7.55819e+06
-7.94774e+06
-8.23295e+06
-1.09821e+07
-9.01687e+06
-1.51412e+07
-8.52652e+06
-7.25321e+06
-7.16764e+06
-7.16133e+06
-7.1103e+06
-7.11675e+06
-7.17872e+06
-7.18241e+06
-7.18704e+06
-7.20485e+06
-6.82502e+06
-7.41795e+06
-7.74287e+06
-8.60703e+06
-8.02359e+06
-7.73387e+06
-7.84904e+06
-8.0554e+06
-8.61362e+06
-8.56245e+06
-9.27981e+06
-9.23367e+06
-9.16669e+06
-9.05353e+06
-9.16416e+06
-9.15867e+06
-9.18192e+06
-9.26286e+06
-9.21529e+06
-9.18682e+06
-9.23238e+06
-9.21972e+06
-9.31128e+06
-9.28414e+06
-9.31271e+06
-9.32467e+06
-9.29208e+06
-9.2876e+06
-9.22362e+06
-9.20062e+06
-9.25645e+06
-9.20749e+06
-8.60713e+06
-9.21635e+06
-7.67915e+06
-8.82112e+06
-8.59771e+06
-8.39362e+06
-7.43603e+06
-8.21346e+06
-8.07987e+06
-8.59779e+06
-7.72662e+06
-7.87217e+06
-8.39994e+06
-8.4132e+06
-8.87327e+06
-8.88454e+06
-8.72259e+06
-8.38511e+06
-8.98634e+06
-8.97101e+06
-8.774e+06
-8.83373e+06
-8.77212e+06
-8.6898e+06
-8.7007e+06
-8.70921e+06
-8.67906e+06
-8.68237e+06
-8.69238e+06
-8.67198e+06
-8.68327e+06
-8.68786e+06
-8.69181e+06
-8.69171e+06
-8.69025e+06
-8.70256e+06
-8.67382e+06
-8.65713e+06
-8.64814e+06
-8.66219e+06
-8.6546e+06
-8.64085e+06
-8.63404e+06
-8.61122e+06
-8.60882e+06
-8.60306e+06
-8.60424e+06
-8.60396e+06
-8.60082e+06
-8.60656e+06
-8.60125e+06
-8.59766e+06
-8.59085e+06
-8.58552e+06
-8.59791e+06
-8.61758e+06
-8.6171e+06
-8.61759e+06
-8.61881e+06
-8.61886e+06
-8.61877e+06
-8.61912e+06
-8.6189e+06
-8.61846e+06
-8.61852e+06
-8.62003e+06
-8.61881e+06
-8.61781e+06
-8.59781e+06
-8.61841e+06
-8.61944e+06
-8.61804e+06
-8.61788e+06
-8.61784e+06
-8.61786e+06
-8.61772e+06
-7.4033e+06
-8.61794e+06
-8.61799e+06
-8.61797e+06
-8.61799e+06
-8.61788e+06
-8.61787e+06
-8.61814e+06
-8.61807e+06
-8.61805e+06
-8.61795e+06
-8.61818e+06
-8.61822e+06
-2.15313e+07
-7.60313e+06
-7.82944e+06
-8.60574e+06
-8.6055e+06
-8.60525e+06
-8.61814e+06
-8.61814e+06
-8.61815e+06
-8.61813e+06
-8.61811e+06
-8.6181e+06
-8.61807e+06
-8.6181e+06
-8.61806e+06
-8.6181e+06
-8.61818e+06
-8.61816e+06
-8.61819e+06
-8.61812e+06
-8.61804e+06
-8.61839e+06
-8.61821e+06
-8.61822e+06
-8.61823e+06
-8.78555e+06
-8.61819e+06
-8.61833e+06
-8.61839e+06
-8.61889e+06
-8.61707e+06
-8.61711e+06
-8.61733e+06
-8.61851e+06
-8.61371e+06
-8.62076e+06
-8.62452e+06
-8.60464e+06
-8.60611e+06
-8.60648e+06
-8.60464e+06
-8.60424e+06
-8.6046e+06
-8.6049e+06
-8.60487e+06
-8.61313e+06
-8.62278e+06
-9.46667e+06
-9.48058e+06
-9.42026e+06
-9.45973e+06
-9.59391e+06
-8.60272e+06
-8.60217e+06
-8.60171e+06
-8.60307e+06
-8.60338e+06
-8.60357e+06
-8.60347e+06
-8.6034e+06
-8.60338e+06
-8.60457e+06
-8.60663e+06
-8.6119e+06
-8.61786e+06
-8.61384e+06
-8.61815e+06
-8.62182e+06
-8.62553e+06
-8.62515e+06
-8.63178e+06
-8.63048e+06
-8.63248e+06
-8.62903e+06
-8.63645e+06
-8.64366e+06
-8.63849e+06
-8.64223e+06
-8.69799e+06
-8.72104e+06
-8.68206e+06
-8.64246e+06
-8.70833e+06
-8.72095e+06
-8.69492e+06
-8.74592e+06
-8.882e+06
-8.76996e+06
-8.76314e+06
-8.77167e+06
-9.31136e+06
-8.95461e+06
-8.78174e+06
-8.78289e+06
-8.77953e+06
-8.78816e+06
-8.80007e+06
-8.80463e+06
-8.80196e+06
-8.88968e+06
-9.01582e+06
-9.44577e+06
-8.9215e+06
-9.08145e+06
-7.17695e+06
-7.18207e+06
-9.36919e+06
-9.39307e+06
-9.3469e+06
-8.79433e+06
-9.36797e+06
-8.43327e+06
-8.19384e+06
-7.71755e+06
-8.08e+06
-7.74503e+06
-7.60529e+06
-8.01802e+06
-7.81098e+06
-7.75921e+06
-7.73422e+06
-7.7198e+06
-7.7409e+06
-7.54604e+06
-7.53144e+06
-7.46852e+06
-7.35131e+06
-7.27962e+06
-7.51056e+06
-7.46813e+06
-7.30882e+06
-6.96153e+06
-6.88512e+06
-6.13852e+06
-6.95333e+06
-6.84867e+06
-4.42018e+06
-5.15952e+06
-6.94433e+06
-7.02298e+06
-6.85266e+06
-6.85001e+06
-6.50286e+06
-7.20475e+06
-7.15824e+06
-7.11767e+06
-7.05303e+06
-7.36294e+06
-7.23755e+06
-7.19447e+06
-8.03306e+06
-7.48934e+06
-7.23935e+06
-7.74716e+06
-1.5878e+07
-1.01775e+07
-7.92591e+06
-8.12491e+06
-8.12483e+06
-7.27142e+06
-7.27476e+06
-7.32986e+06
-7.2968e+06
-7.20969e+06
-7.2143e+06
-7.19987e+06
-7.22061e+06
-7.20543e+06
-7.24946e+06
-7.22763e+06
-7.21418e+06
-7.21563e+06
-6.85683e+06
-7.24277e+06
-7.23452e+06
-7.21927e+06
-7.24116e+06
-7.33379e+06
-7.31835e+06
-7.32017e+06
-7.61015e+06
-7.55103e+06
-7.57358e+06
-8.61054e+06
-8.51893e+06
-9.23231e+06
-8.62263e+06
-9.16602e+06
-9.2367e+06
-9.30833e+06
-9.22107e+06
-9.19649e+06
-9.3391e+06
-9.32522e+06
-9.20597e+06
-9.34946e+06
-9.3203e+06
-9.3621e+06
-9.2565e+06
-9.25874e+06
-9.22962e+06
-9.28051e+06
-9.16677e+06
-9.13531e+06
-9.11469e+06
-8.95138e+06
-8.86352e+06
-8.76939e+06
-8.634e+06
-8.23936e+06
-8.75973e+06
-8.4889e+06
-8.61576e+06
-8.61584e+06
-8.6124e+06
-8.62072e+06
-9.09435e+06
-9.05522e+06
-9.00622e+06
-8.64869e+06
-9.0436e+06
-9.01139e+06
-9.10938e+06
-9.00442e+06
-8.80636e+06
-8.83566e+06
-8.96952e+06
-8.8064e+06
-8.73992e+06
-8.68247e+06
-8.74143e+06
-8.74042e+06
-8.673e+06
-8.74754e+06
-8.73787e+06
-8.73727e+06
-8.7433e+06
-8.73584e+06
-8.73828e+06
-8.68732e+06
-8.73572e+06
-8.74152e+06
-8.71907e+06
-8.73328e+06
-8.66979e+06
-8.66778e+06
-8.67758e+06
-8.71816e+06
-8.64159e+06
-9.18112e+06
-8.65326e+06
-8.6584e+06
-8.67609e+06
-8.63518e+06
-8.63229e+06
-8.61463e+06
-8.63146e+06
-8.60648e+06
-8.63049e+06
-8.6305e+06
-8.59985e+06
-8.62748e+06
-8.6038e+06
-8.62415e+06
-8.62452e+06
-8.62115e+06
-8.61947e+06
-8.61154e+06
-8.61317e+06
-8.60507e+06
-8.58811e+06
-8.58398e+06
-8.61874e+06
-8.60939e+06
-8.61862e+06
-8.61858e+06
-8.61891e+06
-8.61872e+06
-8.61876e+06
-8.61863e+06
-8.61864e+06
-8.61853e+06
-8.6184e+06
-8.61986e+06
-8.61779e+06
-8.61787e+06
-8.61764e+06
-8.61762e+06
-8.61806e+06
-8.61795e+06
-8.61796e+06
-8.61803e+06
-8.61796e+06
-8.61818e+06
-8.61798e+06
-8.618e+06
-8.61795e+06
-8.61792e+06
-8.61788e+06
-8.61799e+06
-8.6179e+06
-8.61815e+06
-8.61796e+06
-8.61813e+06
-8.61799e+06
-8.61799e+06
-9.29855e+06
-9.12449e+06
-8.03318e+06
-7.81938e+06
-7.99889e+06
-7.98328e+06
-7.74309e+06
-7.77069e+06
-7.82634e+06
-8.60509e+06
-8.60483e+06
-7.37035e+06
-8.60422e+06
-8.60537e+06
-8.61232e+06
-8.60548e+06
-8.60585e+06
-8.60558e+06
-8.618e+06
-8.61808e+06
-8.61819e+06
-8.61809e+06
-8.61729e+06
-8.61826e+06
-8.61761e+06
-8.6188e+06
-7.29676e+06
-7.20404e+06
-7.34676e+06
-7.26447e+06
-6.91208e+06
-8.61818e+06
-8.61811e+06
-8.61806e+06
-8.61809e+06
-8.61804e+06
-8.61836e+06
-8.61787e+06
-8.61826e+06
-8.61809e+06
-8.61795e+06
-8.61806e+06
-8.61817e+06
-8.61786e+06
-8.61789e+06
-8.61825e+06
-8.61814e+06
-8.61721e+06
-8.60447e+06
-8.60532e+06
-8.60463e+06
-8.60566e+06
-9.13208e+06
-9.12979e+06
-9.12781e+06
-9.10514e+06
-8.60266e+06
-8.60469e+06
-8.60342e+06
-8.60144e+06
-8.60146e+06
-8.60068e+06
-8.60575e+06
-8.60198e+06
-8.60688e+06
-8.60115e+06
-8.606e+06
-8.59512e+06
-8.59621e+06
-8.60765e+06
-8.61494e+06
-8.61056e+06
-8.63682e+06
-8.63855e+06
-8.65853e+06
-8.63312e+06
-8.69732e+06
-8.7402e+06
-8.71432e+06
-8.72811e+06
-8.78015e+06
-8.73848e+06
-8.73877e+06
-8.84099e+06
-8.85399e+06
-8.89651e+06
-8.61802e+06
-8.61807e+06
-9.50638e+06
-9.48679e+06
-9.33938e+06
-9.33546e+06
-9.19858e+06
-8.88381e+06
-8.14631e+06
-8.12628e+06
-8.19581e+06
-8.11283e+06
-8.05726e+06
-8.02813e+06
-7.97076e+06
-7.98357e+06
-7.69698e+06
-7.49555e+06
-7.5047e+06
-7.59463e+06
-7.54135e+06
-7.32385e+06
-7.50212e+06
-7.40417e+06
-7.22011e+06
-7.17116e+06
-7.18662e+06
-7.20377e+06
-7.06148e+06
-7.27415e+06
-7.30132e+06
-7.29236e+06
-7.27074e+06
-7.28116e+06
-7.20887e+06
-7.2434e+06
-7.26976e+06
-9.10378e+06
-9.07825e+06
-9.13792e+06
-7.25557e+06
-7.24456e+06
-7.37505e+06
-7.29573e+06
-7.32112e+06
-7.24698e+06
-7.39148e+06
-9.29427e+06
-9.28055e+06
-9.28317e+06
-9.17677e+06
-9.11115e+06
-8.84646e+06
-9.07113e+06
-8.99425e+06
-8.61751e+06
-8.61839e+06
-8.61776e+06
-8.6178e+06
-8.61777e+06
-8.61771e+06
-8.61795e+06
-8.61777e+06
-8.61782e+06
-8.61806e+06
-8.61798e+06
-8.61795e+06
-8.618e+06
-8.61792e+06
-8.61803e+06
-6.83291e+06
-9.40224e+06
-9.46072e+06
-9.38656e+06
-8.60472e+06
-8.61806e+06
-9.36287e+06
-8.8724e+06
-8.6187e+06
-9.4979e+06
-7.25626e+06
-7.25692e+06
-8.61772e+06
-8.6181e+06
-7.10832e+06
-7.3904e+06
-7.24511e+06
-7.26003e+06
-8.92277e+06
-9.31632e+06
-9.27364e+06
-9.30176e+06
-8.32514e+06
-8.90478e+06
-8.60497e+06
-8.60376e+06
-8.59263e+06
-8.61876e+06
-8.61946e+06
-8.61816e+06
-8.61771e+06
-8.61793e+06
-8.61826e+06
-8.7291e+06
-8.60595e+06
-8.6184e+06
-8.61829e+06
-8.61757e+06
-8.65836e+06
-8.71139e+06
-8.61812e+06
-8.90782e+06
-8.93473e+06
-7.65563e+06
-7.34675e+06
-7.44841e+06
-6.83151e+06
-6.85629e+06
-8.81773e+06
-9.05805e+06
-8.08765e+06
-8.23489e+06
-7.98013e+06
-9.28807e+06
-9.25631e+06
-9.2672e+06
-9.26746e+06
-8.98355e+06
-8.62972e+06
-8.634e+06
-8.62327e+06
-8.618e+06
-8.61851e+06
-8.61834e+06
-8.61791e+06
-8.61803e+06
-9.39895e+06
-9.32481e+06
-8.61772e+06
-9.21921e+06
-8.74153e+06
-8.64015e+06
-8.61794e+06
-8.62284e+06
-9.22349e+06
-7.34159e+06
-7.35653e+06
-8.61813e+06
-8.6181e+06
-9.10085e+06
-8.61843e+06
-8.61852e+06
-7.40215e+06
-1.12073e+07
-5.55181e+06
-8.61797e+06
-1.3885e+07
-1.34994e+07
-8.61855e+06
-8.61793e+06
-8.62749e+06
-7.48824e+06
-8.65791e+06
-8.64054e+06
-8.6034e+06
-8.61806e+06
-8.60253e+06
-8.61809e+06
-1.08897e+07
-3.71392e+06
-6.6063e+06
-6.66642e+06
-7.00211e+06
-9.35901e+06
-9.3068e+06
-9.25174e+06
-9.11876e+06
-7.07016e+06
-8.47583e+06
-8.62153e+06
-8.60419e+06
-8.6246e+06
-8.63245e+06
-8.62105e+06
-8.52558e+06
-8.51929e+06
-8.53804e+06
-8.61745e+06
-8.73127e+06
-8.61727e+06
-8.61719e+06
-8.61671e+06
-8.62009e+06
-8.73947e+06
-8.62062e+06
-8.74268e+06
-8.61824e+06
-8.61866e+06
-8.61733e+06
-8.6192e+06
-8.61757e+06
-8.61723e+06
-8.61804e+06
-9.09516e+06
-8.7137e+06
-9.0539e+06
-8.60203e+06
-8.54561e+06
-8.62063e+06
-8.61933e+06
-8.6175e+06
-9.08772e+06
-8.61794e+06
-8.61743e+06
-8.63534e+06
-8.62061e+06
-8.90277e+06
-8.93756e+06
-7.7187e+06
-7.30988e+06
-7.00634e+06
-9.19941e+06
-9.26641e+06
-9.2787e+06
-8.38376e+06
-8.71411e+06
-8.7431e+06
-8.60654e+06
-8.59053e+06
-8.61756e+06
-8.61869e+06
-8.61883e+06
-8.61773e+06
-8.61795e+06
-9.21255e+06
-8.61809e+06
-8.61818e+06
-8.60562e+06
-8.61805e+06
-9.31303e+06
-8.61812e+06
-8.61827e+06
-8.60334e+06
-9.3209e+06
-8.6139e+06
-8.69472e+06
-8.75365e+06
-8.9283e+06
-8.96552e+06
-8.91969e+06
-8.1472e+06
-6.88042e+06
-6.89238e+06
-8.61803e+06
-8.61803e+06
-8.61803e+06
-8.61804e+06
-9.27657e+06
-9.3524e+06
-9.28243e+06
-9.26111e+06
)
;

boundaryField
{
    Wall
    {
        type            zeroGradient;
    }
    Inlet
    {
        type            zeroGradient;
    }
    Outlet
    {
        type            fixedValue;
        value           uniform 0;
    }
    Empty
    {
        type            empty;
    }
}


// ************************************************************************* //
