/*--------------------------------*- C++ -*----------------------------------*\
| =========                 |                                                 |
| \\      /  F ield         | OpenFOAM: The Open Source CFD Toolbox           |
|  \\    /   O peration     | Version:  2312                                  |
|   \\  /    A nd           | Website:  www.openfoam.com                      |
|    \\/     M anipulation  |                                                 |
\*---------------------------------------------------------------------------*/
FoamFile
{
    version     2.0;
    format      ascii;
    arch        "LSB;label=32;scalar=64";
    class       volScalarField;
    location    "2.1";
    object      p;
}
// * * * * * * * * * * * * * * * * * * * * * * * * * * * * * * * * * * * * * //

dimensions      [0 2 -2 0 0 0 0];

internalField   nonuniform List<scalar> 
2958
(
-1845.83
-163.532
16671.5
-24740.2
-2601.25
17191.9
7067.01
-3356.17
-606.03
-3699.58
-431.774
2946.86
-3183.08
2939.71
-2089.94
-612.427
-1694.58
-3216.69
2943.87
-3235.66
3052.66
-1809.74
3096.46
2158.3
-3191.85
-2636.07
3155.44
-5001.95
-2033.99
-977.349
-2470.57
-2945.95
2804.91
1543.74
-470.855
-9340.18
2943.08
3129.53
-4968.83
-1302.95
38386.9
-9575.82
8692.26
-1665.08
2947.96
6674.33
-233.964
-2066.17
-14339.5
164.493
-1348.47
-995.304
-2747.78
-821.508
-1427.73
-8301.61
-2861.41
-3096.45
-1929.67
43670.5
-4190.46
-3179.77
3999.99
-1050.22
2939.6
2940.11
-833.145
-473.778
276.413
-5362.17
-1638.98
2948.24
-1065.96
-1970.98
2928.26
705.888
-4313.79
4171.17
2923
-1308.71
-3098.67
-4506.67
-5008.24
-5564.49
-3169.7
-1700.78
-2554.37
-1772.74
-166.406
2657.1
924.033
-49.2639
193.284
2946
-323.999
-2312.49
-7470.68
-23671.3
2937.95
2944.69
-24937.1
-1942.65
-1694.79
-75.1665
2757.13
-330.318
2950.15
-15875.8
2933.18
-1341.69
-61267.8
-1426.33
2916.14
-3212.98
2939.65
2940.51
-1562.11
-1597.61
-951.96
-1778.54
-7675.97
2947.61
31.8893
-1534.51
-7149.76
-3488.85
-7064.97
-765.164
-1889.73
2951.49
2928.98
2978.41
-1675.75
2929.84
2942.74
2934.74
-3141.15
-3063.03
2940.02
2939
-4103.37
-655.993
3045
2929.99
-1796.46
-2226.27
2927.32
2946.3
-389.15
2946.81
-3230.59
-7862.89
-3287.83
2022.81
-3409.83
2939.4
3387.72
-2045.42
5547.63
11692.3
-3902.37
-4227.79
-2919.34
2944.98
9179.24
-6466.22
3448.6
2938.7
-2838.99
10665.3
-2857.54
2949.92
2750.17
-1131.03
2918.71
20699.6
-4058.31
-92.8695
8880
317.324
1305.11
-971.772
-2781.91
-91581.4
-342.061
-663.388
-273.906
2932.84
-1983.87
-19551.7
-1461.12
-216.197
9584.38
-4358
40.3123
-1993.05
-105.344
-3217.17
-1265.71
-1757.37
-3587.96
2931.77
-1908.09
62.4824
-8838.91
-40646.2
1014.55
-39784.1
-1810.14
-16612.6
2939.66
2680.87
2934.93
-272.762
2937.94
-2936.99
-1030.89
2937.9
2939.36
2937.78
2961.97
-895.575
5482.08
-834.357
-165752
-1090.51
-5169.03
2939.33
1716.5
-2764.03
-298.55
-3463.08
-779.029
-2700.75
-2037.46
2965.18
2931
-1936.88
2928.09
28351
2936.72
27425.5
-16094.6
-4946.21
-2841.55
-841.604
9046.09
-3206.58
-680.645
-1796.27
-5009.67
-2459.19
-1660.61
7785.42
-24432.9
-1025.74
-1584.7
-534.357
-1948.02
-1971.5
-1456.04
3078.8
-1327.32
50809.3
153.527
-412.957
-4370.78
-2095.76
4917.68
2979.91
2942.8
-1296.7
-1680.92
2954.76
-163.769
-2072
2934.64
-2619.37
2934.86
-656.443
2940.77
2978.26
202.927
-1800.44
-2063.51
2942.54
1854.33
-44985
-68143.8
-675.605
2330.46
-1966.47
2940.14
2946.58
-3738.41
9764.49
2939.36
-1354.93
2939.71
-2822.51
-2063.84
-2616.26
-548.097
-3227.11
-4096.56
-517.83
-28069.6
3069.81
-1373.77
-1515.31
2931.84
-1443.69
-1141.61
2935.06
-463.022
-164647
-3066.3
5845.58
-691.948
-2341.27
-2364.04
-2287.75
-2080.55
-625.993
12710.4
2966.38
-1451.3
2979.26
-64136.1
-28367.3
-2135.47
-2151.64
2950.53
2939.8
11537
2940.02
101831
3772.03
103582
2932.42
-1793.09
198.402
-2388.4
-2857.47
2930.94
-308.29
2931.3
-2109.96
-4890.63
-4390.54
11489.3
-17.6501
-3712.97
-6730.24
-765.521
-1557.09
2937.46
-2216
-520.658
-1700.63
-28483.8
-2112.35
-12754.6
1387.79
-2959.27
-2375
5780.29
-45022.5
-19668.6
-2463.95
284.843
-2767.39
2938.45
-14979.4
-1397.62
-359.139
-1332.17
-1893.2
-2642.07
-2102.09
-4247.25
204.274
2929.59
-2154.67
-1914.37
2939.72
-2348.18
-3527.31
3083.44
2931.39
-3563.61
2938.3
2622.34
-1819.32
-92.9762
186155
-28257.4
2939.71
2945.32
-2068.69
-2324.94
-1516.48
-1611.71
-23133.3
-1202.47
-1759.57
-73.7674
-1777.45
-1883.84
-4842.42
-2829.86
-3116.74
-616.825
-636.562
-253.01
-1986.58
-2434.57
-8237.71
-1718.95
-1716.99
2947.57
-10603.7
-2859.99
-15246.8
-3253.89
3191.3
-926.959
-3091.53
-1677.55
203.245
-2739.21
-2111.63
-1110.36
-1087.23
-1333.31
-2578.58
-2904.19
-2359.16
-3865.81
2935.67
-2456.5
-461.989
-1518.34
-7626.12
9790.38
2491.53
2981.12
-1413.29
2912.25
-2769.33
2922.02
-3276.76
247.338
92.7193
-3456.75
-4882.59
2939.97
-1781
-3849.21
2940.01
-625.58
-25399.7
-4617.47
-1792.45
-1597.01
6241.45
866.823
963.115
-1533.74
-694.519
-1618.54
2946.65
-2000.97
8141.13
-1400.03
-1656.56
170.093
-2923.92
12320.9
-856.069
-3204.36
482.772
2939.46
1270.4
-152.655
-1829.71
-2388.94
188.827
5220.33
-1740.52
1524.25
-354.969
-17624.6
-2216.26
-2223.34
-203.793
-2852.23
2936.28
2935.86
2957.76
-2632.84
2932.33
2939.51
-4332.61
-4468.14
2940.55
-27380.4
-649.403
-9566.76
-6062.2
2931.22
2942.05
-1868.76
2940.04
-1280.82
-1308.56
2478.29
-175.467
-1471.41
-4941.23
1868.45
-1792.69
-2462.95
2103.65
-1190.08
-1060.23
-493.408
3088.44
-843.591
-10414.7
-849.838
2701.87
-405.215
2944.01
805.606
5743.64
-1985.11
-622.62
-3558.83
-843.913
-1907.17
-1346.82
2945.86
-247.634
2973.58
860.336
-744.279
3088.58
2940.15
-126.134
2930.03
2941.02
-203.794
-2805.96
49767.5
-2668.3
-1905.39
-1708.31
-1497.47
-1675.84
-1837.16
-211.209
-952.088
-1655.78
-1604.29
-1385.7
2940.05
-1547.34
29939.9
-1457.09
-2962.23
-1716.6
2930.68
2920.74
2790.91
-502.702
2933.71
212.418
2940.24
-2926.44
-852.832
-469.105
339.69
-180.998
-3868.87
3071.39
2904.36
2942.15
-464.495
-2066.47
2941.7
2938.94
-2543.84
-4833.78
3176.97
-5574.98
-1888.9
-4772.73
-1564.26
5763.14
2949.86
-2263.5
2922.4
-4487.21
2176.08
-1981.47
1263.94
-5556.73
3450.54
2939.1
-1068.85
254.829
2938.93
2940.09
-81.1084
-2942.52
5595.62
-201.488
2948.16
-31320.3
-1633.58
-21029.3
-1922.41
-3568.62
-2151.87
2927.83
-4136.98
-1952.36
-1287.57
2937.78
-6957.69
2937.43
-2356.3
2938.23
-1844.8
-1119.52
2748.92
4888.14
-5027.08
6083.24
2972.39
-2879.7
-157.1
2748.37
-1576.13
1122.75
-8.73447
2975.64
-999.092
2940.56
2940.74
-7801.09
-6402.93
-3085.55
-2854.71
-1644.46
-286.434
3478.96
-14878
-2658.58
-788.251
3521.29
2913.46
2795.89
5850.26
2936.02
-2445.68
2912.85
-1987.7
-225.774
-2598.25
-1722.05
-7605.21
-72035.2
7913.99
-1115.77
-1569.09
-28943.9
2973.01
2942.2
-2945.49
-1929.08
2942.93
-1090.04
2935.57
-1459.92
-1287.11
-1356.23
-3107.86
-176.244
4892.06
-618.433
-3639.2
-4152.69
-1853.54
3082.64
-3034.03
-3191.09
-1813.91
2951.41
2936.68
-3874.71
-1110.16
-9287.13
-2998.92
-430.455
-4822.77
-38639.9
-2368.01
-2138.14
-4057.07
-1621.57
-1794.11
-1784.64
-4824.23
-3500.9
-4312.41
-1620.97
9832.82
-2931.43
1944.63
2976.92
-1606.34
-1934.39
2941.49
-800.707
2933.95
-138172
5536.89
2924.73
-5187.41
-61150.6
-9379.8
-291.679
2792.65
-3713.44
-2802.95
-2807.33
3048.09
2827.38
-1884.65
-10826.1
-123833
-2181.67
-1662.06
3082.14
-8612.06
5327.4
-144.233
-10551.4
-24120.9
1304.73
2947.25
-47872.1
-27656
-27839.4
-1256.68
-3022.77
41.4035
1491.78
2939.77
2941.56
2940.47
-8119.88
-1494.2
2939.24
-1798.99
2937.29
-8374.09
2969.06
2825.87
-173.099
-39893.1
-4278.61
2937.98
2939.19
-3803.65
-3354.68
2945.5
2940.01
-418.524
2941
-24005.4
-3660.95
2780.81
-663.41
-1875.94
2938.41
-43.2183
-1759.14
-1750.84
-6789.71
-1566.63
-3235.71
326.245
-2592.96
3082.91
-1048.95
-2291.57
-3277.44
1864.34
2919.63
-3806.91
-16016
-1677.03
-3788.48
-2888.18
1671.12
-180.147
-1823.07
-2496.74
6020.46
-3499.95
2939.1
420.356
-5601.54
-2413.38
-1763.1
24677.4
-36730.7
-3156.56
-629.696
-3027.47
2461.69
-1292.53
-850.342
-398.814
-4166.66
-989.344
-2759.27
-921.66
-1669.4
-1816.63
-61921.3
-1786.39
-144.421
-5575.01
2938.27
9822.61
-661.682
-6402.17
-2199.38
2941.06
3088.01
2950.83
-502.78
-2183.22
843.562
-1796.59
-1962.46
-1782.08
-2888.98
-3972.85
-286.216
-175.279
-4763.74
-1597.39
2931.5
-3281.46
-4851.8
-2475.21
-1873.63
8600
-1088.06
-17452.7
845.986
-1688.48
10016.2
2840.75
147.521
-3915.46
2944.58
40.0657
-76809.4
-28317.4
48165.6
-3164
2941.48
3074.93
-1187.38
2941.04
2941.15
2941.31
-2359.74
-1751.75
218.181
-1756.46
9058.47
-1109.35
-956.905
-69226.8
-1516.34
-2394.43
2938.24
-1157.92
-4083.33
-1290.86
-3135.79
-1451.23
-3756.97
1434.92
-123385
2940.05
9530.55
-1861.7
-2080.36
-1625.24
-526.797
-2651.24
2959.35
-3101.02
-923.868
-1042.24
-3363.31
-3398.37
-2746.69
-2183
1883
-787.529
-287.392
-2715.38
-334.685
-1111.41
-1491.72
-283.514
-1407.28
-61.3297
-359.541
-915.757
-141.67
-433.377
-3638.14
-353.911
2329.56
-973.496
178.827
-1505.43
-1689.04
-703.898
-1084.77
-1877.05
-1830.05
2940.52
-1672.28
5920.39
-2928.84
-4047.69
-4363.34
-3936.11
-760.104
-3801.38
-1134.48
-2738.41
-54557.1
-2547.96
-652.413
-2872.71
195.453
5820.61
2942.7
2920.23
-2832.25
-1848.24
7725.9
2943.19
-3617.4
-4962.6
96.446
-1617.19
-4405.85
-6.30959
-1771.49
-33347.2
2942.6
1417.5
2938.22
-2149.45
-28680.6
-3686.42
-662.278
2827.79
-3115.49
2947
4915.74
-8204.43
-3035.72
-1075.15
-2032.98
-1135.69
-827.069
-481.636
-1896.6
-1634.4
10272.7
-3882.61
-1758.77
-3196.16
-4322.89
-1783.45
-327.195
-1171.11
273.213
7844.8
-1827.99
-2505.89
-5582.59
-1826.33
-1788.93
2604.71
3051.07
-28284.8
-2556.75
2924.33
-64201.6
-3591.96
-1726.46
2939.56
-3029.86
-1957.54
2792.76
-1314.42
-3201.72
-65254.6
-5200.77
-1753.61
2615.26
-1326.48
-2075.76
384.9
-21721.3
2941.3
847.003
3661.66
-1700.37
2939.56
2936.8
-2969.87
2944.3
2933.05
2502.06
-1293.53
1120.72
2924.37
2930.39
-4099.72
2979.63
-1569.13
-2167.93
-7032.13
2940.34
-1648.26
-1416.27
3968.4
-1791.19
3339.14
-11885.4
2939.47
-1173.03
2931.1
2931.57
2940.25
-5437.6
-2116.21
3085.01
-1802.3
-3221.5
-509.174
-1792.79
382.972
-2781.1
2933.56
975.393
2914.84
-79782.7
-45744.2
2931.99
11601.8
-3210.78
-14233.1
-517.272
-2908.32
-1788.9
4926.03
-3524.46
-6929
2968.2
-402.212
87.7098
-3149.16
-2990.75
-2736.85
-3224.21
1356.61
-7826.93
-3802.15
2947.43
-28210.2
-2329.46
-6904.43
7958.5
-3100.55
4978.75
-1553.03
2929.29
-2243.63
-5228.47
-1611.07
2933.44
-3360.64
2947.73
2939.73
2944.39
2939.4
-83.5511
-503.925
9689.84
-4303.66
-1974.25
-3131.53
-1816.86
-1585.51
-574.388
46.8812
-3294.18
-896.394
459.787
-614.412
-915.742
-1312.52
-2639.04
2937.99
3736.56
-5305.44
-476.238
-2230.74
-9198.98
-5384.42
-1350.76
2940.15
2951.95
-3069.15
3088.9
-1684.16
-3080.88
-1992.63
-4496.15
-4281.36
-1939.79
-499.471
16578
2909.03
-4384.49
-913.754
-8634.73
-4596.82
1231.56
-2149.9
-4187.95
-1514.92
2935.44
-651.117
-7526.37
-3013.83
-1619.75
-1749.48
-1439.69
-685.632
-1281.79
1941.37
-1678.05
2937.38
-1711.6
1974.03
-3290.35
2931.23
2909.89
-1242.88
-1420.81
-2680.53
-2072.64
-9926.29
13334.1
2943.87
-3702.25
3702.23
2964.74
-4762.1
2948.18
-1708.84
-52.2438
2944
-4271.34
218672
-3213.9
-1198.15
-2659.12
2948.05
-1379.33
2927.91
-1288.17
-4655.09
-64207.3
-912.373
3041.22
2364.56
-2176.08
-71617.8
2942.19
719.403
253.114
-2126.83
3087.4
-3164.77
-2239.25
-1946.44
-2052.23
-830.414
863.381
-1365.51
-4250.14
2932.21
-3035.21
-1162.53
-2733.42
-1882.41
-1306.35
-2129.05
-1528.52
2979.16
-1056.88
3615.67
2938.93
-1473.5
3053.41
-3747.77
2909.77
-1758.87
-627.455
-8883.16
-925.834
-1108.98
2967.65
-685.972
-1241.1
-925.206
-3829.9
-1597.76
-1846.68
-3098.09
2936.08
2939.46
4153.7
4543.24
2938.95
3116.46
-593.9
-2315.9
409.208
-1639.39
-3759.84
24059.6
9299.9
-1334.47
516.773
-1717.71
-1857.06
-1790.59
-3349.51
-685.72
-2921.05
-1859.36
-2865.44
-1205.03
206.274
7883.04
-192.407
-2413.27
-13342.1
-5930.71
4564.86
2733.12
-66880.1
-1501.73
1138.15
-1268.87
-2178.78
-11816.8
-1121.47
-2653.73
2814.11
-1697.38
-1781.82
2939.62
-884.567
-1788.53
-1751.88
-1136.46
-7197.31
-2496.47
-5983.98
-1879.28
-1193.69
-1714.06
-2629.78
-1466.32
-3808.17
3779.7
-4497.93
-2244.4
2932.11
-2088.79
16993.5
2919.85
-1216.12
-2080.01
-153.039
-3636.38
-5012.39
-1828.4
-184.198
2905.08
-2678.54
-938.419
-3235.91
-136117
-1664.39
-267.768
-832.538
17327.9
-190.225
2960.47
189452
2947.59
-4903.42
2944.83
187536
2939.85
-2031.36
12911.3
2788.57
2938.88
-1927.33
2938.95
2975.25
-4207.89
2938.18
14791
3067.72
-1655.2
2939.94
-3104.37
-22043.9
-1404.96
2934.89
-2697.27
-417.35
206315
2946.13
-276.606
2955.93
-5419.73
2939.53
-4859.72
205256
2936.2
-51892.2
-25369.8
-2126.88
-2950.85
-516.913
-2586.2
8259.03
2909.1
-4019.92
2938.49
3130.07
-698.603
-1679.26
2953.21
-3798.73
2817.33
-3070.61
-1933.02
-203.358
-1838.78
-2065.89
-91410.8
-1618.87
-1282.52
-1463.4
2932.89
2939.15
-2296.13
-492.45
-6371.3
-1059.28
-1234.37
2933.86
2947.54
-1063.75
-1101.48
-3106.22
-1141.94
-2101.9
-128.243
-1522.75
3348.28
2941.04
2940.99
6091.2
348.292
10668
128.657
165.618
-3550.36
-4477.91
-2961.1
-3230.68
235.622
2938.12
-1796.5
-1234.56
-1714.57
-2339.24
13344.5
2936.08
-1714.46
-4841.04
-2438.67
2934.55
-2536.56
-2398.76
-3383.93
2934.33
-1720.76
-1686.48
2938.8
2951.4
2939.48
2941.38
2939.27
2941.61
-382.154
-2660.79
-1392.59
-3727.55
-4709.08
710.374
-1729.35
-1395.67
2935.27
2956.07
-2939.68
290.057
2939.79
-956.277
-2508.48
2925.99
-4020.02
-6703.93
-3297.15
2145.44
-3203.35
5057.45
-2081.37
13030.4
-1755.29
-333.89
-3281.39
2938.9
2766.88
-855.314
-376.578
2949.59
11988
-8056.98
-1844.45
2942.81
-3537.13
9450.92
-148.179
-3574.85
-493.314
-1985.81
2942.73
-1529.32
-2703.51
-1845.77
-663.735
-504.602
-1760.08
2932.65
-2604.87
-3908.41
-1491.2
-7157.16
-1368.16
7843.27
11616.1
-956.718
10918.7
-1002.41
-3748.14
-2071.49
-1324.97
-1739.22
-2885.65
-1070.46
-1235.92
122.157
3061.55
2940.54
-2299.86
-2200.91
-1993.68
-1353.57
7014.05
-1778.83
-1092.3
-1008.97
2922.25
4899.87
10765.9
8701.46
-230.543
-1435.92
2942.77
-4644.42
-365.528
1401.25
48113.4
-1481.42
2940.3
-378.378
7073.54
-1824.33
-1287.4
-3262.9
2946.66
-1660.34
-1599.5
-2209.73
10937.1
-2044.62
2943.32
-1933.89
2948.33
-1820.89
-2752.77
-498.8
-1234.27
-1458.05
-1500.83
2940.02
-4671.77
-212.818
-10073.9
-1804.11
-79176.9
-1717.37
801.3
-1662.51
-4776.58
-2730.85
-990.223
-2185.17
-208.388
-2422.71
2940.41
3420.37
6319.25
-2949.83
-485.782
3464.62
-429.814
-983.507
6781.53
11.7571
-480.9
-1773.42
-25.8326
-1738.72
2935.15
2938.24
2939.57
2779.1
-1945.04
2940.07
2936.02
-2739.65
-23527.5
2940.68
-84349.7
-3705.97
2916.78
-1115.98
-10923.3
-3071.39
-157507
-2191.21
-10247.3
-181.311
2558.98
-735.262
102361
-907.663
-1257.34
2958.34
-5464.66
-1594.64
-1492.07
-1892.98
-1862.66
2940.38
2815.72
-2932.94
2948.85
2936.72
14385
-1864.28
2941.65
-1497.95
2945.39
-1906.77
-3938.44
2922.75
-1817.8
-955.956
2515.58
-2960.73
-9462.45
-196.617
-496.96
-1734.91
-2577.54
-1518.12
1002.62
-1675.01
-4660.93
2938.36
-1810.74
2933.69
1932.46
-1408.44
-692.255
-1129.08
2764.52
6423.03
-2590.14
947.297
2941.11
2941.96
2941.98
2956.29
2955.97
2954.63
2890.3
1664.88
7472.67
31394.2
13697.9
13771.4
-42.9321
721.228
193.982
-632.257
674.728
273.488
560.625
-29.7493
1657.91
1654.79
-1051.08
-4710.33
6932.72
-5020.43
-18415.3
-18405.6
-17036.8
-11137.8
-6777.66
-16255
-10957.3
-1849.94
-5802.42
-17609
-26596.5
71.1638
2234.72
196.285
2734.37
-2646.45
-206.104
2719.67
2093.71
2825.66
2188.3
2874.03
2948.46
2957.15
2943.42
2940.34
2934.22
2938.24
2939
2940.94
2932.52
2939.1
2912
2907.03
2931.49
2877.75
3184.99
2259.84
3121.72
3187.8
2229.31
3081.53
3082.37
-127518
-141852
-11901.4
-29219.2
-95480.2
-85207.8
-3189.7
-1500.25
-2889.81
-3463.61
-3291.33
-2389.42
-3062.56
-3176.85
-2916.44
-3168.63
-202.392
-4822.91
-4628.58
134.01
-1023.22
-1581.47
-1665.75
-1635.13
-1530.55
-1491.43
-1647.45
-1655.7
-2044.43
-1876.33
-2012.29
-2125.85
-2354.94
-2353.32
-1835.77
-3147.82
-3126.9
-2932.15
-3248.14
-4246.08
-2871.76
-1659.11
-3756
-4301.57
-3503.42
-3829.89
-4217.61
-3967.3
-4276.21
-4409.49
-4398.7
-4662.72
-4626.66
-4442.75
-5057.08
-4789.35
-4924.56
5867.55
6567.93
6762.71
7833.86
4917.89
9866.12
9360.95
3795.65
3748.71
6406.57
1027.75
1064.5
1001.42
3148.89
48.9998
-463.258
8224.07
7908.63
8143.08
1326.99
9677.4
9937.73
24491.2
25805.5
15967.7
15012.2
12348.7
3758.71
4896.96
3300.85
2561.1
853.045
-1326.14
-3252.98
-2499.36
-1599.29
-765.188
-1161.36
-1283.6
-1468.49
-1300.21
-1758.95
-2087.87
-2618.44
-2463.22
-2296
-530.494
-533.729
-345.428
-158.333
-717.82
3559.95
4108.62
4083.78
3608.5
3587.21
4708.54
4372.41
4362.01
4582.57
18289.1
13422.2
12492
-5609.28
-3699.34
-3124.5
510.403
-1202.03
-280.322
-806.525
-27988.5
-28419
-38936.4
-28480.3
-28251.7
-38462.9
-28146.9
-32208.7
20379.8
-31952.3
12476.2
5999.08
1764.38
37729.1
30954.7
30510.5
-1372.54
4593.03
4364.18
-580.929
-805.674
-1043.71
2019.53
5935.53
5190.15
5391.53
5359.32
6114.62
5755.26
5425.12
6505
6084.28
8815.94
-2179.03
-1019.67
-4439.1
-3255.72
-2586.34
-2930.56
-2477.86
-2171.06
-2294.13
-2225.17
-2245.29
-2081.65
-2299.5
-2156.07
-2226.77
-2368.32
-2224.22
-1647.07
-1706.05
-1701.4
-1974.1
-2717.93
2655.73
2660.19
2806.25
2871.38
2941.88
2946.83
2979.34
2980.55
2941.88
2926.53
2938.45
2919.53
2921.1
2932.26
2902.75
2833.07
2944.5
2903.83
2824.58
2898.78
2900.82
2956.21
2905.23
2926.18
2938.57
2919.71
2969.03
2974.62
2922.05
2939.34
2937.35
2940.97
2934.86
2933.56
2933.55
-2744.51
2939.31
2938.5
2939.89
2939.9
2935.33
2939.3
2940.47
2933.98
2939.61
2860.87
3194.06
2187.07
3196.56
3089.33
3087.5
2798.82
2944.67
-1963.38
-1489.81
-1622.28
-1937.37
-2023.54
-2183.13
-4439.3
-4715.07
8809.82
-20221.4
7246.6
10675.2
6801.69
3179.35
3793.21
7777.86
7855.37
26556.1
27636.5
2870.36
-6648.64
-4572.86
-1454.84
-1328.06
695.977
-1429.83
3673.64
-1599.19
3840.99
3784.69
4211.21
-1612.05
-4681.57
-345.513
-1894.01
9389.78
-1846.12
-28210.8
-28503.5
-28589.6
-32206.5
9081.01
4218.51
5911.14
8197.04
-128.504
1539.51
2333.31
5556.29
5558.96
5422.5
5773.04
-3260.79
-2367.77
-2103.07
-2076.25
-2573.21
-2265.09
-2316.89
-2908.78
-2222.78
-1732.63
-1795.45
-1684.79
2666.67
2991.48
2940.63
2884.34
2899.7
2950.4
2897.88
2826.11
2960.11
2911.2
2906.84
2903.71
2932.17
2938.87
2940.51
2935.26
2934.58
2939.17
2935.78
2934.39
2940.06
2935.36
2937.52
2938.63
2945.03
2945
2943.47
2943.52
2943.43
2943
2942.89
2942.05
2934.24
2939.23
2941.14
2939.73
2940.21
2937.97
2939.89
2939.47
2939.2
2939.36
2939.36
2938.77
2938.11
2938
2932.31
2937.89
2934.16
2938.83
2930.67
2999.49
2986.99
2977.08
2929.57
2914.13
3150.2
-2850.35
-3296.39
-4488.38
-3482.98
-3637.61
-26113.2
-13829.5
-15025.6
-20888.1
-76071.3
-58876
-70234.5
-12370.2
-79284.9
-843.999
-191.849
-690.515
-1368.57
-1436.59
-1270
-1078.56
-1866.49
-1405.86
-1912.29
-1851.81
-1574.73
-1789.61
-2026.7
-1872.91
-2095.86
-1957.02
-1992.91
-2147.03
-2129.83
-2211.64
-2087.23
-1990.65
-2431.28
-2394.79
-2600.29
-2566.94
-1556.64
-2250.71
-2052.74
-2495.14
-2399.98
-2178.67
-2809.62
-2910.45
-3116.34
-3172.52
-3156.67
-3131.93
-3164.25
-3134.38
-3209.33
-3455.01
-3108.59
-2761.75
-4017.66
260.258
-1504.43
-352.166
-822.331
-580.992
-136.943
-958.031
-1019.12
-712.738
-208.011
-572.545
-486.004
-183.492
-221.754
-456.457
-37.2479
1983
2323.08
81.7634
1563.08
11387.8
6235.17
-14009.2
-9208.07
-15935.7
-4904.62
-11474.7
-8253.04
-5836.61
4791.25
-4291.91
-5577.72
-4287.49
-1883.36
-3191.34
-2525.94
-3457.33
-3044.03
-3512.98
-2757.39
-2348.36
-1606.53
-1662
-1581.18
-1625.49
-1595.56
-1675.37
-1517.32
-1705.05
-1179.7
-486.256
-144.86
4905.97
-139.336
-344.403
-183.935
-648.726
-703.314
-2275.35
-2004.65
-2591.43
-3286.14
3676.19
3681.14
3782.92
3876.13
-3061.8
-2338.97
-3424.54
-3062.29
-2882.66
-4668.1
-2130.93
-3518.95
-3206.35
-3137.6
-2628.73
-2228.83
-2601.15
-2718.97
-3085.53
4922.62
-2315.13
-29185
-38553.2
-1908.27
-30520.3
10265.2
-3534.02
2224.98
-1921.28
8676.67
3907.05
-1224.67
-2398.06
-9088.06
-10176.5
-5156.1
-605.391
-2692.88
-1998.72
-656.107
-1581.56
-703.781
21.1425
74.218
95.5007
249.41
162.533
-47.6475
205.83
183.852
27.7947
625.892
-130.866
377.046
0.933155
-925.278
-601.994
-1510.05
-617.902
-866.334
-1218.46
-1324.6
-1183.31
-1069.04
-1203.47
-1280.29
-1331.61
-1270.91
-1630.86
-1446.96
-1908.95
-1378.55
-1277.28
-1417.44
2606.06
2990.04
2592.57
2832.24
2822.79
2819.35
2845.04
2826.34
2845.97
2904.96
2924.91
2951.09
2930.1
-1923.12
2948.29
2968.79
2934.13
2938.76
2940.35
2939.66
2938.31
-417.179
2938.93
2940.26
2940.23
2939.15
2941.84
2941.86
2932.85
2940.69
2938.1
2942.33
2938.65
2937.6
-22803.6
-274.168
-265.23
-4405.15
-4285.22
-3804.29
2939.6
2939.77
2938.87
2939.64
2943.96
2940.53
2939.8
2940
2940.18
2940.53
2939.8
2939.82
2940.01
2940.63
2941.76
2939.13
2939.63
2940.92
2937.97
-6229.25
2936.91
2934.26
2934.98
2919.57
2974.15
2971.75
2970.22
2932.69
3194.27
1888.41
-5446.39
-2552.55
-2857.01
-2986.51
-3332.42
-3870.21
-3290.23
-3517.62
-4583.19
-12571.4
-21918.7
-3190.83
-2520.35
1421.46
-2210.17
-3623.34
-952.24
-375.41
-739.395
-1328.38
-1514.95
-1616.85
-1653.18
-1659.14
-1068.38
-1542.96
-926.362
-1771.39
-1674.95
-1543.52
-1508.95
-1631.42
-1481.21
-1332.18
-1472.97
-1492.75
-1478.07
-1438.92
-1526.03
-1730.33
-1338.76
-1463.54
-1325.18
-1835.54
-1377.08
-1340.38
-1396.56
-1010.83
-1372.39
-1646.21
-2407.24
-1730.55
-1206.88
-1491.7
-3314.23
-2401.35
-1768.86
-1733.72
-1819.62
-1737.76
-1725.64
-1778
-1689.5
-1438.15
-3339.28
-3751.12
-2386.68
-3769.91
-1459.97
-1697.62
-1465.22
-839.475
-1595.44
-927.642
-1876.72
-255.808
-591.83
137.195
-158.913
294.198
-459.263
-364.504
-253.049
-148.373
-237.364
-124.76
-211.59
-251.298
-212.637
-113.271
-44.1093
719.384
78.1052
123.491
-93.0789
2088.44
322.264
11120.2
2035.89
5589.46
28231.9
13482.8
-3008.13
-3472.36
-3265.87
-2860.38
1759.2
-3021.65
-2380.66
-2549.12
-3457.29
-3088.49
-3669.09
-2336.05
-3034.93
-3497.26
-2935.27
-2053.4
-3506.04
-3783.03
-195.851
-637.581
-536.109
-2654.08
-2124.45
-2344.11
-2461.45
-1611.67
-1525.26
-1707.96
-1503.95
-1757.05
-1119.52
-1480.51
-1439.26
-1586.21
-1326.25
-846.122
-1055.13
-879.775
-545.609
-215.256
-266.64
-425.324
-19.1506
-76.0839
-6.71982
-2142.71
-781.732
-2135.21
-2007.35
-3501.18
-2483.62
-2388.05
-2447.68
-2795.86
-2542.69
-2410.65
-2593.91
-2717.73
-3453.7
-3642.86
-3419.81
-2820.67
-4224.15
-3851.56
-5523.84
-4968.13
-4614.22
-6849.66
-9461.04
-8994.42
-7147.51
1853.36
-10166.7
-2830.2
-6471.33
-6362.31
-6210.03
-4679.53
-2571.05
-3769.73
-2840.48
-3287.53
-3675.13
-3050.75
-3569.57
-2442.58
590.065
-1277.28
-1994.54
-1257.72
248.53
154.725
-795.739
-800.338
243.89
-803.971
-856.101
-772.838
-867.494
-1155.45
-792.022
329.532
-795.054
-903.055
-495.587
-917.761
-862.536
-886.099
-875.269
-1604.13
-1399.03
-3352.04
-793.009
-384.088
-1005.56
-955.347
-1122.54
-1211.36
-997.371
-1143.63
-1104.57
-971.356
-1343.36
-1193.59
-1483.73
-1293.72
-1333.95
-1131.3
-1258.7
-1230.34
-1358.45
-1647.94
-1251.33
-1250.86
2934.89
1176.71
2952.06
2974.08
2833.94
2944.28
2825.26
2961.55
2919.93
2915.02
2930.32
2937.03
2937.67
2931.78
2936.23
2939.28
2943.79
2942.55
2942.1
2942.55
2938
2942.73
2939.91
2941.95
2939.05
2941.54
2941.6
2938.53
2941.82
2932.59
2941.69
2939.53
2938.41
2942.51
-4057.69
-3446.06
-576.731
-7.3346
-341.165
-429.272
-291.12
6.78239
-362.018
-3834.31
-3580.06
-189.977
-3359.69
-3521.82
-6503.57
-2758.94
-4735.73
-4064.72
2941.24
2940.44
2940.63
2941.14
2966
2915.55
2960.55
2932
304.274
168.686
-594.43
131.583
3479.79
2940.09
2941.33
2940.66
2941.23
2944.16
2939.43
2942.18
2940.25
2942.87
2943.05
2940.95
2940.35
2943.92
2944.49
2936.22
2938.91
2970.41
-3832.41
-4515.11
-3387.76
-4457.38
-3784.86
-3462.32
-3784.76
-4335.3
-1634.44
-3640.32
-2628.55
-1394.98
-1584.25
-1670.81
-1595.09
-1648.86
-1495.73
-1312.63
-1491.87
-958.411
-986.726
-1486.11
-1332.89
-1254.04
-1495.92
-645.987
-788.935
-268.702
-998.237
-1006.49
-1375.84
-507.979
-1686.56
-843.458
-756.769
-1921.14
-1474.92
-2351.32
2940.19
2941.01
-2423.52
-2422.74
-1559.74
-1777.8
-2393.06
-2247.02
-737.072
-666.891
-846.248
-636.156
-649.832
-423.846
-69.5151
-601.459
-205.603
-55.6722
-193.767
-149.395
-190.198
-164.37
93.6939
-280.489
-3004.44
-2104.08
-254.852
-866.607
-3938.88
-2117.34
-1951.18
-2376.3
-2146.9
-2332.78
-1762.01
-1273.55
-2201.05
-3083.62
-3323.01
-3673.24
-1334.44
-1030.06
-929.891
-1402.73
-150.162
-217.041
-135.483
-3872.74
-3234.05
-4355.47
-2913.74
-3710.95
-11081.5
-4508.95
-3379.31
2949.38
2917.3
2937.81
2948.24
2937.98
2937.61
2941.07
2941.21
2938.77
2941.85
2941.52
2939.71
2940.53
2941.92
2941.33
2078.22
-3221.13
-4052.43
-3537.2
-4299.37
2941.68
-3613.6
-10687.1
2949.07
-3681.35
-2315.27
-1767.09
2940.29
2938.82
-529.822
92.7908
-884.721
-394.038
-2426.05
-3069.69
-2858.59
-3181.35
684.25
-11032.4
-1675.4
-1414.71
-1286.23
2832.35
2860.27
2901.72
2936.49
2938.7
2933.67
-7950.58
-4466.81
2938.19
2936.08
2969.8
-1905.35
-1425.91
2940.67
-2763.39
-2560.62
-143.337
-446.715
15.91
-2067.31
2260.41
-7928.06
-4805.63
-494.2
-1145.43
-425.971
-2239.61
-2165.39
-2484.64
-2550.71
-2437.81
-987.852
-1036.67
-1364.58
2941.63
2923.05
2924.43
2940.01
2939.33
-3158.08
-3320.33
2949.09
-2468.61
-820.547
-663.939
2941.23
-1072.5
-4039.1
97.498
22
2939.16
2940.11
-3202.48
2953.45
2953.65
5227.23
855.989
1859.32
2940.32
-10466.8
-5578
-19829.9
2940.56
2751.9
144.18
2263.71
2524.24
-3177.34
2942.73
-1508.83
2944
-4535.81
6700.74
24070.9
25747.4
-1102.81
4235.88
4105.31
3725.45
-5451.25
21716.6
5548.08
-1148.84
-2999.5
-1044.21
-974.457
-2078.41
-2117.75
-2438.1
-1651.06
2839.19
-657.636
2946.26
2944.9
2966.07
2948.22
-842.906
2908.96
-841.504
2934.59
2955.86
2942.97
2918.75
2934.42
2941.71
2939.22
3833.13
-4717.86
-4620.04
-1302.7
-1716.7
2907.26
2834.18
2933.08
-3602.17
2938.25
2870.04
2597.59
-1564.05
-2814.34
-2852.46
-189.422
177.309
1513.7
-2738.01
-2352.6
-2242.76
-277.841
-5180.6
-164.729
-1450.54
-1278.94
2589.32
2838.98
2917
2971.75
2938.54
-3421.79
2940.4
2935.46
-4327.77
2940.21
-3696.25
2940.84
2937.47
-1307.08
-2946.64
-1464.75
-1473.23
-1691.01
-2395.87
-3074.54
-2117.02
-803.57
1445.52
4683.17
2940.49
2940.86
2940.61
2939.63
3987.24
4332.64
4068.39
3785.88
)
;

boundaryField
{
    Wall
    {
        type            zeroGradient;
    }
    Inlet
    {
        type            zeroGradient;
    }
    Outlet
    {
        type            fixedValue;
        value           uniform 0;
    }
    Empty
    {
        type            empty;
    }
}


// ************************************************************************* //
