/*--------------------------------*- C++ -*----------------------------------*\
| =========                 |                                                 |
| \\      /  F ield         | OpenFOAM: The Open Source CFD Toolbox           |
|  \\    /   O peration     | Version:  2312                                  |
|   \\  /    A nd           | Website:  www.openfoam.com                      |
|    \\/     M anipulation  |                                                 |
\*---------------------------------------------------------------------------*/
FoamFile
{
    version     2.0;
    format      ascii;
    arch        "LSB;label=32;scalar=64";
    class       volScalarField;
    location    "6.3";
    object      p;
}
// * * * * * * * * * * * * * * * * * * * * * * * * * * * * * * * * * * * * * //

dimensions      [0 2 -2 0 0 0 0];

internalField   nonuniform List<scalar> 
2958
(
-1.75747e+06
-1.95045e+06
-1.62337e+06
-1.78089e+06
-2.36052e+06
-1.62601e+06
-1.75177e+06
-1.80099e+06
-2.06055e+06
-1.86449e+06
-1.76096e+06
-1.81537e+06
-1.82971e+06
-1.81542e+06
-1.80995e+06
-1.75794e+06
-2.15596e+06
-1.82436e+06
-1.81535e+06
-1.76083e+06
-1.81891e+06
-2.09513e+06
-1.82326e+06
-1.89126e+06
-1.82751e+06
-1.76143e+06
-2.07035e+06
-2.12077e+06
-1.7553e+06
-1.75403e+06
-1.76025e+06
-7.134e+06
-1.82861e+06
-6.12349e+06
-1.78883e+06
-1.778e+06
-1.81548e+06
-1.82144e+06
-1.75715e+06
-1.86553e+06
-1.41292e+06
-1.79919e+06
-1.75028e+06
-1.75591e+06
-1.81555e+06
-1.49302e+06
-1.76022e+06
-2.17936e+06
-1.77077e+06
-1.87629e+06
-1.75714e+06
-2.02942e+06
-1.98063e+06
-1.76225e+06
-1.75794e+06
-1.80994e+06
-1.92242e+06
-1.90493e+06
-1.7606e+06
-936334
-1.76114e+06
-1.76106e+06
-1.74767e+06
-1.75542e+06
-1.81547e+06
-1.81526e+06
-1.76296e+06
-2.05868e+06
-1.7598e+06
-1.76526e+06
-2.23674e+06
-1.81534e+06
4.16059e+06
-1.76116e+06
-1.81734e+06
-1.75686e+06
-1.76122e+06
-1.74659e+06
-1.81975e+06
-1.75651e+06
-1.82779e+06
-2.02211e+06
-2.19633e+06
-2.21075e+06
-1.76016e+06
-1.77544e+06
-2.06069e+06
-1.77577e+06
-2.06116e+06
-1.81868e+06
-1.77633e+06
-2.01247e+06
-1.75493e+06
-1.81537e+06
-2.08396e+06
-1.71433e+06
-1.7629e+06
-1.78735e+06
-1.81545e+06
-1.81546e+06
-1.77696e+06
-1.76023e+06
-1.73958e+06
-1.97192e+06
-1.81703e+06
-1.78246e+06
-1.81537e+06
-1.76865e+06
-1.81489e+06
-1.72718e+06
-1.82242e+06
-1.75694e+06
-1.81834e+06
-1.84717e+06
-1.81536e+06
-1.8151e+06
-1.77591e+06
-1.75728e+06
-2.10665e+06
-1.75868e+06
-1.76589e+06
-1.81538e+06
-1.75429e+06
-1.76999e+06
-1.76572e+06
-1.76085e+06
-1.76915e+06
-1.79659e+06
-1.75815e+06
-1.81532e+06
-1.81654e+06
-1.81516e+06
-1.75728e+06
-1.81511e+06
-1.81555e+06
-1.81532e+06
-1.8628e+06
-1.75908e+06
-1.81536e+06
-1.81544e+06
-1.76011e+06
-738534
-1.8185e+06
-1.81533e+06
-1.75834e+06
-2.33817e+06
-1.81716e+06
-1.81542e+06
-1.98235e+06
-1.81539e+06
-1.76076e+06
-1.76343e+06
-1.87317e+06
-1.80697e+06
-1.80524e+06
-1.81446e+06
-1.82549e+06
-1.75764e+06
-1.7403e+06
-1.95077e+06
-1.81053e+06
-1.88571e+06
-1.78073e+06
-1.81546e+06
-1.75393e+06
-1.76563e+06
-1.80061e+06
-1.81511e+06
-1.86931e+06
-1.92394e+06
-5.95565e+06
-1.81538e+06
-1.8172e+06
-1.88711e+06
-1.81537e+06
-1.69506e+06
-2.03458e+06
-1.91423e+06
-1.78484e+06
-1.75979e+06
-1.89119e+06
-1.78658e+06
-1.81704e+06
-1.84679e+06
-1.96097e+06
-2.09708e+06
-1.89393e+06
-1.81492e+06
-2.10054e+06
-1.77193e+06
-2.172e+06
-1.98604e+06
-1.43678e+06
-1.90783e+06
-2.01677e+06
-1.75561e+06
-1.95719e+06
-5.1541e+06
-1.75431e+06
-1.86993e+06
-1.91989e+06
-1.81513e+06
-1.75747e+06
-1.94147e+06
-1.78501e+06
-2.35442e+06
-1.7905e+06
-2.36891e+06
-2.06177e+06
-1.77304e+06
-1.8154e+06
-1.81866e+06
-1.81519e+06
-1.8429e+06
-1.81474e+06
-2.06768e+06
-1.75565e+06
-1.81541e+06
-1.81552e+06
-1.81537e+06
-1.81626e+06
-1.84871e+06
-1.74272e+06
-2.1221e+06
-1.92595e+06
-1.75708e+06
-2.13002e+06
-1.81556e+06
-1.85318e+06
-295613
-1.74401e+06
-4.26175e+06
-1.98131e+06
-2.14342e+06
-1.75546e+06
-1.81647e+06
-1.81288e+06
-1.75871e+06
-1.81296e+06
-1.73134e+06
-1.81467e+06
-1.73213e+06
-1.77515e+06
-2.12895e+06
-1.76192e+06
-1.71495e+06
-1.50765e+06
-1.84296e+06
-1.76888e+06
-1.76276e+06
-1.8835e+06
-1.87121e+06
-1.77753e+06
-493372
-1.77901e+06
-2.03921e+06
-1.75882e+06
-1.98736e+06
-1.76766e+06
-2.08595e+06
-1.75775e+06
-1.82146e+06
-571377
-859983
-1.81594e+06
-1.76092e+06
-1.80841e+06
-1.76204e+06
-1.79948e+06
-1.81772e+06
-1.81546e+06
-2.13341e+06
-1.75969e+06
-1.81538e+06
-1.83474e+06
-1.76188e+06
-1.81615e+06
-6.86774e+06
-1.81487e+06
-1.78393e+06
-1.81544e+06
-1.81437e+06
-1.81577e+06
-1.78373e+06
-1.11589e+06
-1.81541e+06
-1.80697e+06
-1.80574e+06
-1.82851e+06
-1.75798e+06
-1.8857e+06
-2.26512e+06
-1.8153e+06
-1.81543e+06
-1.96806e+06
-994836
-1.81544e+06
-1.75769e+06
-1.81544e+06
-1.90427e+06
-1.86321e+06
-2.20691e+06
-1.98923e+06
-2.05789e+06
-1.76038e+06
-2.16186e+06
-1.79167e+06
-1.82138e+06
-1.77027e+06
-1.75888e+06
-1.8155e+06
-1.75878e+06
-1.75573e+06
-1.81549e+06
-1.77124e+06
-1.9247e+06
-2.63013e+06
-1.74486e+06
-2.0315e+06
-1.76211e+06
-6.64229e+06
-2.12604e+06
-1.7701e+06
-2.14551e+06
-1.90812e+06
-1.81764e+06
-1.75681e+06
-1.81709e+06
-1.81834e+06
-142774
-2.13161e+06
-1.90356e+06
-1.81537e+06
-1.81535e+06
-791090
-1.81537e+06
-1.62753e+06
-1.55668e+06
-1.62517e+06
-1.81552e+06
-1.77602e+06
-1.97234e+06
-341533
-2.33309e+06
-1.81485e+06
-1.76603e+06
-1.8147e+06
-1.83172e+06
-1.75715e+06
-1.76022e+06
-1.99861e+06
-1.8449e+06
-6.45893e+06
-1.76511e+06
-1.8342e+06
-1.7607e+06
-1.81532e+06
-1.76896e+06
-1.26374e+06
-1.75819e+06
-149538
-1.7585e+06
-1.76913e+06
-1.67651e+06
-1.79003e+06
-5.29588e+06
-1.74565e+06
-1.80553e+06
-1.7773e+06
-1.436e+07
-1.85031e+06
-3.38532e+06
-1.81536e+06
-1.77175e+06
-1.76029e+06
1.85102e+06
-1.75771e+06
-1.92298e+06
142284
-2.1939e+06
-1.76097e+06
-1.75085e+06
-1.81697e+06
-1.76932e+06
-2.06504e+06
-1.81623e+06
-1.7633e+06
-5.64662e+06
-1.82295e+06
-1.81631e+06
-1.84303e+06
-1.81522e+06
-1.80069e+06
-2.19626e+06
-1.75604e+06
-1.56561e+06
-139795
-1.81537e+06
-1.81536e+06
5.33983e+06
-1.76034e+06
-1.75848e+06
-2.19183e+06
-1.77567e+06
-1.75705e+06
-1.75828e+06
-2.07111e+06
-1.77547e+06
-1.75888e+06
-1.75639e+06
-1.76111e+06
-1.8265e+06
-1.75979e+06
2.97638e+06
-1.99674e+06
6.11107e+06
-1.98881e+06
-1.78987e+06
-1.75629e+06
-1.75645e+06
-1.81556e+06
-1.6735e+06
-2.48158e+06
-1.82868e+06
-1.80244e+06
-1.8206e+06
-2.11974e+06
-1.80228e+06
-1.7577e+06
-2.01807e+06
-2.49635e+06
-1.75652e+06
4.39385e+06
-1.87109e+06
-1.91326e+06
-2.21481e+06
-2.49499e+06
-1.93218e+06
-1.76063e+06
-1.81494e+06
-2.31795e+06
-2.0219e+06
-1.75752e+06
-1.76602e+06
-1.41764e+06
-1.8181e+06
-1.81675e+06
-6.6368e+06
-1.81462e+06
-2.08031e+06
-1.81573e+06
-9.41821e+06
-1.79065e+06
-2.01819e+06
-1.76033e+06
-1.75836e+06
-1.81536e+06
-1.75868e+06
-2.25236e+06
-1.81543e+06
-864311
-1.77772e+06
-1.76147e+06
-1.82084e+06
-1.76088e+06
-1.74729e+06
83913
-1.75823e+06
-1.76038e+06
-1.72533e+06
-1.82732e+06
-1.81538e+06
-1.86632e+06
-1.3056e+06
-1.76901e+06
-2.2306e+06
-1.75135e+06
-2.27622e+06
-801332
-1.76096e+06
-1.82343e+06
-800261
-1.81545e+06
-1.89013e+06
-1.88304e+06
-1.76624e+06
-1.79302e+06
-1.75602e+06
1.88995e+06
-1.75695e+06
-1.78393e+06
-1.8168e+06
-1.77372e+06
-1.75382e+06
-2.04752e+06
-1.75781e+06
-1.91823e+06
-1.81539e+06
-1.81507e+06
-1.81481e+06
-2.03058e+06
-1.81525e+06
-1.81544e+06
-1.75936e+06
-1.82424e+06
-1.81534e+06
-1.79126e+06
-1.87712e+06
-1.76577e+06
-1.76289e+06
-1.8194e+06
-1.81538e+06
-1.76021e+06
-1.81522e+06
-1.75653e+06
-1.75654e+06
1.33194e+06
-1.78116e+06
-2.15665e+06
-1.76083e+06
-1.8334e+06
-2.16135e+06
-1.75746e+06
-1.80639e+06
-1.75777e+06
-1.75767e+06
-2.14355e+06
-1.82161e+06
-1.76093e+06
-1.76649e+06
-1.76092e+06
-1.81823e+06
1.77813e+06
-1.81554e+06
-1.81317e+06
-1.74535e+06
-2.21927e+06
-997767
-1.76068e+06
-1.76242e+06
-1.75475e+06
-1.75794e+06
-1.81536e+06
-1.75668e+06
-1.81397e+06
-1.81288e+06
-1.76069e+06
-1.8234e+06
-1.81537e+06
-1.91835e+06
-1.81568e+06
-1.81527e+06
-1.97316e+06
-1.76248e+06
4.77068e+06
-1.77694e+06
-1.75454e+06
-1.75783e+06
-1.7494e+06
-1.79521e+06
-1.7637e+06
-2.03747e+06
-1.75459e+06
-1.75777e+06
-1.75923e+06
-1.75678e+06
-1.81549e+06
-1.76164e+06
-1.73009e+06
-1.75726e+06
-1.76283e+06
-1.7625e+06
-1.81544e+06
-1.81569e+06
-1.81661e+06
-2.09971e+06
-1.81462e+06
-1.81565e+06
-1.8155e+06
-1.78311e+06
-1.79868e+06
-1.76834e+06
-1.75761e+06
-2.01239e+06
-1.76149e+06
-1.82184e+06
-1.81513e+06
-1.81527e+06
-1.90306e+06
-1.86627e+06
-1.81549e+06
-1.81561e+06
-1.75275e+06
-1.75647e+06
-1.82061e+06
-1.78193e+06
-1.75637e+06
-1.77852e+06
-1.75495e+06
-1.81277e+06
-1.81538e+06
-1.75861e+06
-1.81614e+06
-1.75937e+06
-1.80318e+06
-1.75833e+06
-1.79185e+06
-1.76601e+06
-1.82013e+06
-1.81529e+06
-1.75792e+06
-1.87641e+06
-1.8155e+06
-1.81543e+06
-1.75696e+06
-1.91701e+06
-1.73341e+06
-2.01498e+06
-1.81556e+06
-1.71405e+06
-1.75774e+06
-1.77896e+06
-1.75466e+06
-2.16993e+06
-1.7705e+06
-1.81709e+06
-2.00922e+06
-1.76449e+06
-1.75523e+06
-1.81537e+06
-1.76855e+06
-1.81536e+06
-2.25725e+06
-1.81536e+06
-1.76504e+06
-1.75812e+06
-1.81683e+06
-1.80751e+06
-1.75705e+06
-1.73668e+06
-1.81447e+06
-1.75802e+06
-1.78148e+06
-1.81673e+06
-1.75486e+06
-1.79123e+06
-1.9781e+06
-1.81518e+06
-1.75797e+06
-1.81535e+06
-1.81549e+06
-1.76616e+06
-1.77078e+06
-2.06846e+06
-1.79111e+06
-2.23498e+06
-1.93936e+06
-1.81979e+06
-1.97019e+06
-7.2889e+06
-580768
-1.81964e+06
-1.81652e+06
-1.81816e+06
-1.81302e+06
-1.81522e+06
-2.41438e+06
-1.81485e+06
-1.75915e+06
-1.75614e+06
-1.45508e+07
-2.23674e+06
-1.78907e+06
-1.83215e+06
-1.30641e+06
-2.07885e+06
-1.75697e+06
-1.71497e+06
-1.8152e+06
-1.81518e+06
-2.06252e+06
-1.94426e+06
-1.81518e+06
-2.12843e+06
-1.81523e+06
-2.1138e+06
-1.7525e+06
-1.7565e+06
-1.75923e+06
-2.02332e+06
-1.79937e+06
-2.04333e+06
-1.76075e+06
-1.76034e+06
-1.75745e+06
-1.82228e+06
-2.05585e+06
-1.75813e+06
-1.75889e+06
-1.81705e+06
-1.81452e+06
-1.75966e+06
-1.75838e+06
-1.78163e+06
-1.76024e+06
-1.7589e+06
-2.02769e+06
-1.79131e+06
-1.90912e+06
-2.04506e+06
-7.50416e+06
-2.18197e+06
-2.18781e+06
-1.75916e+06
-1.75602e+06
-1.85784e+06
-1.90555e+06
-1.75715e+06
-1.75096e+06
-2.15363e+06
-1.81188e+06
-1.81496e+06
-2.21252e+06
-1.76198e+06
-1.8152e+06
-2.03342e+06
-1.81524e+06
-1.89823e+06
-1.74099e+06
-1.81743e+06
-1.75712e+06
-1.82235e+06
-1.77153e+06
-2.10858e+06
-1.79936e+06
-1.88391e+06
-1.75731e+06
-1.7526e+06
-1.81879e+06
-1.76964e+06
-1.75733e+06
-1.80898e+06
-1.87825e+06
-1.77445e+06
-1.76066e+06
-1.82213e+06
-1.76456e+06
-1.73653e+06
-1.92594e+06
-1.76676e+06
-1.78804e+06
-1.8919e+06
-1.81534e+06
-1.80303e+06
-1.61947e+06
-1.63005e+06
-1.77272e+06
-1.76009e+06
-1.78143e+06
-1.75308e+06
-1.81502e+06
-1.81542e+06
-1.81536e+06
-1.76394e+06
-2.20179e+06
-1.81549e+06
-1.75715e+06
-1.81563e+06
-1.76401e+06
-1.81713e+06
-1.81718e+06
-2.06403e+06
-2.36562e+06
-1.76046e+06
-1.81539e+06
-1.81555e+06
-1.77332e+06
-1.76076e+06
-1.81548e+06
-1.81541e+06
-1.91689e+06
-1.81546e+06
-1.7823e+06
-1.76069e+06
-1.81641e+06
2.90485e+06
-1.75665e+06
-1.81672e+06
-2.03651e+06
-1.75991e+06
-1.76329e+06
-1.76263e+06
-1.75891e+06
-1.76508e+06
-1.75942e+06
-2.17859e+06
-1.82286e+06
-1.75799e+06
-1.75274e+06
-1.75802e+06
-1.85192e+06
-1.81563e+06
-1.75876e+06
-1.76843e+06
-1.77598e+06
-1.77407e+06
-1.75903e+06
-1.75309e+06
-1.93825e+06
-1.79413e+06
-1.00006e+07
-1.75019e+06
-1.80698e+06
-1.81556e+06
-1.7568e+06
-1.76129e+06
-2.17313e+06
-1.77464e+06
-1.73393e+06
-1.78981e+06
-1.83318e+06
-1.75759e+06
-1.82343e+06
-1.61314e+06
-1.75587e+06
-2.00603e+06
-1.75727e+06
-1.76042e+06
-2.02913e+06
-1.82073e+06
-1.39131e+06
-1.77703e+06
-1.75864e+06
-1.82293e+06
-1.75966e+06
-2.02759e+06
-2.17496e+06
-1.81529e+06
-1.94562e+06
-1.75896e+06
-1.762e+06
-1.77291e+06
-1.81551e+06
-1.81977e+06
-1.81539e+06
-1.7556e+06
-1.76989e+06
-1.83276e+06
-1.7773e+06
-1.94498e+06
-1.75925e+06
-1.75903e+06
-1.89066e+06
-2.0587e+06
-2.02443e+06
-2.06952e+06
-2.23088e+06
-1.81468e+06
-1.84442e+06
-2.07357e+06
-2.07844e+06
-2.16687e+06
-1.92244e+06
-1.75636e+06
-1.7693e+06
-1.83376e+06
-1.87446e+06
-1.57546e+06
-1.81682e+06
-1.75427e+06
-1.9121e+06
-1.81547e+06
-2.02945e+06
-1.83171e+06
-1.79198e+06
4.74032e+06
-8.92399e+06
-1.81533e+06
-1.81968e+06
-1.75479e+06
-1.81523e+06
-1.81521e+06
-1.81542e+06
-4.7181e+06
-1.75895e+06
-1.87681e+06
-2.15802e+06
-1.78441e+06
-1.75584e+06
-2.06866e+06
-1.8295e+06
-1.7585e+06
-2.25788e+06
-1.8153e+06
-1.80477e+06
-1.91642e+06
-1.75432e+06
-1.83791e+06
-2.15004e+06
-1.88558e+06
-1.78873e+06
-1.87778e+06
-1.81525e+06
-1.56616e+06
-2.2613e+06
-2.25815e+06
-2.2375e+06
-2.10202e+06
-202653
-1.81584e+06
-1.82883e+06
-1.86924e+06
-1.74234e+06
-7.34794e+06
-1.92186e+06
-6.04722e+06
-1.93171e+06
-1.8335e+06
-2.13311e+06
-1.75544e+06
-6.27821e+06
-1.99457e+06
-1.74446e+06
-1.76068e+06
-1.74877e+06
-2.05462e+06
-1.94042e+06
-1.76024e+06
-1.98678e+06
-2.03965e+06
-2.05598e+06
-1.90091e+06
-2.05758e+06
-1.75523e+06
-1.76069e+06
-2.06221e+06
-1.7606e+06
-2.18608e+06
-1.76222e+06
-2.12105e+06
-1.78098e+06
-2.25689e+06
-1.81526e+06
-1.75748e+06
-1.81295e+06
-2.51163e+06
-1.75686e+06
-1.82103e+06
-1.77372e+06
-2.10349e+06
-1.85814e+06
-2.13491e+06
-1.75219e+06
-1.80816e+06
-1.93487e+06
-2.09877e+06
-1.75353e+06
-1.75481e+06
-1.74366e+06
-1.8154e+06
-1.81685e+06
-2.70209e+06
-2.09926e+06
-521847
-1.81547e+06
-1.76052e+06
-1.77856e+06
-2.01831e+06
-1.76108e+06
-1.75748e+06
-1.98143e+06
-1.78278e+06
-1.78705e+06
-1.81534e+06
-1.24399e+06
-1.8152e+06
-1.76904e+06
-1.63894e+06
-1.80685e+06
-1.59174e+06
-1.81698e+06
-1.8284e+06
-1.81551e+06
-1.79922e+06
-1.83344e+06
-2.03459e+06
-1.75429e+06
-1.76111e+06
-2.04401e+06
-1.90679e+06
-2.04929e+06
-1.78269e+06
-1.75948e+06
-821381
-3.72316e+06
-1.75899e+06
-1.83563e+06
-1.98862e+06
-2.23844e+06
1.93998e+06
-1.77746e+06
-2.11898e+06
-1.30644e+06
-1.77112e+06
-3.25782e+06
-1.76126e+06
-1.75948e+06
-1.75914e+06
-1.80093e+06
-1.81865e+06
-158237
-2.04308e+06
-1.81464e+06
-1.81872e+06
-3.89304e+06
-1.75619e+06
-1.81545e+06
-1.96997e+06
-1.76117e+06
-1.79923e+06
-1.76059e+06
-1.84893e+06
-1.82081e+06
-2.16841e+06
-2.16554e+06
-1.80111e+06
-1.75652e+06
-1.75769e+06
-2.64456e+06
-1.77769e+06
-1.8155e+06
-1.83238e+06
-1.77217e+06
-1.75739e+06
-1.81527e+06
-1.81558e+06
-1.78439e+06
-1.81546e+06
-1.81569e+06
-1.81812e+06
-1.75815e+06
-1.79011e+06
-1.81516e+06
-1.81512e+06
-1.94332e+06
-1.81782e+06
-1.75705e+06
-1.76916e+06
-1.76558e+06
-1.81526e+06
-1.85564e+06
-1.75662e+06
-1.76333e+06
-1.98114e+06
-1.82527e+06
-1.77037e+06
-1.81525e+06
-1.75728e+06
-1.81518e+06
-1.81498e+06
-1.81527e+06
-1.7662e+06
-1.75293e+06
-1.82284e+06
-1.77726e+06
-1.83233e+06
-2.09357e+06
-1.75882e+06
-1.84732e+06
-2.27312e+06
-1.81533e+06
-1.92942e+06
-1.81526e+06
-1.83417e+06
-1.80679e+06
-1.81511e+06
-1.99003e+06
-1.90824e+06
-1.77027e+06
-1.80277e+06
-1.88883e+06
-1.77821e+06
-1.79906e+06
-9.07373e+06
-1.76863e+06
-1.81685e+06
-1.76354e+06
-2.08287e+06
-1.78725e+06
-1.78409e+06
-1.89036e+06
-1.79506e+06
-1.67425e+06
-1.82775e+06
-1.82621e+06
-1.81554e+06
-168229
-2.18415e+06
-1.7654e+06
-1.31038e+06
-1.78629e+06
-1.70316e+06
-2.17133e+06
-1.81565e+06
-2.44448e+06
-1.84896e+06
-2.25162e+06
-1.81502e+06
-1.86365e+06
-1.81551e+06
-1.81553e+06
-1.81546e+06
-1.81538e+06
-2.00551e+06
-2.11734e+06
-979977
-1.76091e+06
-2.07649e+06
-9.76006e+06
-2.07203e+06
-2.20113e+06
-2.16981e+06
-1.96985e+06
-1.92779e+06
-1.76479e+06
-1.75622e+06
-1.77087e+06
-2.16015e+06
-2.13146e+06
-7.23682e+06
-1.81487e+06
-1.76263e+06
-1.85198e+06
-2.04427e+06
-1.9129e+06
-1.78476e+06
-1.78094e+06
-1.75876e+06
-1.81519e+06
-1.8154e+06
-1.76201e+06
-1.82001e+06
-1.758e+06
-1.8519e+06
-1.76992e+06
-1.92827e+06
-1.81596e+06
-1.75731e+06
-1.90948e+06
-1.74078e+06
-1.81384e+06
-1.95067e+06
-1.89699e+06
-1.80816e+06
-1.85646e+06
-1.7556e+06
-1.76965e+06
-1.82664e+06
-1.75663e+06
-1.81491e+06
-1.69968e+06
-1.81877e+06
-1.9157e+06
-2.21411e+06
-1.75801e+06
-1.75684e+06
-1.7254e+06
-1.75644e+06
-1.81247e+06
-2.21354e+06
-1.81506e+06
-1.75871e+06
-1.81303e+06
-1.88862e+06
-1.81487e+06
-1.8142e+06
-1.75606e+06
-1.75951e+06
-1.80085e+06
-1.76196e+06
-1.77578e+06
6.97524e+06
-1.81548e+06
-1.81184e+06
-1.76362e+06
-1.81691e+06
-1.76072e+06
-1.81686e+06
-1.77573e+06
-2.13863e+06
-1.81546e+06
-1.76104e+06
-1.54123e+06
-1.7601e+06
-1.7922e+06
-1.80565e+06
-1.81696e+06
-1.75722e+06
-1.81571e+06
-1.75494e+06
-1.95524e+06
-1.8206e+06
-1.78049e+06
-1.81907e+06
-1.79682e+06
-1.75835e+06
-1.82755e+06
-1.81558e+06
-1.78251e+06
-1.7531e+06
-1.75837e+06
-1.8233e+06
-1.83116e+06
-1.96522e+06
-1.7602e+06
-1.92874e+06
-1.76197e+06
-1.75534e+06
-1.75805e+06
-2.00827e+06
-1.81542e+06
-1.88763e+06
-1.75598e+06
-1.80596e+06
-1.75728e+06
-1.75707e+06
6.42615e+06
-2.1475e+06
-1.81699e+06
-1.75644e+06
-1.78583e+06
-1.81506e+06
-1.75814e+06
-1.81863e+06
-1.8209e+06
-1.81494e+06
-2.15058e+06
-2.08416e+06
-1.7755e+06
-1.36531e+06
-1.86409e+06
-1.81712e+06
-1.78844e+06
-1.75534e+06
-1.76264e+06
-1.82737e+06
-2.20807e+06
-1.75877e+06
-1.82006e+06
-1.81521e+06
-1.81526e+06
-1.7504e+06
-1.74623e+06
-1.81528e+06
-1.82125e+06
-2.04089e+06
-1.76197e+06
-822598
-2.21499e+06
-1.89617e+06
-1.71372e+06
-1.58305e+06
-1.75664e+06
-834621
-2.1238e+06
-1.76459e+06
-1.91729e+06
-1.76021e+06
-1.76196e+06
-2.51059e+06
-1.9417e+06
-5.83135e+06
-1.75522e+06
-1.75754e+06
-1.93586e+06
-2.06817e+06
-2.26251e+06
-1.9764e+06
-2.02538e+06
-1.74173e+06
-1.23939e+06
-1.8228e+06
-2.14158e+06
-1.78966e+06
-2.05185e+06
-1.75977e+06
-1.76836e+06
-2.05498e+06
-1.76079e+06
-1.81714e+06
-2.07797e+06
-1.75855e+06
-1.81543e+06
-1.768e+06
-1.77622e+06
-1.77646e+06
-1.76717e+06
-2.00123e+06
-1.87272e+06
-1.99189e+06
-2.06732e+06
-1.75492e+06
-1.77561e+06
-2.91769e+06
-1.75745e+06
-1.7604e+06
-1.79542e+06
-1.76222e+06
-2.12411e+06
-1.81541e+06
-1.89791e+06
-1.74069e+06
-1.81678e+06
-1.75695e+06
-1.78565e+06
-1.83933e+06
-1.76077e+06
-2.10238e+06
-1.7782e+06
-2.04517e+06
-1.81957e+06
-1.75985e+06
-1.76319e+06
-4.79694e+06
-1.89644e+06
-1.75584e+06
-1.75609e+06
-1.7606e+06
-1.62344e+06
-2.01404e+06
-1.81678e+06
-1.56271e+06
-1.81534e+06
-2.10142e+06
-1.81539e+06
-1.56443e+06
-1.81548e+06
-1.76701e+06
7.09797e+06
-1.79882e+06
-1.81549e+06
-1.91475e+06
-1.81542e+06
-1.81683e+06
-1.76096e+06
-1.81524e+06
-1.89791e+06
-1.82173e+06
-1.75574e+06
-1.81543e+06
-1.89148e+06
-1.77441e+06
-1.75867e+06
-1.81531e+06
-1.79991e+06
-1.78266e+06
-1.55428e+06
-1.81554e+06
-1.95614e+06
-1.81599e+06
-2.16991e+06
-1.81531e+06
-1.95578e+06
-1.55604e+06
-1.81476e+06
-1.8084e+06
-1.77979e+06
-1.76731e+06
-2.17535e+06
-1.78333e+06
-1.04955e+07
-512854
-1.81629e+06
-1.90214e+06
-1.81585e+06
-1.82123e+06
-2.04668e+06
-1.75798e+06
-1.81583e+06
-1.94112e+06
-1.82925e+06
-1.89348e+06
-1.761e+06
-1.96503e+06
-2.26338e+06
-1.75854e+06
-1.8471e+06
-2.2543e+06
-1.79004e+06
-2.17467e+06
-1.81538e+06
-1.81553e+06
-1.79519e+06
-2.1552e+06
-1.76207e+06
-2.15425e+06
-1.78735e+06
-1.81788e+06
-1.81542e+06
-2.16245e+06
-2.1676e+06
-1.79107e+06
-512901
-1.79323e+06
-1.99324e+06
-2.2404e+06
-1.82521e+06
-1.81523e+06
-1.81517e+06
-1.73272e+06
-2.06649e+06
-1.24612e+06
-1.7565e+06
-1.75242e+06
-2.02315e+06
-1.81172e+06
-1.81766e+06
-1.93673e+06
-1.84979e+06
-1.81489e+06
-1.7946e+06
-1.75394e+06
-1.75834e+06
-2.23582e+06
6.96816e+06
-1.81519e+06
-1.75853e+06
-1.75676e+06
-1.76035e+06
-1.8152e+06
-1.77568e+06
-4.6023e+06
-1.96037e+06
-1.81522e+06
-1.91249e+06
-1.88474e+06
-1.8151e+06
-1.81706e+06
-1.81527e+06
-1.81521e+06
-1.81542e+06
-1.81539e+06
-1.90585e+06
-1.77593e+06
-1.90867e+06
-1.84444e+06
-1.82201e+06
-1.77623e+06
-2.2325e+06
-1.75677e+06
-1.81488e+06
-1.81537e+06
-1.87885e+06
-1.7576e+06
-1.81524e+06
-1.75908e+06
-1.37476e+07
-1.81574e+06
-1.7601e+06
-1.76264e+06
-9.35732e+06
-1.86286e+06
-3.55707e+06
-1.73961e+06
-2.23505e+06
-1.96003e+06
-1.75888e+06
-1.98105e+06
-1.76018e+06
-1.81547e+06
-1.81708e+06
-2.06934e+06
-1.75601e+06
-1.81538e+06
-1.98144e+06
-1.76072e+06
-1.7599e+06
-1.81542e+06
-1.809e+06
-1.75436e+06
-2.08087e+06
-1.76079e+06
-2.02943e+06
-1.76049e+06
-1.81547e+06
-1.75873e+06
-1.87791e+06
-1.94371e+06
2.85564e+06
-2.05074e+06
-1.91489e+06
-1.81546e+06
-1.7581e+06
-1.76002e+06
-1.75668e+06
-1.76248e+06
-1.75802e+06
-1.31518e+06
-1.45157e+06
-1.97852e+06
-1.25742e+06
-1.75806e+06
-1.76076e+06
-1.75633e+06
-1.80975e+06
-1.75767e+06
-2.37184e+06
-1.75813e+06
-1.75792e+06
-1.75055e+06
-1.82163e+06
-1.81523e+06
-2.27177e+06
-2.22758e+06
-2.23152e+06
-1.75757e+06
1.23587e+06
-2.19538e+06
4.14721e+06
-1.29689e+06
-1.8161e+06
-1.79955e+06
-1.23873e+06
-1.7853e+06
-2.14928e+06
-1.75796e+06
-1.81548e+06
-1.76053e+06
-1.75668e+06
-1.67569e+06
4.75283e+06
-2.20142e+06
-1.81543e+06
-2.04276e+06
1.24787e+06
-1.76513e+06
-1.79512e+06
-1.83847e+06
-1.81535e+06
-1.75807e+06
-2.21321e+06
-1.78632e+06
-1.53894e+06
-1.75933e+06
-1.81548e+06
-1.76036e+06
-1.81535e+06
-2.18618e+06
-2.1765e+06
-2.03515e+06
-1.75536e+06
-1.75658e+06
-1.76094e+06
-1.81513e+06
-1.75586e+06
-2.01955e+06
-1.76855e+06
-1.76484e+06
-1.83365e+06
-1.76465e+06
-1.81287e+06
-1.75731e+06
-1.75643e+06
-1.87744e+06
-1.79672e+06
-1.75291e+06
-1.97174e+06
-1.76036e+06
-1.81535e+06
-1.80069e+06
-1.50634e+06
-1.78093e+06
-2.10954e+06
-1.80103e+06
-2.09626e+06
-1.788e+06
2.58051e+06
-2.00366e+06
-1.7571e+06
-1.75887e+06
-2.11478e+06
-1.75874e+06
-1.81575e+06
-1.81562e+06
-1.81544e+06
-1.81652e+06
-1.76167e+06
-1.8154e+06
-1.81519e+06
-1.75714e+06
-1.78702e+06
-1.81526e+06
-1.83915e+06
-1.7609e+06
-1.81778e+06
-1.75544e+06
-1.76661e+06
-1.84084e+06
-1.91754e+06
-1.95181e+06
-1.76678e+06
-2.06092e+06
-1.81793e+06
-1.72515e+06
-1.62698e+06
-1.75652e+06
-1.09444e+06
-1.81892e+06
-1.76238e+06
-1.759e+06
-1.7603e+06
-1.76461e+06
-1.76366e+06
-1.81516e+06
-1.81715e+06
-1.78138e+06
-1.81539e+06
-1.81515e+06
-1.5229e+06
-2.47399e+06
-1.81539e+06
-1.75767e+06
-1.8155e+06
-1.75482e+06
-1.85641e+06
-1.81621e+06
-1.75719e+06
-1.98988e+06
-1.87683e+06
-2.09417e+06
-1.95574e+06
-2.05097e+06
-2.04534e+06
-2.0813e+06
-293029
-1.75873e+06
-1.87144e+06
-1.75806e+06
-1.89955e+06
-1.81513e+06
-2.15188e+06
-1.81482e+06
-1.80689e+06
-1.75506e+06
-1.76182e+06
-1.77156e+06
-1.81747e+06
-1.74998e+06
-2.06995e+06
-2.03674e+06
-1.81458e+06
-1.81449e+06
-1.81443e+06
-1.81503e+06
-1.81522e+06
-1.81551e+06
-1.75347e+06
-1.75589e+06
-1.46879e+06
-1.14302e+06
-1.43653e+06
-1.40882e+06
-2.5581e+06
-3.3234e+06
-3.30683e+06
-2.55652e+06
-3.72578e+06
-2.66253e+06
-3.19376e+06
-2.57201e+06
-2.31435e+06
-2.31053e+06
-2.16844e+06
-7.96497e+06
1.26799e+06
-2.25647e+06
-3.54615e+06
-3.03033e+06
-3.31396e+06
-2.4917e+06
-2.28834e+06
-2.95784e+06
-2.5222e+06
-1.76289e+06
-1.75987e+06
-1.77005e+06
-1.77925e+06
-2.02471e+06
-1.84534e+06
-2.01709e+06
-1.82351e+06
-1.92101e+06
-2.02624e+06
-1.82348e+06
-1.85203e+06
-1.8168e+06
-1.84759e+06
-1.81567e+06
-1.81539e+06
-1.81536e+06
-1.81562e+06
-1.81541e+06
-1.81527e+06
-1.81526e+06
-1.81548e+06
-1.81547e+06
-1.815e+06
-1.81551e+06
-1.81453e+06
-1.81473e+06
-1.81338e+06
-1.8158e+06
-1.81098e+06
-1.84422e+06
-1.81059e+06
-1.81082e+06
-1.84578e+06
-1.82118e+06
-1.8222e+06
-1.88167e+06
-1.90189e+06
-1.76429e+06
-1.78195e+06
-1.85197e+06
-1.84117e+06
-1.76085e+06
-1.75898e+06
-1.75911e+06
-1.75908e+06
-1.75964e+06
-1.75627e+06
-1.75872e+06
-1.75828e+06
-1.75668e+06
-1.75847e+06
-1.7562e+06
-1.75905e+06
-1.759e+06
-1.75748e+06
-1.75784e+06
-1.75818e+06
-1.75824e+06
-1.75824e+06
-1.75796e+06
-1.75748e+06
-1.75828e+06
-1.75857e+06
-1.76081e+06
-1.7599e+06
-1.76086e+06
-1.76221e+06
-1.76198e+06
-1.76341e+06
-1.76605e+06
-1.79176e+06
-1.78641e+06
-1.79235e+06
-1.80944e+06
-1.82024e+06
-1.84145e+06
-1.85562e+06
-1.97979e+06
-2.0104e+06
-1.96995e+06
-1.98413e+06
-2.01091e+06
-1.98672e+06
-2.0217e+06
-2.02558e+06
-2.02488e+06
-2.05713e+06
-2.05611e+06
-2.04203e+06
-2.10545e+06
-2.07379e+06
-2.20361e+06
-1.71608e+06
-1.60679e+06
-1.71218e+06
-1.92845e+06
-1.79899e+06
-2.00431e+06
-2.00878e+06
-2.01824e+06
-2.02366e+06
-1.78672e+06
-1.85519e+06
-1.84829e+06
-1.85258e+06
-2.06935e+06
-1.93551e+06
-1.91113e+06
-1.25842e+06
-1.30417e+06
-1.27165e+06
-1.79005e+06
-991436
-1.42145e+06
-1.82133e+06
-1.82489e+06
-1.98764e+06
-1.99402e+06
-1.99374e+06
-2.13032e+06
-2.15249e+06
-2.12486e+06
-2.11855e+06
-2.0667e+06
-2.47894e+06
-3.87049e+06
-9.44632e+06
-2.24729e+06
-2.12454e+06
-2.1711e+06
-2.19737e+06
-2.16952e+06
-2.16422e+06
-2.18841e+06
-2.04865e+06
-284719
-1.02965e+06
-1.04655e+06
-1.72514e+06
-1.76941e+06
-2.54161e+06
-1.92842e+06
-1.40494e+06
-1.79493e+06
-1.84749e+06
-1.86582e+06
-1.78725e+06
-1.78191e+06
-1.93609e+06
-1.95473e+06
-1.84774e+06
-1.94651e+06
-1.9772e+06
-1.95678e+06
-1.94052e+06
-1.82177e+06
-1.99696e+06
-1.92919e+06
-1.86605e+06
-1.72892e+06
-1.8599e+06
-1.72702e+06
-209093
-178211
-1.60019e+06
-179352
-145560
-1.60611e+06
-162400
-1.69468e+06
-1.57698e+06
-1.70385e+06
-1.5744e+06
-1.56483e+06
-1.53021e+06
-1.49171e+06
-1.40454e+06
-1.39759e+06
-1.5845e+06
-1.79703e+06
-1.78922e+06
-1.68867e+06
-1.72226e+06
-1.71929e+06
-1.77532e+06
-1.73501e+06
-1.73792e+06
-1.74222e+06
-1.73921e+06
-1.74769e+06
-1.74395e+06
-1.73957e+06
-1.74928e+06
-1.7481e+06
-1.75122e+06
-1.75591e+06
-1.74911e+06
-1.77255e+06
-1.76103e+06
-1.75723e+06
-1.75969e+06
-1.75857e+06
-1.7592e+06
-1.75725e+06
-1.7577e+06
-1.75415e+06
-1.754e+06
-1.75183e+06
-1.75207e+06
-1.75446e+06
-1.75198e+06
-1.75468e+06
-1.75556e+06
-1.75599e+06
-1.75629e+06
-1.7611e+06
-1.75849e+06
-1.81472e+06
-1.81532e+06
-1.82022e+06
-1.81864e+06
-1.81854e+06
-1.81855e+06
-1.81875e+06
-1.81737e+06
-1.81887e+06
-1.81853e+06
-1.81953e+06
-1.81949e+06
-1.81954e+06
-1.81957e+06
-1.81969e+06
-1.87502e+06
-1.81583e+06
-1.81953e+06
-1.87537e+06
-1.81584e+06
-1.81546e+06
-1.81525e+06
-1.81568e+06
-1.81618e+06
-1.81595e+06
-1.81539e+06
-1.8161e+06
-1.81621e+06
-1.81571e+06
-1.81493e+06
-1.8148e+06
-1.81516e+06
-1.81483e+06
-1.81478e+06
-1.8148e+06
-1.92108e+06
-1.8152e+06
-1.81522e+06
-1.81531e+06
-1.81534e+06
-1.8153e+06
-1.81529e+06
-1.81529e+06
-1.81534e+06
-1.81537e+06
-1.81631e+06
-1.80836e+06
-1.84761e+06
-1.8108e+06
-1.82588e+06
-1.82524e+06
-1.82857e+06
-1.81839e+06
-1.75623e+06
-1.75744e+06
-1.75823e+06
-1.76027e+06
-1.76097e+06
-1.89521e+06
-2.03803e+06
-2.05867e+06
-1.53612e+06
-3.51369e+06
-1.72497e+06
-1.99583e+06
-1.77657e+06
-2.06262e+06
-2.01513e+06
-1.3329e+06
-1.31719e+06
-1.83328e+06
-2.17323e+06
-2.13186e+06
-7.43045e+06
-4.50261e+06
-2.20572e+06
-2.18993e+06
-3.61802e+06
-1.73067e+06
-1.78448e+06
-1.89031e+06
-1.79112e+06
-1.77857e+06
-1.85217e+06
-1.89085e+06
-1.88072e+06
-1.91437e+06
-1.8393e+06
-1.95033e+06
-1.84369e+06
-153426
-133316
-145009
-1.69404e+06
-1.50324e+06
-1.77314e+06
-1.54171e+06
-1.48704e+06
-1.6944e+06
-1.77099e+06
-1.77793e+06
-1.74385e+06
-1.74499e+06
-1.74052e+06
-1.74114e+06
-1.75961e+06
-1.75838e+06
-1.75285e+06
-1.75589e+06
-1.7515e+06
-1.75526e+06
-1.75604e+06
-1.76261e+06
-1.75483e+06
-1.75667e+06
-1.75954e+06
-1.75614e+06
-1.81363e+06
-1.81851e+06
-1.81838e+06
-1.81975e+06
-1.8197e+06
-1.8157e+06
-1.81964e+06
-1.87473e+06
-1.81492e+06
-1.81475e+06
-1.81408e+06
-1.81373e+06
-1.81534e+06
-1.81855e+06
-1.8152e+06
-1.81498e+06
-1.81482e+06
-1.81483e+06
-1.81495e+06
-1.81524e+06
-1.81517e+06
-1.81531e+06
-1.81524e+06
-1.81543e+06
-1.81548e+06
-1.81545e+06
-1.81546e+06
-1.81546e+06
-1.81547e+06
-1.81546e+06
-1.81547e+06
-1.81546e+06
-1.81528e+06
-1.81542e+06
-1.81545e+06
-1.81542e+06
-1.81542e+06
-1.81536e+06
-1.8154e+06
-1.81536e+06
-1.8155e+06
-1.81554e+06
-1.81555e+06
-1.81562e+06
-1.81541e+06
-1.81551e+06
-1.81567e+06
-1.81557e+06
-1.81614e+06
-1.81491e+06
-1.81504e+06
-1.81403e+06
-1.81368e+06
-1.81391e+06
-1.82042e+06
-1.81815e+06
-1.80973e+06
-1.76281e+06
-1.75868e+06
-1.75969e+06
-1.76048e+06
-1.76073e+06
-1.78105e+06
-1.76677e+06
-1.76768e+06
-1.77371e+06
-1.83113e+06
-1.81359e+06
-1.82475e+06
-1.76506e+06
-1.83337e+06
-1.75775e+06
-1.75608e+06
-1.75611e+06
-1.75745e+06
-1.75724e+06
-1.7567e+06
-1.75707e+06
-1.75858e+06
-1.75747e+06
-1.75875e+06
-1.76013e+06
-1.75877e+06
-1.76009e+06
-1.76533e+06
-1.76441e+06
-1.76751e+06
-1.7657e+06
-1.76648e+06
-1.76901e+06
-1.77107e+06
-1.77061e+06
-1.77041e+06
-1.77275e+06
-1.7782e+06
-1.77381e+06
-1.78191e+06
-1.78706e+06
-1.7774e+06
-1.79478e+06
-1.79369e+06
-1.79739e+06
-1.80784e+06
-1.80571e+06
-1.8184e+06
-1.81867e+06
-1.81609e+06
-1.82497e+06
-1.82529e+06
-1.82529e+06
-1.83287e+06
-1.83403e+06
-1.83472e+06
-1.86948e+06
-1.85822e+06
-1.86142e+06
-1.88482e+06
-1.88422e+06
-1.90719e+06
-1.89182e+06
-1.89879e+06
-1.89242e+06
-2.02167e+06
-2.05988e+06
-2.0697e+06
-2.04391e+06
-2.01276e+06
-2.03958e+06
-2.1047e+06
-2.01371e+06
-2.01666e+06
-2.10591e+06
-1.97169e+06
-1.86924e+06
-1.85907e+06
-1.97092e+06
-1.85298e+06
-1.44656e+06
-1.83923e+06
-1.97071e+06
-1.98372e+06
-1.9612e+06
-1.89178e+06
-1.96002e+06
-1.97219e+06
-1.96613e+06
-2.14092e+06
-2.02828e+06
-1.95748e+06
-1.89599e+06
-1.37093e+06
-2.25278e+06
-2.48312e+06
-3.80199e+06
-2.17957e+06
-6.72455e+06
-2.4726e+06
-2.22284e+06
-2.22799e+06
-2.21292e+06
-2.22389e+06
-2.22001e+06
-2.19531e+06
-2.19614e+06
-2.17401e+06
-2.18443e+06
-1.71904e+06
-1.94546e+06
-2.06489e+06
-1.79914e+06
-2.14216e+06
-2.03789e+06
-2.05328e+06
-2.01195e+06
-2.15462e+06
-1.91142e+06
-1.90559e+06
-1.89215e+06
-1.85915e+06
-1.75004e+06
-1.78477e+06
-1.78572e+06
-1.79552e+06
-1.89731e+06
-1.88346e+06
-1.86803e+06
-1.88269e+06
-1.87427e+06
-1.92218e+06
-1.89577e+06
-1.91036e+06
-1.91443e+06
-1.90477e+06
-1.8864e+06
-1.87281e+06
-1.86356e+06
-1.88583e+06
-1.86289e+06
-1.79937e+06
-1.86886e+06
-123298
-1.60438e+06
-1.75468e+06
-1.72359e+06
-1.51795e+06
-1.64046e+06
-1.61857e+06
-1.75487e+06
-1.55033e+06
-1.56259e+06
-1.6873e+06
-1.69652e+06
-1.78111e+06
-1.78327e+06
-1.7492e+06
-1.68793e+06
-1.81946e+06
-1.79804e+06
-1.76086e+06
-1.77131e+06
-1.76138e+06
-1.75188e+06
-1.75366e+06
-1.75297e+06
-1.75279e+06
-1.75468e+06
-1.75565e+06
-1.75277e+06
-1.75572e+06
-1.75663e+06
-1.75808e+06
-1.75911e+06
-1.7577e+06
-1.75993e+06
-1.7608e+06
-1.75677e+06
-1.75927e+06
-1.75734e+06
-1.75788e+06
-1.75737e+06
-1.7581e+06
-1.75573e+06
-1.7547e+06
-1.75466e+06
-1.7559e+06
-1.75638e+06
-1.75561e+06
-1.75814e+06
-1.75672e+06
-1.75465e+06
-1.75508e+06
-1.75423e+06
-1.75669e+06
-1.82622e+06
-1.81856e+06
-1.8267e+06
-1.81702e+06
-1.81709e+06
-1.81693e+06
-1.8175e+06
-1.81716e+06
-1.81652e+06
-1.81629e+06
-1.81951e+06
-1.8158e+06
-1.81504e+06
-1.75481e+06
-1.81559e+06
-1.81667e+06
-1.81525e+06
-1.81516e+06
-1.81522e+06
-1.81517e+06
-1.81505e+06
-2.00878e+06
-1.81523e+06
-1.81524e+06
-1.81523e+06
-1.81527e+06
-1.81518e+06
-1.81516e+06
-1.81542e+06
-1.81534e+06
-1.81534e+06
-1.81527e+06
-1.81544e+06
-1.81548e+06
-3.20451e+06
-1.99736e+06
-2.10017e+06
-1.76143e+06
-1.76094e+06
-1.76056e+06
-1.81543e+06
-1.81543e+06
-1.81543e+06
-1.81543e+06
-1.81548e+06
-1.8154e+06
-1.81537e+06
-1.81541e+06
-1.81539e+06
-1.81541e+06
-1.81545e+06
-1.81545e+06
-1.81546e+06
-1.81544e+06
-1.81538e+06
-1.81556e+06
-1.81547e+06
-1.81549e+06
-1.81549e+06
-1.77371e+06
-1.8154e+06
-1.81548e+06
-1.81556e+06
-1.8157e+06
-1.81435e+06
-1.81421e+06
-1.81486e+06
-1.8147e+06
-1.82095e+06
-1.83386e+06
-1.78192e+06
-1.76033e+06
-1.76196e+06
-1.76231e+06
-1.7602e+06
-1.7596e+06
-1.76029e+06
-1.7606e+06
-1.76028e+06
-1.76842e+06
-1.77777e+06
-1.90265e+06
-1.91671e+06
-1.87359e+06
-1.90435e+06
-1.94427e+06
-1.75823e+06
-1.75753e+06
-1.75681e+06
-1.75807e+06
-1.7576e+06
-1.758e+06
-1.75778e+06
-1.75792e+06
-1.75711e+06
-1.75798e+06
-1.75564e+06
-1.75981e+06
-1.76002e+06
-1.75852e+06
-1.75881e+06
-1.75983e+06
-1.75985e+06
-1.75905e+06
-1.76008e+06
-1.76004e+06
-1.76032e+06
-1.75979e+06
-1.76066e+06
-1.76261e+06
-1.75966e+06
-1.7611e+06
-1.76836e+06
-1.77077e+06
-1.76606e+06
-1.76041e+06
-1.77034e+06
-1.7689e+06
-1.76788e+06
-1.77141e+06
-1.80197e+06
-1.77413e+06
-1.77304e+06
-1.77416e+06
-1.89722e+06
-1.81242e+06
-1.77526e+06
-1.77552e+06
-1.77552e+06
-1.77556e+06
-1.77612e+06
-1.77652e+06
-1.77569e+06
-1.78399e+06
-1.819e+06
-1.90671e+06
-1.79225e+06
-1.83673e+06
-2.19855e+06
-2.21107e+06
-1.91338e+06
-1.90094e+06
-1.91043e+06
-2.04717e+06
-1.94809e+06
-1.97491e+06
-2.0542e+06
-2.01235e+06
-2.05304e+06
-2.01123e+06
-2.02972e+06
-2.07649e+06
-2.03724e+06
-2.03424e+06
-2.04343e+06
-2.03665e+06
-2.04762e+06
-2.01574e+06
-2.02235e+06
-2.00613e+06
-1.98612e+06
-1.95686e+06
-2.03787e+06
-2.02067e+06
-1.98786e+06
-1.85163e+06
-1.84213e+06
-1.4526e+06
-1.85368e+06
-1.7924e+06
-1.67155e+06
-1.80006e+06
-1.94847e+06
-1.97217e+06
-1.91629e+06
-1.92384e+06
-1.9041e+06
-2.06175e+06
-2.04052e+06
-2.03459e+06
-1.99494e+06
-2.10926e+06
-2.07716e+06
-2.04623e+06
-2.30265e+06
-2.17497e+06
-2.07864e+06
-2.11537e+06
-7.3822e+06
-3.64956e+06
-2.10857e+06
-2.05446e+06
-2.0514e+06
-2.15981e+06
-2.19337e+06
-2.22803e+06
-2.22033e+06
-2.2131e+06
-2.22411e+06
-2.21489e+06
-2.21355e+06
-2.21056e+06
-2.16434e+06
-2.13722e+06
-2.12718e+06
-2.19609e+06
-1.78818e+06
-2.14115e+06
-2.13735e+06
-1.93473e+06
-2.0899e+06
-1.97575e+06
-1.97065e+06
-1.96523e+06
-2.02297e+06
-2.0289e+06
-2.02935e+06
-1.93416e+06
-2.11942e+06
-1.89383e+06
-1.93986e+06
-1.8568e+06
-1.92722e+06
-1.92319e+06
-1.91512e+06
-1.87034e+06
-1.91512e+06
-1.91971e+06
-1.87034e+06
-1.91263e+06
-1.89811e+06
-1.90505e+06
-1.8834e+06
-1.88137e+06
-1.87927e+06
-1.89686e+06
-1.86165e+06
-1.85697e+06
-1.84958e+06
-1.82003e+06
-1.80245e+06
-1.7909e+06
-1.75336e+06
-1.63797e+06
-1.78152e+06
-1.70829e+06
-1.77076e+06
-1.77082e+06
-1.76622e+06
-1.77773e+06
-1.84273e+06
-1.83997e+06
-1.82244e+06
-1.73237e+06
-1.8206e+06
-1.81057e+06
-1.83814e+06
-1.80355e+06
-1.75724e+06
-1.77293e+06
-1.79788e+06
-1.76822e+06
-1.75617e+06
-1.75149e+06
-1.76071e+06
-1.76122e+06
-1.7527e+06
-1.76169e+06
-1.76226e+06
-1.76155e+06
-1.76256e+06
-1.76387e+06
-1.7633e+06
-1.7572e+06
-1.76267e+06
-1.76621e+06
-1.76655e+06
-1.76537e+06
-1.75915e+06
-1.75937e+06
-1.76124e+06
-1.7658e+06
-1.75854e+06
-1.8554e+06
-1.75972e+06
-1.76002e+06
-1.76252e+06
-1.7582e+06
-1.7584e+06
-1.75584e+06
-1.75759e+06
-1.75456e+06
-1.75835e+06
-1.75806e+06
-1.75506e+06
-1.75886e+06
-1.75664e+06
-1.75926e+06
-1.75934e+06
-1.75816e+06
-1.75865e+06
-1.75766e+06
-1.75838e+06
-1.75784e+06
-1.75416e+06
-1.75375e+06
-1.81714e+06
-1.79074e+06
-1.81683e+06
-1.81718e+06
-1.8173e+06
-1.81696e+06
-1.81706e+06
-1.81699e+06
-1.81648e+06
-1.81623e+06
-1.81539e+06
-1.81809e+06
-1.81499e+06
-1.8147e+06
-1.81487e+06
-1.81493e+06
-1.81529e+06
-1.81521e+06
-1.81523e+06
-1.81527e+06
-1.81525e+06
-1.8154e+06
-1.81527e+06
-1.81526e+06
-1.81523e+06
-1.81523e+06
-1.81518e+06
-1.81527e+06
-1.81518e+06
-1.81542e+06
-1.81526e+06
-1.81542e+06
-1.8153e+06
-1.81529e+06
-1.87976e+06
-1.84719e+06
-2.05973e+06
-2.06295e+06
-2.05502e+06
-2.06382e+06
-2.03989e+06
-2.06642e+06
-2.07622e+06
-1.76059e+06
-1.76023e+06
-2.06523e+06
-1.75962e+06
-1.7609e+06
-1.76622e+06
-1.76083e+06
-1.76155e+06
-1.76124e+06
-1.8153e+06
-1.81537e+06
-1.81548e+06
-1.8154e+06
-1.81465e+06
-1.81619e+06
-1.81496e+06
-1.81715e+06
-1.99215e+06
-1.98515e+06
-2.01305e+06
-1.97877e+06
-1.83456e+06
-1.81545e+06
-1.8154e+06
-1.81538e+06
-1.8154e+06
-1.81541e+06
-1.81554e+06
-1.81529e+06
-1.81549e+06
-1.81545e+06
-1.8153e+06
-1.81538e+06
-1.81549e+06
-1.81525e+06
-1.81532e+06
-1.81545e+06
-1.81535e+06
-1.81449e+06
-1.76001e+06
-1.76078e+06
-1.76039e+06
-1.76134e+06
-1.84639e+06
-1.84169e+06
-1.84611e+06
-1.83978e+06
-1.75804e+06
-1.76021e+06
-1.75904e+06
-1.75704e+06
-1.75703e+06
-1.75711e+06
-1.75841e+06
-1.75736e+06
-1.75848e+06
-1.75663e+06
-1.75829e+06
-1.75436e+06
-1.75465e+06
-1.75824e+06
-1.75835e+06
-1.75748e+06
-1.76054e+06
-1.75723e+06
-1.75934e+06
-1.75472e+06
-1.76589e+06
-1.7662e+06
-1.7644e+06
-1.76148e+06
-1.77614e+06
-1.76204e+06
-1.76091e+06
-1.78043e+06
-1.77524e+06
-1.78731e+06
-1.81531e+06
-1.81537e+06
-1.9077e+06
-1.91236e+06
-1.91255e+06
-1.93635e+06
-1.93442e+06
-1.95608e+06
-2.04974e+06
-2.0531e+06
-2.05277e+06
-2.06056e+06
-2.05992e+06
-2.06425e+06
-2.06164e+06
-2.06064e+06
-2.03906e+06
-2.01846e+06
-2.01164e+06
-2.03362e+06
-2.02467e+06
-2.08024e+06
-2.02104e+06
-2.0409e+06
-2.0494e+06
-2.02503e+06
-2.07188e+06
-2.06509e+06
-1.99454e+06
-2.12522e+06
-2.16197e+06
-2.09109e+06
-2.1865e+06
-2.19986e+06
-2.19668e+06
-2.15612e+06
-2.21407e+06
-1.83962e+06
-1.84635e+06
-1.85034e+06
-2.13314e+06
-2.12859e+06
-2.08246e+06
-2.10785e+06
-2.07686e+06
-2.09111e+06
-1.99973e+06
-1.87625e+06
-1.89146e+06
-1.87878e+06
-1.85055e+06
-1.85486e+06
-1.80346e+06
-1.84567e+06
-1.80878e+06
-1.81467e+06
-1.81607e+06
-1.81487e+06
-1.81515e+06
-1.81497e+06
-1.81496e+06
-1.81522e+06
-1.81508e+06
-1.81507e+06
-1.81532e+06
-1.81522e+06
-1.81524e+06
-1.81525e+06
-1.81521e+06
-1.81539e+06
-1.78622e+06
-1.90383e+06
-1.89206e+06
-1.9164e+06
-1.76022e+06
-1.81542e+06
-1.90019e+06
-1.81012e+06
-1.81701e+06
-1.91491e+06
-2.15895e+06
-2.15454e+06
-1.81495e+06
-1.81531e+06
-2.01568e+06
-2.04448e+06
-2.13579e+06
-2.12068e+06
-1.80758e+06
-1.9051e+06
-1.87675e+06
-1.90103e+06
-1.6711e+06
-1.78591e+06
-1.75784e+06
-1.75654e+06
-1.75505e+06
-1.81702e+06
-1.81817e+06
-1.81568e+06
-1.81487e+06
-1.81521e+06
-1.81551e+06
-1.75877e+06
-1.76142e+06
-1.81556e+06
-1.81547e+06
-1.81499e+06
-1.76529e+06
-1.76881e+06
-1.81541e+06
-1.78742e+06
-1.79236e+06
-2.02682e+06
-2.00451e+06
-2.01974e+06
-1.87838e+06
-1.8413e+06
-1.78537e+06
-1.84198e+06
-2.04509e+06
-2.05911e+06
-2.04624e+06
-1.9125e+06
-1.92213e+06
-1.91952e+06
-1.90286e+06
-1.8019e+06
-1.75742e+06
-1.75825e+06
-1.75934e+06
-1.81527e+06
-1.81617e+06
-1.81573e+06
-1.81519e+06
-1.81532e+06
-1.90145e+06
-1.87717e+06
-1.81514e+06
-1.93661e+06
-1.76535e+06
-1.75743e+06
-1.81519e+06
-1.75789e+06
-1.86862e+06
-2.04498e+06
-1.97294e+06
-1.81544e+06
-1.81544e+06
-1.83554e+06
-1.81554e+06
-1.81567e+06
-1.50951e+06
-3.575e+06
-2.29755e+06
-1.81528e+06
-2.41791e+06
-2.2704e+06
-1.7719e+06
-1.81521e+06
-1.82255e+06
-2.02109e+06
-1.84407e+06
-1.83222e+06
-1.75905e+06
-1.81529e+06
-1.75771e+06
-1.81531e+06
-2.0418e+06
-1.77829e+06
-2.16995e+06
-2.19968e+06
-2.15864e+06
-1.87785e+06
-1.84236e+06
-1.82493e+06
-1.82627e+06
-1.43386e+06
-1.73814e+06
-1.75844e+06
-1.75571e+06
-1.75798e+06
-1.75803e+06
-1.75896e+06
-1.75203e+06
-1.75093e+06
-1.75553e+06
-1.81943e+06
-1.7628e+06
-1.81847e+06
-1.81838e+06
-1.81777e+06
-1.81951e+06
-1.76156e+06
-1.81981e+06
-1.76125e+06
-1.81552e+06
-1.81575e+06
-1.81872e+06
-1.81535e+06
-1.8148e+06
-1.81843e+06
-1.81533e+06
-1.77265e+06
-1.752e+06
-1.84192e+06
-1.75604e+06
-1.75636e+06
-1.82001e+06
-1.81773e+06
-1.81478e+06
-1.85064e+06
-1.81524e+06
-1.81492e+06
-1.82875e+06
-1.75933e+06
-1.80537e+06
-1.81047e+06
-2.03037e+06
-1.97551e+06
-1.87325e+06
-1.87104e+06
-1.87769e+06
-1.89847e+06
-1.67973e+06
-1.75157e+06
-1.75515e+06
-1.75709e+06
-1.75473e+06
-1.82642e+06
-1.81673e+06
-1.81679e+06
-1.8161e+06
-1.81524e+06
-1.86036e+06
-1.81536e+06
-1.81545e+06
-1.76108e+06
-1.81537e+06
-1.90719e+06
-1.81543e+06
-1.81551e+06
-1.75746e+06
-1.91945e+06
-1.75863e+06
-1.76874e+06
-1.77225e+06
-1.7926e+06
-1.80569e+06
-1.79178e+06
-2.04214e+06
-1.83942e+06
-1.82744e+06
-1.81536e+06
-1.81536e+06
-1.81536e+06
-1.81537e+06
-1.83334e+06
-1.85986e+06
-1.83675e+06
-1.83023e+06
)
;

boundaryField
{
    Wall
    {
        type            zeroGradient;
    }
    Inlet
    {
        type            zeroGradient;
    }
    Outlet
    {
        type            fixedValue;
        value           uniform 0;
    }
    Empty
    {
        type            empty;
    }
}


// ************************************************************************* //
