/*--------------------------------*- C++ -*----------------------------------*\
| =========                 |                                                 |
| \\      /  F ield         | OpenFOAM: The Open Source CFD Toolbox           |
|  \\    /   O peration     | Version:  2312                                  |
|   \\  /    A nd           | Website:  www.openfoam.com                      |
|    \\/     M anipulation  |                                                 |
\*---------------------------------------------------------------------------*/
FoamFile
{
    version     2.0;
    format      ascii;
    arch        "LSB;label=32;scalar=64";
    class       vectorField;
    location    "1.5/lagrangian/kinematicCloud";
    object      U;
}
// * * * * * * * * * * * * * * * * * * * * * * * * * * * * * * * * * * * * * //


84
(
(3.54486 0.725442 0.00217531)
(3.55557 0.735757 -0.00270679)
(3.54486 0.725442 0.00217531)
(3.54486 0.725442 0.00217531)
(3.55557 0.735757 -0.00270679)
(3.55557 0.735757 -0.00270679)
(3.55444 0.810146 -0.0335639)
(3.77817 0.952467 -0.00795501)
(3.69348 0.88351 -0.0133427)
(3.56425 0.82065 0.0306966)
(3.55557 0.735757 -0.00270679)
(3.74281 0.840642 -0.0814307)
(3.59552 0.764776 0.0809353)
(3.57481 0.746016 -0.0847578)
(3.77741 0.961754 0.00527715)
(3.56425 0.82065 0.0306966)
(3.55444 0.810146 -0.0335639)
(3.35791 0.694081 -0.0554734)
(3.84512 0.91449 0.0680995)
(3.72451 0.939933 0.0240904)
(3.77741 0.961754 0.00527715)
(3.33375 0.598849 -0.000483731)
(3.8566 0.93104 -0.0569898)
(3.77197 0.995168 0.00786218)
(3.34831 0.60985 -0.0032683)
(3.71795 0.943959 -0.0234699)
(3.34622 0.667901 0.0475427)
(3.36356 0.636166 -0.0811164)
(3.36356 0.636166 -0.0811164)
(3.14011 0.491416 0.0622455)
(3.05995 0.420866 -0.0010865)
(3.74711 0.993156 0.0083411)
(3.5681 0.933553 -0.0279409)
(3.10988 0.472364 -0.0665279)
(3.14011 0.491416 0.0622455)
(3.76356 0.92821 -0.0390806)
(3.66446 0.991118 0.0140269)
(3.14011 0.491416 0.0622455)
(3.14011 0.491416 0.0622455)
(3.10988 0.472364 -0.0665279)
(2.80525 0.36855 -0.0917495)
(3.14011 0.491416 0.0622455)
(3.76356 0.92821 -0.0390806)
(3.62892 1.00024 -0.00791003)
(3.76356 0.92821 -0.0390806)
(3.71303 0.993584 0.00802282)
(2.85393 0.366925 0.0696183)
(1.66966 -0.228079 -0.163023)
(3.07742 0.431527 -0.00814999)
(2.72058 0.448475 0.208619)
(3.62274 0.979096 0.00951843)
(3.71303 0.993584 0.00802282)
(2.91825 0.578752 -0.18792)
(1.56828 -0.0241269 0.32118)
(2.53422 0.172113 0.0540629)
(2.57071 0.156557 0.0389936)
(2.57071 0.156557 0.0389936)
(2.48328 0.12415 -0.0137988)
(1.37558 -0.0667264 -0.312778)
(2.49811 0.11822 -0.0188893)
(3.07742 0.431527 -0.00814999)
(2.48328 0.12415 -0.0137988)
(3.05995 0.420866 -0.0010865)
(1.88282 0.18785 0.340566)
(1.85541 0.132885 -0.33155)
(1.68605 0.0215711 -0.312053)
(2.49811 0.11822 -0.0188893)
(3.07742 0.431527 -0.00814999)
(1.38632 -0.0689196 0.31502)
(2.48328 0.12415 -0.0137988)
(1.37558 -0.0667264 -0.312778)
(2.42348 -0.0517591 -0.0442893)
(2.42348 -0.0517591 -0.0442893)
(2.49811 0.11822 -0.0188893)
(2.49811 0.11822 -0.0188893)
(1.74993 -0.291959 0.00265976)
(2.33753 -0.0862713 -0.00251767)
(1.81659 -0.281234 -0.0328102)
(1.81659 -0.281234 -0.0328102)
(2.36592 -0.0812106 -0.0176611)
(2.47823 0.112667 -0.00244262)
(3.71795 0.943959 -0.0234699)
(1.74993 -0.291959 0.00265976)
(2.47823 0.112667 -0.00244262)
)


// ************************************************************************* //
