/*--------------------------------*- C++ -*----------------------------------*\
| =========                 |                                                 |
| \\      /  F ield         | OpenFOAM: The Open Source CFD Toolbox           |
|  \\    /   O peration     | Version:  2312                                  |
|   \\  /    A nd           | Website:  www.openfoam.com                      |
|    \\/     M anipulation  |                                                 |
\*---------------------------------------------------------------------------*/
FoamFile
{
    version     2.0;
    format      ascii;
    arch        "LSB;label=32;scalar=64";
    class       Cloud<passivePositionParticle>;
    location    "0.10005/lagrangian/kinematicCloud";
    object      coordinates;
}
// * * * * * * * * * * * * * * * * * * * * * * * * * * * * * * * * * * * * * //

150
(
(0.0316933 0.526882 0.285233 0.156192) 32531 148315 1
(0.644174 0.0741823 0.146199 0.135445) 32531 148309 2
(0.448178 0.032057 0.434751 0.0850141) 102255 311444 2
(0.000681983 0.451531 0.546597 0.00118992) 35770 156408 1
(0.503555 0.0501209 0.197403 0.248921) 48924 192537 1
(0.0768296 0.37483 0.173108 0.375232) 35743 156355 1
(0.147035 0.424311 0.109691 0.318963) 24041 121963 2
(0.465221 0.455481 0.0753454 0.00395238) 65101 190605 1
(0.604977 0.0369976 0.192927 0.165098) 65101 237127 1
(0.124561 0.180981 0.316482 0.377976) 56012 214390 2
(0.33954 0.155824 0.173288 0.331348) 63171 232531 1
(0.279184 0.58678 0.129452 0.00458398) 33649 151053 1
(0.456475 0.0576237 0.27271 0.213191) 45213 180467 2
(0.0177366 0.70811 0.21872 0.0554339) 12407 66177 1
(0.156711 0.200847 0.402096 0.240346) 40242 42751 1
(0.201687 0.167241 0.0915406 0.539532) 95452 102625 1
(0.654805 0.236957 0.0305092 0.0777292) 95618 308163 2
(0.0905563 0.520942 0.0532067 0.335295) 25680 130803 1
(0.2116 0.335875 0.0584026 0.394122) 25675 130704 1
(0.0157229 0.374012 0.412191 0.198075) 88599 295648 2
(0.585544 0.353356 0.0243051 0.0367949) 91829 301808 1
(0.60024 0.103032 0.114216 0.182512) 14073 42667 1
(0.178986 0.13932 0.0689052 0.612789) 25668 130736 2
(0.303182 0.0106171 0.292714 0.393487) 20539 102731 1
(0.444879 0.036639 0.363161 0.155322) 11338 62401 1
(0.294641 0.432888 0.177042 0.0954286) 11324 62364 1
(0.0020346 0.20156 0.657611 0.138794) 88596 295641 1
(0.141514 0.257413 0.213579 0.387494) 70576 102190 1
(0.391677 0.478499 0.124268 0.00555554) 70537 250022 2
(0.320558 0.046905 0.528603 0.103933) 91845 301827 1
(0.600701 0.0661775 0.215271 0.117851) 88623 295700 1
(0.237203 0.269643 0.201995 0.291159) 91781 301720 1
(0.0280055 0.34772 0.586981 0.0372936) 25585 130341 2
(0.319952 0.0510051 0.322467 0.306576) 82513 279784 2
(0.348214 0.0963801 0.513251 0.0421552) 1044 5852 2
(0.199237 0.00889879 0.737752 0.0541115) 107639 354038 1
(0.663279 0.00129858 0.203516 0.131907) 123966 400390 2
(0.109022 0.105886 0.567566 0.217527) 81309 207342 2
(0.520713 0.092215 0.00435513 0.382717) 88109 57277 1
(0.051375 0.153192 0.308145 0.487288) 19896 99757 2
(0.164467 0.642176 0.0412543 0.152103) 91406 301013 1
(0.0326523 0.0959614 0.786611 0.0847757) 88089 99878 2
(0.206487 0.647556 0.0930556 0.0529013) 10659 38752 3
(0.0503143 0.796248 0.0985423 0.0548951) 10659 59990 1
(0.394496 0.0480076 0.526797 0.0306996) 37379 70038 2
(0.300613 0.00772333 0.100502 0.591162) 19917 47654 1
(0.133793 0.471973 0.106155 0.288079) 502 2974 1
(0.205852 0.546913 0.00896495 0.23827) 13445 69807 2
(0.613265 0.196124 0.0491318 0.141479) 35894 156741 1
(0.287507 0.183552 0.0627196 0.466221) 35868 156674 1
(0.153677 0.250715 0.206208 0.3894) 35925 156812 1
(0.157786 0.111427 0.206711 0.524076) 6691 36543 1
(0.596835 0.0449687 0.224961 0.133236) 24788 125933 1
(0.185124 0.00636809 0.637129 0.171379) 19455 56596 1
(0.0306558 0.396378 0.0775958 0.49537) 91249 300710 1
(0.303642 0.203183 0.119567 0.373608) 24775 125853 3
(0.495666 0.0463123 0.364507 0.0935149) 19455 56596 1
(0.241891 0.154699 0.338276 0.265134) 24775 125857 1
(0.542597 0.0173829 0.227676 0.212344) 19455 97984 1
(0.197979 0.119125 0.0488058 0.63409) 87894 293946 1
(0.0744456 0.534193 0.223939 0.167423) 3946 20494 2
(0.440837 0.345479 0.164522 0.049162) 91244 20061 1
(0.088837 0.212652 0.260459 0.438052) 87888 293933 2
(0.102913 0.659928 0.140587 0.0965727) 87888 293933 2
(0.0127145 0.463693 0.420859 0.102734) 87896 293896 2
(0.608474 0.142298 0.13786 0.111368) 87884 98054 1
(0.0277302 0.144905 0.0317427 0.795622) 91236 283407 1
(0.0651991 0.23345 0.376237 0.325114) 88204 294701 2
(0.0182765 0.123218 0.360482 0.498023) 3946 14038 2
(0.192 0.0324499 0.0890432 0.686507) 88199 14039 2
(0.173331 0.0164273 0.0379014 0.77234) 91490 128109 1
(0.238211 0.011413 0.387439 0.362937) 88199 293921 1
(0.6398 0.0246228 0.091751 0.243826) 91244 300713 2
(0.940393 0.0224105 0.00387158 0.0333254) 19992 100261 3
(0.0428991 0.02403 0.455779 0.477292) 19992 100274 2
(0.345626 0.049243 0.0235702 0.58156) 88204 100294 2
(0.197116 0.182812 0.415165 0.204907) 3849 20055 2
(0.339797 0.191561 0.0805127 0.388129) 91492 283639 1
(0.0323208 0.0992877 0.547911 0.32048) 91236 300694 2
(0.213068 0.177508 0.264714 0.34471) 19457 94809 2
(0.218301 0.274036 0.325599 0.182064) 83712 283640 1
(0.338103 0.153161 0.0706011 0.438135) 88192 294687 2
(0.413311 0.319462 0.160775 0.106452) 91501 301195 2
(0.0650695 0.183333 0.577942 0.173655) 91499 301196 1
(0.0917038 0.249031 0.449824 0.209442) 91499 301196 1
(0.187499 0.720429 0.0726842 0.0193881) 9957 56559 3
(2.68698e-05 0.393694 0.139724 0.466555) 87872 293889 1
(0.130331 0.0402825 0.274575 0.554811) 87874 293887 2
(0.234416 0.13953 0.453206 0.172847) 3947 20497 2
(0.258411 0.373327 0.128354 0.239908) 91231 283366 1
(0.0100721 0.104922 0.265537 0.619469) 25164 128019 3
(0.0774463 0.177447 0.435113 0.309993) 83636 283366 2
(0.145255 0.199403 0.348577 0.306765) 9957 56543 1
(0.395345 0.259731 0.141768 0.203155) 83636 283366 1
(0.506888 0.01886 0.0571297 0.417123) 9955 56543 1
(0.16271 0.252402 0.294015 0.290874) 91691 301547 1
(0.0632439 0.471264 0.2998 0.165693) 91686 301547 2
(0.583972 0.0691085 0.316817 0.0301026) 19979 100214 3
(0.343795 0.0781365 0.323708 0.25436) 87867 293863 2
(0.430512 0.319855 0.197266 0.0523671) 87867 293863 2
(0.18574 0.0168203 0.506436 0.291004) 25449 129663 2
(0.00129191 0.246489 0.721818 0.0304011) 57598 57922 2
(0.0603484 0.344138 0.197509 0.398004) 19434 56546 1
(0.247571 0.200829 0.0157441 0.535856) 88430 295260 1
(0.175533 0.173125 0.153476 0.497866) 24743 125658 1
(0.0244581 0.495634 0.342542 0.137366) 25437 129588 3
(0.00772241 0.0658771 0.431751 0.49465) 24747 125650 2
(0.17435 0.451595 0.10192 0.272134) 91698 301561 2
(0.232994 0.103559 0.56761 0.0958381) 24742 125649 1
(0.274373 0.026989 0.249739 0.448899) 81471 277209 2
(0.268386 0.152639 0.287628 0.291346) 87847 293817 1
(0.465222 0.159222 0.222023 0.153534) 91696 301542 1
(0.00793663 0.130334 0.171849 0.68988) 57426 218485 1
(0.407744 0.327579 0.244646 0.0200318) 19440 97897 1
(0.467334 0.366391 0.128922 0.0373531) 81469 277213 2
(0.0957313 0.37918 0.187182 0.337906) 4011 20804 1
(0.044154 0.472566 0.271971 0.211309) 80511 274818 2
(0.11279 0.141925 0.202075 0.54321) 69073 246592 1
(0.354055 0.372551 0.151577 0.121817) 80511 274828 1
(0.0141354 0.517039 0.184433 0.284393) 80511 206490 1
(0.251482 0.10253 0.575724 0.0702634) 87841 293806 1
(0.168775 0.516986 0.290014 0.0242244) 53646 207481 1
(0.0968026 0.148719 0.0689384 0.68554) 24749 125615 1
(0.294299 0.100081 0.415545 0.190075) 87851 293802 1
(0.0173889 0.386359 0.288788 0.307464) 25425 129521 1
(0.114876 0.453493 0.393132 0.0384997) 53651 207503 1
(0.0783623 0.536945 0.00331474 0.381378) 69781 195126 2
(0.60062 0.107986 0.0681967 0.223198) 91221 125722 2
(0.158078 0.504723 0.204784 0.132415) 91217 293835 1
(0.597909 0.0777571 0.287207 0.037127) 87851 293802 2
(0.0798114 0.313672 0.235244 0.371272) 91217 300661 2
(0.102471 0.222116 0.270223 0.40519) 53332 20043 2
(0.184722 0.25614 0.437109 0.12203) 69013 246457 1
(0.376137 0.122855 0.0198598 0.481148) 19443 97914 1
(0.0478111 0.175193 0.166543 0.610452) 91221 300641 2
(0.0329495 0.0200283 0.0328029 0.914219) 20233 101414 3
(0.0308176 0.377838 0.185037 0.406307) 70297 249478 2
(0.118114 0.105635 0.213302 0.562949) 2763 14746 1
(0.38171 0.195177 0.18289 0.240223) 57587 218963 2
(0.509569 0.057581 0.221326 0.211525) 82150 278887 2
(0.816216 0.00264946 0.0666028 0.114531) 25405 129270 2
(0.110884 0.258584 0.603654 0.0268778) 82118 278826 2
(0.63365 0.00463491 0.357288 0.00442697) 57391 218391 1
(0.24342 0.0328241 0.684404 0.0393527) 88551 295551 1
(0.593173 0.338473 0.0146024 0.0537514) 82136 278856 1
(0.867806 0.0207987 0.00984382 0.101551) 53605 207348 1
(0.123022 0.3234 0.115912 0.437666) 82125 278843 1
(0.25625 0.339055 0.335389 0.0693058) 25094 127594 1
(0.456739 0.0602039 0.241395 0.241662) 70261 249397 2
(0.358667 0.0106471 0.585756 0.04493) 88119 294488 1
)


// ************************************************************************* //
