/*--------------------------------*- C++ -*----------------------------------*\
| =========                 |                                                 |
| \\      /  F ield         | OpenFOAM: The Open Source CFD Toolbox           |
|  \\    /   O peration     | Version:  2312                                  |
|   \\  /    A nd           | Website:  www.openfoam.com                      |
|    \\/     M anipulation  |                                                 |
\*---------------------------------------------------------------------------*/
FoamFile
{
    version     2.0;
    format      ascii;
    arch        "LSB;label=32;scalar=64";
    class       Cloud<passivePositionParticle>;
    location    "0.10005/lagrangian/kinematicCloud";
    object      positions;
}
// * * * * * * * * * * * * * * * * * * * * * * * * * * * * * * * * * * * * * //

150
(
(0.101735 -0.0139012 0.0960861) 32531
(0.102467 -0.0135316 0.0961973) 32531
(0.0553753 -0.00173018 0.0999248) 102255
(0.162482 0.0460704 0.0944032) 35770
(0.157564 0.0406909 0.00421901) 48924
(0.170155 0.0490304 0.0622611) 35743
(0.163111 0.0415534 0.0511447) 24041
(0.15887 0.0365082 0.0360456) 65101
(0.158545 0.0360982 0.034577) 65101
(0.149777 0.0287176 0.00622858) 56012
(0.142847 0.0188081 0.0197965) 63171
(0.139746 0.0156318 0.0866137) 33649
(0.122239 0.00297552 0.00322591) 45213
(0.122166 -0.00221349 0.0933468) 12407
(0.184053 0.14828 0.0884921) 40242
(0.187979 0.15516 0.0237222) 95452
(0.189149 0.156216 0.0723263) 95618
(0.19363 0.152016 0.0764779) 25680
(0.191607 0.150395 0.0773301) 25675
(0.18884 0.155531 0.0476121) 88599
(0.188326 0.156137 0.0604431) 91829
(0.175882 0.141588 0.0898762) 14073
(0.19823 0.145431 0.0851012) 25668
(0.193181 0.153827 0.0316969) 20539
(0.185992 0.14313 0.00748781) 11338
(0.170035 0.141258 0.010761) 11324
(0.200131 0.148847 0.0348319) 88596
(0.206192 0.13832 0.0116176) 70576
(0.196332 0.137988 0.00825332) 70537
(0.209124 0.141209 0.065234) 91845
(0.207503 0.141681 0.0411753) 88623
(0.219169 0.132623 0.0551639) 91781
(0.205603 0.130998 0.0937463) 25585
(0.208599 0.128833 0.0890423) 82513
(0.160289 0.121827 0.098614) 1044
(0.154729 0.0877712 0.0992775) 107639
(0.175555 0.0886622 0.00092971) 123966
(0.214737 0.0851417 0.0890294) 81309
(0.215618 0.0814832 0.0280337) 88109
(0.210558 0.0816329 0.0244346) 19896
(0.210272 0.0812204 0.0660755) 91406
(0.206654 0.0805257 0.0360289) 88089
(0.206265 0.0810081 0.05312) 10659
(0.206233 0.0810584 0.0503143) 10659
(0.201938 0.0792557 0.0865448) 37379
(0.205774 0.080863 0.0394452) 19917
(0.199431 0.0784609 0.046632) 502
(0.184601 0.0646898 0.0555505) 13445
(0.180256 0.0597094 0.0656104) 35894
(0.179175 0.0589065 0.0586886) 35868
(0.178037 0.0571252 0.0792479) 35925
(0.174064 0.052583 0.0738196) 6691
(0.265664 0.073278 0.080748) 24788
(0.266353 0.0645014 0.0157505) 19455
(0.266235 0.0748018 0.0701084) 91249
(0.26615 0.0667679 0.0786627) 24775
(0.265836 0.0635273 0.0172097) 19455
(0.265819 0.0671131 0.0861571) 24775
(0.265697 0.0636387 0.018819) 19455
(0.267416 0.0659505 0.038616) 87894
(0.263872 0.0818111 0.0621486) 3946
(0.265143 0.0769286 0.0654281) 91244
(0.26633 0.0713363 0.0341418) 87888
(0.266388 0.0708532 0.028435) 87888
(0.266643 0.0673058 0.0261994) 87896
(0.264706 0.0776717 0.0285398) 87884
(0.26645 0.0696013 0.0646282) 91236
(0.26296 0.0829469 0.034007) 88204
(0.263418 0.0821796 0.0501156) 3946
(0.263469 0.0807946 0.0361658) 88199
(0.263642 0.0805882 0.0742405) 91490
(0.263602 0.0804291 0.0311064) 88199
(0.264348 0.0782646 0.0701109) 91244
(0.261744 0.0824335 0.0183209) 19992
(0.261613 0.0848029 0.0241333) 19992
(0.262394 0.0837694 0.0268848) 88204
(0.264993 0.0635412 0.061395) 3849
(0.260454 0.086695 0.0721336) 91492
(0.264386 0.0650107 0.0641009) 91236
(0.261946 0.0605328 0.0159091) 19457
(0.258786 0.0892101 0.0674766) 83712
(0.258896 0.0888496 0.0333021) 88192
(0.257878 0.0911973 0.060012) 91501
(0.256466 0.0936599 0.0653465) 91499
(0.256532 0.0934357 0.0663479) 91499
(0.259687 0.0609282 0.0225828) 9957
(0.262045 0.062357 0.0499998) 87872
(0.261253 0.0644588 0.0365162) 87874
(0.25439 0.0959085 0.0611341) 3947
(0.260482 0.0625389 0.0532615) 91231
(0.253235 0.095468 0.0786878) 25164
(0.25993 0.0624281 0.0599178) 83636
(0.256909 0.0613597 0.0194252) 9957
(0.259406 0.0627776 0.0550743) 83636
(0.255821 0.0613605 0.0163641) 9955
(0.24941 0.102804 0.066827) 91691
(0.249862 0.102271 0.0710657) 91686
(0.250923 0.0983181 0.019725) 19979
(0.258125 0.064177 0.0341616) 87867
(0.25759 0.0639535 0.0305263) 87867
(0.248346 0.101715 0.0865802) 25449
(0.246613 0.101881 0.0121633) 57598
(0.253238 0.0631343 0.0218837) 19434
(0.24593 0.106378 0.0332914) 88430
(0.251122 0.0645613 0.0843423) 24743
(0.243325 0.107411 0.0798204) 25437
(0.250013 0.0653491 0.0822163) 24747
(0.241436 0.111437 0.0637043) 91698
(0.249453 0.0655833 0.0848279) 24742
(0.24569 0.0845895 0.0928164) 81471
(0.251084 0.0672378 0.0356635) 87847
(0.240353 0.112618 0.0557289) 91696
(0.244707 0.0875099 0.00712714) 57426
(0.24534 0.0794408 0.00400014) 19440
(0.243937 0.0844154 0.0966913) 81469
(0.23815 0.114813 0.054859) 4011
(0.244963 0.0787367 0.0921666) 80511
(0.243664 0.0726411 0.00256931) 69073
(0.243832 0.079558 0.0902231) 80511
(0.243345 0.0795216 0.0903672) 80511
(0.246197 0.0695556 0.040255) 87841
(0.238192 0.0972281 0.0900624) 53646
(0.24399 0.0702418 0.0768041) 24749
(0.242711 0.0709371 0.0428966) 87851
(0.235196 0.118266 0.0753689) 25425
(0.236762 0.0987765 0.0882962) 53651
(0.2366 0.0989391 0.00990679) 69781
(0.24205 0.0726921 0.0714814) 91221
(0.241594 0.0716257 0.0509981) 91217
(0.241328 0.0717018 0.0421332) 87851
(0.241398 0.0715953 0.0621168) 91217
(0.241211 0.0786411 0.0932297) 53332
(0.239643 0.0733716 0.00172518) 69013
(0.241428 0.0721916 0.0145529) 19443
(0.240208 0.0741322 0.0672255) 91221
(0.23338 0.117624 0.0127678) 20233
(0.233988 0.102538 0.00994193) 70297
(0.23049 0.120238 0.0169004) 2763
(0.229356 0.108922 0.00754733) 57587
(0.229479 0.108137 0.0905826) 82150
(0.227346 0.108692 0.0957784) 25405
(0.226574 0.111647 0.0918924) 82118
(0.232203 0.0832931 0.0103249) 57391
(0.223687 0.129231 0.0267746) 88551
(0.222814 0.113412 0.0952282) 82136
(0.224056 0.0813634 0.0959395) 53605
(0.220835 0.117654 0.0914155) 82125
(0.224968 0.0810656 0.0768582) 25094
(0.219619 0.118825 0.00795809) 70261
(0.222992 0.0812144 0.0344) 88119
)


// ************************************************************************* //
