/*--------------------------------*- C++ -*----------------------------------*\
| =========                 |                                                 |
| \\      /  F ield         | OpenFOAM: The Open Source CFD Toolbox           |
|  \\    /   O peration     | Version:  2312                                  |
|   \\  /    A nd           | Website:  www.openfoam.com                      |
|    \\/     M anipulation  |                                                 |
\*---------------------------------------------------------------------------*/
FoamFile
{
    version     2.0;
    format      ascii;
    arch        "LSB;label=32;scalar=64";
    class       vectorField;
    location    "0.10005/lagrangian/kinematicCloud";
    object      U;
}
// * * * * * * * * * * * * * * * * * * * * * * * * * * * * * * * * * * * * * //


150
(
(0.38304 0.218935 0.081445)
(0.383113 0.224582 0.0837883)
(0.0351822 -0.000978091 -0.00262269)
(1.67719 1.6765 0.0185351)
(1.56748 1.57009 0.00745651)
(2.148 2.11085 -0.00551098)
(2.05499 2.02807 0.00405111)
(1.98537 1.95689 -0.0180549)
(1.98537 1.95684 -0.0180619)
(1.63582 1.67623 -0.0927368)
(1.59116 1.58206 -0.076614)
(1.54626 1.50547 0.0955829)
(0.967457 0.976484 -0.0174898)
(0.703358 0.580412 -0.0641558)
(0.641102 0.330524 0.123168)
(0.541471 0.385597 -0.10913)
(0.644703 0.459884 0.0857043)
(0.723082 0.197278 0.148803)
(0.716108 0.29049 0.137683)
(0.610202 0.439626 -0.0176135)
(0.611564 0.442896 0.0314469)
(0.821328 0.553031 0.0615774)
(0.937633 0.124212 0.151842)
(0.80698 0.362552 -0.0719509)
(0.855733 0.334221 -0.0795535)
(0.751753 0.633351 -0.041879)
(1.02739 0.196798 -0.0697059)
(1.16771 -0.251328 -0.0993893)
(1.11642 0.083839 -0.0828208)
(1.21867 -0.135014 0.0746666)
(1.20416 -0.143461 -0.0281667)
(1.65288 -0.509727 0.0273852)
(1.38434 -0.332255 0.0539223)
(1.58106 -0.385691 0.0832365)
(1.01635 0.800207 0.0229862)
(0.560345 0.408505 0.000656435)
(1.39386 0.477475 0.00489515)
(4.17663 -0.43639 0.157837)
(4.17367 -0.220359 0.0222618)
(4.06314 0.129929 0.161685)
(4.13276 0.230527 -0.0244563)
(4.08498 0.762359 0.0235418)
(4.21802 0.709008 -0.000878039)
(4.21802 0.709008 -0.000877987)
(3.9819 1.13624 -0.217521)
(4.21502 0.706787 9.13701e-05)
(4.03008 2.33618 -0.0885271)
(2.45412 2.35361 -0.00713107)
(2.30289 2.23364 -0.00966334)
(2.31619 2.22744 -0.0117979)
(2.08949 2.05978 0.0166309)
(2.15122 2.12286 0.000693015)
(2.47308 -2.7114 0.0136138)
(2.14606 -2.71896 0.0322093)
(2.61536 -2.67279 0.0407534)
(2.32981 -2.73547 -0.014116)
(2.14504 -2.71885 0.0323565)
(2.32981 -2.73547 -0.014116)
(2.14504 -2.71885 0.0323565)
(2.46205 -2.74459 0.0172097)
(2.73736 -2.58645 -0.00566512)
(2.67118 -2.63978 0.0469271)
(2.5742 -2.69721 -0.0391566)
(2.5742 -2.69721 -0.0391566)
(2.427 -2.71636 -0.0316329)
(2.66877 -2.64154 -0.0484689)
(2.44555 -2.71599 0.0279303)
(2.76982 -2.54992 -0.0548787)
(2.738 -2.58631 -0.00570479)
(2.70719 -2.56607 -0.0590848)
(2.71063 -2.56412 0.0587862)
(2.7071 -2.56609 -0.0590914)
(2.67118 -2.63978 0.0469271)
(2.66552 -2.57363 -0.0656068)
(2.66581 -2.54376 -0.0711012)
(2.76982 -2.54992 -0.0548788)
(2.29566 -2.74383 -0.026514)
(2.75967 -2.46034 0.0662413)
(2.43136 -2.71821 0.0270025)
(2.10311 -2.71864 0.0410924)
(2.82979 -2.42083 0.0608133)
(2.83005 -2.42271 -0.0590391)
(2.79814 -2.34543 0.00419053)
(2.79186 -2.30901 0.0716634)
(2.78301 -2.31746 0.0724049)
(2.04755 -2.70342 0.0537635)
(2.26443 -2.73676 0.0223351)
(2.20457 -2.68196 -0.0193)
(2.76403 -2.19707 0.00928176)
(2.26595 -2.73737 -0.0281782)
(2.72752 -2.1363 0.115313)
(2.22328 -2.71638 -0.0285735)
(2.04508 -2.70213 0.0542098)
(2.22328 -2.71638 -0.0285735)
(1.97624 -2.66625 0.066641)
(2.71774 -1.91804 0.0748598)
(2.68123 -1.98901 0.0805448)
(2.72271 -2.14253 -0.125577)
(2.15045 -2.65407 -0.0131031)
(2.15042 -2.65406 -0.013102)
(2.65367 -1.95864 0.127088)
(2.44732 -2.0893 -0.0984472)
(1.88968 -2.60544 0.0746215)
(2.59999 -1.74663 -0.0770659)
(1.89096 -2.61155 -0.0949948)
(2.5683 -1.72307 0.144944)
(2.20549 -2.67462 -0.0707529)
(2.44083 -1.56685 0.0852222)
(2.19225 -2.66164 -0.0730076)
(2.7721 -2.57339 0.0266793)
(2.36325 -2.64865 -0.0151428)
(2.45911 -1.5687 0.0235036)
(2.76717 -2.36774 -0.0466997)
(2.57724 -2.86232 -0.0430126)
(2.67844 -2.66536 0.0499322)
(2.28044 -1.40629 0.0255673)
(2.833 -2.75514 0.011727)
(2.47178 -3.06212 -0.0266212)
(2.8336 -2.75412 0.0118884)
(2.89503 -2.74571 0.0107614)
(2.33214 -2.56007 0.0123393)
(2.77755 -1.93779 0.056114)
(2.58348 -2.64781 -0.056047)
(2.77176 -2.53291 0.00967749)
(2.25182 -1.30925 0.158213)
(2.69977 -1.85536 0.0465589)
(2.71901 -1.80514 -0.0461717)
(2.69037 -2.48329 -0.000750208)
(2.77706 -2.53304 -0.0117521)
(2.77176 -2.53291 0.00967743)
(2.77706 -2.53303 -0.0117521)
(2.98699 -2.72791 0.0154251)
(2.58474 -3.10392 -0.0159439)
(2.56763 -2.55741 0.0416556)
(2.67715 -2.43436 -0.0020976)
(2.26166 -1.24432 -0.148669)
(2.55843 -1.6331 -0.0524263)
(2.0439 -1.13771 -0.163563)
(2.41947 -1.34262 -0.0522882)
(2.41425 -1.35259 0.0586468)
(2.3589 -1.35482 0.054079)
(2.33037 -1.17262 0.0689414)
(3.46144 -2.23969 -0.07657)
(1.88168 -0.799116 -0.0747979)
(2.16757 -1.07572 0.0522862)
(3.60029 -2.21921 0.0505362)
(2.02529 -0.892499 0.0715647)
(3.90158 -1.40199 -0.0730939)
(2.02696 -0.829355 -0.0679507)
(4.09298 -0.989943 0.0210346)
)


// ************************************************************************* //
