/*--------------------------------*- C++ -*----------------------------------*\
| =========                 |                                                 |
| \\      /  F ield         | OpenFOAM: The Open Source CFD Toolbox           |
|  \\    /   O peration     | Version:  2312                                  |
|   \\  /    A nd           | Website:  www.openfoam.com                      |
|    \\/     M anipulation  |                                                 |
\*---------------------------------------------------------------------------*/
FoamFile
{
    version     2.0;
    format      ascii;
    arch        "LSB;label=32;scalar=64";
    class       volScalarField;
    location    "2";
    object      p;
}
// * * * * * * * * * * * * * * * * * * * * * * * * * * * * * * * * * * * * * //

dimensions      [0 2 -2 0 0 0 0];

internalField   nonuniform List<scalar> 
2958
(
181.32
585.348
6380.5
-22843.7
-824.534
6862.1
9057.03
-1226.34
286.766
-1827.31
1577.8
4593.27
-1240.19
4586.11
-113.166
1440.37
-217.376
-1243.13
4589.15
-1267.64
4682.59
-321.264
4713.45
4811.54
-1241.06
-576.151
1638.58
-2840.72
-550.705
1056.89
-396.544
-1007.42
4446.78
1936.32
2046.38
-8199.31
4589.64
4753.03
-3071.62
707.184
42648
-8688.73
10654.5
438.506
4595.18
4010.72
1783.8
-571.032
-12334.5
1604.7
680.45
3.81952
-664.601
1169.25
592.725
-6199.59
-548.378
-1172.89
113.531
47782.9
-2120.83
-1125.41
6841.06
984.897
4586.99
4586.11
1160.09
296.46
1897.5
-3246.36
-210.584
4594.33
92.9821
71.4606
4578.01
2672.44
-2256.96
7012.02
4570.17
709.952
-1145.27
-1665.48
-2812.78
-3416.35
-1070.39
225.437
-640.104
150.455
554.095
4336.84
3537.5
597.991
2212.08
4590.71
432.885
-506.473
-5451.63
-21520.7
4584.32
4591.38
-23048.9
101.435
587.481
559.883
4415.05
1302.48
4596.33
-13889.1
4580.71
533.426
-59629.8
592.978
4567.91
-1282.46
4585.88
4586.98
362.941
425.531
252.776
254.521
-5347.5
4593.98
2050.42
-256.425
-4926.16
-1411.11
-4892.73
305.751
157.663
4595.32
4577.54
4624.44
341.71
4576.16
4588.55
4581.41
-1178.73
-1083.22
4586.17
4585.38
-2098.91
275.447
4676.3
4579.42
231.328
-699.684
4576.72
4592.94
473.783
4593.32
-1247.05
-5834.03
-1266.2
3699.45
-1250.31
4585.69
4998.02
-23.2009
8050.83
10449.7
-1733.46
-2301.18
-784.852
4591.7
7950.74
-4299.76
4876.31
4584.66
-1025.8
3598.14
-952.395
4596.16
4416.97
-50.2673
4566.07
8733.8
-270.559
530.449
10248.3
1939.88
2983.39
187.258
-813.743
-90095.3
445.931
373.036
493.468
4580.39
-430.05
-17538.9
-84.5186
648.022
4721.06
-2281.34
553.912
-543.145
629.526
-1134.55
794.624
-170.239
-1715.77
4577.62
117.128
557.472
-6548.89
-41272.2
2735.59
-40273.5
-214.725
-14628.5
4586.01
4358.42
4581.96
558.018
4584.8
-749.852
1010.94
4584.67
4586.23
4584.11
4606.86
111.137
7892.83
306.2
-164600
936.236
-3021.86
4586.48
1388.81
-1026.49
487.904
-1343.45
278.823
-860.753
-567.018
4609.75
4579.82
102.495
4577.55
30659.3
4584.97
29710.8
-13989.8
-2788.4
-771.716
698.223
10978.9
-1273.77
1277.01
260.507
-2985.22
-754.061
322.78
2183.27
-22380.3
-62.6335
419.506
391.698
114.987
-430.82
578.437
4718.57
159.411
55163.6
2114.69
1608.19
-2261.36
2.33138
6556.25
4605.41
4589.43
29.7565
322.235
4601.41
611.363
18.2847
4582.4
-939.173
4581.03
326.181
4587.42
4618.1
2155.22
97.9959
-538.535
4588.92
3551.07
-43207.6
-66447.1
1314.21
4915.45
-529.855
4586.36
4593.23
-1359.59
4858.88
4585.71
682.169
4586.14
-507.102
167.172
-877.268
383.506
-1003.42
-2049.69
281.948
-25774.1
4709.76
578.859
570.694
4580.46
626.044
856.385
4582.78
437.934
-163493
-1061.35
8129.76
433.18
-228.738
-778.804
-514.412
-94.3057
298.319
4829.57
4593.73
564.4
4620.57
-62517
-23518.9
-449.351
169.315
4597.05
4585.94
5489.45
4586.19
101858
5864.26
103562
4580.93
134.796
818.723
-705.363
-998.428
4578.64
474.702
4578.8
-520.188
-2941.74
-2392.25
12247.2
1891.23
-1458.29
-5171.62
136.956
436.194
4583.77
-217.978
-665.9
387
-23630.9
-70.2585
-10778.8
2980.58
-846.15
-401.358
8041.72
-43277.1
-17908.6
-427.811
2064.04
-927.113
4584.76
-12972.7
594.784
499.697
686.821
-176.389
-870.828
-443.516
-2185.06
2259.42
4578.3
-165.883
-387.398
4583.59
-209.678
-1361.84
4692.93
4578.9
-1737.46
4584.7
4237.37
-319.746
1892.18
188168
-23400.7
4586.03
4591.34
-537.925
-297.194
481.612
-166.479
-21275.8
810.412
269.975
602.462
147.746
153.957
-2899.11
-766.91
-1160.3
1380.14
367.283
475.899
-492.897
-605.89
-5917.18
382.745
384.478
4594.8
-10332
-1275.76
-14669.8
-1428.62
4815.83
104.179
-1251.71
339.229
796.686
-925.925
-497.901
43.6157
871.958
420.091
-730.385
-1254.53
-684.736
-1802.09
4581.86
-815.881
370.509
503.969
-5275.21
4843.16
4197.6
4621.35
-76.9621
4560.87
-785.505
4568.88
-1270.76
2805.85
587.12
-1373.2
-2634.22
4586.27
235.708
-1466.63
4586.41
286.694
-23403.3
-2569.16
400.196
396.039
8451.23
1431.48
2936.56
463.311
1150.35
563.232
4593.05
223.441
4752.96
546.169
-226.806
2208.51
-1027.32
5720.78
1136.82
-1237.9
993.064
4586.69
2951.68
596.237
242.01
-404.173
2198.2
4299.08
282.12
1339.47
448.71
-15687.3
-105.34
-366.067
1767.66
-537.2
4584.22
4584.69
4600.59
-551.494
4581.23
4586.68
-2356.37
-2437.84
4586.84
-25076.8
207.605
-7495.48
-4000.24
4580.85
4587.78
170.444
4586.08
734.632
711.562
2398.13
1856.84
-43.6939
-2935.77
3519.87
-267.64
-491.109
1609.9
841.684
994.073
293.522
4726.9
1146.25
-8386.09
1139.43
4377.38
472.08
4589.98
2686.69
8036.14
-556.924
288.243
-1490.41
1149.1
151.62
691.375
4592.22
1800.76
4613.35
2737.96
1255.54
4706.22
4586.4
498.682
4578.24
4587.18
557.738
-777.103
22236.7
-565.448
151.703
312.728
577.131
418.607
159.929
511.533
1051.55
434.463
423.244
647.658
4587.58
437.336
32275.2
583.04
-922.626
312.171
4579.64
4571.85
4451.97
320.281
4582.66
2169.47
4586.75
-812.362
251.048
436.672
2339.52
530.206
-1788.95
4709.55
4558.51
4588.3
397.354
179.562
4588.23
4586.29
-403.863
-2841.17
4803.13
-3386.02
-304.649
-2589.07
558.081
7365.7
4596.35
-179.608
4566.85
-2514.79
1644.42
61.7545
3308.6
-3439.75
5028.58
4584.99
991.595
1688.22
4586.09
4586.49
1979.5
-1155.78
8280.98
534.394
4595.44
-32013.5
335.988
-19239.2
135.44
-1236.39
-171.145
4577.13
-1351.86
46.1476
754.894
4583.82
-4794.38
4583.47
-665.38
4584.49
-113.826
879.525
4414.63
3440.77
-3133.64
9056.77
4612.3
-740.828
1863.42
4414.47
543.85
3169.61
719.159
4621.67
991.188
4586.77
4587.39
-5450.5
-4256.74
-834.539
-745.963
-216.497
492.728
5054.17
-6093.05
-806.604
470.272
5092.92
4563.89
4471.26
7446.88
4582.4
-808.934
4561.08
88.5775
1777.11
-557.864
-259.317
-5201.61
-70361.8
4028.26
-63.7499
441.522
-28926.6
4619.05
4588.28
-991.71
412.768
4589.01
7.02462
4582.02
-82.9408
7.75337
673.202
-1071.17
575.948
6535.03
226.467
-1572.59
-2112.68
167.579
4693.33
-1008.39
-1088.04
222.353
4596.03
4583.62
-1879.58
889.725
-8403.75
-925.595
1580
-2103.32
-36859.3
-576.253
-461.242
-1851.49
-158.191
-271.467
312.636
-2882.67
-1602.65
-2372.78
393.232
8296.53
-1023.54
3128.04
4620.51
-174.113
128.097
4587.66
88.4185
4579.84
-136874
8003.67
4571.62
-3142.1
-59508.4
-8316.38
463.041
4378.28
-1790.94
-666.751
-723.831
4678.69
5745.7
134.7
-9927.22
-122563
-211.226
356.008
4692.91
-6572.34
7971.36
485.345
-8472.57
-21963.9
2983.79
4593.65
-46124.9
-29075.7
-29152.2
683.749
-913.725
2051.56
3472.83
4586.32
4587.23
4586.86
-6090.81
-96.9993
4585.76
222.047
4584.53
-6348.92
4612.32
4482.86
510.438
-40421.3
-2244.29
4584.19
4586.41
-1818.12
-1353.51
4592.24
4586.32
420.29
4587.76
-22217.6
-1585.99
4443.67
350.804
128.886
4585.18
635.933
254.944
239.912
-4664.92
452.953
-1156.89
1945.53
-747.182
4692.62
950.127
-179.238
-1168.41
1502.67
4566.75
-1780.24
-14074.7
255.619
-1809.14
-909.728
3611.71
563.478
267.926
-997.903
8075.08
-1349.68
4586.21
2421.45
-3590.03
-614.094
166.834
26919.8
-34941.2
-1226.14
1424.6
-1071.36
3994.74
746.249
133.781
1654.41
-2127.44
39.4164
-826.403
-8.46608
250.847
240.847
-60280.8
241.773
570.805
-3458.06
4584.86
8988.08
1341.86
-4384.12
-221.343
4587.88
4711.7
4597.33
1493.01
-192.973
1796.71
115.377
380.091
314.085
-919.237
-2154.08
600.533
563.644
-2563.04
-184.287
4579
-1368.28
-2652.6
-673.906
-415.918
10713.5
899.349
-15433.4
1787.8
165.511
11043.3
4496.88
2166
-1988.65
4591.3
694.529
-75274.9
-26020.8
21313
-1196.43
4587.22
4700.48
849.823
4587.19
4587.31
4587.56
-338.121
295.47
1641.61
-249.107
10426.5
889.128
6.25535
-67532
500.752
-694.009
4584.92
89.2778
-2243.05
722.896
-1214.74
-64.1946
-1753.48
1300.63
-122102
4586.26
10655.5
-449.642
-597.074
-206.435
302.141
-909.205
4603.57
-1156.61
76.8172
1042.53
-1351.41
-1472.17
-833.309
-469.884
3533.24
352.043
1661.83
-839.591
443.429
1275.95
493.234
1725.93
5.34771
483.76
1652.97
209.996
575.571
389.322
-1730.83
446.462
4422.68
1005.96
797.389
486.937
-192.448
1297.58
159.538
22.753
-436.355
4586.85
345.387
7510.52
-1067.91
-1820.66
-2156.05
-1941.81
324.266
-1993.99
-22.27
-653.318
-52882.8
-932.394
395.382
-789.672
2211.55
8182.57
4589.09
4570.88
-1032.02
-344.14
2200.87
4589.86
-1535.13
-2789.85
593.95
389.262
-2174.84
715.482
136.884
-31526.5
4588.32
530.9
4584.48
-158.151
-30048.7
-1568.65
589.618
4484.51
-1170.22
4593.98
6556.54
-6851.16
-907.149
959.171
21.498
-131.794
81.5472
300.635
11.16
377.856
4935.22
-1678.39
291.153
-1269.12
-1747.16
-393.588
521.591
82.3054
874.909
3999.93
130.161
-899.672
-3571.03
219.611
256.717
4224.43
4681.7
-23428.7
-626.377
4572.11
-62589
-1469.84
283.042
4586.22
-1023.2
102.712
4377.18
687.356
-1445.25
-63645.4
-3028.25
-360.6
4234.65
691.489
-51.9932
949.031
-19796.8
4587.52
1801.32
5093.13
319.428
4585.61
4583.85
-858.51
4591.01
4581.31
4203.85
750.591
2829.51
4575.24
4576.56
-1216.71
4605.93
442.235
-183.005
-4824.68
4586.53
576.837
632.755
5765.52
-266.651
4952.18
-9792.29
4585.69
859.73
4577.33
4580.01
4586.55
-3315.89
1.02475
4694.38
116.225
-1286.88
311.737
224.668
2175.66
-897.538
4580.18
1265.89
4562.57
-78238.8
-43944.2
4578.39
12313.4
-1367.16
-12265.8
335.672
-1055.24
121.428
6563.59
-1513.47
-4769.68
4609.76
1590.82
734.77
-1026.59
-878.093
-877.941
-1097.65
2952.11
-6519.58
-2007.15
4594.53
-23348.1
-599.071
-4713.38
4050.63
-973.426
3231.54
-113.962
4576.29
-483.999
-3599.69
-201.18
4580.41
-1335.8
4594.65
4586.29
4591.06
4585.58
578.935
313.225
4806.2
-2257.67
-440.445
-1219.58
-337.499
-171.425
518.363
766.668
-959.477
1098.83
2501.83
1345.38
286.541
23.2521
-934.331
4584.84
5554
-3602.85
392.481
-231.759
-8315.84
-3197.91
635.482
4586.46
4596.57
-999.216
4712.05
408.059
-1245.28
-11.8636
-2572.45
-2258.97
76.4191
-14.9519
18766.3
4558.67
-2384.21
951.742
-6523.87
-2644.14
3273.65
-164.631
-2429.36
491.616
4581.62
844.849
-5379.82
-1132.09
-254.663
295.261
608.938
1161.33
734.44
3119.26
-313.011
4584.1
333.772
3155.44
-1502.44
4578.56
4558.92
761.816
568.297
-841.887
11.7289
-8903.46
5295.41
4590.69
-1929.74
5512.91
4607.89
-2756.48
4592.92
217.801
614.39
4590.67
-2247.51
221689
-1130.14
694.646
-809.786
4594.5
639.52
4575.12
763.145
-2642.7
-62435.7
1043.6
4673.26
1735.97
-144.577
-70027.1
4588.64
3345.27
2283.39
-88.9116
4705.38
-1221.74
-706.897
125.65
-336.579
1158.25
2901.24
671.353
-1907.05
4578.84
-1143.75
861.674
-914.484
131.636
723.846
-596.979
-101.105
4620.77
972.785
5064.98
4585.42
551.172
4683.32
-2009.44
4558.21
-229.712
391.019
-7982.42
-12.6962
838.706
4609.51
358.474
798.808
1064.61
-2048.61
-167.703
190.74
-1123.64
4582.42
4585.63
6724.36
7190.28
4585.18
4741.53
239.574
-207.541
948.483
-208.372
-1818.96
10293.2
10413.4
685.281
1013.21
-178.289
213.703
4.3389
-1263.26
1316.23
-1281.33
-203.035
-964.894
828.188
2168.08
10066
540.784
-706.559
-5433.81
-1358.6
7453.39
1173.77
-65267.8
-102.398
2844.94
-12.7857
-147.858
-9785.5
58.8988
-582.488
4472.85
-251.467
233.39
4586.22
1066.98
130.905
168.937
810.622
-3150.98
-246.755
-2383.08
-381.273
845.547
212.42
-774.213
559.062
-1729.97
5214.39
-2416.23
-510.022
4578.77
-448.102
19184.4
4570.41
774.965
-102.417
621.453
-1545.43
-2851.13
88.8419
534.011
4553.82
-602.526
1047.35
-1180.21
-134802
439.301
1725.9
1156.8
6692.58
523.764
4603.74
191511
4593.69
-2723.48
4591.23
189571
4587.33
49.3623
5043.43
4371.67
4585.9
-209.546
4585.29
4618.41
-2188.67
4584.5
5860.98
4707.08
351.391
4587.02
-1213.96
-20125.2
600.919
4581.25
-474.146
1223.05
209344
4592.05
494.468
4601.14
-3304.32
4585.52
-2868.81
208346
4583.07
-50035.4
-23324
-129.919
-1056.5
1132.73
-1027.43
2405.46
4559.44
-2121.01
4585.19
4753.92
189.695
413.672
4598.27
-1813.84
4458.57
-1184.25
107.511
547.729
-418.97
-18.7367
-89988.8
-248.861
635.754
-96.5458
4579.44
4586.33
-463.25
301.815
-4266.08
-1.62314
640.129
4579.58
4594.2
1.08369
-26.2886
-992.619
182.529
-267.83
551.985
-191.511
4960.73
4587.22
4587.06
9074.44
942.717
5351.7
2136.89
2197.23
-1536.49
-2356.35
-1016.76
-1343.02
2043.99
4585.23
299.155
830.319
373.7
-639.417
5294.96
4582.55
373.069
-2973.98
-404.42
4580.9
-441.142
-359.796
-1022.15
4580.72
-10.0097
-128.032
4584.8
4596.26
4585.5
4587.3
4585.62
4587.59
58.7158
-554.129
368.81
-1880.18
-2707.29
3308.54
-292.48
621.313
4581.44
4602.75
-1092.65
2291.56
4585.92
1038.34
-480.787
4573.24
-2017.52
-4589.37
-1287.43
1632.94
-1345.69
7771.37
-573.227
11471.9
294.032
589.287
-1175.34
4585.92
4421.28
69.6261
1635.56
4595.26
12595.2
-6012.35
192.564
4589.28
-1425.03
8093.15
574.086
-1501.85
341.575
68.5574
4589.4
488.592
-762.223
416.598
350.771
367.166
-66.6475
4580.98
-635.176
-1904.99
555.56
-5145.2
668.742
4002.4
6068.05
65.8607
5511.16
990.406
-1684.91
-448.941
-18.9192
281.961
-1050.04
925.234
805.228
2154.67
4701.51
4586.76
-726.669
-528.918
-543.988
664.915
3046.02
-286.438
77.3542
336.335
4566.96
6541.73
5477.06
10071.6
497.598
585.4
4589.38
-2641.25
1680.22
2990.44
21231.8
-147.315
4586.99
450.123
3075.05
234.466
683.399
-1348.68
4593.04
378.233
-219.669
-246.708
13432.9
-7.72765
4590.05
111.452
4594.47
-319.014
-869.288
309.082
800.79
558.612
485.309
4586.12
-2687.62
507.67
-7967.21
-72.3608
-77638
6.89501
2676.39
355.371
-2783.79
-880.493
175.645
-68.9166
644.867
-383.187
4586.63
4849.91
3678.91
-817.149
327.924
4889.42
364.512
176.995
5416.46
633.697
1573.58
266.194
648.771
309.934
4582.95
4584.66
4586.1
4441.84
115.453
4586.45
4582.42
-600.927
-21381
4586.89
-82864.6
-1630.49
4568.12
878.575
-8911.83
-1150.56
-156325
-654.338
-8160.22
532.221
4251.72
1108.44
102387
1076.02
148.204
4603.52
-3399.68
415.366
504.502
84.7506
175.353
4586.59
4474.48
-804.011
4595.16
4582.99
17311.2
-188.291
4587.54
515.446
4592.28
150.088
-2201.79
4572.95
205.962
186.816
5027.75
-1020.09
-3849.26
649.889
415.765
-289.401
-904.788
494.849
2856.59
375.915
-2674.93
4584.33
-298.444
4579.82
3619.31
-169.174
1299.58
833.829
4419.78
8488.85
-626.804
1308.54
4587.28
4588.13
4588.29
4602.02
4601.67
4600.19
4864.24
3592.31
10120.5
35031.6
16603.1
16695.6
660.77
1189.98
801.4
191.247
1129.26
877.275
1074.91
651.998
1893.34
1890.44
41.5803
-2240.24
2997.22
-2948.75
-14743
-15031.9
-13421.1
-8478.41
-4551.17
-13007.3
-8382.5
191.963
-3710.71
-15652.4
-24722.9
718.044
4017.43
791.312
4420.79
-928.134
523.492
4409.27
3903.41
4495.47
3979.97
4534.34
4594.99
4603.8
4589.83
4587.01
4580.14
4584.64
4586.01
4587.5
4580.26
4586.16
4564.52
4560.62
4580.12
4537.37
4789.17
4037.93
4734.11
4791.29
4013.45
4693.59
4693
-126286
-140586
-9914.35
-27370.1
-93922.7
-83679.8
-1664.07
34.8908
-753.148
-1354.66
-1303.66
-409.852
-995.295
-1119.25
-929.571
-1114.96
1791.48
-2802.56
-2610.93
2092.26
996.191
458.874
363.619
406
513.408
558.176
410.458
399.789
35.216
197.101
66.9601
-34.2076
-238.955
-195.331
248.376
-1036.3
-997.787
-796.77
-1085.99
-2025.36
-653.413
563.562
-1408.23
-1955.54
-1116.85
-1480.81
-1866.16
-1608.81
-1975.5
-2111.29
-2105.3
-2439.19
-2391.55
-2175.88
-2893.46
-2579.44
-2727.49
8018.39
8633.93
8834.66
9996.49
6556.84
7974.1
7695.66
2251.82
2223.12
3613.25
862.378
890.106
841.432
1641.39
551.345
-2.58568
4144.4
4026.23
4112.49
1248.24
4821.64
4938.04
17795.2
18236.7
10458.7
9815.15
7863.46
2421.43
2609.07
2091.37
1579.38
1272.96
197.445
-1128.28
-963.822
-208.249
211.233
-19.804
-73.1423
-195.96
3.64785
-357.699
-495.626
-933.501
-822.63
-709.321
334.234
317.598
417.009
582.278
131.979
5017.75
6054.82
6045.61
5051.22
5052.63
6594.94
6464.21
6425.71
6545.84
15577.1
11799.7
11155
-3331.13
-1653.56
-1168.62
2447.18
949.621
1669.78
1122.83
-23105.9
-23565.4
-38603.6
-23642.1
-23406.6
-37976.1
-23268.4
-29450.8
22479.4
-29196.2
14258.5
7497.85
3600.35
41992.3
34749.5
34296.4
-353.931
8244.17
7976.12
879.51
628.841
437.918
4879.09
8907.41
7833.34
7830.43
7938.55
8323.51
8130
7972.14
8569.25
8293.94
10760.8
-114.574
1034.4
-2333.94
-1172.39
-506.8
-851.697
-415.569
-129.71
-228.183
-184.209
-130.923
12.8645
-174.674
-33.9431
-120.657
-229.745
-118.918
457.561
401.122
400.018
67.7015
-752.477
4311.28
4319.73
4469.12
4527.13
4590.61
4594.83
4622.87
4625.89
4592.11
4577.47
4589.36
4566.52
4568.06
4577.91
4551.53
4489.38
4589.3
4552.84
4481.54
4547.01
4549
4600.97
4553.13
4572.4
4584.24
4566.98
4612.27
4617.54
4568.93
4585.64
4583.57
4586.83
4580.99
4579.72
4579.68
-1011.43
4585.71
4584.9
4586.61
4586.69
4581.98
4585.41
4586.62
4580.63
4585.78
4523.81
4793.44
3978.97
4798.8
4694
4693.28
4439.85
4593.21
33.3426
561.311
434.62
135.29
54.8749
105.981
-2175.66
-2486.71
10814.8
-16471.5
9315.01
8397.08
3810.82
1663.71
2245.07
3980.53
4007.38
18856.7
17539.7
1435.11
-3521.12
-2224.08
-196.897
-108.354
1150.38
-176.142
5112.45
-72.9333
5249.08
5217.26
6254.7
26.6385
-2531.98
1041.53
-297.949
8628.28
-231.519
-23347.9
-23675.8
-23765.8
-29571.7
11444.4
7704.72
7570.51
10244.4
1414.36
4238.1
5210.87
7932.3
7898.93
7928.56
8201.97
-1177.09
-316.79
4.13809
-29.6101
-403.286
-159.64
-213.686
-838.129
-113.637
368.673
300.074
417.685
4317.12
4632.12
4589.68
4535.09
4549.02
4594.99
4547.36
4483.09
4604.74
4559.62
4556.01
4553.35
4578.7
4588.11
4586.43
4581.5
4580.71
4585.46
4581.99
4580.81
4586.37
4582.09
4584.01
4584.98
4591.78
4591.72
4590.18
4590.23
4590.16
4589.7
4589.71
4588.77
4580.23
4585.51
4587.61
4586.04
4586.59
4584.32
4586.26
4585.7
4586.23
4586.37
4586.61
4586.11
4584.88
4585.12
4580.84
4584.98
4581.99
4586.82
4580.18
4634.74
4624.61
4616.26
4579.88
4566.25
4757.41
-820.335
-1191.44
-2505.39
-1389.86
-1537.27
-24052.4
-11833
-13048.4
-18973.2
-74533.7
-57240.9
-68671.6
-10380.1
-77755.3
1202.03
1833.66
1334.2
649.114
589.437
748.615
942.343
168.172
620.351
125.318
186.727
426.795
229.157
-27.7466
118.358
-108.413
41.5411
-8.44759
-154.806
-148.428
-224.043
-100.204
-20.3041
-454.136
-399.516
-608.025
-572.452
416.455
-271.469
-95.1436
-518.717
-416.281
-192.024
-825.355
-931.896
-1138.36
-1202.1
-1196.84
-1167.8
-1225.28
-1201.97
-1283.29
-1565.74
-1181.66
-884.669
-2104.9
2187.4
434.16
1514.23
1034.25
1174.1
463.595
41.5631
-11.7575
156.889
505.484
256.037
320.456
533.231
502.837
345.102
698.116
1532.26
1717.36
767.916
1326.21
5953.8
3805.54
-5090.82
-3569.53
-6455.96
-901.471
-4823.68
-3688.52
-2464.09
2605.6
-1447.81
-2603.25
-1775.84
-219.377
-1219.95
-694.338
-1386.98
-1001.56
-1502.54
-959.495
-632.477
-215.38
-247.985
-205.524
-228.314
-194.553
-222.332
-79.6978
-226.832
62.3187
354.375
565.933
6548.34
555.939
423.237
538.273
272.742
248.168
-734.371
-414.85
-767.346
-1414.14
5143.15
5135.36
5227.6
5301.8
-1171.07
-502.611
-1498.94
-1092.27
-988.954
-2514.85
-469.238
-1658.46
-1290.83
-1153.32
-828.49
-255.329
-604.854
-735.415
-1046.93
6561.49
-305.357
-24415.8
-38224.4
150.512
-30276.8
12677.7
-2695.16
3726.41
135.291
10794.6
5410.26
208.231
-1176.36
-8095.12
-9304.27
-3680.18
822.248
-804.896
-72.5535
1319.94
358.473
1297.73
2051.42
2112.64
2146.3
2288.02
2181.12
1956.2
2235.46
2198.66
2039.34
2621.69
1883.67
2366.18
1983.35
1077.21
1383.65
535.168
1395.35
1133.93
808.018
709.565
847.448
961.444
832.444
755.554
706.464
771.63
407.003
592.841
146.224
676.176
783.286
632.493
4294.02
4631.44
4281.46
4488.8
4480.67
4477.15
4500.3
4483.85
4502.21
4555.2
4571.55
4595.47
4576.9
137.098
4594.08
4613.04
4580.43
4584.71
4586.23
4585.71
4584.27
404.064
4585.06
4586.32
4586.34
4585.38
4587.91
4587.88
4579.48
4586.96
4584.62
4588.51
4585.2
4584.07
-18966.4
459.31
481.254
-2332.92
-2264.51
-1786.23
4585.98
4586.14
4585.24
4586.01
4590.7
4586.88
4586.03
4586.29
4586.43
4586.82
4586.33
4586.27
4586.46
4586.82
4587.78
4586.12
4586.26
4587.38
4584.91
-4697.45
4584.01
4582.04
4582.62
4571.04
4613.51
4611.72
4610.06
4581.96
4820.08
3539.21
-3262.21
-502.922
-786.642
-915.582
-1253.76
-1876.18
-1205.63
-1428.49
-2580.97
-10550.2
-19967.3
-1315.51
-658.429
3238.55
-419.046
-1596.05
1119.59
1682.66
1283.88
717.385
506.203
419.369
369.903
373.023
947.681
481.564
1056.26
247.654
335.841
464.795
489.936
385.87
516.664
658.857
519.392
499.416
508.678
545.562
467.135
254.898
652.175
518.504
652.915
126.136
597.695
651.328
594.035
944.96
595.338
302.443
-418.818
205.278
741.094
448.66
-1441.63
-412.915
159.41
198.175
114.428
189.818
198.52
138.637
231.876
482.878
-1482.03
-1838.44
-518.945
-1881.81
-114.802
-250.899
239.866
991.003
109.326
164.189
-220.44
643.564
316.3
595.102
487.613
682.304
344.323
384.014
482.511
548.163
499.364
573.66
509.457
505.687
525.432
586.171
685.338
1203.08
663.439
711.319
656.286
1611.26
519.576
5771.3
1615.03
3795.46
12410.5
6475.31
-637.993
-880.035
-636.649
-536.002
1754.83
-841.751
-455.527
-478.995
-925.027
-996.814
-1263.83
-474.106
-1091.08
-1308.96
-901.989
-329.144
-1462.49
-1661.16
516.147
284.658
350.947
-831.648
-449.758
-637.282
-709.178
-180.812
-123.347
-240.705
-100.94
-281.338
178.299
-82.2969
-51.2433
-158.77
-23.5122
315.181
177.535
130.285
443.73
541.557
504.849
402.249
663.773
615.253
669.253
-638.642
198.279
-474.628
-551.106
-1706.17
-796.104
-669.44
-716.409
-1002.66
-774.513
-641.881
-687.724
-962.207
-1561.83
-1748.22
-1557.28
-1051.08
-2400.3
-1930.22
-3799.73
-3203.83
-2880.16
-5497.72
-8440.04
-8091.6
-6132.88
3163.6
-9437.59
-1451.63
-4314.83
-4189.34
-4028.52
-2506.98
-765.548
-1934.25
-1016.51
-1646.31
-1882.12
-1276.75
-1831.85
-710.494
2642.17
686.992
-91.7513
708.354
2318.36
2193.46
1198.5
1195.56
2279.59
1191.35
1138.33
1222.49
1120.36
841.637
1202.09
2339.73
1199.29
1082.6
1504.78
1046.98
1131.11
1115.59
1122.76
373.599
637.228
-1532.68
1200.8
1609.93
996.702
1042.21
876.047
815.507
1002.09
890.635
893.724
1021.52
704.863
803.179
567.003
713.93
670.202
861.658
740.335
773.379
647.094
394.41
809.46
811.329
4582.47
3232.53
4596.29
4616.49
4489.91
4590.21
4482.85
4605.38
4568.29
4563.93
4577.88
4582.53
4584.33
4578.93
4582.81
4585.64
4589.56
4588.52
4588.05
4588.68
4584.12
4588.78
4586.11
4588.09
4585.2
4587.73
4587.63
4584.77
4587.86
4579.22
4587.92
4585.97
4584.75
4588.76
-2182.26
-1591.02
298.029
645.561
450.544
391.968
467.78
685.528
421.783
-1768.71
-1517.75
577.43
-1328.93
-1453.6
-4335.45
-698.533
-2667.4
-2006.66
4587.46
4586.82
4587.04
4587.46
4607.13
4565.83
4602.73
4580.35
891.588
852.646
258.679
804.532
2626.65
4586.5
4587.71
4586.87
4587.52
4589.86
4586.29
4587.73
4586.92
4588.55
4588.78
4586.96
4586.47
4589.27
4589.62
4583.5
4585.57
4610.61
-1800.46
-2469.93
-1294.23
-2406.59
-1954.48
-1627.36
-1976.72
-2671.17
405.028
-1586.27
-592.251
627.233
436.154
350.019
429.272
374.109
524.033
707.855
527.073
1041.35
1011.53
515.606
672.618
755.563
495.107
1338.02
1210.21
1720.76
963.084
962.74
614.594
1491.6
244.679
1147.66
1238.82
-14.1573
474.874
-477.244
4586.46
4587.28
-522.103
-580.169
145.82
-137.573
-811.814
-681.724
197.188
249.355
143.985
193.636
189.069
349.012
575.294
276.72
518.748
637.814
539.84
563.812
539.385
638.871
716.096
511.769
-905.624
-464.595
799.335
382.076
-1176.89
-427.839
-321.355
-617.725
-486.323
-610.589
-263.817
74.4821
-530.141
-1284.37
-1630.05
-1904.42
5.54659
198.608
140.174
-3.10942
668.052
654.622
586.47
-2042.77
-1342.19
-2561.7
-1066.44
-1935.45
-9928.49
-2796.85
-1577.17
4593.09
4566.34
4585.31
4592.65
4584.91
4584.93
4587.64
4587.09
4585.43
4587.89
4587.77
4586.03
4586.79
4588
4587.29
1845.04
-1320.81
-2183.05
-1644.99
-2270.67
4587.62
-1703.62
-9633
4594.75
-1786.94
-574.423
-238.973
4587.07
4585.7
583.031
740.431
288.609
636.254
-436.884
-1197.07
-1041.87
-1288.06
2242.58
-10308.3
371.852
629.156
764.542
4489.2
4513.19
4552.66
4582.64
4584.8
4580.53
-6755.92
-2438.55
4585.32
4583.38
4610.88
103.414
531.849
4587.03
-996.214
-818.884
565.077
343.681
667.92
-237.695
1792.93
-6407.87
-2993.87
375.941
-97.6322
385.512
-513.909
-492.118
-761.435
-750.758
-583.964
1014.23
961.314
638.352
4587.69
4571.28
4572.85
4586.13
4585.69
-1255.74
-1503.83
4592.67
-895.292
1154.96
1318.77
4587.33
916.747
-2223.46
798.182
711.769
4585.5
4586.29
-1380.39
4599.21
4599.25
7338.22
1312.76
2007.74
4586.56
-7842.78
-3523.41
-17898.7
4586.68
4434.83
758.36
4041.14
4252.6
-1069.09
4588.82
536.323
4590
-2272.68
3754.13
15194.1
15505.2
-0.616619
6212.13
6152.35
5783.23
-3178.03
24797.5
8126.01
848.325
-906.815
946.366
1021.52
-47.9583
2.31145
-276.836
453.758
4498.21
1332.57
4594.32
4593.36
4612.75
4592.18
1148.38
4557.14
1149.68
4580.77
4601.29
4591.54
4566.13
4580.56
4590.63
4585.94
5248.13
-3151.01
-2824.31
735.398
385.716
4555.38
4490.67
4579.24
-1926.24
4584.39
4531.29
4312.78
444.268
-831.136
-868.365
532.527
848.655
1274.86
-834.841
-636.317
-488.896
1108.73
-3708.85
1859.56
584.81
773.634
4279.24
4495.62
4565.6
4614.93
4584.65
-1593.88
4586.72
4582.2
-2304.11
4586.46
-1861.42
4587.06
4584.46
715.106
-1194.23
549.211
491.774
252.053
-539.41
-1284.3
-235.275
146.905
1261.4
3331.95
4586.64
4587.01
4586.75
4585.8
6054.65
6377.13
6122.61
5838.48
)
;

boundaryField
{
    Wall
    {
        type            zeroGradient;
    }
    Inlet
    {
        type            zeroGradient;
    }
    Outlet
    {
        type            fixedValue;
        value           uniform 0;
    }
    Empty
    {
        type            empty;
    }
}


// ************************************************************************* //
