/*--------------------------------*- C++ -*----------------------------------*\
| =========                 |                                                 |
| \\      /  F ield         | OpenFOAM: The Open Source CFD Toolbox           |
|  \\    /   O peration     | Version:  2312                                  |
|   \\  /    A nd           | Website:  www.openfoam.com                      |
|    \\/     M anipulation  |                                                 |
\*---------------------------------------------------------------------------*/
FoamFile
{
    version     2.0;
    format      ascii;
    arch        "LSB;label=32;scalar=64";
    class       Cloud<passivePositionParticle>;
    location    "0.40005/lagrangian/kinematicCloud";
    object      positions;
}
// * * * * * * * * * * * * * * * * * * * * * * * * * * * * * * * * * * * * * //

150
(
(0.403813 -0.0646301 0.00133831) 58412
(0.416827 -0.108173 0.0899369) 29190
(0.40161 -0.118929 0.0329802) 94709
(0.401216 -0.117453 0.0385376) 84475
(0.399889 -0.115201 0.0591843) 83954
(0.397025 -0.113847 0.0622659) 4942
(0.363937 -0.0388067 0.0990837) 160448
(0.399578 -0.0245776 0.0425628) 142387
(0.354953 -0.0781771 0.0247063) 7933
(0.390007 -0.0154731 0.0734345) 147769
(0.6 -0.00643763 0.0751392) 92919
(0.600057 -0.00963702 0.0907977) 33315
(0.6 -0.00766794 0.0185938) 91904
(0.530005 -0.0160514 0.0876908) 22115
(0.529995 -0.0177768 0.0169256) 16792
(0.534271 -0.00927281 0.0188309) 16820
(0.600029 -0.0114813 0.0894256) 33280
(0.600031 -0.00647969 0.011094) 26201
(0.600012 -0.00814874 0.0927405) 5999
(0.600017 -0.00820308 0.0927175) 5999
(0.600022 -0.00381504 0.0116723) 10841
(0.599926 -0.00589749 0.0930764) 33314
(0.6 -0.00446655 0.080823) 92912
(0.490259 -0.0044014 0.0995816) 118130
(0.6 -0.000622364 0.071466) 5972
(0.599897 -0.0077744 0.00681179) 4181
(0.495126 -0.0292356 0.065784) 151219
(0.464969 -0.0600306 0.0814821) 30336
(0.446719 -0.0782799 0.0935314) 5201
(0.429762 -0.0884626 0.1) 29607
(0.434 -0.0203508 0.0617134) 89160
(0.435455 -0.0163536 0.0426847) 85450
(0.418886 -0.0149577 0.0578188) 89379
(0.424643 -0.00690427 0.0587768) 5937
(0.0862784 0.0169253 0.0997193) 129534
(0.126605 0.00160544 0.0930854) 6052
(0.238668 0.0442821 0.074037) 93326
(0.6 0.0396496 0.0577652) 886
(0.6 0.042333 0.0589405) 933
(0.6 0.034783 0.0598304) 6530
(0.6 0.0347214 0.0499992) 4343
(0.6 0.038333 0.0696732) 6532
(0.6 0.0386177 0.0686412) 6532
(0.6 0.044043 0.0739018) 93403
(0.599999 0.0354145 0.0711361) 6532
(0.6 0.0443299 0.0696439) 6862
(0.6 0.0332705 0.0748181) 93227
(0.6 0.0351322 0.0299185) 4342
(0.6 0.0321216 0.0304019) 4345
(0.6 0.0320332 0.0252084) 4332
(0.6 0.0326806 0.0747964) 93227
(0.6 0.0459851 0.0307728) 4407
(0.6 0.029638 0.0323467) 4339
(0.6 0.0292597 0.0272891) 4339
(0.6 0.0359706 0.0250321) 92002
(0.6 0.0462412 0.0745868) 93409
(0.6 0.0375199 0.0238257) 4330
(0.6 0.0489513 0.0661864) 6865
(0.6 0.0474646 0.0248132) 92052
(0.6 0.0273341 0.0742658) 93213
(0.6 0.0267304 0.0696264) 6528
(0.600001 0.0263214 0.0253846) 91996
(0.6 0.0250514 0.0743111) 93213
(0.599999 0.0468985 0.0798729) 93409
(0.6 0.0299464 0.076676) 6548
(0.6 0.0214003 0.0299166) 4335
(0.6 0.0194542 0.0253843) 4260
(0.6 0.0211268 0.0404662) 481
(0.599999 0.0193859 0.0688919) 6263
(0.6 0.0229282 0.0764848) 93207
(0.6 0.0161753 0.0243569) 91960
(0.599999 0.0228376 0.0839715) 93210
(0.6 0.0207038 0.0172601) 91987
(0.6 0.0187186 0.018168) 91959
(0.6 0.0186841 0.0197325) 4260
(0.6 0.0156678 0.0601187) 833
(0.6 0.0122549 0.0688126) 6265
(0.6 0.0118621 0.0500014) 6261
(0.600043 0.0509823 0.0103465) 26668
(0.60004 0.05068 0.0893397) 36640
(0.599999 0.00812068 0.0313914) 4269
(0.6 0.0097033 0.0523498) 6255
(0.6 0.039906 0.0132703) 92001
(0.60004 0.0373459 0.0887333) 13087
(0.6 0.0107027 0.0137057) 91967
(0.600066 0.0290792 0.0897875) 35268
(0.600046 0.0433455 0.0108354) 10960
(0.600001 0.00928425 0.0590933) 6255
(0.599999 0.00912071 0.0542748) 6255
(0.600044 0.0409238 0.0890425) 13335
(0.6 0.0053065 0.0282578) 4269
(0.6 0.00286235 0.0251007) 91947
(0.6 0.00331861 0.0175787) 91948
(0.6 0.00495646 0.0144537) 91948
(0.599553 0.0124144 0.094482) 6290
(0.599932 0.0066141 0.00701339) 26344
(0.599545 0.0136263 0.0945099) 34362
(0.599552 0.0131104 0.094485) 34362
(0.6 0.00101665 0.0285018) 4265
(0.599542 0.0170055 0.0945198) 12799
(0.6 0.00336733 0.0396189) 467
(0.599105 0.0360254 0.00371263) 10942
(0.6 0.00257028 0.0417138) 467
(0.6 0.002261 0.0517882) 831
(0.599999 0.00245434 0.0407686) 467
(0.6 0.0519406 0.0151996) 92065
(0.598563 0.0420292 0.0984641) 937
(0.6 0.0034044 0.054748) 831
(0.6 0.00381481 0.0561036) 831
(0.6 0.00113631 0.0260132) 4246
(0.6 0.00533587 0.0418555) 4267
(0.6 0.00712659 0.0617706) 6255
(0.475684 0.0356803 0.0201739) 18169
(0.45129 0.0218744 0.0413192) 14714
(0.482902 0.0223827 0.00222939) 45445
(0.466591 0.00757261 0.00261006) 17419
(0.198086 0.0730855 0.0188813) 150194
(0.216685 0.0725644 0.077429) 7109
(0.251397 0.123603 0.0932971) 14040
(0.230326 0.063619 0.0748428) 83624
(0.233841 0.0536993 0.0734558) 84244
(0.6 0.0613366 0.0167645) 92141
(0.6 0.0575333 0.0169507) 92057
(0.600001 0.0569286 0.0241061) 92058
(0.6 0.0526079 0.0749765) 93423
(0.6 0.0511467 0.052935) 6867
(0.6 0.0562845 0.0731456) 6869
(0.600001 0.0710113 0.039246) 27260
(0.600001 0.0503188 0.053726) 6867
(0.6 0.0578114 0.0537557) 935
(0.598717 0.064359 0.0978504) 13767
(0.6 0.0624537 0.0862176) 93597
(0.6 0.0563272 0.027398) 4410
(0.6 0.0528265 0.0855101) 93427
(0.599999 0.0690347 0.0212743) 4536
(0.600047 0.0525417 0.0899152) 36644
(0.598868 0.0644732 0.0027073) 11071
(0.6 0.0595768 0.0430698) 513
(0.600001 0.061991 0.0645257) 7372
(0.6 0.0697593 0.0686873) 38815
(0.542451 0.0658063 0.000289152) 149820
(0.6 0.0626771 0.0424453) 513
(0.6 0.064579 0.0391718) 92159
(0.6 0.066167 0.0596465) 93586
(0.6 0.0650831 0.0559828) 93583
(0.502572 0.0589106 0.0367278) 87459
(0.492596 0.0571755 0.0726944) 13300
(0.485059 0.0552043 0.0898715) 36530
(0.500042 0.0650994 0.00519649) 27051
(0.498554 0.0618144 0.0950697) 7171
)


// ************************************************************************* //
