/*--------------------------------*- C++ -*----------------------------------*\
| =========                 |                                                 |
| \\      /  F ield         | OpenFOAM: The Open Source CFD Toolbox           |
|  \\    /   O peration     | Version:  2312                                  |
|   \\  /    A nd           | Website:  www.openfoam.com                      |
|    \\/     M anipulation  |                                                 |
\*---------------------------------------------------------------------------*/
FoamFile
{
    version     2.0;
    format      ascii;
    arch        "LSB;label=32;scalar=64";
    class       vectorField;
    location    "0.40005/lagrangian/kinematicCloud";
    object      U;
}
// * * * * * * * * * * * * * * * * * * * * * * * * * * * * * * * * * * * * * //


150
(
(1.51149 0.864279 -0.0101169)
(0.170063 0.163068 0.326961)
(-0.0649597 -0.0593959 -0.257029)
(-0.0770905 -0.0687743 -0.185106)
(0.0423986 -0.0445278 0.172481)
(0.195869 -0.0830831 0.10733)
(0.591525 -0.252924 0.00290416)
(2.72251 -1.91091 -0.295423)
(0.879974 -0.807495 0.303274)
(0.262368 -0.262442 -0.0105666)
(-0.231379 -0.190962 0.0294119)
(0.575282 -0.279419 -0.102636)
(-0.373079 -0.247438 -0.0585414)
(-0.203004 0.0162514 0.351958)
(-0.0661729 0.0920199 -0.408394)
(2.04639 1.11161 -0.42143)
(0.265726 -0.319819 -0.0826566)
(0.8763 -0.241784 0.116136)
(0.643215 -0.380882 -0.085234)
(0.643215 -0.380882 -0.085234)
(1.19942 -0.194677 0.107972)
(0.926581 -0.349687 -0.100182)
(0.304945 -0.164058 -0.0840735)
(0.301254 0.369339 9.95258e-05)
(-0.352459 -0.129396 0.033545)
(0.658368 -0.381333 0.0857115)
(1.13654 1.1179 0.0590468)
(2.49566 2.39655 0.510574)
(1.79009 0.733396 -0.512686)
(0.721048 0.994726 0.331833)
(1.20932 0.391598 0.231561)
(0.318068 -0.184139 -0.279637)
(-0.768286 -0.740315 0.259576)
(-0.941279 -0.971756 0.163842)
(0.103514 0.0573676 -0.00010992)
(-0.630276 -0.158441 0.38074)
(-0.824983 1.19093 -0.340404)
(3.56785 0.104399 0.0467199)
(3.37868 0.0528316 0.0402645)
(3.63891 0.142821 0.0496018)
(3.63817 0.15094 -0.0591246)
(3.65551 0.276369 0.148372)
(3.65551 0.276369 0.148372)
(3.64365 0.412773 0.127299)
(3.65551 0.276369 0.148372)
(3.52293 0.248253 0.144092)
(3.74982 0.406278 0.111239)
(3.65763 0.283637 -0.146919)
(3.67641 0.284555 -0.147527)
(3.73634 0.404109 -0.110498)
(3.74982 0.406278 0.111239)
(3.32058 0.200609 -0.137265)
(3.55854 0.261929 -0.147138)
(3.55854 0.261929 -0.147138)
(3.73432 0.419276 -0.124177)
(3.4892 0.392888 0.120057)
(3.7362 0.420577 -0.123712)
(3.30871 0.192208 0.139898)
(3.4921 0.394521 -0.119776)
(3.6311 0.365263 0.0916089)
(3.55808 0.258387 0.147986)
(3.63133 0.366602 -0.0928964)
(3.6311 0.365263 0.0916089)
(3.4892 0.392888 0.120057)
(3.64996 0.371534 0.097453)
(3.28165 0.216459 -0.144531)
(3.07584 0.240591 -0.0569307)
(3.25153 0.145563 -0.0585304)
(2.82613 0.155925 0.125149)
(3.43108 0.316473 0.0812885)
(3.04608 0.231589 -0.0430327)
(3.4163 0.334546 0.0759182)
(3.39038 0.324568 -0.0759475)
(3.06497 0.254677 -0.0540033)
(3.07584 0.240591 -0.0569307)
(2.75328 0.113488 0.0358437)
(2.20215 0.086479 0.100241)
(2.03137 0.0617665 0.0332475)
(3.72617 0.826419 -0.0718908)
(3.72699 0.825632 0.0719135)
(1.38373 0.0157198 -0.0592467)
(1.08075 -0.000878298 0.0291338)
(3.72735 0.452806 -0.123343)
(3.85635 0.707253 0.15148)
(2.54817 0.153902 -0.0266418)
(3.74884 0.591158 0.132038)
(3.82844 0.790144 -0.14047)
(1.08075 -0.000878298 0.0291338)
(1.08075 -0.000878298 0.0291338)
(3.84423 0.762604 0.146618)
(1.38373 0.0157198 -0.0592467)
(1.12637 -0.066437 0.0284099)
(1.10438 -0.0493691 0.0350558)
(1.10438 -0.0493691 0.0350558)
(2.52692 -0.0124144 0.00416388)
(2.17201 -0.118275 0.0420524)
(2.66435 0.0401354 0.0201868)
(2.66435 0.0401354 0.0201868)
(0.443265 -0.0727839 -0.0248702)
(2.82088 0.0924454 0.050241)
(0.06873 -0.123705 -0.0458186)
(3.3537 0.439016 -0.151692)
(0.06873 -0.123705 -0.0458186)
(0.0633673 -0.119646 0.0448514)
(0.06873 -0.123705 -0.0458186)
(3.31742 0.426917 -0.0611118)
(3.34824 0.490599 0.154457)
(0.0633673 -0.119646 0.0448514)
(0.0633673 -0.119646 0.0448514)
(1.10102 -0.088953 0.0738663)
(1.08261 -0.00619969 -0.033366)
(1.08075 -0.000878298 0.0291338)
(0.0218086 0.147858 0.371352)
(-1.34906 -1.42513 0.0773927)
(1.57204 2.56277 0.0660101)
(1.6473 2.7847 0.0843127)
(0.366851 0.366585 0.000792981)
(0.298098 0.055213 0.711956)
(1.82016 -0.757339 -0.465787)
(-0.310837 0.696781 0.228162)
(-0.508602 1.00622 -0.112858)
(3.06247 0.273115 0.299062)
(3.1728 0.359361 0.103541)
(3.18569 0.31111 0.0802677)
(3.32179 0.361039 0.0398905)
(2.75692 -0.110149 -0.0110892)
(2.8071 0.0245333 -0.0334396)
(2.07077 -0.466068 0.353357)
(2.75692 -0.110149 -0.0110892)
(2.52051 -0.218757 -0.103829)
(2.95307 0.267358 0.170367)
(3.05969 0.273369 -0.298332)
(2.81571 0.0280323 0.0338855)
(3.31918 0.426386 0.0453529)
(2.98844 -0.199101 0.559406)
(3.70612 0.828313 0.0489538)
(2.95843 0.268692 -0.170355)
(2.46884 -0.262771 0.240789)
(2.70026 -0.0869202 -0.340097)
(2.23073 -0.472195 -0.466218)
(0.166969 -0.0935816 -0.00149479)
(2.46884 -0.262771 0.240789)
(2.45309 -0.275723 0.334158)
(2.44677 -0.279347 -0.319603)
(2.51096 -0.311894 -0.280491)
(-0.205447 -0.126604 0.321538)
(-0.522698 -0.560281 -0.454575)
(-0.138927 -0.0125185 -0.428747)
(0.214509 0.624576 0.130791)
(0.473441 0.873414 -0.0574344)
)


// ************************************************************************* //
