/*--------------------------------*- C++ -*----------------------------------*\
| =========                 |                                                 |
| \\      /  F ield         | OpenFOAM: The Open Source CFD Toolbox           |
|  \\    /   O peration     | Version:  2312                                  |
|   \\  /    A nd           | Website:  www.openfoam.com                      |
|    \\/     M anipulation  |                                                 |
\*---------------------------------------------------------------------------*/
FoamFile
{
    version     2.0;
    format      ascii;
    arch        "LSB;label=32;scalar=64";
    class       Cloud<basicKinematicCollidingParcel>;
    location    "0.19995/lagrangian/kinematicCloud";
    object      coordinates;
}
// * * * * * * * * * * * * * * * * * * * * * * * * * * * * * * * * * * * * * //

38
(
(0.026212 0.417788 0.0492475 0.506752) 11854 18212 1
(0.0995706 0.632583 0.102154 0.165692) 10016 36385 1
(0.185285 0.0726112 0.153424 0.58868) 13353 44613 1
(0.126532 0.565866 0.304816 0.00278625) 13355 44617 1
(0.482508 0.142331 0.0405531 0.334608) 13433 1022 2
(0.0665517 0.527464 0.233848 0.172136) 13353 44612 2
(0.0628652 0.0139435 0.658051 0.26514) 13355 85887 1
(0.0945229 0.518025 0.381742 0.00570966) 2735 13542 2
(0.0345395 0.0308216 0.293383 0.641256) 2740 13600 2
(0.243333 0.591919 0.0599832 0.104765) 9931 13804 2
(0.834961 0.0171505 0.141837 0.00605188) 838 4357 2
(0.0521963 0.0134147 0.294328 0.640061) 13528 45002 2
(0.0476124 0.686581 0.2547 0.0111074) 13166 44009 2
(0.179294 0.554563 0.210597 0.0555465) 4810 22594 2
(0.742454 0.0843841 0.11193 0.0612321) 13509 44952 1
(0.5517 0.0630682 0.0864758 0.298756) 13509 44940 1
(0.0564957 0.298139 0.337588 0.307778) 13343 44592 2
(0.250983 0.168371 0.42877 0.151876) 13343 44592 2
(0.0119773 0.0274951 0.176388 0.78414) 13340 44583 2
(0.223203 0.109811 0.185563 0.481423) 13501 44930 1
(0.170142 0.0143715 0.812831 0.00265586) 247 1348 2
(0.262307 0.226614 0.257189 0.25389) 241 578 1
(0.469722 0.09762 0.193027 0.239632) 865 4612 2
(0.0240634 0.675942 0.0830918 0.216903) 13367 4648 3
(0.693818 0.141705 0.122615 0.0418613) 12249 41771 2
(0.151747 0.386505 0.396875 0.0648734) 5259 23696 2
(0.424732 0.0960987 0.278638 0.200531) 2048 4892 1
(0.0924111 0.0172715 0.30092 0.589397) 6721 27265 2
(0.0892322 0.392291 0.271977 0.2465) 2054 11015 1
(0.486986 0.173725 0.139118 0.200171) 6960 80870 1
(0.0578854 8.85594e-05 0.597693 0.344333) 4239 15688 2
(1.50109e-05 0.153986 0.036731 0.809268) 1408 2972 1
(0.10806 0.0502731 0.831837 0.00982979) 5416 24089 2
(0.756452 0.113285 0.0785597 0.0517037) 9297 9440 1
(0.381268 0.162187 0.0203635 0.436182) 1378 7759 1
(0.0189536 0.0490342 0.281395 0.650618) 966 5241 1
(0.306668 0.239112 0.357412 0.0968077) 7369 16867 1
(0.153556 0.0746464 0.533286 0.238512) 8855 33380 2
)


// ************************************************************************* //
