/*--------------------------------*- C++ -*----------------------------------*\
| =========                 |                                                 |
| \\      /  F ield         | OpenFOAM: The Open Source CFD Toolbox           |
|  \\    /   O peration     | Version:  2312                                  |
|   \\  /    A nd           | Website:  www.openfoam.com                      |
|    \\/     M anipulation  |                                                 |
\*---------------------------------------------------------------------------*/
FoamFile
{
    version     2.0;
    format      ascii;
    arch        "LSB;label=32;scalar=64";
    class       vectorField;
    location    "1.00005/lagrangian/kinematicCloud";
    object      U;
}
// * * * * * * * * * * * * * * * * * * * * * * * * * * * * * * * * * * * * * //


84
(
(3.62442 0.698372 -0.0121749)
(3.63572 0.715621 0.0159067)
(3.62442 0.698372 -0.0121749)
(3.62442 0.698372 -0.0121749)
(3.63572 0.715621 0.0159067)
(3.63572 0.715621 0.0159067)
(3.91534 0.989738 -0.0138714)
(4.00194 1.108 -0.0569079)
(3.99644 1.05686 -0.0313493)
(3.93028 1.00521 0.0091849)
(3.63572 0.715621 0.0159067)
(3.87007 0.895337 -0.130653)
(3.78778 0.820175 0.130285)
(3.76695 0.794647 -0.135009)
(4.00248 1.11935 0.0523722)
(3.93028 1.00521 0.0091849)
(3.91534 0.989738 -0.0138714)
(3.79055 0.877256 0.0247258)
(3.87225 0.968347 0.114555)
(3.54724 0.943482 -0.0326023)
(4.00248 1.11935 0.0523722)
(3.4402 0.544059 0.010092)
(3.77439 0.978563 -0.102821)
(3.91429 1.12924 0.0771901)
(3.46097 0.564651 -0.0126823)
(3.5214 0.944878 0.0435917)
(3.80762 0.862093 -0.0472874)
(3.603 0.676536 -0.115638)
(3.603 0.676536 -0.115638)
(3.43702 0.536195 0.0589413)
(3.18209 0.341954 0.0447888)
(3.8792 1.12301 0.0791053)
(3.20709 0.919384 0.0504194)
(3.39724 0.505752 -0.0634186)
(3.43702 0.536195 0.0589413)
(3.53111 0.961174 -0.0941199)
(3.72031 1.0967 0.102265)
(3.43702 0.536195 0.0589413)
(3.43702 0.536195 0.0589413)
(3.39724 0.505752 -0.0634186)
(3.33164 0.545106 0.131416)
(3.43702 0.536195 0.0589413)
(3.53111 0.961174 -0.0941199)
(3.72085 1.12978 0.101243)
(3.53111 0.961174 -0.0941199)
(3.86943 1.14701 -0.0804452)
(3.21239 0.395982 -0.0104073)
(2.20609 -0.283893 -0.0389639)
(3.21046 0.363966 -0.0571877)
(3.61112 0.907529 0.193185)
(3.66982 1.07914 0.0994204)
(3.86943 1.14701 -0.0804452)
(3.82141 1.03083 -0.182835)
(2.23659 0.0678444 0.340754)
(2.98111 0.189042 -0.106754)
(3.00299 0.165425 -0.101625)
(3.00299 0.165425 -0.101625)
(2.71354 0.0508445 -0.13562)
(2.05248 -0.00902637 -0.349023)
(2.76163 0.0275568 -0.131192)
(3.21046 0.363966 -0.0571877)
(2.71354 0.0508445 -0.13562)
(3.18209 0.341954 0.0447888)
(2.49974 0.423564 0.366134)
(2.47002 0.337603 -0.351185)
(2.33992 0.151502 -0.328585)
(2.76163 0.0275568 -0.131192)
(3.21046 0.363966 -0.0571877)
(2.05868 -0.0148806 0.351422)
(2.71354 0.0508445 -0.13562)
(2.05248 -0.00902637 -0.349023)
(2.87507 -0.0831435 0.119309)
(2.87507 -0.0831435 0.119309)
(2.76163 0.0275568 -0.131192)
(2.76163 0.0275568 -0.131192)
(2.03101 -0.393756 0.160978)
(2.56198 -0.203568 0.125415)
(2.2954 -0.359164 0.155049)
(2.2954 -0.359164 0.155049)
(2.64334 -0.172543 -0.128515)
(2.72296 0.0140293 0.0929916)
(3.5214 0.944878 0.0435917)
(2.03101 -0.393756 0.160978)
(-0.0234304 0.180986 0.350838)
)


// ************************************************************************* //
