/*--------------------------------*- C++ -*----------------------------------*\
| =========                 |                                                 |
| \\      /  F ield         | OpenFOAM: The Open Source CFD Toolbox           |
|  \\    /   O peration     | Version:  2312                                  |
|   \\  /    A nd           | Website:  www.openfoam.com                      |
|    \\/     M anipulation  |                                                 |
\*---------------------------------------------------------------------------*/
FoamFile
{
    version     2.0;
    format      ascii;
    arch        "LSB;label=32;scalar=64";
    class       volScalarField;
    location    "2.2";
    object      p;
}
// * * * * * * * * * * * * * * * * * * * * * * * * * * * * * * * * * * * * * //

dimensions      [0 2 -2 0 0 0 0];

internalField   nonuniform List<scalar> 
2958
(
-2969.23
372.944
48572.3
-25783.8
-4678.34
49298.1
5800.06
-4532.28
-1155.91
-4660.1
-1551.04
2171.04
-4201.94
2163.76
-3173.5
-1760.73
-3252.51
-4255.83
2169.17
-4318.43
2292.65
-3491.12
2351.04
-192.045
-4216.35
-3773.41
9099.76
-6193.9
-2623.54
-2104.59
-3625.69
-5124.79
2032.95
2476.61
-1912.61
-9591.23
2166.4
2374.56
-5957.11
-2783.09
34556.9
-9598.27
7414.35
-2859.8
2171.4
14738.8
-1342.58
-3393.17
-15445.8
-304.961
-2473.44
-727.728
-3961.04
-1894.05
-2544.8
-9590.33
-4227.81
-4133.95
-3065.25
40234.8
-5350.17
-4324.71
2246.17
-2175.43
2162.99
2164.62
-1906.68
241.243
-483.065
-6575.86
-3165.98
2172.73
-1539.21
-3106.23
2148.99
-455.144
-5463.43
2413.77
2146.21
-2427.59
-4126.52
-8465.49
-6226.33
-6744.01
-4356.34
-2715.73
-5428.96
-2784.67
574.383
1866.25
-604.678
979.981
-909.36
2171.89
286.331
-2982.61
-8590.89
-24904.2
2161.99
2168.41
-25956
-3078.57
-2836.14
796.779
1968.83
-1072.98
2174.65
-16955.5
2156.03
-2056.82
-62205.2
-2544.06
2134.89
-4220.76
2163.94
2164.52
-2577.35
-2717.63
-2150.49
-2905.1
-9057.25
2171.85
-1065.25
-1547.77
-8441.03
-4656.64
-8305.24
-1125.62
-3029.37
2178.25
2151.06
2202.54
-2790.65
2155.04
2167.5
2158.52
-4177.72
-4147.85
2164.36
2163.06
-5209.1
-560.794
2283.71
2150.84
-2929.62
-4169.35
2148.56
2170.14
-321.58
2170.86
-4326.75
-8993.09
-4384.12
1218.21
-4626.77
2163.43
2640.43
-3167.22
3979.6
13678.4
-5121.64
-5250.84
-4123.72
2168.7
10518.2
-7729.39
2928.04
2163.26
-3756.84
39526.6
-4240.67
2174.36
1951.91
-1410.93
2141.92
53166.5
-9517.22
944.682
8363.02
-443.656
509.691
-1603.06
-3830.06
-92402.9
176.423
-1023.47
296.674
2155.68
-3789.36
-20604.9
-2889.44
-140.211
38157.5
-5561.06
1237.88
-2543.83
455.163
-4751.56
-2423.89
-2338.28
-4586.16
2156.72
-3029.85
1413.62
-10393.7
-40192.8
173.359
-39475.9
-3952.41
-17707.1
2163.9
1891.73
2158.42
83.6632
2161.56
-5253.84
-2164.54
2161.66
2162.98
2162.11
2187.42
-1008.37
3978.71
-1446.64
-166515
-2214.8
-6350.42
2162.69
7484
-5030.63
152.839
-5936.83
-1459.01
-4991.5
-2611.73
2190.95
2152.07
-3068.85
2148.48
27045.1
2158.55
26132.9
-17285.2
-6133.77
-3985.66
-1652.04
7431.59
-4217.59
-1758.01
-2948
-6111.07
-3253.36
-2744.26
28738.9
-25568.3
-569.878
-2681.25
-664.803
-3099.16
-3812.63
-2584.5
2307.3
-2397.48
47110.5
-951.843
-1511.96
-5521.47
-3280.4
4126.62
2228.25
2166.24
-2443.99
-2776.22
2178.6
416.69
-3250.89
2157.63
-4847.24
2159.22
-703.674
2164.54
2208.45
-892.762
-2794.45
-4034.62
2166.64
1027.06
-45946.4
-69127
-1771.75
48.696
-3724.29
2164.43
2170.4
-5133.8
38741.1
2163.38
-2487.13
2163.7
-4189.22
-3363.67
-4608.62
-700.026
-5603.53
-5236.48
-6.31719
-29470.9
2298.37
-2423.68
-2687.55
2153.75
-2601.79
-2237.74
2157.8
-268.041
-165411
-5651.19
4417.61
-1979.82
-3536.01
-4403.61
-4884.13
-3159.32
-193.118
42722.5
2213.14
-2565.65
2210.97
-65044.5
-32680.7
-4330.04
-3544.03
2174.61
2164.16
34391
2164.35
102091
2469.56
103872
2154.45
-2807.21
1262.44
-4349.88
-5293.53
2153.57
171.437
2154.1
-2878.39
-5974.04
-5483.58
10554.5
-1059.68
-5591.66
-7513.35
-292.916
-2642.77
2161.81
-3302.12
-2468.66
-2880.09
-32796.1
-3247.05
-13850.3
694.846
-4139.16
-3043.6
4368.95
-45960.1
-20603.6
-4416.68
-1105.07
-4841.91
2162.71
-16102.7
-2486.39
-152.781
-2448.03
-2861.91
-4755.65
-4068.34
-5398.85
-917.499
2151.5
-3233.33
-3745.71
2164.98
-3572.06
-5274.36
2346.1
2154.63
-4491.62
2162.96
1875.95
-3456.52
-1187.62
185130
-32576.7
2163.91
2169.77
-4049.05
-3444.33
-2608.09
-3079.12
-24159.9
-2314.03
-2894.65
693.949
-2790.65
-3014.75
-5917.57
-3981.81
-4146.29
-1723.14
-884.18
514.806
-3930.29
-4752.16
-9780.16
-2910.81
-2909.12
2171.03
-10026.9
-5444.63
-14952.4
-4184.34
2430.41
-1304.86
-4039.49
-2797.57
1169.98
-4832.4
-2867.87
-1679.7
-2490.12
-2337.81
-4848.35
-5519.78
-3150.27
-5018.66
2159.98
-4636.97
-329.172
-2636.64
-9029.73
38520.4
1647.74
2215.05
-1857.58
2134.19
-5737.35
2145.74
-5671.69
-1233.59
1186.99
-4628.57
-6279.28
2164.17
-2889.85
-6827.27
2164.02
-477.883
-26445.6
-5760.53
-3074.11
-2681.84
4858.54
760.605
-140.147
-2624.33
-1622.95
-2890.5
2170.8
-3306.15
18495.5
-2448.92
-3145.95
-943.967
-5380.52
37911.7
-1928.2
-4239.44
1554.42
2162.98
472.364
393.557
-2990.88
-3462.74
-908.139
6972.31
-2859.62
6295.41
47.0077
-18707.4
-3402.4
-4685.27
-1310.15
-4220.16
2158.67
2157.16
2185.38
-6059.43
2153.69
2163.12
-5410.12
-5605.2
2164.76
-28789.9
-103.395
-10722
-7215.62
2151.78
2166.88
-3000.99
2164.51
-2397.1
-2428.98
3172.98
-1328.24
-2998.57
-6042.67
1133.2
-3592.08
-3530.76
8315.37
-2320.83
-2206.81
43.0556
2317.99
-1914.26
-11544.2
-1920.18
1914
-219.27
2168.63
-203.986
4313.92
-3685.23
-510.234
-4715.09
-1918.03
-3064
-2459.18
2170.09
-1405.85
2204.08
-145.133
-1824.16
2342.61
2164.34
926.459
2152.38
2165.37
335.786
-3927.62
178894
-3848.41
-3060.12
-2826.06
-2650.53
-2898.79
-2928.3
556.945
-2057.18
-2842.32
-2725.96
-2519.95
2163.35
-2626.18
28617.1
-2597.24
-4094.43
-2840.13
2152.2
2139.98
1999.31
-86.4392
2154.81
-888.105
2163.48
-4111.72
-1301.2
-313.645
-795.976
608.698
-5036
2302.35
2120.4
2166.52
-191.663
-3390.84
2165.53
2162.12
-3741.29
-5912.97
2414.85
-6850.74
-2617.62
-6043.14
-2784.28
5037.25
2173.94
-3431.49
2147.1
-5561.29
8569.56
-3117.55
83.6287
-6771.08
2735.18
2163.75
-2219.31
-207.942
2162.26
2164.13
-1230.7
-3850.3
3899.49
474.937
2171.59
-29839.9
-2716.92
-21985.4
-3078.16
-6390.88
-3223.93
2149.1
-9339.02
-3038.35
-2418.77
2162.28
-8188.76
2161.9
-4434.48
2162.54
-2670.45
-2218.43
1952.17
9877.27
-6012.81
4188.52
2202.86
-4103.65
-1299.12
1951
-2792.84
-58.9283
649.31
2199.77
-2092.55
2164.85
2164.51
-9201.79
-7654.44
-5577.3
-4028.52
-3208.64
234.609
2767.01
-33374.9
-4037.69
-1566.3
2812.26
2133.68
1990.45
5129.83
2160.15
-4585.31
2135.22
-3152.13
-1307.23
-4636.2
-3322.81
-9227.06
-73006.4
31817.6
-780.172
-2679.54
-28354.5
2197.15
2166.63
-5556.82
-3588.44
2167.37
-1663.62
2159.58
-2800.05
-2355.92
-2486.45
-4239.59
392.088
4096.68
-26.6141
-4795.6
-5285.82
-2971.75
2343.79
-4160.9
-4379.61
-2943.54
2178.17
2160.23
-4963.76
-2210.25
-9249.98
-4159.28
-1513.67
-8924.43
-39624.7
-3332.64
-3911.65
-6985.73
-3066.43
-3355.29
-2971.93
-5896.59
-4485.6
-5351.55
-2734.45
11480.6
-5426
1746.96
2203.68
-3118.94
-3108.27
2165.72
-236.467
2158.48
-138984
3993.88
2149.01
-6321.6
-62091.8
-9546.28
360.127
2091.83
-4757.63
-4023.64
-3985.17
2287.43
1064.85
-3000.36
-10851.2
-124584
-3244.91
-2776.67
2343.12
-9740.38
3667.27
900.839
-11713.5
-25358.1
507.667
2171.53
-48841.5
-25180.4
-25526.6
-2293.89
-4218.37
-1092
403.15
2163.71
2166.4
2164.56
-9238.39
-2902.45
2163.11
-2916.25
2160.59
-9489.02
2197.17
2038.8
686.497
-39539.2
-5407.21
2162.24
2162.54
-4895.75
-4465.84
2169.22
2164.13
-42.9493
2164.53
-24960.8
-4824.74
1987.3
-902.821
-2978.13
2162.9
801.521
-2864.93
-2835.88
-7997.54
-2680.41
-4345.99
-433.539
-4861.13
2345.3
-2149.24
-3466.93
-4471.17
7654.86
2143.08
-4947.36
-17064
-2698.69
-4875.29
-3972.93
481.752
389.412
-3040.74
-4768.82
4720.19
-4707.18
2162.51
-674.7
-6709.76
-4702.3
-2780.16
23410.8
-37725.5
-4166.08
-1775.64
-4058.83
1767.69
-2420.81
-473.091
-1543.65
-5298.82
-686.621
-3798.88
-450.536
-2681.85
-2964.64
-62860.7
-2907.77
579.252
-6731.5
2162.55
11418.6
-1745.27
-7519.25
-3269.61
2164.68
2334.68
2174.87
-1603.58
-3263.12
818.902
-2800.54
-3645.5
-2968.11
-3966.33
-4904.85
-684.829
449.627
-5993.14
-3037.22
2154.3
-4278.27
-6080.35
-4657.19
-3535.83
6522.1
-2175.51
-18497.2
833.004
-7301.6
9045.57
2054.59
-954.815
-4961.64
2168.27
920.37
-77674.6
-29720.8
174868
-5464.36
2166.22
2319.85
-2315.17
2165.39
2165.48
2165.45
-3013.66
-2895.55
-233.88
-3324.08
8540.67
-2206.54
-555.527
-70209.9
-2628.32
-4516.1
2162.5
-2079.7
-5010.85
-2394.13
-4139.31
-2780.56
-4886.42
5971.64
-124140
2164.32
8489.01
-3532.55
-3880.25
-3082.14
-115.9
-4761.04
2185.78
-4121.8
-965.161
-2223.37
-4895.96
-4476.22
-4004.39
-3127.3
1148.13
-1402.81
-1353.88
-3962.29
249.026
-2350.54
-2571.13
-1425.64
-3266.84
1199.12
-1433.12
-1831.44
560.555
119.706
-4672.02
217.115
1153.47
-2049.62
1103.2
-2591.43
-3364.19
-1786.59
-2249.8
-2871.37
-3468.79
2164.69
-2785.21
5205.86
-5213.89
-5432.85
-5610.68
-5037.16
-1240.97
-4720.64
-1750
-3919
-55478.6
-3245.96
-991.385
-4049.11
-905.661
4342.53
2166.8
2140.4
-5031.84
-3569.22
28534.9
2166.92
-4788.15
-6222.39
1148.89
-2720.39
-5791.53
635.038
-2774.78
-34370.7
2167.38
2628.15
2163
-3230.57
-26274.7
-4842.03
-1081.14
2041.02
-4136.94
2170.47
4122.47
-8614.63
-6163.46
-2201.67
-3178.97
-740.89
-365.947
220.125
-2893.14
-2739.96
30987.3
-6474
-2905.05
-4203.1
-7851.56
-3425.75
-70.4165
-2099.3
1193.41
31625.6
-2883.1
-3914.1
-6691.02
-2966.48
-2928.97
1852.74
2290.34
-32598.6
-5153.23
2147.05
-65112.6
-5987.23
-2833.15
2163.23
-4150.63
-3128.64
2092.92
-2413.45
-4061.22
-66177.2
-6401.5
-3356.75
1864.03
-2445.25
-3198.41
1397
-22794.6
2165.63
818.195
3011.5
-2815.57
2164.03
2160.32
-4152.03
2168.06
2155.36
1662.91
-2435.21
293.207
2143.62
2155.42
-9234.26
2227.21
-2681.44
-3242.75
-8309.71
2164.67
-2957.91
-2562.81
3016.4
-4446.49
2590.09
-13066.4
2163.74
-2302.37
2155.79
2153.52
2164.44
-6655.9
-3310.47
2347.65
-2810.41
-4234.06
-82.16
-2902.58
-1013.45
-5137.25
2157.39
2274.27
2137.77
-80630
-46721
2156.18
10721.6
-4132.51
-15328.8
-179.066
-3896.33
-2791.85
4135.9
-6218.88
-8158.07
2198.81
-1483.3
956.022
-4337.83
-4173.11
-3719.5
-4410.01
661.366
-8217.62
-4685.65
2170.84
-32533.1
-4503.05
-8167.8
32004.8
-4294.1
10084
-3055.66
2152.69
-3749.67
-5958.64
-3186.12
2156.88
-4507.7
2171.16
2163.75
2168.12
2163.71
896.908
-49.1234
38532.3
-5442.82
-3799.48
-5458.87
-3520.95
-3070.96
-1005.72
678.109
-4666.39
-1978.76
-677.451
-1691
-1643.99
-2813.81
-4930.33
2161.63
2769.13
-6116.5
-62.4505
-3526.93
-9162.99
-6657.61
-2432.49
2164.33
2177.87
-4228.33
2336.07
-2872.07
-4022.57
-3067.9
-5488.59
-5412.08
-3052.84
1186.61
15347.9
2129.82
-5522.23
-2030.32
-9905.17
-5662.48
89.2911
-3225.67
-5037.81
-2624.22
2159.76
-1380.77
-8863.94
-4048.75
-3169.76
-2886.78
-2585.18
-1616.3
-2398.21
1752.02
-3252.06
2161.14
-2852.31
1783.55
-4201.63
2154.4
2131.4
-2347
-2504.94
-3626.04
-3245.82
-10049.5
48811.8
2167.5
-4577.22
2738.91
2193.6
-5863.63
2174.92
-2724.71
740.244
2167.76
-5393.05
216908
-4384.59
-2224.68
-3609.54
2173.02
-2495.79
2151.09
-2435.33
-5798.89
-65227.1
-1954.94
2279.13
9144.34
-3302.89
-72459.4
2165.1
-808.178
-859.898
-3258.93
2341.15
-4183.84
-2771.6
-3109.66
-3008.16
-1900.54
-269.185
-2488.86
-5603.59
2156.02
-4070.72
-2276.71
-3671.53
-2993.84
-2424.46
-4140.9
-3033.46
2211.04
-2173.6
2932.49
2162.95
-2594.31
2293.33
-4579.68
2131.93
-3577.74
-979.313
-8866.26
-444.597
-2511.17
2197.04
-956.285
-2371.73
-1994.13
-4704.85
-3098.84
-2977.71
-4142.24
2160.23
2163.79
2577.14
2906.83
2163.19
2360.13
25.2315
-3506.82
1415.76
-3196.27
-4812.39
58671.3
8276.84
-2454.21
1660.12
-3704.13
-3017.09
-2805.66
-4522.37
-1784.83
-5552.8
-2761.89
-4290.78
-2328.94
-894.411
5774.43
523.355
-4508.07
-28918.9
-14546.6
2766.77
6591.34
-67737.1
-3034.86
312.576
-1629.39
-3301.53
-12939
-1326.97
-3802.31
2025.28
-3288.81
-2888.51
2163.57
-1947.27
-2797.69
-2762.46
-2183.7
-14178.6
-3810.93
-11641.9
-3658.39
-2324
-2729.36
-4594.28
-2587.85
-4975.7
3094.35
-5665.54
-4376.74
2155.89
-2759.7
15760.4
2140.09
-2305.16
-3153.14
391.839
-4813.41
-6207.38
-2835.73
579.227
2126.97
-3843.76
-2004.62
-5478.85
-136937
-2858.91
-1376.21
-1902.9
49732
601.792
2189.36
188395
2172.09
-6113.34
2168.93
186496
2163.19
-3200.86
47521.4
2090.59
2162.36
-2878.6
2163.03
2202.58
-5325.92
2162.9
45745
2297.5
-2759.7
2163.64
-4124.4
-23104.2
-2508.45
2159
-3931.4
-1167.24
204542
2170.66
265.409
2181.12
-6572.61
2164.06
-5963.42
203443
2159.83
-52969.4
-26499.4
-3213.43
-5255.5
-1275.61
-4907.34
30280.8
2129.27
-4997.92
2162.4
2374.61
-228.671
-2868.14
2178.68
-4916.9
2045.71
-4081.96
-3068
365.45
-3492.84
-3205.04
-92235.2
-3113.97
-2323.15
-2907.1
2156.79
2162.39
-3248.2
20.5208
-7562.76
-1407.01
-2237.34
2159.45
2171.38
-1443.13
-1506.21
-4285.49
-1994.2
-3051.6
782.22
-2907.76
2599.7
2165.36
2165.42
4192.43
825.568
42518.2
-965.31
-945.059
-4659.56
-5633.09
-4011.38
-4234.89
-1174.3
2161.47
-3019.55
-2395.21
-2894.3
-4393.39
48871.3
2160.08
-2893.63
-5801.82
-3564.59
2158.71
-3710.64
-2985.29
-4773.25
2158.44
-2664.86
-2226.2
2163.32
2177.85
2163.97
2165.97
2163.37
2166.14
1380.7
-3844.4
-2375.16
-4667.51
-5816.24
-804.553
-3298.51
-2512.11
2159.61
2179.9
-3871.32
-809.383
2164.15
-2054.34
-4462.12
2149.12
-5124.71
-7903.19
-5604.92
8617.79
-4999.41
3361.94
-3854.88
15328.3
-2900.71
-353.713
-4473.19
2162.38
1982.28
-385.38
-1491.98
2174.4
11200
-9202.36
-2974.1
2166.86
-4686.84
10911.6
576.842
-4738.17
44.1093
-3132.03
2166.48
-2641.33
-5314.22
-3438.06
-925.258
-38.4488
-2692.97
2154.87
-3670.53
-5013.77
-2629.02
-8270.45
-2514.95
31642.2
44150.5
-644.94
42865.9
-2098.01
-4901.23
-2839.51
-2523.99
-2853.36
-5298.61
-2167.16
-2388.66
-986.852
2290.81
2164.81
-4200.73
-4129.43
-3724.93
-2469.2
29664.7
-3358.29
-1610.39
-2120.35
2147.33
4105.59
41884.7
8183.2
505.578
-2553.51
2166.15
-5744.01
-1521.66
710.07
174708
-2930.27
2164.07
145.012
29875.2
-2973.24
-2379.21
-4260.2
2170.93
-2787.67
-3130.22
-3263.35
9142.1
-3173.28
2166.98
-3071.11
2172.81
-3455.19
-5022.84
144.373
-2358.49
-2573.81
-2581.44
2164.42
-5743.13
565.353
-11264.2
-2631.44
-80023.9
-2537.5
-201.569
-2775.34
-5856.94
-3712.46
-1627.72
-3376.51
-665.965
-3553.67
2164.7
2898.26
15472.1
-4151.9
-29.0789
2947.71
64.479
-1641.86
9132.07
1115.5
-1643.88
-2906.98
798.246
-2884.11
2157.95
2162.51
2163.49
1985.86
-3116.56
2164.14
2160.09
-3963.92
-24758.9
2164.96
-85195.7
-4871.25
2135.96
-2208.43
-12040.7
-4073.97
-158286
-2742.35
-11417.5
593.114
1729.61
-1662.34
102622
-2007.26
-2470.15
2183.08
-6618.89
-2697.97
-2582.11
-2962.74
-2993.99
2164.69
2026.94
-4132.1
2173.18
2160.97
12166.2
-2967.42
2166.31
-2616.43
2168.96
-3061.21
-4777.16
2143.24
-2937
-1933.46
315.42
-5548.37
-19804.5
-672.735
-1290.76
-3305.17
-4705.95
-2625.29
-233.113
-2817.47
-5732.56
2162.9
-3453.65
2158.1
1116.18
-1355.98
-1766.03
-2172.84
1978.79
5114.73
-5377.42
2450.73
2165.4
2166.25
2166.11
2180.92
2180.64
2179.47
1692.08
515.538
5621.89
28438.1
11620.8
11715.7
726.537
1866.93
1145.86
19.5264
1852.6
1218.91
1625.47
790.094
2451.2
2446.65
-2408.49
-6939.59
29493
-6119.54
-21076.5
-20701.1
-19694.2
-12822
-8028.43
-18471.2
-12545.6
-2987.58
-6999.6
-18694.6
-27632.6
927.688
1322.37
1229.92
1919
-3479.76
475.484
1900.94
1154.49
2025.71
1267.04
2083.89
2172.48
2180.99
2166.16
2164.22
2158.51
2162.72
2162.41
2164.83
2155.17
2162.49
2129.64
2123.55
2152.89
2088.33
2449.73
1352.07
2379.85
2453.36
1315.45
2340.76
2343.52
-128247
-142652
-13005
-30242
-96362.9
-86009.6
-3952.63
-2270.2
-4093.09
-4644.2
-4388.36
-3476.51
-4230.59
-4334.69
-4009.09
-4323.94
-1311.61
-5956.67
-5760.23
-964.046
-2156.21
-2728.66
-2801.49
-2781.72
-2683.73
-2653.37
-2811.4
-2816.14
-3213.59
-3043.84
-3181.99
-3305.54
-3553.01
-3598.1
-3009.32
-4324.59
-4322.04
-4129.24
-4466.7
-5506.92
-4159.11
-2970.83
-5128.06
-5657.5
-4912.45
-5201.27
-5579.67
-5343.07
-5597.07
-5726.32
-5711.44
-5913.25
-5886.68
-5731.72
-6254.39
-6026.58
-6142.01
4007.85
4827.28
4935.33
5749.13
4126.53
11651.4
10905
8977.17
8942.19
13292.4
3892.19
3945.65
3861.31
9039.42
1388.61
1272.94
32643.2
31804.3
32393.8
5598.82
38477.6
38947.8
75403.5
77260
34764.9
32741.9
25827.7
6370.33
9174.78
5256.23
3506.62
1616.34
-2116.47
-4847.43
-4763.63
-3063.68
-2006.56
-2580.09
-2742.51
-3000.08
-2640.96
-3399.35
-4039.75
-4726.71
-4828.72
-4519.28
-216.217
-164.104
343.079
418.465
-143.58
2852.23
2591.62
2520.37
2927.53
2884.71
3104.59
2559.5
2609.34
2902.57
21701.2
15777.2
14572.8
-7093.53
-4827.11
-4186.12
-557.223
-2222.49
-1356.42
-1563.61
-32344.6
-32745.9
-37284.4
-32788.8
-32558.2
-37019.9
-32493.8
-34995.9
19790
-34749.3
12034.4
5723.36
691.013
33869.5
27664.2
27222.6
-1472.18
1340.82
1144.94
-1257.41
-1478.43
-1779.57
312.192
4048.93
3535
3870.83
3744.72
4732.5
4269.34
3830.21
5189.3
4708.25
7556.57
-3306.22
-2166.65
-5540.59
-4379.19
-3718.35
-4056.93
-3595.48
-3280.46
-3423.62
-3330.08
-3426.71
-3246.85
-3487.06
-3353.08
-3407.42
-3576.3
-3405.25
-2842.64
-2906.88
-2893.44
-3108.3
-3780.28
1869.6
1870
2012.29
2084.26
2161.59
2167.24
2204.02
2203.69
2159.34
2143.81
2154.98
2143.3
2144.8
2157.29
2124.63
2048.92
2170.82
2125.39
2039.92
2121.46
2123.55
2181.99
2128.21
2150.54
2163.51
2143
2196.25
2202.11
2145.75
2163.5
2161.62
2165.62
2159.26
2157.94
2157.96
-3592.51
2163.38
2162.57
2163.58
2163.53
2159.14
2163.7
2164.84
2157.77
2163.92
2068.11
2464.94
1265.57
2463.14
2358.26
2355.02
2028.17
2164.59
-3065.46
-2653.62
-2785.82
-3101.84
-3192.18
-3546.54
-5726
-5969.31
7075.02
-22922.5
5384.01
12918.2
13861.4
9110.83
9068.05
31499.2
31685.4
79707.6
67473.2
4842.17
-9751.78
-6792.39
-2973.46
-2819.65
1877.59
-1397.43
3009.33
-2087.08
3215.54
3133.85
2488.52
-2371.34
-5976.99
-873.71
-2664.03
10923.2
-2642.98
-32530.1
-32790.2
-32870.9
-34813.9
7509.17
1139.94
5076.86
6952.65
-897.508
-52.1565
603.455
4075.62
4103.21
3855.36
4248.99
-4382.68
-3479.84
-3281.58
-3188.93
-3809.33
-3445.97
-3495.52
-4053.65
-3408.4
-2924.59
-2980.69
-2878.02
1885.78
2219.05
2160.21
2104.29
2120.94
2176.88
2119.02
2041.37
2185.98
2133.36
2128.22
2124.61
2156.22
2158.06
2165.09
2159.53
2158.97
2163.34
2160.07
2158.47
2164.23
2159.07
2161.51
2162.66
2168.69
2168.71
2167.19
2167.28
2167.13
2166.67
2166.52
2165.56
2158.97
2163.25
2164.94
2163.74
2164.3
2162.24
2164.04
2163.78
2162.66
2162.87
2162.64
2161.95
2161.87
2161.42
2154.38
2161.34
2157.1
2160.99
2151.32
2234.44
2219.52
2208.16
2149.39
2132.52
2413.44
-3972.86
-4487.35
-5572.01
-4661.98
-4822.83
-27256.5
-14915.8
-16099.2
-21925.8
-76943.7
-59793.7
-71113.1
-13480.4
-80125.3
-1987.66
-1316.36
-1813.68
-2489.67
-2559.48
-2388.59
-2198.01
-2994.79
-2529.31
-3043.04
-2984.05
-2668.37
-2899.22
-3117.14
-2956.82
-3173.43
-3047.34
-3069
-3228.46
-3203.55
-3288.88
-3166.75
-3056.01
-3498.76
-3479.76
-3681.11
-3652.24
-2633.08
-3326.93
-3112.2
-3558.16
-3473.3
-3262.14
-3866.89
-3963.05
-4162.25
-4210.7
-4188.43
-4167.35
-4180.61
-4145.64
-4215.48
-4428.82
-4111.21
-3718.32
-5017.47
-1073.12
-2771.34
-1629.08
-2048.45
-1701.1
915.534
-523.739
-611.597
-145.964
598.726
33.8117
-3.23052
584.92
529.931
11.0152
530.199
8161.29
9238.31
875.75
6776.42
42280.7
11218
-33691.4
-19524.1
-36048.8
-14517.7
-24559.5
-16456.1
-11310.6
8880.35
-8205.59
-10123
-7754.69
-3568.79
-5699.17
-4667.58
-5719.86
-5088.58
-6163.67
-5077.35
-4465.62
-3067.78
-3228.28
-3105.24
-3182.29
-3104.27
-3170.51
-2824.92
-3265.89
-2115.27
-125.561
623.265
4110.95
604.346
303.327
522.101
-251.794
-315.467
-2834.84
-2592.59
-3558.51
-4249.58
2996.96
2982.01
3101.41
3225.31
-4083.95
-3345.86
-4495.6
-4189.13
-3938.17
-5960.75
-2952.96
-4491.92
-4238.01
-4244.4
-3581.32
-3331.83
-3732.08
-3840.46
-4245.56
4131.39
-3446.14
-33414.5
-36892.2
-3064.48
-30249.4
8561.32
-3573.28
1476.6
-3075.71
7261.92
3250.85
-1832.51
-2848.3
-9172.63
-10133.2
-5731.85
-1244.38
-3678.42
-3041.86
-1710.66
-2583.09
-1770.23
-1083.39
-1037.91
-1022.51
-869.293
-941.763
-1133.51
-905.8
-915.076
-1068.79
-464.82
-1227.5
-727.198
-1078.56
-2034.43
-1706.38
-2633.5
-1747.23
-1968.62
-2330.77
-2450.57
-2304.69
-2191.52
-2329.07
-2405.74
-2461.11
-2405.19
-2757.95
-2577.3
-3061.44
-2527.07
-2435.55
-2564.92
1787.19
2216.84
1772.71
2045.67
2034.9
2031.42
2060.2
2038.84
2059.68
2125.15
2148.92
2177.76
2153.9
-3081.55
2172.95
2194.87
2158.41
2163.33
2164.97
2164.13
2162.87
-112.507
2163.31
2164.7
2164.6
2163.41
2166.29
2166.36
2156.66
2164.91
2162.06
2166.65
2162.57
2161.53
-25499.2
421.784
401.024
-5568.31
-5404.21
-4919.92
2163.66
2163.87
2162.94
2163.69
2167.67
2164.65
2164.01
2164.16
2164.47
2164.67
2163.73
2163.84
2164.05
2165.01
2166.33
2162.7
2163.53
2165.05
2161.56
-6877.94
2160.32
2157
2157.85
2138.47
2205.2
2202.11
2200.92
2153.5
2431.97
1153.47
-6717.58
-3693.2
-4016.46
-4146.5
-4498.58
-4957.92
-4462.25
-4694
-5680.39
-13696.9
-23004.8
-4167.01
-3603.47
264.149
-3174.41
-4833.51
-2110.92
-1523.56
-1861.17
-2466.76
-2633.39
-2747.39
-2773.21
-2786.33
-2182.69
-2663.15
-2012.35
-2881.75
-2779.37
-2646.09
-2602.38
-2741.22
-2574.21
-2419.15
-2558.84
-2578
-2559.04
-2518.16
-2612.72
-2805.98
-2427.06
-2540.87
-2399.9
-2876.37
-2449.51
-2429.89
-2488.67
-2071.95
-2439.41
-2681.78
-3487.85
-2752.87
-2254.48
-2522.89
-4307.36
-3475.1
-2784.29
-2751.81
-2835.02
-2753.14
-2739
-2785.36
-2701.09
-2449.93
-4289.19
-4797.37
-3341.87
-4752.43
-2940.44
-3280.41
-2405.39
-2034.1
-2554.53
-974.781
-2788.06
-277.239
-210.72
1403.99
746.419
1612.44
177.368
398.868
488.507
685.698
469.015
694.362
538.313
397.806
464.183
700.708
472.668
2108.13
1330.14
1309.15
398.508
8423.25
4222.86
41062
8009.78
13364.3
64177.8
28187.5
-8397.44
-8753.27
-8069.09
-7980.61
1542.4
-6658.65
-5251.19
-6979.63
-8775.76
-6209.06
-7984.21
-4613.58
-5718.28
-6918.55
-5665.41
-4035.89
-6180.23
-6821.63
523.828
-254.308
-86.8331
-4901.51
-4112.2
-4464.88
-4705.89
-3045.44
-2924.08
-3232.9
-2837.38
-3315.69
-2164.34
-2858.62
-2784.01
-2980.59
-2497.66
-1488.33
-1959.28
-1080.02
-861.493
326.114
284.542
-82.6992
783.21
705.197
799.065
-2641.13
-439.544
-2829.84
-2423.97
-4395.89
-3288.92
-3242.36
-3316.38
-3677.32
-3447.94
-3328.37
-3685.29
-3590.06
-4457.48
-4639.54
-4407.6
-3723.84
-5164.2
-4898.48
-6349.51
-5834.84
-5453.02
-7277.42
-9591.4
-9067.04
-7331.2
1370.03
-10049.8
-3370.32
-7732.33
-7639.67
-7486.55
-5938.36
-3489.07
-4707.57
-3753.74
-4030
-4572.69
-3941.27
-4411.97
-3293.98
-539.358
-2325.5
-2989.34
-2306.66
-886.057
-959.815
-1870.13
-1876.88
-872.126
-1879.31
-1930.44
-1848.89
-1935.9
-2218.76
-1864.84
-773.066
-1871.15
-1968.76
-1576.38
-1962.09
-1943.99
-1995.57
-1967.59
-2651.54
-2518.25
-4272.74
-1894.04
-1502
-2099.16
-2056.12
-2221.09
-2328.18
-2099.09
-2268
-2203.16
-2067.6
-2479.06
-2289.81
-2622.2
-2399.66
-2435.91
-2225.24
-2356.68
-2333.4
-2462.26
-2778.34
-2407.93
-2411.65
2157.98
-13.4603
2179.06
2203.09
2047.86
2169.55
2037.53
2188.92
2142.28
2136.71
2153.25
2162.94
2161.52
2155.12
2160.16
2163.43
2168.51
2167.08
2166.65
2166.89
2162.4
2167.16
2164.21
2166.3
2163.39
2165.85
2166.09
2162.77
2166.28
2156.39
2165.97
2163.57
2162.58
2166.73
-5017.9
-4396.63
-101.852
779.82
259.976
137.309
363.962
780.384
205.233
-4988.74
-4731.51
219.954
-4486.02
-4680.26
-7767.84
-3907.78
-5895.56
-5215.46
2165.52
2164.54
2164.63
2165.31
2195.29
2135.73
2188.89
2154.48
994.792
-209.497
-338.936
262.793
8557.7
2164.17
2165.48
2164.99
2165.45
2169.05
2163.15
2167.11
2164.05
2167.73
2167.86
2165.48
2164.75
2169.16
2170
2159.45
2162.74
2200.61
-4959.48
-5651.29
-4568.39
-5602.48
-4712.31
-4402.15
-4687.84
-5089.81
-2767.4
-4785.31
-3760.06
-2515.76
-2702.74
-2792.73
-2714.03
-2769.36
-2610.53
-2433.31
-2605.58
-2058.97
-2084.79
-2581.86
-2437.4
-2362.7
-2581.02
-1738.05
-1887.96
-1368.66
-2063.21
-2053.66
-2443.06
-1601.31
-2704.85
-1915.59
-1833.2
-2919.62
-2502.68
-3309.99
2164.43
2165.2
-3527.31
-3448.19
-2519.4
-2652.59
-3058.16
-2839.27
-392.287
-301.239
-601.612
3.67462
-32.3566
283.275
854.744
-121.837
538.034
677.275
511.214
578.781
493.276
175.405
1118.74
-2.69017
-6762.23
-4297.32
-2528.99
-2690.94
-8880.02
-4250.47
-3975.21
-4599.81
-4093.02
-4501.08
-3436.25
-2507.4
-4233.29
-4007.69
-4121.2
-4538.47
-2722.66
-2012.53
-1435.63
-3570.63
149.701
-46.0639
539.993
-4804.44
-4243.98
-5246.05
-3860.88
-4586.52
-11329
-5303.99
-4284.46
2176.06
2138.8
2160.64
2174.29
2161.51
2160.72
2164.96
2165.83
2162.61
2166.31
2165.77
2163.88
2164.75
2166.35
2165.9
4134.54
-4244.69
-5013.05
-4554.69
-5422.81
2166.29
-4640.7
-10836.8
2174.45
-4727.06
-4578.27
-3540.89
2164
2162.4
-2627.37
753.843
-1696.09
-1116.88
-3502.05
-4063.51
-3816.37
-4202.47
-56.9751
-10832.9
-2809.89
-2548.02
-2432.78
2045.52
2078.15
2121
2160.85
2163.1
2157.24
-8246.1
-5590.95
2161.58
2159.29
2199.3
-3005
-2475.63
2164.8
-3629.44
-3417.42
643.628
64.9913
929.915
-6388.09
7329.21
-8554.45
-5696.62
-44.9359
-934.884
145.217
-3107.93
-2973.6
-3350.92
-3467.8
-3409.32
-2091.94
-2135.48
-2464.98
2166.05
2145.42
2146.58
2164.37
2163.45
-4182.75
-4252.93
2176.1
-3114.88
-1880.18
-1753.61
2165.63
-2162.94
-4955.86
678.985
757.282
2163.34
2164.46
-4134.93
2178.07
2178.44
3900.45
1998.22
2737.17
2164.58
-12126.4
-6664.26
-20893.5
2164.95
1939.99
1164.75
1356.57
1665.72
-4358.34
2167.13
-2664.73
2168.48
-5821.12
13789.9
58679.4
60629.7
-2500.72
2598.3
2385.59
2021.11
-6894.99
19274.8
3928.6
-2246.65
-4134.23
-2136.94
-2073.39
-3178.39
-3313.7
-3667.56
-2846.62
2048.94
-1737.04
2166.64
2164.91
2187.93
2174.96
-1915.04
2131.41
-1913.48
2159
2180.8
2162.78
2141.93
2158.81
2161.26
2162.91
3205.17
-5402
-5500.73
-2432.92
-2909.87
2129.92
2047.93
2157.46
-4380.29
2162.63
2078.58
1751.89
-2665.8
-3874.66
-3911.85
558.043
884.002
6714.81
-3822.85
-3231.99
-3169.35
-835.616
-5755.24
-1256.75
-2576.46
-2427.49
1768.71
2052.32
2139.03
2199
2162.96
-4358.14
2164.58
2159.16
-5448.12
2164.46
-4631.7
2165.18
2161.02
-2426.29
-3809.63
-2574.66
-2538.98
-2721.69
-3341.98
-3966.47
-3091.84
-467.025
6194.45
10806
2164.85
2165.2
2164.98
2163.96
2241.82
2598.49
2343.81
2081.11
)
;

boundaryField
{
    Wall
    {
        type            zeroGradient;
    }
    Inlet
    {
        type            zeroGradient;
    }
    Outlet
    {
        type            fixedValue;
        value           uniform 0;
    }
    Empty
    {
        type            empty;
    }
}


// ************************************************************************* //
