/*--------------------------------*- C++ -*----------------------------------*\
| =========                 |                                                 |
| \\      /  F ield         | OpenFOAM: The Open Source CFD Toolbox           |
|  \\    /   O peration     | Version:  2312                                  |
|   \\  /    A nd           | Website:  www.openfoam.com                      |
|    \\/     M anipulation  |                                                 |
\*---------------------------------------------------------------------------*/
FoamFile
{
    version     2.0;
    format      ascii;
    arch        "LSB;label=32;scalar=64";
    class       volScalarField;
    location    "1.2";
    object      p;
}
// * * * * * * * * * * * * * * * * * * * * * * * * * * * * * * * * * * * * * //

dimensions      [0 2 -2 0 0 0 0];

internalField   nonuniform List<scalar> 
2958
(
-133.269
-1141.5
-1687.26
-17742.3
-985.907
-1720.27
295.882
1779.87
-1377.13
-821.715
156.47
2643.65
-624.917
2636.24
-74.5367
505.299
-1066.65
-536.256
2635.98
75.553
2643.2
-1059.45
2632.75
-692.434
-592.179
-141.341
-1294.53
-777.179
-1623.33
133.129
-122.21
-1026.4
2536.84
-1143.76
1754.25
-5903.37
2644.41
2645.34
-2000.22
-990.303
17467.9
-8899.18
378.347
-30.2243
2649.72
-1505.97
281.009
-1125.06
-6391.79
483.303
-23.9193
-1208.67
-507.064
370.878
6.24533
-3347.53
-175.584
-579.669
-114.179
22817
-4016.67
453.125
1162.29
136.259
2639.34
2635.13
366.972
-1200.97
45.9063
-2504.79
-1039.92
2643.12
-1132.13
-174.588
2636.83
121.742
-1104.17
1286.51
2631.3
-71.8434
-593.163
-895.45
-641.899
-884.339
422.815
9.61067
-1051.29
4.61822
-1172.99
2899.5
1733.57
-1170.48
472.606
2635.77
-1154.53
2618.07
-4693.14
-11838.1
2634.1
2644.06
-30604.8
-109.107
3141.32
-1165.14
2590.03
-180.226
2645.25
-20426
2638.81
3516.38
-32725.6
-94.239
2636.55
-729.767
2635.87
2637.6
64.8232
-145.156
-1166.39
-99.8783
-592.847
2644.03
535.474
-1161.73
-1101.98
129.49
160.353
-1126.75
260.793
2635.92
2635.96
2678.62
-183.48
2621.93
2636.57
2632.28
-622.504
-692.235
2636.38
2635.24
391.138
-1149.14
2642.41
2636.53
-287.675
-959.175
2636.66
2644.71
-1183.04
2643.49
145
-5213.59
-615.08
1905.25
-273.677
2636.76
2807.64
-625.633
667.349
-695.166
-368.426
-799.327
-189.087
2644.25
-920.791
-3207.67
2762.22
2633.7
-1185.77
-1490.77
-1406.66
2645.4
2602
-1154.74
2626.45
-1769.85
-1055.43
-1183.82
6376.61
84.1503
1539.94
-1113.69
-482.297
-62588.7
-1164.38
-1143.24
-1163.63
2638.48
-1063.99
-9120.62
-1048.17
-1182.76
-1203.05
-1219.93
-1195.28
-1604.14
-1136.14
-1365.75
-10.995
-1122.77
-1160.65
2625.52
-183.58
-1192.76
-3794.02
-28417.1
1353.28
-27990.2
-1111.81
-7416.26
2635.01
2899.38
2635.72
-1144.08
2637.54
-1034.79
143.107
2635.36
2636.32
2632.82
2645.63
-1146.3
620.335
-1134.13
-138907
251.665
-828.842
2636.75
-1167.42
-1053.61
-1135.87
-989.529
-1173.08
-968.071
-1616.05
2646.22
2639.02
-137.126
2638.89
16009.5
2636.92
15012.4
-4861.49
-763.245
-167.639
-4189.6
368.174
-712.508
15.9612
-79.5479
-957.929
-809.156
-175.212
-1399.42
-23953.9
-1224.57
-72.6567
-1179.87
-100.117
-1056.08
414.568
2677.73
-948.588
28661.7
1336.8
571.092
1085.14
-75.8744
3980.2
2646.51
2643.83
-1097.78
-94.6746
2653.77
-1159.18
-89.1712
2637.86
-922.048
2630.38
-1146.5
2639.98
2635.54
1341.16
4.5513
-1036.85
2639
1865.03
-12765.8
-41221.6
117.663
-682.946
-999.255
2635.61
2645.2
-241.887
-1246.57
2635.96
264.755
2636.47
-116.466
44.2669
-964.106
-1180.58
-1042.69
-1401.02
-1160.15
-20328
2675.94
26.7388
-2171.78
2637.89
1572.77
-1.05889
2635.94
-1153.17
-138076
-842.44
517.311
-1174.91
-112.423
-918.154
-1090.85
-248.045
-1188.27
-1595.08
2645.95
-133.992
2659.03
-49034.4
-38333.1
-1051.64
-66.3694
2647.97
2636.13
-1244.52
2636.42
-48289
-301.241
-50606.4
2637.24
-2.93436
-1189.87
-937.766
-979.153
2637.94
-1143.87
2638.03
-1667.83
-330.087
371.615
-554.542
161.673
-1353.82
28296
-1210.82
-50.21
2633.25
-227.673
-1085.71
-43.4006
-38184.9
69.924
-11976.9
1440.96
-199.102
-1566.42
496.658
-12012.3
-7042.22
-969.328
-902.988
-988.794
2634.05
-17841.1
-32.5243
-1130.53
43.0962
-1105.22
-940.736
-1053.86
-495.826
684.929
2635.9
-239.626
-1055.1
2645.67
-90.2453
-1314.72
2592.56
2635.83
-663.139
2635.32
2335.32
-1056.55
-4155.39
110192
-38203.4
2635.66
2638.32
-846.124
-277.544
-68.9422
-1064.79
-24684.8
62.5056
-259.924
-1168.73
5.52946
-122.813
-264.743
989.317
-581.691
128.405
-1129.43
-1160.91
-828.249
-943.133
-3230.71
-36.2886
-36.5734
2649.1
-12326.4
-861.476
-13631.5
-347.579
2643.5
-1134.9
-333.66
-516.098
-1178.22
-948.896
-1911.26
-1117.01
-991.368
-981.4
-1014.51
-872.944
-1230
-328.555
2631.23
-944.065
-1150.57
-123.336
-410.009
-1204.26
2646.03
2656.96
-1273.3
2628.13
-1064.62
2626
-1032.9
2314.24
-1199.69
-650.222
-7638.99
2636.33
-170.694
-866.769
2636.74
-1152.37
-15505.3
-1467.58
11.289
-57.3374
433.538
-962.256
240.282
-52.2404
906.019
34.8527
2643.57
-37.1354
-1458.83
-143.022
-1048.68
558.425
-992.957
-1229.3
407.199
-532.285
-1128.38
2638.99
1524.99
-1139.18
-73.2156
-345.574
440.079
-741.176
-197.208
-1177.26
-1138.71
-16777.6
-31.3755
-1133.51
-141.921
-157.542
2635.97
2637.65
2636.37
-1108.71
2636.37
2638.68
-156.781
-720.322
2636.77
-19237.1
-1207.1
-5746.28
-6619.35
2636.7
2635.92
-103.031
2635.11
-75.5673
-73.4377
-904.447
2318.35
-1110.35
30.0003
2474.33
-1067.3
-499.192
-1184.04
1206.92
-6106.68
-1160.2
2676.55
426.525
-7157.63
417.991
2894.41
-1133.44
2637.24
1869.68
523.504
-1010.78
-1147.93
975.32
354.715
874.812
145.401
2642.26
2305.77
2635.21
1893.11
426.36
2631.89
2636.37
-1187.15
2636.16
2636.68
-1150.68
595.213
-1401.09
-183.948
872.711
-171.44
76.9085
1121.98
-149.886
-1177.34
17.3838
-40.9245
-18.0773
-55.1409
2640.92
-61.8245
17082.8
-38.962
559.724
-89.5596
2637.94
2636.46
2605.98
-1153.25
2636.8
1356.32
2640.48
-213.202
-1128.45
-1146.71
187.783
-1176.08
360.107
2673.47
2638.7
2638
-1138.59
-51.5633
2639.45
2636.99
-16.4658
-1892.42
2643.17
-1528.99
-1883.55
-599.555
-12.5043
4542.91
2647.36
-93.6073
2649.32
-150.3
-1183.8
247.154
3341.36
-2548.24
2546.63
2634.44
1516.51
532.804
2639.49
2636.53
2873.93
-1289.67
761.379
-1165.44
2650.01
-25796.4
-4310.44
-6769
868.908
-921.215
-255.122
2636.51
-1049.42
-125.024
64.9844
2631.27
336.928
2631.44
-1020.18
2633.2
-960.471
25.0008
2598.4
-1421.78
-1961.48
1172.75
2635.42
356.674
2250.35
2599.66
-14.8458
3240.17
-1188.14
2675.64
33.682
2636.59
2641.7
-514.755
-3130.56
-1008.79
-152.942
-1034.31
-1156.21
2569.18
-716.305
-1297.53
-935.189
2588.97
2634.11
2632.04
4591
2632.05
-959.828
2627.11
-2344.96
526.298
-980.566
-1038.4
-2645.42
-42428.4
-1215.01
-1202.17
-204.273
-22033.6
2672.83
2637.78
-995.426
-1009.11
2638.63
-1130.98
2631.9
-1071.23
-1092.77
-62.2941
-1034.09
-1169.51
3982.04
-1195.42
-27.1619
-1418.69
-156.325
2594.43
65.1537
-214.097
-96.8145
2639.22
2636.88
1123.05
29.403
-5650.76
1009.25
310.415
-705.162
-34178.1
-1104.37
-984.015
-986.537
-1078.22
-1077.24
-49.3249
-229.386
-842.514
-1085.98
-197.893
-924.255
-991.941
1593.29
2648.63
-1050.51
778.338
2635.81
-1210.92
2628.86
-110437
669.461
2629.45
-18480.6
-32390.9
-5323.86
-1176.33
2358.21
-1409.22
401.146
264.786
2642.75
1352.07
-293.218
-9349.2
-92480.8
-294.976
-93.1913
2594.24
-4790.5
748.592
-1187.81
-6881.34
-11890.1
1532.63
2643.34
-36144.4
-25976.9
-26110.1
57.5413
544.688
2316.76
170.906
2637.32
2634.46
2636.76
-4003.36
-1060.85
2636.25
-242.608
2636.03
-4189.84
2645.08
2611.42
-1180.87
-28042.3
-1146.09
2633.19
2636.25
-1998.7
36.1571
2645.34
2636.27
-1150.6
2641.42
-6664.05
-2881.21
2606.12
-1131.87
-283.276
2638.98
-1168.82
-99.4558
-139.231
-839.793
-11.6022
-107.905
55.7426
-1039.13
2592.81
39.2067
-3.78698
-212.322
-1174.25
2625.87
-2235.08
-20532.5
4.632
-2064.91
-610.297
161.818
-1148.94
1001.52
-839.773
378.147
-303.26
2636.71
419.76
-1650.41
-912.871
7.54785
16250.5
-33623.5
-689.253
1212.27
-556.981
-848.564
54.8617
-1197.96
2779.9
-1490.64
-1203.65
-1315.59
-1238.62
9.25285
1274.42
-33436.8
-102.389
-1164.52
-961.663
2635.57
-835.05
460.664
-3309.23
-292.571
2642.23
2643.81
2648.65
-492.08
-246.777
-1418.59
-0.506607
-1013.13
-49.8603
-637.854
-1683.44
-1356.06
-1166.85
-730.875
-1050.26
2638.22
-754.834
-724.471
-1042.01
-1035.03
-155.181
35.6228
-6626.83
-1453.66
-1255.96
-391.39
2616.49
493.306
-1198.53
2644.01
-1168.68
-55195
-20222.7
-1373.81
-1039.32
2636.13
2643.15
84.0927
2636.74
2636.99
2637.54
-1539.64
-103.122
490.115
-1075.21
6492.49
1.5992
-1217.18
-42128.7
-14.1111
-1023.97
2635.11
-1104.18
-917.016
100.198
-725.237
-1085.17
-1094.17
-1177.1
-91776.4
2635.63
-397.075
-981.835
-1006.17
-1043.64
-1154.48
-942.1
2639.89
-628.92
-1160.55
107.124
-1331.89
-1110.37
-1335.75
-1151.36
2466.55
-1134.29
162.117
-1444.49
-1159.74
3385.62
-50.2547
142.02
-1114.04
-1199.03
803.671
-1171.82
-1160.57
-1181.27
-1401.3
-1173.76
-1508.1
193
-1154.23
-44.6193
-1067.68
463.369
-1120.19
-25.3996
-976.695
2636.84
-158.045
4622.4
-962.046
-7253.38
-407.674
-2030.88
-1140.55
-1728.12
-1130.55
289.86
-41410.6
-1276.12
-1145.87
243.752
470.439
561.75
2639.1
2636.63
-954.531
-1059.06
-1409.89
2642.39
-932.053
-896.783
-1205.76
-95.4245
-7395.72
-1187.8
-30.5802
-33351.4
2635.99
-1133.3
2634.9
-232.306
-26973.2
773.412
-3048.63
2612.42
-622.832
2649.32
3989.11
-4889.39
-959.28
104.361
-121.707
-1229.02
-1219.03
-1198.26
-13.5264
-59.9363
-1217.82
-1025.52
-103.432
-723.976
-788.115
-1005.66
-1133.47
-1096.21
-1137.57
-1215.06
-220.713
-1139.62
-1836.47
-99.2769
-94.2316
2343.56
2642.85
-37958.9
-1022.45
2632.35
-49370.1
-1055.36
-227.124
2638.65
-748.362
764.959
2352.25
-2.5394
-637.63
-50937.8
-760.295
-1023.02
2347.24
-88.9135
-581.46
-1137.65
-20016.8
2636.75
-1469.26
-184.182
-158.767
2633.93
2635.92
-222.46
2643.58
2637.43
2632.99
-190.708
1377.77
2636.55
2623.53
-1029.24
2646.72
-215.705
-234.598
-1175.54
2636.23
80.3793
-33.7781
4012.89
-1114.03
2804.14
-3383.98
2635.21
241.849
2625.24
2636.86
2636.29
-2524.44
-13.253
2592.48
-18.5816
-657.524
-1154.37
-174.682
-892.031
-993.254
2630.66
-1215.54
2625.97
-56144.4
-12746.1
2631.74
-544.13
-784.735
-14311.4
-1165.2
-1242.56
1.77877
3982.53
-994.421
290.943
2643.07
221.997
-1157.4
-235.61
-223.166
-1213.74
-213.455
1428.66
-4854.59
-1377.86
2650.01
-37967.3
-1053.68
-1267.34
-1214.74
-222.909
-1342.62
-1085.03
2626.54
-1134.96
-2724.84
-1029.13
2634.85
-766.891
2650.57
2635.97
2643.78
2635.76
-1171.66
-1154.93
-1244.1
-1318.76
-1050.58
-1020.2
-1052.37
-1049.78
-1148.55
-1192.43
-183.028
235.983
3511.97
35.0748
-1121.35
-1134.22
-907.282
2637.05
4011.33
-3114.16
-1174.52
-1102.83
-5866.48
-1350.74
-26.5117
2637.1
2637.36
806.456
2643.44
-43.1933
-1096.74
-248.951
-805.732
-200.05
-350.312
-1285.86
9174.68
2629.5
-1254.64
-818.5
-3262.51
-1494.03
-1293.77
-240.468
-1679.67
-235.259
2630.98
-3642.37
-2863.49
-1116.73
-1018.93
371.259
-36.4738
914.803
-65.2157
1620.75
-1016.87
2635.66
-70.8445
1688.58
-1319.39
2634.98
2628.38
-67.3519
-40.1123
35.4344
-94.4674
-5961.68
-1336.53
2644.33
-348.586
3909.48
2645.68
94.5317
2638.56
6.79086
-1168.75
2643.11
-460.474
166294
-314.872
906.297
119.698
2643.24
-94.4273
2625.74
3.59665
-1277.17
-55643.2
527.858
2642.51
-1185.24
-359.212
-39719.8
2643.1
2366.31
510.301
-125.492
2632.28
-658.509
-1246.3
-112.838
-1124.66
448.692
1518.83
75.7955
-413.803
2628.91
-1195.89
90.334
-18.7897
-338.817
72.087
-849.517
-1111.2
2659.94
138.872
-186.426
2636.39
-0.55389
2642.17
-962.765
2625.88
-1084.02
-1148.58
-4720.34
-1239.98
-987.452
2639.72
-1136.27
62.6415
402.407
-1544.16
-1048.95
-112.594
-494.548
2631.87
2634.8
826.639
895.018
2634.49
2644.79
-1194.85
-111.253
-1129.58
-1038.32
-1275.44
-1985.12
-430.498
-69.6359
-1133.6
-1129.74
-81.1722
-1029.14
-436.022
189.014
-868.08
-1107.28
-1374.19
77.6798
-0.497041
-212.944
-1173.64
-1031.05
-690.476
-978.058
1282.24
-1156.01
-37930.7
-1121.24
1380.75
-1188.22
-230.118
-4523.58
-1186.6
-139.055
2610.35
-1057.88
-167.651
2635.9
31.931
3.2943
-5.80412
21.0981
-608.54
-72.8203
-759.837
-1045.64
76.1823
4.62106
-1004.59
32.4817
-997.637
-175.573
506.483
-1025.04
2629.02
-1146.46
9529.68
2636.42
16.9573
-282.034
-1148.25
-390.989
-805.065
-16.9495
-1177.08
2627.93
-2416.65
392.176
-1039.13
-107960
-29.4487
168.205
444.335
-1701.16
-1177.2
2644.38
114139
2642.21
-735.63
2641.33
111365
2640.79
-106.559
-1327.49
2351.92
2639.4
-1098.01
2635.2
2646.23
-228.318
2634.4
-1732.12
2675.69
-241.048
2639.81
-1134.37
-26504
-39.7905
2630.95
1457.75
-195.208
161636
2639.46
-1157.03
2642.83
-929.152
2635.3
-1290.68
163798
2636.34
-49958.8
-23487
-204.847
-969.206
-210.985
-859.888
-1396.73
2632.4
-878.718
2636.19
2645.51
-1197.95
-41.6295
2639.95
-1050.42
2536.36
-867.713
-187.017
-1152.09
-981.264
266.567
-64950.1
-1012.17
1453.7
-1042.78
2629.43
2640.11
356.568
-1158.68
-1052.38
-1146.22
995.754
2631.29
2645.99
-1143.82
-1143.86
-240.432
-949.028
339.824
-1163.79
-1022.31
2804.39
2636.87
2636.53
1208.71
-1500.83
-1262.23
437.248
538.312
-252.712
1222.97
-1188.29
-1214.61
-902.945
2638.31
1037.99
27.3078
-45.3376
-1037.83
-1334.26
2632.71
-46.6731
-1927.6
1044.94
2630.12
-169.459
-1546.65
-235.361
2630
-1065
-1125.25
2633.96
2639.2
2634.32
2635.92
2635.59
2636.36
-1279.23
-179.216
-932.947
-891.656
-854.457
1773.9
-1033.72
-109.747
2630.9
2655.11
-831.874
352.086
2635.09
57.4818
-991.643
2623.76
554.488
-971.878
-1051.68
-1176.45
-1176.92
932.608
-1017.92
-712.145
-102.327
-1187.23
385.367
2639.04
2581.43
-1214.07
-484.265
2640.03
-528.624
-21669.7
-100.378
2639.3
826.751
-918.694
-1170.54
85.3403
-1187.58
-109.866
2641.76
-0.156382
-904.681
-1022.64
-1129.36
-1181.52
-1070.72
2637.27
-544.52
753.458
-8.29273
-3990.92
-167.546
-1214.71
-1324.71
-1203.61
-1268.94
37.4863
-243.961
-1918.62
-1094.42
-139.519
-987.332
29.1326
-118.285
569.475
2674.36
2636.4
-1016.8
-1037.04
-1010.74
25.4181
-1192.38
-1063.48
-1130.78
-945.542
2648.2
3980.61
-1278.9
6256.68
-1179.76
12.4997
2643.93
150.412
2206.79
1418.17
-1364.17
-1021.44
2639.61
-1178.91
-1190.82
-88.05
1533.55
-735.202
2642.8
-29.8681
-1025.32
-316.788
4882.98
-174.993
2643.07
-104.174
2643.26
-1059.1
-1003.02
-1184.61
78.6315
-152.24
-51.4082
2635.51
-1854.17
-1178.51
-2106.9
-948.138
-55384.7
-932.604
1844.77
-151.201
-1873.25
-1153.66
-1115.03
-20.0399
-1175.47
1067.84
2636.34
2748.66
-1457.03
-194.79
-1153.25
2774.7
-1151.38
-1111.85
-626.621
-1172.9
2305.03
-82.7374
-1166.55
-104.667
2637.77
2636.08
2636.24
2604.52
769.855
2636.64
2632.22
429.946
-11754.3
2636.13
-62000.4
-18.5657
2636.28
9.02947
-8170.16
-697.607
-132054
-1243.92
-6601.08
-1178.7
2643.22
870.754
-47103.1
-311.835
-896.22
2637.38
-1543.29
-16.1655
-37.7207
-174.204
-108.354
2636.55
2611.74
-195.619
2644.91
2632.38
7916.13
-1211.7
2636.04
-457.577
2646.6
871.938
-1128.75
2637.28
-220.571
-1172.09
-682.273
-995.503
-857.421
-1317.39
-1258.93
-1055.41
-1051.82
-4.9419
-549.027
457
-1021.16
2633.41
-1066.03
2629.12
1883.01
-1156.92
523.253
383.793
2582.6
393.739
-1092.34
-1223.39
2636.51
2637.19
2637.9
2646.07
2645.64
2643.87
262.434
183.708
-1418.52
14212.1
2101.62
1022.45
-1160.1
-1108.34
-1151.61
-1234.45
-1119.52
-1142.59
-1119.97
-1168.4
-663.833
-663.266
-951.495
-1381.46
-1186.99
-781.075
-1420.59
-1525.83
-1153.16
-968.57
-746.309
-1402.18
-923.127
-110.473
-23660.1
-24781.4
-28552.6
-1171.88
2628.51
-1176.81
2636.17
-1260.09
-1160.65
2636.51
2627.53
2632.42
2628.16
2635.4
2645.22
2656.3
2644.62
2639.11
2630.14
2634.8
2639.54
2641.47
2638.5
2639.73
2638.78
2638.2
2638.85
2635.57
2639.01
2628.64
2639.65
2640.04
2628.42
2596.01
2594.03
-93772.9
-113735
-21716.5
-29456.1
-70114.6
-47907
26640.3
26903.2
327.355
41.356
-4275.16
-1080.43
-1405.31
-1618.13
-1135.81
-1585.12
201.171
-2993.07
-2853.07
-67.9078
-61.7555
-200.557
-221.302
-201.77
-206.652
-222.213
-194.799
-183.566
-113.555
-116.686
-109.492
-97.5145
-111.944
-77.6211
-63.99
-247.552
-227.631
-130.37
-212.608
-359.077
-181.944
43.017
-311.613
-403.332
-224.46
-328.512
-394.633
-322.818
-479.455
-494.533
-510.474
-661.164
-635.61
-573.373
-790.532
-718.981
-639.378
-204.558
-26.3909
-155.332
-228.716
3984.81
-975.414
-979.699
-1211.54
-1212.69
-1203.5
-1233.31
-1229.02
-1235.4
-1294.19
-1192.92
-1286.58
-1217.1
-1215.28
-1216.8
-1177.2
-1247.24
-1208.15
-323.373
-437.42
-1730.13
-1640.42
-1687.13
-1842.87
-2061.86
-1773.45
-1671.73
-1542.12
-1244.76
-1320.08
-859.643
-1024.48
-931.554
-956.281
-975.547
-984.178
-1036.58
-1017.27
-1060.95
-1057.53
-1020.14
-1022.49
-1160.33
-1171.3
-1194.87
-1146.96
-1226.01
-201.791
95.8537
72.5582
-191.741
-179.205
-32.0419
203.312
185.718
62.0223
-573.388
-721.29
-647.727
-1394.86
-143.057
-339.651
714.229
3145.84
369.716
3956.04
-38122.7
-38443.8
-22924.4
-38409.3
-38214.5
-21964.3
-38307.2
-15812.8
10417.5
-15808.6
6124.1
2457.57
-778.406
16190.8
13962.6
13699.6
-919.175
-8382.44
-6830.29
-3531.5
-3925.62
-4463.69
1180.77
1211.96
769.736
647.456
737.836
424.967
574.676
711.017
398.089
438.211
387.818
-8.60716
117.587
-206.059
-156.732
-48.9714
-107.733
-48.087
-39.851
-37.8095
-45.6849
-2.25795
4.0903
2.5091
-9.16414
-38.3943
-24.0056
-39.6388
-26.7244
-30.8231
-34.1314
-170.629
-597.221
2453.58
2469.41
2586.88
2605.5
2627.57
2628.08
2633.87
2635.97
2630.37
2626.29
2630.03
2629.94
2630.35
2632.05
2627.06
2616.56
2633.29
2627.88
2614.24
2618.4
2619.22
2640.94
2620.73
2625.36
2632.64
2626.48
2643.14
2645.82
2626.1
2635.22
2632.97
2634.87
2630.28
2629.26
2629.08
-1269.77
2636.07
2635.01
2637.68
2638.04
2632.54
2633.88
2635.36
2631.27
2635.97
2634.79
2641.26
2628.15
2639.67
2586.59
2587.89
2536.5
2628.12
-882.516
-223.458
-193.131
-113.182
-110.962
-98.0002
-582.158
-645.144
320.303
-1558.77
-107.629
-973.967
-1209.56
-1289.47
-1208.96
-1214.07
-1214.59
-254.557
-1233.32
-1883.93
-1478.8
-1303.61
-981.076
-970.846
-1116.71
-1154.73
-177.614
-1123.84
-163.873
-153.306
131.953
-1139.91
-1232.82
-1057.06
-1471.16
-781.187
-1447.83
-37890.1
-38263.5
-38187
-16406.1
1982.67
-5147.12
2310.26
3870.22
-3331.05
1976.35
1170.83
593.299
559.357
682.386
610.266
-143.677
-60.2569
8.30843
-17.6198
-30.8626
-48.4732
-60.0873
-180.675
-41.4981
-39.0295
-50.9637
-32.3655
2444.08
2632.53
2627.38
2624.06
2626.94
2634.49
2626.66
2615.03
2642.62
2627.19
2628.14
2628.54
2632.46
2626.83
2634.84
2630.96
2630.03
2634.98
2631.44
2630.19
2636.5
2633.04
2634.44
2635.05
2644.7
2644.46
2642.93
2642.7
2642.99
2642.81
2642.94
2642.8
2627.32
2635.83
2639.74
2636.65
2636.44
2633.68
2635.53
2635.49
2636.5
2636.68
2636.64
2636.71
2635.78
2636.37
2637.08
2636.21
2637.98
2637.33
2636.85
2635.67
2635.46
2635.25
2636.79
2636.31
2640.21
578.035
-286.742
-391.847
-253.469
-253.503
-25238.7
-19432
-19528.9
-23176.6
-55886.7
-43132.7
-51438.5
-22641.1
-55744.4
12.7242
595.716
259.668
-310.053
-104.668
-181.404
68.2818
-133.065
-73.2585
-144.116
-101.215
-72.1009
-98.6796
-184.651
-160.219
-209.796
-171.907
-200.547
-224.921
-262.576
-257.585
-249.959
-245.26
-354.492
-327.491
-368.894
-379.39
-169.483
-347.939
-360.676
-373.584
-407.174
-390.735
-440.701
-482.416
-470.747
-540.569
-560.248
-564.884
-668.969
-681.52
-687.065
-818.506
-690.758
-618.155
-990.148
-694.561
-1014.09
-917.399
-980.699
-946.945
-1193.54
-1191.14
-1201.99
-1204.22
-1179.24
-1188.63
-1154.86
-1174.44
-1175.59
-1150.3
-1189.41
-1174.05
-1177.48
-1191.64
-1171.88
-1346.26
-1660.4
-689.312
-958.339
-606.263
-1234.71
-712.596
-575.046
-749.18
-2049.11
-952.85
-657.424
-793.179
-832.363
-788.908
-873.906
-1007.68
-1011.64
-1027.52
-986.348
-1024.19
-1040.74
-1033.88
-1026.42
-1029.1
-1041.57
-1061.36
-1092.75
-1066.81
-1090.75
-1158.93
-1174.36
3986.24
-1173.79
-1183.38
-1170.8
-1190.04
-1194.6
-1238.7
-1148.2
-1163.19
-1221.12
-139.977
-174.534
-152.399
-138.243
-1173.16
-1116.47
-1242.61
-1086.11
-1180.47
-1274.99
-1501.85
-1397.04
-638.067
-932.673
-1309.25
-572.889
-699.527
-869.717
-546.059
3988.38
-304.207
-38728
-22686.8
877.597
-22444.9
4609.67
-5995.01
-1308.01
864.09
3818.85
637.275
-3163.26
-5637.77
-5531.79
-5992.89
-3300.52
-3830.63
-590.707
980.291
503.663
357.031
557.584
586.224
593.459
643.298
529.7
483.362
501.985
515.632
459.032
430.864
400.953
290.846
328.434
313.807
148.051
181.739
97.8188
170.263
170.88
135.761
60.7571
89.2166
108.237
85.4123
53.3205
32.5387
50.2077
-26.8408
5.98486
867.747
8.60551
-10.8223
-31.7474
2538.56
2633.78
2532.51
2614
2612.69
2611.04
2618.13
2613.24
2619.44
2628.96
2631.21
2634.89
2632.29
869.573
2640.27
2647.28
2632.8
2633.64
2634.48
2634.99
2633.42
-1154.2
2634.35
2635.19
2635.46
2634.79
2637.25
2637.17
2629.81
2636.26
2635.01
2638.47
2635.07
2634.05
-1562
-1184.47
-1175.98
-1265.71
-218.744
-409.136
2636.03
2635.92
2635.06
2636.18
2643.48
2636.98
2635.73
2636.28
2636.19
2636.72
2636.47
2636.36
2636
2635.98
2636.67
2635.93
2636.43
2636.64
2636.22
-4391.83
2636.1
2636
2635.74
2636.73
2635.35
2635.36
2635.31
2637.23
2644.18
2483.14
-1489.59
1033.8
1061.06
971.456
-535.278
1004.62
-413.728
-649.403
-223.878
-8786.44
-23455.4
-1070.67
-1153.35
-401.835
-1045.77
-1072.49
3365.57
3526.66
445.491
645.702
-84.9074
29.6542
-149.196
-41.087
160.427
-14.7033
54.6276
-38.994
-63.8503
-50.9638
-50.2936
-61.8122
-49.1036
-22.1781
-37.8944
-42.2048
-45.494
-42.7039
-46.7416
-84.4138
-21.7919
-43.7163
2.76059
-9.72707
-29.7784
-30.0746
-24.5368
45.4029
-46.2226
58.998
-375.961
12.9656
48.1746
38.4072
-1202.95
-405.855
6.46316
7.37578
-0.601807
9.77042
0.504971
2.95686
8.94464
158.415
-524.398
-1232.06
-111.122
-751.498
-1027.52
-1044.74
-1032.96
-978.208
-1051.07
-1185.16
-1111.99
-1192.82
-1172.47
-1203.18
-1194.07
-1196.28
-1180.98
-1192.15
-1179.44
-1177.04
-1173.5
-1176.53
-1176.33
-1173.79
-1168.11
-1170.76
-1184.9
-1217.48
-1156.65
-1170.58
-1179.76
-1163.9
-1083.89
-1351.07
-1174.59
-1474.74
-2341.76
-1887.87
-1132.32
-1103.24
-1171.81
-1135.31
-1451.71
-1064.76
-1101.26
-1200.4
-1142.47
-987.695
-978.335
-1053.25
-924.347
-913.42
-1006.13
-949.438
-1009.98
-925.206
-1177.41
-1188.22
-1182.53
-1002.98
-1064.62
-1049.04
-1035.11
-1065.09
-1066.38
-1056.42
-1084.02
-1056.1
-1115.98
-1086.22
-1083.71
-1071.79
-1091.69
-1133.26
-1119.44
-1131.37
-1150.11
-1151.31
-1156.44
-1150.33
-1164.38
-1166.03
-1161.95
-1230.55
-1195.49
-1140.58
-1219.94
-1094.31
-1242.99
-1226.89
-1232
-1181.8
-1189.05
-1225.7
-1121.39
-1303.99
-1197.18
-1206.77
-1249.91
-1235.87
-1838.93
-1558.87
-2920.13
-2462.54
-2280.93
-4031.13
-7690.23
-9227.21
-8316.05
-966.195
-10457.6
-4453.56
-3046.67
-2790.05
-2620.94
-583.536
-194.446
-1400.36
-605.187
-2025.07
-915.484
-545.702
-512.97
-343.8
1142.71
287.037
342.04
285.17
670.302
559.392
408.024
402.239
516.664
404.72
376.963
392.706
383.721
314.316
363.524
401.99
352.338
288.274
152.544
240.119
267.566
151.886
195.083
187.64
97.6779
-923.706
83.2074
94.9377
134.706
56.6733
31.3859
83.0856
50.5371
98.8895
29.6738
44.8545
65.8559
8.42329
26.5081
-10.5219
-18.9119
8.11576
-9.08464
-7.75541
-34.2392
-23.0387
21.7469
-10.567
2636.17
3348.64
2638.26
2645.46
2612.75
2638.43
2612.91
2640.56
2631.83
2631.26
2634.02
2632.35
2636.27
2634.36
2634.94
2635.99
2636.7
2636.94
2636.31
2637.69
2633.26
2637.01
2635.31
2637.13
2634.61
2637.43
2637.1
2634.46
2637.27
2629.36
2637.86
2636.08
2635.05
2638.85
-1007.22
-621.431
-1186.87
-1164.88
-1177.85
-1184.38
-1175.14
-1153.71
-1171.57
-107.535
-535.983
-1170.01
-838.084
18.065
-3139.64
1101.13
-1274.61
-655.144
2637.02
2636.85
2637.28
2637.46
2635.81
2634.29
2636.09
2636.92
-1202.06
-1191.03
-1139.02
-1199.48
-1294.76
2636
2637.42
2636.35
2637.3
2637.9
2635.76
2636.38
2636.82
2636.36
2637.09
2635.75
2635.39
2636.57
2636.6
2635.94
2636.62
2635.56
-675.499
-1339.81
-536.548
-1263.21
-556.018
-614.472
-1283.31
-1077.37
393.883
-427.043
-750.371
-83.1439
-179.036
-373.914
-27.3679
-193.993
7.94548
-62.6826
8.89458
21.8363
22.9647
2.61958
-36.528
-6.26782
-45.3618
109.143
143.294
203.839
31.558
265.722
202.672
373.351
3.16649
382.499
403.823
-56.1097
267.011
-136.573
2636.07
2637.15
-980.011
-1051.24
-1049.78
-1102.65
-1266.54
-1240.28
-1192.37
-1189.62
-1192.12
-1205.24
-1206.91
-1192.37
-1177.38
-1192.34
-1174.19
-1167.57
-1171.7
-1165.67
-1163.02
-1175.5
-1175.32
-1162.74
-1047.97
-1026.43
-1325.46
-1189.22
-1064.76
-1078.7
-1104.59
-1045.68
-1065.13
-1055.05
-1063.07
-1112.79
-1042.83
-167.699
-702.998
-1020
-1126.51
-1122.26
-1130.17
-1147.82
-1178.26
-1180.38
-1160.61
-1252.29
-835.688
-1430.3
-749.467
-1174.97
-8434.16
-1805.57
-261.127
2634.86
2632.56
2638.04
2635.28
2637.14
2638.1
2637.7
2635.79
2636.69
2636.26
2637.4
2635.96
2636.22
2637.35
2636.25
-1182.73
-1153.98
-1187.08
-1260.66
-1325.75
2636.35
-1302.96
-8365.22
2638.79
-1182.98
-1028.11
-1070.23
2639.33
2636.61
-1251.68
-1180.56
-1160.85
-1232.26
-380.928
-1165.29
-1445.69
-1119.54
-1923.12
-6074.02
-24.5589
26.4398
2.36727
2614.04
2619.38
2628.99
2631.86
2634.01
2630.82
-5546.32
-98.2506
2635.72
2635.51
2637.35
-137.314
5.02189
2636.72
-243.145
18.4977
-1175.99
-1147.82
-1177.16
-1059.63
-1215.44
-5471.4
-2150.15
-1178.57
-1213.98
-1184.95
-1185.52
-1203.5
-1253.23
-1117.53
145.979
52.8109
46.8369
-22.5826
2636.3
2632.78
2634.48
2635.7
2635.75
-1087.56
-1260.39
2634.65
-1279.84
312.319
110.639
2636.71
22.8494
-1355.37
-1182.72
-1162.19
2635.06
2635.54
-616.829
2643.8
2643.1
341.013
-1084.41
-649.438
2636.6
-1081.67
-929.849
-25050.6
2636.22
2636.72
-1172.54
2628.66
2630.39
44.3738
2637.44
-210.457
2638.23
-577.64
-1205.8
-1162.44
-1474.83
-944.62
67.6253
120.066
70.7515
-1309.93
9885.35
730.185
10.6036
-80.7055
25.8259
50.0461
-35.9716
-6.57336
-16.6137
-27.4819
2595.41
344.063
2628.04
2628.22
2632.72
2634.77
393.961
2628.21
405.606
2632.47
2643.92
2627.29
2626.62
2629.94
2627.76
2636.9
-156.616
-3362.08
-2104.14
37.2084
-36.9823
2627.47
2615.86
2628.79
-883.71
2633.51
2632.78
2630.87
-57.7334
-416.799
-428.346
-1176.96
-1199.47
-1154.24
-1150.14
-1349.42
-1322.46
-2357.09
-3530.95
685.852
14.4909
4.7343
2534.92
2618.26
2630.09
2644.88
2633.7
-1162.19
2636.09
2632.61
-235.522
2636.3
-1423.4
2636.21
2635.8
63.0648
-1297.92
-37.0327
-88.8498
16.8879
-112.52
-230.13
-55.9477
-1196.92
-1156.53
-1398.26
2636.86
2637.32
2637
2636.01
117.735
156.147
125.887
73.7141
)
;

boundaryField
{
    Wall
    {
        type            zeroGradient;
    }
    Inlet
    {
        type            zeroGradient;
    }
    Outlet
    {
        type            fixedValue;
        value           uniform 0;
    }
    Empty
    {
        type            empty;
    }
}


// ************************************************************************* //
