/*--------------------------------*- C++ -*----------------------------------*\
| =========                 |                                                 |
| \\      /  F ield         | OpenFOAM: The Open Source CFD Toolbox           |
|  \\    /   O peration     | Version:  2312                                  |
|   \\  /    A nd           | Website:  www.openfoam.com                      |
|    \\/     M anipulation  |                                                 |
\*---------------------------------------------------------------------------*/
FoamFile
{
    version     2.0;
    format      ascii;
    arch        "LSB;label=32;scalar=64";
    class       Cloud<basicKinematicCollidingParcel>;
    location    "1.5/lagrangian/kinematicCloud";
    object      coordinates;
}
// * * * * * * * * * * * * * * * * * * * * * * * * * * * * * * * * * * * * * //

59
(
(0 0.464347 0.16937 0.366283) 205 191489 2
(0 0.411617 0.588285 9.73667e-05) 395 191678 1
(0 0.210432 0.394122 0.395446) 205 191489 1
(0 0.177054 0.444028 0.378917) 205 191489 2
(0 0.561624 0.223755 0.214621) 2636 191540 2
(0 0.20384 0.0204315 0.775728) 202 191488 2
(0 0.229845 0.518332 0.251822) 2610 191535 2
(0 0.0813565 0.844698 0.0739453) 33928 191670 2
(0 0.389465 0.109731 0.500804) 33922 191667 1
(0 0.201781 0.495303 0.302917) 33514 191641 2
(0 0.272212 0.326811 0.400976) 33928 191670 1
(0 0.154186 0.744638 0.101176) 202 191488 2
(0 0.0951465 0.797851 0.107002) 33507 191638 1
(0 0.470926 0.209729 0.319345) 1706 191512 2
(0 0.28604 0.553907 0.160053) 2639 191542 2
(0 0.343006 0.407136 0.249858) 33914 191664 1
(0 0.115458 0.265624 0.618918) 1704 191511 1
(0 0.164156 0.801954 0.0338901) 33919 191666 2
(0 0.836731 0.143815 0.0194542) 2606 191681 2
(0 0.478585 0.300549 0.220866) 1693 191509 1
(0 0.219946 0.353384 0.42667) 33508 191639 2
(0 0.112919 0.37654 0.510541) 33908 191661 2
(0 0.435501 0.36477 0.199729) 1713 191515 2
(0 0.581199 0.0993571 0.319444) 1711 191514 2
(0 0.31782 0.526812 0.155368) 2606 191681 2
(0 0.0540719 0.829946 0.115982) 33486 191629 1
(0 0.182638 0.359833 0.457529) 2602 191679 1
(0 0.359819 0.584388 0.0557934) 2602 191679 2
(0 0.45276 0.516375 0.0308652) 9917 191589 1
(0 0.013054 0.575073 0.411873) 1713 191515 2
(0 0.356703 0.287721 0.355576) 2602 191679 2
(0 0.695689 0.293044 0.0112679) 2483 191532 1
(0 0.571426 0.286784 0.141789) 2603 191680 2
(0 0.32689 0.417361 0.255749) 1711 191514 1
(0 0.529854 0.169609 0.300538) 33484 191628 2
(0 0.306252 0.654417 0.0393306) 33900 191658 1
(0 0.0218084 0.950921 0.0272705) 5055 191572 2
(0 0.201908 0.588566 0.209527) 379 191677 2
(0 0.0353448 0.397069 0.567586) 2484 191691 2
(0 0.102259 0.385665 0.512076) 13171 191601 1
(0 0.368872 0.421044 0.210084) 379 191677 2
(0 0.51056 0.0303721 0.459068) 200 191487 1
(0 0.160079 0.178121 0.6618) 33831 191653 2
(0 0.606726 0.248561 0.144712) 1669 191500 1
(0 0.0511275 0.202822 0.74605) 9852 191584 2
(0 0.00656231 0.0702362 0.923201) 33840 191657 1
(0 0.639304 0.135706 0.22499) 379 191677 1
(0 0.629746 0.0933904 0.276863) 379 191677 1
(0 0.468756 0.475242 0.0560024) 1654 191497 1
(0 0.161083 0.283082 0.555835) 13136 191599 2
(0 0.652171 0.253925 0.0939038) 1689 191690 2
(0 0.52652 0.116974 0.356506) 379 191677 1
(0 0.263516 0.396799 0.339685) 1669 191500 1
(0 0.180991 0.298711 0.520298) 13173 191602 2
(0 0.0850664 0.0661229 0.848811) 1689 191690 1
(0 0.0630754 0.715419 0.221505) 200 191487 2
(0 0.298241 0.66327 0.0384888) 6333 193437 2
(0 0.175588 0.185583 0.638829) 5677 193246 2
(0 0.262302 0.487263 0.250434) 203 191675 1
)


// ************************************************************************* //
