/*--------------------------------*- C++ -*----------------------------------*\
| =========                 |                                                 |
| \\      /  F ield         | OpenFOAM: The Open Source CFD Toolbox           |
|  \\    /   O peration     | Version:  2312                                  |
|   \\  /    A nd           | Website:  www.openfoam.com                      |
|    \\/     M anipulation  |                                                 |
\*---------------------------------------------------------------------------*/
FoamFile
{
    version     2.0;
    format      ascii;
    arch        "LSB;label=32;scalar=64";
    class       volScalarField;
    location    "7.2";
    object      p;
}
// * * * * * * * * * * * * * * * * * * * * * * * * * * * * * * * * * * * * * //

dimensions      [0 2 -2 0 0 0 0];

internalField   nonuniform List<scalar> 
2958
(
-6.64169e+10
-7.03593e+10
-7.34436e+10
-6.63561e+10
-7.46097e+10
-7.36223e+10
-6.66001e+10
-6.73558e+10
-6.96505e+10
-6.8087e+10
-6.66215e+10
-6.53144e+10
-6.71917e+10
-6.5316e+10
-6.6886e+10
-6.64088e+10
-6.94512e+10
-6.7093e+10
-6.53168e+10
-6.6376e+10
-6.5317e+10
-6.96888e+10
-6.53156e+10
-7.88095e+10
-6.71516e+10
-6.65042e+10
-3.91635e+09
-8.07244e+10
-6.50991e+10
-6.65604e+10
-6.64987e+10
-1.00346e+11
-6.5293e+10
-7.96402e+10
-6.71053e+10
-6.63805e+10
-6.53155e+10
-6.53118e+10
-6.64764e+10
-6.41348e+10
-6.393e+10
-6.59783e+10
-6.66026e+10
-6.63896e+10
-6.53092e+10
-6.81131e+10
-6.66356e+10
-8.1629e+10
-6.63581e+10
-6.45541e+10
-6.64282e+10
-7.05908e+10
-6.76355e+10
-6.66799e+10
-6.64385e+10
-6.68625e+10
-6.96042e+10
-6.75311e+10
-6.64897e+10
-5.9338e+10
-6.63855e+10
-6.63747e+10
-6.67941e+10
-6.65719e+10
-6.53159e+10
-6.53167e+10
-6.66847e+10
-7.50922e+10
-6.1828e+10
-6.64164e+10
-6.97986e+10
-6.53132e+10
-6.91257e+10
-6.64438e+10
-6.53184e+10
-6.66128e+10
-6.63903e+10
-6.68051e+10
-6.52805e+10
-6.64403e+10
-6.71611e+10
-6.91567e+10
-8.70475e+10
-8.76449e+10
-6.63948e+10
-6.67326e+10
-6.86872e+10
-6.67321e+10
-7.20186e+10
-6.53296e+10
-6.70147e+10
-6.54994e+10
-6.66699e+10
-6.53169e+10
-6.99284e+10
-6.71974e+10
-6.63797e+10
-6.63231e+10
-6.53159e+10
-6.53154e+10
-6.63589e+10
-6.64684e+10
-6.73972e+10
-6.88424e+10
-6.53e+10
-6.509e+10
-6.53144e+10
-6.63616e+10
-6.53185e+10
-6.72354e+10
-6.63354e+10
-6.64277e+10
-6.53176e+10
-6.76181e+10
-6.53162e+10
-6.53166e+10
-6.67848e+10
-6.64277e+10
-6.88788e+10
-6.64429e+10
-6.88997e+10
-6.53144e+10
-6.6707e+10
-6.72903e+10
-6.66435e+10
-6.64079e+10
-6.63433e+10
-6.93818e+10
-6.64145e+10
-6.53177e+10
-6.53197e+10
-6.53147e+10
-6.64368e+10
-6.53161e+10
-6.53232e+10
-6.53162e+10
-6.78749e+10
-6.64338e+10
-6.5316e+10
-6.53159e+10
-6.63439e+10
-7.01953e+10
-6.53164e+10
-6.53171e+10
-6.64263e+10
-6.93865e+10
-6.53184e+10
-6.53142e+10
-6.57908e+10
-6.53155e+10
-6.63752e+10
-6.63806e+10
-6.80626e+10
-6.51529e+10
-6.71901e+10
-6.53262e+10
-6.53234e+10
-6.6425e+10
-6.66012e+10
-6.67295e+10
-6.71967e+10
-6.82459e+10
-6.6788e+10
-6.53153e+10
-4.20183e+10
-6.64173e+10
-6.49101e+10
-6.53166e+10
-6.70025e+10
-6.88023e+10
-8.05734e+10
-6.53145e+10
-6.53061e+10
-7.02152e+10
-6.53165e+10
-6.92818e+10
-7.01191e+10
-6.04437e+10
-6.52255e+10
-6.18277e+10
-6.39621e+10
-6.93075e+10
-6.70403e+10
-6.63495e+10
-7.12391e+10
-6.90281e+10
-7.11427e+10
-6.53184e+10
-6.98146e+10
-6.63425e+10
-6.97959e+10
-6.58011e+10
-5.40319e+10
-6.74684e+10
-7.44496e+10
-6.50948e+10
-7.01942e+10
-8.1269e+10
-6.64021e+10
-6.36605e+10
-6.7846e+10
-6.53159e+10
-6.64156e+10
-5.72361e+10
-6.67976e+10
-6.6693e+10
-6.51158e+10
-6.6777e+10
-6.86982e+10
-6.63581e+10
-6.53162e+10
-6.53294e+10
-6.53191e+10
-6.94387e+10
-6.53172e+10
-7.03149e+10
-6.65889e+10
-6.53167e+10
-6.53163e+10
-6.53161e+10
-6.53164e+10
-7.02254e+10
-6.6593e+10
-6.89972e+10
-6.63544e+10
-6.64238e+10
-8.1403e+10
-6.53163e+10
-6.78089e+10
-6.99421e+10
-7.02358e+10
-8.44334e+10
-6.57056e+10
-7.02006e+10
-6.5098e+10
-6.53164e+10
-6.53268e+10
-6.64419e+10
-6.53271e+10
-6.63651e+10
-6.53181e+10
-6.63652e+10
-6.63966e+10
-8.19232e+10
-6.65015e+10
-6.44489e+10
-2.14483e+10
-6.74427e+10
-6.66876e+10
-6.65566e+10
-6.79954e+10
-6.72367e+10
-6.67282e+10
1.38396e+11
-6.63702e+10
-7.60914e+10
-6.65112e+10
-6.60457e+10
-6.66341e+10
-6.93372e+10
-6.64113e+10
-6.53141e+10
-7.16809e+10
-5.89615e+10
-6.52715e+10
-6.67868e+10
-6.73093e+10
-6.65068e+10
-6.53081e+10
-6.53126e+10
-6.53155e+10
-6.92069e+10
-6.65194e+10
-6.5314e+10
-6.94567e+10
-6.65012e+10
-6.53186e+10
-7.12972e+10
-6.53166e+10
-6.94325e+10
-6.53155e+10
-6.53179e+10
-6.52715e+10
-6.68619e+10
-6.94669e+10
-6.53157e+10
-6.51525e+10
-6.63803e+10
-6.63516e+10
-6.65707e+10
-7.84852e+10
-7.14542e+10
-6.53161e+10
-6.53142e+10
-7.09628e+10
-2.39734e+10
-6.53158e+10
-6.64085e+10
-6.53159e+10
-6.90111e+10
-6.80578e+10
-7.51693e+10
-6.61913e+10
-7.02925e+10
-6.63859e+10
-7.83013e+10
-6.63727e+10
-6.53141e+10
-6.66842e+10
-6.63816e+10
-6.53174e+10
-6.64045e+10
-6.64473e+10
-6.5317e+10
-6.94516e+10
-6.63546e+10
-7.22807e+10
-6.66116e+10
-6.88878e+10
-6.64785e+10
-7.12395e+10
-6.90614e+10
-6.66218e+10
-7.10928e+10
-6.8723e+10
-6.53126e+10
-6.64296e+10
-6.53162e+10
-6.63528e+10
-6.84355e+10
-6.91406e+10
-6.91492e+10
-6.53147e+10
-6.53158e+10
-5.60544e+10
-6.5316e+10
-6.63761e+10
-6.38167e+10
-6.63754e+10
-6.53173e+10
-6.67248e+10
-6.87696e+10
-8.0423e+10
-7.07266e+10
-6.53177e+10
-7.02329e+10
-6.53177e+10
-6.7718e+10
-6.6004e+10
-6.63779e+10
-5.97409e+10
-6.72299e+10
-8.04557e+10
-6.63936e+10
-6.57603e+10
-6.65555e+10
-6.53161e+10
-6.66026e+10
-4.59706e+10
-6.63892e+10
-6.84474e+10
-6.64182e+10
-6.63563e+10
-6.17282e+10
-6.69481e+10
-8.67206e+10
-6.66185e+10
-6.63804e+10
-6.63872e+10
-1.14608e+11
-6.25478e+10
-7.55044e+10
-6.53161e+10
-6.6361e+10
-6.65633e+10
-6.96307e+10
-6.64366e+10
-6.75786e+10
-8.13085e+10
-6.95518e+10
-6.64054e+10
-6.67643e+10
-6.5319e+10
-6.66131e+10
-6.9372e+10
-6.53148e+10
-6.65099e+10
-8.16323e+10
-6.50761e+10
-6.53209e+10
-6.74078e+10
-6.53158e+10
-6.51254e+10
-6.94809e+10
-6.63774e+10
-6.63582e+10
-6.8471e+10
-6.53162e+10
-6.53176e+10
-7.90393e+10
-6.64579e+10
-6.65198e+10
-6.9533e+10
-6.63558e+10
-6.64347e+10
-6.64266e+10
-7.06852e+10
-6.67256e+10
-6.64438e+10
-6.59996e+10
-6.63745e+10
-6.71439e+10
-6.65873e+10
-6.95182e+10
-6.65764e+10
-7.91359e+10
-7.15154e+10
-6.68158e+10
-6.63904e+10
-6.63907e+10
-6.53091e+10
-6.51646e+10
-6.96896e+10
-6.59118e+10
-6.70038e+10
-6.52933e+10
-7.10476e+10
-6.69769e+10
-6.64214e+10
-6.89734e+10
-7.51951e+10
-6.56667e+10
-6.91582e+10
-6.40726e+10
-6.74565e+10
-7.01656e+10
-6.95834e+10
-6.79052e+10
-6.64099e+10
-6.53166e+10
-6.93647e+10
-6.88885e+10
-6.64315e+10
-6.89056e+10
-5.34881e+10
-6.52873e+10
-6.53162e+10
-7.9784e+10
-6.5318e+10
-6.87027e+10
-6.53163e+10
-9.52413e+10
-6.71871e+10
-6.89685e+10
-6.63857e+10
-6.62561e+10
-6.53161e+10
-6.65423e+10
-7.02241e+10
-6.5316e+10
-7.01863e+10
-6.63431e+10
-6.63819e+10
-6.75948e+10
-6.65566e+10
-6.66001e+10
-8.2019e+10
-6.66425e+10
-6.65454e+10
-6.14233e+10
-6.76445e+10
-6.53143e+10
-6.83761e+10
-6.81906e+10
-6.66468e+10
-6.96526e+10
-6.67027e+10
-7.06632e+10
-5.56415e+10
-6.67153e+10
-6.70901e+10
-6.97033e+10
-6.5316e+10
-6.3962e+10
-7.10915e+10
-6.66341e+10
-6.68409e+10
-6.66586e+10
-8.30393e+10
-6.64263e+10
-5.80814e+10
-7.02158e+10
-6.63587e+10
-6.64765e+10
-6.89652e+10
-6.64164e+10
-6.95468e+10
-6.5317e+10
-6.53188e+10
-6.53176e+10
-6.8766e+10
-6.53171e+10
-6.5316e+10
-6.63594e+10
-6.71278e+10
-6.53161e+10
-6.63726e+10
-6.61059e+10
-6.63728e+10
-6.63852e+10
-6.53177e+10
-6.53168e+10
-6.64819e+10
-6.53166e+10
-6.64293e+10
-6.64412e+10
-8.30156e+10
-6.55812e+10
-6.9041e+10
-6.63681e+10
-6.53094e+10
-6.92459e+10
-6.64681e+10
-6.15683e+10
-6.63867e+10
-6.6357e+10
-7.73054e+10
-6.53141e+10
-6.67172e+10
-6.63706e+10
-6.67048e+10
-6.53293e+10
-6.96168e+10
-6.53191e+10
-6.52279e+10
-6.66297e+10
-7.581e+10
-7.01708e+10
-6.63994e+10
-6.66746e+10
-6.59886e+10
-6.66016e+10
-6.53143e+10
-6.63844e+10
-6.53168e+10
-6.52281e+10
-6.67176e+10
-6.53132e+10
-6.53161e+10
-6.10576e+10
-6.53174e+10
-6.53161e+10
-6.94451e+10
-6.63411e+10
2.3299e+11
-6.67608e+10
-6.59746e+10
-6.64386e+10
-6.66018e+10
-6.53064e+10
-6.65549e+10
-7.63067e+10
-6.64496e+10
-6.63467e+10
-6.6445e+10
-6.64323e+10
-6.53159e+10
-6.65595e+10
-6.6365e+10
-6.64317e+10
-6.63405e+10
-6.65565e+10
-6.53175e+10
-6.53174e+10
-6.53103e+10
-7.16316e+10
-6.53179e+10
-6.52717e+10
-6.53163e+10
-6.68117e+10
-6.93359e+10
-6.946e+10
-6.66357e+10
-6.97089e+10
-6.64012e+10
-6.5315e+10
-6.53362e+10
-6.53161e+10
-6.94558e+10
-6.85557e+10
-6.5316e+10
-6.53165e+10
-6.6519e+10
-6.49838e+10
-6.52936e+10
-6.63113e+10
-6.56711e+10
-6.63577e+10
-6.63877e+10
-6.53009e+10
-6.53147e+10
-6.64899e+10
-6.53149e+10
-6.63575e+10
-6.14141e+10
-6.64169e+10
-6.5365e+10
-6.64173e+10
-6.53131e+10
-6.53159e+10
-6.63898e+10
-6.45545e+10
-6.53161e+10
-6.53159e+10
-6.63995e+10
-6.76114e+10
-6.66167e+10
-6.83594e+10
-6.53095e+10
-6.5131e+10
-6.63774e+10
-6.63872e+10
-6.59985e+10
-7.02442e+10
-6.66198e+10
-6.53183e+10
-6.88057e+10
-6.65596e+10
-6.65463e+10
-6.53161e+10
-6.63374e+10
-6.53161e+10
-6.96656e+10
-6.53161e+10
-6.50498e+10
-6.6556e+10
-6.5306e+10
-6.90459e+10
-6.64765e+10
-6.67367e+10
-6.5317e+10
-6.6457e+10
-6.55883e+10
-6.5306e+10
-6.63848e+10
-6.53638e+10
-6.90559e+10
-6.53147e+10
-6.6553e+10
-6.53161e+10
-6.53162e+10
-6.89017e+10
-6.61127e+10
-7.0289e+10
-6.69974e+10
-6.96741e+10
-7.02424e+10
-6.53131e+10
-6.82297e+10
-7.95248e+10
-7.16568e+10
-6.53131e+10
-6.53199e+10
-6.53142e+10
-6.53009e+10
-6.53165e+10
-6.93551e+10
-6.5318e+10
-6.63825e+10
-6.67495e+10
-1.13312e+11
-6.97729e+10
-6.68458e+10
-6.63518e+10
-1.63236e+10
-8.18231e+10
-6.64447e+10
-6.51404e+10
-6.53147e+10
-6.53165e+10
-6.95897e+10
-6.36612e+10
-6.53165e+10
-7.12812e+10
-6.53165e+10
-6.933e+10
-6.92661e+10
-6.64309e+10
-6.6388e+10
-6.87475e+10
-6.5308e+10
-7.63261e+10
-6.64052e+10
-6.63867e+10
-6.64174e+10
-6.5075e+10
-6.79569e+10
-6.63714e+10
-6.64466e+10
-6.5318e+10
-6.53173e+10
-6.63793e+10
-6.65563e+10
-6.61188e+10
-6.64015e+10
-6.66446e+10
-6.96914e+10
-6.63482e+10
-6.77373e+10
-7.2482e+10
-8.56971e+10
-6.96539e+10
-6.96154e+10
-6.64339e+10
-6.59956e+10
-6.77206e+10
-7.01004e+10
-6.64374e+10
-4.23323e+10
-7.02339e+10
-6.33856e+10
-6.53201e+10
-6.97952e+10
-6.55104e+10
-6.5317e+10
-7.60321e+10
-6.53159e+10
-6.63537e+10
-6.65912e+10
-6.53886e+10
-6.63261e+10
-6.63368e+10
-6.66182e+10
-7.14433e+10
-6.43508e+10
-6.7422e+10
-6.64523e+10
-6.57349e+10
-6.53169e+10
-6.68722e+10
-6.64336e+10
-6.60215e+10
-6.636e+10
-6.6656e+10
-6.65439e+10
-6.50741e+10
-6.63765e+10
-6.6634e+10
-6.19731e+10
-6.63725e+10
-6.63252e+10
-6.39612e+10
-6.53143e+10
-6.63587e+10
-6.48951e+10
-6.49318e+10
-6.67018e+10
-6.63952e+10
-6.55899e+10
-6.64078e+10
-6.53171e+10
-6.53168e+10
-6.53161e+10
-6.6376e+10
-6.97739e+10
-6.5316e+10
-6.64271e+10
-6.53167e+10
-6.63759e+10
-6.53172e+10
-6.5313e+10
-7.52993e+10
-6.67551e+10
-6.63906e+10
-6.53161e+10
-6.53163e+10
-6.51973e+10
-6.63731e+10
-6.53155e+10
-6.53161e+10
-6.94454e+10
-6.53157e+10
-6.63873e+10
-6.63856e+10
-6.53105e+10
-6.95035e+10
-6.64875e+10
-6.53203e+10
-6.92987e+10
-6.65135e+10
-6.65576e+10
-6.64434e+10
-6.6446e+10
-6.66104e+10
-6.18263e+10
-7.08314e+10
-6.50762e+10
-6.6558e+10
-6.65133e+10
-6.63697e+10
-6.77975e+10
-6.53164e+10
-6.64177e+10
-6.6359e+10
-6.6722e+10
-6.5174e+10
-6.64358e+10
-6.66074e+10
-7.00261e+10
-6.53064e+10
-6.99721e+10
-6.66061e+10
-6.71788e+10
-6.53165e+10
-6.66538e+10
-6.63841e+10
-7.21523e+10
-6.67121e+10
-6.63654e+10
-6.63478e+10
-6.72644e+10
-6.64086e+10
-6.71047e+10
-6.50106e+10
-6.65485e+10
-6.8633e+10
-6.63919e+10
-6.63857e+10
-6.89012e+10
-6.67249e+10
-6.22518e+10
-6.67683e+10
-6.63884e+10
-6.63359e+10
-6.64854e+10
-6.84689e+10
-8.4836e+10
-6.5316e+10
-6.69194e+10
-6.67227e+10
-6.63825e+10
-6.66361e+10
-6.53161e+10
-6.5316e+10
-6.53147e+10
-6.64075e+10
-6.66194e+10
-6.47895e+10
-6.67588e+10
-6.34805e+10
-6.6437e+10
-6.64367e+10
-6.75359e+10
-6.96983e+10
-6.87068e+10
-7.62012e+10
-6.95834e+10
-6.53177e+10
-6.74535e+10
-7.64577e+10
-6.94607e+10
-7.13752e+10
-7.62242e+10
-6.64781e+10
-6.63426e+10
-6.47854e+10
-6.88311e+10
-4.07583e+09
-6.53179e+10
-6.66711e+10
-6.78253e+10
-6.53152e+10
-6.95064e+10
-6.63591e+10
-6.63728e+10
2.32532e+11
-1.02615e+11
-6.53165e+10
-6.53159e+10
-6.65487e+10
-6.53166e+10
-6.53165e+10
-6.5316e+10
-8.65141e+10
-6.64616e+10
-6.45549e+10
-6.94146e+10
-6.52291e+10
-6.64472e+10
-7.31703e+10
-6.63516e+10
-6.64458e+10
-6.98809e+10
-6.53159e+10
-6.92452e+10
-6.98595e+10
-6.66081e+10
-6.7349e+10
-6.92391e+10
-6.74591e+10
-5.82378e+10
-6.63601e+10
-6.53166e+10
-2.27512e+09
-7.30707e+10
-7.1166e+10
-6.96773e+10
-7.16164e+10
-8.0033e+10
-6.53188e+10
-6.71816e+10
-7.02232e+10
-6.65973e+10
-7.94177e+10
-6.73811e+10
-8.0333e+10
-6.75634e+10
-6.53095e+10
-6.90937e+10
-6.66144e+10
-8.02022e+10
-6.43137e+10
-6.74222e+10
-6.65545e+10
-6.65966e+10
-6.88321e+10
-5.70761e+10
-6.68457e+10
-6.59131e+10
-7.05142e+10
-7.20688e+10
-6.76777e+10
-7.17501e+10
-6.63615e+10
-6.66295e+10
-7.10491e+10
-6.65571e+10
-6.94158e+10
-6.67551e+10
-6.90575e+10
-6.67994e+10
-7.62019e+10
-6.53165e+10
-6.64419e+10
-6.53009e+10
-7.46452e+10
-6.62524e+10
-6.73107e+10
-6.51856e+10
-6.89952e+10
-6.72185e+10
-7.14468e+10
-6.57267e+10
-6.63577e+10
-6.78689e+10
-6.90212e+10
-6.57447e+10
-6.66612e+10
-6.66015e+10
-6.53157e+10
-6.53274e+10
-7.50236e+10
-6.97686e+10
1.37998e+11
-6.53155e+10
-6.63862e+10
-6.63552e+10
-6.87709e+10
-6.65462e+10
-6.62544e+10
-6.93364e+10
-6.68178e+10
-6.63473e+10
-6.53172e+10
-4.54873e+10
-6.53158e+10
-6.66124e+10
-6.49424e+10
-6.70277e+10
-6.49301e+10
-6.53153e+10
-6.7176e+10
-6.53153e+10
-6.53077e+10
-6.64575e+10
-6.94e+10
-6.65517e+10
-6.64895e+10
-7.65102e+10
-6.63346e+10
-7.35181e+10
-6.68321e+10
-6.65076e+10
-5.60672e+10
-8.29963e+10
-6.64604e+10
-6.73157e+10
-6.97339e+10
-7.16829e+10
-6.9645e+10
-6.92527e+10
-7.22172e+10
-1.62039e+10
-6.66466e+10
-8.17979e+10
-6.63833e+10
-6.64608e+10
-6.64554e+10
-6.51257e+10
-6.53164e+10
-6.84587e+10
-6.93754e+10
-6.53213e+10
-6.63552e+10
-8.30515e+10
-6.64865e+10
-6.53157e+10
-6.76027e+10
-6.55005e+10
-6.43461e+10
-6.65696e+10
-6.70924e+10
-6.63556e+10
-8.45427e+10
-7.12555e+10
-6.51257e+10
-6.64344e+10
-6.64243e+10
-7.71377e+10
-6.6357e+10
-6.53177e+10
-6.47921e+10
-6.96869e+10
-6.64387e+10
-6.53148e+10
-6.5317e+10
-6.68258e+10
-6.53156e+10
-6.53173e+10
-6.52873e+10
-6.64095e+10
-6.5116e+10
-6.53173e+10
-6.53161e+10
-6.86457e+10
-6.53127e+10
-6.64424e+10
-6.66049e+10
-6.6644e+10
-6.53161e+10
-6.80428e+10
-6.64529e+10
-6.57744e+10
-6.88934e+10
-6.53233e+10
-6.63974e+10
-6.53165e+10
-6.64234e+10
-6.53162e+10
-6.53172e+10
-6.53168e+10
-6.64186e+10
-6.64732e+10
-6.50746e+10
-6.67556e+10
-6.72296e+10
-7.14686e+10
-6.65368e+10
-6.24501e+10
-7.1026e+10
-6.53162e+10
-6.89061e+10
-6.53179e+10
-6.6356e+10
-6.63802e+10
-6.53167e+10
-5.92573e+10
-7.02653e+10
-6.63587e+10
-7.10692e+10
-6.75022e+10
-6.67765e+10
-6.53078e+10
-9.54093e+10
-6.63404e+10
-6.53157e+10
-6.66459e+10
-7.15897e+10
-6.6895e+10
-6.68218e+10
-6.82385e+10
-6.70101e+10
-6.17233e+10
-6.6458e+10
-6.69722e+10
-6.53152e+10
-6.84479e+10
-6.92769e+10
-6.66184e+10
-1.55229e+10
-6.68876e+10
-6.90235e+10
-6.92125e+10
-6.53163e+10
-6.99727e+10
-6.7038e+10
-7.02469e+10
-6.53277e+10
-6.73054e+10
-6.53152e+10
-6.53165e+10
-6.53154e+10
-6.5316e+10
-6.45626e+10
-7.25608e+10
-2.42661e+10
-6.63953e+10
-6.93831e+10
-9.85447e+10
-6.94156e+10
-6.97927e+10
-6.90426e+10
-6.81594e+10
-6.97121e+10
-6.66604e+10
-6.63877e+10
-6.66996e+10
-6.9159e+10
-6.89478e+10
-7.16575e+10
-6.53171e+10
-6.57746e+10
-6.7041e+10
-6.9743e+10
-6.68011e+10
-6.60226e+10
-6.63127e+10
-6.65456e+10
-6.53166e+10
-6.53183e+10
-6.63707e+10
-6.53162e+10
-6.63424e+10
-6.71981e+10
-6.66313e+10
-7.02381e+10
-6.72592e+10
-6.64327e+10
-4.24964e+10
-6.63657e+10
-6.53189e+10
-6.77462e+10
-6.77432e+10
-6.68388e+10
-6.73032e+10
-6.63583e+10
-6.66138e+10
-6.6881e+10
-6.64402e+10
-6.53166e+10
-6.50073e+10
-6.69373e+10
-6.79211e+10
-7.14962e+10
-6.64155e+10
-6.64495e+10
-6.14177e+10
-6.64442e+10
-6.33844e+10
-7.19313e+10
-6.53169e+10
-6.64508e+10
-6.33841e+10
-6.75995e+10
-6.53179e+10
-6.53185e+10
-6.64444e+10
-6.65435e+10
-6.70694e+10
-6.65003e+10
-6.65074e+10
7.08794e+11
-6.53155e+10
-6.71336e+10
-6.57729e+10
-6.53157e+10
-6.6371e+10
-6.53181e+10
-6.67367e+10
-7.04901e+10
-6.53155e+10
-6.63924e+10
-6.63406e+10
-6.63867e+10
-6.70984e+10
-6.70821e+10
-6.53171e+10
-6.64308e+10
-6.53163e+10
-6.6452e+10
-6.74086e+10
-6.63344e+10
-6.68461e+10
-6.53169e+10
-6.10981e+10
-6.64176e+10
-6.6367e+10
-6.53163e+10
-6.71394e+10
-6.66756e+10
-6.64166e+10
-6.53143e+10
-6.72198e+10
-6.81743e+10
-6.64418e+10
-6.75634e+10
-6.6753e+10
-6.64086e+10
-6.65756e+10
-7.25431e+10
-6.53162e+10
-6.7376e+10
-6.65619e+10
-6.71071e+10
-6.64338e+10
-6.65655e+10
-7.89004e+10
-6.90004e+10
-6.53161e+10
-6.65688e+10
-6.96414e+10
-6.53173e+10
-6.64388e+10
-6.53164e+10
-6.69365e+10
-6.53181e+10
-6.9013e+10
-6.89954e+10
-6.62171e+10
-6.21078e+10
-6.41896e+10
-6.5318e+10
-6.93581e+10
-6.65451e+10
-6.67593e+10
-6.68363e+10
-6.96821e+10
-6.64428e+10
-6.70554e+10
-6.53165e+10
-6.53166e+10
-6.6751e+10
-6.67311e+10
-6.53166e+10
-6.5312e+10
-7.67445e+10
-6.64762e+10
-6.96818e+10
-6.98062e+10
-6.73806e+10
-6.89654e+10
-4.7199e+09
-6.64388e+10
-6.97008e+10
-6.89426e+10
-6.66239e+10
-6.7624e+10
-6.63867e+10
-6.66165e+10
-6.98851e+10
-6.80789e+10
-8.06507e+10
-6.65516e+10
-6.64171e+10
-7.78338e+10
-7.18088e+10
-6.96484e+10
-6.84762e+10
-6.97507e+10
-6.67733e+10
-4.53815e+10
-6.6368e+10
-6.8991e+10
-6.51161e+10
-6.75844e+10
-6.64554e+10
-6.6358e+10
-6.73022e+10
-6.64993e+10
-6.53132e+10
-6.93565e+10
-6.65461e+10
-6.53162e+10
-6.66735e+10
-6.6739e+10
-6.67443e+10
-6.66711e+10
-6.85613e+10
-6.85276e+10
-6.87142e+10
-6.93832e+10
-6.65467e+10
-6.67307e+10
-7.48545e+10
-6.64259e+10
-6.63857e+10
-6.93377e+10
-6.63995e+10
-6.92677e+10
-6.53163e+10
-6.70973e+10
-6.63653e+10
-6.53277e+10
-6.64773e+10
-6.67643e+10
-6.94682e+10
-6.63873e+10
-7.90934e+10
-6.67692e+10
-7.32098e+10
-6.52261e+10
-6.6383e+10
-6.67346e+10
-8.45307e+10
-6.63537e+10
-6.63912e+10
-6.64151e+10
-6.67304e+10
-7.30269e+10
-7.19165e+10
-6.53158e+10
-6.63586e+10
-6.53134e+10
-7.93196e+10
-6.53157e+10
-6.63583e+10
-6.5316e+10
-6.66283e+10
7.16332e+11
-6.43424e+10
-6.53162e+10
-6.72383e+10
-6.53158e+10
-6.53217e+10
-6.63959e+10
-6.53158e+10
-6.86521e+10
-6.53151e+10
-6.64846e+10
-6.5316e+10
-6.74689e+10
-6.63439e+10
-6.64988e+10
-6.53163e+10
-6.70955e+10
-6.50899e+10
-6.63398e+10
-6.53166e+10
-7.00028e+10
-6.53166e+10
-8.44787e+10
-6.53159e+10
-6.90986e+10
-6.63389e+10
-6.53174e+10
-6.63317e+10
-6.6371e+10
-6.65915e+10
-7.39217e+10
-6.50896e+10
-7.02132e+10
1.38359e+11
-6.53201e+10
-6.8956e+10
-6.53179e+10
-6.53123e+10
-7.0835e+10
-6.63408e+10
-6.53213e+10
-6.82582e+10
-6.52944e+10
-6.74169e+10
-6.6441e+10
-7.13449e+10
-7.33787e+10
-6.64161e+10
-6.63569e+10
-6.99815e+10
-6.71653e+10
-6.98461e+10
-6.53163e+10
-6.53162e+10
-6.70557e+10
-7.79953e+10
-6.64383e+10
-7.27498e+10
-6.70651e+10
-6.53883e+10
-6.53142e+10
-7.3135e+10
-7.33541e+10
-6.69513e+10
-7.15852e+10
-6.70692e+10
-6.58121e+10
-7.03469e+10
-6.53233e+10
-6.53165e+10
-6.53165e+10
-6.67151e+10
-6.96826e+10
-4.47406e+10
-6.66676e+10
-6.66884e+10
-6.79122e+10
-6.72767e+10
-6.68052e+10
-6.75213e+10
-6.25355e+10
-6.53171e+10
-6.53063e+10
-6.64996e+10
-6.63842e+10
-6.95772e+10
7.0862e+11
-6.53165e+10
-6.63879e+10
-6.64721e+10
-6.63677e+10
-6.53165e+10
-6.67495e+10
-8.68244e+10
-7.074e+10
-6.53165e+10
-6.72923e+10
-6.37959e+10
-6.53167e+10
-6.53192e+10
-6.53166e+10
-6.53167e+10
-6.5316e+10
-6.53165e+10
-4.22495e+10
-6.67646e+10
-6.75621e+10
-6.76822e+10
-6.71963e+10
-6.70008e+10
-6.96701e+10
-6.64297e+10
-6.53166e+10
-6.5314e+10
-6.87639e+10
-6.66426e+10
-6.53166e+10
-6.65698e+10
-1.13614e+11
-6.53163e+10
-6.63501e+10
-6.64406e+10
-1.02391e+11
-6.90671e+10
-8.15906e+10
-6.6693e+10
-7.44707e+10
-6.67672e+10
-6.64557e+10
-6.54161e+10
-6.63937e+10
-6.53162e+10
-6.52997e+10
-7.28751e+10
-6.64076e+10
-6.53175e+10
-5.90277e+10
-6.63278e+10
-6.64797e+10
-6.53155e+10
-6.69412e+10
-4.25402e+10
-7.15171e+10
-6.64062e+10
-7.10478e+10
-6.64748e+10
-6.53155e+10
-6.64441e+10
-7.12041e+10
-6.31816e+10
-6.95265e+10
-7.09595e+10
-6.73738e+10
-6.53173e+10
-6.64653e+10
-6.63533e+10
-6.65157e+10
-6.63789e+10
-6.64288e+10
-1.60897e+10
-5.90755e+10
-6.84232e+10
-4.51733e+10
-6.65568e+10
-6.6406e+10
-6.56692e+10
-6.93002e+10
-6.64434e+10
-7.06154e+10
-6.65513e+10
-6.64291e+10
-6.67029e+10
-6.5315e+10
-6.53166e+10
-7.13315e+10
-6.97151e+10
-7.56157e+10
-6.64345e+10
1.79796e+11
-6.95228e+10
-6.9134e+10
-7.34423e+10
-6.53148e+10
-6.53079e+10
-4.32467e+10
-6.52248e+10
-7.14087e+10
-6.64366e+10
-6.53155e+10
-6.63692e+10
-6.63836e+10
-6.17277e+10
2.32819e+11
-7.05766e+10
-6.53155e+10
-7.08976e+10
1.80019e+11
-6.66259e+10
-6.72066e+10
-6.73311e+10
-6.53143e+10
-6.65189e+10
-7.07596e+10
-6.67703e+10
-6.39833e+10
-6.64582e+10
-6.53156e+10
-6.64724e+10
-6.53133e+10
-6.95244e+10
-7.10246e+10
-7.52042e+10
-6.65539e+10
-6.64264e+10
-6.65571e+10
-6.53167e+10
-6.4985e+10
-7.26015e+10
-6.63972e+10
-6.50498e+10
-6.63526e+10
-6.50501e+10
-6.52277e+10
-6.64391e+10
-6.49844e+10
-6.74021e+10
-6.92837e+10
-6.64764e+10
-6.88512e+10
-6.63675e+10
-6.53161e+10
-6.49108e+10
-6.81678e+10
-6.6782e+10
-7.19663e+10
-6.49117e+10
-7.00643e+10
-6.93111e+10
-8.29982e+10
-6.50649e+10
-6.63855e+10
-6.64494e+10
-7.22734e+10
-6.64555e+10
-6.53187e+10
-6.5317e+10
-6.53163e+10
-6.53101e+10
-6.55063e+10
-6.5316e+10
-6.53165e+10
-6.64478e+10
-6.6321e+10
-6.53167e+10
-6.6357e+10
-6.64052e+10
-6.53174e+10
-6.64465e+10
-6.63703e+10
-6.74294e+10
-6.63546e+10
-6.80854e+10
-6.63717e+10
-7.33576e+10
-6.52873e+10
-6.14229e+10
-6.63765e+10
-6.64159e+10
-7.31813e+10
-6.53178e+10
-6.64029e+10
-6.64512e+10
-6.65527e+10
-6.6564e+10
-6.65572e+10
-6.53168e+10
-6.53166e+10
-6.67861e+10
-6.53145e+10
-6.53165e+10
-6.38886e+10
-7.00003e+10
-6.53166e+10
-6.64214e+10
-6.53155e+10
-6.59768e+10
-6.76801e+10
-6.53276e+10
-6.64272e+10
-6.60332e+10
-7.78946e+10
-6.98545e+10
-6.93335e+10
-6.9727e+10
-6.97098e+10
-6.94168e+10
-6.99077e+10
-6.64461e+10
-6.83323e+10
-6.6416e+10
-6.86832e+10
-6.53166e+10
-6.94671e+10
-6.53166e+10
-6.51528e+10
-6.71261e+10
-6.67745e+10
-6.68052e+10
-6.52998e+10
-6.66102e+10
-6.91089e+10
-6.8909e+10
-6.53166e+10
-6.53166e+10
-6.53166e+10
-6.53164e+10
-6.53163e+10
-6.53163e+10
-6.66234e+10
-6.66141e+10
-6.30295e+10
-6.12115e+10
-6.29893e+10
-6.2942e+10
-7.51193e+10
-8.42679e+10
-7.97937e+10
-7.69429e+10
-8.17445e+10
-7.63851e+10
-8.31978e+10
-7.69153e+10
-3.67901e+10
-3.67507e+10
-7.17935e+10
-7.97094e+10
1.80488e+11
-9.28194e+10
-1.91648e+11
-1.50084e+11
-1.80182e+11
-9.97945e+10
-9.37273e+10
-1.46007e+11
-1.03439e+11
-6.65498e+10
-6.63287e+10
-6.62963e+10
-6.63485e+10
-6.90906e+10
-6.53165e+10
-6.90863e+10
-6.53872e+10
-6.76799e+10
-6.91548e+10
-6.53781e+10
-6.53165e+10
-6.53141e+10
-6.53166e+10
-6.53184e+10
-6.53155e+10
-6.5314e+10
-6.53162e+10
-6.53156e+10
-6.5316e+10
-6.53159e+10
-6.53162e+10
-6.53162e+10
-6.53184e+10
-6.53162e+10
-6.53366e+10
-6.53379e+10
-6.5326e+10
-6.53171e+10
-6.53107e+10
-6.53167e+10
-6.53087e+10
-6.53108e+10
-6.53165e+10
-6.50706e+10
-6.50744e+10
-6.63606e+10
-6.63536e+10
-6.63165e+10
-6.63494e+10
-6.63363e+10
-6.63645e+10
-6.63931e+10
-6.63926e+10
-6.64123e+10
-6.64116e+10
-6.63776e+10
-6.64081e+10
-6.64153e+10
-6.64148e+10
-6.64079e+10
-6.64151e+10
-6.64155e+10
-6.64175e+10
-6.64176e+10
-6.64177e+10
-6.64282e+10
-6.64314e+10
-6.64267e+10
-6.64314e+10
-6.64319e+10
-6.64307e+10
-6.64411e+10
-6.64405e+10
-6.64692e+10
-6.64448e+10
-6.64679e+10
-6.65018e+10
-6.64788e+10
-6.65113e+10
-6.66348e+10
-6.69566e+10
-6.68982e+10
-6.70156e+10
-6.72583e+10
-6.73622e+10
-6.77212e+10
-6.81125e+10
-7.1641e+10
-7.26546e+10
-7.11326e+10
-7.16938e+10
-7.2749e+10
-7.17952e+10
-7.34632e+10
-7.3572e+10
-7.34935e+10
-7.5479e+10
-7.55466e+10
-7.45438e+10
-7.93743e+10
-7.66618e+10
-8.79938e+10
-1.78851e+10
-3.03e+10
-2.3977e+10
-7.62356e+10
-6.53082e+10
-9.79944e+10
-9.85451e+10
-2.73808e+10
-2.77444e+10
-2.64863e+10
-3.95831e+10
-3.91411e+10
-3.97656e+10
-4.45634e+09
-5.6739e+10
-4.29984e+10
-1.84349e+10
-1.64843e+10
-1.79768e+10
-5.81145e+10
-2.28272e+10
-5.35539e+10
-7.33314e+10
-7.27316e+10
-6.78071e+10
-6.78518e+10
-6.78723e+10
-6.94921e+10
-7.06887e+10
-6.95267e+10
-6.94912e+10
-6.96616e+10
-6.99548e+10
-8.13322e+10
-7.04459e+10
-7.00892e+10
-7.17076e+10
-7.13526e+10
-7.13304e+10
-7.13862e+10
-6.97136e+10
-7.12174e+10
-6.94047e+10
-6.98612e+10
-6.95583e+10
-6.95118e+10
-7.10958e+10
-7.10871e+10
-7.68621e+10
-7.11507e+10
-6.23096e+10
-6.9519e+10
-6.79754e+10
-6.80322e+10
-6.94007e+10
-6.9509e+10
-6.91519e+10
-6.92392e+10
-6.83647e+10
-6.9198e+10
-6.65558e+10
-6.68265e+10
-6.68424e+10
-6.73723e+10
-6.78589e+10
-6.76183e+10
-6.72902e+10
-6.7362e+10
-6.7269e+10
-6.7281e+10
-6.83959e+10
-6.83804e+10
-6.74764e+10
-6.8389e+10
-6.84429e+10
-6.75018e+10
-6.84528e+10
-6.52522e+10
-6.38049e+10
-6.52436e+10
-6.37902e+10
-6.37715e+10
-6.37073e+10
-6.51773e+10
-6.31362e+10
-6.26417e+10
-6.53399e+10
-6.30273e+10
-6.33279e+10
-6.54683e+10
-6.41051e+10
-6.42849e+10
-6.68933e+10
-6.67279e+10
-6.66474e+10
-6.65927e+10
-6.66178e+10
-6.66064e+10
-6.66112e+10
-6.66071e+10
-6.66001e+10
-6.66126e+10
-6.66154e+10
-6.66011e+10
-6.66e+10
-6.66143e+10
-6.66016e+10
-6.65705e+10
-6.65827e+10
-6.6566e+10
-6.66028e+10
-6.65817e+10
-6.65738e+10
-6.65246e+10
-6.65207e+10
-6.65072e+10
-6.64794e+10
-6.64745e+10
-6.6482e+10
-6.64756e+10
-6.63935e+10
-6.639e+10
-6.6391e+10
-6.64465e+10
-6.64626e+10
-6.51486e+10
-6.51489e+10
-6.51577e+10
-6.51595e+10
-6.51544e+10
-6.51531e+10
-6.51417e+10
-6.51947e+10
-6.51765e+10
-6.51758e+10
-6.51776e+10
-6.52253e+10
-6.52454e+10
-6.52939e+10
-6.52778e+10
-6.53187e+10
-6.55211e+10
-6.52192e+10
-6.5318e+10
-6.5318e+10
-6.5318e+10
-6.53201e+10
-6.5318e+10
-6.53159e+10
-6.53166e+10
-6.53163e+10
-6.5312e+10
-6.5312e+10
-6.53163e+10
-6.53165e+10
-6.53165e+10
-6.53166e+10
-6.53166e+10
-6.53166e+10
-6.53166e+10
-6.76251e+10
-6.53165e+10
-6.53165e+10
-6.53164e+10
-6.53164e+10
-6.53164e+10
-6.53148e+10
-6.53148e+10
-6.53162e+10
-6.5316e+10
-6.53193e+10
-6.53094e+10
-6.53166e+10
-6.53107e+10
-6.50841e+10
-6.5082e+10
-6.52915e+10
-6.51611e+10
-6.64082e+10
-6.64303e+10
-6.64406e+10
-6.64438e+10
-6.6469e+10
-6.88653e+10
-7.41892e+10
-7.56094e+10
-2.35722e+10
-1.91857e+11
-2.43091e+10
-9.73957e+10
-2.52972e+10
-3.70056e+09
-2.69401e+10
-1.49478e+10
-1.57674e+10
-7.20526e+10
-6.51301e+10
-7.04455e+10
-7.99294e+10
-8.10179e+10
-7.16273e+10
-7.13949e+10
-8.14478e+10
-6.68257e+10
-6.97051e+10
-6.3791e+10
-6.93812e+10
-6.93725e+10
-6.84038e+10
-6.74826e+10
-6.73909e+10
-6.72995e+10
-6.75818e+10
-6.68942e+10
-6.76517e+10
-6.84938e+10
-6.84541e+10
-6.84602e+10
-6.52275e+10
-6.35619e+10
-6.37775e+10
-6.47747e+10
-6.37639e+10
-6.52421e+10
-6.69794e+10
-6.68941e+10
-6.65938e+10
-6.66127e+10
-6.66053e+10
-6.6585e+10
-6.65999e+10
-6.65773e+10
-6.65119e+10
-6.65696e+10
-6.64868e+10
-6.64755e+10
-6.64761e+10
-6.65038e+10
-6.64715e+10
-6.6391e+10
-6.64388e+10
-6.63916e+10
-6.51481e+10
-6.51418e+10
-6.51972e+10
-6.52442e+10
-6.52596e+10
-6.55044e+10
-6.52299e+10
-6.53183e+10
-6.53201e+10
-6.53178e+10
-6.53171e+10
-6.53172e+10
-6.53167e+10
-6.5158e+10
-6.53166e+10
-6.53166e+10
-6.53166e+10
-6.53165e+10
-6.53166e+10
-6.53165e+10
-6.53165e+10
-6.53164e+10
-6.53164e+10
-6.53159e+10
-6.53153e+10
-6.53155e+10
-6.53156e+10
-6.53157e+10
-6.53156e+10
-6.53156e+10
-6.53156e+10
-6.53157e+10
-6.53161e+10
-6.5316e+10
-6.53159e+10
-6.5316e+10
-6.53161e+10
-6.53162e+10
-6.53162e+10
-6.53162e+10
-6.53163e+10
-6.53164e+10
-6.53163e+10
-6.53165e+10
-6.53167e+10
-6.53167e+10
-6.53173e+10
-6.53168e+10
-6.5319e+10
-6.53193e+10
-6.53178e+10
-6.53182e+10
-6.53177e+10
-6.53158e+10
-6.5318e+10
-6.53175e+10
-6.53091e+10
-6.63424e+10
-6.63739e+10
-6.63623e+10
-6.6387e+10
-6.63867e+10
-6.63701e+10
-6.63616e+10
-6.63619e+10
-6.63589e+10
-6.63581e+10
-6.63573e+10
-6.63566e+10
-6.63168e+10
-6.63581e+10
-6.64104e+10
-6.64187e+10
-6.64189e+10
-6.64218e+10
-6.64279e+10
-6.64186e+10
-6.64276e+10
-6.64416e+10
-6.64308e+10
-6.64414e+10
-6.64807e+10
-6.65102e+10
-6.65205e+10
-6.65621e+10
-6.65663e+10
-6.65909e+10
-6.65769e+10
-6.65866e+10
-6.66091e+10
-6.66272e+10
-6.66234e+10
-6.66265e+10
-6.666e+10
-6.66668e+10
-6.66398e+10
-6.66854e+10
-6.67465e+10
-6.67286e+10
-6.68467e+10
-6.68637e+10
-6.6885e+10
-6.69883e+10
-6.698e+10
-6.70349e+10
-6.70471e+10
-6.70151e+10
-6.71042e+10
-6.71202e+10
-6.71182e+10
-6.72395e+10
-6.72797e+10
-6.72857e+10
-6.79569e+10
-6.78333e+10
-6.79088e+10
-6.81115e+10
-6.71063e+10
-6.65049e+10
-6.61553e+10
-6.67489e+10
-6.61557e+10
-7.37257e+10
-7.99443e+10
-8.08569e+10
-7.71173e+10
-7.14605e+10
-7.51744e+10
-7.14909e+10
-7.00131e+10
-7.03184e+10
-7.01032e+10
-6.83828e+10
-6.96043e+10
-6.85966e+10
-6.82611e+10
-6.77744e+10
-5.9173e+10
-6.87453e+10
-6.91758e+10
-6.91059e+10
-6.86104e+10
-6.90217e+10
-6.87809e+10
-6.87415e+10
-6.90749e+10
-7.05229e+10
-6.91015e+10
-6.95963e+10
-7.03813e+10
-7.25932e+10
-7.20174e+10
-7.22219e+10
-8.33626e+10
-8.34571e+10
-8.5916e+10
-7.07252e+10
-6.9694e+10
-6.9484e+10
-6.95603e+10
-7.09925e+10
-7.10095e+10
-6.99136e+10
-6.99314e+10
-6.96703e+10
-6.94767e+10
-6.93138e+10
-7.0981e+10
-7.13982e+10
-6.53078e+10
-7.04651e+10
-7.06363e+10
-7.05743e+10
-7.0612e+10
-7.12472e+10
-6.76879e+10
-6.72858e+10
-6.7765e+10
-6.68526e+10
-6.92389e+10
-6.94511e+10
-6.91797e+10
-6.92862e+10
-6.75386e+10
-6.75957e+10
-6.71867e+10
-6.74643e+10
-6.74444e+10
-6.75382e+10
-6.75157e+10
-6.75506e+10
-6.75798e+10
-6.74746e+10
-6.75833e+10
-6.73333e+10
-6.72879e+10
-6.74029e+10
-6.72844e+10
-6.53081e+10
-6.7336e+10
-6.83683e+10
-6.74932e+10
-6.59798e+10
-6.51463e+10
-6.38298e+10
-6.51014e+10
-6.49455e+10
-6.59999e+10
-6.44284e+10
-6.50172e+10
-6.54483e+10
-6.51535e+10
-6.61435e+10
-6.61507e+10
-6.60942e+10
-6.52476e+10
-6.69842e+10
-6.71457e+10
-6.68198e+10
-6.68554e+10
-6.68141e+10
-6.67297e+10
-6.67411e+10
-6.67696e+10
-6.66949e+10
-6.66743e+10
-6.66838e+10
-6.66736e+10
-6.66635e+10
-6.66634e+10
-6.66555e+10
-6.66463e+10
-6.66421e+10
-6.66478e+10
-6.6619e+10
-6.66093e+10
-6.65965e+10
-6.66121e+10
-6.66001e+10
-6.65894e+10
-6.65822e+10
-6.65566e+10
-6.65578e+10
-6.65507e+10
-6.65465e+10
-6.65398e+10
-6.65411e+10
-6.65162e+10
-6.65269e+10
-6.59832e+10
-6.64878e+10
-6.64028e+10
-6.64576e+10
-6.5131e+10
-6.51421e+10
-6.51312e+10
-6.53159e+10
-6.53151e+10
-6.53161e+10
-6.53133e+10
-6.5318e+10
-6.53192e+10
-6.53227e+10
-6.52318e+10
-6.55157e+10
-6.53167e+10
-6.59963e+10
-6.53166e+10
-6.53165e+10
-6.53167e+10
-6.53166e+10
-6.53166e+10
-6.53166e+10
-6.53167e+10
-6.92159e+10
-6.53166e+10
-6.53166e+10
-6.53166e+10
-6.53166e+10
-6.53165e+10
-6.53165e+10
-6.53162e+10
-6.53161e+10
-6.53161e+10
-6.53161e+10
-6.53161e+10
-6.5316e+10
-1.56925e+11
-7.04558e+10
-7.085e+10
-6.64001e+10
-6.63928e+10
-6.63895e+10
-6.5316e+10
-6.5316e+10
-6.5316e+10
-6.5316e+10
-6.53156e+10
-6.5316e+10
-6.53161e+10
-6.53161e+10
-6.53162e+10
-6.53162e+10
-6.53163e+10
-6.53163e+10
-6.53163e+10
-6.53165e+10
-6.53166e+10
-6.53164e+10
-6.53166e+10
-6.53165e+10
-6.53167e+10
-6.61019e+10
-6.53167e+10
-6.53168e+10
-6.53168e+10
-6.53175e+10
-6.53179e+10
-6.53178e+10
-6.53179e+10
-6.53191e+10
-6.5294e+10
-6.53094e+10
-6.6311e+10
-6.63673e+10
-6.63705e+10
-6.63703e+10
-6.63868e+10
-6.63818e+10
-6.63862e+10
-6.63859e+10
-6.63842e+10
-6.63703e+10
-6.636e+10
-6.782e+10
-6.76476e+10
-6.88136e+10
-6.76678e+10
-6.59965e+10
-6.63924e+10
-6.63957e+10
-6.64234e+10
-6.64101e+10
-6.64306e+10
-6.64264e+10
-6.64307e+10
-6.64267e+10
-6.64334e+10
-6.64342e+10
-6.64722e+10
-6.64477e+10
-6.65052e+10
-6.65052e+10
-6.65138e+10
-6.65207e+10
-6.65355e+10
-6.65429e+10
-6.65515e+10
-6.65505e+10
-6.65516e+10
-6.6547e+10
-6.65579e+10
-6.65592e+10
-6.65633e+10
-6.65595e+10
-6.6623e+10
-6.66376e+10
-6.66045e+10
-6.65621e+10
-6.6629e+10
-6.66663e+10
-6.66204e+10
-6.6688e+10
-6.69513e+10
-6.67055e+10
-6.67061e+10
-6.67097e+10
-6.76287e+10
-6.70126e+10
-6.67201e+10
-6.6723e+10
-6.6717e+10
-6.67291e+10
-6.67432e+10
-6.6747e+10
-6.67461e+10
-6.69447e+10
-6.71288e+10
-6.80028e+10
-6.68479e+10
-6.73812e+10
-6.99101e+10
-7.00064e+10
-6.72737e+10
-6.63432e+10
-6.73835e+10
-6.69437e+10
-6.81697e+10
-6.53485e+10
-6.96059e+10
-7.41551e+10
-7.51785e+10
-6.85539e+10
-7.47648e+10
-7.53751e+10
-7.69044e+10
-7.60434e+10
-7.49845e+10
-7.29637e+10
-7.47837e+10
-6.77968e+10
-6.80726e+10
-6.83285e+10
-6.91662e+10
-6.87768e+10
-6.89389e+10
-6.90159e+10
-6.88804e+10
-6.88275e+10
-6.84526e+10
-5.91338e+10
-6.87648e+10
-6.87082e+10
-6.86459e+10
-6.88302e+10
-6.90443e+10
-6.87163e+10
-6.87436e+10
-6.87833e+10
-6.91622e+10
-6.8875e+10
-6.87409e+10
-6.86557e+10
-6.87349e+10
-6.96797e+10
-6.90037e+10
-6.97679e+10
-7.28387e+10
-7.03686e+10
-7.00496e+10
-7.20615e+10
-8.70298e+10
-7.69677e+10
-7.04443e+10
-7.0754e+10
-7.07161e+10
-7.04546e+10
-6.94797e+10
-6.93689e+10
-6.95093e+10
-6.96089e+10
-6.96121e+10
-6.96316e+10
-6.95765e+10
-6.96126e+10
-6.91346e+10
-6.92516e+10
-6.92715e+10
-6.94424e+10
-6.92713e+10
-6.90534e+10
-6.90932e+10
-6.94451e+10
-6.89848e+10
-6.94966e+10
-6.94418e+10
-6.98889e+10
-7.08126e+10
-6.93226e+10
-7.00241e+10
-6.78725e+10
-7.07413e+10
-6.69068e+10
-6.79551e+10
-6.73921e+10
-6.78267e+10
-6.76917e+10
-6.77387e+10
-6.71234e+10
-6.77207e+10
-6.775e+10
-6.74462e+10
-6.75957e+10
-6.76714e+10
-6.76872e+10
-6.7464e+10
-6.75028e+10
-6.74012e+10
-6.75052e+10
-6.72198e+10
-6.71206e+10
-6.70695e+10
-6.65251e+10
-6.61916e+10
-6.5931e+10
-6.56954e+10
-6.52852e+10
-6.58245e+10
-6.55609e+10
-6.61177e+10
-6.61179e+10
-6.6416e+10
-6.6353e+10
-6.70744e+10
-6.70324e+10
-6.69518e+10
-6.60243e+10
-6.71948e+10
-6.71814e+10
-6.72184e+10
-6.71778e+10
-6.68228e+10
-6.68037e+10
-6.70451e+10
-6.67789e+10
-6.67942e+10
-6.67276e+10
-6.67001e+10
-6.66971e+10
-6.66835e+10
-6.67062e+10
-6.66855e+10
-6.66871e+10
-6.66914e+10
-6.66774e+10
-6.66803e+10
-6.66566e+10
-6.66784e+10
-6.66737e+10
-6.66476e+10
-6.66672e+10
-6.66072e+10
-6.66138e+10
-6.66067e+10
-6.66492e+10
-6.65928e+10
-6.74765e+10
-6.65789e+10
-6.65865e+10
-6.65977e+10
-6.65642e+10
-6.65603e+10
-6.65583e+10
-6.65626e+10
-6.65541e+10
-6.65582e+10
-6.65591e+10
-6.65465e+10
-6.65502e+10
-6.65441e+10
-6.6543e+10
-6.65431e+10
-6.65431e+10
-6.65324e+10
-6.65077e+10
-6.64918e+10
-6.6526e+10
-6.64916e+10
-6.63957e+10
-6.5319e+10
-6.53579e+10
-6.53188e+10
-6.53175e+10
-6.53135e+10
-6.53202e+10
-6.5317e+10
-6.53196e+10
-6.53207e+10
-6.5321e+10
-6.53264e+10
-6.53875e+10
-6.53178e+10
-6.53178e+10
-6.53172e+10
-6.53171e+10
-6.53168e+10
-6.53167e+10
-6.53167e+10
-6.53167e+10
-6.53166e+10
-6.53167e+10
-6.53166e+10
-6.53167e+10
-6.53166e+10
-6.53165e+10
-6.53164e+10
-6.53164e+10
-6.53165e+10
-6.53162e+10
-6.53162e+10
-6.53161e+10
-6.53162e+10
-6.53162e+10
-6.81992e+10
-6.7429e+10
-7.1207e+10
-7.08046e+10
-7.12388e+10
-7.11811e+10
-7.20418e+10
-7.14037e+10
-7.1653e+10
-6.64077e+10
-6.64069e+10
-6.891e+10
-6.64019e+10
-6.64054e+10
-6.64167e+10
-6.63762e+10
-6.63945e+10
-6.63788e+10
-6.53161e+10
-6.53161e+10
-6.53161e+10
-6.53161e+10
-6.53177e+10
-6.53195e+10
-6.53179e+10
-6.53192e+10
-6.88879e+10
-6.88593e+10
-6.88793e+10
-6.89136e+10
-6.90506e+10
-6.53163e+10
-6.53163e+10
-6.53161e+10
-6.53162e+10
-6.53164e+10
-6.53164e+10
-6.53165e+10
-6.53163e+10
-6.53165e+10
-6.53166e+10
-6.53166e+10
-6.53165e+10
-6.53168e+10
-6.53169e+10
-6.53168e+10
-6.53171e+10
-6.53179e+10
-6.63944e+10
-6.63864e+10
-6.63864e+10
-6.6381e+10
-6.74416e+10
-6.76365e+10
-6.77689e+10
-6.71832e+10
-6.64104e+10
-6.64083e+10
-6.64157e+10
-6.6427e+10
-6.64272e+10
-6.64246e+10
-6.64366e+10
-6.64267e+10
-6.64444e+10
-6.64439e+10
-6.64401e+10
-6.64484e+10
-6.64476e+10
-6.64524e+10
-6.65003e+10
-6.65076e+10
-6.65585e+10
-6.65674e+10
-6.65903e+10
-6.65696e+10
-6.66341e+10
-6.66723e+10
-6.66511e+10
-6.66696e+10
-6.6711e+10
-6.66851e+10
-6.66945e+10
-6.68001e+10
-6.6799e+10
-6.68203e+10
-6.53161e+10
-6.53161e+10
-6.76577e+10
-6.76079e+10
-6.74373e+10
-6.79629e+10
-6.78199e+10
-6.80168e+10
-7.04592e+10
-7.04461e+10
-6.99861e+10
-7.41594e+10
-7.39021e+10
-7.40568e+10
-7.46059e+10
-7.19223e+10
-7.48112e+10
-6.93142e+10
-6.79017e+10
-6.9747e+10
-6.99142e+10
-6.89333e+10
-6.86298e+10
-6.89696e+10
-6.8745e+10
-6.90164e+10
-6.90068e+10
-6.87706e+10
-6.88684e+10
-6.91156e+10
-6.9488e+10
-6.98488e+10
-6.92813e+10
-6.93334e+10
-6.95303e+10
-6.91458e+10
-6.94479e+10
-6.72238e+10
-6.69626e+10
-6.72472e+10
-6.89755e+10
-6.90502e+10
-6.89265e+10
-6.88704e+10
-6.89505e+10
-6.8997e+10
-6.92934e+10
-6.79566e+10
-6.75663e+10
-6.76702e+10
-6.74937e+10
-6.70623e+10
-6.6162e+10
-6.70018e+10
-6.71323e+10
-6.53179e+10
-6.53202e+10
-6.53174e+10
-6.53172e+10
-6.53174e+10
-6.53171e+10
-6.53171e+10
-6.53167e+10
-6.53169e+10
-6.53167e+10
-6.53166e+10
-6.53166e+10
-6.53166e+10
-6.53165e+10
-6.53164e+10
-6.88251e+10
-6.79347e+10
-6.95394e+10
-6.79243e+10
-6.63891e+10
-6.53164e+10
-6.77735e+10
-6.61816e+10
-6.53199e+10
-6.75948e+10
-6.91984e+10
-6.91358e+10
-6.5317e+10
-6.53168e+10
-6.88805e+10
-6.89162e+10
-6.89483e+10
-6.88571e+10
-6.69923e+10
-6.76515e+10
-6.75837e+10
-6.76313e+10
-6.53121e+10
-6.61795e+10
-6.65262e+10
-6.65402e+10
-6.64516e+10
-6.53177e+10
-6.53115e+10
-6.53214e+10
-6.53166e+10
-6.53166e+10
-6.53161e+10
-6.60452e+10
-6.63887e+10
-6.53164e+10
-6.53167e+10
-6.53179e+10
-6.6573e+10
-6.66416e+10
-6.53163e+10
-6.68763e+10
-6.70283e+10
-7.23101e+10
-6.88966e+10
-6.90875e+10
-6.89883e+10
-6.80377e+10
-6.61069e+10
-6.70412e+10
-7.10462e+10
-7.08177e+10
-7.1167e+10
-6.76723e+10
-6.77563e+10
-6.77197e+10
-6.754e+10
-6.71549e+10
-6.65603e+10
-6.65631e+10
-6.65369e+10
-6.53167e+10
-6.53205e+10
-6.53196e+10
-6.53164e+10
-6.53162e+10
-6.80448e+10
-6.86569e+10
-6.53181e+10
-6.77419e+10
-6.66753e+10
-6.65676e+10
-6.53165e+10
-6.65485e+10
-6.74667e+10
-6.89165e+10
-6.93107e+10
-6.53163e+10
-6.53164e+10
-6.74559e+10
-6.53162e+10
-6.53162e+10
-6.36393e+10
-8.53019e+10
-3.68872e+10
-6.53162e+10
-9.22511e+10
-9.36443e+10
-6.63371e+10
-6.53164e+10
-6.5383e+10
-6.92203e+10
-6.53167e+10
-6.5317e+10
-6.6412e+10
-6.53167e+10
-6.64307e+10
-6.53167e+10
-7.44012e+10
-2.53901e+10
-6.53572e+10
-6.5995e+10
-7.11926e+10
-6.80641e+10
-6.83501e+10
-6.81337e+10
-6.73365e+10
-6.34811e+10
-6.65957e+10
-6.65363e+10
-6.65957e+10
-6.65491e+10
-6.65618e+10
-6.65947e+10
-6.64723e+10
-6.64779e+10
-6.63878e+10
-6.51589e+10
-6.66702e+10
-6.51569e+10
-6.51612e+10
-6.51968e+10
-6.52846e+10
-6.66894e+10
-6.52896e+10
-6.66973e+10
-6.53167e+10
-6.53162e+10
-6.51535e+10
-6.53165e+10
-6.53166e+10
-6.51631e+10
-6.53164e+10
-6.95212e+10
-6.60657e+10
-6.70259e+10
-6.65371e+10
-6.63866e+10
-6.52948e+10
-6.53211e+10
-6.53166e+10
-6.69454e+10
-6.53166e+10
-6.53136e+10
-6.5317e+10
-6.65199e+10
-6.69611e+10
-6.69891e+10
-7.26747e+10
-6.8848e+10
-6.92491e+10
-6.73042e+10
-6.7565e+10
-6.75748e+10
-6.54262e+10
-6.60673e+10
-6.67985e+10
-6.65394e+10
-6.64497e+10
-6.51306e+10
-6.53221e+10
-6.53213e+10
-6.5312e+10
-6.53166e+10
-6.76104e+10
-6.53161e+10
-6.53161e+10
-6.63906e+10
-6.53161e+10
-6.76501e+10
-6.53165e+10
-6.53167e+10
-6.64293e+10
-6.7586e+10
-6.6509e+10
-6.66172e+10
-6.66928e+10
-6.69225e+10
-6.70549e+10
-6.6905e+10
-7.07568e+10
-6.84561e+10
-6.8785e+10
-6.5316e+10
-6.5316e+10
-6.5316e+10
-6.5316e+10
-6.82085e+10
-6.84231e+10
-6.81973e+10
-6.81195e+10
)
;

boundaryField
{
    Wall
    {
        type            zeroGradient;
    }
    Inlet
    {
        type            zeroGradient;
    }
    Outlet
    {
        type            fixedValue;
        value           uniform 0;
    }
    Empty
    {
        type            empty;
    }
}


// ************************************************************************* //
