/*--------------------------------*- C++ -*----------------------------------*\
| =========                 |                                                 |
| \\      /  F ield         | OpenFOAM: The Open Source CFD Toolbox           |
|  \\    /   O peration     | Version:  2312                                  |
|   \\  /    A nd           | Website:  www.openfoam.com                      |
|    \\/     M anipulation  |                                                 |
\*---------------------------------------------------------------------------*/
FoamFile
{
    version     2.0;
    format      ascii;
    arch        "LSB;label=32;scalar=64";
    class       volScalarField;
    location    "4.5";
    object      p;
}
// * * * * * * * * * * * * * * * * * * * * * * * * * * * * * * * * * * * * * //

dimensions      [0 2 -2 0 0 0 0];

internalField   nonuniform List<scalar> 
2958
(
-104366
-48413
-7096.02
-127309
-45639.1
-5940.86
-92164.2
-114735
-22634
-113334
-102635
-96374.8
-111796
-96382.5
-106569
-103707
-45397.6
-112108
-96385
-106684
-95886.4
-44744.6
-95033.4
-120308
-111807
-106550
-83745.9
-139835
-103235
-103203
-106272
-44502.7
-95174.9
-19102.2
-111989
-95563.6
-96382.4
-95831.8
-106209
-123459
-261805
-102466
-90076.7
-104868
-96372.7
-35064.5
-102588
-38912.9
-117050
-118077
-103903
-75662.4
-138376
-103149
-104102
-112759
-124670
-120374
-105163
-123964
-107130
-106302
-102568
-103458
-96386.3
-96384.2
-103308
-63212.8
-74888.5
-111806
-44145.2
-96373.2
-40508.5
-105162
-96358.8
-97924.7
-107383
-102200
-96316.7
-103641
-111676
-45381.6
-143851
-144792
-106192
-104922
-44971.9
-105043
-61130
-96701.6
-109306
-7895.54
-101613
-96386.3
-36258.3
-5690.8
-110056
-128276
-96384.1
-96378.6
-126703
-105172
-24862.8
-37458
-97274.2
-97900.6
-96370.4
-117949
-96392
-12511.6
-164316
-103835
-96210.5
-112347
-96381.8
-96381.2
-104615
-104066
-44305.5
-104614
-109778
-96373.8
-101959
-66044.3
-111253
-106679
-110732
-45646.3
-104609
-96386.5
-96304.8
-96345.3
-104192
-96387.9
-96368.3
-96385.8
-113155
-105614
-96381.8
-96383
-106580
-46262
-95964.1
-96391.3
-104561
-42361
-96336.1
-96376.5
181051
-96375.7
-106675
-110542
-114717
-98858.4
-113254
-96412.2
-95617.2
-104536
-96879.4
-162120
-114804
-115728
-110066
-96378.5
-121659
-113657
-89500.8
-96382.4
-133055
-19398.4
-43818.9
-96370.7
-96792.3
-52184.5
-96407.6
-8224.31
-46822.1
-35886.6
-92648.7
-75658.4
-102334
-43263.7
-110732
-193745
-50541.7
-42069.2
-49367.5
-96391.9
-45019.3
-121055
-45342.1
-81263.5
41804.6
-120136
-57629.8
-102889
-47608.8
-44471.7
-103632
-318282
-118974
-96387.6
-104414
-44726.2
-116527
-334804
-101722
-341456
-43861.1
-119316
-96382.2
-96677.9
-96378.5
-39141.2
-96380.2
9611.13
-103389
-96383.3
-96384
-96382.5
-96367.3
-48946.2
-96671.4
-43036.5
-269168
-103706
-140600
-96384.1
-27432.9
-43806.2
-47030.4
-46771.5
218632
-45628.7
-103147
-96364.7
-96401.7
-104766
-96404.1
-75451.2
-96417
-76342.9
-119679
-139955
-106954
-131008
-82759.4
-112153
-103143
-105455
-117846
-109336
-105532
28475.9
-127019
-55143.7
-104099
163494
-106681
-45434.8
-104154
-96123.5
-46580.5
-85324.7
-109155
-102895
-116083
-105735
-103723
-95344.8
-96381.9
-43901.8
-104401
-96368.8
-38191.7
-105715
-96385.5
-43507.7
-96387
-41480.1
-96381.8
-96466.6
-108957
-105173
-46108.5
-96379.7
-99783.3
-148335
-171346
-102522
-119543
-48540
-96380.1
-96376.5
-130738
42619.9
-96382.6
-104067
-96382.8
-122957
-117372
-45494.6
157167
10012.3
-106806
-28157.8
-133959
-96089.6
-104192
-104549
-96392.2
-104555
-103197
-96384.3
-38205.6
-268053
-46866.6
-95290.4
-42454.2
-106087
-43083
-45397
-106028
-77589.4
-17386.5
-95354.2
-103817
-96443.2
-166360
-103400
-44813.9
-121857
-96371.8
-96381.9
-13479
-96381.8
10527.8
-128219
12520.2
-96390.6
-105189
4172.77
-44430.8
-45305.4
-96392.7
-46765.2
-96393.4
-92368.8
-108022
-106590
-150431
-106801
-47687.1
-108783
-61251.7
-104309
-96382.6
-106428
-61844.6
-104872
-105058
-104835
-115472
-57353.4
-110644
-44196.5
-95336.4
-148251
-122015
-43747.7
-124620
-45763.2
-96382.3
-117940
-103892
-32411.8
-103966
-119840
-44902
-44675.9
-107121
-101759
-96297.7
-106220
-45722
-96635.9
-106480
-44608.6
-95449.9
-96332.5
-110573
-96382.5
-95832.6
-44835.4
-102454
85703.4
-102970
-96382.2
-96373.9
-44145.4
-105467
-103922
-43200.4
-125288
-103670
-104528
-57318.8
-105048
-104771
-107896
-106160
-111695
-102619
-43559.1
34168.3
-43865.3
-46141.8
-113736
-104934
-104937
-96372.9
-99519.8
-41181.5
-100650
-108146
-95504.1
191613
-108039
-104301
-43791.9
-45808.7
-104481
-40578.7
-122151
-120963
-45384.8
-41625.9
-119954
-106768
-96386.9
-42999.2
-40032.4
-104102
-109595
40435.1
-98951.5
-96480.9
-31204.5
-96411.3
-45163.3
-96403.2
-46139.3
-112111
-56637.9
-106383
-111161
-96381.7
-104491
-42393.9
-96382.4
-46105.8
-126920
-107696
-112077
-104369
-94576.7
-28390.1
-99697.2
-104292
-87909.1
-112538
-96375.2
-117303
-33067.2
-104145
-44257.6
-101680
-45280.5
-9866.15
-103306
-111821
-34572.6
-96385.9
-101856
-48393.9
-106375
-108042
-101524
-13473.5
-104107
8908.71
-48122.7
-120350
-105810
-43697
-103469
-124183
-96391.6
-96429
-96408.3
-45859.3
-96392.7
-96385.9
-106444
-112383
-96380.4
-133337
-60075.2
-112407
-108942
-96265.7
-96383.6
-105028
-96382
-103634
-103657
-22617.3
-126950
-44191.5
-107263
-96654.6
-44724.1
-104998
76247.3
-103933
-103935
-23170.3
-96090.3
-103238
-113117
-103217
-96696.6
-34395.8
-96357.2
-102182
-95518.1
-49009
-47870.2
-106587
-103167
-104374
-103937
-96375.6
-103313
-96428
-101916
-103138
-95110.2
-96381.1
-36567.2
-96366.6
-96379.6
-43504.2
-105057
367485
-108952
-104367
-104335
-102838
-115825
-105317
-59966.9
-102861
-104717
-104547
-103921
-96387.1
-104264
-73951.5
-104142
-105303
-105154
-96393.1
-96376.2
-96704.3
-20615.9
-96412.9
-108896
-96384.4
-110026
-45081
-38096.6
-99843.2
-60632
-107051
-96047.7
-96405.7
-96379.1
-41588.8
-117483
-96382.3
-96384.6
-106916
-110959
-95516.3
-123789
-104036
-119661
-104840
-104803
-96372.4
-105890
-96603
-106557
75106.5
-104693
-128266
-112303
-94088
-96382
-103953
-117441
-96387.5
-96382
-103013
-116467
-97416.5
-56104.9
-96372.3
-115609
-104005
-123500
-104385
-42706.9
-106210
-96300.5
-47949.3
-105289
-103843
-96383.4
-110581
-96384
-44031.1
-96382.5
-104271
-103428
-96819.2
-36441.1
-106195
-98813.8
-96426.1
-104683
-126892
-96790.5
-104839
-128317
-6844.5
-96348
-103140
-96380.6
-96391.6
-109904
-115361
5501.24
-110471
-44389
-48161.8
-94023.9
-66988.1
-40308.9
-46172.7
-94097.2
-96337.6
-96238
-104949
-96388.5
-42832.4
-96409.2
-104986
-102530
-44162
-45796.3
-113027
-175216
115390
-63760.7
-103995
-133319
-96350.5
-96379.8
-45672.3
-106363
-96379.3
177091
-96388.9
-44360.5
-43302.9
-103812
-105767
-51764.6
-103819
-64340.6
-106697
-106786
-104349
-95544.2
-153469
-105438
-104705
-96294.3
-96382.1
-106018
-103456
-89983
-106059
-102498
-46511.4
-140745
-118624
-45138.6
-46720.4
-45817.2
-46506.5
-105061
-107861
-113096
-116212
-104113
-118938
-45452.7
-84701.6
-96335.2
-44303.3
-106357
-96393.1
-54814.9
-96387
-241268
-96775.6
-96347.5
-107448
-164219
-95709.4
-58671.1
-87787.7
-115554
-104470
-103041
-95886.9
-107469
-104345
-100494
-226053
-106305
-104687
-95575.5
-111191
-97866.6
-37851.1
-113447
-128726
-103128
-96373.9
-150275
-86008.7
-89496.4
-104206
-106083
-126284
-100667
-96380.3
-96385.2
-96380.5
-110612
-43160.8
-96383.9
-104196
-96383
-110830
-96205.9
-96570.9
-64466.2
-339724
-106935
-96383.8
-96384.5
-115357
-106791
-96377.3
-96382.3
-40732.1
-96382.7
-126566
-106624
-96732.4
-44447.6
-104291
-96361.3
-51155.4
-104599
-105080
-110192
-104430
-108325
-76024
-45204.4
-95459.2
-103289
-106236
-105456
-27364.6
-96406.7
-106439
-117894
-105103
-115122
-105476
-94781.1
-48215.8
-116224
-42553.9
-93443
-113548
-96385.1
-101227
-108010
-46277.8
-104991
-78864.6
-138920
-111669
-103581
-111383
-88321.1
-103832
-76470.4
-103296
-106787
-77090
-106212
-51135
-104888
-104668
-164964
-104714
-55337
-143056
-96383.4
-155734
-102926
-108932
-106381
-96391.8
-95776.1
-96371.8
-102825
-106309
-83353.5
-105057
-106765
-105051
-105459
-114065
-21632.4
-56135.9
-137044
-44484.8
-96393.3
-112264
-137448
-44497.4
-30016.7
-118320
-103145
-118817
-83199.1
-47270.7
-114149
-96506.3
-101638
-119570
-96379
-53379.3
-179045
-134214
367368
-44987.6
-96383.5
-95767.5
-103628
-96381.6
-96381
-96380.9
-44068.6
-104712
-117236
-45330.4
-92080.6
-103209
-65210.3
-172425
-104261
-43817.8
-96383.5
-43987.2
-118173
-103832
-111777
-43972
-116691
5747.51
-225592
-96382.8
-114124
-43613.9
-50240.2
-44261.6
-19989.8
-44910.1
-96337.4
-111576
-49643.2
-100952
-42297.4
-120191
-43566.4
-120071
-96755.1
-42337.3
-102503
-43717.9
27186.2
-26282.3
-104114
-100852
-43918
-43917.7
-103190
201768
-52621.4
-64406.9
-116688
-65637.9
-100848
-103022
-51071.4
-104173
-44147.5
-103199
-44991
-105250
-43489.4
-96381.6
-104198
-105049
-45936.2
-110336
-116962
-115459
-43051
-110893
178347
-102887
-156666
-106277
-42410.3
-103102
-101536
-95814.3
-96379.6
-96385.4
-45777.2
-45018.1
28542.2
-96380
-106534
-119656
-56382.9
-104675
-110669
-6594.82
-105265
-135702
-96386.9
-58145.3
-96382.3
-106183
-88883.9
-113811
-106170
-96549.7
-111605
-96375.4
-103714
-104539
-46590.1
-103381
-105444
-55941
-61065.3
-57800.5
-105397
-104474
-14397.4
-47818
-104730
-111842
-45229.8
-45041.2
-33612.9
-43320.1
-50697.2
116442
-105264
-39716.9
-107984
-104906
-104784
-95923.6
-95987.8
-108624
-45311.4
-96397.3
-166493
-47188.3
-104077
-96384.3
-133007
-106580
-88431.3
-104033
-110908
-167744
-142259
-30448.1
-95885.6
-103664
-104563
-49784.4
-124412
-96368
-83139.3
-71989.9
-104215
-96384.6
-96379.8
-110224
-96378.3
-96390.4
-98867.8
-104246
-101284
-96390.4
-96388
-47231.6
-95337.3
-104033
-106233
-111210
-96380
-115813
-103945
-113946
-42094.8
-95504.5
-115324
-96383
-103858
-96388.3
-96378.3
-96382.8
-112373
-105639
-95484.8
-105158
-111898
-16649.1
-104562
-128572
-45144.4
-96387.3
-38685.5
-96405.2
-181867
-149198
-96387.8
-149159
-115694
-116966
-53688.5
-113126
-105067
-103623
-46326.2
-110545
-96283.2
-103069
-51250.9
-110844
-110246
-113288
-111684
-56671.3
-103865
-106636
-96374.4
-109949
-44757.9
-111145
115230
-110720
-38141.6
-44096.7
-96392.9
-35220.1
-110462
-43536.5
-96388.6
-112726
-96375.1
-96381.8
-96379
-96382.4
-4406.9
-46334.7
40038.3
-107122
-45102.2
-45788.1
-45434.1
-44663
-41875.7
-20817.4
-126053
-103476
-102355
-103303
-42645.9
-44622.4
-43653
-96380.5
-114991
-110482
-68956.3
-124411
-89746.7
-123155
-103735
-96382.3
-96368.4
-106782
-95772.4
-104803
-110183
-105778
-121115
-112574
-104386
-3784.13
-86665.2
-96423.7
-124500
-117558
-112140
-110726
-101689
-106204
-106868
-103896
-96386.9
-108873
-115664
-117846
-42920.1
-104444
-104046
-87706.3
-103595
-84805.5
-42888.1
-96381.7
-104634
-85209.8
-112520
-96388.3
-96415.5
-103446
-103948
-107357
-105713
-95294.9
161071
-96379
-108701
-114755
-96222.9
-107077
-96299.2
-104968
-57839.1
-96379.1
-107222
113242
-106056
-105522
-107710
-96317.9
-103909
-96394.6
-103722
-125971
-167011
-104024
-95960.4
82998.7
-104842
-173620
-96383.7
-111131
-101508
-104798
-95108.8
-111819
-102098
-105321
-119024
-103264
-101852
-104297
-134201
-96390.2
-119457
-103712
-107223
-104311
-104053
-44191.2
-44492.6
-96429.2
-103751
-66580.9
-96379.1
-104204
-96004.3
-106883
-96414.4
-44873.3
-43870.1
-90640.6
-50172.9
-122010
-96182.2
-43642
-103711
-103504
-106356
-43735.1
-104708
-111525
-96388.7
-96383.7
-100663
-100034
-96384.8
-95812.3
-63708.9
-106022
-34894.5
-43893
-120105
-6055.67
-114718
-103694
-32599.7
-44507.7
-105986
-120544
-106163
-103075
-41456.6
-118201
-43327.8
-103649
-103122
-118674
-61865.7
-43937.4
-61750.5
-52503.7
-101434
-56135
-168916
-44790.8
-101337
-89379.9
-105228
-114566
-85361.1
-106574
-96626.7
-44849.8
-104455
-96382.4
-103326
-105059
-105028
-103657
-51708.1
-118890
-48367.3
-45157.4
-103620
-104982
-45564.5
-104024
-106637
-141565
-107709
-44812.9
-96389.8
-153597
-86316.6
-96385.9
-103416
-106897
-38593
-106494
-138835
-105211
-59849.4
-96378.4
-105686
-103567
-46481.5
-239212
-104868
-102956
-103197
-7194.84
-58302.7
-96249.9
88830.7
-96373.9
-138547
-96377.6
86994.7
-96386.8
-106738
158048
-88357.1
-96388
-121543
-96382.5
-96326.1
-107125
-96382.3
-16729.7
-96024.9
-103904
-96385.8
-115038
-124238
-104001
-96386.4
-113395
-98186.6
100655
-96378.7
-48830
-96371.3
-142394
-96381.8
-126139
99291.2
-96382.7
-154841
-127914
-106085
-46004.1
-98414.8
-42911.6
31920.4
-96366
-117709
-96352.6
-95772.8
-66034.4
-104768
-96356.2
-121985
-95139
-114618
-105103
-48022.3
-43834.2
-104839
-193808
-45137.9
-107288
-45450
-96388.8
-96388.8
-106367
-26425.1
-109765
141346
-105164
-96336.2
-96375.3
134385
130849
-110998
-47284
-106025
33257
-44714.2
-95545.9
-96381.7
-96380.9
-98452
-21403.6
24515.5
-101671
-101672
-146698
-116721
-106930
-120858
-127101
-96379.3
-115957
-103627
-104932
-44068.2
162467
-96387.9
-104930
-105721
-104907
-96390.8
-108574
-43866.5
-129468
-96391.5
-120465
-310688
-96382.1
-96304.5
-96382.7
-96380.4
-96382.7
-96382.3
-4324.03
-108813
-118317
-111269
-112302
-109598
-44341.7
-103778
-96386.5
-96367.5
-113268
-101335
-96383
-103129
-44046.9
-96396.4
-106518
-110182
-45236.1
-12698.1
-42993.8
-98982.8
-50527.9
-168748
-104708
-82663.2
-106296
-96387.3
-97208.3
-63479.9
-102916
-96364.4
-147211
-110472
-104905
-96379.5
-113468
-120587
-64134.4
-106695
-65513.4
-105312
-96380.2
-104341
-46662.8
-104529
-44692.8
-68438.1
-120418
-96390.3
-105238
-106395
-104197
-109635
-104325
115195
9760.81
-78368.4
24316.4
-103167
-106783
-104523
-44754.4
-104312
-45089
-103322
-104264
-101639
-96012.4
-96382.2
-54219.8
-44020.2
-48910.7
-103949
411193
-44500.4
-40698.5
-44367.7
-96547.5
-103817
21125.9
-93234.6
-57028
-104124
-96382.3
-106960
-103413
-57661.2
366184
-43930.3
-96382.3
-66420.1
411265
-106006
-108549
-112010
-96374.5
-104545
-45179.5
-107060
-134531
-105043
-96379.9
-105191
-96372.9
-44818.1
-45130.3
-63270.7
-103800
-103745
-104144
-96381.7
-110704
-59669.3
-113546
-104164
-181274
-103895
-102432
-104142
-110856
-119909
-43541.4
-105773
-43183.2
-105047
-96380.9
-89709.6
-34151.3
-110146
-42492
-89395.3
-41028
-42725.1
-6699.41
-1384.56
-103553
-104692
-52500.1
-104670
-96390.2
-96374.9
-96382.6
-96763.5
-106455
-96381.9
-96387.8
-104365
-128138
-96382.4
-186608
-106845
-96213.6
-103103
-113510
-111611
-260924
-100641
-113241
-59214.1
-98645.4
-87133.7
11077.4
-103488
-44579
-96280.4
-108406
-104436
-104201
-105333
-105602
-96382.3
-96606.4
-110110
-96372.1
-96387.1
-133119
-32566.3
-96383.3
-104188
-96377.2
-104365
-111294
-96388.7
-104229
197101
-118020
-45608
-56199.3
-20653
-20560.4
-44435.6
-43730.8
-104304
-115967
-104419
-118359
-96382.4
-45086.4
-96387.6
-99340
-66700.1
-103001
-104031
-97200.1
-93126.1
-44452.7
-42242.3
-96382
-96381.8
-96382.2
-96373.9
-96373.6
-96373.5
-95561.1
-96299
-189609
-184141
-190523
-213342
-54923.4
-53814.9
-57245.1
-50049.8
-59218.6
-51479.8
-53492.4
-46344.1
-11875.6
-11764.5
-36703.6
-49392.3
407659
-143785
-285239
-245536
-266950
-184173
-151975
-235037
-182794
-105504
-108570
-119862
-128788
-48800
-95664.1
-48141.3
-96241.7
-115737
-46467.6
-96233.7
-95518.3
-96272.1
-95615.5
-96338.1
-96374.2
-96366.6
-96383.3
-96381.7
-96387.4
-96382.9
-96388.8
-96391.6
-96391.4
-96388.6
-96403.8
-96404.6
-96396.9
-96352.4
-96164.3
-95687.8
-96158.1
-96210.9
-95653.7
-95725.8
-95570.4
-229665
-244995
-114182
-131398
-197997
-187130
-105003
-103289
-105795
-106134
-105766
-104344
-105901
-105825
-104861
-105853
-102949
-107234
-107056
-103151
-103995
-104452
-104466
-104487
-104377
-104224
-104545
-104640
-105504
-105202
-105488
-105845
-106088
-106631
-106444
-111118
-110770
-110957
-113373
-116729
-116623
-115729
-131007
-134365
-130547
-131688
-134241
-132149
-134285
-134866
-134820
-136347
-136192
-135476
-139163
-137313
-143231
-105080
-95560.8
-103878
-119181
-103644
-104754
-105564
-64051.8
-64259.2
-67285.2
-21905.9
-20371.9
-20946.2
-83291.1
-43717.7
-4426.07
119650
115507
117543
3913.29
41386
42200
33244.1
33105.9
-13939.9
-16598.5
-22404.6
-30641.5
-23762.3
-30109.4
-29278.3
-19974.4
-29892.5
-44333.6
-42812.8
-45208.2
-29246.4
-36507.7
-34414
-35642.6
-45379.1
-35121.5
-45709.8
-43290.7
-46899
-46661
-50605.4
-51081.7
-49377.1
-50041.6
-50836.4
-57886.8
-121959
-118224
-148551
-101714
-108873
-110863
-111198
-109930
-186074
-168036
-163403
-105746
-145807
-127613
-110785
-20612.9
-110296
-11393.1
-113399
-106296
-76991.2
-105102
-102574
-83500.4
-106825
-206939
-27409.9
-213094
-42381.6
-56373.1
-119127
-285828
-214531
-225553
-75493.8
-195215
-195973
-99098
-116929
-124316
-108745
-98741.1
-98128.5
-96920.3
-97502.5
-94774.3
-95975.1
-97230.6
-92846.3
-94855.6
-90069.1
-105457
-102062
-111410
-108317
-106706
-107580
-106497
-105797
-106273
-106001
-106197
-105768
-106245
-105739
-105743
-106282
-105772
-104847
-105071
-104917
-105153
-105408
-96595.4
-96608.4
-96478.1
-96117.4
-95910.3
-95879.6
-95691.8
-95783.5
-95846.3
-95942.1
-95830.5
-96363.9
-96350.4
-96324.5
-96388.9
-96384.5
-96313.3
-96377.4
-96387.3
-96412.8
-96408.3
-96354
-96406.1
-96398
-96381.3
-96406.3
-96347.2
-96343.3
-96403.1
-96384.9
-96385.9
-96381
-96386.7
-96387.2
-96387.3
-116109
-96384.1
-96385.4
-96384
-96383.9
-96387.4
-96384.9
-96383.7
-96387.1
-96382.2
-96328.2
-96176
-95613.7
-96146.8
-94974.2
-95072.7
-95155.4
-95908.6
-104089
-104216
-104514
-105341
-105528
-120857
-135334
-136557
-87291.4
-287752
-105365
-103254
-65612.5
-82155.2
-63408.1
115258
115215
33787.4
17853.3
-26711.7
-58194
-48074.8
-40411.9
-38249.5
-58670.8
-63668
-60089.6
-319420
-67426.8
-110113
-110814
-115508
-117753
-122774
-101202
-157595
-101252
-109671
-100370
-103053
-206307
-141583
-197060
-96305.3
-99086.3
-101014
-108752
-108714
-96426.9
-96199
-97074.6
-96187.3
-108352
-106355
-105790
-105592
-106787
-105842
-105940
-107096
-105777
-104957
-105082
-104896
-96518.4
-95614.9
-95909.6
-96426.3
-96383.4
-96283.2
-96392
-96387.6
-96350.5
-96413.2
-96422.6
-96426.5
-96390.2
-95927.3
-96381.3
-96387.5
-96386.9
-96385.2
-96386.8
-96391.5
-96383.1
-96387.1
-96384.5
-96382.9
-96378.9
-96378.4
-96379.4
-96379.2
-96379.4
-96379.9
-96380.2
-96381.4
-96386.3
-96383.4
-96381.8
-96382.7
-96381.3
-96382.1
-96381.9
-96381.4
-96384.4
-96384.5
-96384.3
-96385.2
-96383.7
-96383.6
-96389.1
-96383.9
-96386
-96425.5
-96404.4
-96469.4
-96449.3
-96442.7
-96272.5
-96237.8
-96172.4
-105109
-105640
-106611
-106312
-106459
-128803
-115926
-117048
-122846
-178377
-161139
-172448
-114716
-181314
-103824
-102806
-103182
-104029
-103982
-103737
-103691
-104651
-104046
-104752
-105011
-104068
-104682
-105841
-105395
-106014
-105734
-105743
-106249
-106167
-106368
-106073
-105757
-107154
-106941
-107934
-108225
-105261
-107982
-107333
-108548
-109376
-108902
-111160
-111150
-111249
-111955
-111752
-111756
-111868
-111689
-111857
-113286
-112533
-111291
-115226
-119333
-124000
-123272
-125803
-122996
-59929.4
-59856.1
-61647
-62732.3
-58187.1
-65321.9
-40106
-60079.6
-60618.3
-40903.2
-19584.5
-13859.1
-8251.29
-19050.3
-29137.6
4661.74
-34848.8
-65836.5
-54701.6
-67015.3
-51117.4
-59324.7
-52311.6
-48216.2
-23219.5
-44858.1
-46891.9
-44700.4
-44846.7
-46595
-46063.3
-46590.1
-46026.6
-46643.4
-44980.8
-44222.5
-44279.3
-43479.4
-42902.7
-45669
-42571.2
-43653.7
-44662.8
-45169.6
-43550.9
-53094.2
-52868.6
-103767
-58571.3
-59863.6
-58953
-72287.7
-76626.6
-111945
-158773
-101150
-131317
-179889
-148167
-141491
-122712
-117470
-110491
-121415
-118833
-118013
-123714
-114500
-117508
-121460
-119648
-111092
-113161
-112159
-115123
-112038
-103690
-113741
-92277.3
-77707.1
-104400
-139388
-131429
-106997
-118172
-104364
-135083
-95726.2
-101177
-106491
-96882.3
-98364.8
-88918.3
-99676.3
-105919
-108622
-103229
-105300
-103629
-101936
-102040
-102103
-101609
-101632
-101960
-101554
-101629
-101752
-101203
-102257
-100813
-101585
-103160
-101778
-104457
-102137
-102733
-103632
-104009
-103681
-103404
-103662
-103789
-103879
-103769
-104491
-104103
-104329
-103920
-103657
-103944
-97379.5
-95625.2
-97440.6
-96553.7
-96591.3
-96567.5
-96551.8
-96550.3
-96520.7
-96381.7
-96342.6
-96298.6
-96389.1
-104416
-96376.9
-96362.3
-96386
-96382.5
-96381.2
-96381.6
-96382.1
-43653.9
-96383.2
-96382.4
-96382.3
-96384.2
-96380.6
-96379.8
-96389.5
-96381.3
-96381.6
-96378.6
-96383.5
-96384.9
-276173
-58852.9
-58717.1
-107543
-107157
-106770
-96382.6
-96382.4
-96383
-96382.7
-96379
-96381.4
-96382.1
-96381.3
-96381
-96381.3
-96382.3
-96382.1
-96381.7
-96382.1
-96382.7
-96381.6
-96381.3
-96381.2
-96383.7
-94246.9
-96381.4
-96378.3
-96379.8
-96370.9
-96450.3
-96435.5
-96430.3
-96414
-95491.5
-96555.1
-123898
-105152
-106610
-106800
-106173
-105977
-106220
-106487
-106830
-115252
-124624
-115239
-122823
-113581
-118271
-125158
-104000
-103384
-103400
-104182
-104092
-104340
-104242
-104329
-103630
-104219
-102836
-104843
-104674
-104158
-104055
-104433
-104170
-103794
-104105
-104136
-104086
-103957
-104209
-104657
-103697
-103989
-104273
-105183
-104164
-103793
-104636
-103618
-104254
-104618
-108791
-104960
-104259
-104702
-115120
-109969
-105052
-105084
-105272
-105023
-104985
-105027
-104840
-104951
-109590
-118283
-106174
-111497
-41925.2
-44324.8
-120310
-125130
-123146
-80205.5
-121969
-82694.6
-71081.5
-55146.4
-57113.5
-54690.8
-61077.6
-66386
-60665.9
-59920.4
-64460.9
-65615.4
-63198.1
-59274.6
-57319.8
-55284.3
-37151.4
-30450.8
-49984.9
-47096.4
-34271.6
-32469.5
-37052.1
2478.28
-31192.5
-31981.9
-4412.67
-25836.9
-47294.7
-47884.2
-45923.7
-46705
-40221.3
-46576.5
-44722.5
-47837.5
-48397.6
-46446.8
-48790.2
-44309.5
-46616.1
-48023.4
-44964.7
-45840.6
-46456.1
-46920.1
-57818.4
-70818.5
-71145.8
-45150
-44360.9
-44331.4
-44450.4
-44252.6
-43987.4
-44471.8
-44075.8
-44517.1
-43132.3
-44648.7
-44428.4
-44023.8
-44093
-42658.5
-43086.8
-44501.2
-45425.8
-44889.7
-42477.5
-51181
-55987.9
-52656.8
-53586.7
-107865
-79361
-148961
-108878
-110970
-115994
-114857
-117023
-135243
-115744
-117133
-120855
-115999
-115721
-115994
-113640
-110586
-113570
-117080
-110553
-110806
-110058
-100525
-101719
-106239
-106219
-90374.6
-104846
-98348.8
-115736
-115900
-113892
-119080
-109672
-108340
-106022
-84475.3
-107942
-106566
-108845
-104201
-101806
-104436
-106807
-104150
-102202
-101733
-103148
-103177
-101577
-103253
-103251
-103124
-103310
-103940
-103313
-101449
-103165
-103645
-104037
-103500
-102833
-102843
-103121
-104409
-104208
-110596
-102872
-102205
-103631
-103119
-103443
-103702
-103121
-103500
-103426
-103108
-103965
-103597
-104275
-103933
-103953
-103424
-103753
-103625
-103914
-104525
-103660
-103544
-96321.2
-128251
-96275.2
-96192.6
-96527.3
-96317.4
-96538.1
-96243.7
-96366.8
-96379.4
-96359.1
-96318.1
-96381.9
-96389.9
-96384.1
-96380.1
-96379
-96379.8
-96380.1
-96380.4
-96384.3
-96381.4
-96383.4
-96381.2
-96383.6
-96381.3
-96380.2
-96382.8
-96379.6
-96389.9
-96378.9
-96382.6
-96381.6
-96379.1
-115657
-111831
-66339.1
-55278.4
-62885.6
-65525.7
-60480.1
-53909.7
-60640.5
-106727
-106436
-40613.4
-106053
-106694
-113927
-105924
-107788
-107192
-96379.5
-96381
-96382.4
-96380.8
-96419.5
-96309.6
-96413.7
-96297.8
-39709.6
-42109.6
-38691.8
-41138.2
-37197.8
-96382.3
-96381.6
-96381
-96381
-96379
-96382
-96383.9
-96381.4
-96382.5
-96383
-96383.4
-96382.5
-96384.4
-96384.1
-96380.7
-96384.5
-96432.7
-106506
-107135
-106410
-107502
-112070
-110979
-110242
-108256
-104359
-106471
-105372
-103873
-103982
-104111
-104376
-104138
-104269
-103677
-104234
-102774
-102842
-104117
-103858
-103642
-104127
-102266
-102876
-101475
-103400
-103703
-104022
-102539
-105183
-103205
-103085
-105384
-104744
-105939
-96380.4
-96380.9
-120064
-119650
-122475
-118204
-109477
-100873
-72504.8
-71356.3
-76458.1
-64651.5
-62231.3
-63911.8
-61997.1
-64707.6
-60672
-51856.3
-56584.3
-56101
-51617.2
-40293.2
-54430.9
-43298
-46341.5
-43812.4
-44212.7
-44693.9
-46973
-44760.8
-44907
-45182
-44517.5
-44573.3
-44309.8
-43969.1
-44694.9
-109893
-111050
-110683
-44321.2
-43578.7
-42200.7
-47413
-40555.2
-41031.4
-42717.2
-113837
-115154
-115125
-108954
-111985
-99959
-109716
-108194
-96427.1
-96370
-96387.8
-96403.1
-96381.4
-96380.5
-96379.8
-96380.2
-96381
-96381.1
-96380.5
-96382.9
-96381.9
-96380.2
-96381.8
-40120.4
-115363
-115725
-118040
-106844
-96381.5
-116120
-102327
-96284.8
-121282
-45135.2
-44733.3
-96380.1
-96382.4
-43439.5
-41254.2
-42734.7
-42714.7
-109486
-116310
-109870
-114369
-96005.6
-100982
-104594
-104106
-103711
-96527.7
-96530
-96390.1
-96386
-96383.3
-96387
-91640.3
-107523
-96381.8
-96381.1
-96415.4
-105448
-104307
-96382.1
-105129
-104721
-62290.3
-34663.7
-45828.8
-46909.9
-34522.2
-96518.9
-108457
-66368.1
-79654.3
-64370.1
-116717
-117880
-119478
-113957
-106886
-103139
-103271
-103987
-96381
-96367.8
-96376.3
-96382.1
-96381.7
-115253
-112328
-96407.6
-113451
-103260
-102300
-96380.5
-103260
-113341
-44035.2
-45194.3
-96382.9
-96382.3
-108995
-96373.9
-96373.2
-133613
-54887
-10414.1
-96380.2
-178318
-145107
-121974
-96380.9
-96254.6
-50494.1
-95692.7
-95958.8
-105920
-96380.4
-104285
-96379.4
-135709
-65696.9
10714.1
12512.7
-34279.4
-120072
-110032
-115736
-106540
-163144
-97125.2
-103556
-107594
-103223
-103126
-105669
-105634
-106480
-104843
-96294.4
-102841
-95885.1
-95908.7
-95830.4
-96288.9
-103207
-96368.4
-103216
-96386.4
-96371.8
-95892.1
-96407.1
-96386.9
-95923.7
-96384.9
-105225
-88913.1
-107939
-103803
-104934
-96379.7
-96563.9
-96387.6
-111785
-96384.3
-96305.1
-96033.6
-104213
-109815
-110364
-65701.3
-31202.8
-34800.1
-121489
-109638
-111927
-94902.4
-88218.3
-102447
-104084
-103701
-97488.1
-96552.8
-96357.4
-96346.2
-96383.8
-110800
-96381.6
-96384.8
-107284
-96381.4
-116850
-96382.2
-96381.2
-103924
-116442
-104113
-104616
-104763
-105783
-107136
-105943
-72697
-34418.2
-35723.4
-96381.4
-96381.1
-96381.2
-96382.2
-112902
-112860
-114210
-115160
)
;

boundaryField
{
    Wall
    {
        type            zeroGradient;
    }
    Inlet
    {
        type            zeroGradient;
    }
    Outlet
    {
        type            fixedValue;
        value           uniform 0;
    }
    Empty
    {
        type            empty;
    }
}


// ************************************************************************* //
