/*--------------------------------*- C++ -*----------------------------------*\
| =========                 |                                                 |
| \\      /  F ield         | OpenFOAM: The Open Source CFD Toolbox           |
|  \\    /   O peration     | Version:  2312                                  |
|   \\  /    A nd           | Website:  www.openfoam.com                      |
|    \\/     M anipulation  |                                                 |
\*---------------------------------------------------------------------------*/
FoamFile
{
    version     2.0;
    format      ascii;
    arch        "LSB;label=32;scalar=64";
    class       volScalarField;
    location    "6.6";
    object      p;
}
// * * * * * * * * * * * * * * * * * * * * * * * * * * * * * * * * * * * * * //

dimensions      [0 2 -2 0 0 0 0];

internalField   nonuniform List<scalar> 
2958
(
-2.41056e+09
-2.41089e+09
-2.41422e+09
-2.41058e+09
-2.53735e+09
-2.41427e+09
-2.41086e+09
-2.41144e+09
-2.42757e+09
-2.41193e+09
-2.41088e+09
-2.41044e+09
-2.4117e+09
-2.41043e+09
-2.41128e+09
-2.41053e+09
-2.40446e+09
-2.41161e+09
-2.41043e+09
-2.41053e+09
-2.41043e+09
-2.40642e+09
-2.4105e+09
-2.41254e+09
-2.41167e+09
-2.41044e+09
-2.39544e+09
-2.42056e+09
-2.41036e+09
-2.41073e+09
-2.41042e+09
-2.98784e+09
-2.41069e+09
-3.02308e+09
-2.41134e+09
-2.41101e+09
-2.41044e+09
-2.41047e+09
-2.41052e+09
-2.41313e+09
-2.40769e+09
-2.41079e+09
-2.41086e+09
-2.41006e+09
-2.41044e+09
-2.41049e+09
-2.41092e+09
-2.85191e+09
-2.41057e+09
-2.4105e+09
-2.41054e+09
-2.41237e+09
-2.41235e+09
-2.41099e+09
-2.41055e+09
-2.41144e+09
-2.41389e+09
-2.41214e+09
-2.41061e+09
-2.40169e+09
-2.41053e+09
-2.41052e+09
-2.41099e+09
-2.41076e+09
-2.41042e+09
-2.41043e+09
-2.41101e+09
-2.4128e+09
-2.41039e+09
-2.41052e+09
-2.40463e+09
-2.41044e+09
-2.41032e+09
-2.41046e+09
-2.41042e+09
-2.41087e+09
-2.41053e+09
-2.41098e+09
-2.41041e+09
-2.41055e+09
-2.41167e+09
-2.43031e+09
-2.42328e+09
-2.42358e+09
-2.41054e+09
-2.41107e+09
-2.41548e+09
-2.41107e+09
-2.41155e+09
-2.41051e+09
-2.41127e+09
-2.41019e+09
-2.41096e+09
-2.41043e+09
-2.41245e+09
-2.41149e+09
-2.41054e+09
-2.41068e+09
-2.41044e+09
-2.41044e+09
-2.41057e+09
-2.41059e+09
-2.41174e+09
-2.40981e+09
-2.41035e+09
-2.41055e+09
-2.41044e+09
-2.41056e+09
-2.41043e+09
-2.41154e+09
-2.41064e+09
-2.41055e+09
-2.41042e+09
-2.41198e+09
-2.41043e+09
-2.41043e+09
-2.41113e+09
-2.41055e+09
-2.41087e+09
-2.41056e+09
-2.41066e+09
-2.41044e+09
-2.411e+09
-2.41159e+09
-2.41055e+09
-2.41053e+09
-2.41061e+09
-2.41057e+09
-2.41052e+09
-2.41042e+09
-2.41042e+09
-2.41039e+09
-2.41055e+09
-2.41042e+09
-2.41043e+09
-2.41042e+09
-2.41219e+09
-2.41057e+09
-2.41043e+09
-2.41043e+09
-2.41053e+09
-2.41192e+09
-2.41044e+09
-2.41043e+09
-2.41055e+09
-2.38247e+09
-2.41042e+09
-2.41044e+09
-2.40889e+09
-2.41043e+09
-2.41053e+09
-2.41054e+09
-2.41235e+09
-2.41045e+09
-2.41147e+09
-2.41043e+09
-2.41048e+09
-2.41053e+09
-2.41081e+09
-2.41177e+09
-2.4115e+09
-2.41241e+09
-2.41096e+09
-2.41044e+09
-2.40089e+09
-2.41052e+09
-2.41044e+09
-2.41042e+09
-2.41231e+09
-2.41333e+09
-3.07588e+09
-2.41044e+09
-2.4104e+09
-2.41117e+09
-2.41043e+09
-2.41364e+09
-2.41711e+09
-2.40604e+09
-2.41061e+09
-2.41039e+09
-2.41042e+09
-2.40995e+09
-2.41151e+09
-2.41064e+09
-2.41113e+09
-2.40994e+09
-2.4111e+09
-2.41043e+09
-2.40706e+09
-2.41057e+09
-2.40589e+09
-2.41238e+09
-2.4031e+09
-2.41221e+09
-2.41194e+09
-2.41036e+09
-2.41085e+09
-3.08214e+09
-2.41047e+09
-2.41198e+09
-2.41222e+09
-2.41043e+09
-2.41056e+09
-2.40627e+09
-2.41134e+09
-2.41157e+09
-2.41053e+09
-2.41165e+09
-2.41371e+09
-2.41057e+09
-2.41043e+09
-2.41051e+09
-2.41043e+09
-2.41048e+09
-2.41042e+09
-2.45532e+09
-2.41078e+09
-2.41043e+09
-2.41043e+09
-2.41043e+09
-2.41042e+09
-2.41125e+09
-2.4108e+09
-2.4098e+09
-2.41072e+09
-2.41053e+09
-2.42083e+09
-2.41043e+09
-2.40939e+09
-2.40801e+09
-2.41237e+09
-2.66146e+09
-2.40844e+09
-2.46292e+09
-2.41036e+09
-2.41042e+09
-2.41042e+09
-2.41055e+09
-2.41042e+09
-2.41052e+09
-2.41043e+09
-2.41052e+09
-2.41054e+09
-2.42098e+09
-2.41046e+09
-2.40983e+09
-2.38567e+09
-2.41189e+09
-2.41097e+09
-2.4107e+09
-2.41215e+09
-2.41139e+09
-2.41101e+09
-2.34341e+09
-2.41056e+09
-2.41244e+09
-2.41063e+09
-2.40904e+09
-2.41077e+09
-2.40669e+09
-2.41053e+09
-2.41046e+09
-2.50011e+09
-2.40091e+09
-2.41035e+09
-2.41109e+09
-2.41147e+09
-2.41063e+09
-2.4106e+09
-2.4105e+09
-2.41044e+09
-2.41078e+09
-2.41065e+09
-2.41043e+09
-2.41052e+09
-2.41061e+09
-2.41043e+09
-2.45486e+09
-2.41042e+09
-2.41038e+09
-2.41044e+09
-2.41042e+09
-2.41035e+09
-2.41123e+09
-2.40816e+09
-2.41043e+09
-2.41046e+09
-2.41058e+09
-2.41064e+09
-2.41077e+09
-2.41238e+09
-2.36647e+09
-2.41043e+09
-2.41044e+09
-2.41506e+09
-2.39238e+09
-2.41043e+09
-2.41053e+09
-2.41043e+09
-2.41339e+09
-2.41247e+09
-2.54424e+09
-2.40913e+09
-2.45536e+09
-2.41053e+09
-2.41605e+09
-2.41069e+09
-2.41046e+09
-2.41097e+09
-2.41053e+09
-2.41043e+09
-2.41053e+09
-2.41056e+09
-2.41043e+09
-2.41045e+09
-2.41072e+09
-2.49995e+09
-2.41084e+09
-2.41096e+09
-2.41059e+09
-2.4515e+09
-2.42394e+09
-2.41084e+09
-2.41284e+09
-2.41333e+09
-2.4105e+09
-2.41055e+09
-2.41043e+09
-2.41062e+09
-2.40754e+09
-2.4259e+09
-2.41346e+09
-2.41044e+09
-2.41043e+09
-2.40476e+09
-2.41043e+09
-2.41043e+09
-2.40818e+09
-2.41042e+09
-2.41043e+09
-2.41106e+09
-2.40969e+09
-2.60573e+09
-2.45801e+09
-2.41043e+09
-2.41241e+09
-2.41043e+09
-2.41212e+09
-2.41058e+09
-2.41053e+09
-2.40955e+09
-2.41175e+09
-3.0298e+09
-2.41047e+09
-2.41085e+09
-2.41073e+09
-2.41043e+09
-2.41079e+09
-2.40122e+09
-2.41016e+09
-2.40753e+09
-2.41053e+09
-2.41057e+09
-2.4102e+09
-2.41121e+09
-3.00482e+09
-2.41085e+09
-2.41058e+09
-2.41055e+09
-3.17861e+09
-2.41318e+09
-2.54738e+09
-2.41043e+09
-2.41056e+09
-2.41076e+09
-2.41122e+09
-2.41055e+09
-2.41273e+09
-2.61892e+09
-2.42609e+09
-2.41053e+09
-2.41103e+09
-2.41042e+09
-2.41081e+09
-2.40702e+09
-2.41045e+09
-2.41063e+09
-3.09008e+09
-2.4107e+09
-2.41042e+09
-2.4117e+09
-2.41042e+09
-2.41031e+09
-2.40631e+09
-2.41054e+09
-2.41035e+09
-2.40756e+09
-2.41043e+09
-2.41043e+09
-2.55072e+09
-2.41059e+09
-2.41064e+09
-2.40693e+09
-2.41057e+09
-2.41055e+09
-2.41054e+09
-2.41173e+09
-2.41106e+09
-2.41056e+09
-2.41058e+09
-2.41052e+09
-2.41166e+09
-2.41082e+09
-2.41132e+09
-2.40986e+09
-2.53993e+09
-2.48615e+09
-2.41137e+09
-2.41006e+09
-2.41007e+09
-2.41044e+09
-2.40983e+09
-2.34554e+09
-2.4109e+09
-2.41138e+09
-2.41058e+09
-2.41148e+09
-2.41135e+09
-2.41054e+09
-2.40978e+09
-2.54663e+09
-2.41051e+09
-2.41037e+09
-2.41305e+09
-2.41269e+09
-2.46486e+09
-2.34841e+09
-2.41234e+09
-2.41053e+09
-2.41042e+09
-2.38376e+09
-2.40973e+09
-2.41054e+09
-2.41066e+09
-2.40295e+09
-2.41033e+09
-2.41043e+09
-3.01952e+09
-2.41043e+09
-2.4164e+09
-2.41043e+09
-2.76809e+09
-2.41136e+09
-2.41221e+09
-2.41053e+09
-2.41065e+09
-2.41043e+09
-2.41046e+09
-2.45246e+09
-2.41043e+09
-2.41196e+09
-2.41057e+09
-2.41053e+09
-2.41191e+09
-2.41074e+09
-2.41084e+09
-2.82319e+09
-2.41092e+09
-2.41071e+09
-2.41046e+09
-2.41198e+09
-2.41044e+09
-2.41267e+09
-2.41052e+09
-2.41091e+09
-2.40496e+09
-2.41097e+09
-2.46454e+09
-2.40465e+09
-2.41103e+09
-2.4116e+09
-2.41211e+09
-2.41042e+09
-2.41042e+09
-2.41101e+09
-2.41076e+09
-2.41119e+09
-2.41095e+09
-2.79675e+09
-2.41054e+09
-2.40578e+09
-2.41242e+09
-2.41057e+09
-2.41043e+09
-2.42531e+09
-2.41053e+09
-2.41383e+09
-2.41043e+09
-2.41043e+09
-2.41042e+09
-2.42208e+09
-2.41043e+09
-2.41042e+09
-2.41054e+09
-2.41136e+09
-2.41043e+09
-2.41069e+09
-2.41112e+09
-2.41054e+09
-2.41053e+09
-2.41043e+09
-2.41043e+09
-2.4106e+09
-2.41042e+09
-2.41055e+09
-2.41055e+09
-2.79728e+09
-2.4107e+09
-2.41399e+09
-2.41053e+09
-2.41052e+09
-2.41253e+09
-2.4106e+09
-2.40717e+09
-2.41053e+09
-2.41055e+09
-2.41551e+09
-2.41046e+09
-2.41103e+09
-2.41055e+09
-2.41102e+09
-2.41051e+09
-2.4112e+09
-2.41042e+09
-2.41052e+09
-2.41087e+09
-2.39485e+09
-2.412e+09
-2.41053e+09
-2.41098e+09
-2.41046e+09
-2.41082e+09
-2.41044e+09
-2.41053e+09
-2.41042e+09
-2.41052e+09
-2.41103e+09
-2.4105e+09
-2.41043e+09
-2.40619e+09
-2.41043e+09
-2.41043e+09
-2.4101e+09
-2.41049e+09
-2.31147e+09
-2.41089e+09
-2.41046e+09
-2.41055e+09
-2.41082e+09
-2.41071e+09
-2.41072e+09
-2.41145e+09
-2.41056e+09
-2.41015e+09
-2.41057e+09
-2.41054e+09
-2.41042e+09
-2.41076e+09
-2.41052e+09
-2.41054e+09
-2.41049e+09
-2.4107e+09
-2.41043e+09
-2.41043e+09
-2.4104e+09
-2.41304e+09
-2.41043e+09
-2.41035e+09
-2.41044e+09
-2.41103e+09
-2.41042e+09
-2.41043e+09
-2.41091e+09
-2.41005e+09
-2.41053e+09
-2.41044e+09
-2.41041e+09
-2.41043e+09
-2.41034e+09
-2.41275e+09
-2.41044e+09
-2.41043e+09
-2.41062e+09
-2.41041e+09
-2.41058e+09
-2.41053e+09
-2.41051e+09
-2.41053e+09
-2.4101e+09
-2.41064e+09
-2.41044e+09
-2.41038e+09
-2.41045e+09
-2.41054e+09
-2.40709e+09
-2.41053e+09
-2.41072e+09
-2.41052e+09
-2.41049e+09
-2.41043e+09
-2.41053e+09
-2.4105e+09
-2.41042e+09
-2.41043e+09
-2.41052e+09
-2.41242e+09
-2.41078e+09
-2.40993e+09
-2.41044e+09
-2.40988e+09
-2.41054e+09
-2.41055e+09
-2.41046e+09
-2.45279e+09
-2.41084e+09
-2.41042e+09
-2.41726e+09
-2.41078e+09
-2.41069e+09
-2.41043e+09
-2.41061e+09
-2.41043e+09
-2.41421e+09
-2.41043e+09
-2.41038e+09
-2.41073e+09
-2.4104e+09
-2.41083e+09
-2.41052e+09
-2.41095e+09
-2.41042e+09
-2.41048e+09
-2.4107e+09
-2.4104e+09
-2.41009e+09
-2.41072e+09
-2.40982e+09
-2.41039e+09
-2.41073e+09
-2.41043e+09
-2.41042e+09
-2.41066e+09
-2.41052e+09
-2.45518e+09
-2.41127e+09
-2.38784e+09
-2.41086e+09
-2.41049e+09
-2.41973e+09
-3.0946e+09
-2.49944e+09
-2.41049e+09
-2.41042e+09
-2.41042e+09
-2.41064e+09
-2.41042e+09
-2.38456e+09
-2.41043e+09
-2.41053e+09
-2.41104e+09
-3.14978e+09
-2.38767e+09
-2.4114e+09
-2.41064e+09
-2.39341e+09
-2.41417e+09
-2.41054e+09
-2.40986e+09
-2.41039e+09
-2.41043e+09
-2.45293e+09
-2.41417e+09
-2.41043e+09
-2.41166e+09
-2.41043e+09
-2.40806e+09
-2.41001e+09
-2.41053e+09
-2.41053e+09
-2.40986e+09
-2.4106e+09
-2.41174e+09
-2.41053e+09
-2.41053e+09
-2.41056e+09
-2.4107e+09
-2.41273e+09
-2.41052e+09
-2.41056e+09
-2.41042e+09
-2.41043e+09
-2.41053e+09
-2.41073e+09
-2.4111e+09
-2.41053e+09
-2.41094e+09
-2.44772e+09
-2.41059e+09
-2.4127e+09
-2.50329e+09
-2.66422e+09
-2.40461e+09
-2.40426e+09
-2.41014e+09
-2.41058e+09
-2.4121e+09
-2.41339e+09
-2.41055e+09
-2.40097e+09
-2.46411e+09
-2.41049e+09
-2.41043e+09
-2.4018e+09
-2.4104e+09
-2.41043e+09
-2.41233e+09
-2.41043e+09
-2.41069e+09
-2.41078e+09
-2.41043e+09
-2.41056e+09
-2.41064e+09
-2.41103e+09
-2.41152e+09
-2.4107e+09
-2.41197e+09
-2.41048e+09
-2.41042e+09
-2.41043e+09
-2.41124e+09
-2.41055e+09
-2.41086e+09
-2.41068e+09
-2.41093e+09
-2.41068e+09
-2.4107e+09
-2.41054e+09
-2.41081e+09
-2.40653e+09
-2.41054e+09
-2.41068e+09
-2.41042e+09
-2.41044e+09
-2.4106e+09
-2.40946e+09
-2.40951e+09
-2.41103e+09
-2.41054e+09
-2.4107e+09
-2.41052e+09
-2.41043e+09
-2.41043e+09
-2.41043e+09
-2.41054e+09
-2.40255e+09
-2.41044e+09
-2.41054e+09
-2.41043e+09
-2.41054e+09
-2.41042e+09
-2.41041e+09
-2.41248e+09
-2.41163e+09
-2.41053e+09
-2.41043e+09
-2.41043e+09
-2.41049e+09
-2.41053e+09
-2.41044e+09
-2.41043e+09
-2.41029e+09
-2.41043e+09
-2.41055e+09
-2.41053e+09
-2.4104e+09
-2.41127e+09
-2.41063e+09
-2.41042e+09
-2.40994e+09
-2.41064e+09
-2.41072e+09
-2.41054e+09
-2.41056e+09
-2.41083e+09
-2.41039e+09
-2.4699e+09
-2.4107e+09
-2.41074e+09
-2.41061e+09
-2.41052e+09
-2.40941e+09
-2.41043e+09
-2.41051e+09
-2.41056e+09
-2.41106e+09
-2.41049e+09
-2.41057e+09
-2.41086e+09
-2.41077e+09
-2.41071e+09
-2.40442e+09
-2.41087e+09
-2.41148e+09
-2.41043e+09
-2.41095e+09
-2.41053e+09
-2.49026e+09
-2.41104e+09
-2.41052e+09
-2.41059e+09
-2.41175e+09
-2.41053e+09
-2.4116e+09
-2.40937e+09
-2.41069e+09
-2.41176e+09
-2.41053e+09
-2.41053e+09
-2.41192e+09
-2.41131e+09
-2.40903e+09
-2.41112e+09
-2.41053e+09
-2.41064e+09
-2.4106e+09
-2.4101e+09
-2.42233e+09
-2.41042e+09
-2.41188e+09
-2.41102e+09
-2.41053e+09
-2.41089e+09
-2.41042e+09
-2.41045e+09
-2.41044e+09
-2.41052e+09
-2.41083e+09
-2.41051e+09
-2.41111e+09
-2.41416e+09
-2.41015e+09
-2.41057e+09
-2.41205e+09
-2.43162e+09
-2.40994e+09
-2.41849e+09
-2.40032e+09
-2.41043e+09
-2.41191e+09
-2.41862e+09
-2.44373e+09
-2.36996e+09
-2.40793e+09
-2.41061e+09
-2.41056e+09
-2.41051e+09
-2.41295e+09
-2.38408e+09
-2.41042e+09
-2.41096e+09
-2.41282e+09
-2.41044e+09
-2.4103e+09
-2.41063e+09
-2.41069e+09
-2.31163e+09
-2.99361e+09
-2.41043e+09
-2.41045e+09
-2.4107e+09
-2.41043e+09
-2.41043e+09
-2.41043e+09
-3.00912e+09
-2.41057e+09
-2.4105e+09
-2.40393e+09
-2.41061e+09
-2.41056e+09
-2.41247e+09
-2.41064e+09
-2.41057e+09
-2.41243e+09
-2.41042e+09
-2.40959e+09
-2.41272e+09
-2.41083e+09
-2.41183e+09
-2.41139e+09
-2.41217e+09
-2.40589e+09
-2.41067e+09
-2.41043e+09
-2.3834e+09
-2.38493e+09
-2.36642e+09
-2.40596e+09
-2.41307e+09
-2.60575e+09
-2.41042e+09
-2.41169e+09
-2.41124e+09
-2.41079e+09
-3.07066e+09
-2.4126e+09
-3.02588e+09
-2.41283e+09
-2.41052e+09
-2.41078e+09
-2.41084e+09
-3.07406e+09
-2.40985e+09
-2.41178e+09
-2.41074e+09
-2.4108e+09
-2.41209e+09
-2.40617e+09
-2.41115e+09
-2.40859e+09
-2.41079e+09
-2.41223e+09
-2.41215e+09
-2.41205e+09
-2.41055e+09
-2.41089e+09
-2.41113e+09
-2.41074e+09
-2.41284e+09
-2.41107e+09
-2.41015e+09
-2.41117e+09
-2.38298e+09
-2.41043e+09
-2.41056e+09
-2.41064e+09
-2.54255e+09
-2.41065e+09
-2.41165e+09
-2.41049e+09
-2.40972e+09
-2.41175e+09
-2.41179e+09
-2.41042e+09
-2.41061e+09
-2.41244e+09
-2.40995e+09
-2.41042e+09
-2.41095e+09
-2.4108e+09
-2.41043e+09
-2.41042e+09
-2.54546e+09
-2.40689e+09
-2.3435e+09
-2.41044e+09
-2.41053e+09
-2.41053e+09
-2.41222e+09
-2.41068e+09
-2.41065e+09
-2.40995e+09
-2.4112e+09
-2.41059e+09
-2.41043e+09
-2.40122e+09
-2.41042e+09
-2.4108e+09
-2.40952e+09
-2.41141e+09
-2.40924e+09
-2.41041e+09
-2.41168e+09
-2.41043e+09
-2.4106e+09
-2.41121e+09
-2.44035e+09
-2.41071e+09
-2.41061e+09
-2.41256e+09
-2.41134e+09
-2.41234e+09
-2.41121e+09
-2.41064e+09
-2.40472e+09
-2.69461e+09
-2.41057e+09
-2.4118e+09
-2.44728e+09
-2.37338e+09
-2.41119e+09
-2.40938e+09
-2.41161e+09
-2.39327e+09
-2.4109e+09
-2.79998e+09
-2.41053e+09
-2.41058e+09
-2.41057e+09
-2.41031e+09
-2.41044e+09
-2.40756e+09
-2.44003e+09
-2.41043e+09
-2.41062e+09
-2.69588e+09
-2.41063e+09
-2.41043e+09
-2.41232e+09
-2.4104e+09
-2.4107e+09
-2.41078e+09
-2.41163e+09
-2.41062e+09
-2.42218e+09
-2.36978e+09
-2.41031e+09
-2.41055e+09
-2.41054e+09
-2.41396e+09
-2.41057e+09
-2.41042e+09
-2.41051e+09
-2.4126e+09
-2.41055e+09
-2.41044e+09
-2.41043e+09
-2.41105e+09
-2.41044e+09
-2.41043e+09
-2.41033e+09
-2.41053e+09
-2.41053e+09
-2.41043e+09
-2.41042e+09
-2.4141e+09
-2.4105e+09
-2.41054e+09
-2.4108e+09
-2.41055e+09
-2.41043e+09
-2.41241e+09
-2.41053e+09
-2.41064e+09
-2.41105e+09
-2.41047e+09
-2.41053e+09
-2.41043e+09
-2.41054e+09
-2.41042e+09
-2.41043e+09
-2.41043e+09
-2.41052e+09
-2.41043e+09
-2.4107e+09
-2.41111e+09
-2.41174e+09
-2.41291e+09
-2.41045e+09
-2.41314e+09
-2.46706e+09
-2.41042e+09
-2.41012e+09
-2.41043e+09
-2.41063e+09
-2.41058e+09
-2.41043e+09
-2.40926e+09
-2.41247e+09
-2.41056e+09
-2.41042e+09
-2.41207e+09
-2.41114e+09
-2.4106e+09
-2.79336e+09
-2.41061e+09
-2.41043e+09
-2.41094e+09
-2.41138e+09
-2.41113e+09
-2.41104e+09
-2.41238e+09
-2.4113e+09
-2.4102e+09
-2.4112e+09
-2.41142e+09
-2.41043e+09
-2.40756e+09
-2.42529e+09
-2.41055e+09
-2.39327e+09
-2.41112e+09
-2.41091e+09
-2.41243e+09
-2.41044e+09
-2.44952e+09
-2.4116e+09
-2.39104e+09
-2.41043e+09
-2.41185e+09
-2.41043e+09
-2.41043e+09
-2.41044e+09
-2.41043e+09
-2.40994e+09
-2.41376e+09
-2.39235e+09
-2.41053e+09
-2.40697e+09
-2.83517e+09
-2.40759e+09
-2.40203e+09
-2.41015e+09
-2.40944e+09
-2.414e+09
-2.41097e+09
-2.41052e+09
-2.41102e+09
-2.41059e+09
-2.41196e+09
-2.45944e+09
-2.41042e+09
-2.41064e+09
-2.41164e+09
-2.41239e+09
-2.41334e+09
-2.4111e+09
-2.41053e+09
-2.41069e+09
-2.41042e+09
-2.41042e+09
-2.41051e+09
-2.41045e+09
-2.41015e+09
-2.41172e+09
-2.41087e+09
-2.41298e+09
-2.41134e+09
-2.41054e+09
-2.40193e+09
-2.41053e+09
-2.41043e+09
-2.41351e+09
-2.4127e+09
-2.41142e+09
-2.41182e+09
-2.41055e+09
-2.41081e+09
-2.41138e+09
-2.41054e+09
-2.41042e+09
-2.40996e+09
-2.4115e+09
-2.41243e+09
-2.38572e+09
-2.41052e+09
-2.41052e+09
-2.41046e+09
-2.41055e+09
-2.41049e+09
-2.38538e+09
-2.41042e+09
-2.41056e+09
-2.41049e+09
-2.41212e+09
-2.41043e+09
-2.41043e+09
-2.41055e+09
-2.4107e+09
-2.4114e+09
-2.41061e+09
-2.41104e+09
-2.18221e+09
-2.41043e+09
-2.41145e+09
-2.41064e+09
-2.41043e+09
-2.41053e+09
-2.41042e+09
-2.41108e+09
-2.41181e+09
-2.41044e+09
-2.41053e+09
-2.41037e+09
-2.41052e+09
-2.41138e+09
-2.41144e+09
-2.41042e+09
-2.41054e+09
-2.41044e+09
-2.41051e+09
-2.41308e+09
-2.41062e+09
-2.41126e+09
-2.41043e+09
-2.40692e+09
-2.41053e+09
-2.41062e+09
-2.41044e+09
-2.41131e+09
-2.41096e+09
-2.41053e+09
-2.4105e+09
-2.41173e+09
-2.41226e+09
-2.41056e+09
-2.41279e+09
-2.41107e+09
-2.41053e+09
-2.41077e+09
-2.41627e+09
-2.41043e+09
-2.41221e+09
-2.41074e+09
-2.41143e+09
-2.41055e+09
-2.41076e+09
-2.54515e+09
-2.41386e+09
-2.41043e+09
-2.41076e+09
-2.41264e+09
-2.41043e+09
-2.41056e+09
-2.41044e+09
-2.4114e+09
-2.41043e+09
-2.41422e+09
-2.40981e+09
-2.41109e+09
-2.40896e+09
-2.41305e+09
-2.41042e+09
-2.41066e+09
-2.41068e+09
-2.41107e+09
-2.41135e+09
-2.39637e+09
-2.41055e+09
-2.41155e+09
-2.41042e+09
-2.41043e+09
-2.41099e+09
-2.41096e+09
-2.41043e+09
-2.41047e+09
-2.41178e+09
-2.41059e+09
-2.4121e+09
-2.39875e+09
-2.41216e+09
-2.41358e+09
-2.38435e+09
-2.41055e+09
-2.41214e+09
-2.419e+09
-2.41075e+09
-2.41281e+09
-2.41052e+09
-2.41088e+09
-2.35438e+09
-2.41287e+09
-3.07417e+09
-2.4107e+09
-2.41053e+09
-2.40855e+09
-2.41165e+09
-2.41355e+09
-2.4197e+09
-2.41721e+09
-2.41095e+09
-2.40131e+09
-2.41062e+09
-2.41274e+09
-2.41053e+09
-2.41278e+09
-2.41059e+09
-2.41056e+09
-2.41275e+09
-2.41044e+09
-2.41041e+09
-2.40835e+09
-2.41046e+09
-2.41043e+09
-2.41094e+09
-2.41109e+09
-2.4111e+09
-2.41093e+09
-2.42663e+09
-2.41279e+09
-2.42642e+09
-2.4084e+09
-2.41069e+09
-2.41107e+09
-2.54151e+09
-2.41054e+09
-2.41053e+09
-2.41257e+09
-2.41053e+09
-2.43216e+09
-2.41043e+09
-2.41244e+09
-2.41053e+09
-2.41042e+09
-2.41061e+09
-2.41108e+09
-2.41054e+09
-2.41052e+09
-2.41979e+09
-2.41113e+09
-2.41112e+09
-2.41041e+09
-2.41053e+09
-2.41105e+09
-2.66688e+09
-2.41069e+09
-2.41006e+09
-2.41052e+09
-2.41104e+09
-2.41407e+09
-2.4105e+09
-2.41043e+09
-2.41035e+09
-2.41044e+09
-2.41984e+09
-2.41043e+09
-2.41035e+09
-2.41042e+09
-2.41076e+09
-2.18009e+09
-2.4107e+09
-2.41042e+09
-2.41259e+09
-2.41043e+09
-2.41043e+09
-2.41053e+09
-2.41042e+09
-2.41333e+09
-2.41044e+09
-2.41063e+09
-2.41042e+09
-2.41205e+09
-2.41057e+09
-2.41063e+09
-2.41043e+09
-2.41139e+09
-2.41056e+09
-2.41038e+09
-2.41042e+09
-2.41068e+09
-2.41043e+09
-2.42217e+09
-2.41043e+09
-2.41331e+09
-2.41038e+09
-2.41043e+09
-2.41061e+09
-2.41057e+09
-2.41077e+09
-2.52949e+09
-2.41056e+09
-2.4148e+09
-2.34365e+09
-2.41042e+09
-2.41242e+09
-2.41043e+09
-2.41047e+09
-2.41249e+09
-2.41015e+09
-2.41043e+09
-2.41387e+09
-2.41069e+09
-2.41207e+09
-2.41046e+09
-2.41115e+09
-2.38076e+09
-2.41053e+09
-2.41064e+09
-2.39706e+09
-2.41138e+09
-2.40619e+09
-2.41043e+09
-2.41042e+09
-2.41138e+09
-2.41588e+09
-2.41054e+09
-2.41343e+09
-2.41133e+09
-2.41043e+09
-2.41044e+09
-2.41366e+09
-2.41379e+09
-2.41122e+09
-2.49849e+09
-2.41137e+09
-2.40983e+09
-2.39394e+09
-2.41047e+09
-2.41043e+09
-2.41043e+09
-2.41091e+09
-2.42759e+09
-2.40034e+09
-2.41097e+09
-2.41097e+09
-2.41262e+09
-2.4115e+09
-2.4113e+09
-2.4122e+09
-2.41313e+09
-2.41042e+09
-2.41071e+09
-2.41053e+09
-2.41015e+09
-2.41897e+09
-2.18226e+09
-2.41043e+09
-2.41016e+09
-2.41052e+09
-2.41051e+09
-2.41042e+09
-2.41088e+09
-3.01305e+09
-2.41486e+09
-2.41042e+09
-2.41263e+09
-2.41207e+09
-2.41042e+09
-2.41042e+09
-2.41042e+09
-2.41042e+09
-2.41043e+09
-2.41043e+09
-2.40185e+09
-2.41088e+09
-2.41276e+09
-2.41175e+09
-2.41136e+09
-2.41126e+09
-2.40233e+09
-2.41055e+09
-2.41042e+09
-2.41043e+09
-2.41209e+09
-2.41093e+09
-2.41043e+09
-2.41078e+09
-3.13909e+09
-2.41044e+09
-2.41053e+09
-2.41054e+09
-2.98723e+09
-2.40981e+09
-2.85637e+09
-2.41089e+09
-2.38653e+09
-2.41178e+09
-2.41057e+09
-2.41226e+09
-2.41054e+09
-2.41042e+09
-2.41035e+09
-2.41239e+09
-2.41052e+09
-2.41043e+09
-2.40906e+09
-2.41056e+09
-2.41059e+09
-2.41043e+09
-2.41142e+09
-2.40104e+09
-2.41185e+09
-2.41053e+09
-2.41221e+09
-2.41059e+09
-2.41044e+09
-2.41056e+09
-2.48161e+09
-2.41405e+09
-2.41133e+09
-2.41245e+09
-2.41269e+09
-2.41043e+09
-2.4106e+09
-2.41053e+09
-2.41061e+09
-2.41054e+09
-2.41054e+09
-2.39337e+09
-2.40556e+09
-2.41165e+09
-2.40052e+09
-2.41074e+09
-2.41053e+09
-2.41051e+09
-2.41007e+09
-2.41056e+09
-2.45632e+09
-2.41072e+09
-2.41054e+09
-2.41097e+09
-2.41044e+09
-2.41043e+09
-2.36512e+09
-2.42028e+09
-2.39395e+09
-2.41055e+09
-2.33362e+09
-2.40494e+09
-2.41036e+09
-2.51501e+09
-2.41045e+09
-2.4106e+09
-2.39987e+09
-2.41061e+09
-2.41151e+09
-2.41055e+09
-2.41044e+09
-2.41053e+09
-2.41053e+09
-2.4102e+09
-2.31155e+09
-2.38424e+09
-2.41044e+09
-2.4124e+09
-2.33346e+09
-2.41075e+09
-2.41143e+09
-2.41182e+09
-2.41044e+09
-2.41062e+09
-2.38539e+09
-2.4111e+09
-2.40826e+09
-2.41059e+09
-2.41044e+09
-2.41059e+09
-2.41044e+09
-2.40557e+09
-2.46672e+09
-2.41152e+09
-2.41071e+09
-2.41055e+09
-2.41075e+09
-2.41042e+09
-2.41041e+09
-2.41076e+09
-2.41053e+09
-2.41038e+09
-2.41063e+09
-2.41038e+09
-2.41052e+09
-2.41056e+09
-2.41041e+09
-2.41224e+09
-2.40993e+09
-2.41043e+09
-2.41046e+09
-2.41051e+09
-2.41043e+09
-2.41044e+09
-2.41046e+09
-2.41096e+09
-2.4135e+09
-2.41044e+09
-2.41268e+09
-2.41006e+09
-2.79541e+09
-2.40997e+09
-2.41053e+09
-2.41056e+09
-2.4117e+09
-2.41056e+09
-2.41043e+09
-2.41043e+09
-2.41043e+09
-2.4104e+09
-2.4104e+09
-2.41043e+09
-2.41043e+09
-2.41048e+09
-2.41068e+09
-2.41043e+09
-2.41064e+09
-2.41053e+09
-2.41042e+09
-2.41056e+09
-2.41055e+09
-2.41187e+09
-2.41072e+09
-2.41219e+09
-2.41054e+09
-2.41105e+09
-2.41033e+09
-2.41046e+09
-2.41043e+09
-2.41052e+09
-2.51225e+09
-2.41043e+09
-2.41053e+09
-2.41058e+09
-2.41072e+09
-2.41073e+09
-2.41071e+09
-2.41043e+09
-2.41042e+09
-2.41097e+09
-2.41044e+09
-2.41042e+09
-2.40808e+09
-2.44953e+09
-2.41043e+09
-2.41054e+09
-2.41044e+09
-2.41046e+09
-2.41144e+09
-2.41042e+09
-2.41054e+09
-2.40866e+09
-2.41206e+09
-2.46154e+09
-2.42218e+09
-2.43157e+09
-2.43148e+09
-2.40749e+09
-2.40796e+09
-2.41057e+09
-2.41247e+09
-2.41052e+09
-2.41265e+09
-2.41042e+09
-2.40463e+09
-2.41042e+09
-2.41045e+09
-2.41146e+09
-2.41109e+09
-2.41116e+09
-2.41035e+09
-2.41087e+09
-2.42803e+09
-2.40998e+09
-2.41042e+09
-2.41042e+09
-2.41042e+09
-2.41043e+09
-2.41043e+09
-2.41043e+09
-2.41088e+09
-2.41087e+09
-2.40718e+09
-2.40432e+09
-2.40705e+09
-2.40695e+09
-2.41322e+09
-2.41602e+09
-2.4152e+09
-2.41354e+09
-2.41672e+09
-2.41379e+09
-2.41574e+09
-2.41354e+09
-1.26276e+09
-1.26203e+09
-2.37231e+09
-3.02928e+09
-2.33318e+09
-2.42554e+09
-2.47037e+09
-2.45056e+09
-2.46335e+09
-2.42899e+09
-2.42594e+09
-2.44842e+09
-2.43096e+09
-2.41069e+09
-2.41056e+09
-2.41057e+09
-2.41058e+09
-2.40976e+09
-2.41047e+09
-2.4098e+09
-2.41044e+09
-2.41241e+09
-2.40983e+09
-2.41044e+09
-2.41048e+09
-2.41041e+09
-2.41047e+09
-2.41043e+09
-2.41043e+09
-2.41043e+09
-2.41044e+09
-2.41044e+09
-2.41043e+09
-2.41042e+09
-2.41042e+09
-2.41042e+09
-2.41043e+09
-2.41042e+09
-2.41041e+09
-2.41041e+09
-2.41042e+09
-2.41043e+09
-2.41044e+09
-2.41047e+09
-2.41041e+09
-2.41044e+09
-2.41047e+09
-2.4107e+09
-2.4107e+09
-2.41068e+09
-2.4107e+09
-2.41056e+09
-2.41058e+09
-2.41065e+09
-2.41064e+09
-2.41047e+09
-2.41047e+09
-2.41051e+09
-2.41051e+09
-2.41054e+09
-2.41051e+09
-2.4105e+09
-2.4105e+09
-2.41051e+09
-2.4105e+09
-2.41052e+09
-2.41051e+09
-2.41051e+09
-2.41053e+09
-2.41055e+09
-2.41054e+09
-2.41054e+09
-2.41054e+09
-2.41054e+09
-2.41053e+09
-2.41054e+09
-2.41054e+09
-2.41056e+09
-2.41056e+09
-2.41056e+09
-2.41062e+09
-2.41059e+09
-2.41063e+09
-2.41076e+09
-2.41122e+09
-2.41113e+09
-2.41128e+09
-2.41157e+09
-2.41168e+09
-2.41209e+09
-2.41244e+09
-2.41551e+09
-2.41636e+09
-2.41517e+09
-2.41558e+09
-2.41641e+09
-2.41566e+09
-2.41685e+09
-2.41695e+09
-2.4169e+09
-2.41806e+09
-2.41807e+09
-2.41756e+09
-2.41991e+09
-2.41869e+09
-2.42363e+09
-2.39274e+09
-2.39019e+09
-2.3934e+09
-2.40815e+09
-2.4106e+09
-2.41775e+09
-2.41794e+09
-2.40037e+09
-2.4006e+09
-2.39228e+09
-2.40087e+09
-2.40068e+09
-2.40094e+09
-2.39558e+09
-2.40602e+09
-2.40212e+09
-2.39353e+09
-2.39341e+09
-2.39358e+09
-2.40588e+09
-2.39213e+09
-2.40298e+09
-2.41516e+09
-2.4151e+09
-2.41957e+09
-2.4195e+09
-2.41941e+09
-2.42286e+09
-2.42016e+09
-2.42282e+09
-2.42275e+09
-2.42743e+09
-2.44938e+09
-3.07243e+09
-2.42008e+09
-2.39502e+09
-2.3702e+09
-2.37185e+09
-2.37395e+09
-2.37253e+09
-2.40518e+09
-2.37074e+09
-2.40714e+09
-2.40773e+09
-2.40837e+09
-2.40829e+09
-2.41027e+09
-2.41033e+09
-2.41353e+09
-2.41119e+09
-2.40905e+09
-2.4127e+09
-2.41278e+09
-2.41288e+09
-2.41251e+09
-2.41259e+09
-2.41378e+09
-2.41391e+09
-2.4129e+09
-2.41385e+09
-2.41164e+09
-2.4118e+09
-2.41176e+09
-2.41187e+09
-2.4125e+09
-2.41223e+09
-2.41183e+09
-2.41169e+09
-2.41181e+09
-2.41158e+09
-2.40762e+09
-2.40756e+09
-2.41067e+09
-2.40757e+09
-2.40756e+09
-2.4107e+09
-2.40757e+09
-2.40982e+09
-2.4083e+09
-2.40984e+09
-2.40829e+09
-2.40825e+09
-2.40804e+09
-2.4089e+09
-2.40703e+09
-2.40672e+09
-2.40942e+09
-2.40994e+09
-2.41004e+09
-2.41007e+09
-2.40982e+09
-2.40983e+09
-2.41128e+09
-2.41093e+09
-2.41083e+09
-2.41079e+09
-2.41082e+09
-2.41085e+09
-2.41082e+09
-2.41081e+09
-2.41086e+09
-2.41086e+09
-2.41088e+09
-2.4108e+09
-2.41082e+09
-2.41085e+09
-2.4108e+09
-2.41075e+09
-2.41077e+09
-2.41075e+09
-2.41079e+09
-2.41074e+09
-2.41075e+09
-2.41063e+09
-2.41062e+09
-2.41059e+09
-2.41043e+09
-2.41042e+09
-2.41044e+09
-2.41043e+09
-2.41005e+09
-2.4101e+09
-2.41007e+09
-2.41047e+09
-2.4106e+09
-2.41032e+09
-2.41032e+09
-2.41034e+09
-2.41034e+09
-2.41037e+09
-2.41037e+09
-2.41036e+09
-2.41038e+09
-2.41037e+09
-2.41037e+09
-2.41037e+09
-2.41041e+09
-2.41041e+09
-2.41041e+09
-2.41041e+09
-2.41041e+09
-2.41043e+09
-2.41041e+09
-2.41041e+09
-2.41043e+09
-2.41043e+09
-2.41043e+09
-2.41043e+09
-2.41043e+09
-2.41042e+09
-2.41043e+09
-2.41041e+09
-2.41041e+09
-2.41043e+09
-2.41041e+09
-2.41041e+09
-2.41042e+09
-2.41042e+09
-2.41042e+09
-2.41042e+09
-2.41242e+09
-2.41044e+09
-2.41044e+09
-2.41046e+09
-2.41046e+09
-2.41044e+09
-2.41044e+09
-2.41044e+09
-2.41042e+09
-2.41043e+09
-2.41043e+09
-2.41041e+09
-2.41047e+09
-2.41043e+09
-2.4107e+09
-2.4107e+09
-2.41069e+09
-2.41037e+09
-2.41051e+09
-2.41053e+09
-2.41054e+09
-2.41056e+09
-2.41056e+09
-2.41322e+09
-2.41738e+09
-2.41813e+09
-2.38712e+09
-2.46963e+09
-2.39391e+09
-2.41742e+09
-2.39184e+09
-2.3953e+09
-2.4002e+09
-2.39327e+09
-2.39334e+09
-2.41498e+09
-2.41476e+09
-2.42016e+09
-3.02921e+09
-2.90964e+09
-2.37228e+09
-2.37341e+09
-2.41627e+09
-2.41127e+09
-2.41263e+09
-2.4121e+09
-2.41246e+09
-2.4124e+09
-2.41294e+09
-2.41216e+09
-2.41205e+09
-2.41213e+09
-2.41203e+09
-2.41187e+09
-2.41208e+09
-2.40757e+09
-2.40754e+09
-2.40754e+09
-2.4098e+09
-2.40782e+09
-2.41011e+09
-2.40874e+09
-2.4078e+09
-2.41001e+09
-2.41123e+09
-2.41129e+09
-2.4108e+09
-2.41082e+09
-2.41081e+09
-2.41078e+09
-2.41079e+09
-2.41076e+09
-2.41059e+09
-2.41073e+09
-2.41045e+09
-2.41043e+09
-2.41044e+09
-2.41047e+09
-2.41041e+09
-2.41008e+09
-2.41015e+09
-2.41007e+09
-2.41032e+09
-2.41036e+09
-2.41038e+09
-2.41041e+09
-2.41041e+09
-2.41043e+09
-2.41041e+09
-2.41041e+09
-2.41043e+09
-2.41043e+09
-2.41043e+09
-2.41043e+09
-2.41042e+09
-2.41037e+09
-2.41042e+09
-2.41042e+09
-2.41042e+09
-2.41041e+09
-2.41042e+09
-2.41042e+09
-2.41044e+09
-2.41044e+09
-2.41044e+09
-2.41043e+09
-2.41044e+09
-2.41044e+09
-2.41044e+09
-2.41044e+09
-2.41044e+09
-2.41043e+09
-2.41043e+09
-2.41043e+09
-2.41043e+09
-2.41043e+09
-2.41043e+09
-2.41043e+09
-2.41043e+09
-2.41043e+09
-2.41043e+09
-2.41043e+09
-2.41043e+09
-2.41043e+09
-2.41043e+09
-2.41043e+09
-2.41043e+09
-2.41043e+09
-2.41043e+09
-2.41043e+09
-2.41043e+09
-2.41043e+09
-2.41043e+09
-2.41042e+09
-2.41042e+09
-2.41042e+09
-2.41043e+09
-2.41042e+09
-2.41041e+09
-2.41049e+09
-2.41052e+09
-2.41054e+09
-2.41052e+09
-2.41052e+09
-2.41057e+09
-2.41056e+09
-2.41056e+09
-2.41057e+09
-2.41063e+09
-2.41061e+09
-2.41062e+09
-2.41056e+09
-2.41063e+09
-2.41053e+09
-2.41053e+09
-2.41053e+09
-2.41054e+09
-2.41054e+09
-2.41053e+09
-2.41054e+09
-2.41055e+09
-2.41054e+09
-2.41056e+09
-2.4106e+09
-2.41063e+09
-2.41064e+09
-2.41073e+09
-2.41073e+09
-2.41077e+09
-2.41074e+09
-2.41076e+09
-2.4108e+09
-2.41086e+09
-2.41084e+09
-2.41085e+09
-2.41093e+09
-2.41096e+09
-2.41089e+09
-2.41099e+09
-2.41107e+09
-2.41102e+09
-2.4112e+09
-2.41122e+09
-2.41125e+09
-2.41141e+09
-2.41138e+09
-2.41154e+09
-2.41153e+09
-2.4115e+09
-2.41162e+09
-2.41163e+09
-2.41163e+09
-2.41175e+09
-2.41177e+09
-2.41178e+09
-2.41228e+09
-2.41217e+09
-2.4122e+09
-2.41238e+09
-2.41244e+09
-2.41314e+09
-2.41275e+09
-2.41291e+09
-2.4127e+09
-2.41179e+09
-2.41352e+09
-2.41383e+09
-2.41192e+09
-2.41036e+09
-2.41155e+09
-2.4133e+09
-2.4101e+09
-2.41021e+09
-2.41291e+09
-2.4095e+09
-2.40997e+09
-2.4097e+09
-2.40946e+09
-2.40937e+09
-2.4055e+09
-2.41445e+09
-2.41741e+09
-2.42189e+09
-2.41936e+09
-2.41511e+09
-2.42194e+09
-2.42556e+09
-2.43136e+09
-2.42023e+09
-2.43024e+09
-2.44521e+09
-2.45486e+09
-2.50139e+09
-2.4947e+09
-2.49825e+09
-2.68775e+09
-2.67669e+09
-2.67601e+09
-2.45533e+09
-2.42036e+09
-2.39805e+09
-2.3937e+09
-2.38465e+09
-2.38653e+09
-2.39884e+09
-2.40069e+09
-2.40404e+09
-2.40512e+09
-2.40938e+09
-2.41106e+09
-2.41133e+09
-2.4106e+09
-2.41186e+09
-2.41134e+09
-2.41173e+09
-2.4123e+09
-2.41294e+09
-2.41192e+09
-2.41253e+09
-2.41239e+09
-2.41222e+09
-2.41226e+09
-2.41253e+09
-2.4125e+09
-2.41258e+09
-2.41226e+09
-2.41232e+09
-2.41217e+09
-2.41216e+09
-2.41222e+09
-2.41228e+09
-2.41214e+09
-2.41226e+09
-2.41219e+09
-2.41208e+09
-2.41214e+09
-2.4119e+09
-2.41184e+09
-2.41198e+09
-2.41184e+09
-2.4106e+09
-2.41188e+09
-2.40748e+09
-2.41069e+09
-2.41046e+09
-2.40988e+09
-2.40805e+09
-2.40962e+09
-2.40938e+09
-2.41046e+09
-2.40868e+09
-2.40906e+09
-2.41001e+09
-2.40998e+09
-2.41098e+09
-2.41099e+09
-2.41072e+09
-2.40996e+09
-2.41138e+09
-2.4114e+09
-2.41112e+09
-2.41121e+09
-2.41112e+09
-2.411e+09
-2.41102e+09
-2.41104e+09
-2.41097e+09
-2.41096e+09
-2.41098e+09
-2.41095e+09
-2.41096e+09
-2.41096e+09
-2.41096e+09
-2.41094e+09
-2.41093e+09
-2.41094e+09
-2.41087e+09
-2.41085e+09
-2.41082e+09
-2.41085e+09
-2.41083e+09
-2.4108e+09
-2.41078e+09
-2.41072e+09
-2.41072e+09
-2.4107e+09
-2.41069e+09
-2.41066e+09
-2.41066e+09
-2.41062e+09
-2.41062e+09
-2.41046e+09
-2.41053e+09
-2.41047e+09
-2.41053e+09
-2.41032e+09
-2.41036e+09
-2.41032e+09
-2.41041e+09
-2.41041e+09
-2.41042e+09
-2.41042e+09
-2.41042e+09
-2.41042e+09
-2.41042e+09
-2.41041e+09
-2.41043e+09
-2.41042e+09
-2.41046e+09
-2.41043e+09
-2.41042e+09
-2.41043e+09
-2.41042e+09
-2.41042e+09
-2.41042e+09
-2.41042e+09
-2.4099e+09
-2.41042e+09
-2.41042e+09
-2.41043e+09
-2.41043e+09
-2.41043e+09
-2.41043e+09
-2.41043e+09
-2.41043e+09
-2.41043e+09
-2.41043e+09
-2.41044e+09
-2.41044e+09
-2.45498e+09
-2.4111e+09
-2.41153e+09
-2.41053e+09
-2.41053e+09
-2.41053e+09
-2.41043e+09
-2.41043e+09
-2.41043e+09
-2.41043e+09
-2.41044e+09
-2.41043e+09
-2.41043e+09
-2.41043e+09
-2.41043e+09
-2.41043e+09
-2.41043e+09
-2.41043e+09
-2.41043e+09
-2.41043e+09
-2.41043e+09
-2.41043e+09
-2.41043e+09
-2.41043e+09
-2.41043e+09
-2.41082e+09
-2.41043e+09
-2.41043e+09
-2.41043e+09
-2.41043e+09
-2.41042e+09
-2.41042e+09
-2.41042e+09
-2.41043e+09
-2.41058e+09
-2.41052e+09
-2.41053e+09
-2.41051e+09
-2.41051e+09
-2.41051e+09
-2.41053e+09
-2.41053e+09
-2.41053e+09
-2.41053e+09
-2.41053e+09
-2.41055e+09
-2.41057e+09
-2.4129e+09
-2.4128e+09
-2.41291e+09
-2.41271e+09
-2.41278e+09
-2.41053e+09
-2.41053e+09
-2.41053e+09
-2.41053e+09
-2.41054e+09
-2.41054e+09
-2.41054e+09
-2.41054e+09
-2.41055e+09
-2.41055e+09
-2.41061e+09
-2.41059e+09
-2.41064e+09
-2.41063e+09
-2.41065e+09
-2.41066e+09
-2.41069e+09
-2.4107e+09
-2.41073e+09
-2.41072e+09
-2.41073e+09
-2.41071e+09
-2.41075e+09
-2.41076e+09
-2.41076e+09
-2.41077e+09
-2.41089e+09
-2.41094e+09
-2.41086e+09
-2.41077e+09
-2.41091e+09
-2.41094e+09
-2.41089e+09
-2.41099e+09
-2.41133e+09
-2.41104e+09
-2.41103e+09
-2.41104e+09
-2.41226e+09
-2.41147e+09
-2.41106e+09
-2.41106e+09
-2.41105e+09
-2.41107e+09
-2.41109e+09
-2.4111e+09
-2.41109e+09
-2.41127e+09
-2.41145e+09
-2.41251e+09
-2.41125e+09
-2.41161e+09
-2.39841e+09
-2.40186e+09
-2.41263e+09
-2.41282e+09
-2.41271e+09
-2.41267e+09
-2.41295e+09
-2.41224e+09
-2.4123e+09
-2.41208e+09
-2.41266e+09
-2.41196e+09
-2.41138e+09
-2.4125e+09
-2.4116e+09
-2.41143e+09
-2.41132e+09
-2.41119e+09
-2.41128e+09
-2.41024e+09
-2.41013e+09
-2.40994e+09
-2.40989e+09
-2.40966e+09
-2.40974e+09
-2.40971e+09
-2.40965e+09
-2.40994e+09
-2.40991e+09
-2.40546e+09
-2.40987e+09
-2.41048e+09
-2.41353e+09
-2.41392e+09
-2.41309e+09
-2.41396e+09
-2.41283e+09
-2.41271e+09
-2.41344e+09
-2.4254e+09
-2.42178e+09
-2.41678e+09
-2.41496e+09
-2.44759e+09
-2.4321e+09
-2.4464e+09
-2.50328e+09
-2.46543e+09
-2.45193e+09
-2.49083e+09
-2.68734e+09
-2.56262e+09
-2.41169e+09
-2.41243e+09
-2.41241e+09
-2.4644e+09
-2.42367e+09
-2.41963e+09
-2.41812e+09
-2.40736e+09
-2.40483e+09
-2.40841e+09
-2.40661e+09
-2.40781e+09
-2.41155e+09
-2.41096e+09
-2.40967e+09
-2.40618e+09
-2.40988e+09
-2.4103e+09
-2.41076e+09
-2.41016e+09
-2.40999e+09
-2.4101e+09
-2.41003e+09
-2.41054e+09
-2.41079e+09
-2.41025e+09
-2.41047e+09
-2.41207e+09
-2.41264e+09
-2.41235e+09
-2.41212e+09
-2.41178e+09
-2.41238e+09
-2.41245e+09
-2.41233e+09
-2.41232e+09
-2.41246e+09
-2.4124e+09
-2.41223e+09
-2.41245e+09
-2.41223e+09
-2.4123e+09
-2.41201e+09
-2.41206e+09
-2.41194e+09
-2.41206e+09
-2.41178e+09
-2.41169e+09
-2.41164e+09
-2.41122e+09
-2.41096e+09
-2.41072e+09
-2.41044e+09
-2.40973e+09
-2.41067e+09
-2.41018e+09
-2.41052e+09
-2.41052e+09
-2.41052e+09
-2.41053e+09
-2.4116e+09
-2.41151e+09
-2.4114e+09
-2.41059e+09
-2.41153e+09
-2.41147e+09
-2.41163e+09
-2.41146e+09
-2.41112e+09
-2.41115e+09
-2.4114e+09
-2.41112e+09
-2.41109e+09
-2.41099e+09
-2.41101e+09
-2.41101e+09
-2.41096e+09
-2.41102e+09
-2.411e+09
-2.411e+09
-2.41101e+09
-2.41099e+09
-2.411e+09
-2.41095e+09
-2.41099e+09
-2.411e+09
-2.41095e+09
-2.41098e+09
-2.41084e+09
-2.41086e+09
-2.41086e+09
-2.41095e+09
-2.41081e+09
-2.41183e+09
-2.4108e+09
-2.41081e+09
-2.41085e+09
-2.41076e+09
-2.41075e+09
-2.41073e+09
-2.41075e+09
-2.41072e+09
-2.41074e+09
-2.41074e+09
-2.41069e+09
-2.41072e+09
-2.41067e+09
-2.4107e+09
-2.4107e+09
-2.41069e+09
-2.41067e+09
-2.41063e+09
-2.41062e+09
-2.41063e+09
-2.41052e+09
-2.41046e+09
-2.41042e+09
-2.41072e+09
-2.41042e+09
-2.41042e+09
-2.41041e+09
-2.41042e+09
-2.41042e+09
-2.41042e+09
-2.41042e+09
-2.41042e+09
-2.41043e+09
-2.41043e+09
-2.41043e+09
-2.41043e+09
-2.41043e+09
-2.41043e+09
-2.41042e+09
-2.41042e+09
-2.41042e+09
-2.41042e+09
-2.41042e+09
-2.41042e+09
-2.41043e+09
-2.41043e+09
-2.41043e+09
-2.41043e+09
-2.41043e+09
-2.41043e+09
-2.41043e+09
-2.41043e+09
-2.41043e+09
-2.41043e+09
-2.41043e+09
-2.41043e+09
-2.41207e+09
-2.4117e+09
-2.41237e+09
-2.41171e+09
-2.41229e+09
-2.41211e+09
-2.41131e+09
-2.41132e+09
-2.41144e+09
-2.41053e+09
-2.41053e+09
-2.40988e+09
-2.41053e+09
-2.41053e+09
-2.41052e+09
-2.41052e+09
-2.41053e+09
-2.41053e+09
-2.41043e+09
-2.41043e+09
-2.41043e+09
-2.41043e+09
-2.41042e+09
-2.41042e+09
-2.41042e+09
-2.41042e+09
-2.41001e+09
-2.41037e+09
-2.40973e+09
-2.41025e+09
-2.41039e+09
-2.41043e+09
-2.41043e+09
-2.41043e+09
-2.41043e+09
-2.41043e+09
-2.41043e+09
-2.41043e+09
-2.41043e+09
-2.41043e+09
-2.41043e+09
-2.41043e+09
-2.41043e+09
-2.41043e+09
-2.41043e+09
-2.41043e+09
-2.41043e+09
-2.41042e+09
-2.41053e+09
-2.41053e+09
-2.41053e+09
-2.41053e+09
-2.41172e+09
-2.41176e+09
-2.41175e+09
-2.41161e+09
-2.41053e+09
-2.41053e+09
-2.41053e+09
-2.41055e+09
-2.41055e+09
-2.41053e+09
-2.41055e+09
-2.41055e+09
-2.41056e+09
-2.41055e+09
-2.41056e+09
-2.41056e+09
-2.41056e+09
-2.41058e+09
-2.41063e+09
-2.41062e+09
-2.41075e+09
-2.41077e+09
-2.41082e+09
-2.41076e+09
-2.41089e+09
-2.411e+09
-2.41094e+09
-2.41098e+09
-2.41105e+09
-2.411e+09
-2.41101e+09
-2.41116e+09
-2.41118e+09
-2.41123e+09
-2.41043e+09
-2.41043e+09
-2.41276e+09
-2.41273e+09
-2.41264e+09
-2.41283e+09
-2.41252e+09
-2.41214e+09
-2.41247e+09
-2.41244e+09
-2.41272e+09
-2.41277e+09
-2.41257e+09
-2.41252e+09
-2.41246e+09
-2.41226e+09
-2.41118e+09
-2.41001e+09
-2.41009e+09
-2.41047e+09
-2.41039e+09
-2.41021e+09
-2.4099e+09
-2.4099e+09
-2.41412e+09
-2.41195e+09
-2.41085e+09
-2.41143e+09
-2.41591e+09
-2.42764e+09
-2.43644e+09
-2.45664e+09
-2.42458e+09
-2.42339e+09
-2.40951e+09
-2.41375e+09
-2.42037e+09
-2.41163e+09
-2.41155e+09
-2.41171e+09
-2.41236e+09
-2.41054e+09
-2.41013e+09
-2.41086e+09
-2.41041e+09
-2.40983e+09
-2.40992e+09
-2.41209e+09
-2.41208e+09
-2.41202e+09
-2.41183e+09
-2.41163e+09
-2.41092e+09
-2.41154e+09
-2.41143e+09
-2.41042e+09
-2.41042e+09
-2.41042e+09
-2.41042e+09
-2.41043e+09
-2.41043e+09
-2.41043e+09
-2.41042e+09
-2.41042e+09
-2.41042e+09
-2.41043e+09
-2.41043e+09
-2.41043e+09
-2.41043e+09
-2.41043e+09
-2.41074e+09
-2.41244e+09
-2.41257e+09
-2.41237e+09
-2.41053e+09
-2.41043e+09
-2.4123e+09
-2.41097e+09
-2.41042e+09
-2.41273e+09
-2.42124e+09
-2.41606e+09
-2.41042e+09
-2.41043e+09
-2.41091e+09
-2.40984e+09
-2.41221e+09
-2.4106e+09
-2.41141e+09
-2.41225e+09
-2.41211e+09
-2.41228e+09
-2.40988e+09
-2.41102e+09
-2.41063e+09
-2.41067e+09
-2.41052e+09
-2.41042e+09
-2.41042e+09
-2.41042e+09
-2.41042e+09
-2.41042e+09
-2.41043e+09
-2.41071e+09
-2.41053e+09
-2.41043e+09
-2.41043e+09
-2.41042e+09
-2.4108e+09
-2.41092e+09
-2.41043e+09
-2.41122e+09
-2.41129e+09
-2.41097e+09
-2.40977e+09
-2.40955e+09
-2.41181e+09
-2.40977e+09
-2.41087e+09
-2.41152e+09
-2.41248e+09
-2.41259e+09
-2.4123e+09
-2.4124e+09
-2.41246e+09
-2.41244e+09
-2.4123e+09
-2.41144e+09
-2.41075e+09
-2.41075e+09
-2.41069e+09
-2.41042e+09
-2.41042e+09
-2.41042e+09
-2.41043e+09
-2.41043e+09
-2.41244e+09
-2.41225e+09
-2.41042e+09
-2.41253e+09
-2.411e+09
-2.41077e+09
-2.41043e+09
-2.41071e+09
-2.41189e+09
-2.41005e+09
-2.41001e+09
-2.41043e+09
-2.41043e+09
-2.41167e+09
-2.41042e+09
-2.41042e+09
-2.4079e+09
-2.41678e+09
-1.26338e+09
-2.41043e+09
-2.42572e+09
-2.42584e+09
-2.41057e+09
-2.41043e+09
-2.41044e+09
-2.40993e+09
-2.41047e+09
-2.41044e+09
-2.41051e+09
-2.41042e+09
-2.41053e+09
-2.41042e+09
-2.4175e+09
-2.39188e+09
-2.41489e+09
-2.41508e+09
-2.37073e+09
-2.41294e+09
-2.41287e+09
-2.4127e+09
-2.41186e+09
-2.40738e+09
-2.41079e+09
-2.41069e+09
-2.41077e+09
-2.41071e+09
-2.41075e+09
-2.41077e+09
-2.41041e+09
-2.41043e+09
-2.41004e+09
-2.41034e+09
-2.41098e+09
-2.41037e+09
-2.41037e+09
-2.41038e+09
-2.41041e+09
-2.411e+09
-2.41042e+09
-2.41101e+09
-2.41042e+09
-2.41042e+09
-2.41037e+09
-2.41043e+09
-2.41042e+09
-2.41037e+09
-2.41046e+09
-2.4124e+09
-2.4107e+09
-2.41151e+09
-2.41065e+09
-2.41006e+09
-2.41042e+09
-2.41042e+09
-2.41042e+09
-2.41156e+09
-2.41042e+09
-2.41041e+09
-2.41043e+09
-2.41066e+09
-2.41136e+09
-2.41143e+09
-2.41121e+09
-2.40973e+09
-2.40999e+09
-2.41222e+09
-2.41212e+09
-2.41215e+09
-2.40999e+09
-2.4107e+09
-2.41108e+09
-2.41067e+09
-2.41051e+09
-2.41032e+09
-2.41042e+09
-2.41042e+09
-2.41041e+09
-2.41042e+09
-2.41191e+09
-2.41043e+09
-2.41043e+09
-2.41053e+09
-2.41043e+09
-2.41226e+09
-2.41043e+09
-2.41043e+09
-2.41054e+09
-2.41241e+09
-2.41063e+09
-2.41088e+09
-2.41101e+09
-2.41127e+09
-2.41134e+09
-2.41128e+09
-2.41253e+09
-2.40995e+09
-2.41047e+09
-2.41043e+09
-2.41043e+09
-2.41043e+09
-2.41043e+09
-2.41278e+09
-2.413e+09
-2.41278e+09
-2.41271e+09
)
;

boundaryField
{
    Wall
    {
        type            zeroGradient;
    }
    Inlet
    {
        type            zeroGradient;
    }
    Outlet
    {
        type            fixedValue;
        value           uniform 0;
    }
    Empty
    {
        type            empty;
    }
}


// ************************************************************************* //
