/*--------------------------------*- C++ -*----------------------------------*\
| =========                 |                                                 |
| \\      /  F ield         | OpenFOAM: The Open Source CFD Toolbox           |
|  \\    /   O peration     | Version:  2312                                  |
|   \\  /    A nd           | Website:  www.openfoam.com                      |
|    \\/     M anipulation  |                                                 |
\*---------------------------------------------------------------------------*/
FoamFile
{
    version     2.0;
    format      ascii;
    arch        "LSB;label=32;scalar=64";
    class       volScalarField;
    location    "0.49995";
    object      p;
}
// * * * * * * * * * * * * * * * * * * * * * * * * * * * * * * * * * * * * * //

dimensions      [0 2 -2 0 0 0 0];

internalField   nonuniform List<scalar> 
5523
(
20.6491
20.6746
20.7072
20.644
20.6982
20.6848
20.6395
20.635
20.6851
20.6989
19.9603
20.3086
20.3109
20.4632
20.5242
20.6941
20.7117
20.7088
20.7097
20.5869
20.6101
20.5798
20.6485
20.6754
20.6931
20.7498
20.8962
20.6449
20.6978
20.6099
20.6499
20.6485
20.6342
20.6392
19.9609
19.9617
20.3085
20.3108
20.4632
20.5242
20.6943
20.5862
20.7116
20.7087
20.7094
20.6477
20.7071
20.6446
20.6977
20.61
20.6926
20.6437
20.6098
20.5801
20.6486
20.8805
20.7503
20.8938
20.2426
20.6298
20.5686
20.7052
20.7755
20.3964
20.7074
20.7495
20.7636
20.6775
20.6707
20.7086
20.6823
20.654
20.6723
20.6556
20.6767
20.5307
20.6339
20.5719
20.6512
20.5177
20.6347
20.5773
20.6682
20.4742
20.7018
20.5965
20.6861
20.6457
20.6204
20.6799
20.6473
20.6904
20.6417
20.6637
20.7131
20.7182
20.6474
20.6415
20.6757
20.6492
20.6704
20.6074
20.6006
20.6105
20.6675
20.6311
20.642
20.6911
20.6643
20.7133
20.7189
20.6465
20.6867
20.6213
20.6806
20.6482
19.7073
19.6885
20.3774
20.1099
20.0434
19.9733
20.0277
20.1132
20.2678
20.7384
20.6535
20.3748
20.2414
20.3801
20.4528
20.1126
20.5571
20.0657
20.2092
20.2324
20.5738
20.3952
20.2511
20.4991
20.2754
20.1969
20.1762
20.1696
20.1914
20.1968
20.2914
20.3625
20.1693
20.1447
20.2243
20.1207
20.1461
20.2423
20.1849
20.2454
20.2867
20.2723
20.215
20.3903
20.5826
20.7821
20.739
20.6881
20.6025
20.6272
20.5954
20.3274
20.7186
20.3652
20.4038
20.4418
20.5751
20.3176
20.46
20.4616
20.5171
20.5458
20.5432
20.4224
20.3107
20.4321
20.3167
20.3553
20.4375
20.4628
20.452
20.5277
20.5242
20.3984
20.5193
20.6945
20.7194
20.6785
20.7383
20.6841
20.6069
20.5857
20.5729
20.5728
20.6218
20.6201
20.601
20.6295
20.6289
20.6014
20.5006
20.5898
20.5624
20.5419
20.5731
20.6201
20.596
20.5905
20.6428
20.5733
20.613
20.5113
20.5745
20.555
20.633
20.4897
20.5944
20.5471
20.5637
20.6259
20.6735
20.6251
20.6239
20.5784
20.6517
20.5644
20.5837
20.6443
20.6708
20.5669
20.5331
20.6354
20.51
20.515
20.588
20.5306
20.4823
20.589
20.4945
20.4822
20.6166
20.4661
20.4569
20.6023
20.7903
21.0834
20.875
20.8719
20.4648
20.6892
20.4934
20.7058
20.5163
20.5004
20.6386
20.4931
20.5074
20.7181
20.4678
20.5487
20.5241
20.6721
20.5924
20.6549
20.6672
20.5973
20.6316
20.6439
20.6332
20.6434
20.6377
20.6043
20.6182
20.6193
20.6144
20.6159
20.6879
20.6124
20.6329
20.5938
20.605
20.6502
20.6028
20.6174
20.6273
20.6236
20.6103
20.6012
20.5626
20.5824
20.565
20.5894
20.5887
20.6165
20.1687
20.175
20.575
20.46
20.4416
20.3171
20.5855
20.5724
20.6064
20.5725
20.6426
20.6368
20.6137
20.6189
20.6325
20.6036
20.6167
20.6728
20.6239
20.6252
20.6514
20.6235
20.5619
20.5778
20.6883
20.7053
20.4645
20.4916
20.7755
20.7434
20.7522
20.7665
20.7059
20.6962
20.6998
20.7143
20.6944
20.7032
20.7106
20.5721
20.6174
20.6608
20.6782
20.6763
20.6416
20.6637
20.7045
20.7028
20.6287
20.6495
20.682
20.6738
20.6571
20.6875
20.6415
20.6753
20.6615
20.705
20.6289
20.7033
20.65
20.6823
20.6617
20.6772
20.6789
20.6645
20.6425
20.0852
19.6708
18.9445
18.8629
19.6916
19.905
19.6947
19.9079
20.0394
19.9759
19.8787
20.0846
19.7045
20.0303
20.0331
19.9878
20.0218
20.1942
19.9996
19.9361
19.8785
19.9683
19.8434
20.0196
20.0954
19.9463
20.0293
20.0472
20.0303
20.1145
20.0515
20.0606
20.1558
20.07
20.0715
20.2152
20.2949
20.3214
20.2065
20.7597
20.7937
20.6343
20.7583
20.6408
20.6065
20.6949
20.6905
20.5339
20.5124
20.5364
20.2821
20.3891
20.3721
20.2877
20.4872
20.5366
20.5441
20.4799
20.73
20.7224
20.7223
20.7189
20.7183
20.7342
20.7309
20.6899
20.7162
20.7175
20.6511
20.7323
20.6823
20.6663
20.5664
20.5951
20.543
20.5818
20.6282
20.603
20.6381
20.6093
20.6665
20.6217
20.6035
20.5152
20.5783
20.5654
20.5268
20.5743
20.5919
20.6102
20.5479
20.6536
20.5817
20.6135
20.6354
20.6083
20.6544
20.6086
20.6261
20.6515
20.6641
20.6711
20.6595
20.6507
20.6404
20.6381
20.6261
20.6205
20.6681
20.679
20.632
20.6531
20.4655
20.5632
20.5492
20.5094
20.4681
20.5677
20.5581
20.4274
20.7341
20.5913
20.8877
20.6345
20.7614
20.5145
20.7261
21.3668
21.2876
21.3108
21.3239
20.6776
20.6151
20.4747
20.5945
20.6264
20.492
20.6472
20.6265
20.6126
20.6211
20.8164
20.6072
21.5167
21.568
20.6731
21.0042
20.6279
20.6517
20.6072
20.6337
20.5713
20.6536
20.6016
20.6065
20.6274
20.6361
20.6365
20.6764
20.6424
20.6636
20.6493
20.6207
20.5428
20.6049
20.5882
20.5714
20.5314
20.5627
20.5775
20.4927
20.6065
20.5999
20.6667
20.6097
20.6304
20.6472
20.641
20.6485
20.6756
20.6697
19.7066
19.6878
20.0261
19.9725
20.1119
20.3772
20.1092
20.0427
20.1965
20.3621
20.1903
20.2908
20.2231
20.2415
20.1681
20.1432
20.1192
20.145
20.2864
20.3898
20.1838
20.2445
20.2717
20.2138
20.6295
20.2422
20.738
20.6531
20.2672
20.3746
20.3799
20.4527
20.5568
20.2408
20.112
20.0653
20.2087
20.5738
20.3951
20.4989
20.2318
20.2509
20.2752
20.1965
20.5169
20.5432
20.4613
20.5456
20.4319
20.4376
20.4224
20.3096
20.3163
20.3547
20.5278
20.5195
20.4621
20.4517
20.5243
20.3976
20.7048
20.7754
20.5686
20.3962
20.7826
20.7388
20.5825
20.6877
20.6272
20.5957
20.719
20.6024
20.3271
20.3651
20.4041
20.6004
20.6284
20.6212
20.6195
20.6291
20.5897
20.5728
20.6016
20.4998
20.5612
20.5414
20.5898
20.6125
20.6184
20.5953
20.6434
20.5719
20.749
20.7637
20.7067
20.6766
20.719
20.738
20.6938
20.6779
20.6838
20.6872
20.6119
20.6151
20.6491
20.6035
20.632
20.5931
20.6164
20.6005
20.6249
20.6006
20.6248
20.61
20.5821
20.6151
20.5864
20.5633
20.5671
20.5865
20.6706
20.7084
20.6764
20.6559
20.6816
20.6534
20.6707
20.6542
20.6719
20.5921
20.6438
20.6296
20.6663
20.5982
20.6434
20.6705
20.5828
20.6343
20.5658
20.5636
20.5319
20.5863
20.5889
20.5124
20.5164
20.5285
20.4782
20.616
20.6005
20.4914
20.4813
20.4669
20.4575
20.6505
20.6335
20.572
20.6342
20.5179
20.5315
20.5761
20.6323
20.5744
20.5543
20.5935
20.4891
20.509
20.5462
20.6371
20.702
20.7166
20.5165
20.5024
20.4927
20.5096
20.7428
20.5246
20.4688
20.55
20.474
20.7024
20.6683
20.5943
21.0845
20.876
20.7917
20.8754
20.5732
20.4135
20.5179
20.6409
20.6607
20.5612
20.5012
20.6739
20.5519
20.5277
20.6939
20.8106
20.6409
20.7222
20.7518
20.7209
20.7449
20.7491
20.72
20.7527
20.7416
20.6573
20.6244
20.479
20.5288
20.6559
20.453
20.755
20.7468
20.7377
20.7646
20.7525
20.7291
20.7644
20.7646
20.7333
20.7448
20.7883
20.7171
20.6827
20.7106
20.6919
20.705
20.6946
20.7112
20.6898
20.7046
20.703
20.7099
20.6753
20.6983
20.7269
20.6809
20.6938
20.6887
20.6792
20.6599
20.6825
20.6958
20.6736
20.6595
20.6758
20.67
20.6796
20.6632
20.668
20.6734
20.6543
20.6425
20.6756
20.6543
20.663
20.6314
20.6704
20.6037
20.571
20.666
20.5452
20.6907
20.6537
20.6937
20.6298
20.5411
20.6198
20.7369
20.6797
20.608
20.5259
20.7464
20.7527
20.612
20.7009
20.6684
20.5493
20.6455
20.4559
20.7004
20.619
20.5421
20.6129
20.6768
20.6951
20.6783
20.6617
20.6815
20.6817
20.6752
20.6489
20.6773
20.6048
20.6308
20.6197
20.6636
20.6356
20.6476
20.6573
20.6827
20.6608
20.6343
20.6829
20.6723
20.6794
20.6529
20.6665
20.6224
20.6808
20.6133
20.6484
20.6531
20.642
20.656
20.6451
20.6052
20.6756
20.6971
20.7031
20.6662
20.7021
20.7253
20.7267
20.678
20.6463
20.6961
20.7114
20.6151
20.6694
20.6772
20.6593
20.6141
20.7402
20.6497
20.6397
20.6712
20.6625
20.6496
20.6729
20.5942
20.6242
20.6585
20.621
20.6457
20.6869
20.6598
20.6159
20.6756
20.6495
20.6506
20.6479
20.6221
20.61
20.6176
20.6356
20.6373
20.6624
20.6321
20.6463
20.6312
20.61
20.652
20.6311
20.6976
20.7034
20.7023
20.6666
20.7259
20.6783
20.7273
20.6425
20.6564
20.6457
20.6055
20.6763
20.6468
20.6968
20.6154
20.712
20.6699
20.6598
20.6778
20.6143
20.6499
20.7406
20.6716
20.6401
20.6632
20.6733
20.6502
20.6246
20.5945
20.6495
20.6778
20.6056
20.6205
20.6316
20.6778
20.6958
20.6624
20.679
20.6824
20.676
20.6824
20.664
20.6364
20.6582
20.6483
20.6351
20.6612
20.6831
20.6836
20.6802
20.6731
20.6675
20.6537
20.6232
20.6142
20.6812
20.6536
20.649
19.8393
19.6341
19.2727
19.4195
19.2158
19.4475
19.1482
19.244
19.4931
19.6761
19.617
19.6346
19.9393
19.9368
19.644
19.4774
19.6423
19.4977
19.7815
19.9442
19.7447
19.9891
19.9763
20.0422
19.7612
19.686
19.6477
19.7521
19.5876
19.6904
20.12
20.1621
19.4786
20.0579
20.0457
19.8305
19.8875
20.0304
20.0065
19.9169
20.0178
19.9609
19.9846
19.9135
19.9515
20.0085
19.9895
19.9628
20.0097
19.8854
19.8905
19.9008
19.9821
20.0197
20.0135
19.9631
20.0127
19.7374
20.0351
20.0219
19.9101
19.9441
19.917
20.0176
19.9879
20.0252
19.9251
19.9837
20.1312
19.9915
20.2115
19.9637
20.1267
20.0849
20.1745
20.0561
19.9668
19.7783
19.8748
19.8195
20.1201
20.258
20.1738
20.1965
20.1651
20.0027
20.1061
20.0033
20.345
19.918
19.9468
20.1887
20.1616
20.1077
20.1924
20.4237
20.3343
20.3145
20.2995
20.2752
20.3262
20.3655
20.2454
20.241
20.4402
20.1938
20.1755
20.16
20.0452
20.2412
20.0462
20.2116
19.971
20.295
19.8724
20.0663
19.9722
19.7745
19.7966
19.9716
19.8522
19.9062
19.9059
19.9004
20.0194
20.0612
19.9324
20.0423
20.0346
20.1012
19.911
20.0619
20.0311
19.8563
19.9896
19.9085
20.0181
20.065
19.7679
20.0982
20.0375
19.7322
20.0994
20.0026
20.1392
19.764
19.8526
20.1354
20.0797
20.1089
20.1767
20.2482
20.1326
20.1199
20.0587
20.1396
20.0873
19.9534
20.0477
19.9532
20.0784
20.1229
19.9125
20.0265
19.9325
19.8915
20.0601
19.9562
20.3288
20.0837
20.0748
20.1103
20.4304
20.2951
20.4855
20.6795
20.6593
20.5971
20.5573
20.6972
20.6066
20.3177
20.5521
20.4734
20.3505
20.3654
20.1228
20.187
20.258
20.4618
20.102
20.3854
20.371
20.4422
20.3149
20.4883
20.3707
20.2772
20.3831
20.4911
20.4494
20.6373
20.4789
20.3801
20.5174
20.3486
20.1055
20.221
20.0155
20.2666
20.2529
20.0692
20.5366
20.3017
20.2664
20.2208
20.3745
20.4358
20.2867
20.6021
20.4437
20.555
20.6039
20.6988
20.5052
20.4967
20.1527
20.1794
20.2196
20.2293
20.2385
20.3292
20.4069
20.343
20.2422
20.3107
20.3024
20.2804
20.2468
20.2643
20.0807
20.1445
20.1714
20.1321
20.1536
20.1218
20.1121
20.1538
20.2203
20.1612
19.9217
20.0821
20.1673
20.1419
20.1008
20.1602
20.2256
20.0838
19.9877
20.1453
20.1079
20.0227
19.9914
20.1483
20.0244
20.211
20.1809
20.4525
20.1932
20.2638
20.2065
20.2017
20.2341
20.2111
20.1811
20.2227
20.2133
20.2268
20.1984
20.3343
20.3385
20.3046
20.3856
20.3952
20.3095
20.3364
20.1383
20.286
20.2162
20.1486
20.2697
20.2578
20.2619
20.3358
20.2815
20.2459
20.2737
20.7108
20.6368
20.6037
20.6386
20.6805
20.7021
20.6288
20.7617
20.7448
20.744
20.8056
20.739
20.7817
20.7575
20.6843
20.7265
20.7681
20.7089
20.7436
20.7793
20.7481
20.7407
20.7748
20.7069
20.6444
20.7345
20.6709
20.7207
20.694
20.6563
20.4785
20.4565
20.384
20.4704
20.4342
20.4721
20.4672
20.4078
20.4204
20.4368
20.3731
20.3871
20.4031
20.3887
20.3898
20.3954
20.3919
20.4756
20.4641
20.4397
20.5481
20.5153
20.4626
20.4734
20.5137
20.4903
20.4964
20.5104
20.5102
20.5245
20.5123
20.5653
20.5568
20.5617
20.5518
20.5424
20.5631
20.6248
20.547
20.5237
20.5736
20.5255
20.5559
20.5518
20.548
20.5507
20.5424
20.5018
20.5136
20.5438
20.4775
20.4322
20.5184
20.5069
20.4095
20.4692
20.3675
20.3654
20.424
20.4008
20.367
20.3643
20.4337
20.4605
20.3676
20.4704
20.4309
20.4799
20.4653
20.5187
20.4241
20.4815
20.5658
20.5487
20.5231
20.5594
20.5695
20.5238
20.568
20.4315
20.4991
20.491
20.433
20.5334
20.4785
20.48
20.5385
20.5119
20.4829
20.5266
20.7511
20.7182
20.7308
20.7374
20.7439
20.7269
20.6842
20.6765
20.6902
20.689
20.6833
20.6888
20.6909
20.7003
20.6935
20.6771
20.6983
20.6828
20.6911
20.5847
20.5932
20.5939
20.5978
20.6042
20.5322
20.6138
20.5804
20.5629
20.6156
20.5803
20.5525
20.5561
20.5814
20.5736
20.6191
20.6091
20.6135
20.5985
20.5821
20.5817
20.5886
20.5851
20.5904
20.5984
20.5784
20.5949
20.5917
20.5586
20.6067
20.6095
20.58
20.6006
20.6499
20.6215
20.6325
20.619
20.6397
20.6322
20.6257
20.5795
20.5683
20.6705
20.6139
20.5852
20.6275
20.6129
20.5916
20.604
20.6468
20.626
20.6152
20.6025
20.5994
20.628
20.6123
20.6065
20.6119
20.6434
20.5928
20.6126
20.6189
20.5985
20.5716
20.6034
20.6037
20.59
20.5998
20.5562
20.5488
20.5714
20.592
20.5544
20.5553
20.5794
20.5967
20.5361
20.61
20.5758
20.5978
20.5918
20.6069
20.5795
20.6018
20.6159
20.61
20.5908
20.6296
20.6302
20.5956
20.6024
20.5454
20.6067
20.5908
20.5699
20.6049
20.5915
20.5886
20.6208
20.6064
20.5861
20.6173
20.5713
20.5866
20.6071
20.6545
20.5721
20.5593
20.658
20.6461
20.6662
20.6622
20.6721
20.6747
20.6572
20.634
20.593
20.6382
20.5979
20.6209
20.6329
20.5773
20.6069
20.6096
20.5788
20.6476
20.6287
20.6329
20.5981
20.5974
20.6486
20.6149
20.5643
20.5577
20.6075
20.5703
20.6412
20.6459
20.6755
20.6452
20.6765
20.6801
20.6691
20.6476
20.6212
20.6063
20.5943
20.6593
20.6486
20.6062
20.5919
20.6026
20.5999
20.6385
20.6629
20.6363
20.6127
20.5876
20.525
20.5957
20.5513
20.5874
20.588
20.5227
20.5598
20.4856
20.5345
20.5507
20.441
20.5511
20.5219
20.5857
20.5962
20.5887
20.5448
20.5143
20.5456
20.62
20.5405
20.632
20.6424
20.5571
20.5197
20.4217
20.5508
20.5347
20.4678
20.5116
20.5446
20.6058
20.5971
20.6067
20.5282
20.5462
20.7931
20.6963
20.8493
20.8183
20.7457
20.6546
20.9451
21.1154
21.0516
21.0516
21.1133
21.1869
21.0274
21.07
20.9206
20.9437
20.8375
21.0024
20.9862
20.9122
20.7966
20.9321
20.6259
20.5026
20.6495
20.5158
20.6672
20.5267
20.6227
20.5847
20.6789
20.6153
20.6952
20.5307
20.6379
20.5985
20.581
20.4821
20.5531
20.652
20.496
20.6466
20.6225
20.5844
20.5874
20.6917
20.7607
20.6279
20.5435
20.674
20.573
20.6417
20.6738
20.564
20.5682
20.534
20.6746
20.6417
20.5325
20.5801
20.6144
20.6262
20.7348
20.7133
20.569
20.585
20.7755
20.5076
20.4509
20.6308
20.5063
20.6937
20.7366
20.8931
20.8637
20.5772
20.7625
20.6158
20.8014
20.5963
20.787
20.5799
20.6994
20.567
20.7023
20.5867
20.7778
20.4641
20.6249
20.5742
20.8557
20.7659
20.7619
20.5752
20.5976
21.3231
21.2124
20.903
20.6568
20.9517
20.9656
20.6296
20.6554
20.6798
20.6636
20.6134
20.676
20.6656
20.598
20.6523
20.6533
20.6633
20.6411
20.6346
20.6295
20.6272
20.6479
20.6162
20.6272
20.613
20.622
20.6466
20.6259
20.6972
20.5963
20.6122
20.6539
20.649
20.6096
20.601
20.6351
20.6122
20.6092
20.6004
20.616
20.6004
20.6444
20.6357
20.6103
20.6033
20.6232
20.6621
20.6242
20.6151
20.6175
20.6409
20.594
20.6476
20.5945
20.608
20.6172
20.6442
20.6471
20.6574
20.6304
20.624
20.632
20.6071
20.6246
20.5795
20.63
20.6446
20.5902
20.5997
20.615
20.6133
20.6551
20.6221
20.63
20.591
20.6459
20.5906
20.6594
20.6069
20.6037
20.6179
20.6112
20.5875
20.5902
20.6266
20.5921
20.5971
20.6051
20.6078
20.5818
20.5624
20.583
20.5971
20.5325
20.5973
20.6178
20.57
20.606
20.6229
20.5847
20.5761
20.5716
20.5925
20.5359
20.6037
20.6064
20.5406
20.5616
20.5152
20.5889
20.5744
20.5487
20.5589
20.593
20.5739
20.6177
20.5994
20.554
20.5851
20.5948
20.5426
20.5661
20.5815
20.5704
20.6528
20.6008
20.6065
20.6329
20.6058
20.6266
20.6634
20.6702
20.6503
20.6589
20.6499
20.6257
20.6392
20.6769
20.614
20.6746
20.6406
20.6605
20.6567
20.6736
20.6872
20.0842
19.6701
19.975
20.0383
19.8761
20.083
19.7025
19.9861
20.029
20.0095
20.0317
20.1931
19.9981
20.0206
18.8629
18.9447
19.9049
19.6946
19.6915
19.9078
20.094
19.9444
20.0182
20.051
20.0547
20.028
20.0286
20.1129
20.0459
20.0502
20.1778
19.8783
19.9682
19.9359
19.8433
20.1544
20.0684
20.0595
20.2154
20.0703
20.2946
20.3209
20.2147
20.2062
20.5121
20.5361
20.3891
20.3723
20.2819
20.2875
20.537
20.5447
20.4871
20.4799
20.76
20.7928
20.7584
20.641
20.6952
20.6336
20.6065
20.6899
20.5335
20.6374
20.6086
20.6659
20.6276
20.6024
20.6029
20.621
20.5785
20.5655
20.5151
20.5267
20.591
20.6092
20.5735
20.5481
20.7433
20.7523
20.7746
20.7656
20.7223
20.7223
20.7182
20.7294
20.7184
20.7303
20.7337
20.716
20.7172
20.7322
20.6893
20.6501
20.681
20.6658
20.6756
20.6417
20.6357
20.6627
20.6349
20.6202
20.6482
20.6033
20.5871
20.5433
20.5703
20.5628
20.5747
20.5264
20.4992
20.6961
20.6997
20.6944
20.7055
20.7139
20.7028
20.7101
20.6195
20.6675
20.625
20.6783
20.6308
20.6371
20.6523
20.5597
20.5504
20.4766
20.5006
20.5685
20.5568
20.4595
20.4268
20.6349
20.5816
20.6135
20.6082
20.6084
20.6532
20.6541
20.5931
20.6262
20.4752
20.4859
20.4841
20.6141
20.8405
20.813
20.6437
20.6273
20.6051
20.6193
20.5722
20.617
20.5922
20.8883
20.7619
20.7344
20.6358
20.5152
20.7267
21.2882
21.3119
21.3669
21.3239
20.9988
20.6709
20.6501
20.6256
21.5174
21.5676
20.1786
20.1518
20.4367
20.373
20.4077
20.4201
20.3869
20.4397
20.5481
20.5152
20.4754
20.464
20.4625
20.4732
20.4782
20.4702
20.4563
20.3837
20.4719
20.4669
20.4339
20.4029
20.3894
20.3884
20.3916
20.3951
20.5317
20.6134
20.6038
20.5799
20.6154
20.5522
20.5558
20.5626
20.58
20.5811
20.5733
20.5581
20.6063
20.6091
20.5945
20.5914
20.5796
20.6002
20.584
20.5927
20.5972
20.5934
20.6184
20.6085
20.5978
20.6129
20.5815
20.5846
20.5811
20.588
20.5978
20.5777
20.5898
20.6965
20.6114
20.6531
20.625
20.5955
20.6481
20.6089
20.6343
20.6085
20.5997
20.6004
20.6114
20.6152
20.6
20.6168
20.6399
20.6468
20.6141
20.5938
20.594
20.6069
20.6263
20.6472
20.6154
20.6265
20.6212
20.6459
20.6122
20.6437
20.6095
20.6027
20.635
20.6614
20.6236
20.6225
20.6653
20.6715
20.6613
20.6738
20.6559
20.6448
20.6336
20.6371
20.6206
20.6324
20.5925
20.5955
20.6048
20.5781
20.6471
20.6275
20.6317
20.6071
20.5796
20.5975
20.5945
20.6779
20.6948
20.5303
20.5834
20.6137
20.6362
20.5979
20.5257
20.6222
20.6908
20.7596
20.5827
20.5868
20.6265
20.6264
20.6499
20.5017
20.6669
20.5154
20.5808
20.651
20.5525
20.4817
20.6465
20.6228
20.4953
20.6092
20.6169
20.6313
20.6453
20.6304
20.635
20.6366
20.6618
20.6513
20.6093
20.6303
20.6581
20.6207
20.6155
20.6749
20.649
20.6455
20.6865
20.6594
20.6472
20.6501
20.6217
19.8383
19.6344
20.057
19.8283
20.0443
20.0204
19.8868
20.0292
19.6898
19.5866
20.1192
20.1613
19.4779
20.0055
20.0164
19.9158
19.9601
19.9122
19.9836
19.899
19.9807
20.0183
19.9033
19.9621
20.0125
19.7347
20.034
20.0112
19.9501
20.0069
19.9879
19.9616
19.884
19.8888
20.0085
20.0205
19.9085
19.9425
19.9868
19.9158
20.0166
19.9825
19.9238
20.0237
19.1483
19.2448
19.4195
19.216
19.2728
19.4474
19.493
19.6759
19.6347
19.6167
19.9391
19.9366
19.4774
19.6423
19.644
19.4976
19.7808
19.9433
19.744
19.9883
19.9754
20.0416
19.7607
19.6856
19.7515
19.6473
20.0597
19.9305
20.018
20.041
19.909
20.0604
20.0333
20.1
20.0802
20.0297
19.7655
20.0967
20.0637
20.0361
19.8706
20.0649
19.7727
19.9709
19.795
19.9697
19.8507
19.9042
19.9041
19.8991
19.8546
19.9881
19.9067
20.0168
20.0781
20.1754
20.247
20.1342
20.1077
20.1314
20.1187
20.0857
19.9516
20.0572
20.1386
20.0464
20.1713
19.9544
20.3279
20.0822
20.0588
20.0735
20.1091
19.7306
20.0982
20.0014
19.7624
19.8508
20.1378
19.9516
19.9112
20.0771
20.1215
19.9311
20.0251
19.89
20.0847
20.1743
20.1266
20.056
20.2578
20.1736
20.12
20.1964
20.1304
19.9905
19.9627
20.2107
19.9662
19.7775
19.8741
19.8186
20.1644
20.0016
20.1054
20.0023
20.4234
20.3341
20.2992
20.1924
20.3145
20.2751
20.3262
20.2452
20.2408
20.4399
20.3654
20.1936
20.1754
20.3442
19.9172
19.9458
20.1067
20.188
20.1609
20.1594
20.2405
20.0445
20.0454
19.9701
20.2109
20.2944
20.4066
20.3288
20.3426
20.2463
20.2797
20.2638
20.2284
20.2186
20.2377
20.3102
20.2413
20.3018
20.2191
19.9198
20.0806
20.1527
20.16
20.1408
20.1662
20.159
20.2244
20.0998
20.2682
20.0829
20.4521
20.1922
20.2628
20.2101
20.18
20.2055
20.2008
20.0799
20.1313
20.1432
20.1699
20.1208
20.1113
20.152
19.9866
20.0216
20.1439
20.1063
20.0233
19.9902
20.1468
20.3384
20.3853
20.395
20.3338
20.3043
20.309
20.336
20.2851
20.2154
20.1377
20.1479
20.2613
20.3351
20.281
20.2691
20.257
20.2453
20.273
20.2333
20.2218
20.2101
20.1799
20.226
20.1977
20.212
20.5185
20.4133
20.6791
20.6599
20.5977
20.6968
20.5578
20.6071
20.4303
20.2947
20.4854
20.5521
20.3174
20.4734
20.3708
20.442
20.488
20.3855
20.3149
20.2773
20.3708
20.4492
20.6369
20.4786
20.3832
20.4913
20.3802
20.5178
20.35
20.3649
20.1224
20.1868
20.1017
20.2574
20.4613
20.348
20.2203
20.105
20.0149
20.2523
20.0687
20.2659
20.5548
20.6036
20.6985
20.6025
20.444
20.5054
20.4972
20.5363
20.3014
20.2659
20.2205
20.2864
20.3742
20.4355
20.5517
20.563
20.6246
20.5615
20.5423
20.5234
20.5469
20.5437
20.4775
20.4322
20.5016
20.5134
20.5182
20.5068
20.5134
20.5101
20.49
20.4961
20.5241
20.5119
20.5099
20.5649
20.5563
20.5731
20.5514
20.5252
20.5555
20.542
20.5503
20.5477
20.4692
20.3654
20.4241
20.4093
20.3672
20.3668
20.4005
20.4343
20.4609
20.3642
20.3676
20.4799
20.4655
20.5189
20.4702
20.4308
20.4239
20.4815
20.5487
20.5595
20.5696
20.5656
20.5231
20.5237
20.568
20.4997
20.4916
20.4315
20.433
20.4802
20.5387
20.512
20.5333
20.4784
20.4828
20.5265
20.8102
20.7221
20.6946
20.6415
20.7525
20.7492
20.7197
20.7526
20.7218
20.7457
20.7423
20.6583
20.6407
20.6607
20.5612
20.5013
20.5277
20.6736
20.5521
20.6243
20.5288
20.4791
20.4532
20.656
20.745
20.7441
20.7392
20.7615
20.8055
20.7576
20.7808
20.7436
20.7796
20.7483
20.7683
20.7094
20.7413
20.7752
20.7101
20.6366
20.6035
20.6385
20.6286
20.68
20.7018
20.6837
20.7255
20.706
20.7337
20.6441
20.6703
20.6558
20.6934
20.7197
20.5676
20.67
20.6134
20.5789
20.627
20.5847
20.591
20.6462
20.6254
20.6122
20.6036
20.602
20.6146
20.6184
20.5979
20.5711
20.5924
20.6121
20.6029
20.6033
20.6493
20.6208
20.6318
20.6184
20.6251
20.639
20.6315
20.5987
20.6274
20.6117
20.6428
20.6058
20.6112
20.5998
20.5487
20.5714
20.5899
20.556
20.5543
20.5919
20.5791
20.5966
20.555
20.536
20.5975
20.5915
20.6067
20.6098
20.5757
20.5792
20.6017
20.6093
20.629
20.6294
20.6153
20.5907
20.595
20.6024
20.6061
20.5902
20.5453
20.5694
20.5881
20.6203
20.6059
20.6047
20.591
20.5858
20.617
20.7469
20.7375
20.754
20.7638
20.729
20.7647
20.7333
20.7516
20.7636
20.744
20.7878
20.7161
20.6819
20.6911
20.7096
20.704
20.6938
20.689
20.7103
20.7036
20.7088
20.702
20.6744
20.6799
20.6972
20.7259
20.7181
20.7307
20.7374
20.7504
20.7263
20.7431
20.6836
20.6758
20.6895
20.6884
20.6881
20.6902
20.6828
20.6994
20.6928
20.6764
20.682
20.6903
20.6974
20.6434
20.6566
20.6296
20.6165
20.6461
20.631
20.6232
20.624
20.6289
20.6435
20.6055
20.58
20.5898
20.5979
20.6584
20.6062
20.6171
20.59
20.6023
20.6099
20.5876
20.6142
20.6544
20.6124
20.6213
20.6452
20.6292
20.5901
20.6254
20.5963
20.6041
20.5903
20.5912
20.5817
20.6069
20.5818
20.5951
20.5608
20.5343
20.6166
20.6051
20.6215
20.596
20.5704
20.5835
20.5768
20.5924
20.6021
20.6046
20.5683
20.5374
20.5588
20.5439
20.5865
20.5735
20.5182
20.5459
20.5924
20.616
20.5987
20.5605
20.5721
20.5547
20.5831
20.6885
20.6598
20.6826
20.6935
20.6789
20.6954
20.6732
20.659
20.6751
20.6692
20.6788
20.6727
20.6625
20.6675
20.6539
20.642
20.6539
20.6749
20.6697
20.6624
20.6312
20.6551
20.6637
20.6132
20.6292
20.6795
20.6652
20.6759
20.5975
20.6525
20.6515
20.6625
20.6339
20.6287
20.6406
20.6748
20.6757
20.6439
20.6796
20.6683
20.6454
20.6465
20.6057
20.6583
20.6474
20.6191
20.5941
20.5908
20.6042
20.6143
20.5634
20.6069
20.6483
20.5569
20.6409
20.5694
20.6372
20.6625
20.6356
20.6016
20.5972
20.6102
20.5877
20.5938
20.5874
20.5883
20.5301
20.5469
20.5243
20.554
20.5355
20.5479
20.4723
20.4467
20.584
20.5963
20.5866
20.543
20.5233
20.5383
20.5196
20.6203
20.6304
20.6409
20.5422
20.5394
20.5522
20.5211
20.5488
20.5353
20.4197
20.4551
20.6052
20.595
20.6061
20.513
20.5377
20.5276
20.539
20.5861
20.6064
20.5588
20.5713
20.6541
20.6576
20.5721
20.6728
20.6408
20.674
20.5447
20.5691
20.567
20.5609
20.6485
20.6739
20.6397
20.5282
20.5213
20.5253
20.5321
20.6253
20.7346
20.7124
20.578
20.613
20.5661
20.5855
20.7859
20.5954
20.788
20.6971
20.7016
20.5791
20.5668
20.5822
20.5705
20.8539
20.7649
20.7613
20.624
20.5722
20.5746
20.5963
20.7771
20.6322
20.509
20.4512
20.696
20.7376
20.5075
20.8945
20.8627
20.5781
20.3701
20.6172
20.802
20.7621
20.7789
20.4649
20.6073
20.5257
20.6939
20.6301
20.6201
20.6536
20.5402
20.7365
20.6795
20.6122
20.7014
20.7463
20.7528
20.668
20.6041
20.5717
20.6653
20.6908
20.5451
20.5493
20.7001
20.4545
20.6454
20.6127
20.619
20.5424
21.0527
21.1157
20.9446
20.8381
21.0035
21.0702
20.9211
20.9867
20.9119
20.795
20.6982
20.8508
20.8183
20.9457
20.7477
20.6559
21.0537
21.1139
21.1875
21.0292
20.7988
20.933
20.9028
20.6586
20.9649
20.9531
21.3237
21.2145
20.5803
20.6397
20.6309
20.6531
20.5497
20.6635
20.6452
20.7022
20.7784
20.7244
20.6669
20.7409
20.7224
20.6752
20.5157
20.5218
20.5569
20.5505
20.5308
20.5231
20.5109
20.5052
20.5434
20.5569
20.5574
20.5279
20.499
20.4714
20.6564
20.6548
20.5754
20.6591
20.6423
20.5965
20.6636
20.7268
20.655
20.6822
20.6647
20.6809
20.7013
20.654
20.5777
20.5887
20.5707
20.6094
20.6513
20.6292
20.6197
20.7783
20.7241
20.7406
20.7009
20.6671
20.7221
20.674
20.6587
20.6546
20.5752
20.6423
20.6561
20.6632
20.5962
20.7266
20.6808
20.7015
20.6651
20.6529
20.6811
20.6559
20.5783
20.6511
20.6292
20.6084
20.5952
20.5719
20.6158
20.6528
20.6394
20.6307
20.5494
20.6631
20.5799
20.645
20.5215
20.5565
20.5312
20.5154
20.5449
20.5234
20.5133
20.5435
20.5569
20.5278
20.5051
20.5566
20.5008
20.4715
20.693
20.7286
20.6814
20.6903
20.6953
20.7095
20.6823
20.7382
20.7835
20.725
20.7413
20.7261
20.7364
20.7583
20.5372
20.6325
20.6674
20.6467
20.6175
20.6033
20.6178
19.9709
20.0275
20.006
19.9984
19.9694
19.7601
20.0292
19.8209
19.9583
20.1223
19.9568
20.0916
20.0608
19.8679
20.0606
19.547
19.8557
19.9386
19.7907
19.8672
19.8667
19.6566
19.3825
19.9219
19.7862
19.6742
20.0502
19.8229
20.5743
20.7674
20.564
20.5576
20.6549
20.5226
20.7061
20.5067
20.2954
20.4535
20.3863
20.387
20.3073
20.6576
20.2884
20.2385
20.2818
20.2834
20.2276
20.2884
20.3249
20.8769
20.7099
20.5399
20.6039
20.8634
20.5823
20.6647
20.87
20.2624
20.4847
20.4138
20.551
20.5997
20.4998
20.4011
20.3604
20.3045
20.3483
20.3644
20.3946
20.2963
20.6861
20.7077
20.6861
20.7089
20.6923
20.7303
20.6707
20.7187
20.7521
20.7248
20.763
20.7106
20.7313
20.7815
20.6121
20.6092
20.6027
20.5969
20.6098
20.5995
20.6058
20.6058
20.6229
20.6263
20.62
20.6184
20.6208
20.6099
20.6142
20.6743
20.6087
20.6024
20.5851
20.6559
20.6968
20.5682
20.6775
20.5547
20.6835
20.5914
20.6465
20.6311
20.5925
20.6446
20.6184
20.6116
20.5615
20.6566
20.6345
20.6358
20.6004
20.6257
20.6031
20.6561
20.5822
20.6673
20.6488
20.4825
20.4582
20.6584
20.3601
20.6314
20.6671
20.626
20.6265
20.6574
20.6107
20.5671
20.6399
20.6534
20.6415
20.6386
20.628
20.578
20.6493
20.605
20.6168
20.6115
20.5961
20.6086
20.6022
20.5988
20.6052
20.6092
20.644
20.6174
20.6557
20.592
20.6109
20.634
20.561
20.6404
20.803
20.6979
20.6974
20.5804
20.5598
20.3726
20.8012
20.8733
20.7216
20.9256
20.7755
20.5597
20.4765
19.8539
19.7886
19.9375
19.8652
19.655
19.8654
19.381
19.7841
19.9208
19.821
20.0492
19.6723
20.0273
20.0058
19.9707
19.9982
19.9686
19.7592
19.82
20.0284
20.1222
19.9569
19.958
20.0914
20.0598
19.8671
19.5463
20.0598
20.2878
20.2827
20.2377
20.2813
20.2877
20.2264
20.3243
20.7672
20.5638
20.6546
20.5748
20.5578
20.5229
20.7065
20.5065
20.4532
20.295
20.3861
20.307
20.3867
20.6573
20.4005
20.3478
20.3601
20.304
20.2956
20.3639
20.3941
20.7098
20.5402
20.8635
20.877
20.6042
20.6651
20.5823
20.8695
20.4845
20.2626
20.4136
20.5995
20.4998
20.5505
20.6048
20.6192
20.6222
20.6255
20.6201
20.6087
20.6176
20.7249
20.7409
20.7259
20.7373
20.7825
20.7356
20.7572
20.6921
20.7275
20.6806
20.6896
20.6816
20.6944
20.7083
20.7245
20.763
20.7106
20.718
20.7512
20.7306
20.7805
20.685
20.7067
20.6853
20.708
20.6697
20.6915
20.7291
20.6378
20.641
20.6272
20.5775
20.6046
20.6486
20.6161
20.626
20.6256
20.6568
20.6103
20.6395
20.6527
20.5672
20.6025
20.625
20.6557
20.6351
20.5994
20.6669
20.5812
20.6319
20.6664
20.6169
20.5372
20.646
20.6027
20.6174
20.6741
20.6021
20.6085
20.6963
20.5849
20.6138
20.6553
20.6828
20.554
20.646
20.5681
20.6769
20.6304
20.5913
20.649
20.659
20.4837
20.4573
20.6333
20.6667
20.3593
20.8742
20.722
20.8013
20.4774
20.9258
20.7755
20.5598
20.6412
20.8044
20.6972
20.5594
20.6994
20.5808
20.3737
20.6993
20.7006
20.6997
20.6917
20.6917
20.6929
20.6614
20.6595
20.6601
20.692
20.692
20.6932
18.5373
18.5589
18.5485
18.4642
18.5013
18.4842
20.6611
20.6592
20.6598
18.5373
18.5589
18.5485
18.4643
18.5014
18.4843
20.2189
20.2254
20.5548
20.5845
20.572
20.6518
20.6632
20.6576
20.3898
20.3894
20.6783
20.6785
20.7073
20.693
20.7415
20.7353
20.7374
20.6535
20.6917
20.6923
20.6602
20.6555
20.657
20.6523
20.6476
20.673
20.6734
20.6726
20.6624
20.6601
20.6692
20.6687
20.6089
20.6164
20.631
20.6925
20.6931
20.6543
17.8411
19.0423
19.073
18.5323
19.4679
18.9602
19.046
19.0812
19.4615
20.2542
20.2554
20.6669
20.6823
20.6745
20.5954
20.608
20.6024
20.3563
20.3574
20.1768
20.1871
20.2793
20.3139
20.5766
20.5745
20.5662
20.605
20.618
20.6172
20.6474
20.5663
20.6066
20.5779
20.5792
20.5774
20.5938
20.5947
20.5759
20.5858
20.4758
20.6236
20.5993
20.6004
20.6006
20.6256
20.6027
20.6022
20.5648
20.5698
20.5808
20.5742
20.5786
20.5815
20.5863
20.1756
20.3134
20.6275
20.4757
20.7614
20.7645
20.7634
20.6863
20.6875
20.6867
20.7083
20.7092
20.7086
20.6953
20.6962
20.6956
20.5993
20.5933
20.5929
20.7086
20.7095
20.7111
20.7063
20.7072
20.7081
20.687
20.6872
20.6888
20.6761
20.6761
20.6753
20.677
20.6756
20.6762
20.7092
20.7101
20.7116
20.7068
20.7076
20.7086
18.1751
18.1764
18.1733
18.6028
18.6314
18.6166
18.8387
18.8917
18.871
18.5344
18.577
18.5576
18.752
18.8078
18.7871
19.5715
19.6022
19.5902
19.5484
19.5868
19.5727
20.2774
20.2919
20.3605
20.3531
20.5217
20.525
20.5363
20.5385
20.563
20.5667
20.5462
20.5501
20.5637
20.5684
20.5656
20.5845
20.5892
20.5863
20.5414
20.5438
20.542
20.533
20.5348
20.5332
20.5484
20.563
20.5784
20.5793
21.2684
21.2797
21.2787
21.3104
21.3205
21.3194
20.6333
20.6527
21.5019
21.5101
21.5114
21.547
21.5533
20.5765
20.5811
20.5782
20.5575
20.5607
20.5592
20.5357
20.5386
20.5367
20.547
20.5501
20.5482
20.6082
20.6156
20.6302
20.66
20.6554
20.6569
20.6517
20.6469
20.6617
20.6594
20.6728
20.6732
20.6724
20.6684
20.6679
19.4673
18.9605
19.0421
19.0725
17.8415
18.5357
19.4609
19.0464
19.0813
20.186
20.2787
20.5545
20.5842
20.5717
20.2185
20.2249
20.6666
20.682
20.6742
20.595
20.6076
20.602
20.2538
20.2549
20.3562
20.3573
20.6515
20.663
20.6574
20.3897
20.3893
20.6303
20.6267
20.7421
20.7359
20.738
20.7075
20.6932
20.3747
20.3908
20.3833
20.4593
20.4843
20.473
20.6147
20.6183
20.6179
20.5662
20.5643
20.6621
20.6628
20.6634
20.5255
20.5252
20.6664
20.6778
20.6726
20.5912
20.6026
20.5975
20.4828
20.4912
20.4887
20.7423
20.7449
20.7439
20.7094
20.7101
20.7103
20.6973
20.698
20.6981
20.6881
20.6873
20.6872
20.6979
20.6966
20.6968
20.6698
20.6704
20.67
20.6658
20.666
20.6553
20.656
20.6556
20.6773
20.676
20.6626
20.6617
20.6619
20.6034
20.5995
20.5995
20.6102
20.5994
20.6035
20.6921
20.686
20.6249
20.6153
20.7879
20.7826
20.7843
20.6265
20.6472
20.6462
20.6478
20.6654
20.6638
20.6654
20.6804
20.6799
20.7152
20.7164
20.72
20.7158
20.7143
20.7169
20.7419
20.7402
20.7435
20.6948
20.6959
20.699
20.6525
20.6505
20.6511
20.6702
20.6658
20.6673
20.6335
20.6287
20.6306
20.6535
20.6522
20.6519
20.6828
20.6839
20.6828
20.634
20.6316
20.6326
20.6756
20.675
20.6504
20.6499
20.6499
20.6525
20.6507
20.6368
20.6107
20.7158
20.717
20.7206
20.716
20.7145
20.7172
20.6951
20.6962
20.6994
20.7424
20.7407
20.7441
20.6477
20.6467
20.6483
20.666
20.6644
20.6659
20.6527
20.6507
20.6513
20.6209
20.6085
18.4231
18.4198
17.9333
18.7359
18.7738
18.7535
18.8275
18.8412
17.936
18.9163
18.9209
19.2373
19.3881
19.0929
19.1357
19.1195
19.3941
19.3924
19.3938
19.0358
19.0809
19.0636
19.3956
19.4033
19.4003
19.0219
19.0854
19.0564
18.6929
18.7375
18.715
19.6437
19.646
19.6443
19.4244
19.4345
19.4294
19.6513
19.6503
19.649
19.4514
19.459
19.4555
19.6766
19.7064
19.6945
19.6692
19.6905
19.8649
20.0516
20.0741
20.0633
20.0731
20.0871
20.0807
20.0677
20.082
20.0756
20.083
20.1071
20.096
20.3848
20.3945
20.3904
20.294
20.2927
20.6273
20.6403
20.6339
20.612
20.6217
20.6171
20.5104
20.5201
20.5154
20.6431
20.6567
20.6505
20.3197
20.3171
20.5105
20.5171
20.5148
20.214
20.2351
20.1633
20.6996
20.6996
20.7006
20.5989
20.599
20.6625
20.6643
20.6644
20.6337
20.6326
20.452
20.4189
20.483
20.5079
20.4238
20.4462
20.5022
20.5715
20.5926
20.5042
20.5009
20.4826
20.4848
20.5701
20.5514
20.6159
20.5409
20.5757
20.5742
20.571
20.5737
20.5844
20.5865
20.5939
20.5948
20.5937
20.6276
20.6226
20.5845
20.5876
20.6161
20.6111
20.6136
20.5848
20.5887
20.5866
20.5698
20.5737
20.5713
20.5819
20.621
20.6203
20.5955
20.5963
20.6119
20.6204
20.6192
20.6068
20.6285
20.613
20.6182
20.6089
20.6911
20.5852
20.5862
20.5852
20.5724
20.5831
20.5747
20.5792
20.5797
20.5786
20.5389
20.5383
20.5367
20.5408
20.5417
20.5402
20.5902
20.5882
20.5831
20.5943
20.585
20.5933
20.5922
20.591
20.596
20.6194
20.6566
20.5416
20.5555
20.5447
20.5559
20.5523
20.6135
20.6209
20.6165
20.5905
20.6016
21.1487
21.1479
21.1502
21.1269
21.1228
21.0214
21.0227
21.0255
20.8533
20.8416
20.8475
20.7723
20.594
21.3189
21.3169
21.3458
21.3323
21.2334
21.2433
20.6638
20.6726
20.6022
20.6242
20.6041
20.6199
20.6173
20.6196
20.5793
20.5817
20.6051
20.608
20.5738
20.5767
20.5933
20.5895
20.5924
20.5485
20.5518
20.5501
20.566
20.569
20.5674
20.5919
20.595
20.5806
20.5836
20.5816
20.5896
20.5942
20.5918
20.5738
20.5758
20.5744
20.5805
20.5842
20.5854
20.5881
20.586
20.5554
20.5585
20.5568
20.5405
20.5439
20.542
20.5611
20.5658
20.5888
20.5922
20.5899
20.5738
20.577
20.5749
20.6765
20.6752
20.6757
20.6758
20.6758
20.6751
18.6028
18.6313
18.6165
18.1754
18.1766
18.1736
18.2501
18.2538
18.2498
18.5343
18.5769
18.5574
18.7519
18.8078
18.787
18.8388
18.8919
18.8711
19.5485
19.5868
19.5727
19.5714
19.6021
19.5901
20.7537
20.756
20.755
20.7606
20.7637
20.7626
20.6364
20.6352
20.6327
21.2688
21.2803
21.2792
21.3102
21.3203
21.3193
21.5024
21.5106
21.5118
21.5476
21.5538
20.4518
20.4186
20.6106
20.6335
20.5229
20.636
20.6099
20.6698
20.6654
20.6669
20.6331
20.6283
20.6302
20.6335
20.6311
20.6321
20.6749
20.6743
20.6533
20.6519
20.6516
20.6824
20.6835
20.6824
20.6517
20.65
20.6498
20.6493
20.6493
19.237
19.3877
18.7362
18.7739
18.7537
18.8289
18.8425
18.3416
18.3567
18.3466
18.4232
18.4198
17.9333
18.502
18.4958
18.9155
18.92
17.9383
18.5641
18.5564
19.8637
19.9873
18.6934
18.7378
18.7154
19.0219
19.0854
19.0564
19.3942
19.3925
19.3939
19.036
19.0811
19.0638
19.093
19.1357
19.1195
19.3955
19.4032
19.4001
19.8308
19.8771
19.8578
19.4244
19.4345
19.4294
19.6513
19.6503
19.649
19.6436
19.6459
19.6442
19.4512
19.4589
19.4553
19.6761
19.7059
19.694
19.6687
19.69
19.8709
19.9173
20.0729
20.0869
20.0806
20.0676
20.0819
20.0755
20.0509
20.0733
20.0625
20.0823
20.1063
20.0953
20.213
20.2343
20.4597
20.4847
20.4735
20.3744
20.3906
20.3831
20.627
20.64
20.6336
20.6124
20.6222
20.6175
20.6428
20.6564
20.6501
20.5108
20.5206
20.5159
20.3846
20.3943
20.3902
20.2936
20.2923
20.5104
20.517
20.5147
20.3194
20.3168
20.4827
20.5076
20.5676
20.5917
20.6031
20.5981
20.6145
20.6181
20.6177
20.5662
20.5644
20.5255
20.5252
20.6619
20.6626
20.6632
20.6001
20.607
20.6054
20.4828
20.4912
20.4886
20.6992
20.6991
20.7001
20.5987
20.5988
20.6334
20.6323
20.6622
20.664
20.6641
20.6791
20.6801
20.7414
20.744
20.743
20.7084
20.7091
20.7093
20.6963
20.6971
20.6971
20.5162
20.5944
20.788
20.7827
20.7844
20.6039
20.6
20.6
20.611
20.6001
20.6043
21.1491
21.1483
21.1506
20.9011
20.8786
21.1273
21.1233
21.023
21.0244
21.0272
20.8556
20.8439
20.8499
20.6655
20.6729
21.3195
21.3175
21.3462
21.3326
21.211
21.2093
21.2137
21.2351
21.245
20.7339
20.7364
20.7354
20.6092
20.6085
20.606
20.6091
20.6084
20.6058
20.7071
20.7076
20.7072
20.7535
20.7558
20.7548
20.707
20.7075
20.7072
20.6992
20.7005
20.6996
20.7337
20.7363
20.7352
20.5995
20.5934
20.593
20.3597
20.3643
20.362
20.0592
20.059
20.7314
20.7342
20.7329
20.6779
20.6787
20.6856
20.6869
20.576
20.5744
20.5657
20.6045
20.6227
20.5987
20.5998
20.6
20.6243
20.6019
20.6013
20.5642
20.5692
20.5799
20.5733
20.5778
20.5797
20.5846
20.6165
20.6157
20.6469
20.6047
20.5753
20.5767
20.5749
20.5926
20.5936
20.5727
20.5827
20.6769
20.6766
20.6161
20.6282
20.6309
20.6273
19.831
19.8773
19.858
19.8717
19.9181
19.9887
20.3596
20.3632
20.3611
20.0345
20.036
19.9135
19.9315
20.0209
20.0248
20.0235
20.1758
20.1941
20.1846
19.9028
19.9328
19.9135
19.9185
19.9023
19.9136
20.1617
20.1801
20.1713
20.1147
20.0089
19.9503
19.9553
20.1142
20.6798
20.6808
20.568
20.7205
20.7221
20.7211
20.687
20.6875
20.5896
20.6063
20.627
20.8401
20.8242
20.8959
20.8925
20.8944
20.5238
20.488
20.1127
20.5891
20.6057
20.5654
20.7417
20.744
20.7431
20.7514
20.755
20.7536
20.6902
20.6841
20.6836
20.6392
20.6342
20.6334
20.6368
20.6357
20.6332
20.6537
20.6481
20.6477
20.2772
20.2916
20.3606
20.3534
20.5223
20.5256
20.5369
20.5391
20.5633
20.567
20.5465
20.5504
20.5632
20.5678
20.565
20.5837
20.5884
20.5855
20.5754
20.5799
20.577
20.5569
20.56
20.5586
20.5353
20.5382
20.5364
20.5441
20.5471
20.5453
20.5378
20.5403
20.5384
20.5328
20.5346
20.533
20.548
20.5626
20.5751
20.5762
20.6297
20.6541
20.641
20.6323
20.6336
20.6221
20.612
20.6131
20.667
20.6581
20.6593
20.6532
20.6421
20.6433
20.7139
20.7156
20.7148
20.7159
20.7161
20.7159
20.7235
20.7248
20.7242
20.6879
20.6884
20.6876
20.6873
20.6875
20.6891
20.6222
20.612
20.6131
20.6412
20.6325
20.6338
20.6535
20.6424
20.6436
18.2501
18.2538
18.2498
20.7799
20.7839
20.7827
20.7502
20.7512
20.7512
20.7409
20.7404
20.7406
21.5917
21.5979
21.5494
21.5579
21.5586
20.6154
20.6763
20.6759
20.6776
20.6778
20.1134
20.0076
19.9488
19.9541
20.3594
20.363
20.3609
20.0338
20.0353
20.0206
20.0245
20.0233
20.1756
20.1939
20.1844
19.9126
19.9306
19.9019
19.9319
20.2226
20.237
20.2303
20.1614
20.1798
20.171
19.9128
19.9178
19.9015
19.9127
20.3595
20.3641
20.3618
20.0586
20.0584
20.6264
20.7314
20.7342
20.7329
20.6771
20.6779
20.6848
20.6861
20.7202
20.7219
20.7209
20.6863
20.6867
20.4889
20.6243
20.6146
20.8967
20.8933
20.8953
20.841
20.8253
20.1182
20.1181
20.2681
20.2685
20.2683
20.4482
20.4478
20.4478
20.2931
20.2989
20.2956
20.3697
20.3707
20.3695
20.3927
20.4067
20.4018
20.3275
20.3413
20.3359
20.1082
20.1059
20.2351
20.2326
20.2332
20.3007
20.2944
20.2962
20.6869
20.6942
20.6912
20.7517
20.7498
20.7508
20.7234
20.7289
20.7267
20.7283
20.7307
20.7298
20.7047
20.7119
20.7088
20.6002
20.6071
20.6055
20.466
20.4604
20.7286
20.7305
20.7297
20.7453
20.7488
20.7472
20.7018
20.7027
20.7029
20.6863
20.6872
20.699
20.7004
20.7
20.6847
20.6854
20.7429
20.745
20.7423
20.5485
20.5408
20.5423
20.5796
20.5706
20.572
20.5795
20.5785
20.5774
20.6541
20.6407
20.6985
20.6999
20.6976
20.1626
20.4245
20.4467
20.5026
20.5717
20.5928
20.5048
20.5016
20.4833
20.4855
20.5704
20.5517
20.616
20.5409
20.5757
20.5742
20.571
20.5736
20.5844
20.5865
20.5937
20.5948
20.5936
20.6275
20.6226
20.584
20.5871
20.6154
20.6105
20.6129
20.5844
20.5883
20.5862
20.5695
20.5734
20.571
20.5815
20.6207
20.6199
20.5952
20.596
20.6016
20.6232
20.6034
20.6185
20.616
20.6183
20.5786
20.5809
20.6041
20.607
20.5733
20.5762
20.5927
20.5889
20.5918
20.5479
20.5512
20.5495
20.5643
20.5673
20.5657
20.5907
20.5938
20.5797
20.5827
20.5808
20.5881
20.5926
20.5903
20.5732
20.5752
20.5738
20.5785
20.5822
20.5831
20.5859
20.5838
20.5532
20.5562
20.5545
20.5399
20.5432
20.5414
20.5603
20.565
20.5869
20.5903
20.5881
20.573
20.5763
20.5741
20.6104
20.6196
20.6185
20.6059
20.6275
20.6113
20.6165
20.6068
20.6907
20.5826
20.5837
20.5826
20.5714
20.5821
20.5737
20.5785
20.5792
20.578
20.5386
20.5381
20.5365
20.5369
20.5379
20.5365
20.5873
20.5855
20.5825
20.5937
20.5844
20.5902
20.5893
20.588
20.597
20.6158
20.6543
20.538
20.552
20.5412
20.5553
20.5518
20.6126
20.6184
20.614
20.5904
20.6013
20.7709
20.6421
20.6478
20.6201
20.6076
20.5603
20.6591
20.6586
20.6612
20.7058
20.7054
20.6952
20.6936
20.6676
20.666
20.6681
20.6667
20.6642
20.6267
20.6241
20.625
20.5792
20.5781
20.5771
20.659
20.6526
20.6393
20.628
20.5852
20.5767
20.5783
20.6738
20.6719
20.6727
20.6117
20.6045
20.6061
20.7223
20.7205
20.7209
20.6727
20.6727
20.6727
20.6856
20.6863
20.6819
20.6827
20.6825
20.6832
20.6804
20.6875
20.6849
20.686
20.6283
20.6158
20.6659
20.6654
20.6648
20.6526
20.6519
20.6517
20.629
20.6273
20.6275
20.6113
20.6342
20.6596
20.6591
20.6617
20.7066
20.7061
20.668
20.6664
20.6686
20.6958
20.6942
20.6811
20.6806
20.6674
20.6649
20.6743
20.6723
20.6731
20.6674
20.6586
20.6598
20.6596
20.6533
20.6399
20.6286
20.6121
20.6048
20.6065
20.5855
20.577
20.5786
20.6271
20.6246
20.6254
20.643
20.6486
20.6274
20.5612
18.5023
18.4961
18.3398
18.3553
18.3451
18.5638
18.5561
19.2877
19.3354
19.3132
19.592
19.6176
19.544
19.561
19.5512
19.4478
19.4998
19.1606
19.2029
19.7411
19.751
19.7448
19.6442
19.657
19.5858
19.6016
19.5924
19.7381
19.7449
19.8269
19.8717
19.8533
19.9279
19.9782
19.956
19.8782
19.8731
19.4373
19.9045
19.9291
20.1569
20.1726
20.1658
20.2959
20.3036
20.2993
20.2938
20.2985
20.2958
20.2362
20.2439
20.2395
20.2228
20.2372
20.2304
20.165
20.1796
20.1723
20.013
20.0195
20.2438
20.2439
20.2433
20.1887
20.1944
20.1908
20.1196
20.1405
20.1302
19.8996
19.9174
20.128
20.1398
20.1338
19.976
19.9903
19.9848
20.1214
20.1379
20.1296
20.1217
20.1353
20.129
19.9258
19.9485
20.0052
20.0307
20.0189
20.0661
20.0893
20.0798
20.101
20.119
20.1109
20.0951
20.068
19.9238
19.9753
20.4444
20.4536
20.4504
20.5611
20.5694
20.5655
20.5694
20.578
20.5741
20.4336
20.441
20.4385
20.1491
20.1462
20.7595
20.7601
20.7602
20.7418
20.7415
20.7417
20.7584
20.7557
20.7569
20.7255
20.7282
20.7272
20.7203
20.7207
20.7212
20.6965
20.6962
20.6971
20.6531
20.6536
20.395
20.5463
20.73
20.7322
20.731
20.7324
20.7302
20.7309
20.6909
20.6914
20.6912
20.5919
20.6107
20.7301
20.7194
20.7242
20.8997
20.8771
20.7881
20.7716
20.7786
20.9466
20.942
20.9441
20.988
20.9759
20.9809
21.0916
21.0909
21.0938
21.0338
21.0209
21.0258
20.9799
20.9644
20.5059
20.497
20.5147
20.4926
21.2088
21.2071
21.2115
20.7138
20.7155
20.7147
20.7154
20.7156
20.7154
20.7229
20.7243
20.7237
20.6861
20.6874
20.6865
20.7078
20.7087
20.7081
20.6949
20.6958
20.6952
20.6875
20.688
20.6872
20.7046
20.7118
20.7087
20.667
20.6784
20.6732
20.7408
20.7404
20.7406
20.7504
20.7514
20.7514
20.7793
20.7832
20.782
20.7417
20.7442
20.7431
20.7506
20.7541
20.7528
20.6389
20.6339
20.6331
20.654
20.6484
20.648
20.6901
20.684
20.6835
21.549
21.5575
21.5582
21.5911
21.5973
20.1477
20.1448
20.3947
20.5914
20.6101
20.4966
20.5056
20.6276
20.6152
20.7223
20.7204
20.7208
20.6721
20.6721
20.6721
20.6849
20.6856
20.6812
20.682
20.6818
20.6825
20.6797
20.6867
20.6841
20.6852
20.6879
20.6872
20.687
20.6975
20.6962
20.6963
20.6692
20.6697
20.6694
20.6651
20.6652
20.6547
20.6554
20.655
20.6765
20.6752
20.6621
20.6611
20.6614
20.6521
20.6514
20.6512
20.6655
20.665
20.6644
20.6284
20.6268
20.627
19.4366
19.8772
19.8722
19.9034
19.9279
19.161
19.2034
19.2876
19.3353
19.3131
19.5921
19.6176
19.4479
19.4998
19.5436
19.5606
19.5508
19.8267
19.8715
19.8531
19.7405
19.7505
19.7443
19.644
19.6567
19.7377
19.7444
19.5854
19.6012
19.592
19.9274
19.9776
19.9554
20.094
20.0666
19.9225
19.9739
20.2957
20.3034
20.2991
20.2938
20.2985
20.2958
20.2361
20.2439
20.2394
20.2432
20.2432
20.2427
20.0123
20.0188
20.1881
20.1937
20.1901
20.1278
20.1396
20.1336
19.9758
19.9902
19.9846
20.1214
20.1351
20.1288
20.1213
20.1378
20.1295
20.1189
20.1398
20.1294
19.8986
19.9164
20.0045
20.03
20.0182
19.9248
19.9475
20.1649
20.1795
20.1722
20.1009
20.1189
20.1108
20.1562
20.1719
20.1651
20.0654
20.0886
20.0791
20.4479
20.4475
20.4475
20.2931
20.2989
20.2956
20.3698
20.3708
20.3696
20.3925
20.4065
20.4016
20.3275
20.3414
20.3359
20.1178
20.1176
20.2675
20.2679
20.2677
20.2345
20.2319
20.2326
20.1077
20.1054
20.3001
20.2938
20.2957
20.5615
20.5699
20.566
20.5698
20.5785
20.5745
20.4443
20.4534
20.4503
20.4335
20.4409
20.4384
20.5459
20.7516
20.7498
20.7507
20.7232
20.7287
20.7265
20.6876
20.6949
20.6919
20.729
20.7314
20.7306
20.4661
20.4605
20.7417
20.7415
20.7416
20.7585
20.7558
20.757
20.7599
20.7605
20.7606
20.7262
20.7288
20.7279
20.7193
20.7197
20.7201
20.6959
20.6955
20.6964
20.6526
20.6531
20.7284
20.7304
20.7295
20.7445
20.748
20.7464
20.7008
20.7017
20.7018
20.6855
20.6864
20.6981
20.6995
20.6991
20.6838
20.6846
20.7318
20.7296
20.7302
20.7293
20.7314
20.7303
20.6901
20.6905
20.6903
20.4937
20.5483
20.5406
20.5421
20.5797
20.5707
20.5722
20.6539
20.6405
20.7429
20.745
20.7423
20.699
20.7005
20.6981
20.6922
20.6861
20.9469
20.9423
20.9444
20.7318
20.7212
20.726
20.7902
20.7737
20.7807
21.0927
21.0921
21.095
20.9889
20.9769
20.9819
21.0343
21.0214
21.0263
20.981
20.9655
)
;

boundaryField
{
    Inlet
    {
        type            zeroGradient;
    }
    Outlet
    {
        type            fixedValue;
        value           nonuniform List<scalar> 0();
    }
    Wall
    {
        type            zeroGradient;
    }
    procBoundary0to3
    {
        type            processor;
        value           nonuniform List<scalar> 
1137
(
19.4701
20.8661
20.2018
20.5998
20.6615
20.6715
20.6071
20.8593
18.64
19.5995
19.5995
18.6309
19.9482
19.4705
19.9639
19.9639
19.9531
20.0833
20.6198
20.6099
20.0282
20.1424
20.5224
20.2395
20.4045
20.6623
20.4779
20.5735
20.6982
20.6054
20.612
20.6965
20.5877
20.5651
21.2302
20.6042
20.8821
20.8821
20.8821
21.2401
20.8712
20.9213
20.6129
20.6202
20.5869
19.5926
19.5926
18.6399
20.0269
19.8811
18.631
19.948
20.0269
20.0269
20.1406
19.953
20.0828
20.6197
20.6096
20.238
20.4047
20.202
20.5224
20.4784
20.5738
20.5998
20.6624
20.6056
20.6109
20.662
20.6985
20.6183
20.5866
20.6713
20.6146
20.5847
20.5687
20.6075
20.6971
20.6046
20.7978
20.8611
21.2306
20.9179
21.2408
19.1462
19.205
19.205
19.1465
19.4236
19.148
19.3703
19.2383
19.2383
19.7102
19.3571
20.0219
19.6448
19.3198
19.9385
19.9385
19.9846
19.9846
20.1205
20.1205
20.1205
19.9825
19.9825
19.9003
19.9003
19.9003
20.3299
19.949
20.0522
20.2662
19.9985
20.1462
20.7556
19.9958
20.0514
20.0514
20.0345
20.0345
20.2642
20.2642
20.1942
20.179
19.969
20.5799
20.1719
20.1719
20.119
20.119
20.3588
20.1114
20.2508
20.4355
20.3871
20.307
20.2212
20.2164
20.0134
20.2772
20.1499
20.2566
20.2691
20.3577
20.3788
20.3168
20.3693
20.2315
20.3208
20.3026
20.6103
20.4877
20.5055
20.4416
20.4206
20.4115
20.5144
20.4743
20.4807
20.4974
20.5538
20.5739
20.5507
20.562
20.5167
20.5419
20.5242
20.596
20.5737
20.592
20.6064
20.6103
20.5868
20.6102
20.588
20.6145
20.6324
20.6246
20.6235
20.6167
20.5907
20.5417
20.503
20.528
20.5627
20.5048
20.4777
20.5237
20.4578
20.5047
20.4383
20.567
20.4742
20.5087
20.4615
20.8614
20.939
21.3496
21.0761
21.0993
20.7943
20.6042
20.5123
20.4789
20.4567
20.7013
20.5384
20.5161
20.5295
20.5712
20.5712
20.7442
20.6895
20.3707
20.5695
21.1131
20.5732
20.5732
20.6055
20.5776
20.618
20.6021
20.6162
20.5638
20.5917
20.5241
20.5576
20.5743
20.6067
20.581
20.5754
20.5442
19.3193
19.84
19.84
19.7599
19.7599
19.7888
19.7888
20.0122
20.1488
20.4114
20.4744
20.5905
20.61
20.6139
20.6199
20.5179
20.5065
20.5852
20.4652
20.5325
20.803
20.002
19.5546
18.2204
18.736
18.317
20.0028
19.2422
19.5545
19.8111
19.3165
19.2013
18.7473
19.6876
19.6651
19.9483
19.9296
19.9587
19.7322
20.0212
20.0217
20.0522
20.042
20.0111
20.0111
20.0525
20.1174
20.1416
19.9395
20.056
20.0522
20.0522
20.0363
20.056
20.179
20.1942
20.2199
20.2164
20.2212
20.2124
20.3788
20.3577
20.413
20.6252
20.5795
20.5427
20.4206
20.4416
20.4703
20.5739
20.5538
20.5861
20.6811
20.6123
20.6178
20.5737
20.596
20.5935
20.6145
20.588
20.6255
20.503
20.5417
20.5749
20.5047
20.4578
20.5781
20.9836
20.6804
20.7765
20.939
20.8614
21.2757
20.4789
20.5123
20.6345
20.5991
20.8423
20.8423
20.5765
21.3006
20.649
20.9213
20.6977
20.5776
20.6055
20.6069
20.5576
20.5241
20.5984
19.2033
19.4232
19.148
19.2033
19.9359
19.9359
19.2374
19.9837
19.9837
19.981
19.981
19.981
20.1191
20.1191
20.1191
19.8994
19.8994
19.8994
19.2374
19.37
19.7097
19.357
20.0211
19.6444
20.0326
20.0326
20.05
20.05
20.2626
20.2626
20.1705
20.1705
19.9674
20.1931
20.5783
20.1178
20.1178
20.3298
19.9483
20.0512
20.2661
19.9977
20.1453
20.755
19.9949
20.2758
20.2201
20.2558
20.3685
20.3167
20.3575
20.3786
20.2308
20.3202
20.3022
20.3587
20.1113
20.2505
20.4357
20.3867
20.3066
20.5151
20.4413
20.4204
20.4807
20.4973
20.5626
20.5502
20.5539
20.5739
20.5161
20.5419
20.5242
20.6101
20.487
20.5047
20.6062
20.596
20.5738
20.5869
20.6101
20.624
20.633
20.5882
20.6138
20.6211
20.6163
20.5908
20.6005
20.6042
20.5779
20.5652
20.5896
20.6038
20.5878
20.5311
20.5508
20.5725
20.5718
20.547
20.5647
20.5325
20.5105
20.4864
20.5114
20.5658
20.441
20.4655
20.4968
20.4766
20.5
20.4689
20.8795
20.5055
20.6599
20.5705
20.5705
20.5705
20.5705
20.7004
20.8633
20.9398
21.3511
21.0759
21.1026
20.7947
20.6068
21.112
20.6314
21.112
19.9843
19.9843
19.9843
19.7381
19.7381
19.7381
19.7901
19.7901
20.7118
20.7118
20.7118
19.8416
19.8416
19.9864
19.9864
19.9864
19.7393
19.7393
19.7393
19.7604
19.7604
19.7908
19.7908
19.7916
19.7916
20.713
20.713
19.3546
19.3971
18.9053
18.9172
18.4547
18.9491
19.3551
19.4236
19.4236
19.7686
19.3968
19.4937
19.0638
19.0033
19.41
19.4696
18.9269
19.7671
19.7671
19.2509
19.5559
19.4551
19.6316
19.6108
19.3971
19.785
20.0458
19.8188
19.8188
19.7449
19.5262
19.8151
19.8151
19.4375
19.8789
18.8665
18.7566
20.0212
19.9587
20.0212
20.0092
20.0212
19.8789
19.8789
19.906
19.906
20.0307
20.0342
20.194
20.018
20.0375
20.1316
20.1316
20.0813
20.1072
20.0813
20
20.0813
20.1725
20.1003
20.1725
19.9878
20.1725
20.2691
20.2979
20.2566
20.3026
20.3347
20.3208
20.4974
20.5293
20.4807
20.5242
20.5451
20.5419
20.6102
20.6185
20.5868
20.5907
20.6125
20.6167
20.5237
20.5757
20.4777
20.4615
20.5507
20.5087
20.6042
20.966
20.7943
20.5295
20.6491
20.5161
20.3707
20.3707
20.788
20.788
20.5695
20.5695
20.4793
20.9646
21.2754
21.1483
20.6318
20.6318
21.0239
20.5917
20.6137
20.5638
20.5442
20.5952
20.5754
19.929
19.7288
20.021
20.0154
20.0055
20.0155
20.3561
20.6417
20.6928
19.241
19.8091
18.7358
18.2206
18.3169
19.9581
19.907
20.0407
20.0513
18.747
19.2012
19.317
19.6649
19.6873
19.9482
20.0344
20.0344
20.2186
20.2186
20.1931
20.1931
19.9712
20.1415
20.1173
19.9394
20.2106
20.2106
20.2201
20.2201
20.4129
20.3786
20.3575
20.4709
20.4204
20.4413
20.5865
20.5739
20.5539
20.6253
20.5789
20.5419
20.5936
20.5738
20.596
20.6243
20.6138
20.5882
20.6811
20.6117
20.6173
20.6053
20.5779
20.6042
20.5949
20.5508
20.5311
20.5762
20.5105
20.5325
20.5777
20.4968
20.4655
20.6371
20.6371
20.6371
20.5055
20.5055
20.7735
20.5973
20.5675
20.9837
20.6821
20.7777
20.8633
20.9398
21.2753
20.9179
21.3001
20.0082
20.0863
19.9987
19.9933
20.0426
20.5646
20.3916
20.3939
19.4232
19.4232
19.769
19.4932
18.9048
18.9178
18.4556
18.9476
19.9581
19.9581
19.4366
19.8782
19.7651
18.8659
18.755
19.8782
19.8782
19.8289
20.0298
20.0331
19.8181
19.8144
18.9264
19.4694
19.7651
19.0042
19.0626
19.41
19.2497
19.4553
19.5559
19.6106
19.6314
19.3971
19.7845
20.0453
19.8181
19.7445
19.5259
19.8144
20.1056
20.1056
20.1301
20.1301
20.0986
20.0986
19.9866
20.0038
20.1935
20.0175
20.0366
20.2964
20.2964
20.2558
20.2558
20.3341
20.3022
20.3202
20.5299
20.4973
20.4807
20.5456
20.5242
20.5419
20.6184
20.6101
20.5869
20.6118
20.5908
20.6163
20.6112
20.5896
20.5652
20.5939
20.547
20.5718
20.5724
20.5114
20.4864
20.5538
20.4689
20.5
20.6548
20.6884
20.4626
20.4811
20.7947
20.6068
20.9675
20.7947
21.1525
20.6314
20.6314
21.0248
20.966
21.2751
20.6059
20.6663
20.6232
20.6154
20.5458
20.5558
20.6856
20.6419
20.6295
20.6579
20.5735
20.5667
20.5814
20.6455
20.5919
20.6857
20.6425
20.628
20.667
20.6027
20.627
20.6449
20.5944
20.5835
20.6156
20.5401
20.5577
20.6587
20.5763
20.5667
20.0833
20.1105
20.3001
20.1384
20.3779
19.9548
20.6099
20.6198
20.2379
20.7556
20.2558
20.1462
20.0467
20.0467
20.5799
20.5799
20.0452
20.0452
20.5783
20.5783
20.1104
20.0832
20.2998
20.1378
20.3772
19.9538
20.6197
20.6096
20.2377
20.755
20.2552
20.1453
20.4163
20.4091
20.4859
20.4802
20.5664
20.568
20.5673
20.5952
20.5974
20.5964
20.5896
20.5918
20.591
20.5607
20.5634
20.5613
20.6071
20.6013
20.6006
20.6143
20.5968
20.599
20.598
20.5545
20.5577
20.5555
18.6284
18.899
17.8449
17.8449
18.5364
18.5364
18.5364
19.9638
20.5011
20.5008
20.5562
20.5568
20.5962
20.5969
20.5968
20.6134
20.6143
20.6141
20.5524
20.5531
20.5518
20.5663
20.5661
20.5649
20.5688
20.5719
20.5702
20.5731
20.5762
20.5744
18.4152
20.4647
20.449
20.4638
20.4607
20.5756
20.5775
20.5769
20.5812
20.5837
20.5826
20.6084
20.61
20.6094
20.5515
20.5539
20.5519
20.5763
20.5891
20.5782
20.6715
21.548
21.548
21.7908
21.7912
20.5797
20.5823
20.5811
20.5655
20.5686
20.5665
19.9632
18.5398
18.6284
18.8957
17.8452
17.8452
18.5398
18.5398
21.8348
21.8354
21.5842
21.5914
21.4846
21.4886
18.7309
18.694
18.4152
17.9402
17.9402
17.9396
17.9396
18.549
20.3318
20.5188
20.5169
20.5518
20.5452
20.55
20.6079
20.6105
20.6089
20.5971
20.5985
20.5981
20.5597
20.561
20.5594
20.5665
20.5644
20.5632
21.2423
21.2423
21.2423
20.8385
20.5834
20.5862
20.5847
20.5601
20.5634
20.5614
18.4152
18.4902
21.5486
21.5486
21.7911
21.7915
20.8399
18.7303
18.694
18.5494
18.4152
17.9402
17.9402
18.4902
18.5494
17.9419
17.9419
18.5494
21.2442
21.5835
21.5908
21.2442
21.2442
21.4861
21.4901
20.4164
20.4092
20.4861
20.4805
20.5668
20.5685
20.5677
20.5955
20.5977
20.5967
20.589
20.5912
20.5904
20.5954
20.5976
20.5966
20.5539
20.5572
20.5549
20.5571
20.5599
20.5578
20.6088
20.6032
20.5992
20.6127
20.5017
20.5013
20.5566
20.5573
20.5963
20.597
20.5969
20.6131
20.614
20.6139
20.5678
20.5708
20.5692
20.5704
20.5735
20.5717
20.5531
20.5539
20.5526
20.5633
20.5632
20.562
20.4647
20.449
20.4642
20.4611
20.576
20.5779
20.5773
20.5815
20.584
20.5829
20.6076
20.6092
20.6086
20.5789
20.5814
20.5802
20.5622
20.5654
20.5633
20.5516
20.554
20.552
20.574
20.5868
20.576
20.6738
18.4905
21.5932
21.5932
20.3314
20.5193
20.5174
20.5522
20.5457
20.5504
20.608
20.6105
20.609
20.5969
20.5983
20.5979
20.5814
20.5842
20.5827
20.5592
20.5625
20.5605
20.5562
20.5576
20.5559
20.5678
20.5659
20.5646
18.4905
18.549
18.549
21.5926
21.5926
21.8337
21.8342
)
;
    }
}


// ************************************************************************* //
