/*--------------------------------*- C++ -*----------------------------------*\
| =========                 |                                                 |
| \\      /  F ield         | OpenFOAM: The Open Source CFD Toolbox           |
|  \\    /   O peration     | Version:  2312                                  |
|   \\  /    A nd           | Website:  www.openfoam.com                      |
|    \\/     M anipulation  |                                                 |
\*---------------------------------------------------------------------------*/
FoamFile
{
    version     2.0;
    format      ascii;
    arch        "LSB;label=32;scalar=64";
    class       volScalarField;
    location    "6.2";
    object      p;
}
// * * * * * * * * * * * * * * * * * * * * * * * * * * * * * * * * * * * * * //

dimensions      [0 2 -2 0 0 0 0];

internalField   nonuniform List<scalar> 
2958
(
-3.83148e+06
-3.92619e+06
-3.72055e+06
-3.85475e+06
-4.24333e+06
-3.72251e+06
-3.82291e+06
-3.85869e+06
-4.04874e+06
-3.88175e+06
-3.83256e+06
-3.92813e+06
-3.86993e+06
-3.92817e+06
-3.85353e+06
-3.83176e+06
-4.03213e+06
-3.86821e+06
-3.92832e+06
-3.83496e+06
-3.93164e+06
-4.00452e+06
-3.9349e+06
-3.92899e+06
-3.86907e+06
-3.83563e+06
-4.0282e+06
-4.02949e+06
-3.83508e+06
-3.82859e+06
-3.83487e+06
-8.77954e+06
-3.95388e+06
-9.2453e+06
-3.85257e+06
-3.83757e+06
-3.92816e+06
-3.93744e+06
-3.83005e+06
-3.88617e+06
-3.65141e+06
-3.84616e+06
-3.82131e+06
-3.83198e+06
-3.92835e+06
-3.64233e+06
-3.83258e+06
-5.22232e+06
-3.84471e+06
-4.04873e+06
-3.83097e+06
-3.96752e+06
-3.953e+06
-3.83386e+06
-3.83157e+06
-3.84776e+06
-3.93054e+06
-3.9019e+06
-3.83359e+06
-3.49574e+06
-3.83519e+06
-3.83484e+06
-3.82705e+06
-3.82951e+06
-3.92824e+06
-3.9281e+06
-3.83441e+06
-3.98575e+06
-3.81402e+06
-3.8391e+06
-4.08649e+06
-3.9281e+06
-426606
-3.83413e+06
-3.92915e+06
-3.82661e+06
-3.83527e+06
-3.82624e+06
-3.92778e+06
-3.8305e+06
-3.86906e+06
-4.03371e+06
-4.06358e+06
-4.06992e+06
-3.83405e+06
-3.84099e+06
-4.04752e+06
-3.84122e+06
-3.98679e+06
-3.93522e+06
-3.84527e+06
-3.9734e+06
-3.83001e+06
-3.92845e+06
-4.01728e+06
-3.76312e+06
-3.83698e+06
-3.86252e+06
-3.92819e+06
-3.92821e+06
-3.85034e+06
-3.83343e+06
-3.77826e+06
-3.95352e+06
-3.92253e+06
-3.86782e+06
-3.92814e+06
-3.84212e+06
-3.92775e+06
-3.77216e+06
-3.89558e+06
-3.83085e+06
-3.9291e+06
-3.87705e+06
-3.92813e+06
-3.92784e+06
-3.84095e+06
-3.83117e+06
-4.06704e+06
-3.83226e+06
-3.84259e+06
-3.92814e+06
-3.83021e+06
-3.8762e+06
-3.84124e+06
-3.83473e+06
-3.84431e+06
-3.83167e+06
-3.83216e+06
-3.92855e+06
-3.92855e+06
-3.92784e+06
-3.83123e+06
-3.92802e+06
-3.92822e+06
-3.92809e+06
-3.88334e+06
-3.83309e+06
-3.92812e+06
-3.92817e+06
-3.8346e+06
-3.26628e+06
-3.93237e+06
-3.92773e+06
-3.83236e+06
-3.969e+06
-3.92913e+06
-3.92817e+06
-3.96047e+06
-3.92814e+06
-3.83494e+06
-3.83756e+06
-3.88885e+06
-3.90839e+06
-3.86219e+06
-3.92724e+06
-3.94256e+06
-3.83168e+06
-3.81994e+06
-3.95652e+06
-3.86601e+06
-3.89347e+06
-3.84737e+06
-3.92822e+06
-3.81693e+06
-3.83969e+06
-3.91664e+06
-3.92792e+06
-3.88869e+06
-3.94496e+06
-8.24134e+06
-3.92815e+06
-3.9287e+06
-3.89549e+06
-3.92643e+06
-3.69407e+06
-4.02969e+06
-3.89251e+06
-3.88375e+06
-3.81445e+06
-4.06689e+06
-3.82094e+06
-3.86371e+06
-3.92035e+06
-3.92799e+06
-4.04087e+06
-3.88432e+06
-3.92776e+06
-4.00788e+06
-3.84547e+06
-4.02625e+06
-3.95633e+06
-3.6479e+06
-3.90572e+06
-3.96313e+06
-3.83527e+06
-3.93257e+06
-7.30345e+06
-3.82921e+06
-3.89364e+06
-3.90894e+06
-3.92797e+06
-3.8315e+06
-3.91997e+06
-3.83336e+06
-4.20196e+06
-3.87614e+06
-4.21025e+06
-4.05175e+06
-3.84698e+06
-3.92816e+06
-3.93514e+06
-3.92759e+06
-3.86761e+06
-3.92758e+06
-4.14918e+06
-3.82942e+06
-3.92813e+06
-3.92822e+06
-3.92812e+06
-3.92911e+06
-3.87387e+06
-3.82115e+06
-4.06134e+06
-3.99916e+06
-3.83092e+06
-4.03418e+06
-3.92822e+06
-3.8968e+06
-2.91832e+06
-3.80938e+06
-5.78673e+06
-3.95319e+06
-4.15324e+06
-3.83507e+06
-3.9294e+06
-3.92668e+06
-3.83235e+06
-3.92648e+06
-3.80583e+06
-3.92785e+06
-3.80663e+06
-3.84932e+06
-4.03288e+06
-3.83624e+06
-3.78828e+06
-3.70604e+06
-3.87524e+06
-3.83652e+06
-3.83506e+06
-3.89313e+06
-3.87754e+06
-3.84147e+06
-3.12408e+06
-3.85262e+06
-3.97782e+06
-3.8319e+06
-3.96304e+06
-3.83859e+06
-3.99872e+06
-3.83166e+06
-3.94004e+06
-2.88448e+06
-3.46613e+06
-3.92137e+06
-3.8336e+06
-3.86257e+06
-3.83487e+06
-3.90503e+06
-3.94113e+06
-3.92817e+06
-4.06545e+06
-3.83254e+06
-3.92812e+06
-3.86088e+06
-3.83478e+06
-3.92894e+06
-6.75639e+06
-3.92779e+06
-3.83551e+06
-3.92819e+06
-3.92824e+06
-3.92134e+06
-3.8444e+06
-3.38051e+06
-3.92814e+06
-3.90838e+06
-3.88051e+06
-3.90196e+06
-3.83049e+06
-3.92604e+06
-3.96062e+06
-3.92803e+06
-3.92818e+06
-3.95804e+06
-3.31219e+06
-3.92817e+06
-3.83164e+06
-3.92819e+06
-3.92039e+06
-3.89546e+06
-3.78753e+06
-3.96403e+06
-4.13863e+06
-3.83438e+06
-4.06322e+06
-3.86751e+06
-3.94e+06
-3.83775e+06
-3.83297e+06
-3.92812e+06
-3.83263e+06
-3.82979e+06
-3.92809e+06
-3.82507e+06
-3.9979e+06
-4.50946e+06
-3.82125e+06
-4.01938e+06
-3.83512e+06
-6.37059e+06
-4.12025e+06
-3.83857e+06
-4.0248e+06
-3.92349e+06
-3.9408e+06
-3.83077e+06
-3.92988e+06
-3.89163e+06
-2.98581e+06
-4.11123e+06
-3.91928e+06
-3.92813e+06
-3.9281e+06
-3.2145e+06
-3.92812e+06
-3.69957e+06
-3.73507e+06
-3.69717e+06
-3.92814e+06
-3.84147e+06
-3.94958e+06
-3.14934e+06
-4.14151e+06
-3.92766e+06
-3.82124e+06
-3.92757e+06
-3.84951e+06
-3.83096e+06
-3.83392e+06
-3.98495e+06
-3.8642e+06
-9.02231e+06
-3.83996e+06
-3.90433e+06
-3.83306e+06
-3.92809e+06
-3.83854e+06
-3.5179e+06
-3.83291e+06
-2.98932e+06
-3.83242e+06
-3.84298e+06
-3.67457e+06
-3.85224e+06
-7.12879e+06
-3.82172e+06
-3.88029e+06
-3.85165e+06
-1.37836e+07
-3.87193e+06
-4.98718e+06
-3.92811e+06
-3.84563e+06
-3.8324e+06
-1.73975e+06
-3.83136e+06
-3.91694e+06
-2.69534e+06
-4.13924e+06
-3.83492e+06
-3.82873e+06
-3.9286e+06
-3.83844e+06
-3.98633e+06
-3.92819e+06
-3.83606e+06
-7.6802e+06
-3.94803e+06
-3.92879e+06
-3.87039e+06
-3.9281e+06
-3.90076e+06
-4.08398e+06
-3.83006e+06
-3.63878e+06
-2.98272e+06
-3.92813e+06
-3.92838e+06
-7878.74
-3.83365e+06
-3.83159e+06
-4.07956e+06
-3.84886e+06
-3.83081e+06
-3.83235e+06
-3.98646e+06
-3.84107e+06
-3.83247e+06
-3.83022e+06
-3.8349e+06
-3.86857e+06
-3.83165e+06
-1.05976e+06
-3.96099e+06
271989
-3.98059e+06
-3.83654e+06
-3.83216e+06
-3.83224e+06
-3.92836e+06
-3.78641e+06
-4.17367e+06
-3.86303e+06
-3.85363e+06
-3.94551e+06
-4.04788e+06
-3.85356e+06
-3.83157e+06
-3.97765e+06
-4.31141e+06
-3.83209e+06
-288863
-3.88788e+06
-3.90967e+06
-4.22948e+06
-4.19894e+06
-3.9229e+06
-3.83456e+06
-3.92783e+06
-3.98277e+06
-3.98564e+06
-3.83127e+06
-3.84265e+06
-3.63263e+06
-3.92171e+06
-3.92919e+06
-9.57706e+06
-3.92666e+06
-4.09538e+06
-3.92652e+06
-9.60976e+06
-3.85344e+06
-3.96046e+06
-3.83446e+06
-3.83489e+06
-3.92812e+06
-3.83213e+06
-4.26357e+06
-3.92817e+06
-3.33503e+06
-3.85124e+06
-3.83555e+06
-3.86942e+06
-3.83314e+06
-3.82211e+06
-3.44398e+06
-3.82902e+06
-3.83292e+06
-3.76031e+06
-3.87325e+06
-3.92814e+06
-3.89665e+06
-3.51937e+06
-3.83665e+06
-4.08612e+06
-3.82869e+06
-4.0992e+06
-3.21813e+06
-3.83383e+06
-3.86744e+06
-3.23509e+06
-3.92823e+06
-4.06505e+06
-3.88079e+06
-3.83765e+06
-3.85061e+06
-3.83027e+06
-1.3722e+06
-3.83101e+06
-3.84417e+06
-3.84741e+06
-3.84742e+06
-3.83179e+06
-4.04631e+06
-3.83181e+06
-3.92799e+06
-3.92811e+06
-3.92838e+06
-3.92838e+06
-4.01246e+06
-3.92779e+06
-3.92823e+06
-3.83303e+06
-3.86345e+06
-3.92809e+06
-3.86711e+06
-3.92063e+06
-3.83977e+06
-3.83691e+06
-3.93059e+06
-3.92826e+06
-3.83331e+06
-3.928e+06
-3.83051e+06
-3.83053e+06
-1.69781e+06
-3.87064e+06
-4.1068e+06
-3.83453e+06
-3.9655e+06
-4.09232e+06
-3.83147e+06
-3.86113e+06
-3.83171e+06
-3.83151e+06
-4.0522e+06
-3.94013e+06
-3.83375e+06
-3.8404e+06
-3.83366e+06
-3.93441e+06
-1.78477e+06
-3.9282e+06
-3.90002e+06
-3.82162e+06
-3.94234e+06
-3.40562e+06
-3.83464e+06
-3.83383e+06
-3.83293e+06
-3.83106e+06
-3.92812e+06
-3.83102e+06
-3.92772e+06
-3.89956e+06
-3.83351e+06
-3.93551e+06
-3.92812e+06
-3.89729e+06
-3.92796e+06
-3.92803e+06
-3.94295e+06
-3.83379e+06
904369
-3.84463e+06
-3.83264e+06
-3.83163e+06
-3.82149e+06
-3.88085e+06
-3.83526e+06
-3.9763e+06
-3.82898e+06
-3.8325e+06
-3.83255e+06
-3.83082e+06
-3.92828e+06
-3.83352e+06
-3.8046e+06
-3.83121e+06
-3.83426e+06
-3.83468e+06
-3.928e+06
-3.92767e+06
-3.92826e+06
-4.02393e+06
-3.92764e+06
-3.92097e+06
-3.92811e+06
-3.84833e+06
-3.8313e+06
-3.82259e+06
-3.82836e+06
-3.9665e+06
-3.8354e+06
-3.9394e+06
-3.92752e+06
-3.92805e+06
-3.89982e+06
-3.89671e+06
-3.92823e+06
-3.92823e+06
-3.82989e+06
-3.83443e+06
-3.94531e+06
-3.86453e+06
-3.83176e+06
-3.85818e+06
-3.83178e+06
-3.92188e+06
-3.92814e+06
-3.83384e+06
-3.92836e+06
-3.83298e+06
-3.85911e+06
-3.83225e+06
-3.8856e+06
-3.84016e+06
-3.93238e+06
-3.92807e+06
-3.83191e+06
-4.04877e+06
-3.9283e+06
-3.92817e+06
-3.83086e+06
-3.9123e+06
-3.81671e+06
-3.96845e+06
-3.92836e+06
-3.81393e+06
-3.83178e+06
-3.85333e+06
-3.83275e+06
-4.18736e+06
-3.83899e+06
-3.92862e+06
-3.96411e+06
-3.83562e+06
-3.82994e+06
-3.92813e+06
-3.84375e+06
-3.92812e+06
-4.12502e+06
-3.92811e+06
-3.8462e+06
-3.83121e+06
-3.92785e+06
-3.84572e+06
-3.82964e+06
-3.81902e+06
-3.92796e+06
-3.83175e+06
-3.87091e+06
-3.92753e+06
-3.83171e+06
-3.88494e+06
-3.95263e+06
-3.92786e+06
-3.83093e+06
-3.92811e+06
-3.92843e+06
-3.84284e+06
-3.84663e+06
-4.15076e+06
-3.85244e+06
-4.02876e+06
-3.92013e+06
-3.93185e+06
-3.97459e+06
-1.05105e+07
-2.93608e+06
-3.93152e+06
-3.92817e+06
-3.92545e+06
-3.92208e+06
-3.92806e+06
-4.06061e+06
-3.92705e+06
-3.83323e+06
-3.83171e+06
-1.39204e+07
-4.0275e+06
-3.83617e+06
-3.90557e+06
-3.55864e+06
-3.99897e+06
-3.83093e+06
-3.81149e+06
-3.92788e+06
-3.92798e+06
-4.11652e+06
-3.91696e+06
-3.92797e+06
-4.05357e+06
-3.92807e+06
-4.03652e+06
-3.78633e+06
-3.8306e+06
-3.83323e+06
-3.97454e+06
-3.90492e+06
-3.9887e+06
-3.83473e+06
-3.83428e+06
-3.83146e+06
-3.94766e+06
-4.00544e+06
-3.8317e+06
-3.83243e+06
-3.92947e+06
-3.92729e+06
-3.8333e+06
-3.83136e+06
-3.83722e+06
-3.83415e+06
-3.83177e+06
-4.05833e+06
-3.86451e+06
-3.90812e+06
-4.07137e+06
-8.01585e+06
-4.04924e+06
-4.05363e+06
-3.83362e+06
-3.82983e+06
-3.88181e+06
-3.90112e+06
-3.83111e+06
-3.81585e+06
-4.14065e+06
-3.92773e+06
-3.92841e+06
-4.062e+06
-3.84581e+06
-3.92806e+06
-3.9751e+06
-3.928e+06
-3.97156e+06
-3.8203e+06
-3.93015e+06
-3.83027e+06
-3.89556e+06
-3.83596e+06
-4.00989e+06
-3.9094e+06
-3.89054e+06
-3.83085e+06
-3.81965e+06
-3.93157e+06
-3.84097e+06
-3.83131e+06
-3.85192e+06
-3.95108e+06
-3.84094e+06
-3.83325e+06
-3.94779e+06
-3.8385e+06
-3.81859e+06
-3.90168e+06
-3.84077e+06
-3.8631e+06
-4.06842e+06
-3.9281e+06
-3.87662e+06
-3.76813e+06
-3.77213e+06
-3.83921e+06
-3.83397e+06
-3.87062e+06
-3.82705e+06
-3.92779e+06
-3.92832e+06
-3.92808e+06
-3.83785e+06
-4.05661e+06
-3.92823e+06
-3.83116e+06
-3.92825e+06
-3.83788e+06
-3.9297e+06
-3.92926e+06
-3.9927e+06
-4.20859e+06
-3.83441e+06
-3.92814e+06
-3.92822e+06
-3.85121e+06
-3.83498e+06
-3.92824e+06
-3.92817e+06
-3.9093e+06
-3.92821e+06
-3.85672e+06
-3.83476e+06
-3.92783e+06
-1.10585e+06
-3.83074e+06
-3.92946e+06
-3.98444e+06
-3.83282e+06
-3.8349e+06
-3.83818e+06
-3.83229e+06
-3.83647e+06
-3.81412e+06
-4.1376e+06
-3.94795e+06
-3.83101e+06
-3.82965e+06
-3.83149e+06
-3.89391e+06
-3.92655e+06
-3.83302e+06
-3.84187e+06
-3.84141e+06
-3.8519e+06
-3.83298e+06
-3.82255e+06
-3.9171e+06
-3.87979e+06
-9.41686e+06
-3.82267e+06
-3.86318e+06
-3.92823e+06
-3.83038e+06
-3.83516e+06
-4.14017e+06
-3.84059e+06
-3.80811e+06
-3.86304e+06
-3.871e+06
-3.83143e+06
-3.86694e+06
-3.75378e+06
-3.83039e+06
-3.97515e+06
-3.83126e+06
-3.83433e+06
-3.98392e+06
-3.85746e+06
-3.70542e+06
-3.84164e+06
-3.83261e+06
-3.89608e+06
-3.83277e+06
-3.97562e+06
-4.05437e+06
-3.92812e+06
-3.9471e+06
-3.83266e+06
-3.83599e+06
-3.84027e+06
-3.92844e+06
-3.93357e+06
-3.92815e+06
-3.82958e+06
-3.83872e+06
-3.95236e+06
-3.84192e+06
-3.91812e+06
-3.83366e+06
-3.83297e+06
-3.89256e+06
-4.07765e+06
-3.97556e+06
-4.00561e+06
-4.07131e+06
-3.92754e+06
-3.87597e+06
-4.00772e+06
-4.1249e+06
-3.95785e+06
-3.93737e+06
-3.83006e+06
-3.84284e+06
-3.95369e+06
-3.84907e+06
-3.75142e+06
-3.92923e+06
-3.82976e+06
-3.9088e+06
-3.92823e+06
-3.97687e+06
-3.90507e+06
-3.86774e+06
883310
-1.01355e+07
-3.92821e+06
-3.93322e+06
-3.82947e+06
-3.92802e+06
-3.92799e+06
-3.92817e+06
-6.73642e+06
-3.83247e+06
-4.04922e+06
-4.03254e+06
-3.88318e+06
-3.82988e+06
-3.99328e+06
-3.90293e+06
-3.83195e+06
-4.117e+06
-3.92812e+06
-3.82331e+06
-3.90773e+06
-3.82705e+06
-3.87305e+06
-4.0837e+06
-3.89311e+06
-3.84698e+06
-3.95063e+06
-3.92803e+06
-3.74627e+06
-3.98671e+06
-3.9578e+06
-4.09762e+06
-4.02502e+06
-2.99237e+06
-3.92881e+06
-3.86931e+06
-3.88462e+06
-3.81513e+06
-1.04768e+07
-3.91232e+06
-8.65571e+06
-3.92247e+06
-3.9656e+06
-4.06306e+06
-3.82787e+06
-8.46252e+06
-3.95818e+06
-3.78082e+06
-3.83291e+06
-3.82145e+06
-4.03275e+06
-3.91942e+06
-3.83401e+06
-3.95639e+06
-3.98204e+06
-3.98432e+06
-3.89934e+06
-3.98481e+06
-3.82922e+06
-3.83283e+06
-3.99282e+06
-3.83288e+06
-4.10711e+06
-3.83426e+06
-4.05548e+06
-3.84353e+06
-3.97334e+06
-3.92803e+06
-3.83132e+06
-3.92185e+06
-4.42531e+06
-3.83362e+06
-3.87312e+06
-3.85152e+06
-4.0472e+06
-3.87539e+06
-4.05809e+06
-3.81894e+06
-3.88151e+06
-3.92399e+06
-4.04513e+06
-3.82062e+06
-3.82983e+06
-3.82095e+06
-3.92814e+06
-3.92945e+06
-4.39763e+06
-4.00721e+06
-3.1472e+06
-3.92822e+06
-3.83461e+06
-3.85817e+06
-3.95969e+06
-3.83351e+06
-3.83417e+06
-3.95474e+06
-3.84427e+06
-3.86031e+06
-3.92823e+06
-3.50573e+06
-3.92809e+06
-3.83827e+06
-3.77674e+06
-3.86005e+06
-3.74503e+06
-3.92926e+06
-3.86913e+06
-3.92828e+06
-3.90463e+06
-3.86284e+06
-4.06077e+06
-3.82908e+06
-3.83405e+06
-3.98072e+06
-3.93106e+06
-3.98157e+06
-3.84425e+06
-3.83257e+06
-3.2309e+06
-5.47406e+06
-3.83251e+06
-3.8722e+06
-4.0254e+06
-3.96371e+06
-1.68894e+06
-3.80302e+06
-4.02377e+06
-3.56019e+06
-3.83845e+06
-5.93309e+06
-3.83511e+06
-3.83287e+06
-3.83261e+06
-3.90126e+06
-3.93273e+06
-2.99582e+06
-4.08352e+06
-3.92688e+06
-3.89203e+06
-5.59618e+06
-3.83037e+06
-3.92819e+06
-3.94231e+06
-3.84585e+06
-3.9093e+06
-3.83287e+06
-3.87107e+06
-3.89417e+06
-4.05059e+06
-3.95817e+06
-3.9014e+06
-3.83052e+06
-3.83172e+06
-4.30523e+06
-3.85139e+06
-3.92828e+06
-3.95169e+06
-3.82168e+06
-3.8313e+06
-3.92804e+06
-3.92826e+06
-3.84915e+06
-3.92823e+06
-3.92839e+06
-3.92196e+06
-3.83202e+06
-3.87581e+06
-3.92743e+06
-3.928e+06
-3.91508e+06
-3.94112e+06
-3.831e+06
-3.83843e+06
-3.84101e+06
-3.92802e+06
-3.89033e+06
-3.83067e+06
-3.84913e+06
-3.97203e+06
-3.94238e+06
-3.84445e+06
-3.92804e+06
-3.83112e+06
-3.928e+06
-3.92736e+06
-3.92804e+06
-3.84069e+06
-3.83128e+06
-3.94825e+06
-3.84202e+06
-3.87107e+06
-4.02049e+06
-3.83228e+06
-3.86963e+06
-4.0119e+06
-3.9281e+06
-3.92682e+06
-3.92736e+06
-3.90765e+06
-3.88156e+06
-3.92755e+06
-3.97977e+06
-3.90249e+06
-3.84402e+06
-3.83859e+06
-3.88985e+06
-3.8423e+06
-3.90437e+06
-9.4228e+06
-3.84386e+06
-3.92926e+06
-3.8345e+06
-4.002e+06
-3.85086e+06
-3.84898e+06
-3.8931e+06
-3.85549e+06
-3.67068e+06
-3.8594e+06
-3.85913e+06
-3.92832e+06
-3.00145e+06
-4.13397e+06
-3.84085e+06
-3.56182e+06
-3.85022e+06
-3.75721e+06
-4.1011e+06
-3.92835e+06
-4.37435e+06
-3.8704e+06
-4.04112e+06
-3.92748e+06
-3.87731e+06
-3.92827e+06
-3.92829e+06
-3.92821e+06
-3.92813e+06
-3.96897e+06
-4.03858e+06
-3.30069e+06
-3.83484e+06
-3.99879e+06
-9.88858e+06
-3.99589e+06
-4.0537e+06
-4.09091e+06
-3.94888e+06
-3.93447e+06
-3.83507e+06
-3.8302e+06
-3.83777e+06
-4.08695e+06
-4.08996e+06
-7.13469e+06
-3.92766e+06
-3.84848e+06
-3.87177e+06
-3.97668e+06
-3.90581e+06
-3.83796e+06
-3.86293e+06
-3.8317e+06
-3.92779e+06
-3.9284e+06
-3.83606e+06
-3.93353e+06
-3.83269e+06
-3.8722e+06
-3.8382e+06
-3.91681e+06
-3.86031e+06
-3.83131e+06
-3.89127e+06
-3.8148e+06
-3.92581e+06
-3.92968e+06
-3.90026e+06
-3.84828e+06
-3.87251e+06
-3.82944e+06
-3.83859e+06
-3.85989e+06
-3.8307e+06
-3.92781e+06
-3.78572e+06
-3.85266e+06
-3.90788e+06
-3.99458e+06
-3.83199e+06
-3.83086e+06
-3.75972e+06
-3.83044e+06
-3.92862e+06
-3.994e+06
-3.92778e+06
-3.83231e+06
-3.92974e+06
-3.89167e+06
-3.92751e+06
-3.92617e+06
-3.83013e+06
-3.83222e+06
-3.85183e+06
-3.83482e+06
-3.83704e+06
2.38479e+06
-3.92824e+06
-3.85696e+06
-3.84971e+06
-3.92931e+06
-3.83442e+06
-3.92913e+06
-3.84115e+06
-4.02155e+06
-3.92821e+06
-3.83502e+06
-3.61553e+06
-3.83418e+06
-3.84623e+06
-3.85394e+06
-3.92972e+06
-3.83103e+06
-3.9284e+06
-3.82954e+06
-3.93356e+06
-3.8941e+06
-3.84222e+06
-3.93223e+06
-3.85535e+06
-3.83232e+06
-3.90162e+06
-3.92812e+06
-3.84936e+06
-3.82916e+06
-3.83234e+06
-3.93545e+06
-3.87053e+06
-3.93991e+06
-3.83363e+06
-3.92068e+06
-3.83424e+06
-3.82923e+06
-3.83156e+06
-3.97883e+06
-3.92818e+06
-3.89672e+06
-3.82994e+06
-3.85356e+06
-3.83125e+06
-3.83069e+06
568597
-4.10526e+06
-3.92964e+06
-3.83046e+06
-3.82971e+06
-3.92784e+06
-3.83175e+06
-3.93258e+06
-3.85776e+06
-3.92686e+06
-4.10704e+06
-4.03228e+06
-3.83535e+06
-3.69569e+06
-3.88455e+06
-3.92907e+06
-3.81977e+06
-3.8299e+06
-3.8348e+06
-3.85978e+06
-4.04238e+06
-3.83237e+06
-3.86579e+06
-3.92806e+06
-3.92805e+06
-3.8275e+06
-3.82486e+06
-3.92808e+06
-3.93664e+06
-3.98727e+06
-3.83501e+06
-3.24934e+06
-4.05184e+06
-3.89986e+06
-3.71381e+06
-3.75553e+06
-3.83061e+06
-3.25471e+06
-4.11028e+06
-3.8362e+06
-3.91172e+06
-3.8343e+06
-3.83332e+06
-4.22174e+06
-3.92984e+06
-8.12999e+06
-3.82965e+06
-3.83149e+06
-3.94421e+06
-3.99196e+06
-4.12252e+06
-3.98711e+06
-4.01595e+06
-3.82341e+06
-3.50377e+06
-3.89684e+06
-4.1011e+06
-3.87548e+06
-3.98707e+06
-3.8332e+06
-3.84231e+06
-3.98892e+06
-3.83542e+06
-3.92944e+06
-4.0108e+06
-3.832e+06
-3.92816e+06
-3.83612e+06
-3.84145e+06
-3.84154e+06
-3.83605e+06
-4.02542e+06
-3.90119e+06
-4.02631e+06
-4.00097e+06
-3.82963e+06
-3.84111e+06
-4.74496e+06
-3.8313e+06
-3.83456e+06
-3.8343e+06
-3.83613e+06
-4.11472e+06
-3.92818e+06
-3.90525e+06
-3.81474e+06
-3.92937e+06
-3.83055e+06
-3.84629e+06
-3.86262e+06
-3.83484e+06
-4.02075e+06
-3.84245e+06
-3.98238e+06
-3.92902e+06
-3.83392e+06
-3.83504e+06
-6.07235e+06
-3.9698e+06
-3.83196e+06
-3.83006e+06
-3.83361e+06
-3.71759e+06
-3.96368e+06
-3.92909e+06
-3.63587e+06
-3.9281e+06
-4.02002e+06
-3.92813e+06
-3.63761e+06
-3.92827e+06
-3.83812e+06
2.47884e+06
-3.90849e+06
-3.92831e+06
-3.9117e+06
-3.92815e+06
-3.93022e+06
-3.83491e+06
-3.92811e+06
-3.91169e+06
-3.93895e+06
-3.83001e+06
-3.92824e+06
-3.8926e+06
-3.84759e+06
-3.83185e+06
-3.92809e+06
-3.85699e+06
-3.86759e+06
-3.62864e+06
-3.9282e+06
-3.92855e+06
-3.92881e+06
-4.05151e+06
-3.92808e+06
-3.93436e+06
-3.63045e+06
-3.9275e+06
-3.88192e+06
-3.85338e+06
-3.83748e+06
-4.17917e+06
-3.8677e+06
-9.81291e+06
-3.14066e+06
-3.92823e+06
-3.90219e+06
-3.92833e+06
-3.93647e+06
-3.97856e+06
-3.83265e+06
-3.92872e+06
-3.92225e+06
-3.95462e+06
-3.89212e+06
-3.83403e+06
-3.93127e+06
-3.98367e+06
-3.83244e+06
-3.92039e+06
-4.03333e+06
-3.84746e+06
-4.02741e+06
-3.92815e+06
-3.92836e+06
-3.84814e+06
-4.05904e+06
-3.83743e+06
-4.06898e+06
-3.84411e+06
-3.93057e+06
-3.92817e+06
-4.07415e+06
-4.07767e+06
-3.85297e+06
-2.87035e+06
-3.84778e+06
-3.9587e+06
-4.02604e+06
-3.94232e+06
-3.92802e+06
-3.92797e+06
-3.81683e+06
-4.05319e+06
-3.5099e+06
-3.83062e+06
-3.82911e+06
-3.98349e+06
-3.86435e+06
-3.85672e+06
-3.91567e+06
-3.87156e+06
-3.92757e+06
-3.88029e+06
-3.82895e+06
-3.83304e+06
-4.1328e+06
2.37955e+06
-3.92804e+06
-3.83313e+06
-3.82915e+06
-3.83304e+06
-3.92807e+06
-3.8437e+06
-6.66382e+06
-3.95336e+06
-3.92809e+06
-3.91013e+06
-3.90169e+06
-3.92795e+06
-3.92958e+06
-3.92804e+06
-3.92799e+06
-3.92817e+06
-3.92821e+06
-3.89002e+06
-3.84396e+06
-3.90597e+06
-3.87183e+06
-3.8626e+06
-3.84545e+06
-4.07971e+06
-3.83073e+06
-3.92779e+06
-3.92811e+06
-3.8877e+06
-3.83051e+06
-3.92803e+06
-3.83146e+06
-1.33793e+07
-3.92843e+06
-3.83453e+06
-3.83807e+06
-1.04132e+07
-3.89764e+06
-6.32934e+06
-3.82077e+06
-3.94856e+06
-3.96376e+06
-3.83243e+06
-3.95265e+06
-3.83412e+06
-3.92829e+06
-3.92274e+06
-3.99293e+06
-3.82995e+06
-3.92854e+06
-3.97474e+06
-3.83391e+06
-3.83306e+06
-3.92817e+06
-3.86066e+06
-3.81714e+06
-3.99905e+06
-3.83468e+06
-3.96616e+06
-3.83367e+06
-3.92823e+06
-3.83214e+06
-3.89112e+06
-3.9185e+06
-1.13459e+06
-3.983e+06
-3.91259e+06
-3.92812e+06
-3.83199e+06
-3.83449e+06
-3.83082e+06
-3.83647e+06
-3.83205e+06
-3.56605e+06
-3.65158e+06
-3.96157e+06
-3.5179e+06
-3.83099e+06
-3.83478e+06
-3.83205e+06
-3.82404e+06
-3.83149e+06
-3.97982e+06
-3.83114e+06
-3.83196e+06
-3.82834e+06
-3.93888e+06
-3.92802e+06
-3.96281e+06
-4.16733e+06
-3.94732e+06
-3.83127e+06
-1.81317e+06
-4.07931e+06
-434247
-3.50006e+06
-3.9282e+06
-3.90519e+06
-3.50419e+06
-3.88439e+06
-4.03128e+06
-3.8316e+06
-3.92817e+06
-3.83428e+06
-3.831e+06
-3.67352e+06
892344
-4.00257e+06
-3.92819e+06
-3.9772e+06
-1.80347e+06
-3.83656e+06
-3.84999e+06
-3.87349e+06
-3.9281e+06
-3.83182e+06
-4.0097e+06
-3.84675e+06
-3.71814e+06
-3.83285e+06
-3.92823e+06
-3.83351e+06
-3.92811e+06
-4.07417e+06
-4.07565e+06
-3.98611e+06
-3.82991e+06
-3.83058e+06
-3.83306e+06
-3.92794e+06
-3.83414e+06
-3.96692e+06
-3.84259e+06
-3.84621e+06
-3.90712e+06
-3.84642e+06
-3.8998e+06
-3.8312e+06
-3.83462e+06
-3.89185e+06
-3.82402e+06
-3.83141e+06
-3.94572e+06
-3.8333e+06
-3.92811e+06
-3.91661e+06
-3.66952e+06
-3.84753e+06
-4.03286e+06
-3.91693e+06
-4.02604e+06
-3.81546e+06
-860440
-3.96782e+06
-3.83134e+06
-3.83242e+06
-4.01838e+06
-3.83233e+06
-3.92862e+06
-3.92835e+06
-3.92817e+06
-3.92809e+06
-3.84594e+06
-3.92816e+06
-3.92804e+06
-3.8305e+06
-3.86224e+06
-3.92803e+06
-3.91243e+06
-3.83482e+06
-3.92829e+06
-3.82955e+06
-3.84045e+06
-3.87374e+06
-3.99076e+06
-3.93116e+06
-3.84086e+06
-3.9924e+06
-3.92188e+06
-3.75956e+06
-3.699e+06
-3.83051e+06
-3.30275e+06
-3.93006e+06
-3.83632e+06
-3.83232e+06
-3.83281e+06
-3.83567e+06
-3.83562e+06
-3.92796e+06
-3.92984e+06
-3.84773e+06
-3.92816e+06
-3.928e+06
-3.71011e+06
-4.39844e+06
-3.92824e+06
-3.83148e+06
-3.92826e+06
-3.83293e+06
-3.87445e+06
-3.92912e+06
-3.83121e+06
-3.95846e+06
-3.92169e+06
-4.12593e+06
-3.95284e+06
-4.07036e+06
-4.06626e+06
-4.00627e+06
-2.91407e+06
-3.8321e+06
-3.88608e+06
-3.83204e+06
-3.90176e+06
-3.92798e+06
-4.03139e+06
-3.92778e+06
-3.90833e+06
-3.86928e+06
-3.83389e+06
-3.83857e+06
-3.92353e+06
-3.82244e+06
-4.04252e+06
-3.99299e+06
-3.92752e+06
-3.92745e+06
-3.92737e+06
-3.92762e+06
-3.92783e+06
-3.92811e+06
-3.82389e+06
-3.82526e+06
-3.7072e+06
-3.57074e+06
-3.69056e+06
-3.67811e+06
-4.27095e+06
-4.63125e+06
-4.61077e+06
-4.24937e+06
-4.81476e+06
-4.31615e+06
-4.56698e+06
-4.26749e+06
-2.74313e+06
-2.74022e+06
-3.92191e+06
-1.06149e+07
-1.78773e+06
-4.08511e+06
-4.80794e+06
-4.53034e+06
-4.68251e+06
-4.22699e+06
-4.10634e+06
-4.48865e+06
-4.23838e+06
-3.83511e+06
-3.83311e+06
-3.84323e+06
-3.85246e+06
-3.97708e+06
-3.92418e+06
-3.97248e+06
-3.93247e+06
-3.91561e+06
-3.97865e+06
-3.93178e+06
-3.92287e+06
-3.92555e+06
-3.92381e+06
-3.92483e+06
-3.92814e+06
-3.9281e+06
-3.92813e+06
-3.92818e+06
-3.92799e+06
-3.9281e+06
-3.92833e+06
-3.92844e+06
-3.9278e+06
-3.92836e+06
-3.9275e+06
-3.92723e+06
-3.92716e+06
-3.92447e+06
-3.92416e+06
-3.92423e+06
-3.92217e+06
-3.92396e+06
-3.92361e+06
-3.94767e+06
-3.94787e+06
-3.95446e+06
-3.97518e+06
-3.83747e+06
-3.85516e+06
-3.92554e+06
-3.91522e+06
-3.83565e+06
-3.83377e+06
-3.83311e+06
-3.83312e+06
-3.8337e+06
-3.83038e+06
-3.83284e+06
-3.83244e+06
-3.83081e+06
-3.83261e+06
-3.83015e+06
-3.83341e+06
-3.83333e+06
-3.83147e+06
-3.83181e+06
-3.83211e+06
-3.8323e+06
-3.83219e+06
-3.83197e+06
-3.83163e+06
-3.83222e+06
-3.83243e+06
-3.83406e+06
-3.83341e+06
-3.83408e+06
-3.83504e+06
-3.83505e+06
-3.83625e+06
-3.83764e+06
-3.85349e+06
-3.85032e+06
-3.85357e+06
-3.86448e+06
-3.87264e+06
-3.88365e+06
-3.8902e+06
-3.96275e+06
-3.97986e+06
-3.95877e+06
-3.96563e+06
-3.97987e+06
-3.96731e+06
-3.98373e+06
-3.98618e+06
-3.98578e+06
-3.99999e+06
-3.99934e+06
-3.99318e+06
-4.02251e+06
-4.00751e+06
-4.06483e+06
-3.82086e+06
-3.76451e+06
-3.81909e+06
-3.94102e+06
-3.90431e+06
-3.9596e+06
-3.96166e+06
-3.98123e+06
-3.98414e+06
-3.85432e+06
-3.86914e+06
-3.86543e+06
-3.8669e+06
-4.02757e+06
-3.9172e+06
-3.89204e+06
-3.52145e+06
-3.5572e+06
-3.53087e+06
-3.84774e+06
-3.30964e+06
-3.63496e+06
-3.87087e+06
-3.87564e+06
-3.98929e+06
-3.9969e+06
-3.9963e+06
-4.14323e+06
-4.15635e+06
-4.13768e+06
-4.13081e+06
-4.05253e+06
-4.40048e+06
-6.43422e+06
-8.88148e+06
-4.03062e+06
-3.89474e+06
-3.9301e+06
-3.9528e+06
-3.93907e+06
-4.0212e+06
-3.97481e+06
-3.97654e+06
-2.90748e+06
-3.32352e+06
-3.33329e+06
-3.80381e+06
-3.82498e+06
-4.24496e+06
-3.90263e+06
-3.71516e+06
-3.83308e+06
-3.87482e+06
-3.88788e+06
-3.82969e+06
-3.82578e+06
-3.92876e+06
-3.94267e+06
-3.87666e+06
-3.93644e+06
-3.98383e+06
-3.96078e+06
-3.94618e+06
-3.85468e+06
-3.96825e+06
-3.91959e+06
-3.87861e+06
-3.77075e+06
-3.87445e+06
-3.77208e+06
-3.02154e+06
-3.00357e+06
-3.73885e+06
-3.00319e+06
-2.98561e+06
-3.74101e+06
-2.99701e+06
-3.78232e+06
-3.74763e+06
-3.78735e+06
-3.74653e+06
-3.74152e+06
-3.72207e+06
-3.67859e+06
-3.6569e+06
-3.65645e+06
-3.74247e+06
-3.80856e+06
-3.80614e+06
-3.78321e+06
-3.79008e+06
-3.78937e+06
-3.84454e+06
-3.81807e+06
-3.81943e+06
-3.82103e+06
-3.81969e+06
-3.82244e+06
-3.82116e+06
-3.81973e+06
-3.82189e+06
-3.82269e+06
-3.82196e+06
-3.82862e+06
-3.82104e+06
-3.84341e+06
-3.83356e+06
-3.83082e+06
-3.8328e+06
-3.83147e+06
-3.83188e+06
-3.83104e+06
-3.83095e+06
-3.83038e+06
-3.83027e+06
-3.82921e+06
-3.83103e+06
-3.83191e+06
-3.83142e+06
-3.83202e+06
-3.83183e+06
-3.83244e+06
-3.83217e+06
-3.83408e+06
-3.83234e+06
-3.92177e+06
-3.92249e+06
-3.92998e+06
-3.92573e+06
-3.93132e+06
-3.93135e+06
-3.93201e+06
-3.92927e+06
-3.92865e+06
-3.9295e+06
-3.92872e+06
-3.93057e+06
-3.92981e+06
-3.92994e+06
-3.93057e+06
-3.98114e+06
-3.92676e+06
-3.92862e+06
-3.98132e+06
-3.92803e+06
-3.92781e+06
-3.92873e+06
-3.92788e+06
-3.92661e+06
-3.9286e+06
-3.92626e+06
-3.93074e+06
-3.93075e+06
-3.92653e+06
-3.92774e+06
-3.92765e+06
-3.92809e+06
-3.92776e+06
-3.92774e+06
-3.92776e+06
-3.9151e+06
-3.92802e+06
-3.92804e+06
-3.9281e+06
-3.92812e+06
-3.9281e+06
-3.92806e+06
-3.92805e+06
-3.9281e+06
-3.92813e+06
-3.92484e+06
-3.92027e+06
-3.92384e+06
-3.92356e+06
-3.94887e+06
-3.94852e+06
-3.95365e+06
-3.9311e+06
-3.83032e+06
-3.83161e+06
-3.83217e+06
-3.83369e+06
-3.83417e+06
-3.91415e+06
-3.99151e+06
-4.00092e+06
-3.724e+06
-4.79464e+06
-3.82698e+06
-3.95563e+06
-3.84728e+06
-4.02413e+06
-3.98037e+06
-3.5799e+06
-3.56735e+06
-3.88809e+06
-4.19854e+06
-4.13586e+06
-9.65541e+06
-7.05988e+06
-3.94638e+06
-3.94927e+06
-4.76398e+06
-3.8584e+06
-3.83096e+06
-3.9043e+06
-3.84294e+06
-3.83191e+06
-3.87948e+06
-3.88921e+06
-3.89005e+06
-3.90891e+06
-3.86009e+06
-3.95109e+06
-3.862e+06
-2.99486e+06
-2.97843e+06
-2.98677e+06
-3.78351e+06
-3.71128e+06
-3.80084e+06
-3.72192e+06
-3.69957e+06
-3.78454e+06
-3.84257e+06
-3.84556e+06
-3.82159e+06
-3.82193e+06
-3.82015e+06
-3.81998e+06
-3.83284e+06
-3.83142e+06
-3.82997e+06
-3.82974e+06
-3.83156e+06
-3.83231e+06
-3.83272e+06
-3.83664e+06
-3.83214e+06
-3.83234e+06
-3.83382e+06
-3.8321e+06
-3.91994e+06
-3.93076e+06
-3.93079e+06
-3.92911e+06
-3.92855e+06
-3.92596e+06
-3.9288e+06
-3.98045e+06
-3.92833e+06
-3.92694e+06
-3.92599e+06
-3.92576e+06
-3.9278e+06
-3.93135e+06
-3.92808e+06
-3.92788e+06
-3.92776e+06
-3.92764e+06
-3.92784e+06
-3.92811e+06
-3.928e+06
-3.92811e+06
-3.92804e+06
-3.92816e+06
-3.92824e+06
-3.92821e+06
-3.92822e+06
-3.92822e+06
-3.92823e+06
-3.92822e+06
-3.92824e+06
-3.9282e+06
-3.92808e+06
-3.92816e+06
-3.92819e+06
-3.92816e+06
-3.92815e+06
-3.92811e+06
-3.92815e+06
-3.92813e+06
-3.92818e+06
-3.92823e+06
-3.9282e+06
-3.92824e+06
-3.92813e+06
-3.92817e+06
-3.92828e+06
-3.92821e+06
-3.9289e+06
-3.92891e+06
-3.92778e+06
-3.92765e+06
-3.92741e+06
-3.92819e+06
-3.93207e+06
-3.92827e+06
-3.92159e+06
-3.8341e+06
-3.83236e+06
-3.83328e+06
-3.83459e+06
-3.83478e+06
-3.85472e+06
-3.84025e+06
-3.84114e+06
-3.84718e+06
-3.90448e+06
-3.88698e+06
-3.89807e+06
-3.83825e+06
-3.90678e+06
-3.8316e+06
-3.82993e+06
-3.83004e+06
-3.83131e+06
-3.83108e+06
-3.83064e+06
-3.83084e+06
-3.83223e+06
-3.83126e+06
-3.83235e+06
-3.83327e+06
-3.83184e+06
-3.83296e+06
-3.83646e+06
-3.83566e+06
-3.83753e+06
-3.83656e+06
-3.83684e+06
-3.83838e+06
-3.83919e+06
-3.83911e+06
-3.83874e+06
-3.83959e+06
-3.84339e+06
-3.841e+06
-3.84575e+06
-3.84823e+06
-3.8412e+06
-3.85133e+06
-3.85024e+06
-3.85302e+06
-3.85855e+06
-3.85735e+06
-3.865e+06
-3.86487e+06
-3.86382e+06
-3.86828e+06
-3.86813e+06
-3.86814e+06
-3.87127e+06
-3.87142e+06
-3.87191e+06
-3.88613e+06
-3.88135e+06
-3.88098e+06
-3.89294e+06
-3.89513e+06
-3.90332e+06
-3.89513e+06
-3.9004e+06
-3.89663e+06
-3.96609e+06
-3.9889e+06
-3.99385e+06
-3.98754e+06
-3.96501e+06
-3.98867e+06
-4.03054e+06
-3.96656e+06
-3.96865e+06
-4.03287e+06
-3.95114e+06
-3.90266e+06
-3.89597e+06
-3.95053e+06
-3.89509e+06
-3.6503e+06
-3.83378e+06
-3.9674e+06
-3.98256e+06
-3.97671e+06
-3.89167e+06
-3.96659e+06
-4.00876e+06
-3.99397e+06
-4.14556e+06
-4.04271e+06
-4.00494e+06
-3.95946e+06
-3.40991e+06
-4.21948e+06
-4.37667e+06
-5.48171e+06
-4.19039e+06
-7.42026e+06
-3.9814e+06
-4.14813e+06
-4.06508e+06
-4.03954e+06
-4.00325e+06
-4.01535e+06
-4.04481e+06
-4.04732e+06
-4.03927e+06
-4.07051e+06
-3.76222e+06
-3.92066e+06
-3.99164e+06
-3.90452e+06
-4.01991e+06
-3.96907e+06
-3.98011e+06
-3.96414e+06
-4.02761e+06
-3.91295e+06
-3.90951e+06
-3.90212e+06
-3.88304e+06
-3.8082e+06
-3.82715e+06
-3.82949e+06
-3.83674e+06
-3.90325e+06
-3.89613e+06
-3.88623e+06
-3.89349e+06
-3.88862e+06
-3.91628e+06
-3.89598e+06
-3.9062e+06
-3.90908e+06
-3.90184e+06
-3.88825e+06
-3.88229e+06
-3.87724e+06
-3.88988e+06
-3.87729e+06
-3.90488e+06
-3.8811e+06
-2.97003e+06
-3.7408e+06
-3.8327e+06
-3.81585e+06
-3.70927e+06
-3.76638e+06
-3.75383e+06
-3.83299e+06
-3.72066e+06
-3.73091e+06
-3.78673e+06
-3.78536e+06
-3.83611e+06
-3.83813e+06
-3.81807e+06
-3.78223e+06
-3.85597e+06
-3.85159e+06
-3.8342e+06
-3.84068e+06
-3.83486e+06
-3.82926e+06
-3.83013e+06
-3.82994e+06
-3.82919e+06
-3.82993e+06
-3.83071e+06
-3.82909e+06
-3.83032e+06
-3.83069e+06
-3.83112e+06
-3.83176e+06
-3.83006e+06
-3.8316e+06
-3.83273e+06
-3.82945e+06
-3.8321e+06
-3.82989e+06
-3.83056e+06
-3.83057e+06
-3.83111e+06
-3.82994e+06
-3.82913e+06
-3.82933e+06
-3.83017e+06
-3.83043e+06
-3.82995e+06
-3.8318e+06
-3.83078e+06
-3.83265e+06
-3.82978e+06
-3.82918e+06
-3.83071e+06
-3.94416e+06
-3.93117e+06
-3.94523e+06
-3.92941e+06
-3.92962e+06
-3.9294e+06
-3.93029e+06
-3.92974e+06
-3.92909e+06
-3.92824e+06
-3.92971e+06
-3.92672e+06
-3.9275e+06
-3.83291e+06
-3.92829e+06
-3.92961e+06
-3.92775e+06
-3.92798e+06
-3.92813e+06
-3.92798e+06
-3.92792e+06
-3.96602e+06
-3.92803e+06
-3.92802e+06
-3.92801e+06
-3.92806e+06
-3.92798e+06
-3.92796e+06
-3.92818e+06
-3.92809e+06
-3.92808e+06
-3.92803e+06
-3.92815e+06
-3.92822e+06
-4.64199e+06
-3.9487e+06
-4.00163e+06
-3.8356e+06
-3.8349e+06
-3.83441e+06
-3.92818e+06
-3.92818e+06
-3.92817e+06
-3.92817e+06
-3.92824e+06
-3.92815e+06
-3.92814e+06
-3.92816e+06
-3.92815e+06
-3.92816e+06
-3.92819e+06
-3.9282e+06
-3.9282e+06
-3.92825e+06
-3.92824e+06
-3.92823e+06
-3.92821e+06
-3.92826e+06
-3.92818e+06
-3.83271e+06
-3.92806e+06
-3.928e+06
-3.92812e+06
-3.9277e+06
-3.92852e+06
-3.92823e+06
-3.929e+06
-3.92811e+06
-3.94575e+06
-3.96639e+06
-3.86468e+06
-3.83335e+06
-3.83596e+06
-3.83623e+06
-3.83422e+06
-3.83319e+06
-3.83437e+06
-3.83469e+06
-3.83399e+06
-3.8423e+06
-3.85153e+06
-3.90106e+06
-3.91385e+06
-3.88522e+06
-3.90487e+06
-3.92788e+06
-3.83224e+06
-3.83148e+06
-3.83058e+06
-3.83194e+06
-3.8314e+06
-3.8318e+06
-3.83159e+06
-3.83174e+06
-3.83084e+06
-3.83167e+06
-3.8295e+06
-3.83303e+06
-3.833e+06
-3.83185e+06
-3.83192e+06
-3.83271e+06
-3.83256e+06
-3.83191e+06
-3.83261e+06
-3.83263e+06
-3.83271e+06
-3.83235e+06
-3.83292e+06
-3.83429e+06
-3.83193e+06
-3.83305e+06
-3.83663e+06
-3.83873e+06
-3.83548e+06
-3.83238e+06
-3.83792e+06
-3.83669e+06
-3.83642e+06
-3.83856e+06
-3.85527e+06
-3.84031e+06
-3.83941e+06
-3.84023e+06
-3.89892e+06
-3.86139e+06
-3.84096e+06
-3.84113e+06
-3.84125e+06
-3.84112e+06
-3.84135e+06
-3.84156e+06
-3.84104e+06
-3.84459e+06
-3.86079e+06
-3.90427e+06
-3.84797e+06
-3.8689e+06
-4.0476e+06
-4.0634e+06
-3.91009e+06
-3.90185e+06
-3.91029e+06
-3.98321e+06
-3.93464e+06
-3.94887e+06
-3.98443e+06
-3.95915e+06
-3.98113e+06
-3.95753e+06
-3.98176e+06
-4.001e+06
-3.97528e+06
-3.97492e+06
-3.98154e+06
-3.98042e+06
-3.98382e+06
-3.96746e+06
-3.97213e+06
-3.96299e+06
-3.9591e+06
-3.93744e+06
-3.98948e+06
-3.97647e+06
-3.96181e+06
-3.89486e+06
-3.89196e+06
-3.65806e+06
-3.89403e+06
-3.85173e+06
-3.67143e+06
-3.79171e+06
-3.91844e+06
-3.94812e+06
-3.88953e+06
-3.89873e+06
-3.88961e+06
-4.06719e+06
-4.03485e+06
-4.02313e+06
-3.97947e+06
-4.14936e+06
-4.09448e+06
-4.09543e+06
-4.19023e+06
-4.23177e+06
-4.11213e+06
-4.11635e+06
-7.98584e+06
-5.18102e+06
-4.00639e+06
-3.98485e+06
-3.98536e+06
-4.14505e+06
-4.12419e+06
-4.12833e+06
-4.12293e+06
-4.09416e+06
-4.08224e+06
-4.10462e+06
-4.09522e+06
-4.10101e+06
-4.09613e+06
-4.06594e+06
-4.04549e+06
-4.08162e+06
-3.80899e+06
-4.07248e+06
-4.06984e+06
-3.92126e+06
-4.03373e+06
-3.94278e+06
-3.94033e+06
-3.93432e+06
-3.97031e+06
-3.97571e+06
-3.97519e+06
-3.92334e+06
-4.01278e+06
-3.90333e+06
-3.92603e+06
-3.87572e+06
-3.91929e+06
-3.91675e+06
-3.91189e+06
-3.88881e+06
-3.91183e+06
-3.914e+06
-3.88724e+06
-3.91022e+06
-3.89841e+06
-3.9009e+06
-3.88879e+06
-3.88514e+06
-3.88702e+06
-3.89755e+06
-3.87668e+06
-3.87452e+06
-3.87094e+06
-3.85475e+06
-3.84581e+06
-3.84116e+06
-3.82065e+06
-3.76187e+06
-3.83602e+06
-3.79635e+06
-3.84667e+06
-3.84686e+06
-3.8403e+06
-3.85672e+06
-3.86704e+06
-3.86521e+06
-3.85683e+06
-3.80643e+06
-3.85885e+06
-3.85405e+06
-3.86655e+06
-3.84962e+06
-3.8311e+06
-3.83958e+06
-3.85069e+06
-3.83762e+06
-3.83139e+06
-3.82887e+06
-3.83348e+06
-3.83365e+06
-3.82911e+06
-3.83398e+06
-3.83403e+06
-3.83368e+06
-3.83431e+06
-3.83505e+06
-3.83452e+06
-3.83072e+06
-3.83401e+06
-3.83609e+06
-3.83692e+06
-3.83584e+06
-3.83153e+06
-3.8316e+06
-3.83283e+06
-3.83594e+06
-3.83154e+06
-3.87495e+06
-3.83161e+06
-3.83143e+06
-3.83372e+06
-3.83106e+06
-3.83126e+06
-3.82985e+06
-3.83061e+06
-3.82909e+06
-3.83129e+06
-3.83097e+06
-3.82986e+06
-3.83177e+06
-3.83088e+06
-3.83218e+06
-3.83221e+06
-3.83123e+06
-3.83174e+06
-3.83111e+06
-3.83167e+06
-3.83167e+06
-3.82909e+06
-3.82884e+06
-3.92902e+06
-3.88454e+06
-3.92916e+06
-3.92975e+06
-3.92957e+06
-3.92941e+06
-3.92953e+06
-3.92933e+06
-3.92874e+06
-3.92833e+06
-3.9275e+06
-3.93047e+06
-3.92768e+06
-3.92709e+06
-3.92757e+06
-3.92777e+06
-3.92809e+06
-3.928e+06
-3.92804e+06
-3.92801e+06
-3.92805e+06
-3.92815e+06
-3.92805e+06
-3.92802e+06
-3.92803e+06
-3.92802e+06
-3.92798e+06
-3.92804e+06
-3.92797e+06
-3.92818e+06
-3.92803e+06
-3.92814e+06
-3.92808e+06
-3.92807e+06
-3.89094e+06
-3.87362e+06
-3.98609e+06
-3.98036e+06
-3.98226e+06
-3.98826e+06
-3.97755e+06
-3.99397e+06
-3.995e+06
-3.83454e+06
-3.83413e+06
-4.02072e+06
-3.83355e+06
-3.83491e+06
-3.84049e+06
-3.83455e+06
-3.83573e+06
-3.83527e+06
-3.92804e+06
-3.9281e+06
-3.92823e+06
-3.92816e+06
-3.92861e+06
-3.92805e+06
-3.92853e+06
-3.92898e+06
-3.96928e+06
-3.96275e+06
-3.98355e+06
-3.96073e+06
-3.87861e+06
-3.92821e+06
-3.92817e+06
-3.92815e+06
-3.92818e+06
-3.92826e+06
-3.92824e+06
-3.9282e+06
-3.9282e+06
-3.92833e+06
-3.92818e+06
-3.9282e+06
-3.92829e+06
-3.92821e+06
-3.92827e+06
-3.92808e+06
-3.92802e+06
-3.92861e+06
-3.83398e+06
-3.83465e+06
-3.83459e+06
-3.83541e+06
-3.8733e+06
-3.87079e+06
-3.87095e+06
-3.86654e+06
-3.83198e+06
-3.83416e+06
-3.833e+06
-3.83095e+06
-3.83098e+06
-3.83115e+06
-3.832e+06
-3.83127e+06
-3.83196e+06
-3.8306e+06
-3.83184e+06
-3.82879e+06
-3.82901e+06
-3.83169e+06
-3.83156e+06
-3.83102e+06
-3.83274e+06
-3.82983e+06
-3.83163e+06
-3.82818e+06
-3.83489e+06
-3.83633e+06
-3.83497e+06
-3.83285e+06
-3.84162e+06
-3.83391e+06
-3.83345e+06
-3.84348e+06
-3.84065e+06
-3.8461e+06
-3.92805e+06
-3.92812e+06
-3.9067e+06
-3.90896e+06
-3.91069e+06
-3.92656e+06
-3.92376e+06
-3.93372e+06
-3.98063e+06
-3.98068e+06
-3.98285e+06
-3.98892e+06
-3.98774e+06
-3.99176e+06
-3.99133e+06
-3.98728e+06
-3.97772e+06
-3.96931e+06
-3.96503e+06
-3.97913e+06
-3.97271e+06
-4.03452e+06
-3.97392e+06
-3.99783e+06
-4.03907e+06
-4.00971e+06
-4.04109e+06
-4.04167e+06
-3.96904e+06
-4.11309e+06
-4.13207e+06
-4.11323e+06
-4.13296e+06
-4.12959e+06
-4.09685e+06
-4.10754e+06
-4.13553e+06
-3.86778e+06
-3.86935e+06
-3.87229e+06
-4.09213e+06
-4.06507e+06
-4.03616e+06
-4.065e+06
-4.03299e+06
-4.03501e+06
-3.95907e+06
-3.88742e+06
-3.89416e+06
-3.88956e+06
-3.87149e+06
-3.87469e+06
-3.84735e+06
-3.86805e+06
-3.85529e+06
-3.92812e+06
-3.92824e+06
-3.92759e+06
-3.92836e+06
-3.92768e+06
-3.92765e+06
-3.92795e+06
-3.9279e+06
-3.92779e+06
-3.92809e+06
-3.92798e+06
-3.92801e+06
-3.928e+06
-3.92799e+06
-3.92822e+06
-3.82447e+06
-3.90008e+06
-3.89625e+06
-3.90703e+06
-3.83413e+06
-3.92825e+06
-3.89901e+06
-3.85068e+06
-3.92934e+06
-3.91161e+06
-4.11844e+06
-4.10909e+06
-3.92766e+06
-3.92799e+06
-3.99501e+06
-4.00063e+06
-4.09715e+06
-4.07955e+06
-3.85855e+06
-3.90381e+06
-3.88179e+06
-3.90162e+06
-3.77553e+06
-3.84126e+06
-3.83171e+06
-3.83072e+06
-3.8296e+06
-3.92959e+06
-3.93128e+06
-3.92778e+06
-3.92776e+06
-3.92802e+06
-3.92821e+06
-3.82406e+06
-3.83538e+06
-3.9282e+06
-3.9281e+06
-3.92882e+06
-3.83606e+06
-3.83706e+06
-3.92818e+06
-3.84498e+06
-3.84517e+06
-3.97285e+06
-3.97775e+06
-3.97434e+06
-3.86695e+06
-3.88649e+06
-3.84032e+06
-3.8659e+06
-3.97892e+06
-3.98618e+06
-3.97597e+06
-3.90987e+06
-3.91637e+06
-3.91453e+06
-3.90385e+06
-3.85132e+06
-3.83052e+06
-3.83104e+06
-3.83223e+06
-3.92804e+06
-3.92837e+06
-3.92797e+06
-3.92799e+06
-3.92809e+06
-3.89903e+06
-3.88645e+06
-3.92849e+06
-3.9254e+06
-3.83552e+06
-3.82996e+06
-3.92797e+06
-3.83102e+06
-3.88312e+06
-4.00767e+06
-3.93955e+06
-3.92821e+06
-3.92824e+06
-3.86575e+06
-3.92817e+06
-3.9283e+06
-3.71364e+06
-4.77117e+06
-2.732e+06
-3.92806e+06
-4.18905e+06
-4.09184e+06
-3.84507e+06
-3.928e+06
-3.93194e+06
-3.97425e+06
-3.92422e+06
-3.92559e+06
-3.83307e+06
-3.92804e+06
-3.83178e+06
-3.92806e+06
-3.99349e+06
-3.84976e+06
-4.18886e+06
-4.21124e+06
-3.92352e+06
-3.89708e+06
-3.8735e+06
-3.86233e+06
-3.85615e+06
-3.67183e+06
-3.8189e+06
-3.83148e+06
-3.83e+06
-3.831e+06
-3.83094e+06
-3.83179e+06
-3.83094e+06
-3.83111e+06
-3.8318e+06
-3.92764e+06
-3.83378e+06
-3.93115e+06
-3.93106e+06
-3.92991e+06
-3.93028e+06
-3.83378e+06
-3.92933e+06
-3.83374e+06
-3.92806e+06
-3.92835e+06
-3.93168e+06
-3.92645e+06
-3.92773e+06
-3.93125e+06
-3.92812e+06
-3.82925e+06
-3.81911e+06
-3.8654e+06
-3.83021e+06
-3.83219e+06
-3.93043e+06
-3.93024e+06
-3.92775e+06
-3.87126e+06
-3.92805e+06
-3.92476e+06
-3.92489e+06
-3.83229e+06
-3.85777e+06
-3.8606e+06
-3.9752e+06
-3.95058e+06
-3.91026e+06
-3.88805e+06
-3.88425e+06
-3.89631e+06
-3.78187e+06
-3.8185e+06
-3.83118e+06
-3.83093e+06
-3.82942e+06
-3.94465e+06
-3.92916e+06
-3.92891e+06
-3.93069e+06
-3.92805e+06
-3.87754e+06
-3.9281e+06
-3.92816e+06
-3.83501e+06
-3.92814e+06
-3.9052e+06
-3.92824e+06
-3.92823e+06
-3.83122e+06
-3.91421e+06
-3.83193e+06
-3.83726e+06
-3.83916e+06
-3.84729e+06
-3.85242e+06
-3.8478e+06
-3.97599e+06
-3.88653e+06
-3.87098e+06
-3.92811e+06
-3.92811e+06
-3.92811e+06
-3.92812e+06
-3.86728e+06
-3.88406e+06
-3.86962e+06
-3.86551e+06
)
;

boundaryField
{
    Wall
    {
        type            zeroGradient;
    }
    Inlet
    {
        type            zeroGradient;
    }
    Outlet
    {
        type            fixedValue;
        value           uniform 0;
    }
    Empty
    {
        type            empty;
    }
}


// ************************************************************************* //
