/*--------------------------------*- C++ -*----------------------------------*\
| =========                 |                                                 |
| \\      /  F ield         | OpenFOAM: The Open Source CFD Toolbox           |
|  \\    /   O peration     | Version:  2312                                  |
|   \\  /    A nd           | Website:  www.openfoam.com                      |
|    \\/     M anipulation  |                                                 |
\*---------------------------------------------------------------------------*/
FoamFile
{
    version     2.0;
    format      ascii;
    arch        "LSB;label=32;scalar=64";
    class       volScalarField;
    location    "6.1";
    object      p;
}
// * * * * * * * * * * * * * * * * * * * * * * * * * * * * * * * * * * * * * //

dimensions      [0 2 -2 0 0 0 0];

internalField   nonuniform List<scalar> 
2958
(
-2.41731e+06
-2.46736e+06
-2.33324e+06
-2.44049e+06
-2.65369e+06
-2.33467e+06
-2.40572e+06
-2.43763e+06
-2.57792e+06
-2.45109e+06
-2.41698e+06
-2.55395e+06
-2.44444e+06
-2.55399e+06
-2.43248e+06
-2.41746e+06
-2.54973e+06
-2.4436e+06
-2.5543e+06
-2.42092e+06
-2.55601e+06
-2.52785e+06
-2.55383e+06
-2.49206e+06
-2.44393e+06
-2.42103e+06
-2.56109e+06
-2.55546e+06
-2.42538e+06
-2.41477e+06
-2.42048e+06
-5.67587e+06
-2.60237e+06
-5.6036e+06
-2.43215e+06
-2.42977e+06
-2.55392e+06
-2.56736e+06
-2.41797e+06
-2.44506e+06
-2.28638e+06
-2.43257e+06
-2.40389e+06
-2.41823e+06
-2.55415e+06
-2.25118e+06
-2.41701e+06
-3.36858e+06
-2.43046e+06
-2.7581e+06
-2.4167e+06
-2.49184e+06
-2.48176e+06
-2.41819e+06
-2.4172e+06
-2.44139e+06
-2.48946e+06
-2.45849e+06
-2.41889e+06
-2.19839e+06
-2.42101e+06
-2.42054e+06
-2.41147e+06
-2.41543e+06
-2.55409e+06
-2.55402e+06
-2.41863e+06
-2.50281e+06
-2.33686e+06
-2.42786e+06
-2.58557e+06
-2.55392e+06
-210944
-2.41925e+06
-2.55412e+06
-2.40963e+06
-2.4212e+06
-2.41081e+06
-2.54438e+06
-2.41632e+06
-2.44386e+06
-2.5724e+06
-2.57695e+06
-2.58126e+06
-2.41975e+06
-2.4237e+06
-2.55234e+06
-2.42389e+06
-2.50562e+06
-2.58346e+06
-2.42625e+06
-2.50376e+06
-2.41486e+06
-2.55455e+06
-2.53471e+06
-2.40248e+06
-2.42285e+06
-2.44642e+06
-2.55401e+06
-2.55401e+06
-2.43598e+06
-2.41882e+06
-2.40978e+06
-2.49549e+06
-2.52567e+06
-2.46725e+06
-2.55395e+06
-2.42779e+06
-2.55262e+06
-2.40658e+06
-2.47932e+06
-2.41662e+06
-2.55067e+06
-2.44889e+06
-2.55392e+06
-2.55378e+06
-2.4236e+06
-2.41693e+06
-2.56648e+06
-2.41785e+06
-2.43013e+06
-2.55396e+06
-2.41517e+06
-2.42113e+06
-2.42867e+06
-2.42046e+06
-2.42921e+06
-2.41521e+06
-2.41797e+06
-2.55502e+06
-2.55406e+06
-2.55354e+06
-2.41702e+06
-2.55392e+06
-2.55486e+06
-2.55402e+06
-2.45295e+06
-2.41892e+06
-2.55391e+06
-2.554e+06
-2.42062e+06
-2.06877e+06
-2.55924e+06
-2.55337e+06
-2.4182e+06
-2.45534e+06
-2.55422e+06
-2.55398e+06
-2.49408e+06
-2.55397e+06
-2.4209e+06
-2.42347e+06
-2.45682e+06
-2.51958e+06
-2.44044e+06
-2.55386e+06
-2.57646e+06
-2.41752e+06
-2.40525e+06
-2.49449e+06
-2.44356e+06
-2.46074e+06
-2.43016e+06
-2.55402e+06
-2.40638e+06
-2.42893e+06
-2.5665e+06
-2.55396e+06
-2.44225e+06
-2.5154e+06
-5.20027e+06
-2.55396e+06
-2.55145e+06
-2.4511e+06
-2.55148e+06
-2.40274e+06
-2.57042e+06
-2.42951e+06
-2.49712e+06
-2.33814e+06
-2.77255e+06
-2.40954e+06
-2.44005e+06
-2.50588e+06
-2.46567e+06
-2.55085e+06
-2.43575e+06
-2.55258e+06
-2.53135e+06
-2.43113e+06
-2.54931e+06
-2.49442e+06
-2.26156e+06
-2.45422e+06
-2.48542e+06
-2.42527e+06
-2.47218e+06
-4.80341e+06
-2.41558e+06
-2.43313e+06
-2.45977e+06
-2.55381e+06
-2.41734e+06
-2.45728e+06
-2.43702e+06
-2.58683e+06
-2.481e+06
-2.5917e+06
-2.55454e+06
-2.43274e+06
-2.55399e+06
-2.5835e+06
-2.55345e+06
-2.43031e+06
-2.55347e+06
-2.74877e+06
-2.41521e+06
-2.55379e+06
-2.554e+06
-2.55394e+06
-2.55558e+06
-2.43839e+06
-2.40606e+06
-2.56404e+06
-2.58411e+06
-2.41665e+06
-2.55869e+06
-2.55401e+06
-2.45254e+06
-1.85453e+06
-2.39643e+06
-3.6677e+06
-2.4819e+06
-2.6342e+06
-2.42524e+06
-2.55601e+06
-2.55153e+06
-2.41798e+06
-2.55113e+06
-2.39194e+06
-2.55353e+06
-2.39275e+06
-2.43515e+06
-2.55742e+06
-2.42162e+06
-2.38415e+06
-2.32837e+06
-2.44775e+06
-2.41976e+06
-2.42012e+06
-2.46042e+06
-2.4402e+06
-2.42355e+06
-2.13452e+06
-2.4383e+06
-2.49597e+06
-2.41727e+06
-2.49603e+06
-2.4231e+06
-2.52068e+06
-2.41742e+06
-2.58075e+06
-1.63176e+06
-2.17888e+06
-2.52297e+06
-2.41797e+06
-2.44078e+06
-2.42008e+06
-2.51567e+06
-2.58981e+06
-2.55394e+06
-2.56513e+06
-2.41782e+06
-2.55393e+06
-2.42526e+06
-2.42003e+06
-2.55365e+06
-4.01763e+06
-2.554e+06
-2.4145e+06
-2.55398e+06
-2.55744e+06
-2.52378e+06
-2.42604e+06
-2.1471e+06
-2.55396e+06
-2.5186e+06
-2.46657e+06
-2.48665e+06
-2.41557e+06
-2.49024e+06
-2.52062e+06
-2.55386e+06
-2.55399e+06
-2.51011e+06
-2.00304e+06
-2.55397e+06
-2.41742e+06
-2.55401e+06
-2.4822e+06
-2.46345e+06
-2.31289e+06
-2.49687e+06
-2.74016e+06
-2.42016e+06
-2.56876e+06
-2.45478e+06
-2.58038e+06
-2.421e+06
-2.41879e+06
-2.55296e+06
-2.41833e+06
-2.4156e+06
-2.55377e+06
-2.40695e+06
-2.58286e+06
-2.80213e+06
-2.40571e+06
-2.53665e+06
-2.42041e+06
-3.75514e+06
-2.59364e+06
-2.42217e+06
-2.51538e+06
-2.50533e+06
-2.58935e+06
-2.41656e+06
-2.55884e+06
-2.47705e+06
-2.15249e+06
-2.58806e+06
-2.48095e+06
-2.55396e+06
-2.55389e+06
-1.85644e+06
-2.55391e+06
-2.28527e+06
-2.35462e+06
-2.28287e+06
-2.55317e+06
-2.42407e+06
-2.48605e+06
-2.09654e+06
-2.64871e+06
-2.55236e+06
-2.40423e+06
-2.5523e+06
-2.42959e+06
-2.41639e+06
-2.41932e+06
-2.53293e+06
-2.44522e+06
-5.69414e+06
-2.42611e+06
-2.48952e+06
-2.41815e+06
-2.55391e+06
-2.42255e+06
-2.20062e+06
-2.41864e+06
-2.15539e+06
-2.41817e+06
-2.42871e+06
-2.12272e+06
-2.43289e+06
-4.68023e+06
-2.40607e+06
-2.46634e+06
-2.4376e+06
-8.62799e+06
-2.43437e+06
-3.09885e+06
-2.55394e+06
-2.4314e+06
-2.4174e+06
-1.13376e+06
-2.41699e+06
-2.46254e+06
-1.76861e+06
-2.6233e+06
-2.42068e+06
-2.41414e+06
-2.55373e+06
-2.42231e+06
-2.51277e+06
-2.55364e+06
-2.42123e+06
-4.97989e+06
-2.58543e+06
-2.55468e+06
-2.44448e+06
-2.5539e+06
-2.53763e+06
-2.58232e+06
-2.41592e+06
-2.22445e+06
-2.15082e+06
-2.55395e+06
-2.5545e+06
-498677
-2.41906e+06
-2.41699e+06
-2.57899e+06
-2.43434e+06
-2.41651e+06
-2.4182e+06
-2.50457e+06
-2.42376e+06
-2.41806e+06
-2.41582e+06
-2.42067e+06
-2.44357e+06
-2.41639e+06
-660024
-2.49283e+06
-433547
-2.45667e+06
-2.43893e+06
-2.41833e+06
-2.41838e+06
-2.55415e+06
-2.39209e+06
-2.56423e+06
-2.44699e+06
-2.43335e+06
-2.59337e+06
-2.55921e+06
-2.43327e+06
-2.41732e+06
-2.50603e+06
-2.69405e+06
-2.42177e+06
-113494
-2.44573e+06
-2.45847e+06
-2.69709e+06
-2.5805e+06
-2.46422e+06
-2.42032e+06
-2.554e+06
-2.45995e+06
-2.51958e+06
-2.41696e+06
-2.43004e+06
-2.24766e+06
-2.52344e+06
-2.5575e+06
-5.87408e+06
-2.5513e+06
-2.57988e+06
-2.55173e+06
-6.03132e+06
-2.4326e+06
-2.48107e+06
-2.42033e+06
-2.42445e+06
-2.55394e+06
-2.41762e+06
-2.78332e+06
-2.55399e+06
-2.11213e+06
-2.43689e+06
-2.42149e+06
-2.44441e+06
-2.41822e+06
-2.4061e+06
-2.31329e+06
-2.41248e+06
-2.41805e+06
-2.27161e+06
-2.44705e+06
-2.55395e+06
-2.46412e+06
-2.13992e+06
-2.41992e+06
-2.58506e+06
-2.41407e+06
-2.60176e+06
-1.86101e+06
-2.41835e+06
-2.44295e+06
-2.07238e+06
-2.55406e+06
-2.76963e+06
-2.43427e+06
-2.42238e+06
-2.43047e+06
-2.41495e+06
-772350
-2.41686e+06
-2.40881e+06
-2.41919e+06
-2.43309e+06
-2.41877e+06
-2.55654e+06
-2.41761e+06
-2.48761e+06
-2.55392e+06
-2.55339e+06
-2.55522e+06
-2.53758e+06
-2.55354e+06
-2.55407e+06
-2.41854e+06
-2.44025e+06
-2.55393e+06
-2.45443e+06
-2.49665e+06
-2.42562e+06
-2.42271e+06
-2.5502e+06
-2.55416e+06
-2.41867e+06
-2.55398e+06
-2.41633e+06
-2.41635e+06
-1.11094e+06
-2.47095e+06
-2.59084e+06
-2.41998e+06
-2.6259e+06
-2.58122e+06
-2.41734e+06
-2.42748e+06
-2.41744e+06
-2.41725e+06
-2.56017e+06
-2.57983e+06
-2.41827e+06
-2.42614e+06
-2.41819e+06
-2.58253e+06
-1.16782e+06
-2.55428e+06
-2.47681e+06
-2.40605e+06
-2.50686e+06
-2.15528e+06
-2.42042e+06
-2.41815e+06
-2.42412e+06
-2.41621e+06
-2.55394e+06
-2.41718e+06
-2.55644e+06
-2.47608e+06
-2.41806e+06
-2.5559e+06
-2.55394e+06
-2.43439e+06
-2.55354e+06
-2.55386e+06
-2.47933e+06
-2.41435e+06
1.73357e+06
-2.42779e+06
-2.42366e+06
-2.41733e+06
-2.40767e+06
-2.45853e+06
-2.42002e+06
-2.49893e+06
-2.41498e+06
-2.41834e+06
-2.418e+06
-2.41671e+06
-2.55414e+06
-2.41834e+06
-2.39071e+06
-2.41705e+06
-2.415e+06
-2.4197e+06
-2.55282e+06
-2.55289e+06
-2.55277e+06
-2.5377e+06
-2.55326e+06
-2.52233e+06
-2.55388e+06
-2.43039e+06
-2.41621e+06
-2.40607e+06
-2.41189e+06
-2.49467e+06
-2.42113e+06
-2.5753e+06
-2.54834e+06
-2.5539e+06
-2.44879e+06
-2.46431e+06
-2.55405e+06
-2.55397e+06
-2.41873e+06
-2.43013e+06
-2.59303e+06
-2.47123e+06
-2.42129e+06
-2.45735e+06
-2.41825e+06
-2.53882e+06
-2.55396e+06
-2.41972e+06
-2.55387e+06
-2.41847e+06
-2.42574e+06
-2.418e+06
-2.49088e+06
-2.4293e+06
-2.55793e+06
-2.55384e+06
-2.41771e+06
-2.75774e+06
-2.55401e+06
-2.55399e+06
-2.4166e+06
-2.45939e+06
-2.4031e+06
-2.4976e+06
-2.55417e+06
-2.41494e+06
-2.41765e+06
-2.43927e+06
-2.42383e+06
-2.72231e+06
-2.42256e+06
-2.55348e+06
-2.51776e+06
-2.42014e+06
-2.4161e+06
-2.55398e+06
-2.42876e+06
-2.55397e+06
-2.60606e+06
-2.55394e+06
-2.43877e+06
-2.4166e+06
-2.5498e+06
-2.42727e+06
-2.41727e+06
-2.40449e+06
-2.55626e+06
-2.41793e+06
-2.47092e+06
-2.54876e+06
-2.4182e+06
-2.49039e+06
-2.48809e+06
-2.55357e+06
-2.41622e+06
-2.55392e+06
-2.55418e+06
-2.43032e+06
-2.43935e+06
-2.74896e+06
-2.43272e+06
-2.55314e+06
-2.46389e+06
-2.55706e+06
-2.52348e+06
-6.51478e+06
-1.67523e+06
-2.55662e+06
-2.55305e+06
-2.53347e+06
-2.53889e+06
-2.55409e+06
-2.51671e+06
-2.55168e+06
-2.41906e+06
-2.41648e+06
-8.70794e+06
-2.55181e+06
-2.43975e+06
-2.49026e+06
-2.20987e+06
-2.51304e+06
-2.41673e+06
-2.41138e+06
-2.55359e+06
-2.55389e+06
-2.60376e+06
-2.45954e+06
-2.55388e+06
-2.56393e+06
-2.55407e+06
-2.55004e+06
-2.38894e+06
-2.41652e+06
-2.41902e+06
-2.50138e+06
-2.51571e+06
-2.50946e+06
-2.42055e+06
-2.42e+06
-2.41729e+06
-2.58583e+06
-2.50676e+06
-2.41741e+06
-2.41801e+06
-2.55532e+06
-2.55324e+06
-2.41866e+06
-2.4167e+06
-2.42978e+06
-2.41988e+06
-2.41632e+06
-2.60146e+06
-2.44997e+06
-2.45833e+06
-2.55342e+06
-4.92783e+06
-2.56154e+06
-2.56481e+06
-2.41915e+06
-2.41548e+06
-2.45217e+06
-2.46478e+06
-2.41691e+06
-2.4053e+06
-2.62617e+06
-2.53498e+06
-2.55733e+06
-2.57121e+06
-2.44696e+06
-2.5542e+06
-2.49432e+06
-2.55383e+06
-2.55655e+06
-2.40548e+06
-2.55699e+06
-2.41579e+06
-2.47939e+06
-2.42904e+06
-2.51851e+06
-2.54093e+06
-2.45347e+06
-2.41692e+06
-2.39438e+06
-2.55584e+06
-2.42235e+06
-2.41711e+06
-2.43784e+06
-2.53593e+06
-2.42368e+06
-2.41849e+06
-2.58637e+06
-2.42423e+06
-2.40455e+06
-2.43779e+06
-2.42663e+06
-2.44686e+06
-2.77513e+06
-2.55393e+06
-2.46221e+06
-2.39158e+06
-2.39267e+06
-2.42206e+06
-2.41965e+06
-2.47012e+06
-2.41287e+06
-2.5537e+06
-2.55435e+06
-2.55389e+06
-2.42354e+06
-2.56699e+06
-2.55406e+06
-2.41699e+06
-2.55379e+06
-2.42356e+06
-2.55595e+06
-2.55592e+06
-2.50973e+06
-2.59041e+06
-2.42016e+06
-2.55397e+06
-2.55406e+06
-2.44809e+06
-2.42097e+06
-2.55403e+06
-2.55398e+06
-2.45625e+06
-2.55398e+06
-2.44267e+06
-2.42059e+06
-2.55205e+06
-694652
-2.41665e+06
-2.55546e+06
-2.50935e+06
-2.4181e+06
-2.41968e+06
-2.4258e+06
-2.41777e+06
-2.42139e+06
-2.33813e+06
-2.6233e+06
-2.58543e+06
-2.41638e+06
-2.41801e+06
-2.41718e+06
-2.4487e+06
-2.55155e+06
-2.41901e+06
-2.42755e+06
-2.42398e+06
-2.44837e+06
-2.41878e+06
-2.40514e+06
-2.46056e+06
-2.45826e+06
-5.55387e+06
-2.40599e+06
-2.44112e+06
-2.55398e+06
-2.4149e+06
-2.4208e+06
-2.51873e+06
-2.42336e+06
-2.39405e+06
-2.4485e+06
-2.44498e+06
-2.41714e+06
-2.44238e+06
-2.36664e+06
-2.41629e+06
-2.48328e+06
-2.41705e+06
-2.42001e+06
-2.48754e+06
-2.43535e+06
-2.37716e+06
-2.42416e+06
-2.41838e+06
-2.47986e+06
-2.41814e+06
-2.50159e+06
-2.57166e+06
-2.55393e+06
-2.48769e+06
-2.41743e+06
-2.42176e+06
-2.42335e+06
-2.55421e+06
-2.56092e+06
-2.55396e+06
-2.41541e+06
-2.42251e+06
-2.55849e+06
-2.42441e+06
-2.4609e+06
-2.41916e+06
-2.41876e+06
-2.45239e+06
-2.6135e+06
-2.50268e+06
-2.54042e+06
-2.57429e+06
-2.55231e+06
-2.44828e+06
-2.5419e+06
-2.6021e+06
-2.50501e+06
-2.49196e+06
-2.41571e+06
-2.42854e+06
-2.5598e+06
-2.44982e+06
-2.36809e+06
-2.55569e+06
-2.41471e+06
-2.46232e+06
-2.55403e+06
-2.50217e+06
-2.4905e+06
-2.45497e+06
1.70976e+06
-6.52115e+06
-2.55409e+06
-2.56008e+06
-2.4157e+06
-2.55393e+06
-2.55391e+06
-2.55397e+06
-4.42693e+06
-2.41806e+06
-2.75806e+06
-2.54912e+06
-2.49631e+06
-2.41569e+06
-2.50866e+06
-2.48764e+06
-2.41748e+06
-2.59575e+06
-2.55396e+06
-2.41383e+06
-2.46455e+06
-2.41295e+06
-2.44628e+06
-2.57586e+06
-2.44831e+06
-2.41109e+06
-2.5355e+06
-2.55398e+06
-2.36437e+06
-2.52189e+06
-2.51958e+06
-2.59442e+06
-2.53834e+06
-1.96372e+06
-2.5552e+06
-2.44394e+06
-2.44423e+06
-2.40201e+06
-6.45657e+06
-2.46354e+06
-5.46389e+06
-2.46662e+06
-2.62593e+06
-2.56521e+06
-2.41321e+06
-5.30609e+06
-2.48981e+06
-2.4107e+06
-2.4179e+06
-2.40736e+06
-2.54467e+06
-2.4566e+06
-2.41829e+06
-2.48436e+06
-2.50523e+06
-2.50401e+06
-2.45612e+06
-2.50372e+06
-2.41503e+06
-2.41726e+06
-2.51003e+06
-2.41793e+06
-2.59318e+06
-2.41858e+06
-2.56275e+06
-2.42554e+06
-2.51193e+06
-2.55393e+06
-2.41705e+06
-2.53846e+06
-2.76682e+06
-2.4236e+06
-2.44912e+06
-2.44813e+06
-2.55516e+06
-2.44688e+06
-2.56765e+06
-2.39332e+06
-2.46701e+06
-2.46562e+06
-2.55279e+06
-2.39529e+06
-2.41469e+06
-2.40567e+06
-2.55396e+06
-2.55175e+06
-2.71212e+06
-2.53031e+06
-2.15754e+06
-2.55402e+06
-2.42043e+06
-2.45715e+06
-2.48003e+06
-2.41866e+06
-2.42399e+06
-2.48997e+06
-2.42599e+06
-2.44576e+06
-2.55432e+06
-2.18547e+06
-2.55389e+06
-2.42218e+06
-2.39448e+06
-2.43855e+06
-2.36128e+06
-2.55581e+06
-2.44383e+06
-2.55404e+06
-2.51528e+06
-2.44097e+06
-2.57042e+06
-2.41533e+06
-2.41933e+06
-2.49825e+06
-2.50089e+06
-2.4988e+06
-2.42604e+06
-2.41794e+06
-1.87926e+06
-3.41542e+06
-2.4181e+06
-2.4458e+06
-2.58213e+06
-2.51884e+06
-1.10487e+06
-2.39985e+06
-2.52926e+06
-2.21173e+06
-2.42161e+06
-3.73286e+06
-2.42074e+06
-2.41838e+06
-2.41815e+06
-2.53812e+06
-2.56027e+06
-2.15804e+06
-2.58193e+06
-2.55278e+06
-2.47743e+06
-3.50003e+06
-2.41633e+06
-2.55399e+06
-2.47584e+06
-2.44833e+06
-2.54104e+06
-2.41786e+06
-2.44407e+06
-2.47957e+06
-2.56888e+06
-2.50447e+06
-2.53755e+06
-2.41635e+06
-2.41755e+06
-2.68623e+06
-2.43706e+06
-2.5542e+06
-2.55749e+06
-2.39657e+06
-2.41706e+06
-2.55393e+06
-2.55391e+06
-2.43098e+06
-2.55402e+06
-2.55324e+06
-2.52486e+06
-2.41776e+06
-2.48122e+06
-2.55299e+06
-2.55388e+06
-2.4794e+06
-2.58946e+06
-2.41681e+06
-2.4223e+06
-2.42846e+06
-2.55386e+06
-2.45937e+06
-2.41651e+06
-2.4483e+06
-2.51157e+06
-2.57538e+06
-2.43026e+06
-2.55396e+06
-2.41684e+06
-2.55387e+06
-2.55313e+06
-2.55394e+06
-2.43018e+06
-2.41843e+06
-2.58605e+06
-2.42451e+06
-2.44519e+06
-2.53514e+06
-2.41778e+06
-2.43292e+06
-2.53471e+06
-2.55403e+06
-2.47611e+06
-2.55201e+06
-2.49317e+06
-2.46762e+06
-2.55288e+06
-2.52924e+06
-2.46037e+06
-2.42972e+06
-2.40989e+06
-2.45208e+06
-2.42467e+06
-2.51481e+06
-5.95015e+06
-2.42888e+06
-2.556e+06
-2.41851e+06
-2.51425e+06
-2.43224e+06
-2.4309e+06
-2.45078e+06
-2.43528e+06
-2.1167e+06
-2.4387e+06
-2.43685e+06
-2.55408e+06
-2.16098e+06
-2.61317e+06
-2.42838e+06
-2.21264e+06
-2.43181e+06
-2.37469e+06
-2.58805e+06
-2.55416e+06
-2.86573e+06
-2.44394e+06
-2.56168e+06
-2.55376e+06
-2.45028e+06
-2.55401e+06
-2.55409e+06
-2.55401e+06
-2.55392e+06
-2.50055e+06
-2.55292e+06
-1.99332e+06
-2.42059e+06
-2.52269e+06
-6.26076e+06
-2.52076e+06
-2.56629e+06
-2.58316e+06
-2.48593e+06
-2.49277e+06
-2.41904e+06
-2.41598e+06
-2.42073e+06
-2.57972e+06
-2.58068e+06
-4.27219e+06
-2.55357e+06
-2.44833e+06
-2.4451e+06
-2.49659e+06
-2.45766e+06
-2.4302e+06
-2.46887e+06
-2.41701e+06
-2.55347e+06
-2.55473e+06
-2.42223e+06
-2.56022e+06
-2.4185e+06
-2.44545e+06
-2.42175e+06
-2.47295e+06
-2.43806e+06
-2.41712e+06
-2.41458e+06
-2.40068e+06
-2.55078e+06
-2.47723e+06
-2.45425e+06
-2.44199e+06
-2.44769e+06
-2.41518e+06
-2.42236e+06
-2.43757e+06
-2.41658e+06
-2.554e+06
-2.38535e+06
-2.44335e+06
-2.4592e+06
-2.53346e+06
-2.41778e+06
-2.41669e+06
-2.27002e+06
-2.41626e+06
-2.53605e+06
-2.53421e+06
-2.5537e+06
-2.41791e+06
-2.53789e+06
-2.45028e+06
-2.55302e+06
-2.55086e+06
-2.41598e+06
-2.41743e+06
-2.43176e+06
-2.42005e+06
-2.42975e+06
2.34949e+06
-2.55403e+06
-2.43585e+06
-2.4494e+06
-2.55557e+06
-2.41987e+06
-2.55505e+06
-2.42382e+06
-2.52572e+06
-2.55401e+06
-2.42085e+06
-2.20149e+06
-2.42002e+06
-2.42731e+06
-2.43319e+06
-2.55632e+06
-2.41675e+06
-2.55421e+06
-2.41579e+06
-2.48044e+06
-2.4796e+06
-2.4241e+06
-2.55637e+06
-2.42271e+06
-2.41811e+06
-2.4874e+06
-2.55389e+06
-2.42947e+06
-2.41427e+06
-2.41813e+06
-2.55594e+06
-2.44482e+06
-2.4789e+06
-2.41915e+06
-2.46516e+06
-2.41862e+06
-2.41498e+06
-2.4172e+06
-2.52439e+06
-2.5541e+06
-2.44929e+06
-2.41587e+06
-2.43298e+06
-2.41705e+06
-2.41647e+06
-221357
-2.58929e+06
-2.5582e+06
-2.41632e+06
-2.403e+06
-2.55371e+06
-2.41736e+06
-2.55992e+06
-2.4361e+06
-2.55121e+06
-2.58993e+06
-2.54504e+06
-2.42849e+06
-2.37107e+06
-2.44363e+06
-2.55448e+06
-2.40827e+06
-2.41596e+06
-2.41908e+06
-2.43732e+06
-2.55929e+06
-2.41798e+06
-2.44178e+06
-2.55409e+06
-2.554e+06
-2.41158e+06
-2.40949e+06
-2.55402e+06
-2.56555e+06
-2.50853e+06
-2.42032e+06
-2.08348e+06
-2.56553e+06
-2.45144e+06
-2.40777e+06
-2.37061e+06
-2.4164e+06
-2.09062e+06
-2.58725e+06
-2.42108e+06
-2.46095e+06
-2.42013e+06
-2.41776e+06
-2.59955e+06
-2.47259e+06
-5.12604e+06
-2.41579e+06
-2.41727e+06
-2.49605e+06
-2.50941e+06
-2.59992e+06
-2.53179e+06
-2.56203e+06
-2.40854e+06
-2.18044e+06
-2.48262e+06
-2.58604e+06
-2.48129e+06
-2.51513e+06
-2.41869e+06
-2.42806e+06
-2.51458e+06
-2.42094e+06
-2.55612e+06
-2.53205e+06
-2.41751e+06
-2.55398e+06
-2.41958e+06
-2.42407e+06
-2.42412e+06
-2.41984e+06
-2.5595e+06
-2.46789e+06
-2.56062e+06
-2.52581e+06
-2.41574e+06
-2.42378e+06
-2.97353e+06
-2.41704e+06
-2.42045e+06
-2.40551e+06
-2.42186e+06
-2.59073e+06
-2.55409e+06
-2.45602e+06
-2.40063e+06
-2.55163e+06
-2.41615e+06
-2.42712e+06
-2.4259e+06
-2.42056e+06
-2.54995e+06
-2.42482e+06
-2.50427e+06
-2.54833e+06
-2.41975e+06
-2.41925e+06
-3.79797e+06
-2.55478e+06
-2.41822e+06
-2.41588e+06
-2.41818e+06
-2.33337e+06
-2.49141e+06
-2.55506e+06
-2.22154e+06
-2.55392e+06
-2.54936e+06
-2.55395e+06
-2.22329e+06
-2.55412e+06
-2.42275e+06
2.4259e+06
-2.53985e+06
-2.554e+06
-2.45926e+06
-2.55396e+06
-2.55836e+06
-2.4207e+06
-2.55391e+06
-2.49887e+06
-2.57428e+06
-2.41604e+06
-2.55408e+06
-2.454e+06
-2.43309e+06
-2.41725e+06
-2.554e+06
-2.43607e+06
-2.46689e+06
-2.21459e+06
-2.55411e+06
-2.46858e+06
-2.5551e+06
-2.56953e+06
-2.55386e+06
-2.48094e+06
-2.21641e+06
-2.55333e+06
-2.46743e+06
-2.43905e+06
-2.4217e+06
-2.62014e+06
-2.46645e+06
-5.77907e+06
-2.14537e+06
-2.55311e+06
-2.46367e+06
-2.55403e+06
-2.56447e+06
-2.49913e+06
-2.41845e+06
-2.55586e+06
-2.47017e+06
-2.60279e+06
-2.45252e+06
-2.4192e+06
-2.46711e+06
-2.51905e+06
-2.41818e+06
-2.50569e+06
-2.54536e+06
-2.42865e+06
-2.55132e+06
-2.55406e+06
-2.55408e+06
-2.42911e+06
-2.56543e+06
-2.42494e+06
-2.57894e+06
-2.42588e+06
-2.5574e+06
-2.55398e+06
-2.58322e+06
-2.58631e+06
-2.4335e+06
-1.622e+06
-2.42864e+06
-2.49109e+06
-2.53943e+06
-2.57587e+06
-2.55393e+06
-2.5539e+06
-2.40293e+06
-2.58371e+06
-2.13999e+06
-2.41526e+06
-2.41433e+06
-2.49656e+06
-2.44217e+06
-2.43494e+06
-2.46173e+06
-2.43425e+06
-2.55343e+06
-2.45839e+06
-2.41542e+06
-2.41876e+06
-2.61579e+06
2.34444e+06
-2.55405e+06
-2.4188e+06
-2.41661e+06
-2.41642e+06
-2.55412e+06
-2.42702e+06
-4.36674e+06
-2.5065e+06
-2.55415e+06
-2.4582e+06
-2.43882e+06
-2.55401e+06
-2.55544e+06
-2.55399e+06
-2.55394e+06
-2.55399e+06
-2.55411e+06
-2.41446e+06
-2.42729e+06
-2.45622e+06
-2.44569e+06
-2.43974e+06
-2.42652e+06
-2.58075e+06
-2.41652e+06
-2.55398e+06
-2.55392e+06
-2.45219e+06
-2.41497e+06
-2.55398e+06
-2.41648e+06
-8.43101e+06
-2.55424e+06
-2.42052e+06
-2.42563e+06
-6.66657e+06
-2.45106e+06
-4.05597e+06
-2.40627e+06
-2.51261e+06
-2.49945e+06
-2.41803e+06
-2.49228e+06
-2.41985e+06
-2.554e+06
-2.52695e+06
-2.50797e+06
-2.41574e+06
-2.55478e+06
-2.52554e+06
-2.41942e+06
-2.41845e+06
-2.55399e+06
-2.43894e+06
-2.40615e+06
-2.51482e+06
-2.42041e+06
-2.49031e+06
-2.41907e+06
-2.55403e+06
-2.41763e+06
-2.41919e+06
-2.46108e+06
-715440
-2.5018e+06
-2.45983e+06
-2.55317e+06
-2.41777e+06
-2.42048e+06
-2.4168e+06
-2.42225e+06
-2.41788e+06
-2.21651e+06
-2.26323e+06
-2.47478e+06
-2.14693e+06
-2.41628e+06
-2.42062e+06
-2.42185e+06
-2.41547e+06
-2.41719e+06
-2.51521e+06
-2.41648e+06
-2.4178e+06
-2.41384e+06
-2.57409e+06
-2.55394e+06
-2.52527e+06
-2.65113e+06
-2.51102e+06
-2.41693e+06
-912847
-2.57941e+06
-217659
-2.12298e+06
-2.55359e+06
-2.5161e+06
-2.14002e+06
-2.49791e+06
-2.52942e+06
-2.41722e+06
-2.55394e+06
-2.41977e+06
-2.41719e+06
-2.12167e+06
1.71947e+06
-2.53605e+06
-2.55398e+06
-2.49746e+06
-904697
-2.42136e+06
-2.43052e+06
-2.44668e+06
-2.55394e+06
-2.41757e+06
-2.5425e+06
-2.42753e+06
-2.33783e+06
-2.41839e+06
-2.55403e+06
-2.41888e+06
-2.55393e+06
-2.57571e+06
-2.59125e+06
-2.50895e+06
-2.4162e+06
-2.41641e+06
-2.418e+06
-2.55398e+06
-2.43021e+06
-2.4941e+06
-2.42837e+06
-2.43894e+06
-2.49264e+06
-2.43924e+06
-2.47709e+06
-2.41695e+06
-2.43046e+06
-2.44662e+06
-2.41261e+06
-2.4186e+06
-2.49555e+06
-2.41711e+06
-2.55393e+06
-2.56667e+06
-2.25533e+06
-2.4303e+06
-2.54771e+06
-2.56712e+06
-2.54211e+06
-2.40589e+06
-348411
-2.49957e+06
-2.4174e+06
-2.41799e+06
-2.52482e+06
-2.41795e+06
-2.55364e+06
-2.55392e+06
-2.55401e+06
-2.55286e+06
-2.44775e+06
-2.55398e+06
-2.55404e+06
-2.41636e+06
-2.44623e+06
-2.55398e+06
-2.49777e+06
-2.42057e+06
-2.54959e+06
-2.4154e+06
-2.42617e+06
-2.44654e+06
-2.57573e+06
-2.47267e+06
-2.42677e+06
-2.50998e+06
-2.5256e+06
-2.26986e+06
-2.2847e+06
-2.41634e+06
-1.97752e+06
-2.5504e+06
-2.42208e+06
-2.41776e+06
-2.41795e+06
-2.42022e+06
-2.42052e+06
-2.55386e+06
-2.55658e+06
-2.43036e+06
-2.55397e+06
-2.55406e+06
-2.33128e+06
-2.88932e+06
-2.55415e+06
-2.4172e+06
-2.55404e+06
-2.42393e+06
-2.44314e+06
-2.55189e+06
-2.41703e+06
-2.4861e+06
-2.48765e+06
-2.61285e+06
-2.51581e+06
-2.6054e+06
-2.59825e+06
-2.5299e+06
-1.84972e+06
-2.41758e+06
-2.44516e+06
-2.41783e+06
-2.46653e+06
-2.55404e+06
-2.54988e+06
-2.55402e+06
-2.5194e+06
-2.41632e+06
-2.41827e+06
-2.42175e+06
-2.52836e+06
-2.40572e+06
-2.55776e+06
-2.52014e+06
-2.55385e+06
-2.55382e+06
-2.55377e+06
-2.55395e+06
-2.5541e+06
-2.55425e+06
-2.40702e+06
-2.40794e+06
-2.33775e+06
-2.24594e+06
-2.3255e+06
-2.31757e+06
-2.67284e+06
-2.85061e+06
-2.84082e+06
-2.65113e+06
-2.94483e+06
-2.69162e+06
-2.81535e+06
-2.66597e+06
-1.81594e+06
-1.81428e+06
-2.48629e+06
-6.58731e+06
-891799
-2.5893e+06
-3.10394e+06
-2.91237e+06
-3.01825e+06
-2.69653e+06
-2.60642e+06
-2.88247e+06
-2.70229e+06
-2.42014e+06
-2.4186e+06
-2.42873e+06
-2.43796e+06
-2.50389e+06
-2.44793e+06
-2.50066e+06
-2.52793e+06
-2.46044e+06
-2.50577e+06
-2.52751e+06
-2.42616e+06
-2.53698e+06
-2.4409e+06
-2.54494e+06
-2.55397e+06
-2.55391e+06
-2.55389e+06
-2.55399e+06
-2.5538e+06
-2.55391e+06
-2.55404e+06
-2.5542e+06
-2.5526e+06
-2.55408e+06
-2.54925e+06
-2.54872e+06
-2.55177e+06
-2.54484e+06
-2.55481e+06
-2.45141e+06
-2.55165e+06
-2.5548e+06
-2.44493e+06
-2.58769e+06
-2.58639e+06
-2.53929e+06
-2.56014e+06
-2.42298e+06
-2.44065e+06
-2.51103e+06
-2.50099e+06
-2.4218e+06
-2.41992e+06
-2.41892e+06
-2.41897e+06
-2.41957e+06
-2.4163e+06
-2.41874e+06
-2.41838e+06
-2.41674e+06
-2.41853e+06
-2.41595e+06
-2.41947e+06
-2.41937e+06
-2.41726e+06
-2.41761e+06
-2.41792e+06
-2.41815e+06
-2.41799e+06
-2.41781e+06
-2.41757e+06
-2.41803e+06
-2.41819e+06
-2.41949e+06
-2.41898e+06
-2.4195e+06
-2.42025e+06
-2.42037e+06
-2.42145e+06
-2.42245e+06
-2.43388e+06
-2.43189e+06
-2.43376e+06
-2.44185e+06
-2.44879e+06
-2.45569e+06
-2.45923e+06
-2.51277e+06
-2.52508e+06
-2.51045e+06
-2.51499e+06
-2.52497e+06
-2.51634e+06
-2.52681e+06
-2.52868e+06
-2.52839e+06
-2.53698e+06
-2.53649e+06
-2.53277e+06
-2.55124e+06
-2.54162e+06
-2.57707e+06
-2.41015e+06
-2.37209e+06
-2.40882e+06
-2.4947e+06
-2.5148e+06
-2.49441e+06
-2.49563e+06
-2.50938e+06
-2.51112e+06
-2.43401e+06
-2.41092e+06
-2.40819e+06
-2.40887e+06
-2.56046e+06
-2.45544e+06
-2.41538e+06
-2.17791e+06
-2.20874e+06
-2.18564e+06
-2.4119e+06
-2.00141e+06
-2.24922e+06
-2.4919e+06
-2.4952e+06
-2.56142e+06
-2.56448e+06
-2.56172e+06
-2.64733e+06
-2.64872e+06
-2.64148e+06
-2.63454e+06
-2.58296e+06
-2.89159e+06
-4.33659e+06
-5.26695e+06
-2.54421e+06
-2.46636e+06
-2.49202e+06
-2.50772e+06
-2.49748e+06
-2.54436e+06
-2.51685e+06
-2.50657e+06
-1.84352e+06
-2.10868e+06
-2.11245e+06
-2.39244e+06
-2.40399e+06
-2.65017e+06
-2.44665e+06
-2.3839e+06
-2.40608e+06
-2.43068e+06
-2.43753e+06
-2.40346e+06
-2.4006e+06
-2.45705e+06
-2.4638e+06
-2.43325e+06
-2.46081e+06
-2.51431e+06
-2.49791e+06
-2.48971e+06
-2.42927e+06
-2.49129e+06
-2.46744e+06
-2.45172e+06
-2.40679e+06
-2.44964e+06
-2.40638e+06
-2.16994e+06
-2.16108e+06
-2.43267e+06
-2.16043e+06
-2.15163e+06
-2.43323e+06
-2.15807e+06
-2.39249e+06
-2.36401e+06
-2.39516e+06
-2.36397e+06
-2.36162e+06
-2.34681e+06
-2.30298e+06
-2.29302e+06
-2.29335e+06
-2.36084e+06
-2.38385e+06
-2.38308e+06
-2.38525e+06
-2.38574e+06
-2.38507e+06
-2.42531e+06
-2.40389e+06
-2.40521e+06
-2.40604e+06
-2.40524e+06
-2.40641e+06
-2.40584e+06
-2.4052e+06
-2.40521e+06
-2.40661e+06
-2.40437e+06
-2.41471e+06
-2.40709e+06
-2.42785e+06
-2.41981e+06
-2.41744e+06
-2.41921e+06
-2.41759e+06
-2.41789e+06
-2.4178e+06
-2.41725e+06
-2.41846e+06
-2.41799e+06
-2.41776e+06
-2.41843e+06
-2.41867e+06
-2.41916e+06
-2.41879e+06
-2.41816e+06
-2.41872e+06
-2.41833e+06
-2.41921e+06
-2.41809e+06
-2.53392e+06
-2.53301e+06
-2.53287e+06
-2.52421e+06
-2.55345e+06
-2.55356e+06
-2.5568e+06
-2.5503e+06
-2.54675e+06
-2.54951e+06
-2.54536e+06
-2.55249e+06
-2.55029e+06
-2.55073e+06
-2.55224e+06
-2.57684e+06
-2.55207e+06
-2.54731e+06
-2.57664e+06
-2.55133e+06
-2.55157e+06
-2.55617e+06
-2.55178e+06
-2.55207e+06
-2.55379e+06
-2.55152e+06
-2.55776e+06
-2.55776e+06
-2.55176e+06
-2.5539e+06
-2.55386e+06
-2.55421e+06
-2.55398e+06
-2.554e+06
-2.554e+06
-2.46044e+06
-2.554e+06
-2.55403e+06
-2.55407e+06
-2.55409e+06
-2.55405e+06
-2.55395e+06
-2.55395e+06
-2.55403e+06
-2.55392e+06
-2.5437e+06
-2.55336e+06
-2.44062e+06
-2.55315e+06
-2.58199e+06
-2.58253e+06
-2.60198e+06
-2.55284e+06
-2.41622e+06
-2.41756e+06
-2.41799e+06
-2.4192e+06
-2.41957e+06
-2.47706e+06
-2.5318e+06
-2.53768e+06
-2.34256e+06
-3.09779e+06
-2.41514e+06
-2.49207e+06
-2.42833e+06
-2.55811e+06
-2.50903e+06
-2.22844e+06
-2.21751e+06
-2.50076e+06
-2.67501e+06
-2.63189e+06
-6.06872e+06
-4.49999e+06
-2.50462e+06
-2.50604e+06
-2.92064e+06
-2.40861e+06
-2.4033e+06
-2.441e+06
-2.40884e+06
-2.40233e+06
-2.43412e+06
-2.44986e+06
-2.44683e+06
-2.45999e+06
-2.4369e+06
-2.48991e+06
-2.4371e+06
-2.15763e+06
-2.14861e+06
-2.15301e+06
-2.39373e+06
-2.33854e+06
-2.38108e+06
-2.34395e+06
-2.32774e+06
-2.38538e+06
-2.42411e+06
-2.42594e+06
-2.4063e+06
-2.40649e+06
-2.40547e+06
-2.40508e+06
-2.4196e+06
-2.41775e+06
-2.41794e+06
-2.41626e+06
-2.41979e+06
-2.41896e+06
-2.41921e+06
-2.4219e+06
-2.41884e+06
-2.41843e+06
-2.41925e+06
-2.4183e+06
-2.53336e+06
-2.55378e+06
-2.55191e+06
-2.54822e+06
-2.54669e+06
-2.55042e+06
-2.54759e+06
-2.57617e+06
-2.55618e+06
-2.55141e+06
-2.5505e+06
-2.55018e+06
-2.55309e+06
-2.55303e+06
-2.55416e+06
-2.55402e+06
-2.55399e+06
-2.55384e+06
-2.554e+06
-2.55415e+06
-2.55398e+06
-2.55406e+06
-2.55398e+06
-2.55397e+06
-2.55404e+06
-2.55401e+06
-2.55402e+06
-2.55402e+06
-2.55402e+06
-2.554e+06
-2.55404e+06
-2.55396e+06
-2.55394e+06
-2.55397e+06
-2.55397e+06
-2.55396e+06
-2.55397e+06
-2.55393e+06
-2.55397e+06
-2.55391e+06
-2.554e+06
-2.554e+06
-2.55404e+06
-2.55397e+06
-2.55379e+06
-2.5538e+06
-2.55326e+06
-2.55377e+06
-2.55354e+06
-2.55411e+06
-2.55304e+06
-2.55849e+06
-2.55739e+06
-2.55706e+06
-2.55169e+06
-2.54865e+06
-2.55297e+06
-2.4146e+06
-2.41811e+06
-2.4187e+06
-2.4204e+06
-2.42054e+06
-2.44042e+06
-2.42592e+06
-2.42679e+06
-2.43285e+06
-2.48988e+06
-2.47244e+06
-2.48348e+06
-2.42376e+06
-2.49227e+06
-2.41733e+06
-2.41567e+06
-2.41583e+06
-2.41705e+06
-2.41682e+06
-2.41643e+06
-2.41654e+06
-2.41786e+06
-2.41697e+06
-2.41796e+06
-2.41864e+06
-2.41722e+06
-2.41824e+06
-2.42102e+06
-2.42028e+06
-2.42169e+06
-2.42103e+06
-2.42115e+06
-2.42233e+06
-2.42261e+06
-2.42274e+06
-2.42231e+06
-2.42255e+06
-2.42563e+06
-2.42407e+06
-2.42748e+06
-2.42907e+06
-2.42319e+06
-2.43069e+06
-2.42974e+06
-2.43215e+06
-2.43608e+06
-2.43507e+06
-2.44116e+06
-2.44102e+06
-2.4404e+06
-2.44355e+06
-2.44333e+06
-2.44334e+06
-2.44529e+06
-2.44526e+06
-2.44565e+06
-2.4548e+06
-2.45146e+06
-2.45068e+06
-2.4598e+06
-2.45322e+06
-2.45626e+06
-2.45101e+06
-2.45611e+06
-2.4523e+06
-2.48793e+06
-2.5056e+06
-2.50897e+06
-2.50783e+06
-2.49363e+06
-2.51119e+06
-2.54644e+06
-2.494e+06
-2.49582e+06
-2.5475e+06
-2.48829e+06
-2.45579e+06
-2.44993e+06
-2.48796e+06
-2.45043e+06
-2.26195e+06
-2.45423e+06
-2.52304e+06
-2.53548e+06
-2.52222e+06
-2.47921e+06
-2.52023e+06
-2.54886e+06
-2.54303e+06
-2.64064e+06
-2.57864e+06
-2.56754e+06
-2.55632e+06
-2.06947e+06
-2.58589e+06
-2.68945e+06
-3.40917e+06
-2.77331e+06
-4.6236e+06
-2.49882e+06
-2.62932e+06
-2.5702e+06
-2.55818e+06
-2.53661e+06
-2.54688e+06
-2.55915e+06
-2.56072e+06
-2.55447e+06
-2.57306e+06
-2.36917e+06
-2.46314e+06
-2.5091e+06
-2.51513e+06
-2.5231e+06
-2.49476e+06
-2.50268e+06
-2.48904e+06
-2.51693e+06
-2.45894e+06
-2.4591e+06
-2.45344e+06
-2.43846e+06
-2.38859e+06
-2.40128e+06
-2.40293e+06
-2.40668e+06
-2.45265e+06
-2.44968e+06
-2.44372e+06
-2.44766e+06
-2.44547e+06
-2.45937e+06
-2.45225e+06
-2.45541e+06
-2.46156e+06
-2.4597e+06
-2.44999e+06
-2.45184e+06
-2.45002e+06
-2.45454e+06
-2.45065e+06
-2.51557e+06
-2.45159e+06
-2.14398e+06
-2.43338e+06
-2.4236e+06
-2.41491e+06
-2.33206e+06
-2.37514e+06
-2.36448e+06
-2.42401e+06
-2.33947e+06
-2.3507e+06
-2.38931e+06
-2.38615e+06
-2.42823e+06
-2.42997e+06
-2.41472e+06
-2.38451e+06
-2.43448e+06
-2.43176e+06
-2.41847e+06
-2.42359e+06
-2.41901e+06
-2.41459e+06
-2.41516e+06
-2.41507e+06
-2.41433e+06
-2.41481e+06
-2.41548e+06
-2.41425e+06
-2.41505e+06
-2.41532e+06
-2.4154e+06
-2.41619e+06
-2.41438e+06
-2.41569e+06
-2.41725e+06
-2.41424e+06
-2.41733e+06
-2.41469e+06
-2.41552e+06
-2.41594e+06
-2.41651e+06
-2.4159e+06
-2.41524e+06
-2.41564e+06
-2.41613e+06
-2.41636e+06
-2.41606e+06
-2.41751e+06
-2.41672e+06
-2.42344e+06
-2.41606e+06
-2.41559e+06
-2.41653e+06
-2.55149e+06
-2.55492e+06
-2.55311e+06
-2.55613e+06
-2.55641e+06
-2.55612e+06
-2.55707e+06
-2.55622e+06
-2.5555e+06
-2.55311e+06
-2.55003e+06
-2.55179e+06
-2.55273e+06
-2.42401e+06
-2.55428e+06
-2.55632e+06
-2.55315e+06
-2.55401e+06
-2.55423e+06
-2.55398e+06
-2.55401e+06
-2.49653e+06
-2.554e+06
-2.554e+06
-2.55396e+06
-2.554e+06
-2.55391e+06
-2.55389e+06
-2.55408e+06
-2.55394e+06
-2.55393e+06
-2.55385e+06
-2.55399e+06
-2.55405e+06
-2.99868e+06
-2.48387e+06
-2.51141e+06
-2.42162e+06
-2.42069e+06
-2.42019e+06
-2.55399e+06
-2.554e+06
-2.55399e+06
-2.55399e+06
-2.55403e+06
-2.55397e+06
-2.55396e+06
-2.55396e+06
-2.55396e+06
-2.55398e+06
-2.55401e+06
-2.55401e+06
-2.55402e+06
-2.55409e+06
-2.55411e+06
-2.55406e+06
-2.55404e+06
-2.55411e+06
-2.55376e+06
-2.42501e+06
-2.55378e+06
-2.55364e+06
-2.55377e+06
-2.55279e+06
-2.55701e+06
-2.55651e+06
-2.55662e+06
-2.55331e+06
-2.59322e+06
-2.62685e+06
-2.47186e+06
-2.41727e+06
-2.42203e+06
-2.42219e+06
-2.42001e+06
-2.41851e+06
-2.42018e+06
-2.42052e+06
-2.41946e+06
-2.42805e+06
-2.43725e+06
-2.45494e+06
-2.46492e+06
-2.44261e+06
-2.45696e+06
-2.47712e+06
-2.41804e+06
-2.41726e+06
-2.41627e+06
-2.41768e+06
-2.4171e+06
-2.4175e+06
-2.4173e+06
-2.41746e+06
-2.41651e+06
-2.41732e+06
-2.41523e+06
-2.41842e+06
-2.41832e+06
-2.41733e+06
-2.4173e+06
-2.418e+06
-2.41777e+06
-2.41719e+06
-2.41777e+06
-2.4178e+06
-2.41779e+06
-2.4175e+06
-2.41797e+06
-2.41904e+06
-2.41699e+06
-2.41789e+06
-2.42019e+06
-2.42213e+06
-2.41945e+06
-2.41731e+06
-2.42097e+06
-2.42002e+06
-2.42005e+06
-2.42172e+06
-2.43359e+06
-2.42313e+06
-2.42223e+06
-2.42299e+06
-2.45369e+06
-2.43826e+06
-2.42366e+06
-2.42381e+06
-2.42396e+06
-2.4238e+06
-2.42398e+06
-2.42415e+06
-2.42373e+06
-2.42602e+06
-2.43819e+06
-2.46064e+06
-2.42877e+06
-2.44402e+06
-2.5614e+06
-2.57206e+06
-2.45804e+06
-2.45669e+06
-2.45869e+06
-2.50857e+06
-2.47642e+06
-2.48994e+06
-2.50332e+06
-2.48112e+06
-2.49754e+06
-2.47914e+06
-2.50429e+06
-2.51585e+06
-2.49773e+06
-2.49877e+06
-2.50455e+06
-2.50534e+06
-2.50597e+06
-2.49627e+06
-2.49947e+06
-2.49407e+06
-2.49551e+06
-2.47475e+06
-2.51637e+06
-2.50532e+06
-2.49744e+06
-2.44898e+06
-2.44788e+06
-2.26662e+06
-2.44829e+06
-2.41144e+06
-2.38031e+06
-2.4386e+06
-2.4856e+06
-2.50107e+06
-2.46946e+06
-2.47399e+06
-2.48241e+06
-2.56447e+06
-2.54738e+06
-2.5435e+06
-2.52e+06
-2.61482e+06
-2.58162e+06
-2.59945e+06
-2.57503e+06
-2.66415e+06
-2.61909e+06
-2.51983e+06
-4.95393e+06
-3.16977e+06
-2.51755e+06
-2.50096e+06
-2.50133e+06
-2.63063e+06
-2.60726e+06
-2.61005e+06
-2.60466e+06
-2.59067e+06
-2.58297e+06
-2.59728e+06
-2.59091e+06
-2.59398e+06
-2.58401e+06
-2.56559e+06
-2.55395e+06
-2.58066e+06
-2.40428e+06
-2.57125e+06
-2.57024e+06
-2.46574e+06
-2.54659e+06
-2.47853e+06
-2.47712e+06
-2.47271e+06
-2.49741e+06
-2.50106e+06
-2.50055e+06
-2.46367e+06
-2.5082e+06
-2.45432e+06
-2.46493e+06
-2.44622e+06
-2.46277e+06
-2.46136e+06
-2.45792e+06
-2.44314e+06
-2.45912e+06
-2.45997e+06
-2.4445e+06
-2.45831e+06
-2.45379e+06
-2.45572e+06
-2.45152e+06
-2.44828e+06
-2.45107e+06
-2.45633e+06
-2.44639e+06
-2.44599e+06
-2.44488e+06
-2.43612e+06
-2.43312e+06
-2.4284e+06
-2.41403e+06
-2.37128e+06
-2.42582e+06
-2.39689e+06
-2.43962e+06
-2.44016e+06
-2.42955e+06
-2.45484e+06
-2.44169e+06
-2.44095e+06
-2.43484e+06
-2.40616e+06
-2.43684e+06
-2.43321e+06
-2.44184e+06
-2.42977e+06
-2.41574e+06
-2.42261e+06
-2.43073e+06
-2.4212e+06
-2.416e+06
-2.4142e+06
-2.41803e+06
-2.41813e+06
-2.41427e+06
-2.41838e+06
-2.41836e+06
-2.41811e+06
-2.41859e+06
-2.41931e+06
-2.4187e+06
-2.41521e+06
-2.41827e+06
-2.41982e+06
-2.4207e+06
-2.41953e+06
-2.41645e+06
-2.4163e+06
-2.41738e+06
-2.41984e+06
-2.41691e+06
-2.44624e+06
-2.41638e+06
-2.41598e+06
-2.41816e+06
-2.41629e+06
-2.41662e+06
-2.41577e+06
-2.41598e+06
-2.41532e+06
-2.41667e+06
-2.41622e+06
-2.41613e+06
-2.41698e+06
-2.41692e+06
-2.41746e+06
-2.41746e+06
-2.41657e+06
-2.41708e+06
-2.41663e+06
-2.41711e+06
-2.41747e+06
-2.41551e+06
-2.41532e+06
-2.55431e+06
-2.49042e+06
-2.55499e+06
-2.556e+06
-2.5561e+06
-2.55524e+06
-2.55611e+06
-2.55518e+06
-2.55417e+06
-2.55358e+06
-2.55359e+06
-2.55705e+06
-2.55357e+06
-2.55285e+06
-2.55343e+06
-2.55378e+06
-2.5542e+06
-2.554e+06
-2.55407e+06
-2.55397e+06
-2.55402e+06
-2.55412e+06
-2.554e+06
-2.55396e+06
-2.55397e+06
-2.55393e+06
-2.55389e+06
-2.55395e+06
-2.55388e+06
-2.55409e+06
-2.55389e+06
-2.55392e+06
-2.55395e+06
-2.55392e+06
-2.4569e+06
-2.44598e+06
-2.50334e+06
-2.49992e+06
-2.50074e+06
-2.5048e+06
-2.50102e+06
-2.51159e+06
-2.5121e+06
-2.4203e+06
-2.41986e+06
-2.53679e+06
-2.41928e+06
-2.42075e+06
-2.42991e+06
-2.42022e+06
-2.42174e+06
-2.42111e+06
-2.55386e+06
-2.5539e+06
-2.55403e+06
-2.55398e+06
-2.55598e+06
-2.55336e+06
-2.55568e+06
-2.55413e+06
-2.50517e+06
-2.50484e+06
-2.51986e+06
-2.5e+06
-2.43853e+06
-2.55405e+06
-2.55402e+06
-2.55396e+06
-2.554e+06
-2.55407e+06
-2.55408e+06
-2.55409e+06
-2.55402e+06
-2.55421e+06
-2.55413e+06
-2.55409e+06
-2.55415e+06
-2.5542e+06
-2.55419e+06
-2.5538e+06
-2.55392e+06
-2.55645e+06
-2.41975e+06
-2.42031e+06
-2.42052e+06
-2.4213e+06
-2.44645e+06
-2.44497e+06
-2.44502e+06
-2.44175e+06
-2.41775e+06
-2.41993e+06
-2.41879e+06
-2.41672e+06
-2.41677e+06
-2.41699e+06
-2.41759e+06
-2.41704e+06
-2.4175e+06
-2.4164e+06
-2.41741e+06
-2.4148e+06
-2.41498e+06
-2.4172e+06
-2.41698e+06
-2.41658e+06
-2.41779e+06
-2.41495e+06
-2.41655e+06
-2.41365e+06
-2.41876e+06
-2.41999e+06
-2.41908e+06
-2.4172e+06
-2.42415e+06
-2.41827e+06
-2.41796e+06
-2.42556e+06
-2.42335e+06
-2.42747e+06
-2.55388e+06
-2.55394e+06
-2.46061e+06
-2.46008e+06
-2.45868e+06
-2.46956e+06
-2.46612e+06
-2.47564e+06
-2.50023e+06
-2.49841e+06
-2.50284e+06
-2.50629e+06
-2.50392e+06
-2.50801e+06
-2.50782e+06
-2.50498e+06
-2.50089e+06
-2.49649e+06
-2.4944e+06
-2.50412e+06
-2.49901e+06
-2.54484e+06
-2.50183e+06
-2.51986e+06
-2.54866e+06
-2.52985e+06
-2.55413e+06
-2.55047e+06
-2.51318e+06
-2.59187e+06
-2.60631e+06
-2.59612e+06
-2.61089e+06
-2.61076e+06
-2.58859e+06
-2.58956e+06
-2.61422e+06
-2.44255e+06
-2.44288e+06
-2.44507e+06
-2.58119e+06
-2.56658e+06
-2.54718e+06
-2.56644e+06
-2.54374e+06
-2.54622e+06
-2.49023e+06
-2.45342e+06
-2.45345e+06
-2.45519e+06
-2.444e+06
-2.44637e+06
-2.43567e+06
-2.44264e+06
-2.43454e+06
-2.5549e+06
-2.55353e+06
-2.55357e+06
-2.55469e+06
-2.55359e+06
-2.55351e+06
-2.55388e+06
-2.55391e+06
-2.55371e+06
-2.55406e+06
-2.55392e+06
-2.55393e+06
-2.55396e+06
-2.55391e+06
-2.55407e+06
-2.40739e+06
-2.45595e+06
-2.4598e+06
-2.45898e+06
-2.41984e+06
-2.55408e+06
-2.45587e+06
-2.4371e+06
-2.55514e+06
-2.46414e+06
-2.59672e+06
-2.58964e+06
-2.55352e+06
-2.55384e+06
-2.52529e+06
-2.52396e+06
-2.58308e+06
-2.57396e+06
-2.43614e+06
-2.45626e+06
-2.447e+06
-2.45393e+06
-2.3805e+06
-2.43267e+06
-2.41755e+06
-2.4167e+06
-2.41581e+06
-2.55617e+06
-2.55885e+06
-2.5529e+06
-2.55396e+06
-2.55399e+06
-2.55407e+06
-2.41971e+06
-2.42123e+06
-2.55402e+06
-2.55382e+06
-2.55653e+06
-2.4205e+06
-2.42059e+06
-2.55403e+06
-2.42672e+06
-2.42669e+06
-2.49863e+06
-2.51593e+06
-2.50271e+06
-2.44808e+06
-2.44501e+06
-2.43137e+06
-2.44225e+06
-2.49927e+06
-2.50465e+06
-2.4958e+06
-2.45774e+06
-2.46109e+06
-2.46009e+06
-2.45429e+06
-2.43136e+06
-2.41596e+06
-2.41633e+06
-2.41747e+06
-2.554e+06
-2.55379e+06
-2.55353e+06
-2.55391e+06
-2.55396e+06
-2.45554e+06
-2.45067e+06
-2.55511e+06
-2.46649e+06
-2.41924e+06
-2.41506e+06
-2.5539e+06
-2.41636e+06
-2.45147e+06
-2.5265e+06
-2.47602e+06
-2.55405e+06
-2.55408e+06
-2.44123e+06
-2.55425e+06
-2.55438e+06
-2.34087e+06
-2.92813e+06
-1.80708e+06
-2.55392e+06
-2.67118e+06
-2.59399e+06
-2.43058e+06
-2.55391e+06
-2.52991e+06
-2.50141e+06
-2.45202e+06
-2.48891e+06
-2.4189e+06
-2.554e+06
-2.41767e+06
-2.55402e+06
-2.53317e+06
-2.43068e+06
-2.67058e+06
-2.69239e+06
-2.48727e+06
-2.44259e+06
-2.43111e+06
-2.42651e+06
-2.43037e+06
-2.30545e+06
-2.40457e+06
-2.4168e+06
-2.41751e+06
-2.41631e+06
-2.41621e+06
-2.41774e+06
-2.41828e+06
-2.41928e+06
-2.41813e+06
-2.52777e+06
-2.41793e+06
-2.55306e+06
-2.55282e+06
-2.55105e+06
-2.55204e+06
-2.41822e+06
-2.54854e+06
-2.41822e+06
-2.55328e+06
-2.55449e+06
-2.55401e+06
-2.55152e+06
-2.55398e+06
-2.5533e+06
-2.55409e+06
-2.4008e+06
-2.41526e+06
-2.44132e+06
-2.4162e+06
-2.41835e+06
-2.55137e+06
-2.55639e+06
-2.55401e+06
-2.44432e+06
-2.55403e+06
-2.54072e+06
-2.49696e+06
-2.41761e+06
-2.4358e+06
-2.4379e+06
-2.50118e+06
-2.48684e+06
-2.46384e+06
-2.44469e+06
-2.44735e+06
-2.45323e+06
-2.38561e+06
-2.41486e+06
-2.4161e+06
-2.41674e+06
-2.41572e+06
-2.55283e+06
-2.55504e+06
-2.55415e+06
-2.55778e+06
-2.55403e+06
-2.4472e+06
-2.55394e+06
-2.55402e+06
-2.42082e+06
-2.55396e+06
-2.45625e+06
-2.5541e+06
-2.55401e+06
-2.41691e+06
-2.4603e+06
-2.41737e+06
-2.42088e+06
-2.42223e+06
-2.4282e+06
-2.43208e+06
-2.42853e+06
-2.49735e+06
-2.44312e+06
-2.43117e+06
-2.5539e+06
-2.5539e+06
-2.5539e+06
-2.55391e+06
-2.42937e+06
-2.43623e+06
-2.43021e+06
-2.42854e+06
)
;

boundaryField
{
    Wall
    {
        type            zeroGradient;
    }
    Inlet
    {
        type            zeroGradient;
    }
    Outlet
    {
        type            fixedValue;
        value           uniform 0;
    }
    Empty
    {
        type            empty;
    }
}


// ************************************************************************* //
