/*--------------------------------*- C++ -*----------------------------------*\
| =========                 |                                                 |
| \\      /  F ield         | OpenFOAM: The Open Source CFD Toolbox           |
|  \\    /   O peration     | Version:  2312                                  |
|   \\  /    A nd           | Website:  www.openfoam.com                      |
|    \\/     M anipulation  |                                                 |
\*---------------------------------------------------------------------------*/
FoamFile
{
    version     2.0;
    format      ascii;
    arch        "LSB;label=32;scalar=64";
    class       volScalarField;
    location    "1.1";
    object      p;
}
// * * * * * * * * * * * * * * * * * * * * * * * * * * * * * * * * * * * * * //

dimensions      [0 2 -2 0 0 0 0];

internalField   nonuniform List<scalar> 
2958
(
1151.7
435.373
-605.041
-13221.9
401.554
-579.848
1301.53
1986.3
515.402
723.73
1310.13
3310.91
816.978
3302.37
2732.5
1626.42
431.364
890.202
3303.14
1421.7
3309.34
417.736
3300.32
690.701
842.582
1169.96
325.41
685.492
-134.054
1288.85
1173.74
391.489
3231.67
622.129
1340.84
-4266.17
3305.47
3308.32
-455.575
563.623
-13895.1
-8144.9
1330.22
1198.62
3317.39
437.581
1377.75
458.106
-4778.26
1672.18
1226.74
399.279
876.812
1453.05
1232.89
-1190.83
1057.92
866.544
1172.13
2845.94
-2232.13
1664.17
1230.13
1292.62
3308.74
3302
1452.19
404.444
1268.79
-898.133
419.458
3310.44
423.188
1127.84
3302.88
1287.26
408.493
1286.32
3300.42
1165.95
837.662
547.582
727.283
601.569
1646.98
1244.84
437.962
1243.61
425.7
3523.02
1426.73
424.569
1498.12
3302.97
418.947
3925.72
-3158.06
-10778.2
3300.18
3309.84
-33315.3
1175.68
4160.92
405.853
3262.99
1044.22
3313.26
-22375.2
3304.17
4607.66
-21792.7
1147.15
3303.18
717.948
3302.4
3304.37
1277.06
1119.87
442.201
1175.82
925.331
3311.48
1549.47
431.423
422.283
1447.8
1560.54
442.338
1495.84
3302.96
3302.9
3343.3
1098.87
3297.41
3303.48
3299.05
767.147
862.538
3302.78
3301.36
1725.44
417.768
3308.27
3303.1
1034.27
409.844
3302.87
3311.03
425.877
3310.33
1457.81
-3584.56
754.081
2712.24
1093.02
3304.36
3427.28
769.905
1321.13
675.977
1049.2
720.575
1135.3
3310.28
592.002
-1434.42
3400.36
3300.69
412.13
-520.189
563.784
3313.34
3280.61
397.334
3294.14
-1008.28
809.052
414.534
6213
1294.35
2461.48
439.114
924.855
-52118.7
422.792
443.806
425.859
3303.76
413.013
-19818.8
440.415
418.585
327.747
402.11
407.741
-120.899
439.828
536.929
1201.79
448.085
459.529
3294.59
1116.19
407.333
-1531.56
-22794.1
2282.69
-22659.7
442.086
-5437.41
3302.63
3522.55
3302.85
441.691
3304.57
549.851
1297.45
3302.3
3303.52
3300.88
3311.74
408.925
1319.82
447.442
-102698
1403.29
661.6
3304.28
404.541
366.319
428.599
371.774
420.173
412.969
-128.869
3312.24
3306.11
1153.13
3305.87
15720.9
3303.57
14853.9
-1710.47
692.363
1158.48
-8377.74
1258.79
741.02
1232.33
1181.15
622.709
730.749
1112.94
277.728
-22862.1
385.335
1186.71
422.532
1170.1
415.69
1634.59
3332.97
516.312
10758.8
2274.67
1580.19
1493.97
1184.74
4331.88
3314.84
3306.6
443.646
1177.61
3320.06
441.582
1178.55
3304.4
392.284
3297.63
430.843
3305.4
3302.23
2276.11
1257.41
408.82
3305.27
2686.45
-6648.46
-32053.1
1283.44
700.197
381.124
3301.95
3311.34
1016.53
359.773
3301.56
1528.42
3302.57
1097.23
1180.23
388.55
422.521
518.794
95.4145
410.636
-20932.6
3331.93
1245.25
-759.754
3304.15
2621.01
1208.73
3302.67
437.701
-102019
416.266
1326.21
423.551
1167.11
395.335
437.153
1093.55
411.762
-539.554
3314.64
1123.65
3319.74
-43285.5
-36304.7
429.86
1119.63
3315.39
3302.56
17.6034
3302.81
-23784.5
-5628.98
-25482
3303.89
1237.4
437.499
407.537
403.289
3302.76
426.532
3302.64
80.6808
1100.64
1966.52
742.867
1321.01
513.779
30167
399.644
1199.45
3300.94
1111.42
75.6085
1195.2
-36123.6
1354.96
-8129.94
2367.82
1133.95
696.989
1324.97
-5951.37
-3043.02
441.822
614.234
409.946
3301.31
-15210.7
1206.49
442.509
1256.32
475.802
400.061
441.843
1016.11
1644.78
3302.53
1101.98
419.737
3317.28
1179.53
503.051
3266.81
3303.18
896.53
3305.76
3084.74
423.398
-2183.36
94872.5
-36228.1
3302.51
3305.09
366.539
1097.27
1187.84
430.039
-27801.1
1267.25
1047
425.557
1243.08
1160.9
1155.33
2106.94
848.704
1290.61
453.216
418.533
361.479
440.61
-1181.02
1197
1196.89
3316.83
-12498.7
355.741
-12482.5
1025.04
3302.79
409.538
1063.06
895.951
434.049
388.804
-385.517
420.192
553.636
549.895
441.233
366.021
380.857
1135.32
3298.44
406.341
401.064
1163.43
1076.59
324.282
3303.66
3317.83
532.913
3296.15
445.556
3293.34
380.736
1497.26
403.961
789.133
-8056.08
3302.86
1121.15
449.611
3302.68
417.16
-25722.8
58.2352
1185.9
1196.15
1306.49
544.771
1327.33
1197.57
1959.99
1191.15
3310.58
1139.92
449.678
1138.64
424.391
1560.2
414.074
-40.901
1489.45
890.119
464.211
3308.02
2451.41
438.059
1181.03
1019.93
1474.17
645.42
1089.28
411.062
425.623
-13076.7
1211.09
492.04
1147.12
1071.18
3302.6
3303.84
3303.48
477.41
3302.95
3307.93
1336.37
2589.83
3303.33
-19619
401.445
-5897.56
-4553.3
3303.2
3302.94
1177.57
3301.97
1161.9
1164.35
575.804
3176.59
445.108
1550.46
3218.45
429
959.312
415.595
2762.18
-3184.86
410.165
3332.24
1503.67
-6050.43
1495.83
3518.5
439.284
3303.78
2681.73
1323.13
376.503
415.996
2332.88
1439.92
1958.55
1302.89
3309.67
1650.9
3302.47
2698.68
1495.73
3299.63
3302.47
412.529
3303.23
3303.16
432.286
1769.51
-347.075
1136.36
1957.08
1110.13
1264.19
2162.27
1150.33
422.98
1213.94
1197.97
1223.11
1187.92
3310.44
1193.35
16821.3
1204.83
1751.67
1176.19
3304.21
3302.98
3283.1
414.659
3303.43
2288.15
3301.13
1125.35
437.517
438.653
1311.93
421.236
1840.19
3329.72
3305.03
3304.5
427.903
1136.69
3305.28
3304.57
1220.51
-279.756
3302.8
25.4784
-370.075
762.099
1203.46
4752.68
3314.54
1182.11
3320.14
1360.79
415.159
1483.59
3939.71
-911.28
3225.86
3300.84
2732.09
1706.78
3306.57
3302.73
3803.52
338.789
1318.01
423.964
3318.11
-23470.5
-2217.7
-2759.3
1954.98
496.561
1092.99
3303.03
469.214
1163.53
1253.24
3298.75
1723.17
3298.52
435.602
3300.62
403.558
1235.45
3278.12
515.444
-423.738
1266.93
3302.49
1531.08
3125.73
3279.41
1202.72
3865.23
435.945
3340.45
1238.41
3302.94
3308.11
994.591
-1294.32
543.277
1161.11
421.765
427.059
3240.55
978.822
504.043
514.966
3254.15
3301.93
3297.18
4787.73
3299.33
411.95
3295.16
-1070.8
1567.54
424.969
418.16
-742.405
-32833.2
372.85
403.671
1068.94
-20091.8
3337.79
3304.47
421.235
541.106
3305.31
405.262
3298.93
435.515
432.278
1179.31
450.963
429.546
4333.88
407.005
1375.97
112.659
1139.42
3268.19
1284.67
1112.55
1177.17
3304.44
3303.89
2667.15
1237.09
-3901.66
2311.38
1397.66
417.353
-34764
477.242
436.548
337.5
434.192
427.077
1192.25
1191.53
667.685
498.845
1081.04
589.585
412.395
2523.75
3313.78
428.432
1883.09
3302.68
395.459
3294.85
-82954.3
1318.97
3295.67
-25856.9
-21145.8
-3456.38
419.361
3081.03
176.58
1557.76
1474.08
3309
1133.51
1019.15
-7898.46
-68481.8
1067.72
1175.12
3267.96
-4441.61
1313.86
412.307
-6936.66
-10737.7
2456.63
3311.48
-31205
-24684.4
-24639.4
1263.36
1722.08
3169.64
1280.72
3304.23
3301.35
3303.05
-3672.4
432.048
3302.28
1062.66
3303.11
-3795.52
3309.19
3287.26
420.48
-22645.7
393.306
3299.78
3304.46
-397.302
1367.36
3311.34
3302.33
426.09
3305.49
-2413.9
-1175.29
3283.25
450.29
1049.73
3304.56
431.279
1176.82
1153.83
711.223
1226.81
1182.85
1274.54
444.713
3267.02
1242.45
1225.17
1116.34
411.781
3293.61
-420.335
-24277.7
1240.76
-454.231
910.777
1303.55
433.233
2075.8
343.75
1337.4
1078.15
3304.16
1455.87
-74.2023
428.962
1242.08
16865.9
-33931.4
767.836
2255.01
870.153
-890.28
1248.33
404.139
3763.01
110.199
400.515
2045.76
376.633
1245.96
2546.42
-22357.8
1175.58
425.914
590.192
3304.9
589.898
1517.34
-1737.33
1069.45
3308.93
3309.49
3315.52
855.643
1097.61
112.385
1245.36
539.385
1191.95
895.904
2.94649
561.854
427.146
719.22
424.731
3302.86
721.346
725.081
439.871
387.798
932.137
1243.21
-19212.1
85.5024
307.355
864.173
3291.31
1516.39
426.12
3309.75
435.21
-46712.6
-20741.3
-337.041
369.688
3302.58
3309.14
1263.55
3303.55
3303.73
3303.23
705.903
1170.88
1678.84
429.01
6292.78
1209.71
393.361
-32648.2
1223.28
436.632
3305.23
435.999
701.417
1275.04
737.267
441.607
493.782
411.401
-68588.6
3302.38
857.803
388.708
374.557
425.564
414.173
389.823
3305.41
811.681
403.421
1277.47
472.106
486.576
553.566
447.322
3212.23
456.738
1297.74
600.703
418.957
4305.42
1199.04
1289.42
432.728
402.611
1730.64
418.372
428.567
417.459
213.755
422.399
783.192
1336.95
443.667
1201.59
430.179
1521.58
444.357
1236.62
385.702
3303.66
1123.48
4810.23
381.087
-7749.99
1035.97
-420.95
441.217
-76.4538
404.192
1489.98
-38925.2
352.21
448.016
1460.87
1496.88
1313.4
3305.53
3302.84
373.462
418.492
289.89
3308.05
523.347
530.2
399.176
1173.86
-7861.87
435.491
1226.07
-32757.9
3303.05
87.9085
3305.01
1106.27
-25422.7
1388.31
-4645.16
3288.1
818.497
3314.95
4338.93
-2984.88
455.968
1273.58
1169.53
382.111
392.742
406.294
1234.38
1196.55
94.1912
364.363
1169.82
740.843
455.287
394.882
442.88
436.988
452.445
373.238
1104.04
450.399
-286.276
1176.26
1179.14
3090.4
3308.38
-35958.8
466.104
3299.94
-42798.9
392.634
1076.94
3303.3
709.919
1873.4
3077.41
1225.94
1119.79
-42346.3
682.894
391.357
3092.4
1154.85
813.84
455.196
-16496.9
3303.57
73.9247
1032.31
1122.93
3300.62
3302.81
1121.42
3309.61
3303.72
3294.55
1081.11
2298.03
3302.95
3296.08
433.934
3315.08
1058.66
1107.52
371.102
3302.76
1200.58
1198.38
4419.01
377.134
3425.17
-771.331
3301.97
1392.28
3295.48
3303.63
3303.16
-898.873
1217.44
3266.61
1231.74
792.34
414.086
1117.86
619.327
430.427
3297.43
450.888
3293.66
-49191.6
-6721.71
3298.88
752.32
719.52
-11756.6
414.425
350.242
1247.96
4333.71
331.929
1676.02
3308.15
1345.82
439.614
1117.56
1121.2
342.207
1132.25
2359.79
-2836.29
684.46
3316.3
-35987.4
437.666
288.167
372.464
1122.99
453.559
440.818
3293.17
529.139
-900.936
426.192
3302.47
764.577
3315.4
3303.27
3309.39
3302.16
423.318
413.515
354.249
310.509
414.058
371.436
421.591
428.295
469.404
439.335
1057.2
1360.72
4575.01
1239.9
457.377
438.973
391.407
3304.06
4424.89
-1339.37
422.877
475.467
-4295.1
161.977
1210.12
3303.97
3303.79
1931.04
3309.39
1196.79
450.441
1090.52
773.204
3019.87
975.182
331.607
9561.97
3297.64
392.604
644.216
-1122.31
204.854
1671.84
1102.17
386.406
1039.68
3298.21
-5921.22
-827.613
471.309
413.725
1581.08
1197.02
1966.3
1169
2544.21
407.432
3302.57
1189.77
2590.38
342.018
3302.34
3296.54
1164.2
1203.05
1305.33
1176.67
-4169.24
178.049
3310.16
1073.97
4346.99
3310.23
1638.22
3304.09
1243.24
426.423
3308.99
984.37
124788
1041.01
2113.94
1342.71
3307.32
1177.81
3292.4
1213.88
375.78
-46672.2
1611.78
3308.23
416.298
997.898
-29458
3300.6
1572.62
1525.63
1197.47
3299.97
791.184
371.893
1163.88
464.464
1523.32
2423.88
1265.66
912.317
3295.64
405.961
1268.38
1285.39
983.074
1260.94
359.842
441.699
3320.25
1294.02
1031.22
3303.4
1228.56
3307.97
1077.97
3294.13
435.781
439.435
-2685.75
375.746
563.609
3305.4
446.319
1251.42
1491.39
474.55
425.742
1166.4
917.728
3299.14
3301.68
1336.92
1320.12
3301.37
3308.09
407.781
1167.47
461.117
422.913
357.49
-1302.44
839.407
1169.6
465.548
438.733
1177.79
520.344
942.941
1328.1
363.318
475.894
536.764
1260.64
1241.86
895.454
425.214
438.78
966.123
664.05
1295.09
69.4606
-27878.1
437.907
2299.75
418.176
1117.19
-2951.32
418.695
1169.18
3286.18
425.831
1123.97
3303.19
1241.76
1244.53
1238.49
1238.99
546.402
1125.94
599.279
417.328
1258.49
1242.14
439.706
1267.13
491.543
1037.55
2012.42
438.008
3295.78
436.215
10025.9
3302.33
1234.82
1058.27
443.16
993.241
677.38
1235.02
423.815
3297.55
-1140.29
1485.64
415.121
-81294.3
1198.94
1411.67
1518.77
-604.056
420.356
3309.32
99043.5
3309.7
714.386
3307.81
96299.2
3310.22
1167.6
186.847
3077.37
3306.35
486.195
3301.05
3311.91
1186.11
3304.94
-653.895
3331.43
1058.9
3308.77
439.41
-30352.1
1200.99
3297.67
1650.17
1034.53
120477
3306.08
426.704
3309.19
605.113
3301.7
372.894
121388
3303.43
-42760.8
-22504.7
1123.63
390.608
1024.79
351.5
259.104
3301.26
681.326
3302.83
3308.46
406.14
1198.09
3306.37
540.185
3230.92
674.91
1115.34
431.359
390.19
1491.19
-51787.7
400.724
2665.93
438.786
3296.19
3306.83
1699.37
411.285
532.79
404.107
2175.98
3296.92
3312.39
404.263
403.145
1113.1
487.588
1566.84
422.443
407.536
3425.45
3303.66
3303.24
1268.2
570.507
354.888
1474.13
1547.99
1083.67
1522.35
2053.08
421.037
613.057
3305.14
2102.12
1224.79
1193.89
442.383
180.119
3299.72
1193.27
-402.115
2104.35
3297.46
1141.74
705.335
1018.44
3297.4
502.465
446.321
3300.94
3304.13
3301.21
3302.74
3301.7
3303.09
336.659
1138.32
585.44
692.169
2402.1
1456.22
418.983
1140.2
3298.1
3321.52
662.033
1413.3
3301.89
1254.06
444.096
3290.44
1861.04
614.045
358.364
413.139
416.702
1310.93
375.479
656.424
1170.74
415.23
1617.72
3306.09
3257.32
395.454
844.861
3306.68
768.549
-27198
1177.82
3306.04
1403.36
593.094
427.261
1415.07
412.587
1174.56
3307.55
1233.79
436.744
533.553
452.322
417.05
500.889
3303.78
937.599
2006.96
1215.07
-2430.12
1117.61
373.099
531.003
400.564
370.182
1241.03
1202.91
-391.477
432.116
1147.26
398.882
1236.03
1150.36
1574.81
3330.56
3303.23
362.796
450.331
379.019
1245.97
272.46
424.746
423.589
527.742
3318.84
4332.34
394.522
6128.38
420.325
1238.25
3305.88
1652.2
1557.09
2352.48
-348.307
420.171
3305.36
418.346
274.677
1174.53
2815.58
737.288
3310.72
1209.53
418.846
1039.18
-1910.16
1145.53
3308.65
1178.18
3310.8
422.833
438.582
413.905
1261.37
1111.04
1198.41
3302.42
-252.356
419.379
169.732
411.811
-48062.7
421.841
2664.47
1127.26
-266.263
432.547
436.631
1215.42
434.407
2121.39
3302.79
3390.7
360.927
1133.02
414.189
3408.22
416.068
437.796
696.282
425.815
1704.59
1185.5
431.858
1169.44
3304.5
3303.12
3302.73
3281.87
1876.92
3302.77
3299.21
1576.48
-10700.7
3302.96
-52019.9
1324.7
3303.2
1214.85
-7244.45
749.459
-96298.5
372.813
-6530.96
422.326
3300.31
1936.74
-22271.8
1046.34
489.891
3303.77
223.695
1226.91
1204.8
1139.02
1168.83
3303.49
3287.28
1132.63
3312.53
3299.59
1154.08
575.197
3303.03
924.146
3312.49
1956.69
568.186
3303.72
1080.47
417.937
704.069
416.103
782.379
555.494
523.369
421
374.242
1230.43
821.117
1647.7
559.785
3300.43
424.529
3296.46
2698.09
434.293
1576.24
1479.54
3257.98
1331.76
472.469
463.808
3303.55
3304.23
3304.98
3312.65
3312.2
3310.4
1334.26
1308.87
-15334.1
-6460.79
-13366
-16685.4
438.184
476.232
444.837
386.418
467.427
451.905
466.141
430.616
467.271
466.618
438.955
435.862
272.281
652.686
417.396
384.825
617.905
724.045
766.411
425.422
769.845
1168.27
-26791.3
-29162.8
-31196.9
434.761
3291.65
438.105
3301.11
361.024
423.231
3301.36
3290.06
3297.7
3291.04
3301.6
3312.15
3322.59
3300.54
3305.83
3294.4
3304.15
3306.08
3308.16
3303.91
3306.49
3305.34
3304.55
3305.88
3301.64
3305.95
3291.76
3307.33
3307
3291.33
3269.1
3267.79
-69166.1
-84283.1
-27142.4
-31343.1
-56248.5
-35665.3
28898.1
29044.1
1848.44
1673.2
-2048.19
561.211
339.497
160.106
575.729
181.372
1425.86
-970.767
-871.844
1201.2
1191.64
1100.45
1071.76
1094.58
1093.87
1077.19
1098.98
1108.91
1164.69
1159.23
1166.92
1175.41
1167.11
1184.98
1185.19
1110.53
1121.11
1172.48
1122.07
1062.21
1097.67
1185.91
975.422
918.789
1025.36
963.836
923.014
968.66
872.067
864.257
854.196
762.817
777.861
812.799
687.622
726.139
712.293
943.188
1035.86
965.322
891.397
4335.56
548.212
545.545
391.116
390.203
397.514
374.394
377.527
372.646
325.732
407.224
331.046
371.977
372.942
372.26
411.392
360.932
332.173
1708.05
1547.01
261.596
214.222
40.8874
327.962
223.936
306.162
256.922
589.477
612.812
517.551
354.947
409.315
453.171
435.907
431.39
415.929
445.824
397.279
412.693
370.499
391.915
398.717
417.797
412.906
409.7
434.643
385.756
1022.2
1216.23
1202.17
1027.7
1035.58
1119.48
1287.55
1276.92
1186.84
723.426
647.949
705.765
286.092
1144.54
1023.67
1712.08
4145.69
1491.07
4961.93
-36219.7
-36400.6
-11763.3
-36335.5
-36208.7
-10821.6
-36350
-13368
9642.92
-13527.8
6761.22
4077.85
-4574.84
-18233.8
-9819.52
-9626.32
2625.08
-19710.2
-18685.8
-5420.83
-6157.99
-7818.72
1055.09
1260.74
1315.69
1324.03
1324.71
1305.41
1313.3
1325
1338.25
1307.61
1332.65
1225.14
1279.8
1143.01
1157.35
1205.42
1180.33
1205.22
1207.79
1208.72
1203.97
1225.73
1227.89
1228.07
1219.53
1208.67
1213.63
1208.07
1199.8
1199.48
1197.75
1131.84
908.084
3161.48
3171.37
3265.36
3280.61
3300.32
3300.79
3305.88
3307.14
3305.16
3300.29
3305.68
3298.12
3298.74
3299.76
3296.74
3287.18
3298.56
3297.63
3285.49
3287.24
3287.51
3307.58
3288.87
3292.23
3299.76
3293.85
3309.91
3312.54
3293.4
3302.21
3300.09
3301.84
3297.52
3296.6
3296.41
354.764
3302.98
3301.95
3304.54
3304.89
3299.46
3300.58
3302.07
3298.03
3302.36
3300.75
3308.99
3291.02
3306.62
3262.75
3263.69
3231.66
3300.59
685.321
1075.34
1100.16
1163.53
1166.5
1104.33
807.808
773.407
1235.34
368.73
994.997
548.506
392.615
329.217
392.981
373.195
372.998
1641.56
572.889
191.357
407.563
416.93
415.268
430.316
470.061
435.811
1036.49
446.761
1044.78
1051.14
1241.67
449.671
399.38
502.258
232.402
631.666
238.19
-35939.8
-36183.7
-36082.5
-14096.1
-6471.99
-17763.3
696.843
2844.7
-5029.44
1542.63
1020.52
1317.66
1320.63
1325.03
1313.69
1163.46
1197.65
1229.44
1216.45
1211.4
1204.39
1199.76
1153.1
1206.45
1196.02
1191.87
1198.11
3156.31
3305.57
3300.01
3294.94
3297.13
3299.15
3296.81
3285.92
3308.81
3295.63
3297.06
3297.78
3299.67
3299.49
3301.78
3298.21
3297.3
3302
3298.64
3297.62
3303.38
3299.96
3301.27
3300.63
3310.49
3310.33
3308.66
3308.87
3308.75
3307.98
3308.97
3306.33
3296.31
3300.77
3304.04
3301.63
3302.82
3301.27
3302.56
3302.14
3303.8
3304.1
3304.51
3304.25
3302.67
3303.52
3303.82
3303.18
3304.38
3303.68
3303.38
3302.65
3302.55
3302.41
3303.04
3302.87
3307.91
1757.16
1065.76
1133.28
1098.54
1102.08
-23701.1
-21104.9
-21021.3
-26406.2
-46700.3
-36812.8
-43803
-27360.3
-49203.3
1204.06
1707.37
1469.42
1045.23
1171.29
1141.57
1288.41
1153.58
1193.07
1151.64
1178.44
1187.08
1176.47
1134.81
1144.85
1120.95
1139.17
1123.66
1110.94
1086.63
1091.82
1091.91
1092.92
1036.85
1052.81
1032.96
1018.34
1115.82
1022.75
1009.58
1005.85
972.974
984.856
949.393
921.438
938.06
882.4
867.3
862.468
781.26
768.646
769.347
678.923
739.635
790.867
564.927
731.442
527.02
587.298
544.28
573.534
409.633
411.769
403.677
400.918
419.249
410.469
413.507
421.814
420.375
415.187
434.718
409.078
413.633
436.681
405.592
511.888
-54.2731
1076.68
844.129
1054.13
606.954
820.881
555.539
531.803
246.306
597.706
394.7
427.144
455.885
372.268
442.969
372.909
421.769
364.849
401.044
438.725
420.758
418.128
419.232
421.523
426.577
423.262
434.844
431.188
435.895
418.774
426.166
4336.77
422.922
415.175
424.525
410.524
407.45
377.335
435.394
427.241
390.26
1058.9
1038.07
1051.8
1060.35
423.641
455.475
378.601
483.611
413.624
359.169
177.425
262.359
843.245
583.39
313.574
849.257
777.941
637.138
973.311
4338.31
1072.3
-36386.2
-11691.2
1961.22
-20004.4
-1130.17
-7685.35
-4801.22
1951.3
-2278.53
-484.954
-4254.13
-8237.42
-3803.48
-4138.04
-1354.35
-5562.92
1449.36
2178.74
1557.92
1459.15
1573.21
1590.01
1586.37
1611.21
1537.82
1509.12
1526.45
1532.53
1488.14
1468.5
1440.49
1380.92
1399.25
1394.06
1312.22
1328.01
1280.93
1320.54
1321.73
1300.96
1258.22
1267.77
1276.28
1264.71
1247.53
1235.95
1243.99
1210.2
1223.89
1953.61
1220.23
1202.38
1200.05
3222.79
3306.32
3218.23
3289.01
3287.89
3287.33
3291.36
3288.52
3293.49
3298.14
3299.32
3299.72
3299.47
1955.42
3306.86
3313.2
3299.88
3300.62
3301.45
3301.88
3300.4
420.205
3301.25
3302.05
3302.25
3301.62
3304.04
3303.88
3296.47
3302.79
3301.62
3304.78
3301.6
3300.19
424.486
414.059
420.17
298.147
1188.54
1005.55
3302.2
3302.39
3301.25
3302.1
3309.4
3303.18
3301.86
3302.26
3302.94
3302.82
3303.03
3302.89
3302.86
3303.23
3303.96
3303.61
3303.55
3304.17
3303.1
-2828.42
3303.03
3302.83
3302.68
3303.09
3302.53
3302.58
3302.66
3303.67
3302.98
3224.36
48.2648
2102.68
2132.54
2063.27
864.251
2592.84
963.262
767.411
1309.46
-7558.37
-21435.8
491.089
443.46
916.921
516.059
510.488
4234.28
4415.44
1516.04
1824.57
1176.74
1259.54
1133.99
1212.37
1330.6
1221.61
1252.15
1217.09
1197.02
1199.66
1199.88
1191.82
1198.5
1210.69
1204.69
1202.83
1201.35
1202.51
1200.91
1183.9
1211.73
1202.12
1222.56
1225.33
1205.62
1206.18
1215.74
1248.44
1196.77
1266.81
999.534
1244.05
1257.16
1255.49
406
970.206
1242.26
1242.12
1236.62
1244.6
1240.13
1245.19
1245.93
1346.17
900.691
394.533
1163.9
772.582
433.22
424.369
516.461
547.678
511.564
418.276
472.99
410.606
424.955
401.131
408.456
406.09
415.919
412.628
420.573
425.326
422.455
424.381
422.147
423.441
423.639
426.013
429.853
464.39
422.543
429.09
426.578
412.921
346.843
469.818
418.934
494.16
-1494.84
-676.815
380.092
439.382
334.86
341.354
20.5526
467.082
464.36
458.271
461.224
440.512
449.787
488.199
385.936
404.981
452.387
467.183
364.658
334.372
420.231
411.895
415.857
423.521
453.041
437.089
431.819
431.017
432.33
429.292
435.549
426.092
456.282
438.551
437.554
430.697
431.269
453.575
446.865
412.984
444.697
429.024
425.578
423.57
435.631
429.593
434.691
382.428
407.213
440.455
389.627
567.773
372.495
380.749
378.164
415.071
410.505
376.634
452.402
322.621
411.406
411.012
330.512
380.954
-139.417
56.2821
-1095.32
-703.608
-554.258
-2032.87
-6801.3
-9250.77
-9546.72
-1655.42
-11183.9
-5068.34
-1221.04
-1021.77
-936.763
774.759
1507
650.855
1383.46
-24.9393
633.634
968.594
1090.67
1169.55
1953.95
1408.78
1473.86
1428.56
1621.09
1565.86
1484.98
1478.39
1530.05
1481.68
1458.14
1469.52
1465.99
1418.09
1445.77
1446.87
1438.21
1394.74
1305.99
1366.47
1369.87
1313.18
1332.29
1340.19
1278.25
698.332
1267.53
1271.58
1299.75
1252.45
1240.19
1265.05
1249.21
1271.09
1237.99
1245.2
1254.7
1226.91
1234.44
1216.14
1212.51
1224.95
1217.08
1215.67
1203.17
1212.48
1222.61
1201.88
3302.87
3947.23
3304.1
3309.52
3288.24
3303.81
3288.73
3305.45
3299.67
3299.73
3301.3
3297.52
3303.28
3301.51
3301.98
3302.97
3303.48
3303.72
3303.14
3304.44
3300.24
3303.83
3302.17
3303.89
3301.45
3304.22
3303.68
3301.14
3303.86
3296.08
3304.48
3302.37
3301.8
3305.33
588.434
902.766
413.633
427.258
419.894
416.399
420.673
437.775
417.799
1316.74
928.733
427.402
620.274
1426.48
-1360.07
2204.45
289.901
745.542
3303.33
3303.19
3303.29
3303.95
3302.92
3302.48
3303.2
3303.09
432.105
433.287
390.466
428.963
476.105
3302.77
3304.43
3303.07
3304.04
3304.9
3303.6
3302.66
3303.56
3303.24
3304.15
3302.7
3302.14
3303.8
3303.86
3302.83
3303.71
3302.78
779.801
196.2
909.602
239.814
1017.77
950.357
381.048
607.017
1645.23
1030.8
711.287
1146.83
1096.79
949.17
1215.7
1085.86
1239.87
1173.33
1238.04
1217.06
1218.34
1236.05
1200.49
1217.59
1201.1
1276.87
1299.18
1323.69
1237.54
1383.68
1346.87
1446.47
1239.02
1463.67
1478.85
1212.48
1404.42
1143.5
3302.49
3303.4
567.272
513.448
511.411
477.908
357.775
375.474
410.388
411.965
411.254
402.159
400.508
411.487
422.451
410.352
423.827
432.275
424.497
426.425
425.342
441.525
433.302
424.144
419.454
410.937
421.518
451.334
494.192
445.689
454.692
436.123
451.461
436.588
425.879
455.84
432.209
1348.23
1053.09
652.266
437.986
447.537
415.661
439.146
448.296
454.266
428.89
405.181
767.527
315.445
792.371
585.795
-6560.03
185.433
1125.7
3302.67
3300.85
3304.86
3302.46
3304.07
3305.03
3304.57
3302.6
3303.64
3303.06
3304.16
3302.8
3303.03
3304.01
3303.05
451.512
422.914
444.477
357.501
184.353
3303.26
311.879
-7003.57
3303.92
452.573
431.622
433.789
3306.4
3303.39
406.194
430.786
448.849
466.387
988.971
420.175
206.543
463.737
-2819.83
-4259.98
1211.42
1233.45
1213.17
3289.02
3290.89
3298.7
3299
3300.9
3297.51
-3793.96
1302.52
3303.08
3302.44
3303.74
1154.95
1228.83
3303.53
1134.63
1303.74
423.12
395.949
431.345
362.815
427.012
-3685.84
-57.4613
419.232
395.76
414.191
406.951
396.385
364.416
455.818
1438.85
1249.13
1246.92
1211.48
3303.12
3300.43
3302.14
3302.33
3302.36
476.282
386.701
3302.25
349.347
1410.34
1277.54
3303.24
1233.34
340.189
448.713
443.333
3301.9
3302.5
917.54
3310.32
3309.58
-5897.01
493.862
479.079
3303.25
598.58
589.151
-29636.5
3302.85
3301.94
437.218
3291.78
3294.29
1622.73
3304.21
1088.89
3304.94
812.014
395.546
432.78
77.1656
437.563
1200.58
1234.67
1205.08
347.007
-3887.14
1323.07
1226.01
1191.53
1234.28
1248.43
1209.02
1220.39
1216.83
1199.43
3272.48
1428.46
3300.71
3300.66
3304.35
3301.46
1474.13
3297.65
1484.14
3299.67
3310.33
3300.1
3294.27
3297.22
3300.29
3303.75
1048.97
-1682.26
4.00133
1238.05
1196.54
3296.7
3290.16
3296.16
907.271
3300.5
3298.49
3294.79
1194.17
978.374
966.081
420.609
443.379
397.021
435.062
297.965
298.177
-2765.58
-1628.2
1655.84
1229.85
1214.05
3219.63
3292.91
3298.09
3311.6
3300.66
426.781
3302.59
3299.28
1174.8
3302.83
249.752
3303.48
3302.83
1271.36
336.126
1204.03
1176.53
1244.58
1168.77
1105.57
1215.43
406.98
393.494
501.059
3303.25
3303.7
3303.39
3302.4
1234.84
1257.55
1239.48
1206.53
)
;

boundaryField
{
    Wall
    {
        type            zeroGradient;
    }
    Inlet
    {
        type            zeroGradient;
    }
    Outlet
    {
        type            fixedValue;
        value           uniform 0;
    }
    Empty
    {
        type            empty;
    }
}


// ************************************************************************* //
