/*--------------------------------*- C++ -*----------------------------------*\
| =========                 |                                                 |
| \\      /  F ield         | OpenFOAM: The Open Source CFD Toolbox           |
|  \\    /   O peration     | Version:  2312                                  |
|   \\  /    A nd           | Website:  www.openfoam.com                      |
|    \\/     M anipulation  |                                                 |
\*---------------------------------------------------------------------------*/
FoamFile
{
    version     2.0;
    format      ascii;
    arch        "LSB;label=32;scalar=64";
    class       vectorField;
    location    "1.30005/lagrangian/kinematicCloud";
    object      U;
}
// * * * * * * * * * * * * * * * * * * * * * * * * * * * * * * * * * * * * * //


150
(
(-0.0488188 0.00890308 -0.00918172)
(3.18054 0.87369 0.0121728)
(3.14403 0.871579 -0.0121992)
(3.18054 0.87369 0.0121728)
(3.18054 0.87369 0.0121728)
(3.06975 0.885387 0.0883693)
(2.76141 0.789127 0.00446768)
(2.9863 0.817954 0.0165954)
(3.38602 0.969734 0.0628051)
(2.57029 0.758755 0.112434)
(3.47094 0.973847 -0.0720903)
(3.38602 0.969734 0.0628051)
(2.76141 0.789127 0.00446768)
(2.60775 0.7586 -0.11518)
(2.51667 0.71555 -0.0878603)
(2.47808 0.714576 0.0848046)
(3.08792 0.900332 0.0797786)
(3.10012 0.883021 -0.0916988)
(3.0111 0.857457 0.0876373)
(1.70372 0.60752 -0.008884)
(1.99757 0.608064 -0.140705)
(2.644 0.761559 -0.108244)
(1.85359 0.556306 0.0964586)
(1.78274 0.606799 -0.00174947)
(1.627 0.553004 -0.0084369)
(1.70372 0.60752 -0.008884)
(1.29811 0.446827 -0.158569)
(1.57107 0.547858 -0.00702006)
(1.57107 0.547858 -0.00702006)
(1.67347 0.267547 -0.0678953)
(1.78274 0.606799 -0.00174947)
(1.57107 0.547858 -0.00702006)
(0.481526 0.305277 0.12474)
(0.841266 0.487748 -0.068915)
(1.627 0.553004 -0.0084369)
(1.25374 0.350448 -0.152133)
(1.2066 0.346519 0.152333)
(1.0883 0.144651 0.0842209)
(0.897198 0.418805 -0.0174988)
(0.0893852 -0.0125127 -0.040162)
(0.0372067 -0.0334657 -0.0370567)
(0.897198 0.418805 -0.0174988)
(0.958767 0.422195 -0.00419561)
(0.363247 0.273608 0.00253335)
(0.535105 0.302569 -0.12941)
(-0.168374 -0.0507917 0.07747)
(-0.258281 0.0988311 0.036641)
(0.897198 0.418805 -0.0174988)
(0.897198 0.418805 -0.0174988)
(-0.0319619 -0.0273575 0.0798001)
(-0.18086 -0.0530875 -0.0848029)
(1.30778 0.258516 -0.172399)
(0.897198 0.418805 -0.0174988)
(0.535105 0.302569 -0.12941)
(0.218988 -0.0100989 0.00823789)
(1.30778 0.258516 -0.172399)
(0.958767 0.422195 -0.00419561)
(2.54817 2.41171 -0.390974)
(-0.0961584 0.0290182 -0.113857)
(1.89228 0.376673 -0.305855)
(1.7972 -0.671799 0.872893)
(0.146417 -0.54024 -0.322034)
(1.11254 -1.0132 0.121383)
(0.0924269 0.0240166 -0.00246472)
(4.33203 2.44321 0.0216673)
(0.631794 0.626062 0.0102167)
(3.56024 0.708594 0.00244354)
(3.57933 0.728494 -0.00192215)
(3.56024 0.708594 0.00244354)
(3.56024 0.708594 0.00244354)
(3.57933 0.728494 -0.00192215)
(3.57933 0.728494 -0.00192215)
(3.70108 0.86373 -0.0169894)
(3.87924 1.00162 -0.0232754)
(3.82155 0.93785 -0.014274)
(3.71533 0.878447 0.0132251)
(3.57933 0.728494 -0.00192215)
(3.76424 0.816533 -0.109013)
(3.63473 0.746246 0.107956)
(3.60391 0.716215 -0.113245)
(3.8805 1.01442 0.0180377)
(3.71533 0.878447 0.0132251)
(3.70108 0.86373 -0.0169894)
(3.5263 0.748205 -0.0109973)
(3.85405 0.902857 0.0872222)
(3.67021 0.935734 0.01872)
(3.8805 1.01442 0.0180377)
(3.35317 0.572175 0.00279969)
(3.84062 0.917879 -0.0721645)
(3.8434 1.0415 0.0319302)
(3.38005 0.593982 -0.00804621)
(3.6546 0.942331 -0.0138644)
(3.52603 0.729546 -0.00187753)
(3.39829 0.603846 -0.100536)
(3.39829 0.603846 -0.100536)
(3.199 0.472353 0.0635803)
(3.08046 0.388132 0.00774218)
(3.81455 1.03886 0.0334126)
(3.45738 0.926391 -0.0151313)
(3.15409 0.441482 -0.0666509)
(3.199 0.472353 0.0635803)
(3.71171 0.919143 -0.0508753)
(3.70238 1.03065 0.0484647)
(3.199 0.472353 0.0635803)
(3.199 0.472353 0.0635803)
(3.15409 0.441482 -0.0666509)
(2.99617 0.425581 0.00604907)
(3.199 0.472353 0.0635803)
(3.71171 0.919143 -0.0508753)
(3.68086 1.05715 0.0330836)
(3.71171 0.919143 -0.0508753)
(3.78837 1.05477 -0.0249541)
(2.93268 0.347829 0.0394741)
(1.84475 -0.242726 -0.115124)
(3.11283 0.409725 -0.0220452)
(3.05935 0.611748 0.2116)
(3.65663 1.01722 0.0455467)
(3.78837 1.05477 -0.0249541)
(3.31063 0.748241 -0.195745)
(1.78343 0.0147472 0.325709)
(2.64204 0.156373 -0.00609432)
(2.67439 0.137111 -0.0123041)
(2.67439 0.137111 -0.0123041)
(2.54882 0.102315 -0.0477982)
(1.58504 -0.0416095 -0.322147)
(2.56869 0.0935834 -0.049908)
(3.11283 0.409725 -0.0220452)
(2.54882 0.102315 -0.0477982)
(3.08046 0.388132 0.00774218)
(2.11229 0.273878 0.355558)
(2.07488 0.214327 -0.342058)
(1.90032 0.0778028 -0.316626)
(2.56869 0.0935834 -0.049908)
(3.11283 0.409725 -0.0220452)
(1.59557 -0.0461806 0.324827)
(2.54882 0.102315 -0.0477982)
(1.58504 -0.0416095 -0.322147)
(2.5248 -0.079851 0.0159765)
(2.5248 -0.079851 0.0159765)
(2.56869 0.0935834 -0.049908)
(2.56869 0.0935834 -0.049908)
(1.82871 -0.319955 0.0395022)
(2.39302 -0.120144 0.0264696)
(1.93716 -0.311979 0.0237184)
(1.93716 -0.311979 0.0237184)
(2.44252 -0.105424 -0.049518)
(2.53239 0.0818155 0.0173749)
(3.6546 0.942331 -0.0138644)
(1.82871 -0.319955 0.0395022)
(2.53239 0.0818155 0.0173749)
)


// ************************************************************************* //
