/*--------------------------------*- C++ -*----------------------------------*\
| =========                 |                                                 |
| \\      /  F ield         | OpenFOAM: The Open Source CFD Toolbox           |
|  \\    /   O peration     | Version:  2312                                  |
|   \\  /    A nd           | Website:  www.openfoam.com                      |
|    \\/     M anipulation  |                                                 |
\*---------------------------------------------------------------------------*/
FoamFile
{
    version     2.0;
    format      ascii;
    arch        "LSB;label=32;scalar=64";
    class       volScalarField;
    location    "4.8";
    object      p;
}
// * * * * * * * * * * * * * * * * * * * * * * * * * * * * * * * * * * * * * //

dimensions      [0 2 -2 0 0 0 0];

internalField   nonuniform List<scalar> 
2958
(
-19320.1
-23930.5
382556
-42277.4
-42127.4
372260
-11216
-22294.9
9140.66
-24777.8
-17784
-11285.5
-23512.8
-11293.6
-19056
-18821.8
-29417.9
-23822
-11297.8
-22020.3
-10552.4
-25592.9
-8653.72
-41689.9
-23564.9
-21124
-39571.4
-42955
-19831.5
-18359.1
-20971.5
-38929.5
-9013.04
-12251.7
-21993.9
-16190.8
-11293.5
-10477.3
-21606.6
-27544.9
16635.5
-21113.3
-9647.91
-20022.7
-11284
151175
-17430.2
-33161.5
-32044.6
-49644
-18784.2
-29440.3
-38208.6
-17586.7
-18989.8
-22464.4
-37081.6
-29012.1
-20068.5
24597.2
-22119.4
-21355.9
-19196.3
-18506.8
-11297
-11295
-17693.8
-31316
27802.8
-28875.5
-32104.6
-11284.1
57928
-20208.8
-11238.6
-15962.2
-22428.8
-19007.9
-11231.9
-18611.3
-23499.1
-53379.9
-44700.9
-44954.2
-21129.8
-18655.2
-58392.8
-18721.5
-30306.4
-12483.4
-20889.6
-32006.4
-16533.7
-11299.9
-50689.1
5873.74
-24996.7
-43639.8
-11295.5
-11289.7
-41503.1
-20093.2
3106.72
-33377.6
-13455.7
-15387.1
-11281.3
-32789.2
-11306.8
3066.51
-79409.3
-18796.8
-11013.6
-23851.5
-11292.7
-11289.9
-18510.3
-19037.3
-33779.1
-19544.7
-24536.9
-11284.6
-16705.3
-35715.9
-26666.5
-21722.1
-25840.2
-18064.3
-19574.4
-11298.1
-11166.1
-11258.7
-19143.6
-11297.7
-11270.4
-11296.5
-24500.9
-20619.8
-11292.8
-11294.3
-21574.4
29849.7
-10662.5
-11304.2
-19791.8
-34311.7
-11207.1
-11287.7
-29787.7
-11287.3
-21977
-25495.2
-25742.7
-15820.3
-28075.4
-11338
-10870.1
-19517.4
-15742.9
-58469.6
-29385.9
-26637.4
-25438.5
-11289.6
-19421.7
-30925.7
17.0677
-11289.5
-26128.1
217547
-35453.3
-11281.6
-12139.2
-19723.6
-11329.8
355878
-193235
-11787.9
-11603.1
26731.7
-28034.3
-15713
-23013.4
-108691
-22944.2
-26605.9
-20759.3
-11307
-26263.7
-35843.9
-28975.3
-34507.8
117554
-27169.7
-30873.9
-19487.9
-25982.4
-36273.5
-18781
-23044.2
-27566.7
-11297.2
-19375.3
-23078.2
-21072.6
-100847
-20466.7
-103582
-47030.8
-34313.5
-11293.4
-12446.4
-11285.5
-22773
-11290.6
15840.5
-18561.5
-11295.4
-11295.8
-11293.4
-11268.4
-16652.9
-15151.8
-29254.5
-184260
-18652
-43309.5
-11296.2
-26184
4801.57
-9664.57
-42224.4
-27124.9
-42713.7
-19748.5
-11263.6
-11315.4
-19718.8
-11319.1
9431.06
-11339.7
8542.62
-34837.1
-42886.6
-21470.1
-5533.94
-3044.81
-23739.3
-17960.6
-20583.8
-28519.6
-19149
-19817.5
1.06595e+06
-41930.9
-34119.4
-18820.3
-29626.1
-22025.1
-25839.3
-19106.9
-10962.6
-43348.6
28842.8
-27264.6
-17510.2
-23698.1
-21031.3
-23971.8
-9655
-11292.9
-29668.5
-19084.2
-11280.4
-21045
-20974
-11302.8
-40278
-11295.1
-21221.9
-11292.8
-11417.6
-27119.9
-18758.3
-709.364
-11291.1
-16824.9
-63763.7
-86436.6
-17590.3
-41738
-37427
-11290.5
-11287.7
-41092.8
287817
-11294
-19030.8
-11294
-36142.4
-31644
-40959.9
-29369.7
16021.9
-21756
-58637.4
-49311.3
-10900.4
-18402.6
-19554.3
-11310.9
-19625.6
-18111.4
-11296
-17054.4
-183143
-44102.8
-14044.4
-36940.7
-21405.5
-39567.2
-47915.7
-20374.5
-37913.3
248713
-9664.04
-18775.8
-11344.2
-81261.1
11793.2
-43964.1
-35632.4
-11282.7
-11292.9
387292
-11292.8
98144.8
-4422.03
100191
-11308.3
-18803.7
-25886.4
-40622.3
-41043.7
-11308.1
-11267.3
-11308.8
-12679
-22714.8
-21469.7
-43299
-26196.7
-39605.9
-24021.4
-30537.6
-18889.8
-11293.3
-20812.7
368416
-20031.5
9201.14
-19814.9
-30440.8
60785.3
-25572.4
-33227.8
-13963.5
-63670.1
-37099.8
-36003
-23605.7
-41961.9
-11293.2
-32935.9
-18614
61203.6
-18846.9
-30732.9
-41105.7
-39268.2
-22102.2
-16643.5
-11151.2
-20543.2
-25808.8
-11475.9
-21949.7
-36813.6
-10403.5
-11223.4
-23434.9
-11292.5
-11612.7
-31299.5
-17278.2
171402
12764.2
-11293.1
-11278.7
-38346
-20370.2
-18619.4
-29262.5
-40135.7
-18548.2
-19774.2
-26292.1
-18714.7
-19737.8
-22600.3
-21276.8
-23518.8
-17759.2
81723.7
-25189.1
-37829.5
-44039.6
-21850.6
-20054.9
-20064.2
-11284.2
-12228.1
-35672.2
-25290.1
-20993.8
-10054.7
-64528.8
-20954.6
-19226.2
-29064.1
-41404.6
-20735.8
61932.7
-26348.6
-29131.6
-42829.2
-36226.2
-29405.7
-21749
-11295.5
-35736.9
-39082.2
-18972.5
-24241
132379
-15975.2
-11428.1
-23873.1
-11338.7
-55114
-11322.3
-41189.3
-21681.4
-26395.6
-21357.7
-26270.4
-11292.5
-19318.4
-40017.4
-11293.5
24071.2
-41711.7
-22738.9
-27545.7
-18929.2
-13351.7
-23397
-16218.4
-18946
7179.32
-27761.7
-11285.9
-31626.4
223753
-18467.5
-32058.4
-16674.5
-42242.5
393151
-17695.4
-23619.9
48717.3
-11296.5
-27252
-21808.7
-21789
-21617.1
-16469.1
-9629.51
-19109.9
-3935.16
-14319.3
-35306.3
-20704.2
-50026.8
-18844.5
-36797.6
-11303.8
-11360.4
-11328.7
-57420.9
-11305.2
-11296.4
-21291.5
-21315.4
-11291
-48693
-30947.7
-27364.7
-23919.7
-11095.3
-11295.7
-19933.9
-11289.9
-18582.7
-18623.7
-18295.6
-55705.5
-33678.3
-22143.3
-12929.9
-34824.1
-19691.5
-7062.4
-18901.3
-18909.2
-57205.5
-10893.9
-17622.8
-28069.2
-17606.8
-12465.3
58983.2
-11248.8
-17981.9
-14197.9
-37410.5
18240.8
-21618.8
-17624.2
-19100.5
-18813.6
-11286.2
-18317.4
-11356.5
-17645.4
-17631.9
-8831.11
-11292
-14052.3
-11272.3
-11289.7
-27761.5
-19236.3
1.05072e+06
-24127.7
-19079
-19302.6
-18975.8
-38088
-19902.7
-28145.8
-17895.5
-20024.6
-19420
-18909.4
-11297.5
-18799.1
10918.7
-19110.5
-19515.5
-20117.4
-11312.1
-11283.9
-11959.9
-52290.9
-11332.7
-26950.3
-11295.3
-25183.4
-17841.4
-16249.5
-16788.8
-28408.2
-22132.7
-10761
-11327.8
-11289.2
-25117.4
-31853
-11293.8
-11297
-21644
-28917.6
-10058
-48676
-20271.2
-41901.8
-20086.3
-24722.6
-11283.3
-20713.8
-11442.4
-21399.1
-6646.47
-19671.2
-58376.9
-29550.7
-8974.6
-11292.2
-18939.4
-48720.2
-11297.9
-11293.2
-18027.7
-27858.3
-16905.5
-26833.5
-11283.7
-21112.7
-18851.5
-38600.2
-19101.3
-40953.8
-20484.9
-11152.1
-65454
-19675.6
-18887.4
-11294.5
-25694.2
-11294.9
-36298.7
-11293.4
-22018.9
-18340.8
-12199.1
27794.4
-21533
-18059.3
-11355.2
-19089.7
-55614.6
-12145.2
-20069.6
-58398.8
-26072.5
-11261.2
-18073.7
-11291.4
-11300.2
-24617.1
-34274.5
11958.1
-25331.2
-31532.5
-22355.6
-8961.5
-184609
-32240
-42708
-9081.4
-11232.8
-11077.3
-24964.1
-11299.2
-35308.9
-11335.2
-19987.5
-16960.3
-36829.6
-32932.6
-22237.6
-90305.9
116726
-32400.3
-18933.7
-19313.3
-11263.6
-11288.8
-44214
-21459.4
-11288.3
-66186.8
-11299.2
-27394.9
-16674.1
-18803.1
-20707.5
-27344.7
-24059.9
-37020.3
-21722
-21722.7
-19302
-10623.6
-46242
-20231.9
-19642.8
-11150.4
-11292.9
-20884.3
-18381.7
-16552.9
-21106.5
-17176
-45247.6
-55600.5
-28417.9
-41479.5
-43002.8
-29242
-30565.7
-20134.4
-22561.4
-24153.2
-27189.1
-19043.6
-19630.8
-42782.7
5388.25
-11213.5
-30815.8
-21370.1
-11307.8
-34106.6
-11296.9
-156323
-15438
-11243.7
-22271.5
-79313.3
-15718.4
-31598.3
2766.64
-26477
-18849.2
-16236.6
-10550.5
-21193.5
-19341
-22887.1
-140976
-20420.9
-19451.1
-10720.6
-26109.2
-16918.3
-14628.1
-28410.4
-44089.1
-29214.7
-11284.3
-65211.3
-12463.8
-13347.3
-18187.2
-21022.1
-54794.1
-15471.2
-11288.9
-11296.4
-11291.1
-25520.3
-28742.4
-11295.5
-19196.4
-11295.5
-25733.9
-11007.7
-11717.1
-33614.5
-103013
-21884.3
-11294.8
-11296.5
-35728
-22047.2
-11288.4
-11293.4
-25672.1
-11293.7
-41701
-21616
-11997.6
78800.4
-19089.5
-11258.8
-31327.2
-19334.2
-19670.8
-25432.2
-19276.6
-22117.9
26295.6
-42183.2
-10422.5
-18246.6
-20986.8
-20235.3
-24213.1
-11328.2
-21234.9
-32711.1
-18788.7
-35392.9
-20499.1
-14441.2
-22522.9
-38622
-39283.2
-12365.5
-28190.6
-11297.2
-16238
-22918.3
-43926.4
-18662.9
6071.33
-53783.9
-23357.5
-18624.1
-23319.3
-5630.52
-18873.4
-32955.6
-18295
-21720.5
-32625.4
-20438.8
-14850
-18688.5
-19651.1
-80053.5
-19578.6
-28501
-44312.6
-11293.8
-52956.8
-17536.2
-23860.4
-20578.6
-11300.5
-10305.9
-11282.9
-17665.5
-20630.1
9266.79
-18736.7
-22490.6
-20109.4
-20488.6
-24685.2
1816.94
-28321.6
-42020.9
-32126.5
-11308.6
-23683.7
-42262.7
-43084.7
-19160.7
-36096.8
-17948.3
-33591.8
9491.66
-39183.9
-13305.9
-11578.1
-16546.1
-28856.9
-11290.1
-29317.9
-93965.7
-49562.4
1.03751e+06
-39431.3
-11294.7
-10287.3
-18705.1
-11291.8
-11290.3
-11292
-33208.9
-19681.4
-48399.9
-29173.5
-10863.2
-18129.7
-33738.7
-87513.3
-19105.9
-36107.4
-11294
-17813.1
-26995.9
-18887.3
-23401.9
-32127.7
-24990.8
-4656.36
-140514
-11291.4
-12928.8
-32218.9
-39311.1
-31870.6
-52302.3
-41336.4
-11209.5
-23373.9
-17669.4
-18180.6
-34264.7
-28734.5
-35538.8
-31988
-13076.8
-22628.5
-17489.6
-35113.4
-22708.5
3355.96
-18680.5
-17491.2
-42299.8
-23169.1
-17068.6
-27356.6
-30838.5
-30672.9
-26745.1
-30235.2
-15871.5
-17703.2
-33612.8
-18781.7
-33719.9
-17681.1
-28144.8
-18843.8
-32069.5
-11291
-19154.3
-25150
-42606.6
-25448.5
-31546.2
-35762.5
-28840.1
-24253.5
-67978.7
-16033.7
-71557
-29385.5
-28417.2
-16252.3
-16489.5
-14573.5
-11291
-11306.8
-41964.9
-26043
1.06348e+06
-11291.1
-21500.1
-41839.9
-25689.1
-19431.2
-25784.3
-26748
-18909.8
-50579.6
-11299.9
369558
-11292.2
-20515.9
-14496.3
-23234.2
-4695.15
-11668
-23408.1
-11286.5
-23936.6
-21523.1
-49968.6
-18511.6
-20393.7
-34608.8
-30766.2
-30313.1
-18962.8
-19229.5
369788
-42764.5
-19716.3
-23499.3
-45129.7
-33127.5
61067.6
-17071.1
-36363.6
113191
-19470.4
-34072.4
-22889.9
-19861.9
-19733.6
-11667.1
-10705.2
7565.52
-46514.4
-11314.5
-81402.4
-41928.5
-18866.6
-11295.3
-35019.9
-21801.2
1876.28
-18816.1
-23014.9
-82678.8
-44053.9
-19093.1
-11629.5
-18631.8
-19539.9
-66087.2
-39366.4
-11269.9
9590.69
-17430.4
-19181.6
-11293.9
-11290.5
-25365
-11289.4
-11308.5
-15899.9
-19298.9
-20028.2
-11300.6
-11297.8
-71819.9
-9622.08
-18958
-20544.9
-26679.7
-11290.1
-30674.7
-18913.7
-38910.6
-45633.3
-10733.4
-30456.3
-11292.5
-18819.3
-11298.2
-11284.3
-11293.4
-29731.5
-20594.1
-10500.4
-18845.6
-23531.2
-52008.5
-19406.6
-22957.4
-41482.6
-11297.8
-26387.8
-11327.8
-96789.2
-64641
-11298.9
-42766.5
-25427.2
-31925
-16009.9
-24987.8
-18755.1
-23840.6
-41858.5
-25659
-11139.9
-17566.3
-34032.3
-25969.9
-25359.3
-23836.3
-26446.7
61978.3
-20853.2
-21232.5
-11285.6
5963.22
-40286
-26674.5
114115
-25905.2
92877.9
-33245.5
-11304.9
-21617.2
-23156.8
-30754.8
-11304.9
-25851.9
-11286.2
-11293
-11290.1
-11293.4
-29451.1
-57413.2
301861
-22109.5
-27026.8
-40708
-26051.7
-31020.7
-23947.7
-25526.8
-38119.2
-17950.6
-17337.4
-17897.1
-27921.4
-31653.3
-40292
-11290
-40395
-23915.4
-30169.3
-27569.1
-16826
-47748.3
-18380.3
-11292.3
-11264.4
-22073.6
-10288.4
-20107.1
-23998.6
-20158.4
-29871.9
-20577.9
-19400.5
-13604.1
-1678.28
-11356.4
-32215.6
-26362.4
-22562.9
-24757.8
-16669.8
-20512.6
-21625.2
-18826.9
-11295.3
-6553.65
-23508.5
-27268.5
-30045.4
-19407.2
-18993.6
7520.66
-18564
5227.9
-30413.6
-11290.2
-19595.6
4571.19
-23478.7
-11303.6
-11345.4
-18391.9
-18591.7
-20246.9
-20935.6
-15949.4
1.77652e+06
-11290
-20955.7
-40003.5
-11041.8
-21955.1
-11158.4
-18704.9
-29868.2
-11290.2
-22270.5
197872
-21017.2
-18940.8
-20385.6
-11173.8
-18786.3
-11307
-18821.1
-33250.6
-81972
-17758.6
-10659.6
-6105.96
-19838.3
-88590.8
-11294.9
-21244.1
-16534.2
-19786.1
-8819.29
-23533.5
-32506.7
-20547.2
-31567.7
-17635.6
-16826.2
-19152.5
-42435.6
-11300.8
-27197.7
-18645.2
-20175
-19304.8
-18960.4
-38534.8
-36478.4
-11332.8
-18580.3
-18697.6
-11287.3
-19110.2
-10725.4
-20701.5
-11342.3
-38395.6
-27299.5
-15661.2
-14219.3
-26669.8
-10987.2
-13903.2
-18774.4
-17817.4
-21529.6
-30288.9
-19674.5
-23497.3
-11299.2
-11292.8
-17630.7
-17629.6
-11294.4
-10425.5
-37303
-21331.5
46960.6
-30405.5
-26919.1
348194
-13509.2
-18674.9
49809.9
-39516.3
-21028
-28999
-21120.4
-17842.7
-36045.9
-33545
-35164.4
-18702.7
-18517.6
-36188.8
-31586.2
-36491.4
-170950
-179347
-18770.2
381744
-83880.7
-35077.7
-20126
-36741.3
-20129.5
-29563.4
-36192.8
-21164.6
-11796.7
-26609.4
-19256.2
-11293.7
-17963.1
-18734
-18740.1
-17936.7
-67000.2
-32865.9
-66851.9
-26007.2
-18706.3
-18697.3
-41791.3
-18963.8
-21600.4
-18502.8
-22801.2
-43933.1
-11300.3
-30347
-1343.3
-11307.6
-18202.2
-20850.1
-21340.6
-21447.2
-42511.3
-18916.8
-29758.4
-11334.9
-20690.9
-17811.1
-41541
-154269
-20014.2
-18010.4
-17594.8
410008
-26880.3
-11084
174515
-11284.7
-42470.4
-11289.1
172683
-11297.1
-21976.6
1.80274e+06
2016.37
-11298.1
-29769.7
-11293.9
-11202.5
-22173.8
-11292.4
272812
-10730.7
-18691.5
-11295.9
-26208.8
-39080.4
-18885.4
-11296.1
-22433.4
-15676.7
185216
-11286.5
-22679.1
-11274.4
-43840.3
-11292.4
-33401.6
183782
-11293.5
-69803.4
-42820.7
-20497.5
-42933.8
-15870
-39665.4
1.06471e+06
-11287.4
-27409.5
-11246.7
-10345.3
-30810
-20081.5
-11249.4
-30053.2
-8902.12
-25272.4
-20175.8
-23599.9
-32449.1
-19819.4
-108756
-32886.9
-19201.5
-29277.1
-11299.1
-11298.8
-19636.3
-57848
-25000.2
-67300
-18513
-11225.9
-11286.6
-68329.1
-69428.4
-25872.8
-43953.6
-19228.8
-24381.1
-31901.1
-10780.2
-11291.6
-11289.5
-17929.6
10878.1
214327
-16540.1
-16613.6
-42941.7
-24044
-20391.2
-27645.4
-23484.7
-11288.1
-38244.1
-18804.8
-20089.1
-37103.6
1.7887e+06
-11298.1
-20080.9
-21001.4
-19392.2
-11301.3
-23733.7
-32792.4
-40227.8
-11302.5
-29168.5
-24494.3
-11289.3
-11164.9
-11290.7
-11287.8
-11293.9
-11292.9
-14167.5
-23941.4
-27434.8
-24110.7
-21263.4
-20944.9
-32494.7
-18733.7
-11294.6
-11279.2
-24011.4
-16467.2
-11291.9
-18112.5
-36575.9
-11308.9
-21527.1
-25455.4
-39590.1
-23892.4
-36979.1
-17403.7
-39226.5
-62227.3
-19693.3
-33953.2
-21207
-11297.6
-13409.7
-32943.9
-17820.7
-11265.9
-42135.4
-25313.6
-19805.8
-11290.9
-23272.2
-19440.9
-33229.6
-21728.9
-27176.3
-20270.4
-11291.4
-19186.5
-45505.8
-22812.8
81530.5
-32925.8
-30283.4
-11308
-19975
-21412.7
-19194.2
-24557.3
-19540.6
110043
174704
-31603.8
217819
-18113.7
-21801.7
-20777.7
-16096.8
-19246.3
-41494.2
-18239.3
-19480.2
-16599
-10707.7
-11291.8
-43687.9
-36389.9
-37422.2
-18840.9
603878
-30279.7
59556.2
-40925
-11383.9
-24066.2
230745
-12360.1
-34332.8
-19019.1
-11293.3
-21839.3
-18415.5
60459.1
1.04358e+06
-30048.5
-11293.3
-30667.2
616191
-21071.4
-20132.4
-23504.1
-11285
-19435.9
-31357.7
-20681.2
2022.16
-19917.6
-11291.1
-20116.2
-11283.7
-30703.7
-41658.6
-37575.8
-18810.3
-18696.6
-18717.4
-11289.6
-28710.4
-27367.6
-28683.6
-21915
-96195.9
-21642.1
-18343.5
-19121.1
-28829.2
-26966.3
-15898.2
-20691.5
-33422.3
-19644.9
-11291.7
-333.339
118617
-25506.2
-55514.2
52.989
-54718.9
-11877
-3571.91
-29799.8
-18555.9
-19633.6
-33726.1
-19658
-11306.9
-11285.1
-11293.7
-12052
-21560.6
-11292.8
-11297.6
-18709.6
-43499.2
-11291.4
-101529
-21871.7
-11013.6
-18008.7
-28442.4
-23289.6
-176010
-30437.1
-28221.2
-31444.5
-15733.5
8259.48
98703.6
-18501.7
-41387.1
-11113.9
-23405.1
-19214.7
-18851.6
-19756
-20615.3
-11293.2
-11745.8
-25458.2
-11283.1
-11297
3479.25
-18521.8
-11294.7
-19119.8
-11288.3
-19071.6
-21811.1
-11308.8
-19224.2
-27758.6
-41669.3
-43493.8
-119235
3103.15
3674.41
-25726.7
6294.22
-19125
-24680.5
-19372.6
-29132.1
-11289.5
-29630.8
-11295.4
-16344.4
-35163
-17445.8
-18004
-13377.7
-12121.2
-49942.4
-20076.8
-11289.7
-11289.5
-11290.5
-11280.1
-11279.6
-11278.8
-14221.6
-14696.2
-4400.26
15898.9
-1285.47
-350.272
-71011.5
-98740.8
-88285.9
-42039.6
-104094
-70982
-92023.3
-49344
-926.458
-774.12
-23436.6
-41138.7
637699
-43375.2
-157372
-127578
-144739
-77784.6
-50530
-119438
-74760
-20476.7
-23442.1
-34702.5
-43639.5
-29128.1
-10214.8
-29058.4
-11099.3
-28262.7
-30873.1
-11086.7
-9998.95
-11126.9
-10143.2
-11221.4
-11285.9
-11278.2
-11294.7
-11292.5
-11297.3
-11293.2
-11298.8
-11300
-11306.7
-11298.4
-11323.8
-11325.7
-11310.3
-11244
-10825
-10250.7
-10751.9
-10909.8
-10199.2
-11108.7
-10711.1
-144581
-160054
-29019.5
-46253.1
-112970
-102101
-20170.7
-18434.8
-20720.7
-20992.8
-20632.7
-19026.8
-20785.1
-20645.7
-19520.3
-20701.6
-18019.5
-21926.9
-21768.5
-18540.5
-19242.7
-19669.8
-19719.9
-19711.5
-19621.8
-19555.9
-19836.5
-19904.5
-20725
-20445.2
-20706.7
-21097.9
-21418.5
-22216.9
-21953.1
-25962.2
-25962.2
-25922.8
-28129
-31590.6
-31456.8
-30785.3
-40834.3
-42537.7
-41099.5
-41256.7
-42505.9
-41609.2
-41855.3
-42196.4
-42126.4
-41978
-41974.1
-41994.7
-42761.6
-42232.5
-43931.4
-22019.7
-14639.5
-21200.1
-36971.6
-23865.9
-31745
-31435.6
-29890.4
-29877.6
-27397.2
-16686.9
-16794
-16278.6
-40003.5
-23549.6
-13979.9
143589
117265
139123
-4730.17
289565
128355
-152603
-151063
-97075.4
-95827.7
-85149.3
39751.4
55416.8
40269.4
40295.3
13820.7
-15169.5
-36443.5
-39284.3
-32806.5
-15858.2
-23183.5
-21189.7
-23457.6
-28528.6
-22928.3
-25927
7728.92
722.645
1144.09
-11708.5
-14030.4
-46848.7
-25961.6
-16944.6
-19394.6
-23305.7
-25654.6
-17727.7
-17275.9
-27643.5
-30084.6
-24201.9
-28967.4
-73955.3
-61701.8
-57152.1
-18046.9
-43126.9
-33057.1
-28386.6
3498.37
-27466.5
3967.74
2567.6
8176.99
-69438.7
8949.47
12878.8
-69277.8
8617.03
-12164.4
-4753.36
-12287
-4765.22
-3558.74
-1695.99
14247.1
13242.8
12566.4
-4818.27
-3231.41
-1583.28
-6756.32
-7031
-6360.62
-21763.8
-18068.8
-17029.8
-15409.8
-16385
-13479.9
-14720.6
-16108
-12026.3
-13483.2
-9419.76
-20345.7
-18295.5
-24095
-22269.8
-21083.2
-21714.6
-20820
-20233.2
-20690.6
-20316.7
-21013.2
-20569.7
-21058.1
-20682.1
-20619.2
-21187.2
-20650.1
-19998.7
-20191.7
-20044.7
-20189.4
-20195.7
-12207.4
-12177.4
-11608.6
-11010.8
-10625.9
-10579
-10278.2
-10398.6
-10540.2
-10687.7
-10523.5
-11300.3
-11280.2
-11233
-11352.6
-11402.6
-11184.1
-11333.7
-11414.4
-11344.1
-11337.8
-11246.8
-11332.6
-11313.1
-11288.9
-11327.3
-11239.6
-11234
-11322.1
-11294.3
-11294.6
-11287.5
-11294.5
-11294.9
-11295
-28251.9
-11294.1
-11295.5
-11295.1
-11295.2
-11298.2
-11294.3
-11293.2
-11297.7
-11293.2
-11208
-10765.7
-10140.8
-10780.6
-9201.72
-9444.5
-8987.16
-10618.5
-18811.7
-19561.3
-19798.5
-20571.7
-20749.5
-34738.6
-41940.5
-42170.2
-7558.35
-160435
-22909.2
-32135.5
-25569
-39854.3
-30404.2
98877.2
109627
-173218
-114750
48541.5
-49811.5
-41281.4
-27889.6
-25085
-101793
-34216.2
-19150.8
-24693.5
-21107.6
-18330.5
-24337.6
-23803.8
-24922.7
-29679.2
-17527.5
-54165.6
-17394.9
7305.55
14307.3
11532.1
-12430.4
-833.644
-181
-638.952
1758.5
-7005.2
-20567.6
-21779.1
-14866.1
-14626.3
-15837.6
-15034.8
-22222.3
-20638.2
-20621.9
-20075.2
-21717.7
-20707.2
-20780.9
-21596.4
-20670.5
-20084.1
-20136.8
-20033.5
-12121.5
-10180.8
-10618.9
-11422.6
-11347.8
-11132.5
-11361.3
-11412.7
-11240
-11341.6
-11356.4
-11363.6
-11302.8
-10650.6
-11288.3
-11296.5
-11294.8
-11294.5
-11295.5
-11302.8
-11292.8
-11298.1
-11294.8
-11294.3
-11290.1
-11289.4
-11290.5
-11290.3
-11290.5
-11291
-11291.3
-11292.5
-11296.7
-11294.6
-11292.9
-11293.8
-11292.5
-11293
-11293
-11292.4
-11296
-11296.3
-11296.4
-11297.7
-11295.7
-11295.9
-11306.7
-11296.6
-11304.5
-11355.6
-11321.7
-11421.7
-11389.7
-11379.8
-11114.9
-11048.5
-10774.6
-19287.1
-20450.9
-21445.6
-21267.1
-21411.2
-43731
-30767.7
-31881.7
-37681.2
-93303.8
-76049.2
-87357.6
-29561.2
-96223.8
-18891
-17736.5
-18052.5
-18965.9
-18868.9
-18600.4
-18589.3
-19608.9
-18954.5
-19698.2
-19919.1
-18770.8
-19432.9
-20396.2
-19935.8
-20392.8
-20296.2
-20161.2
-20609.6
-20452.3
-20653.1
-20419.4
-19998.9
-21159.2
-21208.5
-21964.5
-22169.6
-19593.1
-21774.5
-21053
-21873.2
-22417.9
-22258
-23329.3
-23347.9
-23336.2
-23742.7
-23568.9
-23618.6
-23539.8
-23383.6
-23454.5
-24161.1
-23807.5
-22522.6
-25911.3
-27591
-27344.7
-26719
-27764.5
-26720.1
-32125.1
-31815.1
-31989.8
-36478.3
-28833.4
-39181.2
-55701.1
-27751.9
-29023.3
-57792.9
-27340.2
-26225.2
-23809
-27007.1
-24382.9
181390
3571.09
-235159
-128145
-202657
-138774
-139274
-80138
-63384.6
53125.4
-56079.6
-48711.1
-44705.5
-42312.8
-44304.2
-43306.1
-41427.9
-41175.2
-42466.5
-40732
-37307.6
-31927
-30309.2
-29670.5
-31494.9
-28242.7
-28722.6
-27158
-30125.4
-14891
-22614
-30557.3
-23999.2
-27914.5
-25730.6
-27678.9
-31320.5
-37161.4
-27601.8
-31612.3
-29528.1
-24760.2
-13291
-17108.6
-17603.6
-18461.6
-28246.6
-28269.3
-26285.2
-26312.4
-25797.3
-30072.8
-24882.7
-26345.5
-29448.3
-29337.3
-23211.6
-26172.5
-25719.1
-26915.1
-25952.6
-23924.4
-26519
18672.9
-69346.6
-19113.7
-20944
3629.95
-5984.31
-2823.12
-19064.8
3344.58
-2585.36
-8485.33
-7024.75
-16133.7
-16324.2
-13908.5
-7045
-20965
-20412.2
-17330.8
-18260.7
-17462
-16727.2
-16808.3
-16880.4
-16626.3
-16555.2
-16600.5
-16553.4
-16531.1
-16633.5
-16145.5
-17123.3
-16278
-16646.8
-18154.3
-17369.1
-19262.3
-17762.2
-17907.2
-18619.1
-19078.3
-18684.8
-18488.7
-18726
-18820
-18902.8
-18833.2
-19383.3
-19087.6
-19021
-19009.3
-18805
-18931.8
-13076.7
-10186.4
-13190
-11668.7
-11726.4
-11691
-11634.9
-11654
-11584.6
-11308
-11265.3
-11156.1
-11302.3
-19133.1
-11283.6
-11259.5
-11296.4
-11289.7
-11287.7
-11289.4
-11289
-28710.1
-11291.5
-11290.7
-11290.9
-11293.5
-11289.7
-11288.4
-11300
-11291.7
-11292.5
-11288.7
-11294.6
-11296.4
-153770
-22216.1
-29087.3
-22584.6
-22191.7
-21819.7
-11293.8
-11293.6
-11294.3
-11293.9
-11290.2
-11292.3
-11293.1
-11292.5
-11291.8
-11292.4
-11293.4
-11293.2
-11293
-11293.1
-11294.3
-11293
-11291.9
-11292.8
-11296.1
-17642.9
-11292.2
-11287.4
-11290
-11274.7
-11395.6
-11369.5
-11365.6
-11336.3
-9990.22
-12769.8
-48972
-19732.5
-21897.6
-22095.1
-21133.4
-20838.9
-21187.2
-21463.2
-21710.9
-30199.7
-39581.7
-25312.2
-31036.8
-22775.7
-27894.3
-32775.7
-19033.4
-18423.4
-18347.2
-19182.2
-19010.5
-19319.9
-19177.7
-19296.6
-18517.9
-19137.8
-17663.3
-19622.3
-19433.6
-18915.1
-18759.9
-19226
-18876.4
-18490.7
-18725.5
-18743.3
-18669.1
-18542.4
-18826.5
-19064.8
-18457.8
-18557.3
-18739
-18840.7
-18627.3
-18552.6
-19371.4
-18104.5
-18676
-18540.5
-22259.4
-18670.9
-18382.5
-18530.7
-25764.1
-22678.5
-18710.4
-18761.7
-18849.5
-18714.3
-18723.6
-18719.7
-18617.1
-18611.1
-22216.4
-27940.1
-19265.4
-24243.4
-28008.8
-30694.4
-28781.3
-27785.5
-30078
-33937.6
-35315.6
-33353.9
-32306.3
-28566.9
-28856.1
-26631.9
-35445.1
-36202.4
-27794.6
-27729.8
-31260
-30399.9
-31456.2
-26078.9
-27508.5
-25258.5
-30955
-22739.5
-35820
-30958.1
-31285.4
-28167.3
-25172.5
177462
-26931.5
34479.8
409146
141516
-68052.2
-66327.8
-93476.7
-81092.2
-49682.3
-55209.4
-54529.5
-57377.8
-65461.4
-47477.7
-54916.9
-43232.1
-44589.6
-48580.3
-44519.5
-42952.1
-42429.9
-44766
-28171.4
-32486.1
-34080.6
-41437.9
-38220.5
-38279.3
-37966.1
-31073.1
-30854.9
-31901.6
-29414.8
-31608.7
-30640.5
-29341
-25789.3
-29095.4
-14601.2
-27094.2
-27297.7
-28746.8
-26889.3
-26100
-26373.6
-23616.4
-28683.6
-28712.8
-29444.9
-28386.8
-37132.8
-30316.2
-28998.6
-23165.8
-28936.7
-28823
-27684.4
-26336.8
-28043.6
-28305.9
-26354.2
-27570.8
-25545.4
-25403
-24992.9
-22788.9
-24760.9
-27259.6
-22820.7
-23689.5
-23636.2
-20040.5
-19207.3
-19819.7
-15275.6
-3423.65
-18383
-10148.8
-34754.6
-35028.3
-31312.6
-41021.9
-22391.1
-22587.2
-20464.6
-11569.8
-21336.3
-20146.2
-21491
-18353.6
-16310.3
-18348.5
-19798.1
-18151.9
-16957
-16701.6
-17596
-17622.7
-16585.5
-17664
-17663.2
-17584.2
-17638.7
-18069.3
-17683
-16475.9
-17631.1
-17843.5
-18104.9
-17620.2
-17489.1
-18014.6
-17868.9
-18454.1
-19061.3
-23045.5
-17948.7
-17712.8
-18301.9
-18118
-18354.9
-18674.3
-18136.7
-18557.6
-18338.6
-18073.1
-19023.2
-18478.1
-19285.4
-18849.9
-18826.9
-18307.9
-18615.3
-18558.4
-18806.8
-19434.3
-18825.5
-18705.4
-11191.2
-58358.8
-11126.1
-10988.2
-11640.2
-11187.3
-11637.9
-11067.5
-11278.7
-11301.4
-11260.6
-11198.7
-11290.1
-11300.6
-11294.1
-11288.1
-11285.1
-11287.3
-11287.3
-11288.9
-11292.7
-11290
-11292.6
-11290.1
-11292.6
-11291.3
-11289
-11292.5
-11288.4
-11300.4
-11289
-11293.5
-11292.2
-11289.3
-26126.1
-23906.7
-31703.4
-24345
-29407.8
-30442.9
-28926.6
-33207
-30818.7
-21706.7
-21413.4
-28114.7
-21024.5
-21748.8
-31316
-20969.7
-22815.9
-22216.6
-11289.8
-11291.7
-11293.9
-11291.8
-11344.1
-11179.4
-11339.2
-11153.4
-28869.8
-34023
-41742.2
-30402.9
2847.43
-11293.8
-11292.8
-11292.1
-11292.3
-11291.5
-11293.2
-11295.3
-11292.9
-11294.9
-11294.8
-11294.5
-11293.6
-11296.7
-11297.7
-11290.8
-11297.4
-11365.2
-21465.7
-22064.9
-21404.2
-22524.3
-24258.5
-23960.5
-23639.9
-20890
-19326.6
-21444.1
-20363.1
-18858.6
-18951.6
-19099.1
-19280.9
-19124.2
-19126.2
-18648.2
-19102.4
-17780.1
-17816.4
-18880.2
-18775.3
-18608.3
-18747.7
-17398.7
-17823.1
-16752
-17953.4
-17760.1
-18317.8
-17358.4
-18747
-17616.6
-17561.6
-19009.9
-18417
-19177.1
-11290.8
-11291.7
-28661.9
-28590.6
-29884.2
-32776.2
-29964.2
-31615.9
-32076.7
-31314.1
-33682.9
-33004.8
-32264.6
-33269.5
-32707.7
-31166.7
-28821.2
-27323.2
-24988.2
-30135.7
-28522.3
-29144.1
-28443.5
-29175.6
-67817.5
-51916.9
-48102.8
-36914.9
-68146.5
-41954.7
-40431.3
-42471.9
-39488.4
-39279.5
-32432.7
-32897.1
-38291.1
-22423.6
-22780
-23149.7
-33115.3
-27730.1
-36951.2
-38274
-30401.4
-24536
-27587.3
-25130.7
-25533.4
-25637.9
-22138.5
-24020
-20790
-22825.9
-20829.1
-11363.9
-11285.3
-11299.4
-11324
-11289.9
-11290.2
-11287.8
-11287.4
-11289.6
-11289.1
-11289.1
-11292.1
-11290.2
-11289.5
-11293.7
4097.6
-25513.3
-26280.7
-27095.3
-21768
-11293.7
-26132
-20944.2
-11128.7
-30063.4
-43257.6
-38098.1
-11289.8
-11292.3
-40044.9
-28078.1
-29130.9
-28173.5
-22453
-27037.4
-22127.4
-25851.2
-6293.86
-16561.9
-19502.8
-19122.5
-18812.4
-11614.2
-11592.6
-11320.1
-11294.2
-11291.5
-11298.9
-15216.3
-22595.9
-11292.9
-11291.5
-11338.6
-20011
-18405.9
-11293.3
-18198.4
-18077.9
-27159.6
-39602.2
-27459.3
-54889.6
-9683.11
-19907.3
-23143.6
-31310.5
-34304.5
-27926.5
-27643.7
-28858
-28609
-25845.1
-20159.2
-18165.1
-18201
-18838
-11289.1
-11276.3
-11291
-11290.9
-11292.1
-25421.9
-23764.8
-11336.3
-30159.4
-17531
-17392.9
-11288.8
-18133.6
-24851.3
-26261.5
-26215.2
-11294.6
-11294.5
-22324.5
-11279.8
-11278.3
-1180.02
-119236
1181.31
-11290.5
-73676.6
-44097.7
-36807.4
-11290.1
-11116.8
-29531.1
-10257.4
-10651.9
-20812.3
-11288.7
-19579.3
-11287.4
-42151.7
-26871
-112418
-89179.5
-21066.6
-27719.3
-23618
-22420.7
-17652.4
8653.31
-16193.8
-18463.7
-21716.6
-18129.2
-18109.3
-20056.4
-20586.6
-21428.7
-19997.6
-11308.9
-17441.9
-10586.9
-10618.7
-10479.9
-11167.1
-17616.6
-11318.5
-17618.2
-11296.9
-11276
-10599.7
-11329.4
-11294.6
-10642.1
-11296
-18477.8
-14565.2
-22598.4
-18840.2
-20072.5
-11336.5
-11666.8
-11295.3
-23371
-11292.9
-11171.5
-10761.7
-18959.2
-22632.6
-22926.5
-29176.6
-26071.9
-33571.7
-26741.1
-22127.4
-24676.3
-7451.2
-14131.5
-16895.1
-19056.5
-18817.8
-13251.4
-11644.5
-11262.2
-11238.2
-11292.2
-23214.2
-11292.2
-11296.3
-22328.2
-11292.4
-26831.1
-11293.4
-11291.5
-18833.8
-28279.5
-19016.9
-18960.9
-18634
-19041.8
-19908.4
-19224.8
-31223.6
-18455.9
21288
-11292.3
-11292.1
-11292.2
-11293.1
-22803.7
-24888.1
-23290.9
-22840.9
)
;

boundaryField
{
    Wall
    {
        type            zeroGradient;
    }
    Inlet
    {
        type            zeroGradient;
    }
    Outlet
    {
        type            fixedValue;
        value           uniform 0;
    }
    Empty
    {
        type            empty;
    }
}


// ************************************************************************* //
