/*--------------------------------*- C++ -*----------------------------------*\
| =========                 |                                                 |
| \\      /  F ield         | OpenFOAM: The Open Source CFD Toolbox           |
|  \\    /   O peration     | Version:  2312                                  |
|   \\  /    A nd           | Website:  www.openfoam.com                      |
|    \\/     M anipulation  |                                                 |
\*---------------------------------------------------------------------------*/
FoamFile
{
    version     2.0;
    format      ascii;
    arch        "LSB;label=32;scalar=64";
    class       vectorField;
    location    "0.79995/lagrangian/kinematicCloud";
    object      U;
}
// * * * * * * * * * * * * * * * * * * * * * * * * * * * * * * * * * * * * * //


150
(
(3.26337 0.918009 -0.151593)
(2.62963 0.748765 -0.173059)
(3.26337 0.918009 -0.151593)
(3.19566 0.885095 -0.142507)
(3.29665 0.950877 -0.173723)
(3.22521 0.910879 -0.186217)
(2.80519 0.778362 -0.187959)
(3.19566 0.885095 -0.142507)
(0.916912 0.580284 -0.175587)
(1.99749 0.64549 -0.184018)
(2.86463 0.807488 -0.218355)
(2.80519 0.778362 -0.187959)
(0.916912 0.580284 -0.175587)
(2.80519 0.778362 -0.187959)
(1.99749 0.64549 -0.184018)
(2.26637 0.61668 -0.214162)
(2.26637 0.61668 -0.214162)
(1.2905 0.536991 -0.121608)
(3.04278 0.688107 -0.162316)
(1.2905 0.536991 -0.121608)
(1.2905 0.536991 -0.121608)
(3.23728 0.767544 -0.149099)
(0.916912 0.580284 -0.175587)
(2.26637 0.61668 -0.214162)
(1.2905 0.536991 -0.121608)
(2.35316 0.642481 -0.252055)
(2.35316 0.642481 -0.252055)
(2.20129 0.575805 -0.180149)
(1.78251 0.487524 -0.260661)
(0.916912 0.580284 -0.175587)
(0.156085 0.487508 -0.198372)
(1.74857 0.689796 -0.14648)
(0.916912 0.580284 -0.175587)
(1.74611 1.34426 0.424132)
(0.0312988 0.0121318 -3.01399e-05)
(3.01728 0.853236 -0.0918747)
(3.86656 1.07392 -0.0772212)
(3.41491 0.874224 -0.067438)
(3.41491 0.874224 -0.067438)
(3.98467 1.08152 -0.053201)
(3.53397 0.896421 -0.112013)
(3.82436 1.06411 -0.0800019)
(3.70995 0.653348 0.0697409)
(2.46024 0.786537 -0.117988)
(4.05112 1.049 -0.0332291)
(4.01307 1.0846 -0.022091)
(3.62881 1.05523 -0.126065)
(4.01217 1.07895 -0.0473122)
(3.90551 0.881304 -0.0866601)
(3.86351 0.90129 -0.200888)
(3.5352 0.476473 0.0822557)
(3.90551 0.881304 -0.0866601)
(4.07152 1.03533 -0.0213694)
(3.86351 0.90129 -0.200888)
(3.56248 0.99743 -0.110536)
(3.98585 1.01939 -0.182302)
(3.98585 1.01939 -0.182302)
(2.76756 0.225551 -0.34521)
(2.83853 0.5499 -0.342821)
(4.03508 0.966861 -0.0100377)
(2.46024 0.786537 -0.117988)
(2.46024 0.786537 -0.117988)
(3.6594 0.848967 -0.0490052)
(3.70129 0.731446 -0.215607)
(3.01728 0.853236 -0.0918747)
(-0.014614 -0.00367025 2.4279e-05)
(3.41491 0.874224 -0.067438)
(3.6594 0.848967 -0.0490052)
(3.90551 0.881304 -0.0866601)
(3.53481 0.399916 0.0752004)
(2.79891 0.283076 -0.343401)
(2.79891 0.283076 -0.343401)
(3.50376 0.507835 -0.257265)
(-0.034293 -0.00950287 -9.40098e-06)
(0.196472 -0.0112453 -0.00240221)
(1.71347 -0.604454 0.102505)
(2.44568 -0.445486 0.149599)
(1.56871 -1.57446 -0.158991)
(3.24109 0.913432 0.152203)
(3.24109 0.913432 0.152203)
(1.71546 0.679598 0.148065)
(3.24109 0.913432 0.152203)
(1.95939 0.638152 0.18297)
(1.95939 0.638152 0.18297)
(3.24109 0.913432 0.152203)
(2.78123 0.77324 0.188174)
(2.70837 0.733616 0.169408)
(1.95939 0.638152 0.18297)
(2.70837 0.733616 0.169408)
(2.70837 0.733616 0.169408)
(0.885551 0.570432 0.17489)
(2.23755 0.611434 0.212285)
(2.23755 0.611434 0.212285)
(1.24556 0.529936 0.111634)
(2.76145 0.757523 0.227034)
(0.885551 0.570432 0.17489)
(0.885551 0.570432 0.17489)
(2.17313 0.571115 0.177563)
(2.17313 0.571115 0.177563)
(2.48466 0.473751 0.177104)
(2.7877 0.595198 0.156872)
(0.885551 0.570432 0.17489)
(0.136902 0.48288 0.195217)
(2.17313 0.571115 0.177563)
(1.24556 0.529936 0.111634)
(0.136902 0.48288 0.195217)
(1.74076 0.172709 0.0792219)
(1.74076 0.172709 0.0792219)
(2.56936 0.50881 0.171243)
(1.71546 0.679598 0.148065)
(2.70985 0.582328 0.244116)
(0.913499 -0.954964 -0.0191464)
(-0.227851 0.203982 -0.214647)
(2.99555 0.843322 0.095873)
(3.89138 0.852397 -0.0439239)
(3.84837 1.11441 0.0820959)
(3.97689 1.08429 0.0516662)
(2.99555 0.843322 0.095873)
(3.8535 1.07434 0.0767821)
(3.97689 1.08429 0.0516662)
(2.99555 0.843322 0.095873)
(3.84837 1.11441 0.0820959)
(3.84837 1.11441 0.0820959)
(2.43146 0.776084 0.121776)
(3.81071 1.06392 0.0793172)
(2.43146 0.776084 0.121776)
(3.64918 0.838919 0.0496862)
(3.76489 0.908265 0.0939848)
(3.61134 1.05395 0.126337)
(3.11664 0.833957 0.14463)
(3.89466 0.881415 0.0870505)
(3.7932 0.827049 0.215881)
(3.54331 0.99459 0.110592)
(2.80957 0.331831 0.352411)
(3.97875 1.01901 0.18156)
(2.99555 0.843322 0.095873)
(3.89466 0.881415 0.0870505)
(2.80977 0.381137 0.350556)
(3.55155 1.02341 0.139676)
(2.80957 0.331831 0.352411)
(3.64918 0.838919 0.0496862)
(3.50478 0.506971 0.259779)
(2.71522 0.156684 0.345695)
(3.50478 0.506971 0.259779)
(2.61513 0.0841863 0.358546)
(3.22316 0.19508 0.329809)
(2.82837 0.547178 0.342449)
(3.21773 0.143491 -0.0830652)
(3.30718 0.173611 0.0253822)
(2.45591 -0.437426 0.00292439)
)


// ************************************************************************* //
