/*--------------------------------*- C++ -*----------------------------------*\
| =========                 |                                                 |
| \\      /  F ield         | OpenFOAM: The Open Source CFD Toolbox           |
|  \\    /   O peration     | Version:  2312                                  |
|   \\  /    A nd           | Website:  www.openfoam.com                      |
|    \\/     M anipulation  |                                                 |
\*---------------------------------------------------------------------------*/
FoamFile
{
    version     2.0;
    format      ascii;
    arch        "LSB;label=32;scalar=64";
    class       vectorField;
    location    "0.79995/lagrangian/kinematicCloud";
    object      U;
}
// * * * * * * * * * * * * * * * * * * * * * * * * * * * * * * * * * * * * * //


79
(
(3.74976 0.76491 -0.0311674)
(3.74323 0.755465 0.0281768)
(3.74976 0.76491 -0.0311674)
(3.74976 0.76491 -0.0311674)
(3.74323 0.755465 0.0281768)
(3.74323 0.755465 0.0281768)
(4.03236 0.968689 -0.00934171)
(4.0108 1.0806 -0.0472447)
(4.06933 1.03707 -0.0209866)
(4.03551 0.976317 0.00671045)
(3.74323 0.755465 0.0281768)
(3.90437 0.882873 -0.0872356)
(3.90973 0.806954 0.0910356)
(3.91369 0.804513 -0.091728)
(4.00381 1.08406 0.0457698)
(4.03551 0.976317 0.00671045)
(4.03236 0.968689 -0.00934171)
(3.95061 0.846905 0.0117913)
(3.76563 0.91018 0.094552)
(3.0251 0.85661 -0.0918401)
(4.00381 1.08406 0.0457698)
(3.7178 0.642131 -0.0180429)
(3.53709 0.898447 -0.112576)
(3.85309 1.07603 0.076903)
(3.71319 0.632579 0.00999105)
(3.0031 0.846802 0.0957657)
(3.96533 0.823687 -0.0281486)
(3.83324 0.699636 -0.0958232)
(3.83324 0.699636 -0.0958232)
(3.68472 0.538681 0.0894722)
(3.56653 0.447593 -0.00246112)
(3.8104 1.06559 0.0795165)
(2.44339 0.779783 0.121814)
(3.68052 0.535874 -0.0921066)
(3.68472 0.538681 0.0894722)
(3.15503 0.84171 -0.142804)
(3.59858 1.01799 0.11296)
(3.68472 0.538681 0.0894722)
(3.68472 0.538681 0.0894722)
(3.68052 0.535874 -0.0921066)
(3.53093 0.477797 0.0825401)
(3.68472 0.538681 0.0894722)
(3.15503 0.84171 -0.142804)
(3.61171 1.05568 0.126169)
(3.15503 0.84171 -0.142804)
(3.81406 1.097 -0.0943572)
(3.48683 0.401428 0.0822833)
(2.40311 -0.358797 -0.0123675)
(3.56132 0.4366 -0.0102546)
(3.92348 0.968183 0.193689)
(3.5441 0.996277 0.110994)
(3.81406 1.097 -0.0943572)
(4.05113 1.0964 -0.159034)
(2.60576 0.0820253 0.358709)
(3.30431 0.184932 0.0136564)
(3.3019 0.174017 0.0252303)
(3.3019 0.174017 0.0252303)
(3.11763 0.0624217 -0.0598971)
(2.42495 0.00165986 -0.366895)
(3.1574 0.0446527 -0.0628891)
(3.56132 0.4366 -0.0102546)
(3.11763 0.0624217 -0.0598971)
(3.56653 0.447593 -0.00246112)
(2.80431 0.427425 0.354204)
(2.80464 0.333409 -0.352311)
(2.70588 0.157565 -0.344903)
(3.1574 0.0446527 -0.0628891)
(3.56132 0.4366 -0.0102546)
(2.42698 -0.000970283 0.367865)
(3.11763 0.0624217 -0.0598971)
(2.42495 0.00165986 -0.366895)
(3.23317 -0.081007 -0.0172062)
(3.23317 -0.081007 -0.0172062)
(3.1574 0.0446527 -0.0628891)
(3.1574 0.0446527 -0.0628891)
(2.05511 0.0207162 0.1364)
(0.953516 0.608747 0.0437272)
(1.14191 0.719252 0.114393)
(1.29384 0.950695 0.130862)
)


// ************************************************************************* //
