/*--------------------------------*- C++ -*----------------------------------*\
| =========                 |                                                 |
| \\      /  F ield         | OpenFOAM: The Open Source CFD Toolbox           |
|  \\    /   O peration     | Version:  2312                                  |
|   \\  /    A nd           | Website:  www.openfoam.com                      |
|    \\/     M anipulation  |                                                 |
\*---------------------------------------------------------------------------*/
FoamFile
{
    version     2.0;
    format      ascii;
    arch        "LSB;label=32;scalar=64";
    class       volScalarField;
    location    "8";
    object      p;
}
// * * * * * * * * * * * * * * * * * * * * * * * * * * * * * * * * * * * * * //

dimensions      [0 2 -2 0 0 0 0];

internalField   nonuniform List<scalar> 
2958
(
-2.57868e+19
9.13023e+14
8.78125e+14
-8.6201e+18
8.62042e+14
8.67381e+14
1.26961e+17
-1.77374e+16
9.46971e+14
-1.85289e+16
-3.77832e+17
-5.97449e+20
-1.65274e+17
-5.98421e+20
-4.75383e+15
-1.22763e+19
9.02641e+14
-2.35235e+17
-5.99104e+20
-6.41064e+20
-5.94691e+20
8.97599e+14
-5.85429e+20
3.00326e+15
-1.85675e+17
5.96139e+16
1.00079e+15
-1.05513e+17
-8.66372e+19
-4.54156e+17
2.79012e+17
7.03691e+14
-5.21676e+20
5.639e+14
-3.58577e+15
4.10452e+16
-5.88143e+20
-5.85669e+20
-4.41963e+19
9.22896e+14
7.82966e+16
5.04482e+16
1.48782e+17
9.15635e+18
-5.97112e+20
9.15788e+14
-1.68752e+17
6.97199e+14
-8.66657e+18
-2.50474e+20
-1.33786e+19
8.27191e+14
4.8931e+14
-1.68305e+17
-1.45509e+19
6.94377e+14
-2.36831e+17
6.58092e+14
-5.8539e+18
7.9162e+16
-1.18391e+19
-2.50477e+19
6.48209e+16
-4.28346e+17
-5.97346e+20
-5.98986e+20
-1.5593e+17
9.10385e+14
-1.85252e+20
-2.93637e+19
8.93514e+14
-5.97658e+20
9.093e+14
-4.40312e+18
-5.99867e+20
-1.31304e+17
-1.25144e+19
7.37611e+16
-5.84104e+20
-1.55006e+19
-1.74926e+17
9.10291e+14
-9.22026e+16
-9.24816e+16
1.33374e+19
-1.50205e+17
9.10814e+14
-1.54914e+17
9.10582e+14
-5.13112e+20
1.40089e+16
9.17702e+14
-4.21377e+16
-5.99234e+20
9.12614e+14
1.834e+15
-1.18338e+19
-9.91911e+18
-5.98247e+20
-5.9775e+20
-8.59156e+18
-1.07347e+19
4.06801e+14
9.16469e+14
-5.76817e+20
-1.44706e+20
-5.97624e+20
-8.79227e+18
-5.97516e+20
1.85389e+15
-7.73018e+18
-1.60983e+19
-5.99729e+20
-9.68185e+16
-5.98369e+20
-5.9899e+20
-1.13082e+17
-1.59669e+19
9.14371e+14
-1.29466e+19
-2.5137e+19
-5.97424e+20
-3.97826e+16
5.72559e+14
-7.72313e+18
-1.13907e+19
-1.29951e+19
9.12705e+14
-1.48334e+19
-5.99852e+20
-6.01557e+20
-6.08055e+20
-1.57824e+19
-5.97691e+20
-6.13009e+20
-5.97989e+20
-8.14692e+16
5.04688e+20
-5.97546e+20
-5.9822e+20
-5.78829e+19
9.09383e+14
-5.9195e+20
-5.9889e+20
-1.19465e+19
8.86186e+14
-6.00007e+20
-5.96347e+20
9.2811e+14
-5.97397e+20
-6.39098e+20
-1.18916e+19
-5.90333e+16
-2.16362e+20
-4.09224e+17
-6.18944e+20
-5.60598e+20
-1.45619e+19
1.68876e+17
1.42136e+15
-4.14194e+17
-4.77444e+16
-8.88556e+17
-5.97297e+20
1.15398e+15
-3.16878e+19
-3.79548e+20
-5.98564e+20
5.55973e+14
9.98671e+14
4.93781e+14
-5.97636e+20
-5.88381e+20
9.13157e+14
-5.84169e+20
9.30208e+14
9.07245e+14
9.35295e+14
-2.82414e+20
-1.8528e+20
-3.52917e+20
9.11812e+14
-2.55379e+17
-8.45176e+18
9.09361e+14
9.13407e+14
9.10119e+14
-5.97511e+20
8.95756e+14
-8.18112e+18
8.98205e+14
8.46587e+14
9.26539e+14
7.91475e+14
9.17234e+14
-8.54135e+19
9.13743e+14
5.0348e+14
-7.22723e+18
5.80608e+14
-4.47867e+15
-5.97691e+20
-3.31067e+19
9.30054e+14
4.66169e+15
6.26358e+16
-4.3404e+19
6.32248e+16
9.11251e+14
-8.66483e+18
-5.98455e+20
-5.13065e+20
-6.03523e+20
9.15046e+14
-6.0053e+20
4.65908e+14
-3.99165e+17
-5.98191e+20
-5.9824e+20
-5.9839e+20
-5.98672e+20
9.12808e+14
1.94439e+17
9.12827e+14
-8.01498e+18
-1.36909e+19
-1.04021e+17
-5.98248e+20
9.14263e+14
8.88607e+14
9.1355e+14
7.94208e+14
8.88464e+14
8.89025e+14
-8.61511e+19
-5.98687e+20
-5.99887e+20
-1.28722e+19
-5.99895e+20
-9.64798e+18
-5.99099e+20
-9.67515e+18
-1.19919e+19
-1.01484e+17
1.78127e+18
5.36181e+16
-3.11518e+15
-1.02642e+17
-2.88693e+17
-2.59349e+18
-3.7575e+16
-1.05768e+16
-5.0773e+17
5.87935e+14
-9.17391e+18
9.22424e+14
-3.87553e+18
9.32561e+14
-1.54883e+18
9.04537e+14
-1.23715e+19
-5.76182e+20
1.06565e+15
7.87968e+16
-4.25239e+20
-1.04836e+17
-1.92177e+16
-3.26667e+18
-3.5973e+20
-5.70135e+20
-5.8741e+20
9.07489e+14
-3.54204e+18
-5.88152e+20
9.14894e+14
-3.52867e+18
-5.98713e+20
8.76707e+14
-5.9567e+20
9.1432e+14
-5.97497e+20
-6.00007e+20
-4.25124e+20
-1.05656e+17
9.00489e+14
-5.97824e+20
-2.12595e+20
-1.15633e+19
-8.32438e+18
-6.62974e+17
2.99954e+15
8.44029e+14
-5.9853e+20
-5.9669e+20
-2.07972e+17
1.03971e+15
-5.9821e+20
-1.23585e+19
-5.98243e+20
-2.54592e+17
-2.95681e+17
8.55452e+14
9.35161e+14
4.64786e+14
-1.20221e+19
9.05591e+14
-7.45378e+18
-5.76178e+20
-3.28401e+17
-1.16282e+19
-5.98398e+20
-1.21184e+19
-1.26813e+19
-5.9868e+20
9.13826e+14
-8.0182e+18
8.71655e+14
2.08274e+17
9.16219e+14
-3.34232e+18
8.76179e+14
9.04787e+14
-1.04571e+18
7.89084e+14
1.00192e+15
-5.70117e+20
-1.64586e+19
-5.81995e+20
-8.37844e+18
8.24011e+16
9.04488e+14
-2.48674e+17
-5.93608e+20
-5.9771e+20
9.16524e+14
-5.97624e+20
-9.30981e+18
7.38774e+16
-9.31251e+18
-5.98207e+20
-1.72388e+17
9.15858e+14
8.46232e+14
8.84655e+14
-5.97616e+20
9.13896e+14
-5.97615e+20
1.41037e+15
-1.45023e+19
-1.18275e+19
1.71872e+15
2.45184e+15
5.71933e+14
-1.05939e+19
9.84111e+14
-1.54731e+18
-5.98388e+20
-1.66226e+18
8.84179e+14
1.60544e+19
8.18176e+16
-1.38959e+19
-8.62177e+18
-2.44549e+20
-5.1211e+17
4.21884e+14
1.84108e+17
-1.156e+19
-1.15485e+19
7.40894e+14
1.06131e+15
8.53479e+14
-5.98382e+20
-9.0735e+18
-9.52099e+17
9.09171e+14
-1.4752e+19
5.27897e+14
8.48724e+14
9.02072e+14
-1.21605e+19
-6.08212e+16
-6.00709e+20
-1.37819e+18
9.04203e+14
-5.65027e+20
-3.24588e+18
4.88284e+14
-5.38925e+20
-6.06366e+20
-1.78294e+16
-5.98044e+20
2.6437e+19
8.9958e+14
-1.12235e+19
-9.75026e+18
8.23874e+16
-5.98441e+20
-6.00916e+20
8.34056e+14
2.73479e+19
-3.48187e+18
8.98718e+14
-8.35526e+18
-1.46821e+19
-1.19777e+19
9.23782e+14
-1.69496e+17
-1.29301e+19
-1.45015e+19
-2.60477e+19
-1.9128e+17
-5.00369e+17
8.97872e+14
9.15666e+14
8.29519e+14
8.72147e+14
4.72185e+15
9.53846e+18
9.39256e+18
-5.97124e+20
6.49664e+16
8.56533e+14
5.80208e+16
-5.01047e+16
-5.38628e+20
8.97635e+14
-5.0433e+16
-1.32943e+19
9.16099e+14
8.57527e+14
-1.76036e+19
9.08891e+14
9.17698e+14
4.64616e+14
8.86668e+14
8.60045e+14
5.36108e+14
-1.20927e+19
-5.96022e+20
8.90889e+14
9.16273e+14
-1.3655e+19
-2.43594e+19
9.29806e+14
-5.32633e+20
-5.81224e+20
5.62052e+14
-6.01721e+20
9.09848e+14
-5.82895e+20
7.90149e+14
-8.43028e+15
9.2429e+14
-1.21506e+19
-1.03209e+19
-5.98558e+20
-3.00061e+18
9.02993e+14
-5.98352e+20
9.09872e+14
-8.17999e+18
-1.5303e+19
-3.30018e+17
-1.43207e+18
2.75711e+17
7.12391e+14
-1.90076e+17
-2.07681e+18
-9.75819e+19
-3.25994e+17
-5.97451e+20
-2.84507e+17
9.1417e+14
-6.55482e+17
8.95296e+14
-4.17746e+16
8.85811e+14
9.17053e+14
-1.15342e+17
-2.29952e+17
9.0781e+14
-5.97386e+20
-3.52925e+20
9.10041e+14
-1.55173e+18
-3.99601e+17
-5.61051e+16
6.43525e+14
-1.66222e+19
8.63181e+14
9.14364e+14
-8.62441e+18
1.08877e+18
9.0785e+14
-1.24558e+19
-2.34964e+17
-5.98941e+20
-5.99282e+20
-5.9995e+20
9.08381e+14
-5.98962e+20
-5.97359e+20
-1.21357e+19
-2.59669e+15
-5.98706e+20
-7.45932e+18
9.80261e+14
-1.07294e+19
-1.18414e+19
-5.98782e+20
-5.98943e+20
-7.85276e+18
-5.99101e+20
-1.60778e+19
-1.567e+19
6.43134e+14
-9.87615e+19
9.08363e+14
-1.2017e+19
-4.61094e+20
9.0494e+14
3.32495e+19
9.36558e+14
-1.17257e+19
-8.61589e+18
9.0242e+14
-5.76246e+20
-1.14714e+17
-1.09593e+19
-1.19298e+17
-5.12936e+20
9.0984e+14
-6.0263e+20
-8.47161e+19
2.00043e+17
8.02734e+14
9.10623e+14
-1.20325e+19
-1.91549e+17
-4.85154e+19
-4.03801e+17
-5.97508e+20
-1.02631e+19
-6.00149e+20
-8.47236e+19
-1.16449e+17
-5.85083e+20
-5.98541e+20
9.34181e+14
-5.99355e+20
-5.98742e+20
9.15778e+14
-2.64672e+19
6.76973e+15
-1.14527e+18
-4.83453e+19
-1.54293e+19
-6.79315e+16
-9.33852e+19
-2.44645e+18
9.14073e+14
-1.08685e+19
1.57334e+19
-1.39944e+19
-1.44125e+19
-5.97656e+20
-1.21552e+18
-9.6036e+18
-1.42203e+19
-2.66365e+19
-2.59804e+18
-5.98409e+20
-5.99063e+20
-5.99638e+20
9.06034e+14
-5.99111e+20
-4.25936e+20
-5.95058e+20
-7.29099e+17
9.12995e+14
9.13626e+14
-1.63878e+17
9.19027e+14
-1.20352e+19
-5.86411e+20
-6.00429e+20
-5.9875e+20
9.14628e+14
-2.79408e+17
-5.98291e+20
-5.98326e+20
-4.52546e+15
-1.15584e+20
-5.38745e+20
-4.66519e+19
-1.71326e+19
-5.43701e+19
1.7779e+18
-4.08304e+20
-5.93777e+20
7.06661e+17
-5.65653e+20
-1.21459e+19
9.33187e+14
-1.38623e+19
-8.11803e+19
-2.94196e+19
-5.43487e+20
-5.97659e+20
-1.1842e+19
-2.50736e+20
-5.9625e+20
-5.98201e+20
-1.1958e+19
4.95041e+14
4.45563e+16
9.16281e+14
-5.97091e+20
6.61961e+16
-1.12161e+19
-1.15505e+19
-4.8446e+19
9.07e+14
-1.24208e+18
-5.99985e+20
9.12595e+14
-7.81241e+17
-5.97644e+17
-5.98149e+20
-1.30013e+19
-5.98104e+20
8.94574e+14
-5.9831e+20
3.73239e+19
-1.39223e+18
-5.88461e+20
9.16436e+14
-4.38708e+19
1.35487e+17
-6.00109e+20
-1.68071e+19
-9.84142e+19
-5.88295e+20
1.99619e+18
-8.1226e+19
9.16353e+14
-6.08096e+20
-1.53006e+18
-5.985e+20
-5.96818e+20
-2.48629e+19
-6.34161e+19
4.52504e+14
-4.39422e+17
8.82478e+14
9.13563e+14
-5.43568e+20
9.1099e+14
5.58916e+14
1.05809e+15
-5.43768e+20
-6.01812e+20
-6.00733e+20
-4.07693e+20
-6.00362e+20
8.88268e+14
-5.99944e+20
-1.16755e+19
-5.73433e+16
7.41527e+14
8.80772e+14
5.39996e+15
-8.31812e+18
2.80271e+14
9.13657e+14
-1.48817e+19
6.7092e+16
-6.08128e+20
-5.98703e+20
8.93567e+14
1.07702e+15
-5.9874e+20
9.02634e+14
-5.97882e+20
9.03072e+14
9.1067e+14
-1.4216e+19
-1.20361e+19
9.15958e+14
-3.58772e+20
9.16766e+14
-1.1592e+19
-1.20281e+19
-2.1932e+19
-5.38778e+20
2.47071e+14
-1.55321e+19
-1.20196e+19
-5.96721e+20
-6.0175e+20
-1.1838e+19
-1.40573e+18
3.48716e+16
-1.20359e+19
-1.33284e+17
9.02748e+14
-8.38935e+18
4.7625e+14
8.714e+14
7.87014e+14
8.98643e+14
8.99427e+14
1.43092e+19
-1.45073e+19
-9.15763e+16
-3.78678e+16
-1.50346e+19
1.12815e+15
8.87802e+14
-1.6586e+20
-6.22947e+20
8.91814e+14
-4.1956e+19
-5.99291e+20
9.22874e+14
-5.97689e+20
-8.10956e+18
2.06721e+17
-7.37813e+20
-8.25785e+18
-7.72293e+18
4.23353e+16
9.14795e+14
-4.4849e+20
-2.91528e+15
-1.68089e+19
-2.14893e+19
-5.94626e+20
5.2867e+16
-1.54562e+19
5.06648e+16
-8.15938e+18
-7.26222e+17
-2.78912e+18
-5.38768e+20
-1.10347e+19
4.12534e+16
9.34845e+14
-1.07342e+19
-9.91692e+18
-3.52786e+20
-5.97307e+20
-8.59479e+18
6.06507e+16
6.10528e+16
-2.21099e+17
1.28234e+19
-9.84282e+19
-1.22505e+19
-6.00126e+20
-5.99114e+20
-5.98715e+20
-1.10313e+19
8.92992e+14
-5.98278e+20
-1.70289e+19
-5.98205e+20
-1.10344e+19
-5.92826e+20
-6.04871e+20
9.06882e+14
6.2825e+16
-1.20981e+19
-5.98155e+20
-5.98386e+20
-5.83115e+19
-6.37741e+20
-5.97897e+20
-5.98329e+20
9.15119e+14
-5.97797e+20
-1.15345e+19
-1.18273e+19
-6.00266e+20
8.98744e+14
8.56553e+19
-6.03235e+20
9.15707e+14
-3.99593e+18
-2.38325e+18
-2.03982e+19
-1.24118e+19
-2.40957e+17
-1.85239e+20
8.86788e+14
-5.38921e+20
-1.26309e+18
8.49276e+16
-1.55605e+19
9.15526e+14
-5.8274e+20
-1.30885e+19
-8.62592e+18
-1.87934e+17
-5.8074e+19
5.21527e+20
-1.01282e+17
9.13987e+14
-9.33481e+19
8.68781e+14
2.16316e+17
-4.10081e+17
-5.98307e+20
-6.32023e+16
-1.19098e+19
8.76242e+14
-2.04268e+17
-9.37097e+18
-8.37352e+18
-1.3039e+17
-1.22818e+19
-2.07676e+17
6.42794e+16
-7.0563e+17
8.84391e+14
-1.18317e+19
-1.19746e+19
8.85835e+14
-7.19194e+15
9.9885e+14
-1.19381e+17
-1.18001e+19
-7.7292e+18
-5.71841e+18
9.15427e+14
-9.48649e+16
-5.97996e+20
1.37683e+15
-1.12974e+17
-1.1916e+19
-9.0904e+17
-5.96735e+20
-5.90845e+20
-5.9395e+20
-1.22598e+19
-1.27444e+18
-1.10832e+20
-1.23375e+17
1.0756e+15
1.40294e+19
5.34526e+20
-2.0225e+15
9.5787e+14
9.15726e+14
-1.23858e+17
8.93306e+14
-5.97611e+20
-1.02115e+17
-1.22614e+17
8.98775e+14
8.47129e+14
3.46731e+15
-1.07085e+19
-8.18256e+18
-1.10873e+20
9.12743e+14
4.7857e+15
-6.09212e+20
-4.14771e+16
-2.58491e+15
-5.97175e+20
9.14951e+14
-8.39777e+18
-7.4619e+18
6.75466e+15
7.34107e+14
-5.98795e+20
-5.90821e+20
-5.17978e+17
-5.98911e+20
-5.98899e+20
-5.98292e+20
4.18507e+14
-1.07928e+19
-2.50791e+20
9.02932e+14
-2.82579e+20
-1.27836e+19
9.07478e+14
-8.32115e+18
-1.33934e+19
8.90587e+14
-5.97989e+20
9.1135e+14
-1.07825e+16
-2.56012e+17
-1.08953e+17
9.06651e+14
7.46129e+14
8.7209e+14
-8.15524e+18
-5.98989e+20
4.86253e+15
8.29726e+14
8.50413e+14
8.95631e+14
9.06066e+14
8.47193e+14
-6.02595e+20
-1.62161e+17
9.12984e+14
-2.51792e+16
5.81223e+14
-2.72866e+15
5.45528e+14
5.40768e+14
-4.61009e+20
9.10924e+14
-2.92987e+17
4.85179e+14
9.15652e+14
3.53845e+14
-1.52507e+18
-2.02304e+17
9.14129e+14
9.29184e+14
-7.81859e+16
8.94486e+14
9.12844e+14
9.09811e+14
-2.94693e+15
9.10355e+14
-9.11541e+18
-3.08568e+17
9.11397e+14
-1.3811e+18
9.02656e+14
-1.07637e+17
9.1266e+14
-1.06046e+17
7.78153e+14
-5.98863e+20
-1.59137e+19
-4.07472e+20
8.59594e+14
-1.03213e+19
-3.741e+17
-5.82057e+19
9.13868e+14
7.87097e+13
9.03206e+14
-2.15055e+19
-8.41337e+18
3.12891e+14
9.13249e+14
-2.15073e+19
-4.14938e+16
2.35945e+17
-5.97835e+20
-5.98966e+20
8.56394e+14
8.96467e+14
5.30079e+14
-5.97821e+20
-1.2264e+19
-5.45827e+19
9.23766e+14
-2.75954e+18
-1.03201e+19
9.17047e+14
-1.02671e+17
-8.36281e+18
-5.99352e+20
8.93344e+14
-5.98051e+20
-1.38937e+18
6.14229e+16
-2.09551e+16
6.94458e+16
-6.09948e+20
-1.65147e+17
-5.97672e+20
-3.59254e+20
5.106e+15
8.98257e+14
-5.04169e+17
-5.18751e+18
9.21581e+14
9.76977e+14
9.06287e+14
-1.04702e+17
-3.65403e+18
9.17417e+14
7.7512e+14
-1.09914e+19
-1.17389e+17
9.035e+14
8.44912e+14
9.0988e+14
9.10012e+14
9.04238e+14
2.71866e+14
-7.11944e+17
7.01329e+14
-1.18871e+19
-1.12805e+19
-1.18521e+19
2.29369e+19
-5.91981e+20
8.1894e+16
8.9617e+14
-6.11838e+20
-8.38002e+18
7.752e+14
8.07346e+19
-5.97708e+20
5.17792e+14
-4.20942e+19
-4.4833e+20
-7.86694e+17
-1.44305e+16
-8.36543e+18
-9.41229e+16
8.49024e+14
2.45348e+19
-1.61205e+19
-1.47226e+19
8.67027e+14
-8.60299e+18
-6.00887e+20
-1.10781e+20
5.69762e+14
-1.63192e+19
-5.99037e+20
-5.98702e+20
-7.42078e+17
-5.97904e+20
-5.98391e+20
-5.32698e+20
-1.22755e+19
-4.45449e+19
-5.99075e+20
-5.97699e+20
9.13559e+14
-5.70064e+20
-1.47856e+19
-1.62363e+18
-7.90638e+18
-5.98734e+20
-2.96397e+17
-8.88032e+18
-9.58337e+19
9.16121e+14
-5.61087e+20
-1.19983e+19
-5.98733e+20
-1.35537e+19
-5.977e+20
-6.00496e+20
-5.99182e+20
-2.94958e+19
1.14827e+18
-5.3877e+20
-1.25274e+17
-1.46946e+17
9.03719e+14
-2.96581e+18
1.05487e+15
8.85769e+14
-5.98024e+20
9.16763e+14
-6.01337e+20
-8.46636e+18
-1.15478e+19
-5.99029e+20
1.72986e+15
-1.25547e+16
-8.78004e+18
9.0899e+14
3.52481e+14
-1.15323e+17
-3.59643e+20
7.90079e+14
-1.29985e+19
-5.88078e+20
-2.67343e+17
9.08885e+14
-5.9847e+17
-7.33554e+17
-4.12551e+15
-4.35546e+17
-2.44394e+20
2.45105e+15
-1.09617e+16
-5.97671e+20
8.18134e+16
9.02872e+14
-7.57802e+18
2.45622e+14
-6.09377e+17
9.16594e+14
9.05701e+14
-5.98026e+20
8.90918e+14
-6.18835e+15
8.75887e+14
-6.22741e+20
1.04526e+15
-5.97715e+20
-5.98616e+20
-5.97775e+20
-5.97608e+20
9.19264e+14
9.11859e+14
1.04335e+15
-1.21443e+19
9.03308e+14
7.84673e+14
9.02877e+14
8.92068e+14
9.10976e+14
9.15799e+14
-2.37251e+17
-3.6017e+17
-1.17626e+19
-2.59629e+17
9.08349e+14
9.1283e+14
8.76293e+14
-6.00181e+20
-9.58808e+19
-5.62516e+15
9.037e+14
7.60068e+14
3.44709e+16
-4.68086e+19
-2.1549e+18
-5.99036e+20
-6.01348e+20
-2.22749e+19
-5.90752e+20
1.61595e+19
-2.53231e+15
-9.31862e+17
-1.29713e+16
-1.75687e+15
-1.52502e+19
9.77696e+14
-9.46758e+18
-6.05061e+20
-1.7616e+15
2.63977e+14
1.6989e+15
1.2758e+15
-8.81218e+18
-1.40874e+18
-1.44311e+16
-1.44186e+19
-5.95762e+20
5.60941e+16
-3.43999e+13
-2.83067e+15
8.53139e+14
-1.46887e+19
-8.86428e+18
-9.75256e+19
-1.52908e+19
-1.65836e+20
8.45652e+14
-5.99406e+20
-1.20454e+19
-1.65864e+20
-5.32211e+14
-6.01737e+20
-6.04585e+20
-1.53705e+19
-2.19679e+18
-4.40673e+16
-3.55926e+18
4.14029e+16
8.3257e+15
-5.97914e+20
-4.7736e+16
-9.58938e+19
-5.8835e+20
-1.20211e+19
-5.96774e+20
-1.4681e+17
9.26892e+14
-5.97776e+20
-1.43445e+19
-9.0553e+18
-1.32413e+19
-2.63655e+16
-4.13816e+16
-5.92401e+20
-1.37116e+19
-5.98021e+20
-3.79947e+18
-1.00502e+15
-8.48819e+18
-1.02374e+17
-5.94362e+20
9.27848e+14
-1.27812e+19
-8.56146e+18
-5.9522e+20
-2.11214e+15
-3.85794e+16
-1.25965e+19
-5.85286e+20
-1.50859e+17
2.93944e+14
-6.73837e+18
5.32986e+14
-1.06344e+17
-1.23573e+19
-4.69324e+17
-1.75358e+17
-5.98776e+20
6.23024e+14
-5.10297e+17
-5.14251e+16
-1.55701e+19
-4.41506e+17
8.32641e+14
9.0966e+14
-5.81433e+20
-4.36516e+17
5.70552e+14
-6.00761e+20
-1.46191e+19
-5.91901e+20
-1.26885e+16
-6.01852e+20
9.09065e+14
9.14554e+14
3.64935e+16
1.00122e+15
9.18784e+14
-5.9675e+20
9.12181e+14
-6.85278e+17
-1.05777e+17
-1.6116e+16
8.89517e+14
-1.30148e+19
-2.56206e+17
-6.00342e+20
-5.99006e+20
2.37546e+16
2.95801e+16
-5.98939e+20
-5.8577e+20
9.16715e+14
-3.31715e+18
9.07989e+14
8.89778e+14
7.13191e+14
9.28923e+14
4.79232e+15
-1.56303e+19
9.07494e+14
9.07452e+14
-1.61112e+18
3.31746e+14
-1.33038e+19
-3.73078e+17
8.59529e+14
5.73541e+14
5.0088e+14
-6.01537e+17
-1.24203e+19
3.47809e+15
9.08081e+14
8.93854e+14
9.10499e+14
9.09992e+14
7.26617e+16
8.82033e+14
-8.55231e+18
9.11818e+14
-4.53839e+19
8.47347e+14
2.81035e+19
-8.65899e+18
8.48755e+14
2.12045e+18
-6.06161e+20
9.03337e+14
-2.75501e+18
-5.98378e+20
-3.64048e+17
-1.42969e+17
-1.33824e+17
-3.60768e+17
9.07228e+14
-2.84328e+17
9.08485e+14
9.03084e+14
-5.33431e+17
-1.57051e+17
8.57576e+14
-1.41935e+19
-1.19889e+19
5.76865e+14
-1.20125e+19
9.0066e+14
-5.98476e+20
5.2555e+14
-9.41341e+18
-5.98995e+20
-1.03148e+19
-4.67733e+17
9.14865e+14
-1.34299e+19
-1.11146e+17
-1.16344e+17
9.15569e+14
-3.99274e+20
-1.17179e+19
-1.1208e+17
7.77102e+14
-8.11199e+18
8.90758e+18
-1.25938e+19
-1.0946e+17
8.86398e+14
9.2141e+14
-5.88594e+20
-9.74929e+18
-5.97639e+20
-1.11235e+17
-5.97841e+20
-9.75502e+18
-5.97701e+20
-1.63946e+18
8.62028e+15
-4.4822e+20
-5.96244e+20
5.17127e+14
-5.98221e+20
-6.14038e+20
-1.55038e+19
-5.98049e+20
1.00151e+15
-5.86997e+20
7.60336e+19
-5.97653e+20
1.31456e+14
-8.33368e+18
-3.9242e+18
-5.98659e+20
-1.85907e+16
-1.43732e+20
-9.066e+18
-5.98926e+20
9.14238e+14
-5.98807e+20
-9.35791e+16
-5.97696e+20
-9.9951e+14
-9.06958e+18
-6.01117e+20
-8.49195e+18
-9.19755e+18
-1.80166e+18
8.6385e+14
-1.42512e+20
8.68537e+14
5.90873e+14
-6.03043e+20
-1.42616e+16
-6.01138e+20
-5.85765e+20
9.11425e+14
1.57894e+19
-6.13478e+20
-1.80606e+15
-5.21663e+20
6.58433e+14
-4.46213e+18
9.08561e+14
8.22082e+14
-1.38228e+19
-8.37727e+18
8.85184e+14
-1.72236e+16
8.97477e+14
-5.98621e+20
-5.96439e+20
-2.71587e+16
9.04502e+14
-2.07483e+19
9.23989e+14
-2.60031e+16
-7.41668e+20
-5.96141e+20
9.27356e+14
9.29503e+14
-5.19647e+17
1.04786e+15
-4.58608e+16
9.16e+14
8.75999e+14
-5.60976e+20
-5.98833e+20
-5.98839e+20
1.49708e+17
9.49805e+14
9.21405e+14
-6.10898e+16
-3.9468e+16
2.98516e+14
-1.98711e+16
-6.72962e+15
5.54487e+14
1.06219e+15
-6.00088e+20
-9.32096e+19
-2.58827e+18
1.64766e+19
8.97076e+14
8.31e+15
-5.97799e+20
1.60416e+19
-4.37414e+19
-2.45276e+19
-5.99516e+20
-1.13946e+18
4.13089e+14
-2.10757e+17
-5.99524e+20
5.05816e+14
5.78626e+14
-5.9916e+20
-6.00071e+20
-5.99052e+20
-5.99277e+20
-5.98379e+20
-5.98845e+20
9.7793e+14
-1.12172e+18
2.5407e+14
-2.38934e+16
-2.81267e+15
1.43229e+16
8.93279e+14
-1.62141e+19
-5.95525e+20
-5.87727e+20
-1.50633e+16
-1.06662e+17
-5.98982e+20
-7.14701e+17
7.37584e+14
-5.98015e+20
-6.034e+19
-2.0386e+19
7.44328e+14
9.15702e+14
6.81507e+14
4.55099e+16
8.15371e+14
1.39449e+15
-1.18187e+19
8.47854e+14
1.47455e+19
-5.96261e+20
-5.75846e+20
9.08433e+14
-1.22344e+19
-6.00661e+20
1.72365e+15
-8.22934e+18
-7.61643e+18
-5.97407e+20
-2.14458e+16
1.13755e+15
9.05499e+14
-1.11493e+19
9.12832e+14
-1.00961e+19
-5.97773e+20
-1.43252e+19
8.76952e+14
1.07218e+15
8.98659e+14
9.07056e+14
5.12469e+14
-5.98231e+20
3.29806e+19
-5.9118e+19
-2.09592e+18
-1.18023e+19
-1.18863e+19
2.69863e+14
9.2356e+14
8.84798e+14
9.22672e+14
-1.32315e+18
-1.15868e+19
-1.79825e+19
9.10781e+14
-1.55059e+19
8.84214e+14
-1.64e+18
-1.18801e+19
-4.44445e+16
-5.86862e+20
-5.98963e+20
8.4721e+14
8.96414e+14
8.0465e+14
-1.47036e+19
2.119e+15
8.98707e+14
9.09313e+14
8.67422e+14
-5.65536e+20
-3.5938e+20
9.23669e+14
-2.82346e+20
9.15278e+14
-1.4748e+19
-5.8779e+20
-1.2023e+19
-1.02481e+19
-2.44516e+20
6.76623e+15
8.65917e+14
-5.97784e+20
9.11209e+14
2.08215e+15
-1.61996e+18
-1.70371e+16
-1.14758e+17
-5.97415e+20
-2.28453e+18
8.63824e+14
-4.67842e+17
7.23743e+16
3.0886e+19
-5.97941e+20
-1.03699e+19
-5.97651e+20
8.99086e+14
8.8543e+14
9.13143e+14
-5.36221e+17
-1.60578e+19
-1.3656e+18
-5.99174e+20
-1.16352e+20
9.21784e+14
-1.19714e+19
3.66054e+19
-8.43586e+18
3.59104e+19
-8.48801e+19
-1.65606e+19
-1.15897e+20
5.75215e+14
9.12389e+14
1.04539e+18
9.16133e+14
-2.45635e+19
-5.98594e+20
-3.7961e+20
9.16017e+14
-9.35301e+17
9.11722e+14
-3.79671e+20
9.12706e+14
9.11753e+14
6.47321e+14
9.18257e+14
-1.02768e+19
-1.21704e+19
9.06561e+14
-1.16785e+19
-5.98756e+20
-5.98688e+20
-5.98609e+20
-5.98922e+20
-4.20999e+19
-5.98336e+20
-5.97859e+20
-1.6819e+19
-9.92366e+18
-5.99022e+20
-8.38003e+18
-1.07817e+19
-5.9975e+20
-1.28716e+19
-1.09841e+19
-9.87476e+16
-8.01863e+18
2.94935e+14
-1.0704e+19
9.15284e+14
-5.32702e+20
-9.74896e+19
-9.30016e+18
-1.25979e+19
8.89738e+14
-5.98689e+20
-1.21476e+19
-1.28691e+19
-1.72258e+18
-2.24524e+18
-2.59418e+18
-5.99256e+20
-6.10629e+20
-9.20889e+17
-5.97621e+20
-6.00254e+20
7.37328e+16
8.88755e+14
-5.98824e+20
-1.3305e+19
-5.97936e+20
-4.862e+19
-1.02804e+16
-5.98988e+20
-1.66453e+19
8.96135e+14
2.99393e+15
8.90445e+14
9.14097e+14
9.6056e+14
9.51672e+14
9.02534e+14
8.89164e+14
-1.30218e+19
8.51575e+13
-1.45792e+19
-4.28395e+16
-5.98899e+20
9.02386e+14
-5.95728e+20
-2.14605e+20
5.7465e+14
-1.04324e+17
-1.02961e+17
-5.76163e+20
2.09697e+17
9.08092e+14
9.16162e+14
-5.67235e+20
-5.65363e+20
-5.69373e+20
-5.9513e+20
-5.95289e+20
-5.9538e+20
-1.18192e+17
-1.54576e+17
1.05309e+17
7.94106e+16
9.30509e+16
8.24256e+16
8.83312e+14
7.97349e+14
8.31925e+14
8.69364e+14
8.1114e+14
8.70348e+14
8.05096e+14
8.69697e+14
4.38055e+14
4.37803e+14
8.42266e+14
5.62734e+14
2.03324e+15
-1.39024e+17
-2.05222e+16
-3.33017e+16
-2.18673e+16
-5.78245e+16
-1.25928e+17
-3.94121e+16
-6.23368e+16
-2.75955e+18
-8.20058e+18
-8.28626e+18
-8.33375e+18
9.15668e+14
-5.98666e+20
9.15838e+14
-6.0502e+20
5.2844e+14
9.15849e+14
-6.04391e+20
-5.98581e+20
-6.00704e+20
-5.98666e+20
-5.99656e+20
-5.97381e+20
-5.8858e+20
-5.95354e+20
-5.97343e+20
-5.9764e+20
-5.98e+20
-5.9641e+20
-5.96697e+20
-5.97499e+20
-5.96488e+20
-6.00457e+20
-6.00553e+20
-5.99836e+20
-5.9957e+20
-6.00901e+20
-5.98734e+20
-5.98219e+20
-6.00694e+20
-5.98666e+20
-5.38529e+20
-5.38807e+20
-8.15612e+18
-8.10781e+18
-8.27925e+18
-8.338e+18
-8.47773e+18
-8.56464e+18
-1.06081e+19
-1.06127e+19
-1.23409e+19
-1.23689e+19
-1.12037e+19
-1.22151e+19
-1.30656e+19
-1.31096e+19
-1.22234e+19
-1.30955e+19
-1.2568e+19
-1.31296e+19
-1.31149e+19
-1.24525e+19
-1.18871e+19
-1.16072e+19
-1.1993e+19
-1.16171e+19
-1.15742e+19
-1.13826e+19
-8.46458e+18
-8.89012e+18
-5.33427e+18
-6.52115e+18
-5.485e+18
-3.56518e+18
-3.18045e+18
-3.10758e+18
-1.53797e+18
-5.22604e+17
-5.71289e+17
-4.11474e+17
-3.81757e+17
-3.54123e+17
-3.27672e+17
-2.92964e+17
-1.91184e+17
-1.73507e+17
-2.03004e+17
-1.92451e+17
-1.70302e+17
-1.92849e+17
-1.57075e+17
-1.58416e+17
-1.57889e+17
-1.32265e+17
-1.31809e+17
-1.38949e+17
-1.12116e+17
-1.20113e+17
-9.33411e+16
2.99048e+15
-1.58904e+15
3.09707e+15
3.48078e+15
-3.58888e+20
6.29032e+14
6.30333e+14
1.16844e+15
1.16926e+15
1.18031e+15
1.01122e+15
1.01113e+15
1.01223e+15
1.00055e+15
9.28431e+14
9.78362e+14
3.96873e+14
2.94276e+14
3.76159e+14
8.71375e+14
1.03261e+15
9.29395e+14
8.89579e+14
8.86553e+14
1.0124e+15
1.01985e+15
1.02491e+15
9.52611e+14
9.68789e+14
9.56944e+14
9.54304e+14
9.59139e+14
8.97529e+14
5.10119e+14
8.68999e+14
8.80517e+14
8.41076e+14
8.47618e+14
8.50991e+14
8.48329e+14
8.99185e+14
8.51009e+14
9.03766e+14
8.89699e+14
8.98079e+14
8.99405e+14
9.07873e+14
9.08338e+14
8.70634e+14
9.10452e+14
9.9869e+14
5.70617e+14
6.28964e+14
6.29646e+14
5.75987e+14
5.71897e+14
6.46308e+14
6.41285e+14
6.29648e+14
6.43531e+14
1.39517e+15
1.38451e+15
1.37763e+15
9.60457e+14
4.02021e+14
6.16767e+14
2.51396e+15
5.00604e+14
2.41824e+15
1.85659e+15
8.17368e+16
8.16767e+16
6.27373e+16
8.17882e+16
8.23028e+16
6.26865e+16
8.25397e+16
6.7997e+16
7.81744e+16
6.75493e+16
7.80593e+16
7.80679e+16
7.28184e+16
7.84525e+16
7.75985e+16
7.71956e+16
7.17682e+16
4.6678e+16
4.72926e+16
5.6504e+16
5.13161e+16
5.19343e+16
5.34991e+16
1.56219e+17
3.76865e+16
1.87678e+17
1.45683e+17
2.5879e+17
2.3076e+17
1.5999e+17
2.36097e+17
2.61503e+17
9.39146e+16
-1.701e+17
-7.1255e+16
-2.8535e+17
-9.99429e+16
-7.61636e+16
-1.4411e+17
-1.43333e+17
-6.21927e+17
-3.20948e+17
-1.52859e+17
-6.61967e+17
-5.17457e+17
2.26577e+17
9.27022e+17
1.29812e+18
1.27476e+17
1.16224e+18
8.585e+18
1.89138e+18
9.22653e+18
-3.96013e+18
3.29964e+19
-6.4691e+19
-6.76955e+19
-5.9105e+19
-7.22997e+19
-5.40513e+19
-3.46077e+19
6.85079e+19
-2.73009e+20
-1.3479e+20
-1.21074e+20
-1.51659e+20
-4.00057e+20
-4.70737e+20
-6.35702e+20
-5.49187e+20
6.2225e+21
-1.27934e+21
-3.79503e+20
6.26322e+21
-5.93951e+20
-6.12507e+20
-6.13994e+20
-6.02821e+20
-5.79803e+20
-6.0138e+20
-5.82321e+20
-6.1209e+20
-6.11783e+20
-5.8258e+20
-5.8907e+20
-5.88355e+20
-5.9757e+20
-5.9555e+20
-5.95727e+20
-5.95431e+20
5.33957e+14
-5.98387e+20
-5.98375e+20
-5.98642e+20
-5.98698e+20
-5.981e+20
-5.99079e+20
-5.99082e+20
-5.98028e+20
-5.97649e+20
-5.997e+20
-5.98154e+20
-5.98689e+20
-6.0072e+20
-5.39632e+20
-5.39387e+20
-5.21664e+20
-9.14117e+19
-1.21972e+19
-1.12692e+19
-8.62358e+18
-6.66216e+18
-5.4634e+18
-2.56853e+17
-1.44256e+17
-1.32852e+17
-2.33013e+15
-2.11349e+16
2.94199e+15
6.26702e+14
1.1849e+15
1.00111e+15
1.16861e+15
2.05888e+14
2.50969e+14
8.83027e+14
9.15569e+14
9.47137e+14
5.84442e+14
6.4841e+14
8.44789e+14
8.49043e+14
8.14503e+14
5.77121e+14
5.70366e+14
5.78336e+14
5.8314e+14
5.81483e+14
6.32469e+14
1.30584e+15
1.01071e+15
1.34447e+15
1.208e+15
1.38849e+15
1.23564e+15
8.20427e+16
8.23296e+16
8.20014e+16
6.76727e+16
7.24914e+16
4.82296e+16
7.12949e+16
7.69761e+16
5.57511e+16
1.56334e+16
4.5596e+16
2.01321e+17
2.17089e+17
1.65428e+17
1.98079e+17
-7.47513e+16
-2.16427e+17
-2.57202e+17
-5.53205e+16
3.70552e+16
1.21081e+18
1.19119e+18
1.5374e+18
1.39969e+18
9.49475e+18
1.37097e+19
9.02751e+18
-6.13415e+19
6.99928e+19
-2.89028e+20
-4.60467e+20
-5.16362e+20
-1.23412e+21
-4.10249e+20
6.22177e+21
-6.15082e+20
-5.98813e+20
-5.89281e+20
-5.91641e+20
-6.00605e+20
-7.65044e+19
-6.00408e+20
-5.96145e+20
-5.95679e+20
-5.89139e+20
-5.96122e+20
-5.99505e+20
-5.9832e+20
-5.98089e+20
-5.98089e+20
-5.98211e+20
-5.97382e+20
-5.9774e+20
-5.97908e+20
-5.97966e+20
-5.97908e+20
-5.97879e+20
-5.97885e+20
-5.9787e+20
-5.98063e+20
-5.98196e+20
-5.98183e+20
-5.9818e+20
-5.98377e+20
-5.98383e+20
-5.98442e+20
-5.98355e+20
-5.98286e+20
-5.98261e+20
-5.98304e+20
-5.9833e+20
-5.98182e+20
-5.98198e+20
-5.98256e+20
-5.98248e+20
-5.98782e+20
-5.99423e+20
-5.99107e+20
-6.00037e+20
-6.00084e+20
-6.00081e+20
-5.98766e+20
-5.99707e+20
-5.98202e+20
-2.64319e+19
-1.55591e+19
-1.21337e+19
-1.34367e+19
-1.34104e+19
-9.06494e+18
-8.8002e+18
-8.7939e+18
-8.58219e+18
-8.39485e+18
-8.42011e+18
-8.41581e+18
-8.2784e+18
-8.47944e+18
-1.22314e+19
-1.29907e+19
-1.30281e+19
-1.32609e+19
-1.34023e+19
-1.30405e+19
-1.33861e+19
-1.2912e+19
-1.37404e+19
-1.29242e+19
-7.6557e+18
-3.95146e+18
-3.37008e+18
-2.33972e+18
-2.19812e+18
-1.8606e+18
-2.11511e+18
-1.83607e+18
-1.48761e+18
-1.06166e+18
-1.15422e+18
-1.0355e+18
-6.91176e+17
-6.33168e+17
-8.13356e+17
-5.38865e+17
-4.90718e+17
-4.91834e+17
-4.32133e+17
-3.90558e+17
-4.05636e+17
-3.07883e+17
-3.12363e+17
-2.65194e+17
-2.52774e+17
-2.83696e+17
-2.15772e+17
-2.07971e+17
-2.05373e+17
-1.38852e+17
-1.27849e+17
-1.30489e+17
-8.22187e+16
-8.57371e+16
-8.41126e+16
-5.9075e+16
1.69932e+14
7.59794e+14
8.18205e+14
6.99541e+14
6.54424e+14
9.18733e+14
9.15121e+14
9.14553e+14
9.16997e+14
9.21003e+14
9.13117e+14
9.11591e+14
9.18898e+14
9.18623e+14
9.12454e+14
9.16133e+14
9.16891e+14
9.14672e+14
9.15373e+14
9.15983e+14
9.24101e+14
9.13225e+14
9.07224e+14
9.14252e+14
9.10476e+14
9.08427e+14
9.13723e+14
9.10754e+14
9.12534e+14
9.54464e+14
9.12421e+14
9.06324e+14
9.0401e+14
8.95414e+14
8.81354e+14
8.82599e+14
7.6317e+14
7.55092e+14
8.06764e+14
8.82837e+14
8.9609e+14
8.93471e+14
8.89482e+14
8.60131e+14
8.60845e+14
8.87815e+14
8.90066e+14
8.97674e+14
8.99449e+14
9.08449e+14
9.10883e+14
9.1005e+14
-3.58809e+20
9.27561e+14
9.20956e+14
9.24096e+14
8.84859e+14
7.89785e+14
3.95216e+14
5.24384e+14
5.71855e+14
5.57909e+14
5.79928e+14
5.74421e+14
5.79511e+14
5.80227e+14
6.18626e+14
5.73372e+14
5.87264e+14
6.17326e+14
6.24152e+14
7.69343e+14
1.10134e+15
6.03421e+14
4.56934e+14
3.35792e+13
4.40533e+14
1.99074e+15
1.15806e+15
-2.05208e+14
1.25742e+15
-3.59078e+20
1.74563e+15
8.18399e+16
6.2597e+16
-4.8729e+19
6.80279e+16
7.30816e+16
6.49145e+16
6.44337e+16
-4.84904e+19
6.7773e+16
7.20228e+16
6.0957e+16
5.53569e+16
3.60701e+16
3.66837e+16
4.17417e+16
5.55613e+16
-1.10395e+16
-1.87974e+16
-7.26724e+16
-7.39637e+16
-7.3913e+16
-5.5156e+16
-5.94292e+16
-5.79014e+16
-4.16464e+16
-5.0493e+16
-4.4243e+16
-3.726e+16
-4.63102e+16
-7.0127e+16
-6.10481e+16
-1.28165e+17
-1.6264e+17
-2.35763e+17
-3.37602e+17
-3.30696e+17
-4.18985e+17
-3.22609e+17
-3.6092e+17
-3.94687e+17
-4.09632e+17
-5.73872e+17
-5.02338e+17
-4.98948e+17
-7.95121e+17
-1.20929e+18
-9.82388e+17
-2.51279e+18
-1.77683e+18
-4.83896e+19
-2.52446e+18
-6.65054e+18
-8.73904e+18
9.48103e+19
6.61544e+19
9.25644e+19
-6.11724e+20
-6.09863e+20
-6.10988e+20
-6.12971e+20
-6.10568e+20
-6.14453e+20
-6.10261e+20
-4.19998e+20
-1.25979e+21
-5.99123e+20
-4.86545e+19
-5.98957e+20
-5.98672e+20
-5.99129e+20
-5.99066e+20
-5.98672e+20
-5.99088e+20
-5.99151e+20
9.16003e+14
-5.98969e+20
-5.98999e+20
-5.98996e+20
-5.98829e+20
-5.98673e+20
-5.98805e+20
-5.98791e+20
-5.98252e+20
-5.98721e+20
-5.9842e+20
-5.98355e+20
-5.98335e+20
-3.36249e+16
9.22636e+14
9.1982e+14
-1.24439e+19
-1.53589e+19
-1.25061e+19
-5.98311e+20
-5.98291e+20
-5.9831e+20
-5.98366e+20
-5.97968e+20
-5.98305e+20
-5.98353e+20
-5.98508e+20
-5.98523e+20
-5.98579e+20
-5.98548e+20
-5.98568e+20
-5.98576e+20
-5.98555e+20
-5.9867e+20
-5.98594e+20
-5.98695e+20
-5.98577e+20
-5.98234e+20
3.86252e+16
-5.98584e+20
-5.9862e+20
-5.98579e+20
-5.99028e+20
-6.00102e+20
-6.0016e+20
-6.0005e+20
-5.99408e+20
-5.38945e+20
-4.61222e+20
-4.65773e+19
-2.46741e+19
-2.19808e+19
-2.19248e+19
-1.3355e+19
-1.18266e+19
-1.23311e+19
-1.23871e+19
-1.18694e+19
-1.09039e+19
-8.98267e+18
-2.60213e+15
5.54988e+14
-4.54981e+13
4.61995e+14
-1.07167e+15
-1.18536e+19
-1.19319e+19
-1.37538e+19
-1.23648e+19
-1.43424e+19
-1.4108e+19
-1.4359e+19
-1.42158e+19
-1.47477e+19
-1.45792e+19
-1.09213e+19
-1.33928e+19
-4.85529e+18
-3.4988e+18
-3.13973e+18
-2.90042e+18
-2.45775e+18
-2.08339e+18
-1.62016e+18
-1.7387e+18
-1.6906e+18
-1.9849e+18
-1.30983e+18
-1.16682e+18
-9.30167e+17
-9.5987e+17
-5.16815e+17
-4.85182e+17
-6.1101e+17
-8.35177e+17
-4.63605e+17
-3.92824e+17
-5.38857e+17
-3.18065e+17
-3.56617e+17
-2.22131e+17
-2.34718e+17
-2.13325e+17
4.3538e+14
-2.89971e+17
-1.8546e+17
-1.78807e+17
-1.89019e+17
-1.57867e+17
-1.34945e+17
-1.31919e+17
-1.28745e+17
-9.40498e+16
-7.03841e+16
-4.244e+15
-1.02038e+17
-4.50926e+16
8.87415e+14
8.89305e+14
4.94337e+14
6.54834e+14
5.19896e+14
8.52957e+14
5.75116e+14
8.49375e+14
8.99678e+14
9.16694e+14
9.11059e+14
9.2441e+14
9.12497e+14
9.05915e+14
9.13842e+14
9.14469e+14
9.14655e+14
9.15255e+14
9.15012e+14
9.15965e+14
9.15828e+14
9.16453e+14
9.16412e+14
9.16921e+14
9.15965e+14
9.16027e+14
9.16647e+14
9.16639e+14
9.17197e+14
9.24799e+14
9.16442e+14
9.15954e+14
9.25026e+14
9.19477e+14
9.14154e+14
9.13598e+14
9.15932e+14
9.15089e+14
9.16792e+14
9.08957e+14
9.0808e+14
9.11195e+14
9.12998e+14
8.96937e+14
9.05513e+14
8.95183e+14
8.71966e+14
8.89915e+14
8.94615e+14
8.73997e+14
8.0004e+14
8.50826e+14
9.282e+14
8.85277e+14
8.81481e+14
8.869e+14
9.01809e+14
9.00614e+14
8.98463e+14
8.96886e+14
8.95263e+14
8.97423e+14
8.97453e+14
8.97516e+14
9.07828e+14
9.06331e+14
9.04868e+14
9.00283e+14
9.10612e+14
9.11131e+14
9.10362e+14
9.1537e+14
9.14699e+14
9.15454e+14
9.15827e+14
9.1424e+14
9.14653e+14
9.14849e+14
9.14603e+14
3.93914e+14
7.77249e+14
5.28468e+14
3.9683e+14
-1.33621e+16
5.14106e+14
5.21509e+14
5.33526e+14
5.51579e+14
3.97257e+14
5.39359e+14
5.88609e+14
3.43097e+14
-7.4216e+14
-7.04e+14
-2.4326e+15
8.60555e+14
-3.3915e+15
-2.77771e+15
-6.86198e+15
-5.64768e+15
-7.0667e+15
2.40239e+14
4.13083e+16
5.19745e+16
5.76566e+16
5.91427e+16
5.88323e+16
5.88963e+16
-6.35157e+19
-6.36397e+19
-3.14646e+19
-5.46756e+19
-1.4458e+16
-1.85048e+16
-1.10595e+16
4.14108e+16
-2.24974e+16
-2.44237e+16
-1.88123e+16
-2.44501e+16
-9.75438e+16
-1.04224e+17
-4.55287e+16
-1.04962e+17
-6.45537e+16
-4.71663e+16
-1.22144e+17
-1.28824e+17
-3.78536e+16
-1.23302e+17
-1.54762e+17
-1.41954e+17
-1.45579e+17
-1.97853e+17
-1.80354e+17
-6.3726e+16
-1.87451e+17
-2.76969e+17
-2.70384e+17
-2.9066e+17
-3.93364e+17
-3.36948e+17
-3.70727e+17
-3.55726e+17
-4.01855e+17
-1.34942e+16
-5.52124e+17
-4.95826e+17
-4.38258e+17
-8.8341e+17
-1.07419e+18
-5.23263e+17
-9.95626e+17
-5.76409e+17
-1.27183e+18
-1.17351e+18
-5.16671e+17
-1.72139e+18
-9.60056e+17
-2.18678e+18
-2.22499e+18
-2.27502e+18
-2.69635e+18
-3.52854e+18
-4.18907e+18
-1.82017e+18
-2.55211e+18
-6.40613e+18
-6.00449e+20
-8.12686e+19
-5.9839e+20
-5.93998e+20
-6.06686e+20
-6.03104e+20
-6.07741e+20
-6.00974e+20
-6.05147e+20
-6.05262e+20
-6.20012e+20
-7.4037e+20
-6.01063e+20
-6.00978e+20
-6.00793e+20
-6.00199e+20
-5.99271e+20
-5.99249e+20
-5.99274e+20
-5.99018e+20
-5.98991e+20
-5.99115e+20
-5.98998e+20
-5.98999e+20
-5.98986e+20
-5.98786e+20
-5.98926e+20
-5.98858e+20
-5.98878e+20
-5.98731e+20
-5.98782e+20
-5.98668e+20
-5.98791e+20
-5.98764e+20
-1.33106e+16
-1.97995e+16
9.10733e+14
9.239e+14
9.10144e+14
9.11379e+14
9.12565e+14
9.10668e+14
9.13903e+14
-1.21246e+19
-1.21585e+19
9.16084e+14
-1.22227e+19
-1.17702e+19
-3.14203e+19
-2.6277e+19
-1.2577e+19
-1.38348e+19
-5.98472e+20
-5.98645e+20
-5.98421e+20
-5.98565e+20
-6.0009e+20
-6.01258e+20
-5.99831e+20
-6.00887e+20
9.16353e+14
9.16186e+14
9.16448e+14
9.16393e+14
9.16404e+14
-5.98634e+20
-5.98688e+20
-5.98598e+20
-5.98759e+20
-5.98787e+20
-5.98608e+20
-5.98802e+20
-5.98546e+20
-5.98843e+20
-5.98852e+20
-5.98837e+20
-5.98843e+20
-5.99068e+20
-5.99185e+20
-5.9866e+20
-5.99294e+20
-6.00028e+20
-1.21745e+19
-1.20227e+19
-1.20074e+19
-1.36505e+19
-1.71226e+16
-1.82573e+16
-1.54511e+16
-1.88773e+16
-1.23751e+19
-1.20993e+19
-1.22962e+19
-1.58276e+19
-1.59914e+19
-1.49085e+19
-1.46813e+19
-1.61659e+19
-1.45565e+19
-1.52335e+19
-1.46317e+19
-1.14557e+19
-1.15023e+19
-1.24754e+19
-3.93042e+18
-3.46176e+18
-1.257e+18
-7.52497e+17
-4.88735e+17
-6.63367e+17
-4.59709e+17
-2.62996e+17
-3.66722e+17
-2.0057e+17
-2.0707e+17
-1.49803e+17
-1.28597e+17
-1.06626e+17
-1.02619e+17
-1.0478e+17
-5.98729e+20
-5.98679e+20
1.80126e+14
3.13615e+12
4.95838e+14
5.62844e+14
3.16571e+14
2.96145e+14
9.07288e+14
9.08455e+14
9.06557e+14
9.07957e+14
9.06549e+14
9.07024e+14
9.06878e+14
9.09827e+14
9.15236e+14
9.15143e+14
9.16243e+14
9.14557e+14
9.14697e+14
9.1552e+14
9.15904e+14
9.16092e+14
9.11526e+14
9.14349e+14
9.15856e+14
9.14093e+14
9.12772e+14
9.03218e+14
9.01028e+14
8.94485e+14
9.03044e+14
9.01995e+14
8.9958e+14
9.08509e+14
9.00991e+14
-1.90776e+16
-1.41019e+16
-1.50413e+16
9.11637e+14
9.1129e+14
9.15912e+14
9.14459e+14
9.15272e+14
9.14267e+14
9.16008e+14
-1.27183e+16
-2.6736e+15
-1.16659e+16
-1.2563e+16
-1.36573e+16
3.78184e+16
-1.4114e+16
-5.35357e+16
-6.00388e+20
-6.0299e+20
-6.00644e+20
-5.99427e+20
-6.00614e+20
-6.00217e+20
-6.00132e+20
-5.99286e+20
-5.99425e+20
-5.99086e+20
-5.98956e+20
-5.98927e+20
-5.99006e+20
-5.98868e+20
-5.98794e+20
9.16641e+14
-4.1465e+15
-1.32538e+16
-4.27782e+15
-1.20903e+19
-5.98777e+20
-2.43818e+15
4.01592e+16
-6.01755e+20
-1.6504e+15
9.05717e+14
9.0813e+14
-5.99647e+20
-5.99201e+20
9.16449e+14
9.16145e+14
9.11407e+14
9.14004e+14
-3.16214e+17
1.88667e+14
6.78681e+14
5.78531e+14
5.73811e+16
3.66172e+16
-1.86341e+18
-1.09139e+18
-3.77348e+18
-6.21436e+20
-6.11175e+20
-6.08526e+20
-5.95765e+20
-5.98961e+20
-5.98765e+20
4.08925e+16
-1.24461e+19
-5.98584e+20
-5.98562e+20
-6.0002e+20
-7.97027e+17
-4.7192e+17
-5.98696e+20
-1.01271e+17
-8.07921e+16
9.15593e+14
9.16515e+14
9.15607e+14
9.16286e+14
9.17205e+14
3.89626e+16
-1.6822e+16
9.12797e+14
8.8786e+14
9.11879e+14
5.02038e+14
5.05834e+14
5.33461e+14
5.43367e+14
-5.00118e+16
-1.05614e+18
-9.58328e+17
-2.41221e+18
-5.99187e+20
-6.04195e+20
-6.02411e+20
-5.98874e+20
-5.98851e+20
-5.59389e+15
-1.15149e+16
-5.99994e+20
3.15879e+14
-2.53248e+17
-7.36226e+17
-5.98875e+20
-1.95599e+18
-1.2915e+16
9.15864e+14
9.15924e+14
-5.98728e+20
-5.98765e+20
-1.74718e+16
-5.95859e+20
-5.95909e+20
7.1985e+16
7.86717e+14
4.36683e+14
-5.98773e+20
-5.86211e+16
-1.33914e+17
-8.31153e+18
-5.98903e+20
-6.04742e+20
9.15487e+14
-5.98726e+20
-5.98915e+20
-1.23601e+19
-5.99149e+20
-1.14828e+19
-5.99212e+20
-1.42222e+17
1.18189e+15
9.58092e+14
9.97055e+14
8.4895e+14
6.29921e+14
6.30982e+14
6.2748e+14
9.88527e+14
7.749e+16
1.56242e+17
-2.35701e+18
-3.60004e+16
-1.79773e+18
-1.02547e+18
-5.1026e+17
1.09491e+18
1.85496e+17
8.86873e+18
-6.65635e+19
-2.31726e+17
-5.03326e+19
-8.018e+19
-2.82068e+20
-6.13087e+20
-1.358e+17
-6.07491e+20
-1.26417e+17
-6.01383e+20
-5.95849e+20
-3.38534e+19
-5.8414e+20
-5.9553e+20
-1.05098e+20
-5.98689e+20
5.77604e+14
3.93493e+16
-1.67647e+16
-1.20552e+18
9.78365e+18
-6.30306e+20
-6.16825e+20
-5.95564e+20
-1.35506e+16
-5.98978e+20
-6.00692e+20
-5.98993e+20
-3.05351e+18
-3.54857e+17
-3.14775e+17
9.15601e+14
9.16438e+14
9.15956e+14
5.85567e+14
1.00349e+15
7.33153e+14
5.9109e+16
4.14451e+16
-7.10391e+16
-1.26271e+18
-3.54228e+18
9.7798e+19
-6.13985e+20
-6.07482e+20
-6.11953e+20
-5.98986e+20
-1.39058e+16
-5.98312e+20
-5.98757e+20
-1.24728e+19
-5.98627e+20
4.96848e+14
-5.9857e+20
-5.98667e+20
-1.42677e+19
5.22449e+14
-3.47624e+18
-4.55632e+17
-2.80354e+17
-9.75434e+16
-7.50376e+16
-1.00982e+17
9.06723e+14
9.17085e+14
9.16238e+14
-5.97512e+20
-5.97497e+20
-5.97577e+20
-5.97672e+20
6.2537e+14
6.34704e+14
6.29808e+14
6.28058e+14
)
;

boundaryField
{
    Wall
    {
        type            zeroGradient;
    }
    Inlet
    {
        type            zeroGradient;
    }
    Outlet
    {
        type            fixedValue;
        value           uniform 0;
    }
    Empty
    {
        type            empty;
    }
}


// ************************************************************************* //
