/*--------------------------------*- C++ -*----------------------------------*\
| =========                 |                                                 |
| \\      /  F ield         | OpenFOAM: The Open Source CFD Toolbox           |
|  \\    /   O peration     | Version:  2312                                  |
|   \\  /    A nd           | Website:  www.openfoam.com                      |
|    \\/     M anipulation  |                                                 |
\*---------------------------------------------------------------------------*/
FoamFile
{
    version     2.0;
    format      ascii;
    arch        "LSB;label=32;scalar=64";
    class       volScalarField;
    location    "0.10005";
    object      p;
}
// * * * * * * * * * * * * * * * * * * * * * * * * * * * * * * * * * * * * * //

dimensions      [0 2 -2 0 0 0 0];

internalField   nonuniform List<scalar> 
5523
(
10.0169
10.4245
10.0217
10.4666
10.4657
10.4867
10.4967
10.346
10.4885
10.4654
5.11036
7.85581
7.97621
8.52167
8.67775
9.19081
9.98638
9.33537
9.74943
9.90719
10.7402
10.2706
10.4639
10.4241
10.5675
10.4954
10.3898
10.4233
9.86469
10.1959
10.0165
10.3495
10.3464
10.495
5.11002
6.9545
7.85591
7.97627
8.52189
8.67816
9.19154
9.90763
9.98898
9.33629
9.75057
10.35
10.0241
10.4217
9.86567
10.1966
10.5676
10.4644
10.7358
10.2707
10.4632
10.3228
10.4948
10.3894
8.36228
8.38559
9.02109
8.76153
9.04329
8.71351
9.65581
9.40414
9.6656
9.39684
10.2419
9.99652
10.0105
10.2461
9.98946
10.1251
10.1301
10.562
10.5525
10.413
10.4689
10.547
10.5645
10.4208
10.6766
10.5571
10.6705
10.5333
10.5143
10.4836
10.6219
10.5558
10.617
10.4881
10.6138
10.6243
10.5877
10.6044
10.2806
10.2724
10.3214
10.4908
10.3206
10.1596
10.262
10.4795
10.2551
10.3112
10.6181
10.4879
10.6246
10.5907
10.6049
10.4829
10.514
10.621
10.5554
10.6163
5.64631
5.78394
7.94375
7.84076
7.91798
7.84243
7.82013
7.92369
8.46476
8.71175
8.48483
8.66457
8.30279
8.00321
8.23276
7.9618
8.32327
7.97138
8.20644
8.36078
8.6302
8.32396
8.49592
8.40033
8.59094
8.30329
8.35644
8.26198
8.43178
8.57466
8.63221
8.31581
8.30872
7.92677
7.86605
7.9757
8.17933
8.20263
8.33845
8.46065
8.54529
8.56863
8.2588
8.26502
9.06081
9.36101
9.07798
9.34948
8.94169
8.72576
8.86059
8.65851
8.9609
8.69303
8.83745
8.98611
8.68037
8.68997
8.92271
9.03104
9.25035
9.30936
9.01695
8.89435
8.60503
8.6459
8.66242
8.81371
8.8865
9.02906
9.13487
9.24523
9.19682
8.9412
8.9869
9.69209
9.88268
9.97299
9.70101
9.87316
9.62852
9.37976
9.36754
9.58185
9.67367
9.94847
9.91265
9.85632
9.71423
9.4848
9.28247
9.32072
9.31999
9.44038
9.55488
9.61695
9.72787
9.90705
9.78114
9.59141
9.64125
10.5917
10.7567
10.7147
10.7657
10.5731
10.7681
10.7427
10.5777
10.4647
10.5065
10.4127
10.5524
10.4149
10.498
10.5883
10.7477
10.5705
10.6154
10.7456
10.7735
10.5735
10.4462
10.2903
10.3722
10.3728
10.3888
10.4684
10.5042
10.5089
10.5858
10.5483
10.4387
10.5081
10.6807
10.5494
10.6657
10.5653
10.6738
10.6327
10.5382
10.722
10.5549
10.5272
10.5678
10.5605
10.4927
10.5277
10.699
10.5989
10.7418
10.2601
10.3439
10.4226
10.2541
10.3444
10.2147
10.2146
9.99075
10.1599
9.96576
10.2378
9.97409
10.1164
10.1545
10.4227
10.2517
10.354
10.2498
10.3429
10.2065
10.22
9.85174
9.95057
9.90632
10.0492
9.98482
10.124
10.2104
10.3374
10.275
10.1632
10.0888
10.193
8.26187
8.35648
8.68079
8.92307
8.98656
8.69004
9.38027
9.58235
9.62938
9.3684
10.1603
9.9661
10.1548
10.1171
9.99133
10.2385
9.97431
10.507
10.4126
10.4654
10.4979
10.5531
10.5782
10.4147
10.6325
10.722
10.6743
10.5379
9.54821
9.46645
9.55063
9.46474
10.1054
10.1018
9.993
10.02
10.1083
10.1002
9.99079
10.6891
10.6767
10.4742
10.4552
10.4245
10.4691
10.4475
10.5736
10.4832
10.585
10.5845
10.5731
10.4075
10.4912
10.4029
10.3819
10.3464
10.3393
10.5755
10.5892
10.4837
10.5861
10.5766
10.4738
10.4241
10.4548
10.4471
10.4687
5.55295
5.04517
5.65612
5.62952
6.73492
6.93596
6.73393
6.94248
6.15049
5.698
5.70883
6.18606
5.90433
6.79379
6.99847
6.96829
6.80592
6.65854
7.02135
7.17706
7.06378
7.18133
7.05617
7.20099
6.97943
7.16778
7.07054
7.66352
7.74573
7.63833
7.76124
7.94121
7.82235
7.95424
7.8424
8.37559
8.46557
8.32451
8.46818
9.40579
9.40423
9.06388
9.25533
9.017
9.17314
9.08172
9.23783
9.00035
9.3196
9.35878
8.64163
8.53356
8.67003
8.54993
9.0687
9.16807
9.06539
9.14829
9.85267
9.91086
9.97385
9.98481
9.85576
9.97109
9.90945
9.51894
9.36747
9.48523
9.32367
9.52903
9.35699
9.47373
9.48365
9.42621
9.45736
9.41023
9.8446
9.91816
9.90527
9.90995
9.89551
9.86874
9.90155
9.31346
9.2593
9.36643
9.23142
9.70402
9.81439
9.73635
9.77195
10.5799
10.7726
10.6736
10.733
10.5924
10.6642
10.7636
10.446
10.4157
10.431
10.4323
10.4407
10.4406
10.4064
10.6229
10.6443
10.6278
10.6289
10.6091
10.6474
10.6092
10.2881
10.3074
10.3356
10.2721
10.43
10.461
10.4587
10.4318
10.5492
10.5437
10.4652
10.5069
10.5477
10.5632
10.4791
10.4673
10.5172
10.4812
10.5088
10.6637
10.6784
10.4431
10.4529
10.4597
10.4504
10.3198
10.2792
10.6033
10.3095
10.3126
10.4128
10.506
10.4947
10.2416
9.26524
10.3771
10.2207
10.023
9.98392
9.99269
10.005
10.037
10.0377
9.97111
10.3166
10.3618
10.3349
10.3569
10.342
10.3256
10.3575
9.90686
9.87781
9.94255
9.84667
10.1873
10.2655
10.2262
10.213
10.1599
10.2625
10.2554
10.4803
10.3119
10.2833
10.2734
10.4912
10.3229
10.3215
5.64516
5.78291
7.81991
7.84251
7.924
7.94411
7.83912
7.91711
8.57472
8.31594
8.43189
8.63226
7.86602
8.20257
8.30898
7.92676
7.976
8.17945
8.54544
8.26517
8.33854
8.46091
8.56858
8.2589
8.38575
8.36122
8.71248
8.48485
8.46353
8.66307
8.00422
8.23282
8.3243
8.30153
7.961
7.97032
8.20515
8.63062
8.32419
8.40019
8.35962
8.4951
8.58932
8.30247
9.25081
9.0174
9.03152
9.31036
8.64626
8.8869
8.89495
8.60526
8.6625
8.81431
9.24575
8.98739
9.02909
9.13579
9.19769
8.94158
8.76273
9.04488
9.02019
8.71213
9.36382
9.07965
9.06011
9.35009
8.72681
8.86108
8.96176
8.94045
8.65806
8.69185
8.83742
9.91304
9.71466
9.6744
9.94913
9.85675
9.32129
9.55546
9.4856
9.28271
9.32015
9.44138
9.90757
9.6418
9.61721
9.72887
9.78196
9.59164
9.40606
9.66888
9.65673
9.39681
9.88467
9.70352
9.69287
9.97424
9.8751
10.252
10.3541
10.4235
10.2201
10.2064
10.2504
10.3441
9.95111
10.1247
10.0502
9.85138
9.90627
9.98638
10.3383
10.1935
10.1626
10.2138
10.2766
10.0872
10.244
9.99778
10.1315
10.1271
10.0117
10.2474
9.99053
10.4232
10.2606
10.3442
10.2152
10.2151
10.2549
10.3458
10.5709
10.6154
10.7484
10.5733
10.7465
10.5882
10.7744
10.3725
10.4694
10.4459
10.2861
10.3725
10.392
10.5863
10.5082
10.5029
10.5095
10.5498
10.4378
10.4691
10.5496
10.4125
10.5643
10.5458
10.5618
10.4209
10.7646
10.7509
10.7117
10.767
10.5715
10.5911
10.7423
10.5678
10.4019
10.5275
10.5554
10.5282
10.5605
10.4921
10.4684
10.7417
10.6998
10.5996
10.5546
10.6676
10.6753
10.5312
10.5482
10.6632
10.6799
10.5658
10.2568
8.37254
8.37741
8.95841
9.01991
9.03146
8.88934
9.03488
8.89561
8.96543
8.88837
8.89585
8.75953
8.88815
8.89747
8.97714
9.04167
9.05661
8.91571
8.9766
9.0553
8.9137
8.87106
8.8712
8.73629
8.87304
8.86522
9.58729
9.67688
9.58886
9.67598
9.49582
9.41766
9.51083
9.40265
9.4959
9.41666
9.50922
9.53088
9.46174
9.44725
9.53313
9.57045
9.65869
9.65915
9.57264
9.48016
9.49952
9.3822
9.40254
9.40215
9.48753
9.48297
10.1248
10.139
10.2415
10.252
10.1273
10.1369
10.2472
10.1037
10.0128
10.0907
9.98167
10.0951
9.98624
10.0954
10.125
10.2444
10.1254
10.2407
10.1339
10.2523
10.1197
10.7764
10.7027
10.5805
10.6097
10.7557
10.7259
10.687
10.6553
10.5375
10.7354
10.6728
10.6435
10.6942
10.7178
10.7253
10.6587
10.5838
10.7376
10.5701
10.7722
10.6612
10.5803
10.6929
10.7218
10.6846
10.7579
10.4996
10.5131
10.5146
10.5222
10.4938
10.5094
10.5145
10.5246
10.4585
10.5892
10.5391
10.5837
10.5604
10.6123
10.5832
10.5505
10.5409
10.5687
10.6103
10.5557
10.542
10.5415
10.5748
10.5319
10.6464
10.5994
10.6716
10.6479
10.6043
10.595
10.4997
10.5958
10.6078
10.5851
10.6086
10.5436
10.6143
10.5977
10.5396
10.5993
10.6058
10.6334
10.6087
10.5494
10.639
10.5614
10.6184
10.6224
10.6709
10.5836
10.6376
10.6735
10.6428
10.655
10.6824
10.6117
10.7024
10.6697
10.2755
10.281
10.3961
10.3182
10.3917
10.5085
10.4033
10.4154
10.327
10.3874
10.4035
10.1977
10.246
10.4339
10.3956
10.3696
10.2608
10.2518
10.2876
10.3715
10.2875
10.335
10.6114
10.5453
10.602
10.616
10.54
10.6109
10.6015
10.5957
10.5001
10.5958
10.6088
10.5852
10.6342
10.609
10.64
10.5495
10.5619
10.6232
10.6187
10.677
10.6429
10.585
10.6457
10.6759
10.6554
10.6123
10.6829
10.6705
10.7033
10.5241
10.4579
10.5881
10.5827
10.5385
10.4992
10.5128
10.5218
10.5142
10.509
10.5141
10.4936
10.5598
10.6114
10.5498
10.5826
10.6092
10.5681
10.5403
10.5553
10.5413
10.5416
10.5315
10.5745
10.6452
10.6707
10.5988
10.6036
10.6472
5.62112
5.34058
6.16625
6.40587
6.17535
6.3954
5.72801
5.81808
6.26418
6.42017
6.45968
6.25653
6.99271
6.98684
6.65071
6.49868
6.65208
6.48913
6.76456
7.02848
6.70392
6.97563
7.0674
7.05124
6.68216
6.47442
6.54287
6.64945
5.92829
5.66868
6.321
6.22795
5.75805
6.32889
6.41992
6.30658
6.08747
6.4629
6.24448
6.43347
6.35467
6.01903
6.35051
6.34094
6.70498
6.95673
7.11862
6.88162
6.72905
6.79655
7.01243
7.08075
7.09639
6.66906
6.50136
6.38522
6.66247
6.66405
6.53964
7.17642
7.02376
6.58247
6.52893
6.74802
6.3817
6.58097
6.68541
6.42623
7.42491
7.48935
7.52177
7.40633
7.33247
7.2147
7.34392
7.20531
7.20617
7.07477
7.09835
7.18796
7.39507
7.5107
7.40524
7.50184
7.37268
7.29799
7.26049
7.35181
7.77579
7.6665
7.53432
7.69666
7.57166
7.76696
7.74672
7.94003
7.83708
7.93994
7.75658
7.83502
7.93036
7.76485
7.69396
7.56991
7.77426
7.68789
7.56324
7.75702
7.84373
7.93651
7.90896
7.83852
7.7306
7.93349
7.26385
7.51094
7.40021
7.38273
7.12426
7.02077
7.09797
7.18152
7.0176
7.22281
7.25207
7.0622
7.21401
7.14648
7.25479
7.37791
7.35456
7.18639
7.36866
7.20903
7.3106
7.14273
7.36163
7.29449
7.39968
7.21736
7.40839
7.71445
7.69944
7.56079
7.82524
7.61102
7.45522
7.71914
7.79368
7.84935
7.71551
7.65726
7.75681
7.8259
7.59428
7.47394
7.4179
7.56432
7.46518
7.69774
7.86873
7.92223
7.84909
7.74817
7.80681
7.85363
7.66393
7.68734
7.42056
7.61965
7.70253
7.49749
8.46503
8.53238
8.55347
8.62119
8.70845
8.61639
8.47849
8.57754
8.57025
8.57655
8.68665
8.59601
8.1636
8.30414
8.12854
8.31705
8.1653
8.33713
8.1449
8.11009
7.9607
8.11184
8.00078
8.11884
8.10889
7.95443
8.17184
8.32338
8.1866
8.35458
8.17769
8.18273
8.34358
8.10496
8.06828
7.9924
7.92795
8.09448
7.95179
8.08031
8.51748
8.37935
8.45057
8.36873
8.46701
8.38502
8.49805
8.53131
8.39485
8.48893
8.40284
8.53942
8.48565
8.39433
8.3363
8.27893
8.49133
8.38747
8.45621
8.57876
8.46771
8.48246
8.53945
8.60438
8.51088
8.32586
8.40021
8.41546
8.10661
8.13117
8.29271
8.27245
8.13936
8.10686
8.25468
7.98582
7.84796
7.90736
8.0069
7.9804
7.88501
8.00841
8.03297
8.15597
8.02487
8.12817
8.01132
8.0654
7.9369
7.92195
7.89119
8.06818
8.00832
8.07216
8.22214
8.08213
8.17745
8.0667
8.09702
8.19083
8.42205
8.42993
8.34572
8.3226
8.46344
8.40732
8.30875
8.42456
8.5391
8.54366
8.44231
8.42843
8.44907
8.52071
8.29213
8.19105
8.37931
8.1977
8.34869
8.28127
8.37126
8.25681
8.34914
8.38205
8.25342
9.16643
9.05608
9.08436
9.17433
9.08515
9.16773
9.16434
9.24887
9.35252
9.24058
9.35845
9.24889
9.35456
9.24034
9.40034
9.38901
9.18833
9.07713
9.10511
9.19218
9.18784
9.10581
9.19009
9.22856
9.22978
9.33629
9.34559
9.33383
9.21798
9.22402
8.92783
8.99808
8.86394
8.97941
8.93942
8.98234
8.86592
8.8301
8.67342
8.76084
8.80186
8.78008
8.83262
8.85086
8.67738
8.85584
8.8337
8.88267
8.93953
8.94087
8.84089
8.88318
8.96731
8.84611
9.12479
9.05564
9.13193
9.03264
9.13491
9.05077
9.12619
9.38207
9.38222
9.22411
9.29359
9.27702
9.21254
9.25833
9.18676
9.30431
9.21044
9.19815
9.32557
9.30729
9.20262
9.20518
9.32422
9.12654
9.01188
9.03737
9.09366
9.10116
9.04178
9.09948
8.69797
8.61395
8.62926
8.71393
8.72262
8.60307
8.72995
8.71149
8.94162
8.74071
8.81914
8.76745
8.89291
8.81924
8.91878
8.77395
8.80258
8.86153
9.10959
9.22136
9.22845
9.16764
9.10958
9.14287
9.19516
8.98033
8.92385
8.99522
8.89436
9.02963
8.97154
9.06836
8.9129
9.03048
9.06059
8.9412
9.84024
9.84759
9.7204
9.84119
9.71857
9.84692
9.84534
9.97713
9.9058
9.96109
9.96442
9.90059
9.83978
9.82701
9.69835
9.83606
9.70386
9.83779
9.83633
9.48312
9.43717
9.4983
9.42263
9.55748
9.57111
9.56873
9.62943
9.4557
9.39351
9.34966
9.41842
9.4443
9.37577
9.42976
9.5377
9.63189
9.54476
9.6139
9.44775
9.46341
9.37937
9.36309
9.45911
9.37797
9.45014
9.53088
9.58415
9.60231
9.53873
9.5493
9.6005
9.50844
9.83434
9.93193
9.8891
9.93654
9.88428
9.82479
9.92947
9.77393
9.78606
9.79898
9.78189
9.80905
9.71127
9.82358
9.88523
9.86598
9.84522
9.87106
9.80056
9.88022
9.80575
9.68108
9.83269
9.80651
9.816
9.68245
9.74763
9.66243
9.72003
9.75083
9.73083
9.68644
9.73096
9.36062
9.29909
9.30094
9.42799
9.44987
9.26923
9.38963
9.39954
9.52589
9.4153
9.47673
9.4394
9.5453
9.45997
9.53874
9.47012
9.46595
9.51681
9.74646
9.87756
9.83655
9.80758
9.79026
9.75818
9.8148
9.62799
9.57178
9.66292
9.55819
9.66896
9.61844
9.72296
9.62139
9.7052
9.69242
9.5977
10.6154
10.7718
10.7982
10.6796
10.7002
10.8078
10.5962
10.4888
10.5017
10.5076
10.515
10.5031
10.4915
10.5188
10.4132
10.4188
10.3837
10.4333
10.4342
10.4137
10.3821
10.4684
10.4909
10.5055
10.493
10.4965
10.495
10.4698
10.6308
10.7605
10.7818
10.6813
10.8106
10.609
10.6694
10.5827
10.5775
10.5724
10.5631
10.577
10.5686
10.5614
10.5981
10.6461
10.5934
10.614
10.6063
10.5878
10.6589
10.5763
10.5399
10.5643
10.5592
10.5808
10.5485
10.5511
10.3583
10.3635
10.3419
10.3934
10.39
10.3665
10.3303
10.343
10.3954
10.3722
10.3497
10.4068
10.4397
10.4495
10.4526
10.4369
10.4209
10.4285
10.5053
10.5947
10.5521
10.5584
10.5222
10.5313
10.5142
10.4001
10.4152
10.4447
10.3985
10.4769
10.4847
10.5234
10.4943
10.5204
10.5032
10.466
10.5388
10.6986
10.647
10.4375
10.6677
10.47
10.5112
10.5126
10.5251
10.5116
10.5258
10.469
10.5456
10.5033
10.6548
10.6375
10.4476
10.5141
10.6272
10.4331
10.5542
10.5218
10.794
10.5906
10.7061
10.7595
10.6009
10.683
10.7081
10.6883
10.6244
10.6024
10.6132
10.7523
10.5888
10.6043
10.8253
10.6672
10.6883
10.5761
10.7738
10.7122
10.6931
10.6712
10.6218
10.6286
10.3271
10.5698
10.5195
10.5335
10.565
10.5814
10.5902
10.521
10.5581
10.4553
10.4014
10.469
10.4383
10.5111
10.4933
10.548
10.5874
10.556
10.6068
10.5
10.497
10.6554
10.4495
10.761
10.5125
10.6817
10.4799
10.498
10.4028
10.5421
10.2931
10.4537
10.6127
10.4543
10.7042
10.4515
10.4199
10.3431
10.2727
10.4186
10.5459
10.5151
10.441
10.5957
9.84154
10.5028
10.547
10.5658
10.4762
10.5047
10.5356
10.254
10.5044
10.5459
10.3776
10.3671
10.3335
10.2575
10.2549
10.3711
10.2506
10.332
10.3783
10.2599
10.3314
10.2476
10.2566
10.338
10.3636
10.0582
9.98944
10.0727
9.96619
10.0684
10.0559
9.97195
10.0992
10.1984
10.1688
10.1426
10.1283
10.1032
10.1457
10.0065
10.0056
9.9379
10.0306
10.0168
9.95432
9.99291
10.1115
10.1159
10.2217
10.2168
10.1055
10.1196
10.2026
10.0767
10.1397
10.1034
10.1137
10.1473
10.1228
10.0638
10.2594
10.258
10.2246
10.2411
10.2543
10.2714
10.2131
10.288
10.3546
10.3252
10.3258
10.3277
10.3246
10.2848
10.3194
10.3261
10.2501
10.2396
10.3119
10.3478
10.2315
10.2287
10.2347
10.2769
10.1777
10.2624
10.1854
10.2308
9.94896
9.92736
9.90057
9.99708
10.0162
9.88923
9.95925
9.97541
10.0668
10.0088
10.0227
10.0188
10.0736
10.0751
10.1194
10.0561
10.0293
10.0685
10.2385
10.3159
10.2784
10.287
10.2792
10.2751
10.2507
10.1236
10.1267
10.1756
10.087
10.1777
10.2437
10.1431
10.1768
10.2278
10.1824
10.1335
9.42674
9.45787
9.48424
9.41081
9.99312
10.0054
10.0374
10.0234
9.98439
10.0383
9.97158
10.4315
10.4325
10.4161
10.4409
10.4412
10.4462
10.4064
10.6639
10.6784
10.3467
10.3824
10.3397
10.4909
10.4074
10.403
5.55233
5.04458
5.69746
6.14996
5.7084
6.18544
5.90386
6.96734
6.79343
6.71035
6.99803
6.65801
7.02104
6.80549
5.62835
5.65644
6.93512
6.73339
6.73487
6.94227
6.97912
7.16708
7.20066
7.0504
7.16648
7.07024
7.74558
7.63825
7.66344
7.76114
7.6535
7.06214
7.18005
7.17687
7.05612
7.82232
7.9542
7.94112
7.92156
7.84229
8.46586
8.32481
8.37558
8.46822
9.32008
9.35934
8.53396
8.67038
8.6418
8.55004
9.16867
9.06601
9.06944
9.14899
9.4077
9.40322
9.25595
9.01766
9.0821
9.06366
9.17396
9.23806
9.00055
9.90571
9.91039
9.89594
9.84517
9.91867
9.90209
9.86926
9.25994
9.36703
9.31428
9.2323
9.81507
9.73698
9.70501
9.77291
9.46824
9.5528
9.54798
9.46408
9.91343
9.97724
9.85875
9.85295
9.9861
9.91042
9.97184
9.36819
9.48617
9.52994
9.51981
9.32417
9.35736
9.47496
10.3352
10.3572
10.3624
10.3421
10.3167
10.3577
10.326
9.87842
9.94328
9.9079
9.84759
10.2671
10.2268
10.1873
10.2156
10.1042
9.996
10.1113
10.106
10.0214
10.1016
9.99127
10.6282
10.6291
10.6446
10.6093
10.6478
10.6229
10.6093
10.3078
10.3382
10.2936
10.2703
10.4615
10.459
10.4301
10.4335
10.7301
10.7678
10.6703
10.7603
10.5893
10.5787
10.6628
10.453
10.4598
10.4448
10.3944
10.4507
10.6029
10.4631
10.3119
10.3198
10.2789
10.4131
10.3087
10.6851
10.6748
10.5426
10.4643
10.5461
10.5485
10.507
10.5629
10.4791
10.5158
10.4799
10.4673
10.5079
9.26262
10.2413
10.2206
10.3773
10.5047
10.4939
8.27886
8.33607
8.76106
8.80204
8.83037
8.67352
8.78016
8.94122
8.84131
8.88356
8.88294
8.93982
8.9676
8.84632
8.92763
8.97934
8.99834
8.86423
8.98229
8.8657
8.93955
8.8328
8.67714
8.85085
8.83343
8.85586
9.57164
9.56926
9.5581
9.63005
9.39406
9.41892
9.44482
9.45633
9.35032
9.3764
9.43043
9.60282
9.53921
9.54983
9.53158
9.58483
9.60118
9.50916
9.48334
9.43787
9.42283
9.49914
9.53795
9.63272
9.61418
9.54561
9.44805
9.36316
9.46438
9.38005
9.37828
9.45033
9.45984
10.1987
10.1429
10.1286
10.0996
10.1693
10.1037
10.146
10.0061
10.0309
10.0173
10.0071
9.93829
9.95489
9.99328
10.1402
10.1036
10.1477
10.0773
10.1139
10.1235
10.0639
10.0586
9.98985
10.0732
9.96692
10.0563
9.97232
10.0691
10.112
10.2221
10.2173
10.1164
10.1201
10.203
10.1061
10.5021
10.5152
10.5081
10.5032
10.4918
10.4887
10.5189
10.4192
10.4334
10.4348
10.414
10.3831
10.3823
10.4136
10.506
10.4928
10.4968
10.4684
10.4908
10.4957
10.469
10.6245
10.6131
10.7525
10.6886
10.6021
10.5888
10.6041
10.6833
10.7087
10.6285
10.3265
10.6714
10.6217
10.5697
10.7947
10.7063
10.5909
10.601
10.7601
10.826
10.5762
10.6887
10.6677
10.7128
10.6934
10.7744
10.1981
10.2464
10.2611
10.2522
10.288
10.4343
10.3963
10.3701
10.288
10.3722
10.3354
10.2769
10.2825
10.5081
10.4039
10.4156
10.3968
10.319
10.3919
10.388
10.3281
10.404
5.62073
5.34026
6.32837
6.30608
6.41926
6.22601
6.08729
6.46234
5.66838
5.92815
6.31979
6.22767
5.75717
6.24434
6.35445
6.43251
6.01889
6.34074
6.34964
7.07941
7.09601
6.66849
6.61775
6.38544
6.50067
6.66343
6.5391
6.66181
6.70465
6.95648
7.11742
6.88074
6.79564
7.012
6.7289
7.17531
7.02341
6.5822
6.38157
6.52819
6.74703
6.42609
6.68443
6.58081
5.72726
5.82008
6.40407
6.17372
6.16633
6.39557
6.26255
6.42118
6.25828
6.45796
6.99131
6.98691
6.49747
6.65097
6.65071
6.4892
6.76294
7.02754
6.70402
6.97396
7.06586
7.0494
6.6805
6.47573
6.64972
6.5412
7.0617
7.21334
7.25175
7.14618
7.3541
7.18608
7.25455
7.37753
7.24951
7.36839
7.39923
7.2171
7.29423
7.40808
7.26358
7.51026
7.3824
7.39946
7.12389
7.02062
7.09713
7.18128
7.01724
7.22199
7.2087
7.30974
7.14246
7.36066
7.79347
7.71543
7.65715
7.71893
7.84923
7.7567
7.82571
7.41772
7.56404
7.59412
7.47366
7.46498
7.59145
7.68711
7.42043
7.6194
7.66365
7.70238
7.49725
7.71417
7.6997
7.56069
7.61079
7.45493
7.82509
7.69745
7.84881
7.86882
7.92236
7.80655
7.74811
7.8533
7.21257
7.34168
7.33251
7.20541
7.50935
7.40356
7.3952
7.50184
7.42236
7.48881
7.40551
7.51963
7.20397
7.07437
7.09606
7.18729
7.36992
7.29693
7.25782
7.35071
7.93993
7.83782
7.75599
7.74694
7.93969
7.83487
7.93029
7.69363
7.56937
7.77304
7.7649
7.68769
7.56332
7.77418
7.66585
7.53393
7.76735
7.69545
7.57036
7.75615
7.93566
7.84304
7.90846
7.73035
7.83842
7.93225
8.46794
8.57877
8.4825
8.40022
8.32584
8.41541
8.38712
8.49136
8.45584
8.60403
8.5396
8.51059
7.84792
8.00677
7.98026
7.98565
7.90725
8.00826
7.88483
8.15601
8.02495
8.03288
8.01946
8.12809
8.08229
8.17735
8.06679
8.072
8.22202
8.09691
8.19065
8.10622
8.27213
8.13141
8.293
8.10657
8.2543
8.13966
8.0109
7.92169
8.06578
7.93705
8.00798
7.89086
8.06844
8.53924
8.44256
8.42864
8.42449
8.54367
8.44907
8.52065
8.19121
8.37946
8.29208
8.19763
8.37131
8.25692
8.34916
8.34857
8.28121
8.38198
8.25331
8.42163
8.32238
8.42996
8.34608
8.40707
8.30833
8.4636
8.37721
8.37131
8.62179
8.70765
8.61554
8.57716
8.47773
8.56961
8.46294
8.53104
8.55146
8.68579
8.57529
8.59455
7.96136
8.11266
8.11892
8.10995
8.00062
7.9544
8.10857
8.18718
8.35455
8.17859
8.17168
8.32302
8.18259
8.34329
8.16369
8.30358
8.12736
8.31583
8.14438
8.16462
8.33568
8.10367
7.99234
8.06668
7.92749
7.95155
8.07951
8.09364
8.48911
8.40315
8.53951
8.53071
8.39465
8.48536
8.39393
8.51619
8.37788
8.44909
8.36758
8.49623
8.46606
8.38398
9.29408
9.21302
9.25886
9.22463
9.27758
9.30487
9.1873
9.03783
9.09408
9.10157
9.12697
9.01227
9.04217
9.09993
9.12488
9.03257
9.05611
9.13263
9.05077
9.12621
9.13549
9.38278
9.38251
9.21063
9.30741
9.1989
9.32609
9.32445
9.2052
9.20325
8.61426
8.71414
8.72287
8.69801
8.62936
8.73011
8.60309
8.94199
8.7412
8.71182
8.81952
8.81966
8.91911
8.77435
8.76768
8.89324
8.80287
8.86179
9.22185
9.16818
9.11012
9.11025
9.22905
9.1435
9.19575
8.92437
8.99574
8.98087
8.89489
9.06882
8.91339
9.03095
9.03006
8.972
9.06106
8.94166
8.89782
8.88946
8.88779
8.75859
8.89597
9.05753
8.91712
8.97775
8.97607
9.04049
9.05503
8.91246
8.95821
9.02026
9.03064
8.88847
8.96453
9.03517
8.89551
8.87182
8.73625
8.8698
8.86387
8.87305
9.35458
9.24272
9.25023
9.24781
9.35773
9.23888
9.35383
9.10632
9.19417
9.18934
9.1877
9.07587
9.10471
9.18936
9.16751
9.05706
9.0836
9.17405
9.16381
9.08562
9.16882
9.40082
9.38975
9.22951
9.33753
9.22948
9.34552
9.22354
9.21935
9.33575
9.78654
9.79941
9.78234
9.77455
9.71191
9.80957
9.88575
9.84562
9.87155
9.82414
9.86649
9.88086
9.80109
9.72053
9.75127
9.73136
9.74827
9.66309
9.68711
9.73158
9.8347
9.93229
9.88994
9.93721
9.92983
9.88462
9.82559
9.80606
9.68183
9.83332
9.68276
9.80684
9.81656
9.29963
9.42851
9.45029
9.36131
9.30172
9.39035
9.27004
9.52654
9.41594
9.40051
9.47763
9.46055
9.53923
9.47065
9.44025
9.54606
9.46681
9.51752
9.87788
9.80812
9.79063
9.74707
9.83732
9.75902
9.81525
9.57243
9.6636
9.62892
9.55919
9.72352
9.62185
9.70562
9.66957
9.61929
9.69319
9.59848
9.67938
9.59082
9.58674
9.67576
9.4186
9.51404
9.49762
9.49581
9.40093
9.41616
9.5089
9.53249
9.46222
9.5338
9.44845
9.57197
9.65939
9.57322
9.66146
9.48173
9.38304
9.50036
9.40252
9.48319
9.40279
9.48946
9.84987
9.72287
9.8444
9.84064
9.84755
9.71858
9.84719
9.97961
9.90696
9.96237
9.90315
9.84042
9.96696
9.83049
9.69902
9.83676
9.8398
9.83735
9.70592
10.2584
10.2414
10.2545
10.2596
10.2251
10.2133
10.272
10.3552
10.3258
10.3281
10.2883
10.3252
10.3254
10.2845
10.2351
10.2771
10.2629
10.2294
10.1776
10.1858
10.2309
10.3197
10.2505
10.3267
10.2401
10.2319
10.3123
10.3483
9.92757
9.99766
10.0163
9.9492
9.90133
9.96007
9.88957
10.0677
10.0094
9.97627
10.0239
10.0741
10.1195
10.0562
10.0188
10.076
10.03
10.0685
10.3158
10.2875
10.2788
10.2379
10.2797
10.251
10.2747
10.1273
10.1766
10.1253
10.0875
10.2443
10.1767
10.2278
10.1775
10.1436
10.1834
10.1331
10.1405
10.2546
10.1302
10.1255
10.2425
10.138
10.2478
10.1058
10.0153
10.092
9.98257
10.0967
10.0976
9.98814
10.1269
10.2462
10.2419
10.1267
10.1208
10.1358
10.2542
10.3333
10.2572
10.3721
10.3671
10.2584
10.3324
10.2516
10.3793
10.3321
10.2607
10.2485
10.3385
10.3644
10.2581
10.5778
10.5633
10.5728
10.5772
10.5689
10.5827
10.5613
10.6463
10.6138
10.6065
10.5982
10.5931
10.6593
10.5874
10.7615
10.7826
10.8117
10.6314
10.6817
10.6699
10.6093
10.5645
10.5591
10.5812
10.5769
10.5394
10.5485
10.5506
10.3625
10.3943
10.3898
10.3578
10.3415
10.3684
10.329
10.3974
10.3729
10.3413
10.3542
10.4497
10.4521
10.4356
10.4044
10.442
10.4196
10.4281
10.5944
10.5584
10.5211
10.5052
10.553
10.5309
10.5132
10.4158
10.4456
10.4007
10.3994
10.5239
10.4929
10.5192
10.4741
10.4834
10.5043
10.4643
10.7715
10.797
10.8077
10.6154
10.6785
10.5949
10.7
10.5326
10.5815
10.5897
10.5189
10.5651
10.5587
10.5201
10.5057
10.4011
10.4688
10.4557
10.3773
10.4007
10.4394
10.5477
10.587
10.5553
10.5105
10.4934
10.6069
10.4995
10.7039
10.4541
10.4193
10.4194
10.2719
10.4521
10.3656
10.419
10.3425
9.83993
10.5023
10.5467
10.4409
10.5959
10.566
10.4759
10.4971
10.7611
10.6562
10.4504
10.6819
10.4804
10.513
10.4978
10.4016
10.5424
10.2433
10.4543
10.6125
10.2909
10.546
10.5157
10.6928
10.7177
10.6836
10.6526
10.7318
10.7238
10.538
10.672
10.6424
10.5816
10.7339
10.7235
10.6573
10.5697
10.7767
10.703
10.5792
10.7545
10.6102
10.7724
10.6915
10.5816
10.66
10.7566
10.7223
10.6849
10.5231
10.5118
10.6351
10.4461
10.5128
10.5031
10.6536
10.6259
10.4332
10.5391
10.6991
10.6463
10.4367
10.5104
10.6681
10.4707
10.5123
10.5253
10.4681
10.5461
10.5548
10.521
10.2531
10.505
10.3768
10.5458
10.5042
10.5363
10.6015
10.4979
10.4596
10.4656
10.5979
10.5014
10.4579
9.64998
9.80858
9.62597
9.7431
9.65759
9.80131
9.61776
10.4394
10.3658
10.3601
10.277
10.4252
10.3747
10.3644
10.4926
10.5196
10.4119
10.4745
10.4795
10.5379
10.4211
10.3587
10.3693
10.4836
10.4233
10.3623
10.4819
10.3674
9.93456
9.85756
9.93081
10.0618
9.99007
10.0623
9.98532
10.2805
10.1959
10.2836
10.1756
10.0913
10.1756
10.0858
9.80999
9.6271
9.65863
9.65074
9.74445
9.80259
9.6185
10.423
10.368
10.4836
10.3629
10.3588
10.3673
10.4813
9.93577
9.99128
10.0636
10.0631
9.85756
9.93148
9.98726
10.2812
10.0918
10.1768
10.1757
10.1992
10.2854
10.0843
10.4645
10.4949
10.4588
10.5977
10.5003
10.5997
10.4567
10.3662
10.36
10.4245
10.4387
10.2729
10.375
10.3655
10.5187
10.4115
10.4788
10.4923
10.4743
10.5385
10.4204
9.5495
9.64555
9.61862
9.54344
9.61806
9.53292
9.55167
9.56372
9.66507
9.63141
9.55256
9.56407
9.63274
9.55162
10.6265
10.4767
10.5021
10.4619
10.5157
10.6072
10.4713
7.28398
7.35734
7.28913
7.35616
7.30493
7.33829
7.36788
7.28446
7.40935
7.50635
7.39621
7.50379
7.39978
7.49082
7.50954
7.35934
7.20609
7.36206
7.47362
7.24773
7.29581
7.24821
7.22965
7.49524
7.53071
7.88996
7.41918
7.42212
8.57747
8.7405
8.56433
8.62983
8.58351
8.56186
8.73564
8.56232
8.52734
8.60869
8.70116
8.54167
8.54538
8.72017
8.48234
8.49905
8.66346
8.53782
8.515
8.48175
8.61966
8.99671
8.77122
8.71401
8.72614
8.99681
8.72022
8.76766
8.9878
8.67634
8.70429
8.73785
8.69868
8.75191
8.96829
8.8727
8.68227
8.70272
8.65044
8.67477
8.93476
8.6153
9.73138
9.68448
9.69511
9.83303
9.69322
9.82162
9.73003
9.74588
9.70019
9.70569
9.83732
9.74022
9.70613
9.83878
9.52124
9.59886
9.51876
9.60568
9.52755
9.57381
9.50982
9.66811
9.67328
9.82261
9.66306
9.73165
9.66749
9.77946
10.6254
10.6187
10.507
10.7455
10.6322
10.4898
10.6128
10.6546
10.4968
10.7897
10.636
10.525
10.6419
10.6383
10.5461
10.4492
10.5144
10.4611
10.6036
10.4541
10.4423
10.6343
10.514
10.6429
10.7234
10.6466
10.637
10.5349
10.4389
10.794
10.5393
10.5754
10.3877
10.85
10.5511
10.3687
10.433
10.368
10.4825
10.4992
10.3747
10.3578
10.3397
10.3952
10.3634
10.4731
10.3569
10.4338
10.3558
9.52162
9.60585
9.59975
9.51966
9.57422
9.51004
9.52838
10.4497
10.5153
10.4543
10.5464
10.4618
10.4428
10.6046
10.5699
10.7807
10.5387
10.8072
10.5633
10.3715
10.4204
10.5376
10.7671
10.537
10.7505
10.5261
10.3768
10.3973
7.20573
7.47338
7.36145
7.24751
7.24778
7.29511
7.22914
7.53058
7.49485
7.42181
7.41908
7.88979
7.35651
7.28808
7.28386
7.35581
7.30268
7.33761
7.28387
7.3657
7.50572
7.3966
7.40858
7.50361
7.39814
7.49013
7.35852
7.50761
8.48206
8.53764
8.49907
8.66366
8.48156
8.51526
8.61943
8.74078
8.56482
8.58391
8.57698
8.62975
8.5615
8.73489
8.56153
8.60896
8.52614
8.69874
8.54392
8.54088
8.71921
8.87287
8.65039
8.68193
8.70303
8.61539
8.67474
8.93504
8.77183
8.7148
8.99703
8.99582
8.72581
8.76734
8.72066
8.98733
8.70413
8.67391
8.73621
8.75137
8.96458
8.70139
9.66861
9.66326
9.67408
9.8231
9.6679
9.77941
9.73242
9.63321
9.55484
9.56552
9.56364
9.66506
9.63299
9.55071
9.55098
9.64822
9.61882
9.54386
9.55202
9.6202
9.53438
9.7074
9.8411
9.74181
9.74623
9.70022
9.7065
9.83963
9.73429
9.68635
9.69578
9.83373
9.72953
9.69527
9.82542
10.3956
10.3402
10.3641
10.4738
10.4342
10.3574
10.3565
10.433
10.3695
10.3685
10.4832
10.3748
10.3586
10.4995
10.7242
10.6434
10.6473
10.6349
10.514
10.5353
10.6375
10.4763
10.5026
10.5149
10.6257
10.4624
10.6075
10.4716
10.6157
10.7433
10.5044
10.6111
10.6287
10.6237
10.49
10.6353
10.7896
10.6414
10.654
10.4951
10.6373
10.5254
10.4387
10.5755
10.7949
10.5396
10.8501
10.551
10.3881
10.7638
10.5354
10.5371
10.3955
10.7495
10.5256
10.3774
10.5703
10.7798
10.5377
10.3704
10.8079
10.5635
10.4217
10.0167
10.0171
10.0164
10.4544
10.4606
10.4583
10.4582
10.4652
10.462
10.4566
10.4627
10.4604
5.3674
5.36628
5.36072
4.9884
5.07725
5.0546
10.456
10.4631
10.4598
5.36611
5.36499
5.35947
4.98838
5.07701
5.05433
8.32084
8.33707
8.33442
8.35258
8.34555
8.72725
8.73685
8.73287
8.69096
8.69556
10.0075
10.0077
10.6869
10.6873
10.6786
10.6812
10.6815
10.457
10.4515
10.4584
10.2524
10.2632
10.2584
10.2477
10.2574
10.302
10.305
10.3034
10.4531
10.4611
10.2986
10.3048
10.2488
10.4494
10.2995
10.4513
10.4582
10.4563
4.64529
5.57243
5.57221
4.97875
5.56361
5.05139
5.58198
5.58909
5.67274
8.466
8.46574
8.71127
8.71255
8.71201
8.49361
8.48634
8.48934
8.66921
8.66838
8.3417
8.42933
8.62414
8.66603
9.90085
9.53571
9.91012
9.58573
10.3914
10.3933
10.4796
10.7634
10.5666
10.3385
10.3434
10.3407
10.4188
10.4266
10.4878
10.4879
10.6896
9.94764
10.1151
10.339
10.3411
10.1623
9.9216
9.93322
10.074
10.0816
10.3008
10.3196
10.3091
10.1332
10.1434
8.34172
8.66634
9.98887
10.69
9.54929
9.55002
9.54916
10.1119
10.1089
10.1093
10.0157
10.0159
10.0152
10.1101
10.107
10.1075
10.7056
10.7073
10.7084
10.5519
10.5591
10.5569
10.4522
10.4583
10.456
10.5533
10.5597
10.558
10.3846
10.3887
10.3868
10.4555
10.4619
10.4588
10.553
10.5605
10.5583
10.4525
10.4586
10.4563
4.90752
4.90744
4.90305
5.42289
5.42487
5.41822
5.51327
5.58299
5.56251
5.09456
5.17339
5.15088
5.47594
5.55077
5.53033
6.61484
6.64675
6.63708
6.60982
6.64283
6.63336
8.45569
8.32288
8.47858
8.5979
9.12265
9.12849
9.06038
9.06021
9.15539
9.17027
9.31539
9.3245
9.77028
9.77526
9.77448
9.66979
9.67804
9.67564
10.2827
10.2851
10.2847
10.3145
10.3163
10.3162
10.451
10.4505
10.3774
10.3921
10.5221
10.5189
10.52
10.5129
10.5099
10.511
10.4194
10.3973
10.4987
10.5004
10.5001
10.3805
10.381
9.85734
9.85879
9.85882
9.94408
9.94278
9.94325
10.2398
10.2427
10.2421
10.1996
10.2028
10.2019
10.2493
10.4502
10.3002
10.2546
10.2654
10.2605
10.2487
10.2583
10.4534
10.4614
10.3024
10.3057
10.3038
10.2994
10.3056
5.56258
5.05071
5.57104
5.57073
4.64402
4.98039
5.67166
5.5795
5.58689
8.42949
8.62436
8.33526
8.35296
8.34607
8.31939
8.33573
8.71179
8.71323
8.71257
8.49235
8.48563
8.48833
8.46476
8.46449
8.66798
8.66707
8.72979
8.73905
8.73524
8.69018
8.69466
10.7764
10.7796
10.6758
10.6782
10.6786
10.6856
10.686
8.3255
8.34222
8.33583
8.32916
8.34592
8.33931
8.95612
8.95397
8.95474
9.03911
9.03784
9.04292
9.04211
9.04205
8.96184
8.9624
8.866
8.87441
8.87065
8.72714
8.73603
8.73247
8.70423
8.71296
8.70925
9.58741
9.58742
9.58717
9.53464
9.53491
9.53433
9.57268
9.57235
9.57224
10.1173
10.1215
10.1202
10.1166
10.1205
10.1192
10.0105
10.0104
10.0099
10.0974
10.0949
10.1076
10.1039
10.1048
10.1113
10.1134
10.1144
10.118
10.1169
10.7717
10.7749
10.7752
10.7109
10.7134
10.7139
10.7523
10.7558
10.7136
10.7115
10.6673
10.6697
10.6701
10.5716
10.5723
10.5798
10.5774
10.4656
10.4722
10.4697
10.5609
10.5703
10.5755
10.58
10.5782
10.5934
10.5964
10.5958
10.5917
10.595
10.5943
10.5743
10.5787
10.577
10.6238
10.6306
10.6301
10.2487
10.2591
10.2544
10.2536
10.2642
10.2593
10.3739
10.3782
10.3762
10.2981
10.3015
10.2996
10.4693
10.4763
10.4728
10.3806
10.3857
10.306
10.3098
10.3077
10.3657
10.3707
10.3763
10.3553
10.5773
10.582
10.5802
10.5967
10.6
10.5994
10.5774
10.5823
10.5804
10.5932
10.5966
10.5959
10.573
10.5805
10.5781
10.466
10.4725
10.47
10.6283
10.6353
10.6349
10.6441
10.6802
5.25394
5.25179
4.72874
5.3569
5.36489
5.35741
5.32743
5.32108
4.60514
5.38741
5.38329
5.35984
5.48059
6.12677
6.11021
6.12318
6.48797
6.46992
6.4741
6.15415
6.12996
6.14539
6.46851
6.45225
6.45669
5.58364
5.65206
5.63143
5.09542
5.17833
5.15475
6.69462
6.68879
6.68848
6.51413
6.5115
6.5108
6.70571
6.69709
6.69765
6.50307
6.50066
6.50013
6.64212
6.67226
6.66439
6.58594
6.61055
6.74054
7.41768
7.42258
7.42015
7.34593
7.3456
7.34498
7.39216
7.39543
7.39367
7.38212
7.38339
7.38174
8.47234
8.46649
8.4689
8.53348
8.53408
8.61617
8.61833
8.61725
8.70723
8.70849
8.70772
8.48344
8.47771
8.47986
8.58441
8.58474
8.58397
8.57613
8.57652
8.68739
8.68847
8.68784
8.48707
8.5362
8.37404
9.1855
9.1832
9.18392
9.08787
9.08675
9.08673
9.08627
9.08629
9.18651
9.18186
8.99932
8.93803
9.05574
9.1379
8.96157
8.59088
8.94114
9.16143
9.06437
8.98114
8.98854
9.01035
9.00942
8.93056
9.03315
9.19544
9.43874
9.47034
9.5237
9.53803
9.52854
9.46827
9.45729
9.46365
9.52742
9.5289
9.49246
9.49886
9.83873
9.84616
9.71278
9.72043
9.73002
9.56607
9.56626
9.56566
9.61938
9.62553
9.62334
9.67481
9.5763
9.58141
9.64716
9.65461
10.3973
10.4194
10.4204
10.4243
10.4836
10.4924
10.4896
10.4768
10.5489
10.348
10.3486
10.3485
10.3931
10.3841
10.3894
10.3842
10.3839
10.3848
10.3615
10.3644
10.3648
10.3527
10.3542
10.3542
10.4354
10.4387
10.4541
10.4448
10.4504
10.4104
10.4141
10.4129
10.6057
10.5017
10.4796
10.4124
10.4008
10.4072
10.4252
10.4309
10.4848
10.4607
10.4656
10.4798
10.4812
10.5294
10.5296
10.5307
10.5299
10.5279
10.5532
10.5499
10.5513
10.5687
10.5692
10.5703
10.5474
10.5485
10.5008
10.502
10.3758
10.3749
10.4063
10.4069
10.5099
10.3703
9.99808
10.0555
10.3355
10.2854
10.2974
10.3072
10.2805
10.2275
9.94912
9.94337
9.96961
9.97348
9.97739
9.99711
9.98594
10.0513
10.053
10.0526
10.0003
10.0005
10.0004
10.0205
10.0269
10.0725
10.0779
10.076
10.0254
10.0289
10.027
10.3105
10.3104
10.3101
10.2853
10.2835
10.2557
10.2597
10.258
10.0993
10.1025
10.1015
10.1472
10.1508
10.1496
10.2062
10.2155
10.1266
10.1327
10.1307
10.1962
10.2004
10.1992
10.455
10.4615
10.4584
10.3832
10.3877
10.3857
5.42346
5.42538
5.41876
4.90636
4.90628
4.90192
4.99333
4.99533
4.99166
5.09458
5.17346
5.15102
5.47463
5.54943
5.52893
5.51376
5.5834
5.56297
6.61044
6.64323
6.63377
6.61461
6.64662
6.63694
9.38188
9.39026
9.38677
9.54938
9.55005
9.54915
10.7431
10.7446
10.7471
10.5206
10.5174
10.5185
10.512
10.509
10.5101
10.4973
10.4991
10.4987
10.3795
10.38
8.99959
8.93835
10.0721
10.0994
10.7029
10.377
10.3559
10.2499
10.2604
10.2557
10.2552
10.2656
10.2608
10.4691
10.4761
10.4726
10.3811
10.3861
10.3732
10.3779
10.3758
10.2988
10.3023
10.3004
10.3663
10.3714
10.3068
10.3106
10.3085
5.35905
5.47952
5.35628
5.36407
5.3567
5.32638
5.32016
4.91475
4.92134
4.91524
5.25236
5.25012
4.72939
5.32211
5.31633
5.38536
5.38111
4.60679
5.21362
5.21465
6.73964
7.1529
5.09575
5.17827
5.15483
5.58328
5.65154
5.63094
6.48607
6.46814
6.47238
6.15181
6.12783
6.14324
6.12735
6.11062
6.12358
6.46859
6.45237
6.45681
6.89779
6.93596
6.92231
6.51371
6.51091
6.51031
6.70423
6.69585
6.69631
6.69469
6.68879
6.68848
6.50291
6.50054
6.49999
6.6417
6.67157
6.66377
6.58841
6.61267
6.98711
7.02039
7.34587
7.34557
7.34492
7.39222
7.3955
7.39372
7.41491
7.41985
7.4174
7.37899
7.38033
7.37863
8.48708
8.53629
8.32929
8.34581
8.33918
8.32523
8.34142
8.33513
8.61687
8.61903
8.61794
8.70676
8.70804
8.70731
8.58387
8.58421
8.58346
8.48306
8.47717
8.47943
8.46905
8.46377
8.46584
8.53201
8.53265
8.68667
8.68765
8.68704
8.57507
8.57538
9.05621
9.13875
9.37087
8.72562
8.73477
8.731
8.95642
8.9543
8.95501
9.03802
9.03683
8.96047
8.96116
9.04376
9.04278
9.04291
8.85034
8.85842
8.85463
8.70398
8.71276
8.70905
9.18667
9.18435
9.18503
9.08687
9.08582
9.18599
9.18135
9.08791
9.0873
9.08741
9.37741
9.38551
9.587
9.58685
9.58655
9.53619
9.53648
9.53591
9.57405
9.57368
9.57359
10.6664
10.5488
10.6658
10.6682
10.6686
10.7718
10.7751
10.7754
10.7112
10.7137
10.7142
10.5286
10.5287
10.5299
10.6511
10.6514
10.5293
10.5273
10.5537
10.5505
10.5518
10.5692
10.5698
10.5708
10.5106
10.37
10.5003
10.5015
10.3752
10.3743
10.5294
10.5307
10.5308
10.4068
10.4075
9.47117
9.46772
9.46905
10.7552
10.7562
10.7591
10.7505
10.7516
10.7544
9.98552
9.98565
9.98525
9.37975
9.38824
9.38471
9.98843
9.98834
9.98814
10.0194
10.0196
10.0191
9.47238
9.4691
9.47033
10.7017
10.7033
10.7045
7.99117
7.99349
7.99174
7.96027
7.96313
9.6808
9.67987
9.67973
9.46383
9.46342
9.66529
9.66383
9.90136
9.5364
9.9108
9.5864
9.948
10.1153
10.339
10.3411
10.1622
9.92219
9.93382
10.0747
10.0823
10.3017
10.3205
10.31
10.1338
10.1439
10.391
10.3929
10.4792
10.566
10.3388
10.3437
10.341
10.4197
10.4274
10.4885
10.4885
9.97136
9.97155
9.94851
9.98828
10.7776
10.7808
6.89874
6.93726
6.92354
6.98885
7.0221
7.15407
7.94651
7.94517
7.94543
7.91616
7.91729
7.47932
7.48201
7.21832
7.2048
7.21179
7.50523
7.50759
7.50577
7.30186
7.29951
7.64458
7.65408
7.51619
7.5209
7.53192
7.54309
7.53808
7.91837
7.48352
7.29878
7.51447
7.97304
9.37727
9.38524
9.37012
9.70004
9.70549
9.70303
9.6881
9.68983
9.43912
9.6281
9.66128
10.6711
10.6736
10.6557
10.6582
10.6579
10.7025
10.6987
7.97334
9.43978
9.62901
10.7641
9.55222
9.55297
9.55206
9.46723
9.46464
9.46541
10.7232
10.7239
10.7245
10.6945
10.6957
10.697
10.7461
10.7478
10.7503
10.7333
10.7338
10.7345
8.45589
8.32305
8.47889
8.59819
9.12315
9.129
9.06094
9.06077
9.1561
9.17097
9.31616
9.32525
9.77111
9.77608
9.77531
9.67051
9.67875
9.67635
9.85806
9.85951
9.85954
9.94487
9.94358
9.94404
10.2412
10.2442
10.2435
10.2001
10.2033
10.2024
10.2831
10.2855
10.2851
10.316
10.3178
10.3177
10.4521
10.4515
10.3777
10.3923
10.4199
10.3984
10.6568
10.667
10.6654
10.7197
10.7353
10.7326
10.6578
10.6684
10.6669
10.7128
10.7282
10.7256
9.90187
9.90245
9.90185
9.98398
9.98413
9.98353
9.90071
9.90133
9.9007
10.3812
10.3849
10.3833
10.5559
10.5625
10.5607
10.7247
10.7404
10.7377
10.6619
10.6723
10.6707
10.7157
10.7314
10.7287
4.99291
4.99492
4.99123
9.38034
9.38795
9.38464
9.22486
9.23092
9.22876
9.21874
9.22667
9.22379
10.3712
10.3717
10.4878
10.4894
10.4892
9.94922
9.9724
9.97269
10.0086
10.0088
7.91869
7.48256
7.29798
7.51406
7.94723
7.94574
7.94617
7.91509
7.91612
7.21481
7.20175
7.20853
7.50362
7.50617
7.50434
7.47878
7.48143
7.30099
7.29861
7.65891
7.67551
7.66872
7.53119
7.5424
7.53742
7.64443
7.65383
7.51596
7.52068
7.9931
7.99514
7.99349
7.95944
7.96223
9.66227
9.68289
9.68198
9.68179
9.46425
9.46388
9.66577
9.6644
9.70169
9.70732
9.70488
9.68859
9.69038
10.6994
10.7123
10.7102
10.653
10.6556
10.6553
10.6701
10.6727
8.08781
8.09652
8.10162
8.11714
8.11204
8.12889
8.12643
8.12726
7.99072
7.99268
7.99116
8.12468
8.12294
8.12323
8.11212
8.13033
8.1244
8.11535
8.13183
8.12649
8.09015
8.08559
7.98169
7.98398
7.98239
8.11435
8.11154
8.11249
8.9714
8.9701
8.97044
9.0629
9.06231
9.06194
8.97268
8.97056
8.97155
9.06155
9.06091
9.06081
8.86536
8.87442
8.87033
8.84975
8.85786
8.85406
8.84655
8.8536
9.58939
9.58911
9.58874
9.67935
9.67864
9.67853
9.45375
9.45027
9.45151
9.53637
9.53593
9.66478
9.66392
9.66392
9.57601
9.57502
10.7208
10.7241
10.7242
10.7346
10.7361
10.7373
10.7719
10.7721
10.7729
10.7884
10.7892
10.7923
10.7555
10.7567
10.7324
10.7359
10.7359
8.37382
8.96188
8.59142
8.94138
9.16196
9.06494
8.98153
8.98893
9.01077
9.00985
8.93104
9.0336
9.19619
9.43958
9.47089
9.52441
9.53874
9.52925
9.46894
9.45797
9.46436
9.528
9.52947
9.493
9.49941
9.83914
9.84657
9.71347
9.72088
9.73047
9.56677
9.56696
9.56636
9.62012
9.62627
9.62409
9.67544
9.57689
9.58198
9.64766
9.65511
9.99843
10.0557
10.3363
10.2851
10.2972
10.3078
10.2806
10.2285
9.94937
9.94362
9.97032
9.97417
9.97764
9.99737
9.9862
10.0522
10.0539
10.0535
10.001
10.0011
10.001
10.0211
10.0274
10.0727
10.0781
10.0761
10.0255
10.029
10.0271
10.3104
10.3103
10.31
10.2858
10.2839
10.2552
10.2592
10.2575
10.0999
10.1031
10.1021
10.1483
10.1519
10.1507
10.2071
10.2163
10.1264
10.1326
10.1306
10.1962
10.2005
10.1992
10.3978
10.4192
10.4203
10.4251
10.4844
10.4918
10.489
10.4773
10.5483
10.3471
10.3477
10.3476
10.3941
10.385
10.3903
10.3839
10.3835
10.3845
10.3628
10.3658
10.3661
10.3532
10.3547
10.3547
10.4357
10.439
10.4534
10.4441
10.4497
10.4093
10.413
10.4117
10.6042
10.5021
10.4776
10.4132
10.4015
10.408
10.4262
10.4319
10.4857
10.4595
10.4643
10.4783
10.4797
10.5454
10.6028
10.5804
10.6453
10.6811
10.7815
10.599
10.6038
10.6017
10.601
10.6033
10.5823
10.5914
10.6161
10.6191
10.6186
10.641
10.6476
10.6537
10.6609
10.6603
10.7882
10.789
10.7921
10.6761
10.6838
10.7491
10.7675
10.7636
10.7789
10.7764
10.6265
10.6336
10.6335
10.6872
10.6975
10.696
9.82901
9.83644
9.83303
9.97748
9.97766
9.977
9.89552
9.89822
9.89417
9.89407
9.89366
9.82223
9.82706
9.82028
9.82678
9.82371
9.88806
9.82306
10.3704
10.3746
10.3727
10.3916
10.3958
10.3938
10.3806
10.3852
10.3831
10.0715
10.0988
10.5997
10.6045
10.6024
10.6013
10.6037
10.6168
10.6198
10.6193
10.5825
10.5917
10.561
10.5704
10.6414
10.648
10.629
10.6362
10.6361
10.66
10.6708
10.6692
10.6767
10.6844
10.7503
10.7688
10.688
10.6983
10.6968
10.7639
10.779
10.7766
10.6545
10.6617
10.6611
10.6019
10.5794
10.5707
10.7807
5.32181
5.31604
4.91368
4.92064
4.91439
5.21403
5.21504
6.22063
6.20817
6.21748
6.43548
6.43003
6.52347
6.50853
6.5114
6.18136
6.20323
5.77138
5.79634
6.73727
6.72644
6.72842
6.43172
6.44167
6.54942
6.54867
6.54738
6.64658
6.6464
6.89813
6.93366
6.92067
6.95711
6.99692
6.98277
6.42796
6.31279
5.75154
6.51673
6.66353
7.66543
7.6803
7.67425
7.80897
7.81177
7.81161
7.94417
7.94268
7.94315
7.80498
7.8081
7.80776
7.65964
7.67619
7.66942
7.65185
7.66841
7.66174
7.81233
7.81979
7.93887
7.93841
7.93829
7.81276
7.81561
7.81513
7.51231
7.51614
7.51386
7.39758
7.40133
7.35887
7.3584
7.35791
7.20175
7.19072
7.19648
7.49446
7.49743
7.49559
7.40353
7.40648
7.40478
7.34499
7.34843
7.27231
7.25884
7.26507
7.53637
7.54698
7.54233
7.52326
7.53502
7.52994
7.68791
7.85491
7.38757
7.34846
8.55942
8.55995
8.55933
8.6112
8.61337
8.61233
8.57618
8.57666
8.57597
8.59198
8.5937
8.59282
8.10688
8.06598
9.20578
9.20358
9.20418
9.10548
9.10498
9.10476
9.2073
9.20422
9.20535
9.10621
9.10592
9.10589
9.36533
9.37286
9.36957
9.20294
9.20963
9.20694
9.20775
9.21054
8.84558
9.18516
9.70047
9.70516
9.70286
9.82922
9.83605
9.83291
9.68651
9.69124
9.68898
9.49942
9.54485
10.6919
10.6941
10.694
10.6519
10.6521
10.6729
10.6728
10.6738
10.6439
10.6467
10.6463
10.6411
10.6418
10.6423
10.5407
10.5413
10.5423
10.6303
10.6312
10.6316
10.5412
10.5384
10.7669
10.783
10.6656
10.5372
10.5288
10.5301
10.5301
9.90454
9.905
9.9043
9.98529
9.98541
9.98482
9.90199
9.90244
9.9019
10.1141
10.1111
10.1117
10.0167
10.017
10.0163
10.1109
10.108
10.1084
10.3812
10.3851
10.3833
8.86722
8.87595
8.872
8.8654
8.87391
8.87007
9.22119
9.22885
9.22609
9.22228
9.2288
9.22637
9.37905
9.38687
9.38354
9.55386
9.55473
9.55372
9.46728
9.4644
9.46535
10.6923
10.6935
10.6947
10.7296
10.73
10.7307
10.7211
10.7217
10.7223
10.487
10.4886
10.4884
10.3706
10.3711
8.10748
8.06612
8.8456
9.50011
9.54571
10.7837
10.7676
9.88879
9.82369
9.83122
9.83873
9.83531
9.97976
9.97991
9.97922
9.89635
9.89917
9.89632
9.89637
9.89593
9.82284
9.82773
9.82222
9.8287
9.82567
10.1202
10.124
10.1231
10.1177
10.1216
10.1203
10.0127
10.0126
10.0121
10.0985
10.0961
10.1095
10.106
10.1068
10.1124
10.1145
10.1163
10.1199
10.1187
10.3918
10.396
10.394
10.3705
10.3747
10.3728
10.381
10.3856
10.3834
5.75064
6.427
6.31186
6.51594
6.66249
5.77262
5.79769
6.21882
6.20645
6.21569
6.43692
6.43146
6.18325
6.20491
6.52133
6.50649
6.5093
6.89807
6.93364
6.92064
6.73484
6.72427
6.72618
6.4345
6.44419
6.64873
6.64809
6.54775
6.54701
6.54571
6.95582
6.99529
6.98121
7.68822
7.85498
7.38685
7.3475
7.80843
7.81157
7.81134
7.94379
7.94234
7.94277
7.80481
7.80792
7.8076
7.93778
7.93745
7.93731
7.81171
7.81915
7.81205
7.81498
7.81437
7.35659
7.35607
7.35558
7.202
7.19085
7.19661
7.40205
7.40492
7.40325
7.49433
7.49734
7.49549
7.50937
7.51344
7.51109
7.39687
7.40058
7.26865
7.25551
7.26152
7.34397
7.34739
7.65179
7.66836
7.66162
7.52339
7.53514
7.53005
7.66438
7.67908
7.67306
7.53468
7.54544
7.54078
8.12936
8.12716
8.12784
7.99055
7.99251
7.99101
8.12435
8.12268
8.12314
8.11517
8.13281
8.12709
8.11515
8.13171
8.12634
8.08738
8.09602
8.10402
8.11892
8.11396
7.98215
7.98434
7.98285
8.08946
8.08482
8.1132
8.11073
8.11152
8.61046
8.6126
8.61153
8.57578
8.57618
8.57551
8.55716
8.5578
8.55717
8.59047
8.59219
8.59134
9.1861
9.06346
9.06291
9.06254
8.97299
8.97118
8.97198
8.97096
8.9694
8.96995
9.061
9.06049
9.06025
8.84531
8.85238
9.1068
9.10627
9.10608
9.20882
9.20575
9.20686
9.20559
9.20316
9.20396
9.10494
9.10458
9.10453
9.36638
9.3738
9.3705
9.20512
9.21144
9.209
9.20688
9.20979
9.59101
9.59078
9.59036
9.67947
9.67862
9.67853
9.45443
9.45111
9.45223
9.53687
9.53651
9.66686
9.66596
9.66593
9.57645
9.57554
9.8293
9.83637
9.83317
9.69887
9.70407
9.70168
9.68828
9.69298
9.69073
10.5379
10.7344
10.736
10.7372
10.7719
10.7721
10.7729
10.7541
10.7554
10.7189
10.7222
10.7222
10.7286
10.7321
10.7321
10.751
10.7545
10.6426
10.6454
10.645
10.6922
10.6945
10.6944
10.6733
10.6732
10.6742
10.5389
10.5393
10.5404
10.6386
10.6393
10.6398
10.6289
10.6298
10.6302
10.5404
10.5377
)
;

boundaryField
{
    Inlet
    {
        type            zeroGradient;
    }
    Outlet
    {
        type            fixedValue;
        value           nonuniform List<scalar> 0();
    }
    Wall
    {
        type            zeroGradient;
    }
    procBoundary0to3
    {
        type            processor;
        value           nonuniform List<scalar> 
1137
(
5.05895
9.92555
7.88338
8.67064
9.22279
9.7552
10.1441
10.2947
5.36741
5.29378
5.29378
5.38257
7.00731
5.05937
6.95527
6.95527
7.09292
7.66704
8.04154
8.03877
7.0035
7.84617
8.48707
7.71573
8.45761
9.09751
8.51378
9.15868
9.63471
9.24203
9.7957
10.2807
10.2908
10.4468
10.381
10.4578
10.3237
10.3237
10.3237
10.2712
9.92701
10.6215
10.068
9.86203
10.2479
5.29315
5.29315
5.366
7.00329
6.88363
5.38155
7.00573
7.00329
7.00329
7.84609
7.09148
7.66683
8.04113
8.0383
7.71567
8.45784
7.8836
8.48706
8.51413
9.15925
8.67064
9.09802
9.24258
9.796
9.22389
9.6357
9.8622
10.2478
9.75604
10.0686
10.2893
10.4452
10.1445
10.2803
10.4559
10.1566
10.2945
10.3801
10.6211
10.2705
5.31891
5.58109
5.58109
5.31969
5.38518
5.13669
6.32107
5.62024
5.62024
6.39026
6.39205
7.04589
6.40711
5.56134
6.26111
6.26111
6.49913
6.49913
7.13897
7.13897
7.13897
6.36856
6.36856
6.54523
6.54523
6.54523
7.60592
7.12763
7.6153
7.63497
7.66086
8.05204
8.07373
7.63487
7.19147
7.19147
7.37144
7.37144
7.66834
7.66834
7.74587
7.6538
7.61075
8.1344
7.42247
7.42247
7.67603
7.67603
8.12463
7.87712
8.11171
8.30226
8.47012
8.28846
7.83904
7.92185
7.76733
8.11618
8.03937
8.09808
8.01978
8.44074
8.3633
8.40037
8.18309
8.21079
8.17959
8.27066
8.80271
8.65611
8.78899
8.53709
8.61548
8.59071
8.85572
8.73354
8.79127
8.70054
9.12957
9.0377
9.0401
8.88778
8.89397
8.86256
8.96405
9.19798
9.29245
9.18923
9.4807
9.33545
9.46027
9.36552
9.76009
9.68025
9.60968
9.55901
9.46892
9.52818
9.61553
10.2475
10.2696
10.1597
10.3779
10.2324
10.3265
10.3152
10.3904
10.3999
10.3055
10.4011
10.2749
10.3653
10.367
10.2738
10.258
10.258
10.3748
10.2696
10.2391
10.3011
10.4074
10.3951
10.3144
10.4033
10.2987
10.3785
10.4025
10.3732
10.3732
10.4697
10.2664
10.2449
10.3665
10.2549
10.2569
10.2569
9.82261
9.89078
9.73267
10.0494
9.87451
10.0064
9.95093
10.1965
10.1633
10.086
10.1069
9.98154
10.0627
10.1074
5.5606
6.22195
6.22195
6.8783
6.8783
7.14877
7.14877
7.76713
8.03922
8.59083
8.73388
9.18952
9.33619
9.73161
9.87648
10.1581
10.232
10.257
10.3175
10.2938
10.4595
5.38432
4.91027
4.94464
5.43212
5.03393
5.38487
4.34501
4.91083
5.10161
5.9208
5.87528
5.4435
6.73748
6.74504
6.9928
5.60809
5.9547
5.45771
6.22664
5.93102
7.05077
6.91137
6.71105
6.71105
6.76757
7.27729
7.28899
7.08082
7.16689
7.05077
7.05077
7.14726
7.16689
7.6538
7.74587
7.601
7.92185
7.83904
7.87988
8.3633
8.44074
8.38839
8.94799
9.08335
8.93986
8.61548
8.53709
8.63133
9.0377
9.12957
9.05178
9.3656
9.22191
9.35921
9.29245
9.19798
9.33628
9.68025
9.76009
9.7201
10.2696
10.2475
10.3204
10.3999
10.3904
10.43
10.2778
10.3073
10.2888
10.258
10.2738
10.3706
10.3951
10.4074
10.4346
10.1979
10.464
10.464
10.2285
10.2594
10.2169
10.6215
10.0841
9.89078
9.82261
9.9296
10.1633
10.1965
10.2085
5.57909
5.38422
5.13597
5.57909
6.26059
6.26059
5.61913
6.49806
6.49806
6.36824
6.36824
6.36824
7.13799
7.13799
7.13799
6.54428
6.54428
6.54428
5.61913
6.31903
6.39086
6.39082
7.04587
6.40818
7.37111
7.37111
7.19072
7.19072
7.6679
7.6679
7.42232
7.42232
7.61036
7.74556
8.13437
7.67578
7.67578
7.60487
7.12764
7.61491
7.63431
7.66005
8.05169
8.07228
7.6344
8.11621
7.83872
8.09782
8.18327
8.40043
8.44067
8.36317
8.21067
8.17935
8.27047
8.12468
7.87638
8.11088
8.30245
8.46927
8.28749
8.85611
8.53711
8.61558
8.79158
8.70078
8.88828
9.04068
9.13021
9.0384
8.89424
8.86308
8.96454
8.80277
8.65519
8.78828
9.48122
9.19881
9.2932
9.46101
9.36641
9.5595
9.61071
9.76051
9.68088
9.46886
9.52899
9.61614
10.0494
9.82292
9.89093
10.0063
9.95093
10.1066
10.0906
10.1953
10.1624
9.97758
10.0622
10.107
10.3769
10.2457
10.2685
10.3255
10.3125
10.3991
10.3062
10.3893
10.3969
10.2773
10.3621
10.3659
10.4421
10.4043
10.2415
10.3725
10.3725
10.3725
10.3725
10.2723
10.2727
10.2579
10.2579
10.3741
10.2694
10.238
10.3024
10.2541
10.3494
10.2541
6.81389
6.81389
6.81389
6.42276
6.42276
6.42276
7.33337
7.33337
10.2136
10.2136
10.2136
6.22275
6.22275
6.81553
6.81553
6.81553
6.42286
6.42286
6.42286
6.87831
6.87831
7.14954
7.14954
7.33362
7.33362
10.2163
10.2163
5.37999
5.16313
5.40097
5.32843
4.96505
5.38007
5.38033
5.38518
5.38518
5.43668
5.16343
5.48042
5.96836
5.97089
6.31857
5.96333
5.46768
6.17088
6.17088
6.06657
6.38459
6.05637
6.62354
6.63411
6.38586
6.78322
7.05339
6.76487
6.76487
6.68076
6.44172
6.64999
6.64999
5.59348
6.29421
5.16803
5.44024
6.22664
5.9547
6.22664
6.27023
6.22664
6.29421
6.29421
6.61847
6.61847
6.43766
6.61449
7.32098
7.13039
7.31391
7.36997
7.36997
7.24979
7.20332
7.24979
7.31135
7.24979
7.59175
7.59509
7.59175
7.40336
7.59175
8.01978
7.94714
8.09808
8.27066
8.43933
8.17959
8.70054
8.72806
8.79127
8.96405
9.01911
8.86256
9.36552
9.397
9.46027
9.61553
9.64262
9.52818
10.3152
10.3556
10.3265
10.367
10.4239
10.3653
10.3011
10.4058
10.2391
10.4025
10.5074
10.3785
10.2449
10.2449
10.4203
10.4203
10.3665
10.3665
10.2542
10.2942
10.3621
10.5106
10.3498
10.3498
10.1697
9.95093
9.99149
10.0064
10.1074
10.1574
10.0627
5.6076
5.45713
5.93054
6.97251
7.10199
7.85356
10.2941
10.2171
10.084
4.34454
5.10098
5.43253
4.94367
5.03428
5.95447
6.64059
6.91106
6.7672
5.44367
5.87381
5.92161
6.74395
6.73774
6.99316
7.14675
7.14675
7.60091
7.60091
7.74556
7.74556
7.56883
7.28757
7.27752
7.08121
7.87982
7.87982
7.83872
7.83872
8.38863
8.36317
8.44067
8.63167
8.61558
8.53711
9.05233
9.0384
9.13021
8.9484
9.08362
8.93986
9.33677
9.2932
9.19881
9.72044
9.68088
9.76051
9.36635
9.22278
9.36011
9.92976
9.89093
9.82292
10.208
10.1624
10.1953
10.3197
10.2685
10.2457
10.428
10.3969
10.3893
10.4331
10.4331
10.4331
10.4043
10.4043
10.1384
10.1983
10.2288
10.2769
10.3068
10.2879
10.2727
10.2579
10.3701
10.6211
10.2592
6.26977
6.10574
7.31113
7.19643
7.96419
10.2938
10.2812
10.2956
5.38422
5.38422
5.43621
5.47932
5.39947
5.32778
4.96495
5.37748
5.95447
5.95447
5.59312
6.29317
6.16962
5.16746
5.44003
6.29317
6.29317
6.53526
6.43721
6.61409
6.76558
6.65076
5.466
5.96202
6.16962
5.9697
5.96803
6.31896
6.06371
6.05729
6.38299
6.63248
6.62384
6.38624
6.7818
7.05154
6.76558
6.67878
6.44019
6.65076
7.20311
7.20311
7.36925
7.36925
7.59489
7.59489
7.40317
7.50346
7.31897
7.1285
7.31362
7.94718
7.94718
8.09782
8.09782
8.43948
8.27047
8.17935
8.7285
8.70078
8.79158
9.01959
8.96454
8.86308
9.39751
9.36641
9.46101
9.64306
9.61614
9.52899
9.9915
9.95093
10.0063
10.1573
10.107
10.0622
10.3534
10.3125
10.3255
10.4224
10.3659
10.3621
10.5562
10.2321
10.2656
10.2556
10.238
10.3024
10.4064
10.238
10.511
10.3494
10.3494
10.1696
10.2948
10.3614
9.74574
9.8797
9.87757
10.2073
10.1471
10.2176
9.49608
9.62788
9.49049
10.2538
10.2912
10.2642
10.0737
9.98372
9.97919
9.49706
9.62914
9.49106
9.8806
9.74536
9.87931
9.98395
10.0772
9.97594
10.2073
10.1456
10.2174
10.2538
10.2915
10.2639
7.3471
7.3558
7.59703
7.3802
7.63147
7.36917
8.03877
8.04154
7.62758
8.07373
7.64668
8.05204
7.41109
7.41109
8.1344
8.1344
7.41046
7.41046
8.13437
8.13437
7.35465
7.34731
7.59698
7.37823
7.6296
7.36882
8.04113
8.0383
7.62767
8.07228
7.6451
8.05169
8.49306
8.48841
8.52239
8.51835
9.13309
9.13576
9.13401
9.15692
9.16863
9.16471
9.78066
9.7828
9.7822
10.2583
10.2616
10.2608
10.3947
10.4008
10.4066
10.4074
9.84833
9.85013
9.84971
10.2163
10.2197
10.2187
5.46095
5.34716
4.65076
4.65076
4.98251
4.98251
4.98251
6.16524
8.77641
8.7871
8.96176
8.94423
9.48233
9.48126
9.48231
9.56024
9.55937
9.56038
10.3404
10.3442
10.3433
10.373
10.3752
10.3754
10.0196
10.023
10.0218
10.0724
10.0764
10.0749
5.24696
8.50264
8.515
8.59449
8.59768
9.06413
9.06185
9.06186
9.26016
9.27007
9.26788
9.70373
9.70622
9.70545
10.2897
10.2928
10.292
10.4112
10.4036
10.4086
10.3808
10.3785
10.3785
10.3
10.3001
9.90869
9.91126
9.9104
10.1732
10.177
10.1758
6.16402
4.98419
5.45921
5.34262
4.64953
4.64953
4.98419
4.98419
10.2906
10.2907
10.2982
10.2982
10.3268
10.3273
5.52936
5.39971
5.24696
4.73544
4.73544
4.60518
4.60518
5.21406
8.48846
8.58951
8.60738
9.02508
9.04337
9.03111
9.3573
9.36001
9.36065
9.63959
9.64048
9.64055
10.3236
10.3268
10.326
10.3703
10.38
10.3766
10.4046
10.4046
10.4046
10.3012
9.96591
9.96865
9.96774
10.1226
10.1268
10.1253
5.24526
5.31088
10.3776
10.3776
10.2995
10.2997
10.3017
5.52943
5.39815
5.21368
5.24526
4.7361
4.7361
5.31088
5.21368
4.60683
4.60683
5.21368
10.4051
10.2977
10.2977
10.4051
10.4051
10.3273
10.3278
8.49319
8.48855
8.52263
8.51861
9.13356
9.13626
9.13449
9.15744
9.16916
9.16525
9.78111
9.78323
9.78264
9.84864
9.85044
9.85001
10.2161
10.2195
10.2185
10.2572
10.2605
10.2596
10.3933
10.3994
10.4046
10.4054
8.77681
8.78751
8.96215
8.94463
9.48302
9.48193
9.48299
9.56082
9.55995
9.56095
10.0197
10.023
10.0218
10.0721
10.0761
10.0746
10.3388
10.3427
10.3418
10.3709
10.3731
10.3733
8.50271
8.51507
8.59467
8.59789
9.06463
9.06235
9.06235
9.26089
9.27077
9.26859
9.70416
9.70663
9.70588
9.9089
9.91147
9.91061
10.1725
10.1764
10.1751
10.2888
10.2919
10.2911
10.4093
10.4017
10.4067
10.379
5.3106
10.3692
10.3692
8.48847
8.58989
8.60777
9.02549
9.04379
9.03153
9.35804
9.36073
9.36138
9.64014
9.64103
9.64109
9.96592
9.96866
9.96776
10.1225
10.1267
10.1252
10.3216
10.3248
10.324
10.3687
10.3784
10.375
5.3106
5.21406
5.21406
10.3687
10.3687
10.2903
10.2904
)
;
    }
}


// ************************************************************************* //
