/*--------------------------------*- C++ -*----------------------------------*\
| =========                 |                                                 |
| \\      /  F ield         | OpenFOAM: The Open Source CFD Toolbox           |
|  \\    /   O peration     | Version:  2312                                  |
|   \\  /    A nd           | Website:  www.openfoam.com                      |
|    \\/     M anipulation  |                                                 |
\*---------------------------------------------------------------------------*/
FoamFile
{
    version     2.0;
    format      ascii;
    arch        "LSB;label=32;scalar=64";
    class       volScalarField;
    location    "2.7";
    object      p;
}
// * * * * * * * * * * * * * * * * * * * * * * * * * * * * * * * * * * * * * //

dimensions      [0 2 -2 0 0 0 0];

internalField   nonuniform List<scalar> 
2958
(
-80461.3
-78386.8
-51823.4
-103231
-82907.6
-50557.7
-74932.5
-82297.7
-55829.3
-80975.6
-79253
-74211.9
-80864.2
-74220
-80753.7
-79336.2
-80523
-80975
-74210.6
-81841.4
-74021.6
-81378.9
-73882.8
-80155.7
-80899
-81034.5
-2706.75
-82757
-78086.4
-79580.8
-80973
-84533
-74330
-56785.5
-80963.5
-81845.6
-74217.1
-73939.9
-82769.7
-83371.1
-98760.8
-79931.2
-73887
-80502.4
-74212
-72164
-78994.8
-72700
-92991.6
-75584.9
-79948.2
-74840.4
-80733.1
-79242.3
-80002.6
-90349.8
-82143.8
-81098.9
-80547.3
-72151.9
-82929.7
-81870.1
-78673.4
-79623
-74224
-74218.2
-79253.9
-72199.3
-76050.6
-84521.7
-79314
-74209.7
-75520.1
-80628.9
-74246.4
-78926.8
-83039.1
-78575.7
-74229.8
-79917
-80836.2
-80937.3
-82831.5
-83122.1
-82020.4
-79677
-81600.5
-79726
-76094.8
-74423.5
-80168.7
-82949
-78651.5
-74205.8
-80729.4
-77622
-86086.5
-102814
-74221.9
-74215.3
-103219
-80561.2
-79117.9
-80041
-74424.6
-77035.1
-74207.5
-94294
-74232.1
-76465.7
-139783
-80026.3
-74262.8
-80830.6
-74218.8
-74220.5
-79569.4
-80200.8
-81185
-80369.8
-87254.9
-74210.9
-78747.9
-55702
-86468
-82280.3
-86147.1
-79956
-80556.5
-74196.5
-74236.9
-74178.4
-80251.5
-74227.5
-74212.9
-74227.1
-80880.5
-81555.7
-74218.1
-74220.7
-82682.3
-78925.5
-74037.5
-74247.9
-80536.2
-74768.1
-74242.4
-74213.6
-84399.2
-74212.9
-81886.8
-86519
-81338.6
-75204.9
-82161.7
-74225.9
-73642.9
-80667.8
-76791.4
-81027.3
-82599.3
-81843
-81692.6
-74215.2
-79817.3
-85914.3
-72224.7
-74219.5
-83370.4
-64526.8
-91244.6
-74207.9
-74513.3
-79792.8
-74248.3
-56856.7
-82640.4
63383
-66419.5
-76047.7
-75220.5
-80463.9
-80727.9
-169713
-77862.7
-80374.4
-77412.4
-74232.3
-82098.7
-97828.3
-80875.2
-75865.2
13465.7
-80766.2
-67270.1
-77819.5
-78337.1
-92029.1
-79994.1
-106454
-81447.7
-74224.8
-80518.6
81047.4
-93296.4
-103243
-76322.4
-103316
-81961.4
-95244.9
-74220
-74401.9
-74228.6
-79769
-74224.8
9153.2
-79646.5
-74223.4
-74223.5
-74221.4
-74193.1
-79826.2
-76611.4
-80412
-244214
-79718.8
-82837.1
-74225
-73716.8
-81025.2
-77120.4
-89230
-85366.3
-81854
-78001.3
-74188.4
-74254.5
-80552
-74260.7
-50730.5
-74240.9
-51626.7
-95047.2
-82676.8
-81219.2
-82534.3
-76274.9
-80838.5
-79291.8
-80515
-82928.4
-78935
-80060
59185.7
-103030
-61658.8
-80016.8
-84136.9
-80610.9
-81519.9
-80060.7
-74056.1
-89801.2
-64202.7
-78905
-79047.4
-83050.2
-80877.4
-72549.8
-73991.7
-74217.2
-80879.5
-80107.4
-74205
-79706.5
-80849.4
-74226.2
-77364.5
-74224.5
-80441.5
-74218.6
-74165.4
-78789.5
-79675.8
-80697.9
-74216.9
-75531.4
-123475
-146792
-79290.2
-80029.9
-83387.8
-74218.3
-74213.4
-82756.5
-17.1318
-74220.2
-79986.6
-74220.3
-82155
-81283.8
-82390.2
-83748.7
9054.02
-82763.6
-66520.8
-108031
-74062.7
-79602
-80298.2
-74237
-80193.5
-79648.1
-74231.8
-80207.9
-243105
-83580.3
-76126.1
-81931.9
-81135.5
-76489.9
-82404.7
-80399.2
-68595.5
-62913.5
-74008
-80037.8
-74139.6
-142406
-123757
-81941.5
-81807.6
-74208.6
-74218.2
-47051.8
-74218.2
29784.5
-83547.9
31675
-74236.2
-79749.3
-84062.5
-80398.9
-81520.5
-74235.3
-77187.5
-74234.3
-81809.5
-83682.3
-82875.2
-79961.6
-78112.8
-99639.4
-84517
-72144.6
-79942.1
-74220.8
-80543.8
-90591.7
-80502
-123614
-80754.3
-91350.4
-74470.3
-81633.9
-95948.2
-76113.6
-123438
-97757.3
-83491.4
-84124.6
-83826.6
-74220.6
-93654.3
-79832.4
-72498.9
-79901.2
-81349.4
-81563.8
-81524.9
-82958.3
-78691.8
-74236.7
-80454.7
-81752.2
-74245.2
-81295.1
-91426.6
-73820.8
-74227.8
-80908.8
-74217.6
-74216.3
-80361
-78455.4
108871
-123598
-74219.6
-74213.4
-78313.8
-80845.5
-79933.2
-80120.7
-101512
-79760
-80517
-74281
-79734.8
-80498
-83590.3
-81552.1
-80860.9
-79317.2
-73224.3
-90869.2
-77535.1
-83117.6
-92520.1
-80532.9
-80537.8
-74212.4
-77789.6
-71524.4
-81628.6
-80748.3
-73954.8
-89794.7
-80696.4
-80296.2
-78822.1
-83245.2
-79276.6
-75516
-82290.3
-80585.8
-82678
-72904.1
-81642
-82578.6
-74224
-76491.4
-80438.8
-80078.2
-87300.9
10546.3
-74967.6
-74126.1
-75873
-74261.1
-82010.1
-74241.6
-85669.6
-80629.3
-68283.5
-82245.8
-85003.6
-74218.9
-80280.7
-76210.4
-74219.8
-78515.7
-103667
-83326.7
-81124.4
-79968.2
-75678.9
-52131
-78296.7
-79955.9
-77964.4
-80909.2
-74212.1
-81327.6
-70275.4
-79684
-79204.6
-78711.1
-81706.8
-44089.8
-79281.2
-80956.5
-67223
-74223.2
-75240.6
-77336
-80551.2
-80602.8
-78641.3
-20533.3
-80344.2
-77121.2
-76898.2
-96205.2
-80780.9
-80180.2
-79017.5
-82129.6
-74233.9
-74242.4
-74189.5
-82193.9
-74243.5
-74222.8
-82782.8
-83439.5
-74218.2
-107386
-71322.1
-88286.3
-84779
-74245.6
-74214.5
-80480.1
-74218.5
-79879.4
-79921.6
-36378.9
-79427.4
-81724.3
-83471.5
-74670.6
-81818.2
-80734.4
-67731.3
-79833.9
-79761
-61851.2
-74043.3
-79266.2
-89063.8
-79265.8
-74390.2
-72214
-74212
-77449.1
-76193.8
-81440.1
-77755.5
-82300.6
-79258.6
-80750.2
-79710.5
-74212.9
-79088.6
-74165.3
-77370.1
-79229.9
-73892
-74218.6
65880.3
-74236.8
-74217.1
-79158.9
-81419.8
342211
-81387.7
-80734.1
-80295.9
-79893.8
-80972.8
-80253.4
-75647.7
-79521.7
-80544.9
-80184.5
-80039.1
-74223.6
-79915.7
-49185.3
-80122.7
-81632.5
-80299.8
-74240.4
-74262.3
-74442.2
-73968.4
-74247.7
-78817.7
-74221.6
-81639.3
-80302.3
-80187.4
-78887.4
-69698.9
-82666.6
-74056
-74296.4
-74216
-79549.3
-81471.3
-74219.1
-74226.1
-80967.8
-83234.9
-73968.7
-85097.6
-78929.2
-84253.1
-80538.2
-71539.8
-74209.2
-80849.2
-74255
-82928.7
-67673.7
-80631.9
-78326.5
-84721.4
-73458.3
-74217.3
-79769.9
-75468.6
-74224.6
-74219.6
-78783.5
-81366.9
-77208.2
-80434.7
-74212
-88017.3
-79979
-99194.3
-80758
-77595.2
-80434.7
-74242.1
-83584.4
-80282.7
-79852.5
-74221.8
-86008.3
-74221.9
-79543.7
-74221.1
-78839.9
-79657.7
-74506.5
-74342.7
-82827.9
-77668.6
-74164.4
-81847
-79358.1
-74510
-80528.1
-78460.4
-83300.5
-74181.3
-79547.3
-74217.8
-74220.7
-87453.3
-85896
3970.1
-81510.5
-79846.5
-78834.3
-73394.9
-96622.3
-93178.4
-85872.4
-73338.3
-74261
-74496.4
-71428.3
-74224.9
-76023.6
-74258.1
-80742.3
-78882.1
-84060.1
-80647.4
-92696.6
-150670
69611.2
-64393.7
-80133.9
-96258.2
-74184
-74216
-82805.4
-78367.7
-74215.2
-90073.3
-74225.9
-80622.7
-80403.3
-79996.9
-81740.8
-80454.2
-72597.3
-63180.5
-82376.8
-82789.2
-80447.9
-73832.4
-80558.9
-82047.4
-80421.6
-74183.8
-74226.5
-82339.5
-79658.7
-79388.6
-81757.3
-78961.2
-81655.1
-116962
-80842.7
-82489.6
-86451.3
-81504.7
-82069.4
-80600.7
-83566.5
-80955.6
-82128.5
-80193.5
-78266.1
-82072.5
-70946.8
-74167.6
-79843.8
-80904.7
-74220.2
-59873.6
-74224.1
-216628
-76716.9
-74222.4
-83725.7
-139683
-81143.9
-76890.4
-73549.8
-81680
-81746.2
-81567.4
-74029.5
-79557.7
-80465.8
-80278.4
-201986
-80424.5
-80236
-73833.6
-87228.4
-77268.2
56403.9
-89295.1
-103277
-75244
-74211.5
-126238
-73930.9
-76110.9
-79462.1
-81911.5
-79127.3
-76944
-74221.6
-74215.3
-74219
-86700.5
-79622.4
-74221.6
-80390.7
-74225.8
-86942.2
-74159.4
-74385.8
-65666.4
-103032
-82903.6
-74221.6
-74225.7
-82554.9
-82058.8
-74214
-74219.4
-79853.9
-74218.5
-102204
-82416.4
-74463.3
-73107.2
-80373.9
-74209.3
-78103.8
-80226.2
-80137.9
-85775.4
-80115.4
-81072.1
-76065.4
-82303.9
-73823.2
-79609.6
-80699.2
-82155.2
-73269.8
-74246.2
-82610.1
-94355.4
-79701.8
-82521
-81387.1
-78475.6
-78479.9
-81068.1
-74280.3
-75782
-82200
-74224.7
-78471.6
-84152.9
-82673.4
-79741.3
-54300.5
-115087
-80797.3
-79326.3
-80811.8
-74497.2
-79860.5
-68713.8
-79083.8
-82798.6
-69210.7
-81038.5
-74494.7
-79649.5
-80514.6
-140441
-80348.1
-80161.5
-83018.9
-74220
-81185.9
-79181.9
-84995.8
-80472
-74221.5
-73955.4
-74208.2
-79000.1
-80484.6
-72359
-79715.5
-78974.7
-80589.8
-81359.5
-81286.5
-54321.7
-80306
-82759.5
-79063.5
-74234.2
-80835.2
-82826.1
-81613.9
-72861.7
-80745
-79566
-95672.9
-72296.3
-82723.1
-76851.5
-74368.7
-78688.1
-81714
-74215.7
-78299.6
-155038
-108296
343150
-85014.1
-74215.2
-73974.9
-79758.6
-74217.9
-74217.8
-74217.9
-95913.6
-80437.7
-75441.8
-80694.9
-66262.2
-79621.2
-73573
-147879
-80059
-79228.5
-74220.7
-80475.9
-81023.4
-79770.3
-80746
-80790
-80231.6
-76505.8
-201534
-74219.7
-77143.5
-74888.2
-84771
-78987.5
-73812.1
-81349.9
-74186.1
-80805.2
-79779.3
-79657.6
-93802.2
-81557.4
-90762.4
-81490
-74668.8
-80632.3
-79068.1
-91182.1
-91079.6
-78897.7
-79868.1
-79224.2
-81475
84853.5
-78903.9
-84852.2
-78806.6
-73258.6
-81622.3
-74130.8
-76462.9
-79529.3
-77293.4
-79902
-81477.6
-79211.7
-80785.6
-79741.5
-74347.8
-74219.4
-80236
-71331.4
-83738.8
-84147.8
-83111.5
-82737.4
-80598.3
-80870.6
-90302.8
-81515.5
-132792
-81237.8
-80489.4
-81605.3
-78646.1
-76283.7
-74216.8
-74250.3
-83093.5
-81700.6
59705.4
-74216.7
-82401.3
-84381.9
-68008
-80133.1
-84494.9
-82927.9
-79689.5
-111787
-74215.1
-87414.4
-74217.1
-80462.2
-75338.2
-82371.3
-77977
-74382.8
-80825.6
-74212.3
-72562.4
-80960.8
-82955.4
-79663.7
-80691.6
-62056.1
-71730.6
-69125.1
-79770.1
-80123.4
-47751.9
-92381
-80453.4
-80818.3
-80712.7
-79686.1
-72108
-80184.1
-75671.8
72809.7
-80078.9
-72417.4
-84134.7
-80483.4
-80444.8
-74264.5
-74029.5
-123355
-81773.7
-74244.6
-142499
-90771.4
-80250.9
-74220.3
-81148.3
-80945.9
-73557.2
-79823.6
-80187.6
-143625
-82917
-72331.5
-74248.7
-79936.6
-80697.4
-76067.2
-100277
-74216.8
-72396.2
-48575.7
-80274.5
-74218.7
-74225.1
-81668.3
-74215.3
-74233.1
-74932.3
-79990.4
-76127.4
-74262.4
-74226.7
-82828.7
-73992.3
-80141.6
-80458.3
-86298.2
-74217.8
-81071.4
-80084.5
-74408.3
-82287.7
-73675.9
-90779.5
-74219.8
-79822.4
-74227.2
-74239.8
-74219.7
-84617.5
-80723.3
-73819.5
-79739.5
-80864.9
-73482.4
-80299.2
-84460.6
-81392.9
-74228
-78868.2
-74252.3
-157919
-124286
-74228.1
-79704.5
-80283.8
-92826.9
-77575.8
-81547
-79707
-72535.9
-84662.8
-85969.6
-74149.2
-78987.6
-77041.7
-81848
-81677.4
-80493.3
-81882.4
-74486.1
-80402.8
-81125.3
-74212
-123395
-81768.6
-86119.6
72633.3
-81820.8
-76066.4
-81124.1
-74234.5
-65237.5
-80852.4
-79159.1
-74232.1
-82500.4
-74211.3
-74220.6
-74215.5
-74218.9
-84178
-82430.6
-4389.75
-82973.5
-81453.5
-83344.8
-81293.6
-79548.2
-80158.8
-83461.7
-82439.5
-79346.6
-78201.4
-79212.9
-80140.7
-81448.7
-77490.4
-74224.7
-74680.8
-81596.8
-73238.5
-81128.1
-79456.7
-84891.1
-79743.2
-74220.3
-74199.3
-81840.5
-73953.2
-80574.5
-80342.6
-80311.7
-81599.9
-83231
-80513.8
34051
-62287.4
-74272.2
-82548.7
-80040.6
-90596.5
-83304.7
-77468.9
-80445.6
-81168.7
-80082.3
-74224.2
-80770.5
-89579.9
-81343.9
-77645.5
-80405
-80096.9
-77949.7
-79881.5
-70891.6
-77892.9
-74224.8
-80384.9
-70860.1
-80963.2
-74234.5
-74266.2
-79790.9
-79823.6
-80344.8
-80827.1
-81279.7
203636
-74215.8
-80780.6
-74718.9
-74159.2
-83289.3
-74186.7
-79692.4
-72765.1
-74215.9
-82899.6
138159
-81990
-79536.1
-80352.8
-74197.5
-79945.5
-74237.2
-79956.8
-82734.7
-142770
-79171.5
-74044.6
-67880.6
-80795.8
-149705
-74220.9
-80400.1
-78651.6
-80765.7
-73894
-80848.5
-81663.8
-80682.3
-81258.4
-79260.2
-77766.6
-79880.8
-82882.9
-74229.7
-81082.1
-79673.4
-80286.6
-80447.5
-79810.4
-78396.2
-81285.2
-74137.2
-79596.3
-49217.8
-74221.8
-80064
-74026.9
-80659.3
-74263
-81742.4
-80499
-79107.1
-75103.9
-82699.5
-74153.4
-80259.3
-79822.4
-79327.1
-80982.5
-79720.9
-80465
-80926
-74224.7
-74220
-77793
-77755.9
-74221
-73956.4
-60740.3
-81096.9
-67544.4
-79528.1
-80986.4
-55597.8
-77143.8
-79947.4
-67671.7
-83252.2
-80574.9
-80950
-82132.6
-79283.7
-72403.9
-81235.3
-90368
-79763.2
-78598.9
-80872.5
-76724.6
-79460.4
-92354.7
-87101.2
-78421.7
-85990.3
-144992
-81450.9
-76103.1
-76144.3
-80725.2
-90502.2
-74997.2
-81072.4
-74406.9
-80995
-80267.6
-74221.3
-79335.9
-79728.3
-79706.6
-79407.1
-85110.6
-81717.8
-82723.2
-81244.9
-79778.8
-79692.7
-83806.9
-80067.4
-82580.9
-61305.8
-83296.8
-81690.2
-74229.9
-83465.6
-61891.5
-74250.2
-79682.3
-80369.8
-79414.1
-82443
-82790.6
-79760.6
-77484
-74252.6
-81440.6
-79325.5
-88721.1
-214587
-80496.5
-78911.4
-79259.5
-52225.5
-71371.3
-74163.2
112079
-74210.5
-82765.6
-74214.6
110204
-74223.2
-80785.5
200586
-73548.9
-74223.9
-81224.4
-74220.4
-74165.2
-82824.6
-74218
-62832.1
-74062.3
-80179.5
-74221.3
-81669.8
-100471
-79941.7
-74225.2
-81948.7
-77161.3
125683
-74212.8
-78819.3
-74200.2
-82867.1
-74217.5
-82730.9
124439
-74226.7
-130577
-103950
-80474.4
-83952.5
-77305.1
-75215.7
62035.8
-74268.4
-81222.8
-74219.5
-73942.4
-75116.1
-80574.8
-74198.4
-81815.1
-74317
-81237.2
-80600.2
-77610.7
-75485.5
-80726.5
-169653
-77813.3
-79719
-81003.4
-74228.4
-74225.3
-80028
-66216.5
-85290
-85825.2
-79410.7
-74203.5
-74212.4
-86001.3
-86010.3
-81759.9
-89472
-79853.7
-89864.9
-76607.9
-73673.6
-74218.1
-74217.3
-77679.6
-55533
-9176.02
-78665.4
-78705.1
-81164.7
-83166
-81302.7
-81630.1
-84428
-74226.2
-81079.4
-79948.4
-80514.9
-79910.9
205078
-74225.3
-80514.1
-82522.8
-81055.4
-74226.4
-81237.3
-96853.8
-82490.9
-74227
-81003
-104539
-74219.5
-74185.4
-74219
-74216.8
-74220.2
-74216.4
37248
-81390.2
-80469.7
-81044.3
-83431
-80288.3
-78727.9
-79991.3
-74224.2
-74203.7
-80096.7
-78586.6
-74219.3
-79536.6
-84014.3
-74239.4
-82601.4
-85657.6
-86614.2
-68186
-81026.9
-77623.2
-84825.1
-80959.9
-80445.5
-76481.6
-82149.2
-74223.8
-74395.4
-74059.6
-78945.8
-74205.9
-79287
-86656.2
-80439.8
-74217
-82188.2
-79285.8
-78461.5
-82346.2
-71428.1
-80649.6
-74217.2
-80067.3
-83408.5
-77926.7
-73130
-71324.6
-81072.9
-74235
-80864.8
-82498.2
-80087.9
-85745.4
-80201.4
75488.7
-19521.8
-69309.5
-9195.63
-79557.9
-82469.1
-79311.8
-81046.6
-80294.7
-81169.9
-79609.8
-80109.3
-78722.6
-74070.6
-74218.9
-88217.3
-79639.1
-82225.5
-79922.8
574366
-80470.2
-75637
-76808.6
-74249.6
-72584.8
-11704.1
-66598.3
-74968
-80010.6
-74217.3
-83165.3
-79201.5
-74479.4
341737
-78793.8
-74219
-70911
573627
-80492.5
-80054.4
-80826.3
-74212.1
-80197.1
-79391.2
-80349.1
-83596.5
-80622
-74216.6
-80560.5
-74209.7
-80541.7
-81435
-53126.7
-79779.9
-80050.3
-79881.8
-74219
-83029.7
-79069.9
-88992.4
-78812.1
-157319
-78685.5
-77409
-80230.3
-83188.5
-80786
-80535.9
-80760.3
-79165
-81063.6
-74218.1
-72263.5
-71151.8
-81708.7
-82039.7
-72207.9
-80501.4
-80787
-11591.7
-83440.5
-79339.3
-80403.3
-76727
-80431.5
-74229.5
-74218.8
-74221.3
-74463.5
-80916.2
-74219.4
-74225
-81703.4
-102674
-74219.1
-162569
-82485.6
-74261.2
-79606.7
-89532
-80685.6
-235988
-81730.3
-89028.3
-77008.5
-74807.9
-77967.2
30331.9
-79506.8
-77705.6
-74204.5
-84190.9
-80089.3
-79910.8
-80187.5
-80469.2
-74218.9
-74406.3
-81690.5
-74209.3
-74223.4
-83241
-61827.9
-74215.9
-80114
-74214.1
-80731.7
-80610.2
-74249.4
-80414.2
-84572.3
-79409.4
-82683.7
-90089.7
-52064.7
-50466.1
-80542.9
-80562.5
-80039
-79489.8
-80348.6
-82463.2
-74219.8
-80597.6
-74225.4
-75376.3
-55737.8
-79170.7
-79401.3
-74403.3
-75503.3
-81191.9
-78649.9
-74219.1
-74218.4
-74219.4
-74203.7
-74203.7
-74203.7
-77539
-78223.4
-94552.7
-84413.8
-90681.6
-92457.9
-80164.7
-71439.7
-70840.6
-80390.8
-66649.8
-76850.5
-72629.8
-78246.9
-38678
-38717.5
-68608.1
-104311
568253
-82100.9
-100372
-98915.7
-99694.8
-90291
-84415
-97005.1
-89533.6
-80506.2
-84573.3
-96085
-104994
-79036.2
-75499.7
-78128.4
-74579.8
-81649
-79190.2
-74611.6
-75750.5
-74445.6
-75582
-74350.9
-74211.4
-74202.5
-74220.4
-74218.9
-74224.3
-74219.2
-74224.5
-74220.1
-74233.4
-74224.5
-74283
-74292.7
-74249.8
-74343.1
-73814.5
-75454.9
-73887.9
-73808.3
-75511.1
-73846.2
-73832
-205633
-220308
-90406
-107599
-173784
-163215
-80855.6
-79169.8
-81733.3
-82216.7
-81699.1
-80819
-81931.7
-81985.9
-81366.3
-81972.9
-78855.4
-83582.5
-83380.7
-78664.7
-79806.5
-80371.2
-80433.4
-80418.4
-80366.4
-80382.9
-80501.7
-80492.9
-80794.5
-80654.9
-80771.8
-80901.6
-81164.1
-81409.1
-80615.8
-81790.5
-81851.8
-81674.4
-82019.3
-83063.3
-82030.3
-81123.6
-82669.6
-82937.8
-82653.4
-82717.6
-82902.4
-82820.4
-82789.6
-82867.8
-82843.2
-82775.4
-82785.8
-82769.8
-82834.5
-82813.4
-82773.3
-79996.8
-79258.6
-79667.8
-81055.1
-72550.6
-66550.6
-67110.7
-34368.2
-35147.5
-42433.6
24705.1
25409.5
23932.9
-3129.77
87300.1
35219.5
49797.1
69621.5
52625.7
-77118.6
-836.985
13065.1
-39126.7
-39519.7
-63960
-64907.1
-67221.9
-68101.6
-59886.1
-66645.7
-64657.8
-54182.1
-57668.1
-91724.6
-75015.3
-78037.2
-63291.2
-70403.9
-71571.1
-72461.4
-80027.9
-73848.6
-82107.7
-80209.8
-81429.2
-81134.8
-78626.2
-78203.6
-79034.5
-76856.6
-73397.7
-48776.3
-72120.3
-74940.2
-61698.3
-54400.2
-80888.7
-83046.1
-76963.3
-81992.3
-80559.1
-81021.1
-81008.6
-78060.6
-81310.9
-81017.4
-77367.3
-78180.4
-78346.7
-76013.6
-123613
-123988
-71700.5
-123932
-123528
-74429.1
-123774
-138850
-42222.4
-139938
-51598.2
-59233.3
-83197.7
-102906
-93458.1
-94447.1
-70535.6
-97715.6
-98634.6
-80368.1
-80464.9
-81694.4
-79946.1
-77754.3
-77351.4
-76738.8
-77086.4
-75780.6
-76362.1
-76971.7
-75501.2
-75741.9
-73716.8
-80380.7
-79563.2
-81894.2
-81180.6
-80693.8
-80968.7
-80559.6
-80396.3
-80513
-80342.6
-80733.9
-80543
-80741.7
-80743
-80775.7
-80939.4
-80781.4
-80483.2
-80569.6
-80521
-80627.2
-80968.4
-74462.7
-74478.7
-74417.1
-74319.3
-74233.1
-74224.2
-74169.3
-74179.3
-74253.2
-74263.5
-74263.5
-74226.2
-74226.1
-74207.6
-74254.5
-74320.6
-74191.7
-74256.2
-74329.5
-74268.1
-74264.3
-74193.7
-74259.3
-74233.3
-74217.8
-74246.2
-74177.4
-74171.1
-74241.6
-74221.5
-74222.8
-74217
-74224.3
-74225.6
-74225.4
-81431.2
-74221.5
-74222.4
-74223.1
-74223.4
-74226.6
-74219.4
-74218.4
-74227.8
-74218.7
-74374.3
-73764.2
-75583.9
-73796.5
-73772.6
-73783.9
-74327.4
-74229
-80462.3
-80393.8
-80480.8
-80687
-80778.9
-81741.8
-82759.4
-82831.5
-77461.5
-102074
-79771.1
-65413.5
-42054.7
-2130.96
-33803.9
83754.7
75479.2
-39757.3
-42197.7
-61068.7
-115498
-92138.9
-74541.5
-72739.6
-67163.2
-54695.8
-49542.5
-105916
-55600.7
-59550.9
-77088.5
-81474.7
-79938.4
-81786
-81478.3
-81093.7
-81334.4
-123222
-123652
-123606
-137123
-83709.9
-99628.9
-74500.1
-75591
-80567.2
-79936.8
-79837.7
-76479.2
-76376.5
-76876.4
-76485.2
-81165
-80476.2
-80596
-80247.3
-81200.1
-80822.1
-80866
-81289.5
-80802.4
-80553.7
-80601.3
-80511.7
-74427.1
-74141.3
-74234.5
-74283.1
-74262
-74184.6
-74263.9
-74328.9
-74189.4
-74262
-74272
-74278.2
-74229.1
-74238
-74217.7
-74224.7
-74224.6
-74221.7
-74224
-74227
-74220.1
-74227.1
-74223.3
-74220.9
-74215.4
-74215.1
-74216.2
-74216.2
-74216.3
-74216.6
-74217.1
-74217.1
-74224.5
-74220.4
-74218.1
-74219.7
-74219.4
-74220.8
-74220
-74218.8
-74224.7
-74224.1
-74225.8
-74226.2
-74223.3
-74225.1
-74235.6
-74224.7
-74226.3
-74235.8
-74250.2
-74122
-74145.4
-74159.1
-74251
-74267.8
-73838.3
-81467.9
-82172.6
-82961.7
-82294.4
-82474.1
-104743
-92264.7
-93432.7
-99234.9
-154329
-137174
-148467
-90902.9
-157403
-79551.6
-78811
-79297.2
-79992.7
-80034.7
-79861.3
-79662.9
-80470.9
-80004.4
-80519.4
-80470.8
-79993
-80265.7
-80413.5
-80239.2
-80404.4
-80342.6
-80303.9
-80459.2
-80424.4
-80499.6
-80407.2
-80268
-80659.4
-80709.2
-80875.1
-80870.7
-79955.8
-80553.1
-80313.1
-80631.3
-80608.1
-80520.3
-80778.2
-80833
-80954.8
-80937.8
-80906
-80899.2
-80833
-80781.7
-80823.4
-80825.4
-80701.6
-80096.9
-81460.5
-80515.6
-80961.6
-80758.6
-80727.2
-80585.8
-68484.4
-62069.2
-63401.8
-62861.7
-66358.8
-54583.5
-82311.1
-72591.3
-73881.4
-80424.7
-82940.4
-68088.6
-68060.8
-83004.4
-74344.3
-22809.4
-73521.3
-94972.4
-88579.7
-95101.4
-83941.1
-91224.7
-85304.7
-83229.4
-59493.8
-80688.6
-81883.9
-80223.5
-80749.3
-83031.2
-82269.4
-89883.3
-88543.9
-85722
-80796.7
-80119.5
-78432.9
-78905.8
-77905.3
-79308.6
-78222.3
-80015.8
-81478.5
-80812.4
-80258.1
-78140.6
-77427
-72583.5
-73621.5
-75667.1
-74906.3
-72282.5
-69124.6
-83854.2
-83166.1
-80684.9
-83530.9
-63635.2
-60708.4
-60737.3
-59159.1
-81396.8
-80782.2
-81302.9
-80502.9
-80586.2
-81591.9
-82037.9
-81233.9
-81079.1
-81800.6
-81502.9
-81112.8
-81866.1
-81927
-82498.8
-72543.6
-80959.6
-124261
-70923.9
-80739.8
-101330
-82638.1
-78118.9
-80377.5
-80750.4
-82690.2
-74307.9
-79332
-82766.8
-80045.1
-80325.3
-78836.5
-80370
-80741
-80383.9
-79086.2
-79560.6
-79156.4
-78777.9
-78766.5
-78758
-78682
-78691.6
-78754.6
-78681.1
-78641.2
-78762.2
-78297.3
-78823.1
-78613.8
-78705.4
-79618
-79383.1
-79927.2
-79468.6
-79492.5
-79700.9
-79879.2
-79729.3
-79637.1
-79756.7
-79838.9
-79906.5
-79866.8
-80167.9
-80019.4
-80722.7
-80035.4
-80003.3
-80091.3
-74718.9
-74147.3
-74735.9
-74377.4
-74393.7
-74399
-74353.8
-74389
-74366.3
-74275
-74220.8
-74184.1
-74231.7
-80777
-74210.2
-74183.5
-74225.5
-74219.3
-74217.6
-74218.8
-74219.6
-80095.2
-74220
-74218.6
-74218.8
-74220.6
-74216.5
-74216
-74228.9
-74218.5
-74222.1
-74215.7
-74222.2
-74223
-104276
-75593
-76696.2
-83182.8
-82903.7
-82393.7
-74220.1
-74219.9
-74220.8
-74220
-74215.9
-74218.7
-74219.2
-74219
-74218.3
-74218.8
-74220.9
-74220.4
-74220.5
-74218.2
-74216.2
-74224
-74221.5
-74219.3
-74224
-80180.1
-74226.3
-74231.7
-74230.4
-74264.4
-74160.2
-74166.7
-74162.9
-74249
-73955.2
-74647.3
-84945.4
-81241.9
-81630.4
-81765.7
-82092.6
-82330
-82075.3
-82322.1
-83083.3
-91210.5
-100493
-80545
-81744
-78605.1
-80749.9
-82418.9
-79694
-79083.1
-79357.6
-79982.6
-80101.1
-80252.1
-80246.9
-80283.2
-79637
-80129.6
-79425
-80281.8
-80169.1
-80019.9
-79950.8
-80131.5
-79926.9
-79756.1
-79869.1
-79880.1
-79859.5
-79817.7
-79924.7
-80042.7
-79782.8
-79838.6
-79689.3
-79852.8
-79734.8
-79792
-79897.1
-79397.9
-79717.2
-79699.8
-80672.4
-79737.2
-79480.7
-79592.3
-80884.5
-80577.7
-79736.3
-79712.6
-79751.4
-79709.3
-79695.8
-79713.5
-79657.1
-79408.9
-80767.1
-81753.8
-80029.1
-81320.4
-77231.6
-79620
-80785.5
-80787.7
-81126.6
-73916.8
-81906.3
-76041.4
-72655.4
-66920.1
-71288
-67026.2
-54066.2
-63129.7
-74989.9
-75301.2
-77062.2
-77045
-78043.9
-80528.9
-80534.4
-80327.8
-80610.3
-80072.7
-77359.3
-78129.6
-81172.8
-72867.6
-78279.3
-23918.3
-73338.8
-73216.1
-54646.4
-68184.2
-82602.6
-83250.5
-81810.9
-82521
-76963.1
-82933.9
-81012.1
-83886.8
-84014.7
-83125.6
-84863
-80936.2
-83722.2
-84927.3
-81661.2
-82804.6
-85496.2
-84445.5
-74509.1
-72702.6
-71051.5
-81381.8
-81022.6
-80813
-80835.4
-79731.3
-79657
-79817.7
-80099.6
-79929.1
-80786
-81435.4
-81485.2
-80265.5
-80760.4
-80376.3
-80560.3
-80298.8
-79905.2
-79083.1
-79679.7
-78854.9
-78002.3
-78967.6
-78590.4
-83265.6
-69302.2
-82673.5
-82579.5
-80514.8
-81716.2
-80735.3
-81774.7
-82892.1
-81039.8
-81166
-80718.7
-81297.9
-80930
-80789
-81299.7
-81181.2
-81569.6
-81802.9
-82025.8
-81611
-81058.2
-79534.5
-80796.4
-81101.3
-81058.8
-74707.6
-80645
-79106.4
-86009.7
-85995.8
-85728
-84088.1
-80080
-81246.7
-80503.8
-77931.1
-80843.7
-80266.7
-80326.5
-79399.2
-78418.2
-79532.7
-79982.9
-79510
-78710
-78724.6
-79239.3
-79250.7
-78669.6
-79251.7
-79276.6
-79219.9
-79260.8
-79390.4
-79207.3
-78567.4
-79233.3
-79262.6
-79029.2
-79222.2
-79265.4
-79575.8
-79378.8
-79693.1
-79854.9
-80639.1
-79423.3
-79260.6
-79484.7
-79545.8
-79661.3
-79726.7
-79575.6
-79691.2
-79647.1
-79538.6
-79913.2
-79718.7
-80058.6
-79847.7
-79863.6
-79656.6
-79778.5
-79783.4
-79900.5
-80190.1
-79954.3
-79991
-74225.6
-78448.6
-74182.9
-74149.2
-74371.9
-74199.2
-74392.1
-74170.6
-74245.4
-74255.6
-74234.5
-74195.6
-74224.5
-74233.6
-74225.3
-74220.9
-74213.9
-74216
-74216.3
-74216.9
-74220.9
-74216.4
-74219.8
-74217.4
-74220.1
-74217.6
-74216.3
-74220.8
-74216.2
-74229.3
-74216.9
-74220.3
-74220.8
-74216.4
-81257.3
-80822.3
-71712.2
-75617.4
-71630.7
-71426.5
-77637.7
-77442.4
-76687.5
-82554.9
-82284
-80637.1
-81978.3
-82274.4
-85954.7
-81458.1
-83503.3
-82798.5
-74217.2
-74218.9
-74219.4
-74217.9
-74174.9
-74262.4
-74182.7
-74228.2
-80144.4
-80486.8
-80529.5
-80048.5
-74897.6
-74220.1
-74218.3
-74217.7
-74217.8
-74211.5
-74223.2
-74213.6
-74221.4
-74213.4
-74213.8
-74217.2
-74218
-74211.1
-74208.7
-74227.7
-74223.2
-74167.4
-82455.8
-83158.3
-82215.2
-83171
-81122.5
-80832.4
-80952.8
-80639
-80264.6
-82322.7
-81265.4
-80014.1
-80184.9
-80304.1
-80169.3
-80258.2
-80047
-79928
-80042
-79502.2
-79511
-79953.5
-79887.3
-79825.6
-79889.8
-79251.8
-79374.6
-78964
-79381.2
-79284.7
-79612.7
-79123.8
-79690.8
-79259.7
-79213.1
-79796.5
-79605.2
-80009.8
-74218.5
-74218
-80896.3
-80991.5
-81107.2
-81570.2
-82115.6
-81663.5
-73939.1
-74637.2
-74036.1
-70820.7
-70770
-70305.8
-67147
-71773.3
-77931.4
-79530.9
-80834.3
-79221.6
-79273.8
-80347.1
-78383.1
-79877.2
-81939.3
-81378.9
-81372.9
-81445.8
-82124.4
-82498.6
-83002.6
-82320.3
-80877.6
-81499
-80788.9
-80820.6
-81277.1
-80250.6
-79892.9
-80621.8
-81359.2
-80946.4
-81191.6
-81418.8
-80230.7
-80479.9
-79674.6
-81105.7
-81090.7
-81198.9
-80499
-80553.4
-82253.5
-80955.6
-80666.2
-74204
-74254.4
-74230.6
-74205.4
-74225.7
-74228
-74220.8
-74216.8
-74223.1
-74217
-74218
-74220.3
-74219.4
-74216.5
-74216.1
-77471.7
-81053.1
-81267.4
-81405.3
-82899.5
-74215.5
-81249.2
-81818.3
-74194.8
-81842.9
-81457.4
-81570
-74222.3
-74224.2
-81467.8
-80056.8
-80729.1
-81441
-80621.5
-81350.9
-81453.1
-80713.6
-78009
-80389.9
-80221.1
-79986.2
-79956
-74379.5
-74318.2
-74286.7
-74223
-74220.1
-74229.1
-80205.5
-83101.5
-74225.7
-74228
-74166.9
-80320.7
-79618
-74219.1
-79888.9
-79711.1
-78182.2
-80168.7
-79555.3
-82249.6
-76446.7
-81417.5
-81699.6
-72457.1
-74692.4
-70519.9
-81101.4
-82369
-81671.7
-80725.9
-80239.9
-79571.8
-79583.1
-79883.6
-74217.4
-74243.7
-74244
-74218.7
-74220.3
-81004.6
-80704.2
-74199.2
-82194.7
-79209.5
-79252.1
-74217.3
-79582.4
-81206.7
-79260.9
-78753.6
-74220.4
-74218.4
-80652.5
-74205.8
-74204.5
-83767.1
-73101.7
-36181
-74218.3
-89577.9
-82518.6
-98245.6
-74217.9
-74548.8
-77697.5
-75449.1
-74991.6
-81939.9
-74216.5
-80360
-74214.9
-82827.1
-41784.7
-46987.1
-45423.6
-69530.1
-78592.3
-76490
-76152.6
-78420.5
-84935.7
-76974.8
-79693.2
-80992.7
-79576.4
-79550.2
-80273.9
-80710.9
-81059.7
-80486.2
-74366.1
-79169.4
-74224.9
-74228.2
-74199
-74182.5
-79261.8
-74245.2
-79263.5
-74224.7
-74201.7
-74230.8
-74248.3
-74224.8
-74234.1
-74223.8
-58718.8
-79189.8
-81690.4
-79886.5
-80543.4
-74243.9
-74372.7
-74226.1
-80122.2
-74220.8
-74367
-74869.6
-80032.9
-80838.4
-80846.4
-78300.9
-81104.9
-73519.2
-80956.8
-81267.7
-81929.9
-77214.4
-78846.6
-78845.4
-80001.7
-79956.2
-74745.1
-74375.4
-74250.1
-74175
-74220.3
-80836.6
-74219
-74226.4
-82943.2
-74218.4
-81193.4
-74218.3
-74225
-79894.9
-81522.6
-80013
-79801.3
-79737.9
-79994
-80291.7
-79857.6
-73809
-76183.2
-74699.8
-74217.6
-74217.3
-74217.4
-74218.6
-76597.3
-77417.7
-76522.3
-76435.4
)
;

boundaryField
{
    Wall
    {
        type            zeroGradient;
    }
    Inlet
    {
        type            zeroGradient;
    }
    Outlet
    {
        type            fixedValue;
        value           uniform 0;
    }
    Empty
    {
        type            empty;
    }
}


// ************************************************************************* //
