/*--------------------------------*- C++ -*----------------------------------*\
| =========                 |                                                 |
| \\      /  F ield         | OpenFOAM: The Open Source CFD Toolbox           |
|  \\    /   O peration     | Version:  2312                                  |
|   \\  /    A nd           | Website:  www.openfoam.com                      |
|    \\/     M anipulation  |                                                 |
\*---------------------------------------------------------------------------*/
FoamFile
{
    version     2.0;
    format      ascii;
    arch        "LSB;label=32;scalar=64";
    class       volScalarField;
    location    "4.3";
    object      p;
}
// * * * * * * * * * * * * * * * * * * * * * * * * * * * * * * * * * * * * * //

dimensions      [0 2 -2 0 0 0 0];

internalField   nonuniform List<scalar> 
2958
(
-78065.3
-30563.9
6332.79
-100954
-38520.7
7491.72
-64348.4
-83917.5
-15619.2
-87329.1
-76128.6
-70227.6
-85039.9
-70235.2
-83131.5
-77269.1
-38199.9
-84955.6
-70236.7
-80115.7
-69819.9
-37233.8
-69274.7
-88088.6
-84948.7
-79833.8
-58639.7
-105159
-76197.3
-76846.1
-79583.3
-37665.9
-69522.9
-11938.3
-78163.2
-79949.2
-70235
-69776.1
-79744.4
-91648.7
-456301
-73732.6
-62182.1
-78332.8
-70225.5
-26096
-76041.6
-31934.8
-90686.6
-85611.1
-77586.8
-57376.5
-112825
-76771.9
-77750.9
-155703
-91925
-94008.8
-78674.1
4684.63
-80756.1
-79896.4
-68420.6
-77052.4
-70239.6
-70237
-76876.5
-46440.6
-54468.6
-84613.5
-36627.8
-70225.9
-37282.1
-78709.7
-70222.6
-71641.6
-80983.2
-68163.8
-70171.9
-77355.4
-84823
-37899.8
-108476
-109676
-79812.9
-78771.2
-37890.6
-78892.5
-40809.1
-70287.1
-75331.9
-7620.82
-74953
-70237.3
13905.5
-37565.1
-83728.5
-101719
-70236.7
-70231.3
-100457
-78683.2
-51989.1
-34004.8
-70743.4
-71310.9
-70223.1
-91677.6
-70244.7
-34870.6
-137854
-77541.9
-70102.3
-85851.2
-70234.6
-70235
-78555.3
-77761.4
-36358.9
-78209.8
-83694.7
-70226.6
-75195.5
14730.3
-84740.9
-80251.2
-84268.6
-37953.4
-78282.3
-70237.5
-70175.2
-70196.6
-77869
-70241.2
-70223.5
-70239
-86621.3
-79289.6
-70234.5
-70235.6
-80225.1
-31563.1
-69886.4
-70246
-78148.2
-34907.6
-70202.4
-70229.2
1951.64
-70228.2
-80125
-84205.9
-87781.4
-71970.8
-84642
-70261.4
-69437.3
-78232
-65828.6
-141233
-85939.7
-89572.4
-82342.2
-70231.2
-87090.5
-86391
-64824.8
-70236.4
-103616
-6068.3
-36941.8
-70223.4
-70529.5
-36726.4
-70258.9
5436.02
-38680.9
-17717
-64659.1
-55111.1
-72634.5
-36298
-83671.8
-167394
-34111.7
-35356.9
-33545.1
-70244.6
-37859.9
-94833.3
-38297.4
-58241.2
53306.4
-94401.9
-42709.4
-75839.9
-28632.5
-37664.9
-77302.6
-280514
-90335.4
-70240.8
-78114.9
-20956.5
-191266
-153976
-74132.1
-160656
-37380.2
-92950.5
-70234.9
-70272.3
-70233.4
-30354.5
-70233.7
17289.1
-76967.7
-70236
-70236.9
-70235.3
-70222.5
-33390.7
-66131.8
-35461.7
-242676
-77377.8
-105829
-70236.9
-27010.8
-37563.6
-31218.3
-39885.6
-25017.9
-38310.7
-76101.5
-70220.3
-70258.7
-78363.1
-70261.1
-49004.6
-70268.8
-49897.7
-93213
-105223
-80185.7
-165808
-66944.2
-85660.5
-76762.9
-78836
-91471
-83495.2
-79040.5
69520.6
-100695
-43894.6
-77778.8
-2524.36
-79662.5
-38303.8
-77802.6
-70021.2
-39053.9
93246.9
-81084.8
-76169.9
-85852.1
-79035.6
-75238.4
-69429
-70234.5
-36743.5
-78045.5
-70221.2
-29560.3
-79034.5
-70236.3
-36365.3
-70240.7
-32416.8
-70234.5
-70302.7
-80884.5
-79202.4
-41134.8
-70232.4
-72803.9
-121705
-144886
-76258
-87185.6
-39681.8
-70233.1
-70229.1
-96460.6
46433.5
-70235.2
-77724.3
-70235.5
-90649.3
-86638.7
-38342.5
-2979.97
17482.3
-80457.7
127296
-107427
-69997.1
-77896.5
-78163
-70243.6
-78127.6
-76994.6
-70237.9
-30132.5
-241563
-39734
-65725.7
-36653
-79349.4
-35981.7
-38262.2
-79474.6
-52182
-4030.53
-69438.2
-77535.5
-70274.5
-140035
-528980
-37809.4
-89511.2
-70224.5
-70234.5
-3027.25
-70234.5
35714.1
-170234
37682.9
-70242.2
-78970
-21142.9
-37424.8
-38149.2
-70245.5
-31710.1
-70246.2
-62382.1
-81786.5
-80275.2
-112803
-83877.3
-41095
-82242.4
-42871.4
-77956.7
-70235.5
-79762.6
-52184.5
-78348.6
-526920
-78487.5
-89114.2
-42506.6
-82742.2
-37386.5
-65902.7
-121627
-95557.1
-37123.1
-92120.7
-38626.8
-70235.1
-91562.3
-77601.4
-38731.9
-77625.5
-89903.7
-37862.2
-37419.1
-80755.8
-74742.5
-70170.5
-79617.3
-38813.7
-70474.5
-79641.3
-37861.8
-69348.7
-70192.8
-85285.8
-70235.4
-69507.2
-37249.8
-76142.4
111725
-528623
-70235
-70228.5
-37190.4
-78975.2
-77629.6
-35688.8
-99003.4
-77359.3
-78121.2
-38323.1
-78878.5
-78351.6
-81667.6
-79721.2
-84787
-76271.6
-44848.9
-7018.09
-36925.6
-38962.4
-182843
-78393.3
-78394.2
-70225.7
-59727.1
-33819.1
-54051.7
-82455.3
-69558.7
50245.1
-82240.1
-77975.4
-33544.7
-38654.5
-77657.2
-37761.4
-90257.5
-90039.3
-38282.9
-34267.6
-89161.9
-80397.2
-70240.5
-35637.4
-34968.1
-77766.2
-83568.8
51157.7
-72111.5
-70298.2
-24081.2
-70261.7
-38038.8
-70255.1
-39332.3
-77501.9
-41532.1
-80015.7
-84924.7
-70234.5
-78167.8
-34766.3
-70235.2
-32086.6
-100696
-81298.2
-83036.3
-78017.6
-65478.3
-21209.7
-73128.5
-77929.2
-64638.9
-83267.6
-70228
-86576.2
-24474.1
-77917.6
-36654
-74823.2
-38092.1
442.76
-76812.7
-84779.1
-35549.8
-70239.2
-72285.1
-32231
-79401.1
-81235.2
-74978.5
-4930.49
-77830.7
-27519.9
-33127.8
-93996
-79143.5
-36363.2
-76982.9
-91555.1
-70245.5
-70277.8
-70256.4
-38632.1
-70247.2
-70239.2
-80153.5
-87343.4
-70233.3
-106804
-41802.4
-86058.7
-82573.5
-70148.5
-70235.7
-78562.3
-70235.7
-77345.8
-77365.4
-13157.2
-94593.6
-36860.8
-80948.3
-70256.5
-37565.9
-78627.3
-10231.6
-77567.7
-77573
135397
-69995.3
-76770.2
-86766.7
-76773.4
-70294.6
-39395.9
-70215.7
-75488.6
-65938.7
-40009.2
-33755.3
-80190
-76808.1
-78229.1
-77579.1
-70228.5
-76966.5
-70272
-75259.3
-76622.1
-69323.9
-70233.8
-15866.6
-70222.3
-70232.7
-31730.2
-78942.3
390171
-81533.3
-78226.9
-77987.7
-76703.5
-86460.4
-78819
-45314.9
-76689.4
-78227.7
-78138.6
-77556.4
-70240.6
-77935.2
-47497.5
-77737.8
-79172
-78600.8
-70244.8
-70233.3
-70462.1
139008
-70266.2
-80855.4
-70237.2
-82330.6
-37231.8
-29862.4
-73324.5
-31376.1
-80624.8
-69973.9
-70261.7
-70232.1
-30030.5
-86705.7
-70234.9
-70237.3
-80039
-83569.4
-69571.1
-93464.8
-77219
-90317.2
-78287.3
-76225.9
-70225.1
-79245.5
-70444.1
-80270.4
-9791.7
-78348.2
-95225.3
-85035
-68170.1
-70234.9
-77580.8
-85109
-70241
-70234.7
-76623.2
-88273.7
-65196.3
-30251.9
-70225.2
-56788
-77680.2
-97035
-78242.7
-35017.3
-79626
-70174
-40617
-78847.5
-77447.4
-70236.2
-84121.8
-70236.8
-36798.6
-70235.3
-77007.9
-77117.6
-70547.8
-28561.2
-79756.2
-64381
-70269.5
-78579.8
-94543.4
-70528.6
-78288.8
-95288.5
-24564.3
-70199.4
-76877.2
-70233.4
-70245.7
-83843.2
-87486.5
13302.9
-82544.5
-37086.6
-30409.4
-68095.2
-60925.7
-33700.6
-38705.3
-68145
-70198.2
-70128.5
-76320.7
-70241.6
-35391.7
-70259.7
-78604.5
-75755.7
-37449.7
-38421.6
-184811
-148758
92069.4
-50043.5
-77676.9
-153914
-70202
-70233.2
-38494.5
-79110
-70232.6
46307.7
-70242.1
-37163.2
-35809.6
-77471.3
-79425.2
-32799.2
-75332.5
-43698.9
-80303
-80444.8
-78046.5
-69399
-121252
-79174.9
-78290.6
-70161.3
-70235.6
-79708.8
-77137.9
-74252.7
-79652.2
-76100.3
-39204.4
-114455
-89190.1
-37993.8
-39890
-38459.4
-38915.2
-78499.4
-81639.1
-86738
-90118
-77780.3
-84521.9
-38258
-60094.8
-70195.5
-37048.9
-80081.8
-70245.2
-42410.9
-70240
-214813
-65881.2
-70202.1
-81181
-137757
-78864.9
-38926.6
-63637.6
-90576.9
-78384
-77240.3
-69821.6
-71837.1
-78048.7
-61823.3
-199699
-79758.5
-78312.2
-69407.9
-84862.2
-65834.5
-17082.4
-87094.1
-102164
-73236.5
-70226.9
-123933
54182.1
38087.9
-77939.9
-79701.3
-94040.6
-74403.2
-70234.2
-70237.7
-70233.4
-84290.6
-35915.5
-70236.6
-77911.9
-70235.6
-84512.8
-70092.3
-70360.3
-45420.8
-158827
-80586.4
-70236.6
-70237.3
-86797.6
-80266.1
-70230
-70235
-29600.8
-70235.3
-100082
-80248.1
-70488.3
-44943.4
-78039.3
-70215.7
-34701.5
-78201.5
-78605.6
-83740.1
-78048.7
-81432
-55448.6
-38216.6
-69355
-76986.5
-79487.4
-79200.8
-26620
-70258.1
-80227
-91639.5
-78832.9
-86602.5
-79136.7
-68729
-30128.6
-86783.2
-35602.1
-65418.7
-84915.4
-70237.8
-74743.7
-81687.2
-39140.7
-78786.9
-52446.1
-112622
-85123.1
-77180.7
-84452.7
-85893
-77445.4
-54861.7
-76915.1
-80444.6
-57276.6
-84713.6
-43307.4
-78808.6
-78296.2
-138504
-78304
-29405.2
-108165
-70236.4
-133041
-76411.7
-82604.8
-79797
-70245.9
-69745.3
-70224.4
-76542.1
-79696.5
-60127.2
-78996.7
-79563.4
-78491.2
-79113.6
-87800
-14740.3
-34784.8
-102735
-36787.4
-70246.2
-85837
-103079
-37426.8
-17516.6
-94990.8
-76957.1
-92608.3
-59996.5
-40218.1
-83735.6
-70316.4
-74973.6
-90769.4
-70231.7
-31976.6
-152705
-107685
390314
-38083
-70236
-69741.2
-77251.9
-70234.7
-70234.4
-70233.5
-37284.3
-78277.7
-84944.8
-37793.4
-64191.5
-76994.1
-49740.9
-145967
-77901.1
-36563.7
-70236.5
-36229.1
-90368.7
-77441.6
-85313.9
-36729.6
-90835.7
-28340.1
-199239
-70236.5
-84045.3
-35775.7
-41110.8
-36657.6
144501
-37850.2
-70200.4
-84851.4
-34139.6
-75088.4
-35853.1
-91140.2
-37105.1
-90357.3
-70343.2
-35487.5
-76142.4
-36899.4
-7336.68
-53123.2
-77799.6
-74684.7
-37287.8
-21136.4
-76237.3
-27755.9
-30679.5
-47029.2
-90076.4
-47130.1
-74454.5
-76721.8
-30219.8
-77841.2
-36908.7
-76624.8
-36902.6
-79257.6
-35550
-70235.1
-77903.5
-76378.3
-38765.4
-84112
-87503.5
-86927
-35619.4
-85359.6
46683.6
-77106.3
-130354
-79506.7
-35533.2
-77304.1
-74920.7
-65705.2
-70232.2
-70236.3
-38610.6
-37873.3
69902.4
-70232.7
-80168.9
-90334.1
-41220.6
-78273.7
-84435.5
-24198
-79198
-109393
-70238.8
-48348.1
-70235.3
-79587.6
52553.8
-84503.9
-125065
-70346
-84852.1
-70228.1
-75240.6
-79149.6
-39398.4
-77028
-78907.7
-44468.7
-44465.7
-42204.9
-79371.5
-78093.4
-4067.17
-40957
-78287.7
-85333.9
-37733.7
-36415.4
-38405.8
-35994.9
-28940.5
93684.2
-78878.4
-32825.2
-81662.6
-78451.2
-78348.6
-69596.5
-69903.6
-527069
-37971.6
-70250.2
-140161
-40227.1
-77857.9
-70237
-106632
-80259.7
-64138
-77610.5
-85333.3
-141390
-107345
-18424.6
-69562.1
-77375.1
-78260.1
-25920.4
-98060.3
-70223.6
-59973
-51305.4
-77911.7
-70237.9
-70233
-82481.4
-70231
-70241.6
-72031.1
-77845.4
-73720.3
-70247.4
-70241.3
-40145.5
-69425
-77694.3
-79623.1
-84669.3
-70233.1
-85365.4
-77578
-83329.9
-37745.1
-69341.5
-88871.9
-70236.3
-77516.8
-70241.5
-70234.5
-70235.8
-85056.9
-78987.4
-69361.7
-79040.8
-85234.4
161953
-78222.3
-95214.7
-37990.8
-70240.5
-33412.2
-70256.2
-155534
-122560
-70241.2
-111388
-88251.9
-90612.1
-35152.5
-89661.7
-79020.8
-75157.5
-39437.3
-84082.3
-70148.8
-76566.6
-30495.2
-82955.1
-82505.2
-86230
-83536.4
-42024.8
-76821.4
-83811.1
-70227.1
-526890
-37535.8
-84574.1
93759.1
-82846.4
-30728.7
-36828.2
-70245.8
-26807.6
-83347.2
-36410.7
-70241.1
-100679
-70227.7
-70234.6
-70231.6
-70235.1
-3579.99
-6827.38
43167.2
-80751.2
-37897.7
-38933.6
-38632
-37395.2
-34550
-29331.9
-93027.4
-77065.8
-75984
-76881.8
-35256.4
-37108.9
-36491.3
-70234.2
-84170.9
-85095.1
-51012.4
-91755.1
-74908
-92951.3
-77450.4
-70235.8
-70224.8
-80274.2
-69744.5
-78296
-84292.5
-79270.6
-92447.1
-86784.8
-78089.5
-24215.5
-60277.9
-70273.5
-94478.9
-87863.9
-154202
-100016
-75321.3
-79606.2
-84154.4
-77565.3
-70240.6
-118064
-150509
-88858.2
-35261.1
-78118.6
-77664.7
-64471.5
-77314.8
-60162.1
-34575.6
-70235.7
-78222
-60460.4
-84944.3
-70240.9
-70265.4
-77206.9
-77637.2
-81545.8
-79040.1
-80332.3
192745
-70231.7
-83238.9
-84006.8
-70103.4
-80762.1
-70164.9
-78804.8
-37772.3
-70231.9
-80815.3
139764
-79693.8
-79586.2
-81836.7
-70186.2
-77589.8
-70247.4
-77388.1
-95730.1
-140644
-77611.1
-69882.6
-7340.6
-78500.3
-147268
-70236.4
-76301.4
-74755.5
-78462.2
-69326.5
-85099.3
-79776.2
-78716.1
-89289.5
-76772.2
-75500.7
-77772.1
-99459.2
-70243.5
-94388.9
-77302.4
-81575.1
-78014.3
-77594.9
-37213.1
-36901.5
-70261.3
-77275
-47588.4
-70233.1
-77840.1
-69917.2
-83403.5
-70264.6
-37341.2
-35979.3
-73638.3
-41150
-90105.2
-70067.1
-36646.2
-77338.3
-76979.6
-83687
-36448.5
-78296.5
-84409.5
-70241.8
-70237.2
-68666.5
-67717.6
-70238.2
-69766.2
-43164.7
-79294.1
-36367.8
-36639.4
-94894.7
7725.44
-84575.4
-77403.2
-35155
-38173.8
-79223.9
-90191.8
-79803.7
-76652.1
-34101.2
-88803.9
-36404.6
-77281.2
-76612.3
-95788.6
-40563.7
-36612.7
-55330.4
-44820
-67134.1
-46258.6
-142565
-37263.3
-73749
-64463.7
-78776.1
-88201.6
-61542.8
-79850.2
-70407.6
-37824.2
-78150.5
-70235.2
-77017.7
-78939
-78909.8
-77395
-44784.7
-87852.4
-41164.6
-38184.1
-77250.2
-78807.4
-38447
-77704
-80280.6
-140750
-81274.1
-37706.1
-70243
-124740
-59921.1
-70236.6
-77192.4
-80229.6
-29933
-80135.3
-104403
-79121.4
-39954.1
-70217.9
-79302.7
-77057.1
-39551.2
-212757
-78333.5
-76585.1
-76722.8
6218.15
-37290.4
-70125.1
114860
-70226.6
-104068
-70230.2
113022
-70240.2
-79784
190031
-64086.9
-70241.6
-90739.7
-70235.2
-70186.7
-80718.5
-70235.3
-3525.9
-69954
-77715.8
-70239.2
-92223.1
-97957.9
-77678.6
-70239.8
-82752.5
-71579.9
127208
-70232.6
-30241.7
-70226.1
-107659
-70234.6
-95917.8
125874
-70236.2
-128472
-101592
-79485.3
-38816.3
-71813.1
-35888.5
72512.9
-70219
-90149
-70210.6
-69736
-49718.4
-78261.5
-70213.5
-92061.9
-69511.8
-88813.1
-78645.6
-31829.2
-36013.8
-78482.8
-167442
-37361.3
-80320.7
-38566
-70242.1
-70242.6
-81047.6
129507
-83305.9
116156
-79260.2
-70191
-70227.9
102748
107375
-83058.3
-39962.5
-80229
-6037.98
-36857.1
-69379.6
-70234.9
-70234.4
-64108.1
-14042.6
36158.7
-75131.6
-74870.5
-117113
-86422.4
-84751.7
-94436.9
-94227.4
-70233.5
-86576.9
-77292.3
-78396.1
-36753.8
194276
-70241.1
-78393.3
-79305.3
-78714.4
-70243.9
-81218.7
-37097.8
-95402.9
-70244.5
-89971
-274309
-70236
-70170
-70236.5
-70234.4
-70235.4
-70235.1
-23446.8
-81446.4
-88348.9
-85629.6
-87468.8
-75709.9
-36743.3
-77487.1
-70240.3
-70219.9
-86482.2
-74905.7
-70236.6
-76816.5
-37356.6
-70249.3
-80154.7
-83710.1
-38285.2
-19810.6
-35879.3
-66378
-41602.7
-148127
-78272.1
-59477.5
-79931.1
-70240.8
-70678.3
-48364.7
-76595.2
-70219.4
-109353
-84190.2
-78455.6
-70232.1
-84592.7
-86172
-41597.3
-80277.9
-48407
-78794.1
-70233
-77969.9
-39599.1
-77522.1
-45459.6
-48789.3
-89944.6
-70241.9
-78825.9
-80029.5
-77790.1
-83314.6
-77910.7
94751.6
27226.8
-56587
36262.7
-76889.1
-80394.1
-77705.5
-37215.3
-78020.7
-37920
-77032.4
-77848.4
-74826.7
-69946.2
-70235.5
-44855.6
-36686.5
-39976.7
-77612.8
458237
-36743.9
-37528.2
-37048.2
-70395.6
-75325.7
33714.2
-65149
-36113.7
-77768.2
-70234.8
-80645.7
-77069.7
-42804.1
388979
-37063.9
-70235.1
-47559.7
458250
-79211
-81235.1
-85549.6
-70227.5
-78095.1
-38538.6
-80444.9
-204706
-78621.2
-70232.6
-78699.5
-70225.6
-37205.4
-37914.8
-40722.1
-77397
-77479.5
-77824.8
-70235.5
-83308.6
-39508.9
-87090
-76912.6
-154940
-76657.6
-75674.1
-77862.1
-83472.7
-93969.2
-36164.9
-79108.7
-35432.3
-78811.8
-70233.6
-64985.4
-24673.6
-82409.3
-561.983
-64730.5
6929.29
-36066.3
1072.88
-4375.15
-77203.2
-78277.5
-32128.6
-78236.4
-70241.9
-70227.7
-70235.5
-70511.2
-80160.4
-70234.7
-70241.1
-78293.1
-101588
-70236
-160264
-80430.3
-70106.3
-76923.6
-87172.3
-85260.8
-234436
-78343.3
-86879.7
-38858
-71808.2
-63991.3
36259.7
-77136.2
-37299.7
-70158.1
-82029.7
-78068.5
-77846.5
-78847.6
-78963.5
-70235.2
-70395.2
-82381
-70224.8
-70240.4
-213439
-24116
-70235.7
-77841
-70229.9
-78222.6
-85920
-70240.4
-77945.5
-28417
-85460.2
-38470.1
-49283
-13715.4
-13577.5
-37238
-37630.7
-77946.9
-85682.2
-78090.7
-91532.7
-70236.4
-37567.2
-70241.4
-72404.1
15132.7
-76506.5
-77627.6
-70674.1
-64985.5
-37208.6
-33377.1
-70235.9
-70235.7
-70236
-70228.2
-70227.9
-70227.8
-68896
-70119.3
-211505
-193742
-212640
-259103
-30959.1
-24991.1
-31908.6
-33602.5
-29667.8
-27452.1
-26747.7
-28255.4
-9765.6
-9711.78
-28868.7
-42973
454303
-109427
-213613
-186629
-201232
-141428
-116148
-178546
-140499
-78915.4
-82261
-93581.9
-102501
-34558
-69720.5
-33075.5
-70135.5
-87360.2
-31757.5
-70130.9
-69614.6
-70154.5
-69684.6
-70210.2
-70226.6
-70218.9
-70235.9
-70234.5
-70240.4
-70235.9
-70242.5
-70245.7
-70244
-70242.4
-70259.8
-70260.9
-70253.2
-70220.9
-70054.9
-69736.4
-70068.4
-70091
-69711.3
-69475.8
-69404.1
-203315
-218534
-87903.9
-105109
-171623
-160777
-78494.4
-76792.1
-79466.3
-79841.7
-79432.3
-78151.2
-79631.4
-79589.1
-78681.7
-79602
-76566.5
-81081.8
-80892.1
-76650.9
-77550.7
-78002.6
-78056.9
-78042.1
-77934.8
-77772.9
-78056.9
-78150.8
-78880.7
-78615.5
-78865.3
-79146.2
-79350.8
-79751.9
-79443.4
-83157.8
-82888.1
-82886.7
-84601.6
-87219.8
-86558.4
-85265.7
-96849.4
-99608.9
-96179.4
-97369.9
-99475.1
-97722.7
-99823.6
-100299
-100290
-102002
-101839
-101002
-104615
-102947
-108157
-84154.1
-76949.1
-83228.3
-95868.5
-75177.7
-77071.8
-77961.4
-45885
-46180.7
-43574.1
-25919.1
-24712.7
-25562.4
-58449
-19902.6
-24449.8
83814.7
92049.9
84530
-29462.2
45514.7
53401.1
58408.7
58001.6
-605.981
-3733.45
-10817.9
-22383.9
-16021
-22257.1
-21881
-12661.2
-21369.1
-37509.2
-35801
-37372.7
-21157.8
-28660.1
-26642.8
-25928.9
-38296.2
-24427.7
-38622.1
-36941.5
-42366.4
-42002.1
-33159.9
-33578.3
-31623.6
-33254.8
-40227.8
-34813.2
-104435
-103165
-146970
-89097.3
-92038.9
-95929.5
-87895
-94049.1
-167790
-147154
-140792
-77401.8
-118099
-100090
-83958.5
-48129.9
-85564.6
-33412.2
-527920
-528738
-315365
-528039
-528172
-329195
-529929
-776695
457568
-767096
364402
281668
-150979
-518863
-332488
-359859
-72580.7
-313446
-311247
-94694.8
-145951
-156638
-73388.2
-64517.9
-66124.3
-66203.8
-65971.4
-65661.2
-65792.3
-65903.7
-64703.9
-65801.1
-62219.4
-78915.1
-75969.1
-84157
-81425.3
-80000.4
-80765.7
-79818.3
-79228.4
-79566.8
-79379.2
-79452.5
-79093.3
-79473.3
-79074
-79090.4
-79534.7
-79112
-78315.6
-78498.7
-78378
-78713.6
-78963.5
-70274.5
-70294.7
-70288.6
-70001.7
-69848.9
-69823.4
-69671.4
-69753.1
-69802.3
-69875
-69790
-70207.5
-70197.4
-70177.8
-70225.5
-70196.5
-70175.6
-70217.6
-70195.9
-70261.4
-70257
-70210.9
-70255.6
-70250.5
-70235.3
-70257.8
-70203.6
-70200.1
-70254.9
-70238.4
-70239.6
-70235.1
-70240.5
-70241.1
-70241.2
-87787.7
-70237.3
-70238.6
-70237
-70236.8
-70240.4
-70238.2
-70236.9
-70240.3
-70234.9
-70202.7
-70076.2
-69683.1
-70042.6
-69127.7
-69175.5
-69506.8
-69848.5
-77874.9
-77764.3
-78034.9
-78737.2
-78902.5
-88917.2
-100875
-102151
-70377.9
-216363
-84111.4
-75420.6
-42037.8
-57400.1
-45256
98708.1
94850.7
58930.4
35388.7
-19445.1
-51694
-41132.8
-32050.2
-30345.4
-28524
22195.4
-43259.5
-286588
-63741.4
-109705
-87851.3
-86769.1
-91056
-95484
-71757.4
-135350
-72021.8
-527296
-527898
-527047
-755628
-178753
-310639
-108378
-131530
-101105
-74160.9
-73152.3
-66140.1
-66205.9
-65994.8
-65567.9
-81463.2
-79680.9
-79094.3
-79021.3
-79930
-79173.4
-79263.1
-80309.7
-79116.6
-78411.2
-78517.4
-78357.8
-70204.9
-69602.8
-69848.3
-70252.9
-70221.3
-70153.5
-70227.8
-70197
-70208.3
-70263.4
-70271.9
-70275.1
-70243.3
-69863.2
-70235.4
-70241.1
-70240.8
-70238.7
-70240.4
-70244.4
-70236.4
-70240.1
-70237.7
-70235.5
-70231.6
-70231.1
-70232.1
-70232
-70232.2
-70232.6
-70232.9
-70234.1
-70239.2
-70236.1
-70234.4
-70235.4
-70234
-70234.9
-70234.7
-70234.1
-70237.3
-70237.3
-70237.2
-70237.9
-70236.4
-70236.2
-70240.7
-70236.4
-70236.3
-70274.4
-70258.3
-70302.5
-70287.9
-70283.4
-70152.3
-70126.5
-70076.2
-78992.5
-79364.5
-80323.6
-79954.3
-80101.9
-102467
-89652.8
-90781.3
-96578.4
-152032
-134808
-146115
-88432.5
-154989
-77417.9
-76476.3
-76890.3
-77693.5
-77668.9
-77448.3
-77351.5
-78252.8
-77704.3
-78341.5
-78548.8
-77754.9
-78268.8
-79256.2
-78876.2
-79423.4
-79142.6
-79190.3
-79617.7
-79598.7
-79756.8
-79513.3
-79282.1
-80476.1
-80257.9
-81069.8
-81316.3
-78809.7
-81075.1
-80607.4
-81658
-82332.2
-81799.5
-83931.7
-84045.1
-84123.6
-84878.9
-84791.2
-84788.2
-85202
-85149.6
-85301.5
-87052.8
-86041.1
-85238.2
-89060.3
-88416.9
-91319.9
-90144.2
-91705
-89712.7
-44985.5
-46743.6
-48328.8
-43766.7
-34970.9
-42115.8
7658.3
-35026.8
-33552.7
6801.3
-29255.7
-19959
-18124.6
-28016.6
-27942
23268.5
-25455.8
-60046
-47699.1
-61385.6
-43784
-52800.2
-45475.7
-41030.4
-15461.3
-37336.1
-39546
-37179
-37582.2
-39347
-38826
-39639.2
-39092.8
-39669.3
-37827.6
-36953.3
-36566.6
-36199.5
-35728.4
-39766.8
-35510
-36035.6
-37007.4
-37838.4
-36668.6
-36339
-32799.3
-75288.1
-38554.1
-39723.9
-38208.7
-51501.9
-51942
-91257.8
-129471
-81170.7
-102746
-183594
-146369
-139195
-119714
-93955.9
-87642.7
-95890.4
-93547.7
-92180
-99046.3
-88273.5
-90758
-94353.5
-98801.7
-84739.5
-95035.4
-98112
-95618.5
-103289
-75212.1
-95310.8
-527270
-309545
-78252.3
-198622
-205907
-99147.9
-144790
-78226.7
-207356
-105702
-96000
-112391
-87208.2
-88556.9
-76691.4
-101658
-81787.2
-81920.2
-76614.8
-78569
-76721.9
-75078.7
-75088
-75074.7
-74753.5
-74965.7
-75366.7
-74804.5
-75013.4
-75204.6
-74668
-75742.4
-74482.4
-75272.3
-76686.1
-75538.9
-77947.4
-75802.3
-76428.1
-77248.2
-77540.4
-77281
-77038.9
-77284.9
-77414.8
-77501.3
-77395.2
-78046.6
-77706
-78192.1
-77556.5
-77323.4
-77575
-71013.5
-69613.8
-71060.2
-70350.8
-70381.8
-70362.1
-70353.5
-70350.3
-70332.8
-70233.8
-70191.9
-70165.7
-70241.9
-78271.6
-70231
-70218.3
-70239.4
-70236.5
-70235.2
-70235.5
-70236.1
-31194.1
-70236.8
-70236.2
-70236
-70237.6
-70234
-70233.3
-70242.7
-70234.3
-70234.5
-70231.6
-70236.4
-70237.6
-209660
-40891
-39257.8
-81146.5
-80759.3
-80361
-70235.3
-70235.1
-70235.7
-70235.5
-70231.7
-70234.1
-70234.9
-70234
-70233.7
-70234
-70235.1
-70235
-70234.5
-70234.8
-70235.2
-70234.5
-70234.4
-70233.8
-70236.3
-76484.8
-70234.8
-70232.6
-70233.6
-70229.5
-70288.2
-70277.8
-70271.3
-70266.5
-69559.9
-70177.8
-93502.6
-78926.3
-80101.1
-80285
-79811.2
-79669.2
-79853.4
-80115.3
-80516.4
-88905.5
-98271.4
-87438.3
-92139.9
-83783.7
-88579.6
-94676.3
-77599.6
-76979.2
-77051.6
-77802.3
-77763.5
-77982
-77909.8
-77984.4
-77301.1
-77864.7
-76684.8
-78419.1
-78267.8
-77823
-77742.6
-78043.4
-77820.9
-77487.6
-77772.7
-77799
-77769.6
-77660.7
-77874.8
-78293.5
-77437.4
-77709.7
-77893.5
-78833.2
-77845.3
-77507.3
-78094.8
-77296.9
-77918.8
-78372.1
-81784.4
-78717.3
-77917.5
-78422.1
-87751.7
-82769.9
-78855.4
-78862.7
-79034.2
-78843.3
-78849.1
-78935.8
-78759.2
-78772.5
-83891.4
-90117.9
-80437
-85761.4
-35250
-37047.2
-89857.3
-91454.4
-91946.9
-57931.1
-92022.5
-59234.7
-52092.7
-40656.2
-41421.6
-39705
-40036.2
-46425.1
-46089.2
-44049.3
-42524.7
-43056.4
-42855.8
-28824.6
-32668.4
-28189
-34304.8
-32485
-31961.3
-30663.1
-34432.9
-27649.1
-32950.4
21642.5
-27599.9
-26534.9
8981.65
-15104.7
-40166
-40374.2
-38529.8
-39541.2
-31203.6
-39299.7
-37426.5
-40374.9
-40962.2
-39098.6
-41424.8
-36879.1
-39386.2
-40757.1
-37634.4
-38608
-39556.4
-39749.7
-38739.1
-51357.5
-50487.1
-38012.1
-37165.9
-37071.4
-37260
-36674.9
-36531.5
-36888.3
-36484
-36956.7
-35849
-37683.8
-37501.2
-36381.9
-36643.5
-35321.7
-35753.7
-31313.8
-36771.7
-31867.1
-30568.6
-32164.6
-36557.9
-30238.6
-32581.8
-88131.4
-53533.6
-119943
-88908.5
-85001.5
-87323.7
-86538.9
-88317.6
-105476
-87265.1
-88239
-94641.5
-87916
-88597.8
-88345.3
-85893.6
-83440.7
-88674.8
-91669.7
-86029.5
-86402.5
-84518.4
-68591.3
-90494.3
-92465.1
-90985.5
-95743.9
-82234.1
-91651.3
-87815.3
-87940.3
-86549.5
-89848.8
-85786.9
-84824.8
-83604.3
-74981.4
-82979.8
-81343.1
-84133.2
-79153.3
-74787.8
-77933.2
-80577
-77699.2
-75000.2
-74835.6
-76687.6
-76706.4
-74761.7
-76750
-76831.3
-76687.2
-76892.7
-77529.1
-76891
-74904.1
-76776.5
-77240.9
-77343.2
-77162.1
-76611.4
-76458.1
-76772.1
-78122.8
-77737.4
-85359.6
-76544.6
-75824.3
-77204.9
-76814.2
-77122.8
-77314.4
-76834.2
-77139.2
-77110.5
-76828.3
-77548.3
-77281.6
-77831.8
-77562
-77597.5
-77147
-77428.4
-77338.6
-77596.8
-78073.4
-77327
-77225.9
-70187.8
-95216.8
-70144.6
-70080.5
-70326.2
-70180.9
-70340.5
-70121.7
-70220.7
-70231.1
-70216.5
-70174.9
-70236.1
-70244
-70237.7
-70234
-70233.3
-70233.7
-70234.1
-70234.1
-70237.9
-70235
-70236.8
-70234.8
-70237.1
-70234.5
-70233.7
-70236.1
-70233.1
-70243.1
-70231.9
-70235.4
-70234.6
-70232.1
-89010.2
-85836.8
-48168.9
-37688.9
-45805.2
-47179.8
-40341.8
-33101.1
-39433.6
-80360.9
-80072.2
-34260.8
-79693.5
-80280.1
-86606.8
-79514.3
-81401
-80795.6
-70232.5
-70234
-70235
-70233.6
-70265.3
-70179.6
-70259.4
-70168.7
-34391.9
-35568.9
-34852.2
-35021.6
-29604
-70235
-70234.4
-70233.7
-70233.6
-70230.9
-70235
-70236.3
-70234.1
-70234.4
-70235.3
-70236
-70235.1
-70236.3
-70235.3
-70234.3
-70237.2
-70275.4
-80153.2
-80795.7
-80033.6
-81113.3
-86300.1
-84850.8
-85203.6
-84831.9
-78010.8
-80110.2
-79020.9
-77566.5
-77689.4
-77815.5
-78003
-77825
-77897.6
-77380.1
-77874.3
-76618.6
-76672.2
-77799.4
-77563.3
-77341.5
-77805.4
-76083.3
-76559.8
-75344.3
-77127.4
-77347.7
-77698.4
-76181
-78889.9
-76801.8
-76633.1
-79327.1
-78377
-80099.6
-70233.4
-70233.8
-89850
-89785.4
-91238.4
-89372.7
-82877.6
-77509
-54116.3
-54007.2
-56617.4
-47408.9
-46287.9
-46703.6
-44194.1
-47615.1
-41612.7
-29979.6
-30465.7
-33050.1
-29468.5
-34108.7
-32291.2
-33933.8
-38696.6
-37347
-36910.5
-37558.4
-39543.5
-37943.6
-38247.5
-38179.2
-37289.7
-37343
-36895.5
-36618
-37503.1
-83950.5
-84613.8
-85233.1
-36847.1
-36320.2
-34975.3
-38046.1
-34168.8
-34636.8
-30358.2
-87516.1
-88000.3
-88314.2
-84212.7
-86339.1
-79853.7
-85404.6
-82663.3
-70271
-70223.9
-70241.6
-70252
-70235.7
-70234.5
-70233.9
-70234.1
-70235
-70234.8
-70234.2
-70236.4
-70235.8
-70233.6
-70234.1
-32929.9
-87653
-88955.9
-89805.2
-80511.3
-70233.7
-89102.1
-85958
-70157
-91991.2
-37712.2
-37305.7
-70233.7
-70236
-36923.7
-33971.9
-35356.1
-35625.5
-82407.3
-88930.4
-85874.2
-86603.2
-97692.8
-90467.7
-78127.4
-77691.6
-77380.1
-70333
-70334
-70242.7
-70239.8
-70237.1
-70239.8
-80151.4
-81105.5
-70235
-70234.6
-70260.4
-78919.5
-77996.6
-70234.8
-79927
-79744.5
-43005.8
-33769.3
-30739.4
-39350.9
-30445.5
-76806.5
-85470.1
-47436.5
-59883.1
-47738.6
-88044.5
-88987.6
-89774.6
-86261.9
-81056.5
-76844.3
-76959.9
-77635.3
-70234.8
-70223
-70229.6
-70235.6
-70234.7
-87723.2
-85956.1
-70253.3
-86346.6
-76916
-76122.5
-70234.2
-76994
-87474.8
-35345.8
-31433.3
-70235.4
-70234.6
-83923.1
-70228.1
-70227.5
-176157
-22988.2
-9060.32
-70233.1
-137364
-110753
-95700.6
-70234.4
-70145
-32851.9
-69740.4
-69932.3
-79608.5
-70234.2
-77831.8
-70233.2
-101206
-42100
27173.2
28750.7
-25927.7
-107803
-86243.7
-91630.3
-78153.3
-248591
-65594.7
-77257.2
-80813.8
-76958.9
-76833.9
-79101.3
-78987
-79676.6
-78311.8
-70141.4
-76498.6
-69828.1
-69848.5
-69788.5
-70151.4
-76785.6
-70209.8
-76775
-70239.8
-70226.4
-69833.6
-70258.4
-70240.7
-69860.8
-70237.8
-103829
-75062.5
-85354.4
-77435.1
-78390.4
-70217.4
-70361.4
-70241.5
-85190.1
-70237.9
-70179
-69986.8
-77865.7
-82772.3
-83246.8
-45092.2
-33182.4
-28843.2
-95367.5
-82161.9
-83949.6
-90440.6
-75962.8
-75563.3
-77685.5
-77370.5
-71100.2
-70356.1
-70214
-70202.8
-70237.5
-85688.8
-70234.6
-70237.6
-80880.3
-70234.1
-89902.3
-70234.9
-70234.7
-77588.4
-88201.9
-77760.9
-78206.6
-78512.3
-80228.9
-81982
-80099.2
-54033.4
-30472.4
-28770.3
-70234
-70233.7
-70233.9
-70234.9
-88750.7
-90942.5
-91241.3
-91434.9
)
;

boundaryField
{
    Wall
    {
        type            zeroGradient;
    }
    Inlet
    {
        type            zeroGradient;
    }
    Outlet
    {
        type            fixedValue;
        value           uniform 0;
    }
    Empty
    {
        type            empty;
    }
}


// ************************************************************************* //
