/*--------------------------------*- C++ -*----------------------------------*\
| =========                 |                                                 |
| \\      /  F ield         | OpenFOAM: The Open Source CFD Toolbox           |
|  \\    /   O peration     | Version:  2312                                  |
|   \\  /    A nd           | Website:  www.openfoam.com                      |
|    \\/     M anipulation  |                                                 |
\*---------------------------------------------------------------------------*/
FoamFile
{
    version     2.0;
    format      ascii;
    arch        "LSB;label=32;scalar=64";
    class       volScalarField;
    location    "0.19995";
    object      p;
}
// * * * * * * * * * * * * * * * * * * * * * * * * * * * * * * * * * * * * * //

dimensions      [0 2 -2 0 0 0 0];

internalField   nonuniform List<scalar> 
5523
(
11.7351
11.9987
11.7951
12.0186
12.0968
12.0187
11.9954
11.8331
12.0181
12.0957
9.09482
10.7667
10.7889
11.0221
11.1002
11.3945
11.7658
11.4753
11.7132
11.5772
12.1737
12.0902
12.329
11.9977
12.2031
12.4153
12.8686
11.9868
11.7862
12.0149
11.7347
11.8932
11.8341
11.9958
9.09777
10.047
10.7658
10.7882
11.0214
11.0997
11.3941
11.5773
11.7661
11.4749
11.7134
11.8941
11.7955
11.9868
11.7863
12.0153
12.2043
12.0185
12.1736
12.0904
12.3292
12.8254
12.4157
12.8674
11.0782
11.132
11.3292
11.2166
11.3577
11.1993
11.5898
11.4999
11.6366
11.4753
11.8842
11.8005
11.7706
11.8581
11.7632
11.826
11.862
12.0894
12.0771
12.0509
12.0003
12.1136
12.0618
12.024
12.3774
12.2761
12.371
12.2747
12.073
11.9816
12.0416
12.0937
12.0645
12.0018
12.0808
12.0671
12.0989
12.0861
11.9127
11.8856
11.9245
11.9739
11.9052
11.745
11.8471
11.9416
11.9013
11.8787
12.0804
12.0012
12.066
12.0981
12.0853
11.981
12.0719
12.0408
12.0926
12.0639
9.05935
9.16908
10.8285
10.7321
10.782
10.6424
10.5886
10.7365
11.1154
11.2449
11.14
11.2202
11.0387
10.8508
10.9676
10.7685
11.0557
10.8065
10.9418
11.0094
11.1237
10.9273
11.0049
11.0367
11.098
10.9165
11.0476
10.7793
11.0628
10.7844
11.1842
10.9461
11.0064
10.6946
10.7333
10.7747
10.8441
10.8444
10.9762
10.9607
10.9276
11.0864
10.8483
10.9605
11.3325
11.5014
11.3486
11.4514
11.2851
11.1683
11.2016
11.0773
11.3127
11.1503
11.1723
11.2874
11.2521
11.1693
11.1362
11.2992
11.2679
11.398
11.248
11.2401
11.0217
11.0494
11.1168
11.1699
11.1059
11.2857
11.3298
11.2655
11.3667
11.2165
11.2069
11.6066
11.7402
11.7347
11.6429
11.7033
11.5386
11.3816
11.4318
11.4298
11.576
11.703
11.5748
11.6874
11.5406
11.5009
11.4056
11.3511
11.4309
11.4884
11.414
11.5632
11.6469
11.5478
11.6556
11.5678
11.4898
12.1557
12.1293
12.2333
12.1658
12.1695
12.1154
12.2243
12.0714
11.9786
12.0573
11.9425
12.0521
12.001
12.053
12.1334
12.1362
12.0608
12.2319
12.0725
12.2011
12.1022
12.086
12.0217
11.9305
12.0072
12.1053
12.0572
12.1569
12.2846
12.2537
12.2407
12.1927
12.1143
12.5078
12.5778
12.4883
12.6102
12.3497
12.2787
12.2445
12.4018
12.402
12.3798
12.3114
12.3195
12.4626
12.4629
12.4733
12.5752
12.4754
11.9137
11.993
11.9657
11.894
11.9599
11.8933
11.9265
11.7395
11.7953
11.6552
11.8238
11.7266
11.8127
11.7229
11.9392
11.9248
11.8798
11.8694
11.9425
11.8702
11.79
11.7088
11.6262
11.7175
11.7927
11.7986
11.703
11.9452
11.8689
11.9379
11.8626
11.8617
11.7754
10.778
11.047
11.2517
11.1354
11.2867
11.1687
11.3813
11.4295
11.5382
11.4313
11.7959
11.6556
11.7235
11.8137
11.7397
11.8243
11.7261
12.0583
11.944
11.9794
12.0547
12.0529
12.0725
12.0009
12.2799
12.4026
12.3507
12.2453
11.5737
11.5228
11.5746
11.522
11.8227
11.8186
11.7761
11.7956
11.8217
11.8192
11.778
12.2173
12.2128
12.0096
12.0202
11.9848
11.9738
12.0007
12.068
12.019
12.0416
12.043
12.0677
11.9671
11.9968
11.9683
11.9149
11.9499
11.9109
12.0676
12.0411
12.0184
12.0427
12.067
12.0085
11.9837
12.0191
11.9996
11.9727
9.1974
8.72586
8.90743
8.87903
9.86084
10.1465
9.86117
10.1402
9.75314
9.2794
9.23229
9.74855
9.22715
10.1433
10.2048
10.1892
10.0751
10.2186
10.2292
10.2982
10.1906
10.3055
10.1825
10.2917
10.2891
10.2826
10.2684
10.5549
10.5526
10.6079
10.5559
10.6492
10.7145
10.686
10.6358
10.8787
10.9233
10.9295
10.8944
11.5311
11.5301
11.3218
11.4409
11.287
11.3593
11.3519
11.4071
11.2593
11.2749
11.349
10.9721
11.0186
10.9892
10.9508
11.1957
11.2298
11.2326
11.2135
11.7159
11.7439
11.7691
11.7657
11.7142
11.7698
11.744
11.5203
11.4685
11.5589
11.4423
11.5533
11.4382
11.5192
11.4192
11.4496
11.341
11.4266
11.6271
11.6348
11.6867
11.6028
11.72
11.6391
11.6272
11.2911
11.2997
11.3094
11.2787
11.5082
11.5308
11.5142
11.5203
12.1616
12.164
12.2003
12.1731
12.1664
12.1972
12.1619
11.9513
11.9448
11.9806
11.9883
11.9826
11.9683
11.9294
12.121
12.1212
12.0519
12.1797
12.1506
12.0885
12.1437
11.9348
11.9308
11.9721
11.8826
12.2154
12.3262
12.2631
12.2854
12.4175
12.3425
12.4795
12.4225
12.4081
12.3418
12.4935
12.5934
12.6579
12.6096
12.6475
12.2043
12.1811
12.4253
12.3901
12.459
12.3488
12.7416
12.8629
12.7853
12.7836
12.7346
12.8368
12.6993
12.6835
12.8802
12.8142
12.8593
12.987
11.688
11.7012
11.5037
11.7209
11.6308
11.6995
11.682
11.8678
11.9019
11.9397
11.8945
11.9106
11.8888
11.8854
11.5965
11.5893
11.6085
11.5776
11.7962
11.874
11.8406
11.8392
11.7456
11.8476
11.9022
11.9423
11.8792
11.9129
11.8861
11.9747
11.925
11.9056
9.05826
9.16807
10.5872
10.6419
10.7357
10.8277
10.7313
10.7809
10.7831
10.9452
11.0622
11.1838
10.7323
10.8433
11.0058
10.6939
10.7741
10.8435
10.9266
10.9595
10.9756
10.9601
11.0857
10.8476
11.1308
11.0767
11.2444
11.1394
11.1139
11.2185
10.85
10.9668
11.0548
11.0373
10.7677
10.8054
10.941
11.1234
10.9266
11.0359
11.0082
11.0042
11.0966
10.9157
11.2673
11.2474
11.2985
11.3973
11.0485
11.1051
11.2394
11.0208
11.1161
11.1694
11.2649
11.2062
11.2848
11.3297
11.3663
11.2154
11.2162
11.3577
11.328
11.1978
11.5022
11.3485
11.3314
11.4512
11.1682
11.201
11.3121
11.2839
11.0764
11.1491
11.1719
11.575
11.5407
11.5759
11.7031
11.6879
11.3507
11.4137
11.5009
11.4047
11.4303
11.4885
11.5477
11.4897
11.563
11.6478
11.6558
11.5672
11.4998
11.6372
11.5892
11.4743
11.7406
11.6433
11.6063
11.7345
11.7032
11.9256
11.8811
11.94
11.7909
11.8697
11.8699
11.944
11.6264
11.7034
11.7932
11.7077
11.7176
11.8006
11.8698
11.776
11.8627
11.9494
11.9387
11.8589
11.8846
11.801
11.8627
11.8265
11.7706
11.8585
11.7633
11.9664
11.9144
11.9934
11.9269
11.893
11.8941
11.9612
12.0619
12.2332
12.137
12.104
12.0732
12.1335
12.202
11.9314
12.0588
12.0861
12.0162
12.0077
12.1094
12.2549
12.1157
12.1577
12.2857
12.2418
12.191
12.001
12.0772
12.0512
12.0626
12.114
12.0908
12.0243
12.1672
12.1295
12.2332
12.1167
12.1696
12.1566
12.226
12.3126
12.6107
12.4638
12.4032
12.3813
12.3204
12.4631
12.6832
12.4764
12.4747
12.5781
12.2766
12.3712
12.3796
12.2764
12.578
12.4888
12.5106
12.613
12.6818
11.1279
11.1197
11.297
11.3376
11.3206
11.2778
11.3233
11.2765
11.3012
11.2916
11.32
11.2135
11.2913
11.3196
11.3213
11.3555
11.3479
11.2904
11.32
11.3496
11.2865
11.2695
11.3019
11.2027
11.3048
11.2693
11.5776
11.632
11.5777
11.6308
11.5391
11.4982
11.5686
11.4986
11.5392
11.4986
11.5663
11.5433
11.4956
11.4964
11.5337
11.5513
11.5949
11.6032
11.5508
11.5085
11.5248
11.4765
11.4728
11.4712
11.5369
11.5046
11.8421
11.8576
11.885
11.8884
11.8409
11.8583
11.8902
11.7905
11.7668
11.7903
11.7571
11.7886
11.7504
11.7928
11.8148
11.8563
11.8342
11.8591
11.83
11.8559
11.8214
12.3303
12.3715
12.3453
12.338
12.3359
12.3006
12.2723
12.3104
12.2688
12.303
12.2681
12.3061
12.2156
12.2105
12.3293
12.3657
12.3391
12.3333
12.3335
12.2991
12.3127
12.2673
12.2697
12.2644
12.3079
12.3022
12.0366
12.0929
12.0734
12.0346
12.0301
12.0826
12.0536
12.0347
12.0112
11.9941
12.0057
12.0223
12.0688
12.0528
12.0593
12.029
12.0557
12.0754
12.0387
12.0931
12.0915
12.0627
12.0565
12.0429
12.0491
12.0848
12.0685
12.0926
12.0777
12.0499
11.9957
12.0246
12.0207
12.0513
12.0695
12.06
12.081
12.0865
12.0603
12.0852
12.0707
12.0539
12.0739
12.0462
12.0629
12.0394
12.0588
12.0694
12.1082
12.0975
12.0816
12.1063
12.0803
12.0721
12.0971
12.0807
12.0941
12.0661
11.9139
11.8843
11.9517
11.9253
11.9533
11.97
11.95
11.9438
11.8999
11.9282
11.9254
11.7808
11.853
11.9512
11.926
11.9481
11.8296
11.8471
11.8488
11.893
11.8991
11.9015
12.0692
12.0595
12.0856
12.0808
12.0599
12.0701
12.0846
12.0493
11.9955
12.0236
12.0202
12.0504
12.0533
12.0731
12.0623
12.0454
12.0392
12.0688
12.058
12.1082
12.0812
12.097
12.0802
12.1066
12.0711
12.0802
12.096
12.0654
12.0934
12.034
12.0107
11.9934
12.0216
12.005
12.0355
12.0919
12.0334
12.0723
12.0815
12.0525
12.029
12.0681
12.0522
12.0284
12.0584
12.0381
12.0747
12.0551
12.092
12.0616
12.0904
12.0418
12.0553
12.0485
12.0677
12.084
12.0769
12.0917
9.06561
8.80345
9.29793
9.52694
9.30885
9.51498
8.99167
9.08669
9.45726
9.59412
9.64071
9.43963
10.2128
10.1958
9.78451
9.59673
9.79126
9.58792
9.91666
10.1951
9.89351
10.1725
10.2357
10.2472
9.86389
9.65787
9.70296
9.81884
9.23309
9.11094
9.69473
9.67398
9.0924
9.94359
9.96801
9.62178
9.58803
9.97499
9.63669
9.74695
9.74938
9.47782
9.70275
9.67591
10.0009
10.1559
10.2798
10.0678
9.98763
10.0089
10.1767
10.1395
10.2385
10.0854
10.0398
9.86326
10.0396
9.79079
10.0751
10.2909
10.1645
9.88924
9.83287
9.98824
9.7405
9.86342
9.94537
9.79365
10.524
10.5496
10.6143
10.4648
10.5072
10.4135
10.52
10.4001
10.3051
10.1641
10.2056
10.2698
10.5238
10.6297
10.5364
10.6176
10.5109
10.3969
10.4177
10.454
10.8227
10.6021
10.5407
10.6526
10.5961
10.7755
10.6911
10.8429
10.7728
10.8244
10.7116
10.7655
10.8297
10.8274
10.6627
10.6109
10.8346
10.6584
10.6013
10.7048
10.7336
10.8209
10.7844
10.7679
10.6359
10.8392
10.3644
10.5117
10.4206
10.4157
10.2457
10.2078
10.1995
10.3041
10.2044
10.2963
10.3135
10.2922
10.2568
10.3147
10.3533
10.3973
10.3904
10.3442
10.3716
10.3064
10.392
10.2801
10.4231
10.3658
10.3023
10.3739
10.3855
10.5221
10.5762
10.4977
10.7176
10.4675
10.4615
10.5816
10.6251
10.6092
10.661
10.6709
10.6045
10.5968
10.4712
10.4576
10.5199
10.4536
10.4588
10.5647
10.6871
10.7353
10.5665
10.5829
10.5578
10.5811
10.5157
10.5037
10.6567
10.5715
10.5245
10.4703
11.1309
11.1572
11.1848
11.1798
11.2405
11.1764
11.1364
11.1944
11.189
11.1556
11.2349
11.1679
10.9248
11.0483
10.892
11.0367
10.9208
11.1018
10.8828
10.9179
10.807
10.9208
10.8445
10.9305
10.9155
10.7936
10.9185
11.0528
10.9321
11.1023
10.928
10.9274
11.0882
10.9254
10.8752
10.8426
10.7494
10.9098
10.8021
10.8638
11.1787
11.0243
11.0711
11.0334
11.0833
11.0773
11.1359
11.1734
11.0332
11.0962
11.0842
11.1818
11.0935
11.0738
10.8568
10.8186
11.1093
10.9277
10.9454
10.9943
11.003
10.9802
11.1137
11.0221
11.0011
10.9087
10.8591
10.911
10.695
10.8792
11.0024
10.8172
10.8759
10.7634
10.7906
10.6818
10.7183
10.6791
10.5492
10.6866
10.6589
10.702
10.7284
10.7661
10.8461
10.7459
10.6436
10.8535
10.7315
10.6454
10.6335
10.8372
10.6651
10.7588
10.8148
10.9744
10.7791
10.8033
10.7793
10.7788
10.9435
11.0357
11.0145
10.922
11.0984
10.9182
10.9027
10.9397
10.9648
10.9771
10.9863
10.9765
10.9575
10.9671
10.8197
10.8762
10.8394
10.8129
10.872
10.8835
10.8825
10.8894
10.8722
10.9001
10.8513
11.3813
11.3326
11.3493
11.3744
11.3469
11.3843
11.3743
11.4261
11.4846
11.4079
11.4984
11.427
11.4859
11.4068
11.4827
11.4961
11.4069
11.3466
11.3688
11.406
11.4062
11.3691
11.4041
11.4065
11.3858
11.4697
11.4483
11.4536
11.388
11.4085
11.2432
11.2866
11.2427
11.2443
11.2689
11.2472
11.2214
11.1103
11.075
11.1013
11.0287
11.092
11.1555
11.2487
11.0957
11.2428
11.1454
11.184
11.1767
11.107
11.226
11.2034
11.1814
11.1664
11.314
11.3149
11.3352
11.2909
11.3347
11.3077
11.3171
11.4347
11.4245
11.3319
11.3434
11.3305
11.3078
11.5163
11.3143
11.3309
11.3938
11.3616
11.4083
11.3984
11.3785
11.3695
11.4004
11.2539
11.2352
11.257
11.1752
11.0179
11.2491
11.249
11.059
11.0767
11.038
11.0107
11.041
11.0325
11.0571
11.0235
11.0751
11.0809
11.0544
11.1212
11.1353
11.1264
11.1039
11.1325
11.1067
11.14
11.2782
11.2606
11.289
11.299
11.2856
11.2724
11.2955
11.1342
11.1507
11.1517
11.11
11.2178
11.1905
11.1877
11.2054
11.1959
11.213
11.2017
11.7135
11.7201
11.6463
11.7148
11.6458
11.7188
11.6885
11.7353
11.7165
11.737
11.7377
11.7146
11.6941
11.6844
11.6217
11.6826
11.6202
11.6896
11.6766
11.4824
11.4646
11.4891
11.4777
11.4871
11.2181
11.4967
11.4838
11.4082
11.4748
11.3885
11.3572
11.3681
11.4085
11.4004
11.535
11.5526
11.5208
11.5413
11.4696
11.4669
11.4491
11.4462
11.4713
11.4676
11.4685
11.4649
11.4714
11.3908
11.455
11.485
11.4708
11.4538
11.6933
11.707
11.6864
11.6943
11.706
11.6606
11.702
11.5467
11.5026
11.7832
11.5754
11.5693
11.5608
11.5985
11.5773
11.5984
11.5919
11.6121
11.5848
11.6103
11.6264
11.5928
11.6516
11.6494
11.6327
11.6159
11.5431
11.5223
11.5425
11.5068
11.4889
11.5308
11.5416
11.3655
11.3455
11.3473
11.3337
11.3366
11.353
11.3578
11.3623
11.3868
11.3679
11.3701
11.4208
11.4287
11.4208
11.4101
11.4167
11.4153
11.436
11.5524
11.5511
11.5663
11.5534
11.5507
11.5508
11.5688
11.4462
11.4384
11.4531
11.4367
11.5048
11.4834
11.4709
11.4927
11.4767
11.4984
11.4885
12.1535
12.1634
12.1527
12.1921
12.1884
12.1512
12.1592
11.9937
12.041
12.0281
12.0566
12.0457
11.9994
12.0189
11.94
11.9456
11.8941
11.9643
11.961
11.927
11.9073
11.9782
12.0132
12.0443
12.0234
12.0111
12.0179
11.9724
12.1566
12.1515
12.1154
12.1594
12.1291
12.13
12.1772
12.0847
12.1148
12.0451
12.0982
12.1225
12.0862
12.0588
12.1372
12.1864
12.207
12.1883
12.1505
12.1581
12.1814
12.0991
12.0616
12.0808
12.143
12.1203
12.0563
12.1068
11.9224
11.9366
11.888
11.9605
11.9718
11.9281
11.8736
11.9782
12.0797
12.0306
12.0371
11.9642
12.0223
12.0182
12.0745
12.0319
11.9725
12.0216
12.1903
12.3014
12.2351
12.2109
12.2413
12.1769
12.2557
12.155
12.1389
12.1972
12.0881
12.1333
12.0678
12.1549
12.1338
12.1867
12.1247
12.0717
12.5293
12.498
12.5049
12.4648
12.4997
12.45
12.5387
12.5128
12.5239
12.6257
12.7037
12.6413
12.6886
12.5109
12.4821
12.4886
12.4481
12.5196
12.4844
12.4378
12.5324
12.546
12.3126
12.3166
12.3673
12.3004
12.3353
12.184
12.2109
12.2585
12.2413
12.2538
12.3196
12.2113
12.2278
12.3061
12.2716
12.2862
12.2395
12.2736
12.2641
12.2567
12.3033
12.3098
12.3992
12.3667
12.3829
12.342
12.3808
12.3547
12.2941
12.3503
12.4077
12.3157
12.3465
12.4902
12.5828
12.5174
12.5703
12.4429
12.4632
12.4118
12.5172
12.463
12.4123
12.5051
12.5105
12.4712
12.4613
12.4784
12.523
12.4814
12.4743
12.5903
12.6499
12.6883
12.5658
12.6226
12.6655
12.683
12.6581
12.711
12.6226
12.7284
12.7036
12.6223
12.5418
12.5353
12.6248
12.5127
12.6217
12.5664
12.6261
12.569
12.568
12.745
12.7263
12.6388
12.7155
12.6744
12.7079
11.9497
11.9361
11.9143
11.9067
11.9473
11.9088
11.9374
11.9167
11.889
11.9135
11.8875
11.8808
11.9103
11.9201
11.7586
11.7605
11.7564
11.7229
11.749
11.7591
11.7483
11.7437
11.9536
11.7603
11.7294
11.7797
11.7736
11.7534
11.6737
11.6788
11.6413
11.6536
11.6439
11.6592
11.6594
11.8135
11.8053
11.828
11.8124
11.7888
11.8315
11.8247
11.7211
11.7365
11.724
11.7232
11.7632
11.7385
11.7013
11.8216
11.8419
11.8345
11.8449
11.8217
11.8391
11.8075
11.8451
11.8834
11.8513
11.8638
11.8809
11.8692
11.8255
11.8843
11.8838
11.8909
11.8537
11.8914
11.874
11.875
11.8049
11.8269
11.7972
11.7636
11.8094
11.7841
11.7863
11.6318
11.6188
11.6158
11.6279
11.6291
11.6125
11.633
11.6474
11.6938
11.6688
11.6731
11.6719
11.7025
11.7013
11.7058
11.6911
11.6802
11.696
11.7986
11.8762
11.8455
11.8499
11.8476
11.8379
11.8147
11.753
11.7541
11.7834
11.7193
11.763
11.7851
11.7466
11.7659
11.7874
11.7712
11.7332
11.4494
11.3406
11.4188
11.4263
11.5038
11.7214
11.6311
11.6884
11.7016
11.6998
11.6825
11.9817
11.9896
11.9458
11.9838
11.9693
11.9525
11.9311
12.2054
12.1827
11.9509
11.9158
11.9119
11.9972
11.9676
11.9687
9.19656
8.72526
9.27859
9.75153
9.2344
9.7471
9.22667
10.1878
10.1423
10.0942
10.2034
10.2196
10.228
10.074
8.87891
8.90758
10.1456
9.86049
9.86087
10.1404
10.2884
10.2812
10.2906
10.3242
10.3314
10.2674
10.5511
10.6067
10.5541
10.555
10.5825
10.1897
10.3046
10.2981
10.1824
10.7132
10.6847
10.6485
10.6636
10.6352
10.9221
10.9283
10.8784
10.8942
11.2744
11.3485
11.0177
10.9882
10.972
10.9507
11.2293
11.2322
11.1956
11.2133
11.5319
11.5301
11.4408
11.2866
11.3516
11.3208
11.3597
11.4069
11.2586
11.6871
11.603
11.7204
11.6273
11.6349
11.6273
11.6393
11.2994
11.3091
11.2908
11.2785
11.5308
11.5143
11.5081
11.52
11.5229
11.575
11.5733
11.5212
11.7444
11.7696
11.7145
11.7159
11.766
11.7442
11.7701
11.4687
11.5587
11.5533
11.5204
11.441
11.4379
11.5193
11.9406
11.8957
11.9027
11.9117
11.8693
11.8864
11.8897
11.5895
11.6087
11.5961
11.5777
11.8752
11.8414
11.7991
11.8384
11.8188
11.7766
11.8223
11.8229
11.7958
11.8195
11.7781
12.0533
12.181
12.1225
12.1518
12.0898
12.1227
12.1452
11.9317
11.9743
11.9332
11.8867
12.3271
12.264
12.2192
12.2867
12.1729
12.1639
12.2005
12.1615
12.1666
12.1614
12.197
12.3911
12.4599
12.4268
12.4386
12.3515
12.7854
12.7744
12.7343
12.7404
12.8599
12.8356
12.7816
12.2174
12.2125
12.3426
12.4797
12.4085
12.4196
12.4247
12.3436
12.4955
12.6582
12.6101
12.593
12.6472
12.813
12.8767
12.9827
12.8574
12.6996
12.6829
10.8182
10.856
11.1006
11.0278
11.1098
11.0746
11.0915
11.1062
11.2254
11.2028
11.1835
11.1762
11.1809
11.166
11.2425
11.2435
11.2859
11.2423
11.2464
11.2206
11.2684
11.1547
11.0948
11.2481
11.1447
11.2421
11.2173
11.4966
11.4869
11.4835
11.4747
11.3568
11.3677
11.4078
11.3881
11.4081
11.4
11.3904
11.4548
11.4849
11.4646
11.4711
11.4705
11.4535
11.4818
11.4641
11.4772
11.4886
11.5347
11.5523
11.5409
11.5205
11.4691
11.4456
11.4663
11.4487
11.4671
11.4679
11.4708
11.9544
11.73
11.7803
11.7445
11.7608
11.7742
11.7539
11.6791
11.654
11.644
11.6736
11.6419
11.6594
11.6594
11.737
11.7246
11.7637
11.7215
11.7235
11.7386
11.7024
11.7589
11.7607
11.7566
11.7232
11.7594
11.7485
11.7493
11.8139
11.8286
11.813
11.8057
11.832
11.8252
11.7892
12.042
12.0579
12.0292
12.047
12.0005
11.9955
12.0202
11.9466
11.9658
11.9621
11.9409
11.8968
11.9086
11.9282
12.0456
12.0251
12.0122
11.9793
12.0147
12.019
11.9753
12.2425
12.3207
12.2128
12.2599
12.2559
12.2293
12.3075
12.1849
12.212
12.3678
12.3839
12.3113
12.4004
12.3436
12.3137
12.3685
12.3177
12.3366
12.3013
12.2727
12.2746
12.2403
12.2871
12.2577
12.3044
12.2651
11.7815
11.8536
11.8305
11.848
11.8497
11.9519
11.9266
11.9487
11.8997
11.8935
11.9021
11.9142
11.8849
11.9704
11.9505
11.9441
11.9519
11.9258
11.9536
11.9288
11.9002
11.9257
9.06529
8.80346
9.94226
9.62052
9.96649
9.85144
9.58835
9.97359
9.11082
9.23238
9.69373
9.67356
9.09128
9.63603
9.74846
9.74586
9.47737
9.67471
9.7017
10.1363
10.2374
10.0843
9.87733
9.86271
10.0387
9.78645
10.074
10.0382
10.0001
10.1548
10.2788
10.0668
10.0079
10.1753
9.98678
10.29
10.1634
9.88747
9.7396
9.83178
9.98725
9.79253
9.94441
9.86221
8.99147
9.08725
9.52701
9.30897
9.29737
9.51431
9.45652
9.59483
9.44119
9.63973
10.2117
10.196
9.59659
9.79092
9.7843
9.58758
9.91558
10.1946
9.89303
10.1716
10.2353
10.2465
9.86274
9.65802
9.81886
9.70191
10.2908
10.2545
10.3124
10.3138
10.3889
10.3424
10.3524
10.3959
10.3816
10.3704
10.3002
10.3723
10.3648
10.3843
10.3642
10.5109
10.4154
10.4198
10.245
10.2071
10.1986
10.3034
10.2037
10.2954
10.3058
10.3911
10.2794
10.4222
10.6238
10.6599
10.6699
10.5809
10.6085
10.6037
10.5961
10.5187
10.4521
10.4702
10.4565
10.458
10.5088
10.5022
10.6559
10.5703
10.5148
10.5237
10.4693
10.5219
10.5755
10.4969
10.4669
10.4615
10.7168
10.5644
10.5661
10.6863
10.7346
10.5575
10.5822
10.5809
10.4124
10.5189
10.5074
10.4004
10.6287
10.5354
10.5239
10.6177
10.5229
10.5491
10.4643
10.6132
10.3041
10.1636
10.2046
10.2693
10.5099
10.3965
10.4168
10.4536
10.8421
10.772
10.7106
10.6914
10.8238
10.7652
10.8296
10.6621
10.6101
10.8337
10.8273
10.6581
10.6014
10.8214
10.6012
10.5401
10.7749
10.6517
10.5949
10.7037
10.8199
10.7326
10.7835
10.6353
10.7669
10.838
11.0021
10.9938
10.9798
10.858
10.9082
10.9106
10.9271
11.1088
10.9447
11.0212
11.1132
11.0004
10.7172
10.5478
10.6854
10.6812
10.6785
10.7013
10.6583
10.7647
10.8449
10.7279
10.7365
10.7454
10.9735
10.7779
10.8022
10.7583
10.8142
10.7788
10.7783
10.6944
10.8166
10.8787
11.0017
10.763
10.7899
10.8753
10.6432
10.6449
10.8528
10.7308
10.6645
10.633
10.8365
10.9638
10.9854
10.9755
10.9394
10.9767
10.9571
10.9667
10.875
10.838
10.8193
10.8124
10.8814
10.8884
10.8711
10.8716
10.883
10.8996
10.8509
10.9427
10.9214
11.0352
11.0139
10.9175
10.9022
11.0977
11.1189
11.126
11.1793
11.2394
11.1754
11.1937
11.1354
11.1879
11.1293
11.1557
11.1831
11.2331
11.1541
11.1663
10.8062
10.9199
10.9297
10.9175
10.8441
10.7933
10.9148
10.9313
11.1013
10.9273
10.918
11.0519
10.9266
11.0874
10.9237
11.0466
10.8908
11.0352
10.8817
10.9194
11.1001
10.924
10.8415
10.8739
10.7485
10.801
10.8625
10.9085
11.0955
11.0834
11.1812
11.1724
11.0324
11.0926
11.073
11.1771
11.0227
11.0697
11.032
11.1343
11.0818
11.0759
11.343
11.3073
11.5163
11.3315
11.33
11.3304
11.3138
11.2565
11.1745
11.0167
11.2534
11.2348
11.2487
11.2485
11.3131
11.29
11.3141
11.3345
11.3069
11.3163
11.3339
11.4341
11.4238
11.3932
11.3978
11.3608
11.4077
11.3997
11.3687
11.3778
11.0758
11.0098
11.0401
11.0588
11.0376
11.0567
11.0322
11.0743
11.08
11.0234
11.0544
11.1257
11.103
11.1317
11.1209
11.135
11.1063
11.1397
11.26
11.2985
11.2851
11.2779
11.2886
11.272
11.2951
11.15
11.1511
11.134
11.1099
11.187
11.2047
11.1952
11.2175
11.1901
11.2126
11.2014
11.3199
11.291
11.2903
11.2124
11.3184
11.348
11.29
11.3199
11.3202
11.3545
11.3485
11.2854
11.2959
11.3373
11.3194
11.2765
11.2998
11.3225
11.2755
11.2681
11.2013
11.3004
11.2677
11.3036
11.4853
11.408
11.4268
11.4247
11.4979
11.4054
11.4854
11.3687
11.4064
11.4065
11.4058
11.3452
11.3679
11.4031
11.3807
11.3318
11.3482
11.3734
11.3734
11.3457
11.3845
11.4824
11.4967
11.4054
11.4704
11.3847
11.4475
11.4074
11.3874
11.4536
11.5026
11.7838
11.5755
11.5466
11.5607
11.5693
11.5774
11.5922
11.6123
11.5985
11.5984
11.6101
11.5849
11.5426
11.5067
11.4888
11.5428
11.5222
11.5307
11.5413
11.6935
11.7071
11.6866
11.6945
11.7022
11.7061
11.6607
11.6262
11.5928
11.6516
11.6158
11.6493
11.6326
11.3451
11.3333
11.3362
11.3651
11.347
11.3574
11.3527
11.3865
11.3677
11.3621
11.3698
11.4205
11.4099
11.4165
11.4206
11.4283
11.415
11.4357
11.5513
11.5534
11.551
11.5526
11.5659
11.5506
11.5687
11.4383
11.453
11.4459
11.4365
11.4707
11.4928
11.4766
11.5045
11.4832
11.498
11.4884
11.6323
11.5779
11.577
11.6304
11.4981
11.5693
11.5393
11.5391
11.4971
11.4978
11.5657
11.5437
11.4949
11.5334
11.496
11.5514
11.5945
11.5504
11.6035
11.5089
11.4758
11.5244
11.4723
11.5044
11.4714
11.5372
11.7206
11.6465
11.7152
11.7135
11.7193
11.6453
11.689
11.7357
11.7163
11.7369
11.7149
11.694
11.7382
11.6847
11.6214
11.6822
11.6902
11.6761
11.62
11.8426
11.8458
11.8225
11.8224
11.8353
11.8086
11.8398
11.8843
11.8651
11.8818
11.8462
11.8521
11.8699
11.8277
11.8276
11.798
11.81
11.8051
11.7653
11.7849
11.7868
11.8848
11.8913
11.8843
11.8544
11.8755
11.8919
11.8745
11.6193
11.628
11.6295
11.6318
11.6158
11.6326
11.613
11.6944
11.6694
11.6479
11.6726
11.7029
11.7065
11.6919
11.6731
11.7011
11.6805
11.6961
11.8778
11.8507
11.8492
11.8023
11.8459
11.8158
11.8377
11.7548
11.7841
11.7522
11.7207
11.7857
11.7671
11.7884
11.7631
11.7472
11.7711
11.7354
11.858
11.8886
11.8415
11.8422
11.8855
11.8586
11.8905
11.7908
11.767
11.7903
11.757
11.7928
11.7889
11.7509
11.8149
11.8566
11.8597
11.8344
11.8214
11.8303
11.8568
11.9362
11.9071
11.9474
11.9498
11.9147
11.9375
11.9091
11.9171
11.9138
11.8889
11.8881
11.9104
11.9208
11.8812
12.1159
12.0995
12.0463
12.1237
12.0873
12.0861
12.0607
12.1877
12.1898
12.1517
12.1385
12.2086
12.1827
12.1607
12.1524
12.1163
12.1301
12.1577
12.1602
12.1782
12.1309
12.0821
12.1444
12.1216
12.1003
12.0648
12.0575
12.1087
11.9386
11.9618
11.974
11.9221
11.8895
11.9291
11.8784
12.0812
12.0314
11.9807
12.0365
12.0194
12.0766
12.034
11.969
12.0237
11.9733
12.0232
12.3027
12.2122
12.2427
12.194
12.2364
12.1782
12.2576
12.1396
12.1978
12.1549
12.0906
12.1565
12.1357
12.188
12.1351
12.0685
12.1259
12.0781
12.1645
12.1541
12.1522
12.1542
12.1934
12.1604
12.1893
12.3559
12.3515
12.4087
12.382
12.2957
12.3479
12.3184
12.5742
12.5834
12.5181
12.4919
12.5821
12.5096
12.5713
12.4128
12.5178
12.4638
12.4444
12.4644
12.4138
12.5056
12.6581
12.6826
12.7343
12.6228
12.7036
12.7109
12.6514
12.6228
12.7266
12.6218
12.5668
12.6264
12.6246
12.5138
12.5694
12.5686
12.5123
12.48
12.4727
12.4626
12.4831
12.4763
12.5243
12.592
12.6518
12.6895
12.595
12.6233
12.6677
12.567
12.5438
12.5365
12.2171
12.2116
12.2728
12.3108
12.303
12.3004
12.2687
12.2681
12.306
12.3396
12.3336
12.3292
12.3654
12.3333
12.332
12.3731
12.3473
12.338
12.3396
12.3009
12.2715
12.2685
12.3146
12.3042
12.2659
12.3096
12.5245
12.5125
12.489
12.4488
12.5203
12.5108
12.482
12.4844
12.4375
12.5312
12.5002
12.5075
12.467
12.5409
12.5019
12.4515
12.6276
12.7064
12.6436
12.6909
12.5342
12.5485
12.6409
12.7164
12.7102
12.6767
12.7476
12.7285
12.0601
12.0424
12.016
12.0196
12.0566
12.0456
12.0177
11.5868
11.7146
11.6436
11.668
11.6213
11.6802
11.6013
12.1059
12.0558
12.1724
12.0612
12.1268
12.03
12.1428
12.1762
12.2653
12.2516
12.3213
12.1913
12.2576
12.2366
11.9643
11.9646
11.9995
11.9889
11.9617
12.0019
11.9649
11.7808
11.7387
11.7477
11.8261
11.864
11.8621
11.8248
11.9966
11.9763
11.9647
11.8918
11.938
11.9254
11.8949
11.7147
11.6436
11.6216
11.5865
11.6685
11.6804
11.6005
11.9888
11.9648
11.9998
11.9619
11.9643
11.9651
12.0022
11.781
11.8643
11.8623
11.8272
11.7374
11.7473
11.8271
11.9969
11.938
11.9256
11.8914
11.9823
11.9668
11.8918
12.0196
12.0422
12.0163
12.0575
12.0454
12.0606
12.0178
12.0562
12.1724
12.1268
12.1063
12.0558
12.0302
12.1461
12.2656
12.2519
12.1914
12.1773
12.3235
12.2594
12.238
11.5308
11.6034
11.5528
11.5363
11.5571
11.5396
11.5327
11.5555
11.6352
11.5836
11.569
11.5554
11.5832
11.5685
12.0324
11.9985
12.0249
11.9983
12.023
12.0357
11.9942
10.3583
10.3912
10.3629
10.394
10.3565
10.3513
10.384
10.3216
10.3675
10.5135
10.3454
10.5131
10.3334
10.4686
10.4987
10.3131
10.3111
10.3668
10.443
10.3191
10.3176
10.2587
10.1021
10.4388
10.4631
10.6363
10.4094
10.3812
11.1483
11.2729
11.103
11.1247
11.1533
11.1017
11.2717
11.1426
11.0857
11.1044
11.2397
11.0873
11.1148
11.2653
10.9829
11.0511
11.2081
10.9694
11.0896
11.0044
11.0216
11.4288
11.2346
11.1356
11.1701
11.4167
11.1429
11.2351
11.4148
11.1121
11.1465
11.2081
11.1089
11.222
11.4152
11.13
11.1469
11.1802
11.0586
11.0632
11.3759
10.9507
11.6249
11.6109
11.5966
11.6772
11.5974
11.6972
11.6136
11.6481
11.6426
11.6263
11.7318
11.6486
11.6259
11.7309
11.5222
11.5336
11.4988
11.5377
11.5107
11.5294
11.5102
11.5861
11.5807
11.6283
11.5818
11.6051
11.5864
11.6165
12.1363
12.1326
12.1138
12.1261
12.1386
12.1079
12.1318
12.1239
12.1004
12.1128
12.1221
12.0949
12.1184
12.1276
12.0044
11.987
11.9985
11.9704
11.9915
12.0024
11.9865
12.1227
12.0678
12.1008
12.0939
12.1143
12.1026
12.1017
12.3886
12.3957
12.434
12.4149
12.3734
12.4046
12.4375
11.9377
11.9635
11.945
11.975
11.9714
11.9411
11.9437
11.93
11.9459
11.9231
11.9317
11.9375
11.9429
11.9119
11.5218
11.5371
11.5333
11.4985
11.5289
11.5098
11.5104
11.9877
11.9993
12.003
12.0053
11.9712
11.9873
11.9925
12.4108
12.4378
12.449
12.4267
12.4414
12.3804
12.3626
12.4039
12.4314
12.4404
12.4228
12.4336
12.3592
12.3723
10.3109
10.4425
10.3659
10.3186
10.2586
10.3167
10.1018
10.4628
10.438
10.381
10.4085
10.6359
10.3905
10.362
10.3581
10.3935
10.3554
10.3506
10.321
10.3829
10.5127
10.3452
10.3665
10.5126
10.3322
10.4679
10.312
10.4977
10.982
10.9684
11.0506
11.2074
11.0038
11.089
11.0206
11.2726
11.1024
11.1529
11.1473
11.1237
11.1008
11.2704
11.1412
11.103
11.0845
11.2381
11.1133
11.0858
11.2638
11.1289
11.0576
11.1461
11.1795
10.9495
11.0621
11.3751
11.2344
11.1355
11.4169
11.4271
11.1692
11.2342
11.1415
11.4137
11.1454
11.1104
11.2068
11.2209
11.4136
11.1073
11.5856
11.5816
11.5806
11.6281
11.5862
11.6159
11.6049
11.5837
11.5693
11.5553
11.5552
11.6353
11.5833
11.5679
11.5309
11.6041
11.5523
11.5358
11.5325
11.5577
11.5398
11.6265
11.7323
11.6487
11.6485
11.6426
11.6262
11.7316
11.6254
11.6114
11.5962
11.6765
11.6128
11.5977
11.6982
11.9467
11.9307
11.9238
11.9326
11.9438
11.9382
11.9126
11.9636
11.938
11.9452
11.9761
11.9411
11.9444
11.972
12.0948
12.1015
12.1151
12.1237
12.0686
12.1027
12.1035
11.9988
12.0258
12.0231
12.0333
11.9991
12.0374
11.9946
12.133
12.1259
12.114
12.132
12.1386
12.1361
12.1076
12.1231
12.1139
12.1191
12.1245
12.1014
12.1286
12.0953
12.3904
12.4163
12.3967
12.4352
12.4058
12.4391
12.3745
12.432
12.441
12.404
12.3733
12.4226
12.4335
12.3589
12.4126
12.4405
12.4511
12.3825
12.4287
12.4431
12.3638
11.7898
11.7909
11.7906
12.0164
12.0175
12.0182
11.9964
11.9973
11.9979
12.0162
12.0172
12.018
8.56956
8.58901
8.57785
8.44519
8.4894
8.47297
11.9965
11.9975
11.998
8.5693
8.5887
8.57755
8.44437
8.48875
8.47229
11.0315
11.0507
11.0793
11.1003
11.0933
11.1853
11.1932
11.1901
11.1713
11.1763
11.7687
11.7688
12.3843
12.3835
12.3752
12.3754
12.3757
11.993
12.0043
12.0052
11.9036
11.9064
11.9059
11.8783
11.8807
11.9187
11.9197
11.9194
11.977
11.9774
11.9007
11.9013
11.8461
11.948
11.8755
12.0038
12.0046
11.9924
7.90281
8.84249
8.85041
8.27799
8.90464
8.42522
8.86199
8.87397
8.98644
11.0799
11.0886
11.2046
11.213
11.2081
11.109
11.1143
11.1124
11.1788
11.1854
11.025
11.0347
11.1428
11.1427
11.5698
11.4077
11.5617
11.4699
11.9255
11.9272
12.0304
12.1381
12.0781
11.9153
11.9166
11.9161
12.0298
12.033
12.0744
12.0793
12.3561
11.6436
11.7121
11.8752
11.8748
11.7809
11.6311
11.6289
11.7022
11.7028
11.8658
11.8653
11.8665
11.7645
11.7661
11.0244
11.1421
11.7367
12.3571
11.5607
11.5635
11.5618
11.8243
11.8244
11.825
11.7908
11.7919
11.7915
11.8246
11.8246
11.8252
12.2277
12.2258
12.2266
12.0634
12.0656
12.0659
12.0178
12.0188
12.0196
12.0639
12.066
12.0662
11.9673
11.9678
11.968
11.9983
11.9991
11.9997
12.063
12.0652
12.0655
12.0175
12.0185
12.0193
8.20951
8.21022
8.20571
8.63562
8.65361
8.6432
8.79933
8.85733
8.83856
8.53437
8.56957
8.55452
8.76021
8.82287
8.80323
9.63216
9.6855
9.66936
9.63459
9.68788
9.67253
10.9135
10.9092
10.9912
10.9821
11.2143
11.2178
11.2048
11.2096
11.2786
11.2834
11.3027
11.3069
11.5288
11.5301
11.5292
11.5105
11.5116
11.5108
11.9125
11.9152
11.9144
11.9481
11.9515
11.9504
12.2774
12.2817
12.2144
12.2194
12.6234
12.6306
12.6294
12.6139
12.6211
12.6197
12.3402
12.4281
12.6865
12.6924
12.6913
12.6913
12.6927
11.5876
11.5889
11.5876
11.6108
11.611
11.6111
11.8603
11.8625
11.8617
11.8296
11.8313
11.8306
11.8467
11.9486
11.876
11.904
11.9069
11.9063
11.8788
11.8812
11.9777
11.9781
11.9191
11.9202
11.9198
11.901
11.9017
8.90395
8.42502
8.84198
8.84959
7.90289
8.28109
8.98549
8.86209
8.87376
11.0341
11.1423
11.078
11.0991
11.0921
11.0301
11.0493
11.2042
11.2126
11.2077
11.1084
11.1136
11.1117
11.0785
11.0873
11.1774
11.184
11.185
11.1929
11.1898
11.1701
11.175
12.1737
12.1712
12.3754
12.3756
12.3759
12.3864
12.3856
11.0725
11.0942
11.0864
11.0652
11.087
11.0795
11.2896
11.29
11.2899
11.3264
11.3239
11.3313
11.3284
11.3289
11.2921
11.2927
11.2794
11.2842
11.2825
11.1834
11.1911
11.1882
11.1697
11.1777
11.1744
11.568
11.5703
11.569
11.5311
11.5336
11.5321
11.5429
11.5447
11.5435
11.8516
11.8535
11.8537
11.8525
11.8542
11.8545
11.7632
11.7639
11.7637
11.7965
11.7961
11.7949
11.7947
11.7952
11.8328
11.8341
11.8265
11.8278
11.8281
12.3311
12.3324
12.3326
12.3764
12.3767
12.3771
12.3354
12.3368
12.2264
12.2245
12.3705
12.3705
12.3708
12.0231
12.0455
12.0475
12.0479
11.9989
11.9993
12.0003
12.0477
12.0501
12.0654
12.0672
12.0682
12.1068
12.1086
12.1101
12.1033
12.1045
12.1058
12.0665
12.0687
12.0698
12.0849
12.0831
12.0838
11.9045
11.9074
11.9069
11.8765
11.8788
11.8784
11.9482
11.9494
11.9491
11.9198
11.9208
11.9204
11.9745
11.9749
11.9756
11.9504
11.9505
11.8952
11.8957
11.8955
11.9258
11.9261
11.9285
11.8927
12.0649
12.0668
12.0677
12.106
12.1078
12.1093
12.0658
12.068
12.069
12.1028
12.104
12.1053
12.045
12.047
12.0473
11.9987
11.9991
12.0001
12.0845
12.0827
12.0835
12.0504
12.0739
8.49017
8.48988
7.98954
8.61123
8.63522
8.62222
8.61564
8.61033
7.86649
8.67847
8.67325
8.70501
8.84783
9.159
9.19371
9.18324
9.54387
9.53012
9.53462
9.18639
9.21223
9.20527
9.51758
9.50865
9.51211
8.8593
8.92348
8.90095
8.48935
8.54913
8.5272
9.80984
9.80126
9.80036
9.53436
9.54561
9.53867
9.80818
9.80232
9.80044
9.52706
9.53826
9.53201
9.75174
9.79112
9.77864
9.75336
9.78361
9.95549
10.4834
10.4946
10.4888
10.4918
10.4968
10.4938
10.4933
10.5017
10.4973
10.4831
10.4918
10.4869
11.0964
11.1029
11.1002
11.128
11.1337
11.1519
11.1574
11.1541
11.2027
11.2105
11.2059
11.1059
11.1108
11.1091
11.164
11.171
11.1673
11.1303
11.1342
11.1894
11.1985
11.1932
11.0816
11.0847
10.8136
11.3852
11.3852
11.385
11.3441
11.344
11.3438
11.3439
11.3432
11.3777
11.3773
11.2851
11.2582
11.3097
11.3369
11.0867
11.0494
11.146
11.2729
11.2833
11.1337
11.1398
11.1512
11.153
11.2224
11.2143
11.3501
11.3377
11.3536
11.388
11.3937
11.3896
11.3902
11.3868
11.4091
11.4255
11.4242
11.4235
11.4226
11.5713
11.569
11.5479
11.5517
11.5512
11.446
11.4464
11.4456
11.4522
11.4532
11.4526
11.4706
11.4844
11.4849
11.4917
11.49
11.9316
11.9531
11.9547
11.9521
12.0439
11.9872
11.9929
11.9959
12.1378
11.9132
11.9164
11.9154
11.9421
11.9453
11.9437
11.9483
11.9514
11.9506
12.0451
12.0494
12.0482
12.0074
12.0102
12.0095
11.9919
11.9952
12.0464
12.0479
12.0474
11.9985
12.0016
12.0012
12.2747
12.1848
12.2007
12.1183
12.1176
12.1188
12.169
12.1737
12.1218
12.0967
12.1016
12.1315
12.1381
12.5314
12.5273
12.5292
12.6681
12.6789
12.653
12.6615
12.6602
12.5522
12.5476
12.55
12.3426
12.6746
12.7321
12.7398
12.737
12.7345
12.7205
12.7218
12.7133
12.7461
11.6451
11.7045
11.8788
11.8682
11.8642
11.872
11.7999
11.7948
11.6317
11.6289
11.6326
11.6322
11.6383
11.6387
11.6384
11.6952
11.6953
11.6955
11.669
11.6691
11.6696
11.6906
11.692
11.7056
11.706
11.7057
11.6911
11.6914
11.691
11.8625
11.8648
11.8641
11.8441
11.8449
11.8363
11.838
11.8373
11.75
11.7505
11.7504
11.7779
11.7789
11.7785
11.7851
11.7859
11.7595
11.7606
11.76
11.7829
11.7839
11.7836
11.9986
11.9994
12
11.9673
11.9679
11.9681
8.63567
8.65362
8.64324
8.20939
8.21009
8.20558
8.29849
8.29758
8.29498
8.53409
8.56927
8.55425
8.75998
8.82263
8.80299
8.79979
8.85764
8.83893
9.63429
9.68753
9.67218
9.63204
9.68538
9.66923
11.5133
11.5192
11.518
11.5604
11.5632
11.5615
12.1786
12.1775
12.1776
12.6237
12.6309
12.6297
12.6135
12.6208
12.6193
12.6868
12.6927
12.6916
12.6916
12.693
11.2843
11.2576
11.7592
11.8082
12.1924
11.9291
11.8932
11.9048
11.9077
11.9071
11.8769
11.8791
11.8787
11.9749
11.9752
11.9759
11.9509
11.951
11.9485
11.9497
11.9494
11.92
11.9211
11.9207
11.9263
11.9266
11.8955
11.896
11.8958
8.70477
8.84714
8.61128
8.63511
8.62218
8.61678
8.61141
8.20928
8.22314
8.21417
8.48988
8.48958
7.98996
8.56077
8.55717
8.67737
8.67203
7.86888
8.46994
8.47001
9.95444
10.2612
8.48967
8.54919
8.52737
8.85924
8.92337
8.90086
9.54463
9.53071
9.53526
9.18758
9.21303
9.20623
9.15849
9.19322
9.18272
9.51623
9.50752
9.51089
10.0866
10.1423
10.124
9.53409
9.54542
9.53845
9.80812
9.8022
9.80034
9.80906
9.8006
9.79965
9.52667
9.53787
9.5316
9.75054
9.78994
9.77744
9.75337
9.78353
10.1548
10.1887
10.4918
10.4968
10.4938
10.4933
10.5018
10.4973
10.4822
10.4935
10.4877
10.482
10.4907
10.4858
11.0811
11.0842
11.0644
11.0862
11.0787
11.0708
11.0924
11.0846
11.1515
11.157
11.1537
11.2017
11.2094
11.2049
11.1634
11.1705
11.1667
11.105
11.1098
11.1082
11.0947
11.1013
11.0985
11.1266
11.1323
11.1878
11.1969
11.1916
11.129
11.1329
11.309
11.3362
11.4312
11.1825
11.1902
11.1873
11.2885
11.2889
11.2888
11.3251
11.3227
11.2907
11.2913
11.3306
11.3277
11.3281
11.2628
11.2649
11.2641
11.1684
11.1763
11.173
11.385
11.3849
11.3846
11.3429
11.3428
11.3767
11.3763
11.343
11.343
11.3423
11.471
11.4749
11.5674
11.5697
11.5684
11.5315
11.534
11.5325
11.5429
11.5448
11.5436
12.4848
12.6758
12.3702
12.3701
12.3704
12.3329
12.3342
12.3344
12.3782
12.3783
12.3788
12.5311
12.527
12.5289
12.5205
12.5178
12.671
12.6818
12.6555
12.664
12.6627
12.5541
12.5495
12.5519
12.7143
12.7467
12.7348
12.7425
12.7396
12.7371
12.7182
12.7237
12.7231
12.7226
12.7239
11.5128
11.5146
11.5131
12.1801
12.1788
12.179
12.1799
12.1786
12.1788
11.7682
11.7679
11.7679
11.5127
11.5185
11.5173
11.7687
11.7683
11.7683
11.7904
11.7914
11.7911
11.5128
11.5146
11.5131
12.2279
12.226
12.2268
10.826
10.8305
10.8281
10.7814
10.7869
11.6162
11.6203
11.6188
11.4871
11.488
11.5842
11.5864
11.5699
11.4072
11.5616
11.4695
11.6442
11.7128
11.8766
11.8762
11.7821
11.6313
11.6291
11.7024
11.7031
11.8668
11.8663
11.8675
11.7652
11.7668
11.9275
11.9291
12.0323
12.0805
11.9165
11.9178
11.9173
12.0315
12.0346
12.0758
12.0807
11.7382
11.7371
11.7007
11.7365
12.1723
12.1698
10.0878
10.1434
10.1252
10.1553
10.1891
10.2621
10.8029
10.808
10.8055
10.7545
10.7613
10.5008
10.5112
10.4098
10.3947
10.4024
10.5756
10.5862
10.5797
10.355
10.3661
10.5882
10.5944
10.4999
10.5079
10.5624
10.5734
10.5679
10.7246
10.468
10.3645
10.4507
10.7611
11.4715
11.4753
11.4318
11.6345
11.6376
11.6371
11.6127
11.6148
11.4567
11.5517
11.5965
12.4735
12.4845
12.4521
12.4614
12.4594
12.1916
12.4649
10.7604
11.4562
11.5514
12.1389
11.561
11.564
11.5622
11.5128
11.5145
11.5131
12.2826
12.2878
12.2874
12.2236
12.2215
12.2226
12.1789
12.1778
12.178
12.2852
12.2903
12.29
10.9126
10.9085
10.9906
10.9814
11.2139
11.2174
11.2044
11.2092
11.2783
11.2831
11.3024
11.3066
11.5288
11.5301
11.5291
11.5104
11.5116
11.5108
11.5877
11.589
11.5878
11.6108
11.611
11.6111
11.8615
11.8637
11.8629
11.8304
11.8321
11.8314
11.9137
11.9164
11.9156
11.9498
11.9533
11.9522
12.2784
12.2828
12.2153
12.2203
12.3414
12.4293
12.1185
12.1175
12.1179
12.1524
12.1549
12.1551
12.1163
12.1152
12.1155
12.1493
12.1518
12.1519
11.7327
11.7343
11.7337
11.7683
11.7679
11.7679
11.7333
11.7348
11.7343
11.9682
11.9687
11.9689
12.0631
12.0652
12.0654
12.1522
12.1548
12.1551
12.1183
12.1173
12.1178
12.1496
12.1521
12.1523
8.29844
8.29757
8.29498
11.5125
11.5181
11.517
11.4167
11.4202
11.4196
11.4189
11.4222
11.4217
12.677
12.6782
12.6728
12.6781
12.6771
11.7009
11.7382
11.737
11.7687
11.7688
10.7238
10.4671
10.3636
10.4499
10.8022
10.8073
10.8048
10.7534
10.7602
10.4086
10.3936
10.4013
10.5745
10.5851
10.5787
10.5003
10.5107
10.3544
10.3656
10.6458
10.6546
10.6511
10.5614
10.5725
10.567
10.5875
10.5936
10.4994
10.5074
10.8251
10.8296
10.8272
10.7803
10.7858
11.5964
11.6163
11.6205
11.619
11.4864
11.4873
11.5837
11.5859
11.6346
11.6377
11.6372
11.6122
11.6143
12.4662
12.2281
12.2261
12.4525
12.4618
12.4598
12.4761
12.4872
10.8526
10.862
10.8804
10.8911
10.8877
10.9147
10.9159
10.9149
10.8155
10.8213
10.8184
10.9082
10.9095
10.9082
10.8858
10.8979
10.8944
10.8741
10.8874
10.8832
10.8664
10.868
10.8213
10.8251
10.823
10.9118
10.9111
10.9104
11.3071
11.3094
11.3083
11.3523
11.3503
11.3503
11.3074
11.3092
11.3085
11.3519
11.3506
11.3505
11.2813
11.2855
11.284
11.2644
11.2664
11.2657
11.2656
11.2657
11.5676
11.5701
11.5687
11.6154
11.6192
11.6178
11.4871
11.4886
11.4875
11.5246
11.5258
11.5893
11.5925
11.5913
11.5442
11.5451
12.3287
12.3305
12.3303
12.2221
12.22
12.2212
12.283
12.2881
12.2884
12.1698
12.1685
12.169
12.2883
12.2943
12.3325
12.3344
12.3343
10.813
11.0862
11.0489
11.1454
11.2724
11.2827
11.1334
11.1394
11.1507
11.1525
11.2217
11.2137
11.3497
11.3372
11.3532
11.3878
11.3935
11.3894
11.39
11.3866
11.4088
11.4253
11.424
11.4233
11.4224
11.5713
11.569
11.5478
11.5519
11.5514
11.4459
11.4464
11.4455
11.4521
11.453
11.4525
11.4703
11.4843
11.4847
11.4916
11.4898
11.6455
11.7053
11.8797
11.8699
11.8658
11.8729
11.8009
11.7953
11.6321
11.6293
11.6326
11.6322
11.6385
11.6389
11.6386
11.6955
11.6956
11.6958
11.6693
11.6695
11.6699
11.691
11.6924
11.7062
11.7066
11.7063
11.6919
11.6922
11.6918
11.8639
11.8663
11.8655
11.845
11.8459
11.8381
11.8398
11.8392
11.7507
11.7512
11.7511
11.7785
11.7795
11.7791
11.7857
11.7865
11.7608
11.7618
11.7613
11.784
11.785
11.7846
11.9326
11.9548
11.9564
11.9532
12.0452
11.9894
11.995
11.9971
12.1396
11.9154
11.9186
11.9177
11.9435
11.9467
11.9451
11.9505
11.9536
11.9527
12.0468
12.0511
12.0499
12.0093
12.012
12.0114
11.9933
11.9965
12.0489
12.0503
12.0499
12.0012
12.0042
12.0038
12.276
12.1857
12.2024
12.1197
12.119
12.1202
12.17
12.1747
12.1231
12.0996
12.1044
12.1336
12.1401
12.3441
12.067
12.0388
12.0511
12.0747
12.1164
12.0496
12.0517
12.0527
12.0943
12.0942
12.0547
12.0575
12.0921
12.094
12.0956
12.0764
12.0747
12.0704
12.0685
12.0694
12.1709
12.1695
12.1701
12.1084
12.1062
12.1482
12.1507
12.1425
12.1449
12.1455
12.0838
12.0823
12.0828
12.1049
12.1038
12.1047
11.7145
11.7161
11.7159
11.7381
11.7376
11.7377
11.7097
11.7104
11.7056
11.7067
11.7062
11.6807
11.6812
11.6851
11.686
11.6861
11.6782
11.6508
11.9494
11.9506
11.9503
11.9458
11.9457
11.946
11.9231
11.9236
11.9234
11.7589
11.8078
12.049
12.0511
12.0522
12.0934
12.0934
12.0914
12.0932
12.0948
12.054
12.0568
12.0468
12.0492
12.0755
12.0737
12.0837
12.0822
12.0827
12.1164
12.1154
12.1157
12.1073
12.1052
12.147
12.1495
12.1041
12.103
12.1039
12.1416
12.1439
12.1446
12.0697
12.0677
12.0687
12.0665
12.0383
12.0225
12.1156
8.56077
8.55708
8.20752
8.22178
8.21266
8.46945
8.46948
9.35987
9.37462
9.37216
9.55432
9.56449
9.68823
9.66826
9.67477
9.34663
9.37582
9.0552
9.07615
9.87725
9.87404
9.8726
9.60896
9.62118
9.66947
9.67608
9.671
9.77632
9.78766
10.0689
10.1254
10.1066
10.1342
10.1846
10.1658
9.72853
9.62214
9.06612
9.81878
9.92842
10.6358
10.6447
10.6412
10.7296
10.7405
10.7357
10.7951
10.8015
10.7985
10.7234
10.7339
10.7293
10.6465
10.6553
10.6519
10.6409
10.6497
10.6461
10.6891
10.7018
10.7975
10.8024
10.7998
10.7262
10.7367
10.7317
10.5592
10.5704
10.5637
10.4307
10.4401
10.5018
10.5073
10.5037
10.3985
10.3826
10.3907
10.5671
10.5771
10.571
10.5014
10.5108
10.5058
10.4206
10.4315
10.4028
10.3964
10.3995
10.546
10.5576
10.5518
10.5539
10.565
10.5594
10.5668
10.6679
10.3919
10.3978
11.1504
11.1582
11.154
11.1501
11.1553
11.1522
11.1598
11.1665
11.163
11.1372
11.1432
11.1396
10.8581
10.8437
11.4075
11.4083
11.4078
11.362
11.3632
11.3622
11.4082
11.4088
11.4083
11.3617
11.363
11.3619
11.4808
11.4854
11.4843
11.401
11.4031
11.403
11.4038
11.4055
11.2427
11.3794
11.6347
11.6377
11.6372
11.7137
11.7151
11.715
11.6102
11.6124
11.6121
11.4839
11.518
12.4596
12.47
12.468
12.5178
12.5151
12.5098
12.508
12.5098
12.4447
12.4541
12.4519
12.4989
12.4966
12.4984
12.5411
12.5372
12.5391
12.493
12.4913
12.4928
12.5668
12.561
12.2994
12.2612
12.4833
12.5494
12.7159
12.7214
12.7208
11.733
11.7347
11.7341
11.7686
11.7682
11.7682
11.7333
11.7349
11.7344
11.8247
11.8248
11.8254
11.7909
11.792
11.7916
11.8248
11.8249
11.8255
11.9685
11.969
11.9692
11.2808
11.285
11.2835
11.2782
11.283
11.2813
11.4185
11.4218
11.4214
11.4153
11.4188
11.4182
11.5123
11.5179
11.5168
11.5614
11.5643
11.5626
11.5122
11.5138
11.5125
12.2233
12.2212
12.2223
12.2853
12.2903
12.29
12.2823
12.2875
12.2871
12.6723
12.6775
12.6765
12.6764
12.6777
10.8575
10.843
11.242
11.4834
11.5178
12.2622
12.3004
11.6784
11.6508
11.7149
11.7165
11.7163
11.7386
11.7381
11.7381
11.7096
11.7103
11.7059
11.707
11.7065
11.6804
11.6809
11.6856
11.6866
11.6866
11.8521
11.854
11.8542
11.8526
11.8544
11.8546
11.7635
11.7642
11.7639
11.7965
11.7962
11.7951
11.7949
11.7955
11.833
11.8343
11.8267
11.8279
11.8282
11.946
11.9458
11.9461
11.9497
11.9509
11.9506
11.9234
11.9239
11.9237
9.06507
9.7275
9.62123
9.81768
9.92741
9.05495
9.07615
9.3592
9.37399
9.37148
9.55554
9.56562
9.34786
9.37715
9.6867
9.66686
9.67332
10.0693
10.1257
10.1069
9.87599
9.87279
9.87134
9.60912
9.62137
9.77681
9.78804
9.66807
9.67475
9.66964
10.1335
10.1839
10.1651
10.566
10.6672
10.3911
10.3969
10.7289
10.7397
10.735
10.7948
10.8012
10.7982
10.7232
10.7337
10.7291
10.7965
10.8013
10.7987
10.6883
10.7009
10.7252
10.7356
10.7307
10.5006
10.5061
10.5026
10.3985
10.3827
10.3907
10.5003
10.5097
10.5048
10.567
10.5771
10.5709
10.5579
10.5692
10.5625
10.4302
10.4396
10.4017
10.3953
10.3984
10.4201
10.4309
10.6406
10.6494
10.6458
10.5539
10.565
10.5594
10.6348
10.6437
10.6402
10.5448
10.5564
10.5506
10.9143
10.9153
10.9143
10.8152
10.8209
10.818
10.9079
10.9091
10.9079
10.8848
10.8969
10.8934
10.8737
10.8869
10.8828
10.8514
10.8608
10.8794
10.89
10.8866
10.8204
10.8242
10.8221
10.8651
10.8667
10.9107
10.91
10.9093
11.1492
11.1543
11.1512
11.1588
11.1655
11.162
11.1487
11.1564
11.1523
11.1357
11.1416
11.1381
11.3788
11.3523
11.3504
11.3504
11.3072
11.309
11.3082
11.3059
11.3083
11.3072
11.3509
11.3496
11.3495
11.264
11.2642
11.3619
11.3631
11.3621
11.4085
11.4091
11.4085
11.4066
11.4074
11.4069
11.3605
11.3618
11.3607
11.4813
11.4859
11.4848
11.4
11.4022
11.402
11.4026
11.4044
11.5676
11.5702
11.5687
11.6151
11.6189
11.6176
11.4871
11.4886
11.4875
11.5243
11.5254
11.5895
11.5927
11.5915
11.5437
11.5446
11.714
11.7155
11.7153
11.6345
11.6376
11.6371
11.6103
11.6125
11.6122
12.5506
12.2234
12.2213
12.2225
12.2846
12.2898
12.2901
12.2902
12.2962
12.3286
12.3303
12.3301
12.3328
12.3346
12.3345
12.3374
12.3389
12.4444
12.4538
12.4516
12.4616
12.4721
12.4701
12.512
12.5102
12.512
12.5416
12.5377
12.5396
12.4993
12.497
12.4988
12.4929
12.4912
12.4927
12.5692
12.5635
)
;

boundaryField
{
    Inlet
    {
        type            zeroGradient;
    }
    Outlet
    {
        type            fixedValue;
        value           nonuniform List<scalar> 0();
    }
    Wall
    {
        type            zeroGradient;
    }
    procBoundary0to3
    {
        type            processor;
        value           nonuniform List<scalar> 
1137
(
8.66329
12.9463
10.637
11.1469
11.4177
11.7363
12.0709
12.4277
8.6522
8.55866
8.55866
8.62049
10.1735
8.6627
10.0504
10.0504
10.2199
10.4897
11.0425
11.0538
10.2696
10.6458
11.0357
10.695
10.9325
11.3552
11.0039
11.2412
11.6665
11.3004
11.5408
12.336
11.9445
12.3424
12.6229
12.4145
12.826
12.826
12.826
12.6206
12.9474
12.9146
11.9864
11.5907
11.8865
8.55619
8.55619
8.65182
10.2682
10.1224
8.6206
10.1727
10.2682
10.2682
10.644
10.2191
10.4891
11.0422
11.053
10.6938
10.9315
10.6368
11.035
11.003
11.2408
11.1462
11.3549
11.3001
11.5411
11.418
11.6666
11.5914
11.8887
11.7363
11.987
11.9465
12.3435
12.0715
12.3363
12.4156
12.8754
12.4283
12.6234
12.9137
12.6212
8.64077
8.90183
8.90183
8.64142
8.77305
8.52313
9.47367
8.93758
8.93758
9.60022
9.47809
10.2058
9.59005
8.87115
9.63851
9.63851
9.80761
9.80761
10.3005
10.3005
10.3005
9.86795
9.86795
9.81058
9.81058
9.81058
10.6857
10.233
10.6568
10.6425
10.4849
11.0237
11.0508
10.6144
10.3024
10.3024
10.374
10.374
10.7021
10.7021
10.5905
10.5832
10.4225
11.1436
10.633
10.633
10.6336
10.6336
10.8207
10.634
10.8037
10.9237
11.0011
10.898
10.6479
10.6642
10.5117
10.7984
10.728
10.7577
10.737
10.9161
10.9055
10.96
10.8615
10.8442
10.8231
10.8425
11.2007
11.1185
11.1643
10.9955
11.0028
11.074
11.0979
11.1466
11.0947
11.0776
11.2552
11.2412
11.3046
11.1453
11.2205
11.1628
11.1756
11.3149
11.3307
11.3933
11.3888
11.4633
11.4094
11.3844
11.5522
11.5231
11.6264
11.443
11.5386
11.4551
11.4827
11.8705
11.9376
12.0175
12.1007
12.1137
12.0442
11.9653
12.3013
12.2168
12.2991
12.1598
12.2053
12.0816
12.1658
12.5476
12.525
12.5798
12.6565
12.6119
12.5733
12.5469
12.3595
12.4391
12.3968
12.6105
12.4863
12.5834
12.5079
12.6686
12.6686
12.683
12.5818
12.5959
12.6516
12.6569
12.6815
12.6815
11.5891
11.6201
11.6811
11.7005
11.7828
11.6892
11.6528
11.8448
11.7898
11.943
11.7526
11.8494
11.7183
11.7632
8.87044
9.49681
9.49681
9.95931
9.95931
10.1371
10.1371
10.5109
10.7273
11.0733
11.146
11.3927
11.4631
11.6797
11.7835
12.02
12.1134
12.6491
12.3961
12.489
12.933
8.95685
8.49484
8.24089
8.71392
8.32311
8.95783
7.96581
8.49574
8.75343
9.23964
9.17887
8.68026
9.82342
9.8287
10.1585
9.1766
9.5849
8.85272
9.85279
9.48887
10.3253
10.1796
10.095
10.095
10.1174
10.4256
10.4373
10.2065
10.3326
10.3253
10.3253
10.2273
10.3326
10.5832
10.5905
10.6479
10.6642
10.6479
10.7059
10.9055
10.9161
10.9313
11.2694
11.3089
11.2296
11.0028
10.9955
11.012
11.2412
11.2552
11.2202
11.5012
11.3876
11.4593
11.3307
11.3149
11.3185
11.5231
11.5522
11.5168
11.9376
11.8705
11.9916
12.2168
12.3013
12.2748
12.4956
12.436
12.5125
12.525
12.5476
12.6103
12.4391
12.3595
12.4707
12.9059
12.7749
12.7749
12.8597
12.6037
12.9993
12.9146
12.9444
11.6201
11.5891
11.618
11.7898
11.8448
11.8436
8.89987
8.77247
8.52287
8.89987
9.63772
9.63772
8.93637
9.80658
9.80658
9.86701
9.86701
9.86701
10.2996
10.2996
10.2996
9.80959
9.80959
9.80959
8.93637
9.47348
9.60004
9.47779
10.2056
9.58988
10.3721
10.3721
10.3015
10.3015
10.7013
10.7013
10.6323
10.6323
10.4216
10.5899
11.1427
10.6328
10.6328
10.685
10.2329
10.6564
10.6418
10.4838
11.0233
11.0503
10.614
10.7971
10.6473
10.7573
10.8604
10.9593
10.916
10.9053
10.8435
10.8227
10.8422
10.8202
10.6334
10.8027
10.9233
10.9998
10.8969
11.0972
10.9954
11.0027
11.0946
11.0775
11.1448
11.3042
11.255
11.2411
11.2198
11.1627
11.1755
11.2
11.1173
11.1632
11.3888
11.3147
11.3304
11.4093
11.3843
11.4431
11.6266
11.5524
11.5234
11.5379
11.455
11.4827
11.7015
11.5899
11.6203
11.6894
11.6549
11.7541
11.9446
11.839
11.8012
11.8451
11.723
11.7622
12.1026
11.8797
11.9293
12.0472
11.9756
12.1614
12.3
12.3022
12.2231
12.2059
12.0883
12.1686
12.5954
12.3634
12.7492
12.669
12.669
12.669
12.669
12.5858
12.5485
12.5244
12.5801
12.6588
12.6137
12.5751
12.5482
12.6589
12.7351
12.6589
10.0077
10.0077
10.0077
9.66095
9.66095
9.66095
10.2451
10.2451
12.6374
12.6374
12.6374
9.49795
9.49795
10.0099
10.0099
10.0099
9.66142
9.66142
9.66142
9.95966
9.95966
10.1383
10.1383
10.2458
10.2458
12.637
12.637
8.75614
8.59224
8.72476
8.62858
8.28828
8.67456
8.75644
8.77305
8.77305
8.89972
8.59226
8.86815
9.09426
9.09701
9.47324
9.27212
8.75267
9.51638
9.51638
9.26529
9.59593
9.2796
9.7591
9.7632
9.47553
9.90899
10.2205
9.91251
9.91251
9.84482
9.5947
9.82131
9.82131
8.95539
9.61137
8.46478
8.68393
9.85279
9.5849
9.85279
9.80528
9.85279
9.61137
9.61137
9.87952
9.87952
9.92754
10.0118
10.4503
10.2526
10.4236
10.4689
10.4689
10.3827
10.4018
10.3827
10.3454
10.3827
10.5098
10.5446
10.5098
10.4096
10.5098
10.737
10.8026
10.7577
10.8425
10.8935
10.8231
11.0776
11.081
11.0947
11.1756
11.1832
11.1628
11.3844
11.3704
11.4094
11.4827
11.4638
11.4551
11.9653
12.05
12.0442
12.1658
12.2162
12.0816
12.5469
12.6434
12.5733
12.5079
12.5736
12.5834
12.5959
12.5959
12.7343
12.7343
12.6516
12.6516
12.7919
12.6385
12.7194
12.8582
12.7348
12.7348
12.6959
11.6528
11.6688
11.6892
11.7632
11.789
11.7183
9.17563
8.85179
9.48759
10.1953
10.2457
10.5968
12.4721
12.9961
12.9393
7.96589
8.75275
8.71395
8.24074
8.32305
9.58626
10.0726
10.1784
10.1164
8.67971
9.17861
9.24034
9.82814
9.82316
10.1585
10.2239
10.2239
10.6468
10.6468
10.5899
10.5899
10.4788
10.4365
10.4257
10.2066
10.7045
10.7045
10.6473
10.6473
10.9303
10.9053
10.916
11.0111
11.0027
10.9954
11.2198
11.2411
11.255
11.2691
11.3085
11.2288
11.3182
11.3304
11.3147
11.5172
11.5234
11.5524
11.501
11.3875
11.4594
11.6186
11.6203
11.5899
11.8459
11.8012
11.839
11.9934
11.9293
11.8797
12.2763
12.2231
12.3022
12.4713
12.4713
12.4713
12.3634
12.3634
12.8531
12.9028
12.8581
12.4956
12.4373
12.514
12.5485
12.5244
12.61
12.9137
12.6032
9.80392
9.69968
10.3444
10.2981
10.6739
12.5894
12.6318
12.5439
8.77247
8.77247
8.89959
8.86741
8.72411
8.62919
8.28879
8.67288
9.58626
9.58626
8.95503
9.61039
9.51342
8.46405
8.6834
9.61039
9.61039
9.80755
9.92636
10.0107
9.91223
9.8211
8.75156
9.27165
9.51342
9.09812
9.09273
9.47269
9.26321
9.28016
9.59515
9.76282
9.75863
9.47521
9.90795
10.2196
9.91223
9.84378
9.5937
9.8211
10.4
10.4
10.468
10.468
10.5426
10.5426
10.4087
10.4468
10.4496
10.2519
10.4234
10.8015
10.8015
10.7573
10.7573
10.8923
10.8422
10.8227
11.0803
11.0775
11.0946
11.1827
11.1755
11.1627
11.3704
11.3843
11.4093
11.4639
11.4827
11.455
11.6699
11.6549
11.6894
11.7904
11.7622
11.723
12.0512
11.9756
12.0472
12.2176
12.1686
12.0883
12.5306
12.8134
12.7038
12.791
12.5751
12.5482
12.6453
12.5751
12.8622
12.7351
12.7351
12.6988
12.64
12.7219
11.6867
11.829
11.7892
12.1614
12.0357
12.1417
11.577
11.627
11.5384
12.2488
12.3317
12.2367
11.9533
11.9124
11.8649
11.5771
11.6281
11.5377
11.8292
11.6845
11.793
11.9121
11.964
11.8579
12.1614
12.0324
12.1442
12.2493
12.3344
12.2381
10.4275
10.435
10.682
10.4457
10.6913
10.4146
11.0538
11.0425
10.6393
11.0508
10.6396
11.0237
10.4462
10.4462
11.1436
11.1436
10.4453
10.4453
11.1427
11.1427
10.4342
10.4274
10.6817
10.4448
10.6905
10.4143
11.0422
11.053
10.6389
11.0503
10.6388
11.0233
10.9391
10.9386
10.9762
10.9794
11.2434
11.2445
11.2438
11.2914
11.2945
11.2931
11.5485
11.5483
11.5486
11.924
11.9268
11.9258
12.3093
12.315
12.3422
12.3514
11.5996
11.5991
11.5995
11.8731
11.8751
11.8744
8.69589
8.63106
7.90559
7.90559
8.28264
8.28264
8.28264
9.50376
11.0982
11.1028
11.1968
11.1876
11.4007
11.3994
11.3997
11.4542
11.453
11.4535
12.0663
12.0703
12.0689
12.1297
12.1333
12.1319
11.7011
11.7017
11.7018
11.7529
11.7534
11.7534
8.48864
10.8931
10.9186
10.9931
10.9973
11.2441
11.2428
11.2418
11.3082
11.3111
11.31
11.5249
11.5245
11.5248
11.965
11.9686
11.9673
12.2567
12.2533
12.2561
12.4132
12.6925
12.6925
12.7866
12.7839
11.6225
11.6227
11.623
11.8371
11.8383
11.8379
9.50293
8.28576
8.69555
8.62738
7.90569
7.90569
8.28576
8.28576
12.7665
12.7636
12.8513
12.8674
12.8304
12.8273
8.76841
8.64022
8.48864
7.9938
7.9938
7.86514
7.86514
8.46782
10.9473
11.05
11.0573
11.187
11.2044
11.1925
11.3738
11.3746
11.3741
11.4738
11.4732
11.4736
12.0185
12.0228
12.0212
12.1697
12.1749
12.1731
12.7214
12.7214
12.7214
12.9041
11.6729
11.6731
11.6734
11.7857
11.7866
11.7865
8.48831
8.55371
12.6929
12.6929
12.7868
12.7841
12.9053
8.76819
8.63964
8.46843
8.48831
7.9942
7.9942
8.55371
8.46843
7.86751
7.86751
8.46843
12.7235
12.8537
12.8698
12.7235
12.7235
12.8324
12.8294
10.9388
10.9383
10.9761
10.9791
11.243
11.2441
11.2434
11.2911
11.2942
11.2928
11.5487
11.5484
11.5487
11.6001
11.5997
11.6
11.8752
11.8772
11.8766
11.9273
11.9299
11.929
12.3106
12.3163
12.3436
12.3528
11.0977
11.1022
11.1964
11.1872
11.4005
11.3993
11.3995
11.4543
11.453
11.4535
11.7017
11.7023
11.7024
11.7544
11.755
11.755
12.0691
12.073
12.0716
12.1326
12.1361
12.1347
10.8934
10.9188
10.9927
10.9968
11.2437
11.2424
11.2414
11.3079
11.3108
11.3097
11.525
11.5247
11.525
11.6228
11.6231
11.6233
11.8392
11.8404
11.8401
11.9684
11.9717
11.9705
12.2588
12.2553
12.2582
12.414
8.5536
12.6784
12.6784
10.947
11.0496
11.0568
11.1866
11.2039
11.192
11.3737
11.3745
11.374
11.4738
11.4732
11.4736
11.6738
11.6741
11.6743
11.7868
11.7877
11.7876
12.0219
12.0259
12.0244
12.1719
12.177
12.1753
8.5536
8.46782
8.46782
12.6779
12.6779
12.7656
12.7627
)
;
    }
}


// ************************************************************************* //
