/*--------------------------------*- C++ -*----------------------------------*\
| =========                 |                                                 |
| \\      /  F ield         | OpenFOAM: The Open Source CFD Toolbox           |
|  \\    /   O peration     | Version:  2312                                  |
|   \\  /    A nd           | Website:  www.openfoam.com                      |
|    \\/     M anipulation  |                                                 |
\*---------------------------------------------------------------------------*/
FoamFile
{
    version     2.0;
    format      ascii;
    arch        "LSB;label=32;scalar=64";
    class       volScalarField;
    location    "5";
    object      p;
}
// * * * * * * * * * * * * * * * * * * * * * * * * * * * * * * * * * * * * * //

dimensions      [0 2 -2 0 0 0 0];

internalField   nonuniform List<scalar> 
2958
(
-90931.5
-92580
15612.6
-113868
-111892
14369.6
-80881.5
-91957.9
-138773
-98822.8
-89148.9
-84610.5
-96073.3
-84619.3
-91626.5
-90497.2
-115457
-95971.4
-84622.2
-93811.6
-83591.2
-107148
-80168.8
-115722
-95992.7
-92580.3
-105228
-115540
-93168
-89728.3
-92459.8
-96787
-81112.7
-16239.6
-84135.8
-95492.6
-84619.1
-83487.2
-93924.7
-98188
-40896.3
-96990.2
-79211
-91637.7
-84610.1
-47203.8
-88484
-68237.6
-103641
-143250
-90330.3
-99256.9
-118774
-88867.3
-90549.8
-98443.8
-106744
-105064
-91615.5
-32305.4
-93733.1
-92985
-78101.9
-89844.3
-84623.9
-84619
-88951.1
-101156
-17077
-102829
-117796
-84609.2
275384
-91850.7
-84532.4
-87743.8
-94088.6
-77892.2
-84571.4
-90187.6
-95899.9
-166956
-118921
-120255
-92651.6
-90748.8
-108331
-90857.2
-101112
-87184
-82143.8
-103017
-87073.8
-84623.3
-116560
-84856
-96595.3
-115698
-84621.6
-84615.3
-112962
-91630.4
-85968.9
-97855.9
-88647.9
-91272.1
-84606.6
-104286
-84646.2
-86519.6
-151063
-90388.6
-84223.1
-96772.9
-84617.9
-84612.6
-90525
-90630
-109901
-91092.7
-96353.3
-84609.7
-87139.2
-107734
-98862.9
-93325.3
-97453.6
-95889.7
-91207.6
-84615.7
-84431.6
-84585
-90721.9
-84621.8
-84581.5
-84622.1
-97830.6
-92290.8
-84617.8
-84620.4
-93205.3
-34300.6
-83740.6
-84643.1
-91563
-112935
-84487.2
-84613.5
-109812
-84613.5
-93748
-97105.1
-99276.9
-90708.3
-98585
-84682
-85247.3
-91132.5
-79687.2
-138837
-99815.3
-101285
-96349.6
-84615.3
-88688.8
-105230
-67835.7
-84608.7
-99056
-26569.3
-70924.4
-84606.9
-86147.3
-87598
-84672.3
-13038.2
-120931
-78779.1
-89024.9
-18484.6
-116455
-93996.1
-95131.4
-180247
-89039.9
-107774
-84001.2
-84646.9
-105617
-107280
-108920
-104236
-59253.1
-102180
-98324.8
-92784.3
-94576.8
-63209.4
-90287.7
-104525
-102122
-84620.4
-90996
-88657.5
-97596.6
-151543
-96936.1
-153129
-105297
-105912
-84619.3
-87142
-84606.8
-88229.7
-84615.5
168857
-89901.8
-84624.2
-84623.9
-84619
-84577.9
-84768.9
-80156
-110111
-255912
-90240.1
-116329
-84625.2
-90970.4
3548.61
-76060.2
-87156.2
-109484
-110783
-93074.2
-84569.8
-84655.9
-91277.4
-84664.1
-62318.2
-84690.3
-63204.7
-106556
-115602
-92911.8
-75376.2
-81186.3
-96678.3
-89736.8
-92147.6
-102790
-93589.8
-91695.4
-338293
-113488
-101428
-90355.1
-110032
-93267.8
-108767
-90702.6
-84333.9
-38239.9
-26931.6
-100394
-88343.9
-93751.3
-92570.4
-102863
-82350.5
-84618.4
-110710
-90617.4
-84606.3
-86384.4
-92526.1
-84646.1
-113954
-84615.9
-87138.1
-84618.2
-84768.7
-100388
-91300.1
-65463.4
-84617
-91629
-135556
-158098
-89069.8
-115315
-131526
-84615.2
-84613.5
-110360
17793.4
-84620.1
-90652.5
-84619.8
-105710
-101716
-112651
-110025
170690
-93337.6
-123233
-121444
-84232.8
-90251.5
-91180.2
-84657.4
-91263.6
-89662.5
-84627.4
-83227.8
-254793
-61063.5
-80548.5
-103398
-92942.8
-113349
-107890
-92028.1
-109626
-23647.5
-82362.2
-90361.4
-84595.2
-152791
-73142.4
-106381
-105178
-84607.9
-84617.9
56443.3
-84617.9
28003.3
-76670.4
30082.8
-84652.3
-90874.9
-92293.9
-108396
-114271
-84649.8
-77076.7
-84650.1
-81250.5
-93947.5
-92964.1
-126091
-99971.6
-72328.4
-95658.2
-101060
-90464.8
-84618.3
-92379.2
-80353.6
-91641.9
-74491.4
-91434.6
-102038
36864.3
-96312.2
-42521.4
-80756.6
-135457
-108720
-90948.4
-93393.5
-109218
-84618.6
-104565
-90205
95289.4
-90403.1
-102356
-107755
-113668
-93710.2
-86486.3
-84407.7
-92153.1
-106451
-84631.3
-93502.6
-66979.8
-83922.8
-84526.8
-97003.3
-84616.1
-86118.2
-116728
-88800.9
99992.2
-72643.6
-84618.7
-84594.6
-105253
-91783.6
-90158.4
-112828
-111644
-90102.3
-91567.9
-96555.3
-90820.6
-91297.7
-93871.6
-92963
-95855.5
-89215.6
165153
-100590
-104731
-104276
-98195.1
-91649.9
-91663
-84610.4
-87286.8
-109176
-102313
-93865.6
-83042
-134694
-93963.2
-90808.5
-99670.3
-110207
-94018.4
301467
-97386.2
-101953
-111154
-110283
-102203
-93349.5
-84616.9
-114352
-106267
-90495.7
-95958.2
-52783.3
-92393.1
-84743.6
-39747.8
-84690
-112707
-84659.7
-106653
-83256.5
-96598.9
-92955
-98555.3
-84617.6
-90923.3
-71520.1
-84619.2
-42191.6
-113151
-94411.5
-98229.3
-90511.8
-80699.2
-48479.4
-87082.2
-90505.4
-47024.9
-98372.7
-84611.1
-101814
-25842.7
-90251
-117974
-86824.9
-114155
59249.2
-88893.5
-95838
-40515.4
-84623
-115292
-85206.6
-93037.5
-93547.1
-87139.9
-13351.5
-90727.1
-86773.6
-80335.6
-106899
-92100.5
-121274
-90723.8
-106468
-84637.4
-84728.3
-84655.8
-113505
-84642.3
-84622.7
-92777.4
-94500.8
-84615.8
-120831
-101740
-98972.6
-95524
-84341
-84620.7
-91485.1
-84610.4
-90162.5
-90200
-27052.3
-141114
-112846
-93645.7
-89100.2
-111398
-90980.7
-80769.3
-90485.1
-90516.8
-120683
-84204
-88883.5
-99651.6
-88882.8
-87166.9
86115.2
-84547.3
-91423.3
-80612.8
-123276
-51963.9
-93253.4
-88900.7
-90655.1
-90107.7
-84611.2
-90029.3
-84678.2
-91018.5
-88776.5
-80499.2
-84617.3
-80695.7
-84595
-84613.7
-96275.5
-89614.2
1.51785e+06
-95234.8
-90594.8
-90878.7
-90657.4
-118056
-91462.6
-99268.5
-89447.4
-91724.3
-90968.5
-90467.7
-84623.7
-90411.9
-60840.9
-90649.1
-89937.4
-91668.4
-84660
-84621
-85803.2
-115015
-84681.5
-100017
-84621.2
-96064.5
-97010.5
-82524.8
-87885.5
-100004
-93789.2
-83874.2
-84711.9
-84613.2
-89711.9
-101973
-84620.1
-84627
-92912.3
-104478
-83033.9
-132082
-93522.2
-121948
-91771.5
-101904
-84608.6
-92221.5
-84601.7
-92880.9
-80653.9
-91290.8
-144788
-103697
-83518.3
-84615.9
-90548.8
-142034
-84625.3
-84619.2
-89647.7
-101677
-78721.1
-99736.1
-84609.8
-98755.4
-90384.6
-110230
-90636
-98398.6
-92127.6
-84407.5
-112842
-91282.8
-90296.8
-84620.2
-97326.4
-84620.3
-115864
-84618.9
-97516.8
-89862.8
-86258.7
-87797.5
-93781
-75656.5
-84680.6
-89909
-140955
-86181.2
-91747.3
-144780
-93435.8
-84587.4
-89612.6
-84616.3
-84623.8
-96393.2
-110731
176031
-95944.3
-114247
-90944.8
-83627.8
-170440
-61275.6
-29037.9
-83804.8
-84547
-84399.1
-102223
-84623.8
-113921
-84683.8
-91614.1
-87645.3
-95119.1
-116162
-98468.9
-161964
-15902
-105361
-90530.1
-95967.4
-84589.7
-84610.9
-111695
-94204.8
-84610.4
-136629
-84623.6
-112507
-88806
-90368.4
-92288.1
-99973.4
-102923
-105792
-93364.4
-93289.4
-90909.7
-84296.9
-130035
-91672.7
-91198.6
-84405.5
-84618.7
-92360.6
-89899.7
-97642.6
-92744.6
-88096.3
-109494
-127107
-101897
-106409
-105227
-115756
-116956
-91734.5
-93839.7
-97879.2
-101705
-90629.2
-88079.5
-114030
-60136.3
-84489.5
-114109
-93556
-84637.5
-101311
-84620.9
-227936
-79767.6
-84546
-93772.2
-150970
-95714.2
-102700
-62581.6
-101042
-89640.8
-84913.2
-83584.6
-78730.6
-90938.2
-99333.2
-212476
-92155.3
-91039.5
-84476.9
-97668.6
-79160.6
-81550.3
-100024
-116134
-118047
-84609.2
-136776
-92115.4
-92863.5
-90109.2
-92534
-139946
-86977.3
-84611.3
-84620.1
-84616.6
-97070.2
-111942
-84621.9
-90804.8
-84626
-97280.6
-84206.6
-85391.2
-103599
-152755
-93462
-84620.4
-84625.3
-113513
-93794.9
-84614.1
-84619
-91750
-84619.2
-113346
-93231.4
-85860.4
155689
-90620.7
-84568.1
-101354
-90866.4
-91227
-97407.8
-90831
-93316.8
-18989.9
-114340
-83954.8
-89759.1
-92291.5
-91665.6
-88064.2
-84669.3
-92831.5
-104186
-90817.1
-113066
-92154.1
-86470.5
-90040
-118673
-110792
-81627
-98704.7
-84626.3
-86992.5
-94461.9
-95816.3
-90700.6
-65629.2
-125298
-96126.5
-90262.9
-95609.3
-79120.3
-90298.6
-103293
-89911.6
-93280.7
-102840
-93708.5
-81962.7
-90877.6
-91252.4
-151705
-91124.9
-100774
-118924
-84618.7
-133061
-88566.1
-95435.6
-92271.7
-84624.5
-83081.4
-84608.2
-89198.5
-92245.4
-54433.4
-91024.6
-95089.1
-91708
-92136.3
-99150.7
-130016
-100988
-113686
-119688
-84649.6
-96891.8
-114060
-109497
-65701.3
-120798
-89539.2
-105018
-54120.1
-100823
-88060.4
-85133.9
-87105.1
-102894
-84615.9
-99994.1
-165501
-121690
1.50192e+06
-104069
-84619
-83055.7
-90102.9
-84615.5
-84613
-84617.7
-39740.8
-91251.8
-141545
-115179
-88188.8
-89679.4
-103276
-159172
-90662
-115037
-84619.3
-95137.4
-101539
-90248.1
-96345.8
-111482
-99613.1
-87219.3
-212014
-84613.3
-87696.1
-118675
-135712
-119212
-115149
-110351
-84478.8
-95906.9
-85427.4
-90041.7
-61056.5
-102839
-60744.6
-103352
-89311.2
-112054
-88841.1
-70081.4
-100049
-85661.1
-90276
-89048.4
-105955
-88567.2
-87380.3
-110116
-101871
-100681
-101137
-100694
-87526.1
-89077.8
-103727
-90363.7
-112194
-88850.1
-112956
-91329.2
-118606
-84614.3
-90718
-102496
-111873
-97767.2
-101661
-113477
-108933
-98512.1
-138535
-84636.9
-143085
-100635
-107981
-84841
-87063.4
-80228
-84616.8
-84672.7
-113389
-106346
-352780
-84616.9
-93084.5
-121812
-95946.5
-91003.5
-98091.2
-93732.1
-91325.9
-122106
-84625.8
-71815
-84615.5
-92125.7
-93736.3
-93091.2
-79360.5
-85294.2
-95914.9
-84612.2
-102799
-98312.6
-112450
-89898.2
-91941.6
-101933
-101640
-100218
-91213.3
-90789.1
46879
-91599.3
-91288.4
-96325.6
-111602
-110739
98282.8
-90641
-107667
-16611
-91218.8
-71429.1
-94429.6
-91419.6
-91288
-86097.1
-83813.4
-75516.1
-107310
-84650.8
-152937
-87522.2
-90431.8
-84620.9
-113649
-94356.3
-63687.8
-90310.7
-97001.2
-154232
-118123
-66819.4
-86062.2
-90213.5
-91154.6
-144208
-110958
-84582.2
-54021.1
-91796.1
-90753
-84616.6
-84618.3
-96227.3
-84615
-84653.3
-92333.7
-90947.8
-96572.9
-84640.9
-84621.6
-103104
-82275.8
-90553.9
-92141.8
-98922.3
-84614.1
-100868
-90407.1
-120876
-104566
-85115.3
-102153
-84615.6
-90409.7
-84622.5
-84609
-84618
-103997
-91994.8
-84096.1
-91045.8
-96249.4
-114385
-91014
-93259.5
-111912
-84623.2
-91624
-84671
-168331
-136446
-84624.2
-124852
-99466.7
-103521
-84883.4
-99318.7
-91067.6
-102721
-109498
-97286.7
-84393.9
-88762.3
-104184
-96706
-96213.3
-97742.6
-97009.7
38732.1
-97515
-95377.1
-84611.4
-76342.9
-113751
-98970
-16147.1
-96635
-77542.4
-112758
-84633.5
114376
-97619.7
-117002
-84637.7
-100508
-84611.7
-84619.4
-84615.9
-84618.5
-102057
-123356
20936.6
-93711.7
-105770
-108476
-105987
-113390
-114040
-92448.4
-107621
-89310.8
-88938.3
-89678.5
-112763
-111797
-113450
-84614
-122776
-98044.3
-100395
-99896.8
-97765.7
-130819
-89941.2
-84616
-84565.4
-93956.3
-83033.1
-91791.9
-97897.6
-91824.8
-104074
-93626.5
-91008
-70072.7
-73334.3
-84718
-106397
-99953.7
-98573.9
-99478.9
-88284.7
-92128.1
-95791.8
-90434.8
-84616.6
-78959.9
-99114.9
-101120
-103842
-91038.9
-90477
-46447.6
-90139.6
-60321.7
-104350
-84613.1
-91166.8
-61283.8
-97492.6
-84635.8
-84701
-89968.6
-90156.9
-92993.7
-92486
-96167
1.24653e+06
-84615.7
-94513.8
-122242
-84257.7
-93451.3
-84414.6
-90801.6
-101041
-84615.8
-93910.8
126029
-92595.5
-92137.5
-93092.2
-84441.5
-90329.6
-84636.7
-90313.4
-107548
-153559
-89709.5
-83740.6
-80385.3
-91478.4
-160156
-84621.4
-81910.4
-86938
-91430.5
-80476.2
-96122.9
-104866
-92104.8
-102861
-88904.5
-88440.8
-90506.2
-112199
-84626.2
-101563
-90026.7
-93481.5
-90899.2
-90333.7
-106066
-111897
-84594.8
-89831.5
-92364.2
-84608.8
-90673.5
-83821.3
-94988.2
-84694.1
-111352
-108734
-96827.9
-81042.7
-97165.5
-84179.2
-95504.7
-90199.6
-89027.9
-95557.1
-111468
-91240.3
-95611.5
-84623.5
-84615.3
-80614.9
-79569.6
-84617.5
-83388.3
-105687
-92867.2
-42520.1
-112968
-102086
-4397.55
-88729.3
-90249.3
-41756.4
-106396
-92353.7
-102275
-92693.1
-89211.5
-110029
-104015
-68572.3
-90109.1
-90387.2
-121658
-102292
-115411
-166614
-127556
-76981.1
-67074.7
-155445
-111640
-96707.4
-107146
-91584.5
-101162
-106459
-92610.4
-85497.9
-108657
-90866.1
-84620.3
-89725.4
-90921.6
-90898.6
-89645.7
-164022
-102872
-161319
-108068
-90117.6
-90783.3
-111407
-90563.6
-93194.7
-93319
-94458
-105017
-84625.8
-103568
-73010.7
-84674.2
-89781.3
-92746
-87163.7
-93010
-115071
-91126.1
-100759
-84723.7
-92317.1
-89162.8
-90729.2
-225883
-91627.3
-89654
-88847.6
16702.8
-98327.2
-84317.5
103087
-84609.8
-114830
-84615
101265
-84623.3
-93281.7
1.27463e+06
-63455.8
-84625
-102256
-84619.9
-84474
-93809.7
-84616.2
-20822.4
-83839.1
-90294.9
-84621.2
-100915
-110589
-90443.2
-84619.9
-90548.4
-91533.1
113335
-84606.8
-91456.8
-84587.1
-118227
-84616.6
-107744
111862
-84619.1
-141393
-114372
-92069.6
-111477
-91667.5
-111657
-339407
-84634.5
-101611
-84549.9
-83238.7
-100526
-91760.8
-84547.6
-104012
-80917.6
-99969.3
-91834.8
-89142.9
-119704
-91427.5
-180306
-123329
-92328.9
-109818
-84624
-84626.1
-93106.3
-122090
-96949.3
-143736
-91639.6
-84516.4
-84612.4
-145231
-146710
-96610.8
-32876.6
-91957.6
-99319.2
-120974
-85156.8
-84615.1
-84611.1
-75234.2
-146839
-16432.9
-87234.5
-86937.8
-125278
-94027
-93448.1
-103057
-93579.5
-84612.3
-118220
-90291.9
-91692
-115229
1.24367e+06
-84622.5
-91683.2
-93178.9
-90296.6
-84625.7
-94843.5
-30094
-109523
-84627.6
-101718
-105581
-84608.4
-84424.6
-84611.3
-84607.2
-84619.6
-84616.8
-70628
-95073.1
-100519
-97441.5
-94570.1
-82552.1
-119670
-90316.6
-84615.5
-84605.1
-97806.3
-87395.7
-84613.9
-89612.9
-92518.4
-84638.8
-93165.3
-97454.4
-101721
-86839.6
-75182.2
-78430.7
-127336
-144099
-91260
-103777
-92723.9
-84624.6
-88643.5
-102612
-89387.8
-84576
-123466
-96827.5
-91352.1
-84617
-93397.6
-88390
-103801
-93331.5
-96877.1
-91821.2
-84617.1
-90733.5
-105454
-94970.8
149918
-102944
-102179
-84651.6
-91240.2
-93056.3
-90669.7
-96129.6
-91298.8
-17245.3
-60262.1
-101741
-18127
-89642.6
-93446.8
-94075.7
-96891.1
-90793.6
-115240
-89769.5
-91238.3
-86820.7
-83806
-84615
-148207
-116129
-123703
-90396.8
264350
-116428
272680
-48994.9
-84566.6
-102936
-19647.8
-89892.3
-105830
-90576.4
-84618.9
-93342.5
-90128.5
36541.8
1.5085e+06
-105238
-84618.6
-100409
267516
-92389.4
-93230.7
-96580.8
-84609.9
-90907.7
-109931
-92606.6
-67278.4
-91410.2
-84616.8
-91660.2
-84608.9
-116258
-114004
-106999
-90209.6
-90287.1
-90316.5
-84610
-104364
-99145.8
-100380
-97459.2
-167737
-97210.8
-91853.8
-90690.7
-104446
-100748
-95325.2
-92079.9
-103945
-90692.1
-84616.7
-68367
-39852.4
-96412.1
-121243
-67964.9
-119972
-94343.1
-10842.5
-101540
-90256.1
-91192
-104990
-91223.5
-84648.9
-84609.8
-84619.9
-85940.6
-93912.8
-84618.3
-84621.5
-89449.9
-115565
-84613.6
-173064
-93471.5
-84213.1
-89561.7
-100007
-96250.4
-247659
-102587
-99851.8
-102732
-92325.5
-45598
28563.7
-90122.5
-44648.5
-84335.8
-95020.5
-90768.2
-90415
-91312.8
-92155.8
-84617.6
-85395.7
-96370
-84608.4
-84620.4
-65106.8
89364.6
-84619.4
-90679.3
-84614
-90579.8
-96361.3
-84670.5
-90832
-111057
-114665
-112496
-163588
-113237
-94173.3
-108478
4601.82
-90676.7
-97328.6
-90999
-103397
-84608.5
-115541
-84615.6
-91193.7
-107312
-88655.8
-89561.5
-88566.5
-81083.7
-129451
-104198
-84609.9
-84609.8
-84611.8
-84597.9
-84597.1
-84595.1
-85357.1
-86479.5
-72636
-44257.3
-67481.6
-65519.4
-146570
-181381
-169787
-121187
-188976
-148333
-174127
-130857
66806.3
65920.8
-63836.6
-75252.4
272155
-119840
-239646
-207370
-226119
-156706
-127471
-198939
-154529
-92049.2
-94981.2
-106212
-115152
-100423
-83622
-98666.7
-84545.8
-101446
-100477
-84538.8
-83427.5
-84445.3
-83556.6
-84568.2
-84612.1
-84604.2
-84621.5
-84617.9
-84621.3
-84617.7
-84625.9
-84623.3
-84647.2
-84625.2
-84696.6
-84704.5
-84650.2
-84602.1
-83537.2
-83650.5
-83347.8
-83669.4
-83596.6
-85159.2
-84460.2
-216071
-231671
-100529
-117766
-184555
-173666
-91767.6
-90021.2
-92305.4
-92536.8
-92175.8
-90476.1
-92398.5
-92226.6
-90958.5
-92294.3
-89668.1
-93479.2
-93328.1
-90413.8
-90995.7
-91364.8
-91518
-91421.4
-91337.8
-91292.7
-91532.3
-91592.9
-92290.8
-92029.3
-92274.6
-92648.1
-92957.8
-93790.3
-93189.5
-96704.6
-96686.3
-96472.7
-98510.8
-101610
-101710
-100965
-110483
-112348
-110333
-110887
-112296
-111178
-112234
-112605
-112558
-113349
-113260
-112788
-115343
-113946
-118582
-102074
-93253.9
-101457
-121804
-102754
-100897
-101109
-99363.7
-99808.9
-85414.5
-76919.8
-76405.5
-76363.2
-105462
-88634
-70637.8
-9298.04
-15663.9
-10876.8
-87643.3
18501.5
-52406.7
74190.7
76481.6
-126770
-120186
-122227
-96357.2
-93869.2
-94699
-92563.9
-147846
86017
-60490.1
-111347
-122732
-35419.5
-66441.6
-76101
-69790.3
-106788
-79167.8
-105735
5150.91
-56597.2
-55118.1
-79969.5
-82495.9
-125554
-89435.4
-84385.2
-92787.3
-92266.5
-92976.6
-93243.4
-91916.3
-90114.2
-91256
-90895.4
-90783.1
-158833
-143579
-139377
-91299.3
-125637
-110786
-102768
-85505.9
-101662
-86200.4
-78177
-75035.8
-150169
-74658.8
-72654.3
-149801
-74878.6
-86981
-81357.4
-87462.1
-82094.4
-81511.3
-74534.3
-43280.5
-47176.7
-47953.1
-82401.4
-51738.1
-52319.6
-80557.8
-77826.4
-76631
-80112.4
-75533.5
-79247.6
-80067.7
-79395.7
-80878.1
-80231.3
-79519.6
-81072.1
-80828
-78961.7
-91743.7
-89969.5
-95102
-93585.5
-92420.4
-93037.1
-92187.5
-91705.4
-92079.3
-91747.3
-92351.9
-91925.1
-92341.3
-92061.6
-92018.9
-92541.2
-92053.3
-91616.8
-91848.2
-91645.6
-91843.8
-91462
-86395.1
-86283.9
-85216.2
-84310.2
-83716.3
-83647.8
-83195.7
-83351.8
-83620.7
-83824.5
-83609.2
-84658.8
-84632.6
-84556.3
-84750
-84867
-84452.7
-84723.7
-84890
-84698.7
-84689.9
-84543.6
-84680.5
-84644.1
-84608.2
-84668.1
-84531.4
-84523.1
-84659.5
-84617.1
-84616.3
-84605.5
-84614.8
-84615
-84614.9
-101657
-84618
-84619.6
-84621
-84621.3
-84623.6
-84617.3
-84616.4
-84623.2
-84618.3
-84560.4
-83273.8
-83554.3
-83430.3
-81834.9
-82255.3
-81077.7
-83699.5
-90287.3
-91302.7
-91499.7
-92139.1
-92320
-104459
-112683
-113532
-85812.6
-242418
-103244
-100408
-83299.6
-104911
-99456.5
-19362.9
-17372.5
81528
34395.1
-94177.9
-89320.5
-75587.7
-85853.9
-78776.4
-185991
-106356
-92364.9
-106204
-93258.3
-92275.8
-90893.6
-98850.5
-100131
-104959
-88607.2
-134512
-88879
-75770.5
-71778.5
-73341.2
-87577.7
-70243.5
-54309.4
-73929.6
-69469.2
-79797.1
-80653.4
-80081.1
-80297.6
-80547.6
-79739
-79865.3
-93518.5
-92064.6
-91969.4
-91492.8
-93046.6
-92116.6
-92197.9
-93044.6
-92086.3
-91680.9
-91731.3
-91641
-86315.9
-83075.3
-83697.4
-84863.5
-84748.9
-84376.5
-84767.4
-84886.4
-84532.6
-84693.7
-84717.2
-84729.6
-84630.8
-83749.7
-84607
-84618.5
-84615.1
-84617.3
-84617.1
-84628.2
-84616.1
-84624
-84619.2
-84620.4
-84615.9
-84614.9
-84616.1
-84615.9
-84616.2
-84616.6
-84616.9
-84617.9
-84621.5
-84620.2
-84618.5
-84619.4
-84618.4
-84618.5
-84619
-84617.9
-84624.2
-84624.7
-84625.4
-84627.7
-84624.3
-84625.9
-84650.7
-84627
-84649.9
-84717.3
-84669.2
-84756.5
-84714.7
-84711.7
-84388.6
-84264.8
-83354.4
-89663.5
-91909.1
-92913.4
-92837.3
-92976.8
-115304
-102266
-103370
-109170
-164845
-147582
-158890
-101076
-167755
-90543.9
-89316.3
-89610.3
-90548.1
-90428.4
-90157.8
-90127.7
-91174.3
-90505
-91243.9
-91475.7
-90298.7
-90964
-91940.2
-91487.9
-91963.3
-91835.6
-91732.9
-92190.7
-92117.8
-92280.7
-92080.2
-91731.1
-92898.7
-92852.9
-93656
-93961.1
-91469.8
-93679.8
-93049.2
-93794.5
-94401.7
-94156
-95332.8
-95443.9
-95376.2
-95943.3
-95874.3
-95901.8
-96216.4
-96148.4
-96309.8
-98170.6
-96969.8
-96122.7
-100428
-100123
-99677.9
-98305.6
-99459.8
-98118
-99434.9
-103897
-104420
-104934
-99805
-108165
-121426
-99324.5
-100415
-122359
-94767.9
-89148.6
-86365.7
-93451.4
-90896.3
-62553
-84493.5
-155181
-161813
-173991
-124751
-161117
-161405
-155856
-94628
-168435
-111695
-85847.6
-53567.5
-61403.7
-74992.9
-77122.9
-89485.1
-114626
-114784
-114581
-119766
-111362
-107417
-113069
-109879
-113009
-113789
-116282
-82609.8
-89685.8
-100797
-102871
-98725.2
-95833.6
-97658.8
-100905
-108821
-98245.2
-104410
-102301
-98135.3
-90334.9
-92590.6
-92685.7
-92738.4
-102390
-101332
-100675
-100767
-99664.5
-105048
-98863.8
-100677
-105578
-105072
-96661.5
-100814
-100277
-101542
-100642
-102804
-101240
-69205.6
-150394
-90617.6
-98039.5
-65629.4
-79407.4
-75001
-90576.1
-67316.6
-76337.4
-82698.3
-80725.8
-95776.4
-96493.6
-91806.1
-80688.4
-94572.4
-93593.6
-88318.1
-89293.7
-88147.6
-86965.8
-87018.1
-86813.4
-86903.9
-87153.5
-87318
-86977.6
-87113.1
-87313.3
-86860.8
-87984.1
-87432.3
-87773.7
-89577.6
-88858.8
-90590.8
-89258.1
-89361.6
-89987.6
-90506.6
-90081.6
-89872.2
-90117.8
-90248.3
-90350.5
-90271.1
-90854
-90553.7
-90498.7
-90495.1
-90310.3
-90425.5
-87389.1
-83073.1
-87577.8
-85292.5
-85375
-85320.5
-85196.1
-85253.9
-85127.9
-84660.7
-84608.3
-84409
-84631.3
-90670.9
-84602.1
-84563
-84620.8
-84608.9
-84605.9
-84609.5
-84607.6
-98331.8
-84612.8
-84611.7
-84612.5
-84616.4
-84611.9
-84609.9
-84625.4
-84616.5
-84618.3
-84612.8
-84620.8
-84622.9
-233532
-92673.1
-99786.9
-94251.9
-93821
-93464.1
-84619.6
-84619.5
-84620.2
-84619.6
-84615.9
-84617.8
-84618.3
-84618.2
-84617
-84618.1
-84619.7
-84619.2
-84619.2
-84618.5
-84619.6
-84620.5
-84617.8
-84619.2
-84625.9
-94940.6
-84619.8
-84614.7
-84618.5
-84608.7
-84742.7
-84702.9
-84701.9
-84690.6
-82917.8
-88866.6
-132608
-90769.1
-93768.5
-93962.2
-92708.3
-92308.4
-92769.3
-93052.5
-93212.6
-101778
-111176
-99499.4
-104213
-95721.2
-101016
-106699
-90671.5
-90057.7
-89903.6
-90802.8
-90592.4
-90922.2
-90771.7
-90899.7
-90065.8
-90707
-89271
-91173.5
-90993.9
-90475.9
-90328.3
-90781.7
-90442.5
-90050.5
-90295
-90309.8
-90252.7
-90124.8
-90409.7
-90678.3
-90051.2
-90176.5
-90433.3
-90569.7
-90340.8
-90147.8
-91007
-89868.2
-90408.5
-90441.8
-94206.9
-90648.8
-90275.3
-90478.7
-99864.9
-94603.2
-90775.7
-90792.7
-90849.4
-90796.5
-90845.2
-90937.9
-90749.5
-90891.2
-95438.6
-101819
-91801.7
-97556.1
-109327
-115944
-101587
-99604.3
-101891
-104425
-105286
-103083
-102467
-96704.8
-98879.7
-96338.5
-105183
-105896
-98896.9
-99125.8
-101774
-101702
-101740
-98206.9
-99903.8
-97868.4
-97354.2
-86924.9
-104592
-100437
-97296.1
-86983.8
-90910.7
-65007.3
-85992
-77481
334.635
-56020.9
-107623
-108724
-96144.8
-101913
-93750.3
-117453
-112362
-111830
-111650
-110311
-113803
-105047
-100858
-111501
-103888
-100277
-108873
-103706
-99015.5
-102453
-104246
-114595
-114127
-114813
-113836
-117345
-116786
-117881
-118153
-117661
-112487
-111579
-111147
-116127
-93740.4
-112080
-112494
-95010.3
-110020
-95325
-95364.6
-92955.6
-98964.8
-99951.1
-100174
-99517.5
-108804
-103614
-100223
-96936.4
-101714
-101973
-100947
-99530.8
-101383
-101808
-100212
-101241
-99984.4
-99729.6
-98878
-96498.9
-99336
-102001
-97286.8
-98155.7
-97893.4
-96638
-96219.5
-95440.6
-90537.5
-78232.8
-94422.4
-85298.7
-111322
-111744
-105738
-120696
-96083.3
-96685
-94435.5
-89051
-95050.7
-93712.8
-95622.9
-92076.1
-86694
-90033.8
-91889.8
-89792.5
-86795.2
-86855.3
-88789
-88832.4
-86911
-88856.7
-88910
-88800
-88938.4
-89279.6
-88913
-87223.3
-88897.4
-89178.5
-89277.4
-88932.5
-88879.4
-89490.8
-89285.1
-89958.6
-90414.9
-96633.6
-89452.8
-89242.5
-89693.4
-89618.5
-89866.6
-90079.1
-89637.8
-89951
-89858.8
-89595.8
-90417.2
-90011.9
-90710.3
-90379.2
-90363.2
-89857.6
-90159
-90111.3
-90365.2
-90897.7
-90316.2
-90218.6
-84467.8
-144794
-84373.2
-84176.3
-85265.2
-84460.2
-85234.7
-84279.4
-84609.2
-84646.2
-84575.6
-84477.2
-84612.2
-84627.7
-84618.2
-84608.9
-84602.6
-84606.9
-84606.5
-84610.5
-84614.2
-84611.6
-84615.2
-84612
-84614.8
-84614.9
-84611
-84616.1
-84610.3
-84625.8
-84613.1
-84619.4
-84617
-84613.5
-100248
-97494.4
-101797
-94246.5
-99543.3
-100816
-99780.8
-103593
-102039
-93312.5
-93015.4
-106236
-92615.8
-93409.8
-105727
-92578.8
-94472.5
-93859.4
-84614.4
-84617.1
-84620.2
-84617.3
-84671.4
-84458.5
-84670.2
-84412.5
-100890
-102654
-107469
-100647
-87509.6
-84620.1
-84618.4
-84617.5
-84618.1
-84617.1
-84620.2
-84619.2
-84620
-84620.3
-84619.3
-84619.1
-84618.5
-84620.4
-84622.3
-84618.2
-84625.4
-84699.1
-93052.1
-93620.2
-93022.6
-94171.8
-97995.2
-97316.1
-96871.3
-95298.8
-90948.1
-93046.9
-91999.9
-90454.7
-90545.3
-90716
-90839.1
-90717.9
-90670.5
-90223.4
-90653.5
-89331.1
-89361.3
-90434.3
-90341.9
-90154.7
-90336
-88918
-89239.7
-88197.7
-89673.4
-89100.5
-89773.9
-88651.8
-90762.1
-88891.4
-88759.5
-91351.7
-90016.7
-91496.3
-84615.6
-84616.8
-101917
-102042
-102097
-103191
-101168
-104138
-102049
-101401
-103463
-102754
-101940
-103114
-102739
-101192
-99703.7
-98875.8
-97672.1
-101422
-99580.5
-106374
-99302.2
-102593
-109613
-103330
-113009
-107921
-113271
-111200
-115839
-113016
-114866
-114404
-114345
-112749
-114564
-96259.2
-96788.2
-96843.6
-111023
-111800
-107471
-111974
-105771
-108365
-97158.8
-99104.9
-99715.1
-100171
-95296.7
-98370.1
-98548.4
-97156.5
-94183.9
-84714.2
-84621.5
-84628.7
-84656.5
-84613.2
-84616.1
-84609.7
-84606.4
-84612.3
-84610
-84611
-84615.2
-84611.8
-84612
-84619.3
-83262.4
-99341.5
-100446
-101448
-93326.8
-84619.6
-100367
-98253.9
-84367.4
-104092
-110744
-110464
-84614.2
-84617.8
-107026
-104372
-109291
-111340
-94421.5
-101116
-95803.5
-99650.7
-80203.6
-97376.4
-90961.2
-90558.9
-90302.9
-85190.3
-85120.2
-84680.2
-84615.1
-84612.5
-84626.8
-94006.3
-94264.1
-84620.3
-84619.4
-84663.7
-91611.5
-90144.3
-84619.1
-91380.8
-91491.6
-98999.7
-106036
-98644.3
-95400.9
-92016.3
-97656.1
-97599
-101281
-104005
-97690.6
-101011
-101356
-101724
-99586.7
-93117.1
-89663.6
-89708.9
-90377.4
-84609.9
-84602.7
-84625.5
-84613.1
-84616.8
-99261.3
-97712.3
-84675.2
-101499
-88879.3
-88904.2
-84610.2
-89675.4
-98923.4
-103227
-94236.5
-84620.9
-84621
-95580.1
-84597.1
-84594.2
-72125
-204339
70610
-84614.9
-152281
-121239
-108310
-84612.6
-84554.5
-99092.1
-83656.8
-84002.5
-92376.1
-84609.9
-91296.1
-84607.9
-112978
-84444.9
15960
9565.35
-54079.3
-93631.7
-90506.8
-90213.7
-91599.5
-56075.3
-79234.1
-90010.2
-93039.4
-89672.3
-89619.9
-91517.6
-91973.8
-92766.2
-91612.4
-84766.5
-88753.1
-83658.6
-83699.7
-83478.5
-84449.5
-88887.6
-84698.6
-88880.1
-84621.2
-84590.6
-83679.3
-84671.8
-84614.8
-83734.9
-84621.9
-92444.4
-91970.5
-96923
-90289.7
-91674.6
-84722.7
-85259.9
-84615.4
-97224.6
-84614.5
-84465.3
-84092.2
-90519.6
-94561
-94884.7
-100284
-92477.1
-93898
-100804
-95508.1
-97910.8
-81942
-91907.4
-87132.4
-90505
-90310.9
-87643.6
-85225.5
-84582.7
-84529.5
-84613.5
-96793.5
-84617.2
-84623.4
-93972.3
-84617.6
-101498
-84618.9
-84618.3
-90399.5
-101929
-90559
-90709.3
-90550.2
-91686.9
-93318.5
-91915.4
-100806
-88784.4
-84415.8
-84617.3
-84617.2
-84617.2
-84618.2
-90146
-91245.9
-90558.7
-90534.1
)
;

boundaryField
{
    Wall
    {
        type            zeroGradient;
    }
    Inlet
    {
        type            zeroGradient;
    }
    Outlet
    {
        type            fixedValue;
        value           uniform 0;
    }
    Empty
    {
        type            empty;
    }
}


// ************************************************************************* //
