/*--------------------------------*- C++ -*----------------------------------*\
| =========                 |                                                 |
| \\      /  F ield         | OpenFOAM: The Open Source CFD Toolbox           |
|  \\    /   O peration     | Version:  2312                                  |
|   \\  /    A nd           | Website:  www.openfoam.com                      |
|    \\/     M anipulation  |                                                 |
\*---------------------------------------------------------------------------*/
FoamFile
{
    version     2.0;
    format      ascii;
    arch        "LSB;label=32;scalar=64";
    class       Cloud<passivePositionParticle>;
    location    "0.10005/lagrangian/kinematicCloud";
    object      positions;
}
// * * * * * * * * * * * * * * * * * * * * * * * * * * * * * * * * * * * * * //

150
(
(0.122647 -0.00235359 0.0814547) 32689
(0.123744 -0.00125628 0.0128312) 61228
(0.122236 -0.00276363 0.0893914) 12409
(0.122821 -0.00217921 0.0234899) 125281
(0.123958 -0.00104193 0.0356974) 125291
(0.134172 0.00917104 0.0344096) 175537
(0.135788 0.010788 0.0778341) 151909
(0.132797 0.0077968 0.0280569) 103389
(0.172434 0.0474342 0.0922029) 35796
(0.138916 0.0139154 0.0719036) 151873
(0.138748 0.0137481 0.0418065) 125349
(0.140271 0.0152714 0.0425174) 125358
(0.152937 0.0279368 0.0335515) 125417
(0.154802 0.0307587 0.00323003) 17894
(0.131917 0.00691664 0.0362741) 175519
(0.142295 0.0172949 0.0131022) 63173
(0.130594 0.00559373 0.0464868) 159856
(0.161173 0.0361726 0.0501293) 102537
(0.131945 0.00694539 0.0392166) 125325
(0.13867 0.0136693 0.0513321) 151884
(0.158523 0.0335227 0.0609433) 112242
(0.143721 0.0187207 0.0785639) 151912
(0.160921 0.0359215 0.0362761) 175684
(0.147189 0.0221895 0.035075) 175648
(0.172199 0.0471991 0.0909995) 35796
(0.14947 0.0244703 0.0201951) 159964
(0.147828 0.0228275 0.0863657) 34595
(0.161075 0.0360754 0.0140587) 65109
(0.129687 0.00468681 0.00521147) 63029
(0.122071 0.0193619 0.0998368) 102415
(0.133013 0.00801223 0.0241634) 140240
(0.166947 0.0419471 0.064338) 106855
(0.168225 0.0453205 0.00118818) 67098
(0.146943 0.0219428 0.0841889) 34495
(0.132569 0.00756938 0.0659428) 111823
(0.170733 0.0457324 0.0911893) 35795
(0.167301 0.0423008 0.0620713) 152250
(0.155666 0.0306661 0.0561399) 152030
(0.131939 0.00693915 0.0530212) 142661
(0.164601 0.0397273 0.00431925) 56585
(0.14633 0.0213295 0.0868487) 34495
(0.132074 0.00707388 0.0502127) 138884
(0.15529 0.0302907 0.0174775) 65042
(0.13118 0.0061797 0.0860837) 33525
(0.138615 0.0136145 0.0623496) 111857
(0.144115 0.0191152 0.095863) 33653
(0.12913 0.00412909 0.0554322) 151865
(0.150859 0.0258594 0.029805) 125419
(0.138073 0.0130728 0.0879139) 33651
(0.159199 0.0341982 0.0542892) 102528
(0.158057 0.0330569 0.0932372) 34651
(0.151232 0.0262319 0.0108813) 56015
(0.137756 0.0127562 0.0675287) 111848
(0.144264 0.0192633 0.0395912) 159865
(0.159354 0.0343539 0.0208421) 125408
(0.150932 0.0259325 0.0142581) 56018
(0.127943 0.00294296 0.076487) 111826
(0.128375 0.00337432 0.0646773) 151870
(0.128353 0.00335254 0.0587134) 151859
(0.125637 0.000636782 0.0508888) 97343
(0.126074 0.00107386 0.0622998) 105510
(0.126052 0.00105251 0.0729215) 97345
(0.127417 0.00241722 0.0931334) 33516
(0.124446 0.000362676 0.0974518) 33482
(0.12366 -0.0010293 0.0975916) 12407
(0.1245 -0.000500415 0.0371688) 175440
(0.124452 -0.000547879 0.00624664) 55425
(0.199836 0.0985483 0.000616173) 138577
(0.204277 0.0906629 0.0995191) 135420
(0.197459 0.0724586 0.080373) 152511
(0.199208 0.0742075 0.0649497) 113160
(0.195308 0.0703085 0.0695882) 152495
(0.194329 0.069944 0.0952096) 7058
(0.18313 0.0581297 0.0788119) 112689
(0.186359 0.0613587 0.0345278) 150203
(0.185025 0.0600251 0.0288195) 175880
(0.199521 0.0745204 0.0927997) 13500
(0.182254 0.0572537 0.0643634) 152282
(0.179607 0.0546072 0.0155086) 67233
(0.176335 0.0513354 0.018337) 67225
(0.185167 0.0601671 0.0859197) 37118
(0.176666 0.051666 0.0167549) 67225
(0.177376 0.0523757 0.0377151) 125571
(0.177211 0.0522107 0.026483) 175866
(0.184568 0.0595679 0.00574315) 49418
(0.190809 0.0684687 0.0989395) 37235
(0.27322 0.101779 0.0419268) 109455
(0.273307 0.101693 0.0643755) 108114
(0.275697 0.0993028 0.054308) 143119
(0.276479 0.0985207 0.0274603) 109279
(0.282993 0.0920071 0.0191373) 150404
(0.267773 0.107227 0.0323027) 150502
(0.271918 0.103082 0.0849052) 39679
(0.269855 0.105145 0.0354785) 109447
(0.283768 0.0912319 0.0150312) 27613
(0.280827 0.0941727 0.0743945) 153287
(0.265582 0.109418 0.0480662) 98445
(0.265335 0.109665 0.0596507) 114098
(0.268024 0.106976 0.0752352) 140019
(0.281716 0.0932839 0.0540035) 143131
(0.265384 0.109616 0.0714998) 139011
(0.26703 0.10797 0.0245976) 98442
(0.270432 0.104568 0.0766031) 153353
(0.282246 0.0927537 0.0548846) 114030
(0.286299 0.0887001 0.0772675) 99431
(0.282298 0.092702 0.0626584) 153279
(0.284084 0.0909167 0.0338815) 150420
(0.28877 0.0862301 0.0843098) 39325
(0.285334 0.0896656 0.0660365) 107870
(0.290487 0.0845127 0.0218956) 109284
(0.285494 0.0895058 0.0702576) 98068
(0.291161 0.0838386 0.0762028) 114034
(0.289453 0.0855473 0.060524) 114018
(0.288481 0.0865194 0.0644095) 153266
(0.288542 0.0864587 0.0653921) 153266
(0.294679 0.0794829 0.0620498) 140364
(0.294624 0.079481 0.0500695) 136788
(0.290664 0.0843357 0.059572) 102930
(0.291839 0.0831614 0.0665247) 114024
(0.292375 0.0826247 0.0342209) 109308
(0.294063 0.0783175 0.0200815) 4485
(0.293897 0.0811033 0.0712945) 99430
(0.295213 0.0790118 0.0254457) 109084
(0.294734 0.0801854 0.0275076) 98381
(0.294491 0.0805092 0.034586) 109083
(0.287176 0.0878239 0.0136738) 27583
(0.29366 0.0802625 0.0365682) 109081
(0.293393 0.0801207 0.0735665) 24821
(0.293338 0.0801616 0.0314522) 109306
(0.275668 0.0962647 0.00487582) 27526
(0.274552 0.09761 0.0970985) 7496
(0.291098 0.0801511 0.0694639) 39274
(0.290787 0.0801985 0.0291989) 27633
(0.275322 0.0962136 0.0113827) 27522
(0.277037 0.0936356 0.0925668) 39228
(0.277692 0.0923244 0.0888269) 39232
(0.280947 0.0842771 0.0946024) 13855
(0.275217 0.0962155 0.0078057) 27522
(0.270896 0.102019 0.0934155) 39676
(0.278538 0.0900083 0.00829752) 27483
(0.27861 0.0896892 0.0912352) 39193
(0.280174 0.0818998 0.0950473) 1024
(0.278715 0.0884467 0.0920982) 39193
(0.278689 0.0881392 0.00763664) 27483
(0.278653 0.0877968 0.0911411) 39193
(0.277932 0.0868385 0.00918981) 27480
(0.277285 0.0861136 0.0888037) 39191
(0.27722 0.0861399 0.00910769) 27480
(0.277171 0.0858206 0.0906927) 39191
(0.276138 0.0829376 0.00713488) 27473
)


// ************************************************************************* //
