/*--------------------------------*- C++ -*----------------------------------*\
| =========                 |                                                 |
| \\      /  F ield         | OpenFOAM: The Open Source CFD Toolbox           |
|  \\    /   O peration     | Version:  2312                                  |
|   \\  /    A nd           | Website:  www.openfoam.com                      |
|    \\/     M anipulation  |                                                 |
\*---------------------------------------------------------------------------*/
FoamFile
{
    version     2.0;
    format      ascii;
    arch        "LSB;label=32;scalar=64";
    class       vectorField;
    location    "0.10005/lagrangian/kinematicCloud";
    object      U;
}
// * * * * * * * * * * * * * * * * * * * * * * * * * * * * * * * * * * * * * //


150
(
(1.00936 0.990734 0.0928266)
(1.00767 0.989038 -0.0927368)
(0.968102 0.962439 0.113026)
(0.329421 0.338654 -0.0345973)
(0.243889 0.243935 -0.00373078)
(0.268751 0.270101 -0.00349173)
(0.395268 0.399129 0.0217677)
(0.280911 0.27945 -0.0100666)
(1.5283 1.52796 -0.00583199)
(0.280268 0.277886 0.00903997)
(0.284602 0.285793 -0.000747828)
(0.280352 0.280019 -0.0015535)
(0.272009 0.272476 0.00138144)
(0.980011 1.07701 0.0552577)
(0.258043 0.25734 -0.00462068)
(1.42521 1.41819 -0.0493531)
(0.273493 0.272365 -0.00135479)
(0.274522 0.274084 0.00287255)
(0.270558 0.269548 -0.00152541)
(0.287452 0.288653 0.00143127)
(0.27708 0.278219 -0.0022695)
(0.394719 0.401782 0.0217975)
(0.259402 0.259446 0.00110485)
(0.272886 0.273838 -0.000293712)
(1.53021 1.52986 -0.00587514)
(0.371899 0.37393 -0.0120849)
(1.49283 1.4835 0.0360437)
(1.61453 1.58947 -0.00799783)
(0.83642 0.921674 0.0213176)
(0.298521 0.273319 0.000923456)
(0.379576 0.387678 -0.0289186)
(0.259426 0.259554 -0.00272895)
(0.861506 1.10579 -0.0491784)
(1.48253 1.45335 0.0386818)
(0.274807 0.275103 0.00357957)
(1.47096 1.48529 0.186771)
(0.275688 0.276516 -0.00372795)
(0.278543 0.278557 0.00262235)
(0.272914 0.27178 0.00125751)
(0.989821 1.08411 0.0573962)
(1.48437 1.45516 0.0386255)
(0.289354 0.289675 0.00114191)
(1.57894 1.55405 -0.0152856)
(1.24411 1.20492 0.0782961)
(0.284742 0.285925 0.00053231)
(0.878799 0.690009 -0.160625)
(0.259888 0.261536 0.000885359)
(0.273406 0.272023 -0.00603441)
(1.27606 1.27594 0.0714081)
(0.275319 0.276258 0.00233138)
(0.919284 0.712474 -0.180652)
(1.37066 1.38531 -0.226179)
(0.273699 0.274737 0.00285148)
(0.28441 0.285611 -0.000249409)
(0.378042 0.37784 -0.00487397)
(1.53497 1.5069 -0.0265128)
(0.352753 0.363215 0.0342845)
(0.255856 0.256994 0.0044107)
(0.266303 0.267516 0.000965063)
(0.261297 0.260815 0.000961679)
(0.258822 0.258353 0.00133362)
(0.250692 0.248645 0.0112283)
(0.750738 0.603373 -0.109287)
(0.770273 0.84907 -0.00680984)
(0.67997 0.555329 -0.0772855)
(0.239711 0.240551 -0.00380041)
(0.76813 0.847176 0.0054485)
(1.17749 0.0494344 -0.00197291)
(1.37354 0.148598 -0.00493989)
(0.27334 0.276032 -0.00181684)
(0.268433 0.316394 0.101909)
(0.4979 0.454897 -0.00262582)
(1.32109 1.34539 -0.164702)
(0.462414 0.46553 -0.0119157)
(0.320955 0.319565 0.0114187)
(0.325402 0.327246 0.0137377)
(3.20946 2.00833 -0.423759)
(0.314 0.313276 -0.0120154)
(1.77563 1.75975 0.0153904)
(1.71301 1.68952 0.0138399)
(1.83165 1.80091 -0.0337562)
(1.71098 1.68752 0.0137886)
(0.29685 0.297176 0.00540962)
(0.296586 0.295306 0.00903659)
(1.07758 1.14993 0.0688204)
(1.11015 0.514578 -0.396614)
(0.123597 -0.124253 -0.00190277)
(0.112314 -0.112974 0.000510863)
(0.111497 -0.111694 0.00090118)
(0.106319 -0.105838 -0.0063982)
(0.105589 -0.106851 -0.00698387)
(0.125037 -0.125937 -0.00151207)
(0.891876 -0.879755 0.0325929)
(0.119147 -0.12004 -0.00145647)
(0.647528 -0.650234 -0.00980986)
(0.0845587 -0.0842112 0.00468678)
(0.14196 -0.142324 -0.000895139)
(0.141016 -0.141454 0.00433854)
(0.189934 -0.193398 0.0244286)
(0.0795102 -0.079617 0.000845817)
(0.136015 -0.134669 0.010855)
(0.192956 -0.19323 -0.0237655)
(0.171241 -0.170545 0.0189363)
(0.0728103 -0.073217 0.000702648)
(0.086606 -0.0856027 0.00423038)
(0.0656728 -0.0660776 -0.000842168)
(0.0609126 -0.0612843 0.000895411)
(0.428661 -0.429546 0.00303021)
(0.0540894 -0.0543187 0.000138191)
(0.0509154 -0.050163 -0.00156468)
(0.058429 -0.0583664 0.00232516)
(0.0405647 -0.0399669 0.00141552)
(0.0351973 -0.0352883 5.249e-05)
(0.0341543 -0.0343961 -0.000654142)
(0.0325809 -0.0328117 -0.000623976)
(2.77253 -1.44868 -0.00604189)
(2.77379 -1.45366 -0.0022183)
(0.0292111 -0.0293426 0.000223132)
(0.0169257 -0.0170048 -3.25935e-05)
(0.0133005 -0.0133729 0.000402634)
(2.71159 -1.46133 -0.0234807)
(0.00779942 -0.00769102 -2.0694e-05)
(2.76775 -1.46565 -0.0237719)
(2.70944 -1.38553 -0.0263236)
(0.00115698 -0.00115731 2.88229e-05)
(0.213261 -0.213721 -0.00110316)
(2.78085 -1.42609 -0.0281287)
(2.80954 -1.44427 0.028858)
(2.80339 -1.44214 -0.029589)
(2.20096 -1.14495 -0.00477399)
(2.16797 -1.13309 0.0126295)
(2.817 -1.42192 0.0290985)
(2.81773 -1.41847 -0.028135)
(2.36378 -1.26035 -0.0779609)
(2.41289 -1.29519 0.0754577)
(2.43627 -1.30462 0.0741084)
(2.47005 -1.3396 0.0240549)
(2.36553 -1.25753 -0.0776688)
(2.25672 -1.17446 0.0949176)
(2.49119 -1.31027 -0.06404)
(2.50178 -1.31473 0.0644644)
(2.51246 -1.39661 0.0283889)
(2.53748 -1.31391 0.0602276)
(2.54495 -1.30845 -0.0597756)
(2.5576 -1.31023 0.0589211)
(2.5973 -1.29208 -0.0554678)
(2.6286 -1.28285 0.0469424)
(2.62763 -1.27927 -0.0497735)
(2.63958 -1.2853 0.0445028)
(2.68223 -1.29182 -0.0360096)
)


// ************************************************************************* //
