/*--------------------------------*- C++ -*----------------------------------*\
| =========                 |                                                 |
| \\      /  F ield         | OpenFOAM: The Open Source CFD Toolbox           |
|  \\    /   O peration     | Version:  2312                                  |
|   \\  /    A nd           | Website:  www.openfoam.com                      |
|    \\/     M anipulation  |                                                 |
\*---------------------------------------------------------------------------*/
FoamFile
{
    version     2.0;
    format      ascii;
    arch        "LSB;label=32;scalar=64";
    class       vectorField;
    location    "0.40005/lagrangian/kinematicCloud";
    object      U;
}
// * * * * * * * * * * * * * * * * * * * * * * * * * * * * * * * * * * * * * //


79
(
(3.56785 0.104399 0.0467199)
(3.37868 0.0528316 0.0402645)
(3.63891 0.142821 0.0496018)
(3.63817 0.15094 -0.0591246)
(3.65551 0.276369 0.148372)
(3.65551 0.276369 0.148372)
(3.64365 0.412773 0.127299)
(3.65551 0.276369 0.148372)
(3.52293 0.248253 0.144092)
(3.74982 0.406278 0.111239)
(3.65763 0.283637 -0.146919)
(3.67641 0.284555 -0.147527)
(3.73634 0.404109 -0.110498)
(3.74982 0.406278 0.111239)
(3.32058 0.200609 -0.137265)
(3.55854 0.261929 -0.147138)
(3.55854 0.261929 -0.147138)
(3.73432 0.419276 -0.124177)
(3.4892 0.392888 0.120057)
(3.7362 0.420577 -0.123712)
(3.30871 0.192208 0.139898)
(3.4921 0.394521 -0.119776)
(3.6311 0.365263 0.0916089)
(3.55808 0.258387 0.147986)
(3.63133 0.366602 -0.0928964)
(3.6311 0.365263 0.0916089)
(3.4892 0.392888 0.120057)
(3.64996 0.371534 0.097453)
(3.28165 0.216459 -0.144531)
(3.07584 0.240591 -0.0569307)
(3.25153 0.145563 -0.0585304)
(2.82613 0.155925 0.125149)
(3.43108 0.316473 0.0812885)
(3.04608 0.231589 -0.0430327)
(3.4163 0.334546 0.0759182)
(3.39038 0.324568 -0.0759475)
(3.06497 0.254677 -0.0540033)
(3.07584 0.240591 -0.0569307)
(2.75328 0.113488 0.0358437)
(2.20215 0.086479 0.100241)
(2.03137 0.0617665 0.0332475)
(3.72617 0.826419 -0.0718908)
(3.72699 0.825632 0.0719135)
(1.38373 0.0157198 -0.0592467)
(1.08075 -0.000878298 0.0291338)
(3.72735 0.452806 -0.123343)
(3.85635 0.707253 0.15148)
(2.54817 0.153902 -0.0266418)
(3.74884 0.591158 0.132038)
(3.82844 0.790144 -0.14047)
(1.08075 -0.000878298 0.0291338)
(1.08075 -0.000878298 0.0291338)
(3.84423 0.762604 0.146618)
(1.38373 0.0157198 -0.0592467)
(1.12637 -0.066437 0.0284099)
(1.10438 -0.0493691 0.0350558)
(1.10438 -0.0493691 0.0350558)
(2.52692 -0.0124144 0.00416388)
(2.17201 -0.118275 0.0420524)
(2.66435 0.0401354 0.0201868)
(2.66435 0.0401354 0.0201868)
(0.443265 -0.0727839 -0.0248702)
(2.82088 0.0924454 0.050241)
(0.06873 -0.123705 -0.0458186)
(3.3537 0.439016 -0.151692)
(0.06873 -0.123705 -0.0458186)
(0.0633673 -0.119646 0.0448514)
(0.06873 -0.123705 -0.0458186)
(3.31742 0.426917 -0.0611118)
(3.34824 0.490599 0.154457)
(0.0633673 -0.119646 0.0448514)
(0.0633673 -0.119646 0.0448514)
(1.10102 -0.088953 0.0738663)
(1.08261 -0.00619969 -0.033366)
(1.08075 -0.000878298 0.0291338)
(0.0218086 0.147858 0.371352)
(-1.34906 -1.42513 0.0773927)
(1.57204 2.56277 0.0660101)
(1.6473 2.7847 0.0843127)
)


// ************************************************************************* //
