/*--------------------------------*- C++ -*----------------------------------*\
| =========                 |                                                 |
| \\      /  F ield         | OpenFOAM: The Open Source CFD Toolbox           |
|  \\    /   O peration     | Version:  2312                                  |
|   \\  /    A nd           | Website:  www.openfoam.com                      |
|    \\/     M anipulation  |                                                 |
\*---------------------------------------------------------------------------*/
FoamFile
{
    version     2.0;
    format      ascii;
    arch        "LSB;label=32;scalar=64";
    class       volScalarField;
    location    "0.40005";
    object      p;
}
// * * * * * * * * * * * * * * * * * * * * * * * * * * * * * * * * * * * * * //

dimensions      [0 2 -2 0 0 0 0];

internalField   nonuniform List<scalar> 
5523
(
17.8884
17.9329
17.9
17.8438
17.9862
17.9067
17.8487
17.8584
17.9072
17.9868
17.177
17.7015
17.7091
17.8537
17.9021
18.0137
17.905
17.9965
17.9145
17.8051
17.8023
17.649
17.7201
17.9337
17.9739
17.8551
18.2143
17.8493
17.8751
17.7014
17.8893
17.8837
17.8572
17.8482
17.1795
17.1951
17.7013
17.7089
17.8535
17.9019
18.0133
17.8041
17.9045
17.9959
17.9132
17.8827
17.8995
17.8486
17.8736
17.7008
17.9737
17.8431
17.8019
17.649
17.7206
18.1973
17.8559
18.2157
17.738
18.0458
17.9712
18.044
18.0599
17.8896
17.9628
18.0073
17.9981
17.9628
17.8553
17.8889
17.8995
17.8605
17.8855
17.8618
17.854
17.708
17.8299
17.7139
17.8647
17.6787
17.8453
17.7427
17.8693
17.6793
17.8721
17.7675
17.9634
17.9156
17.8925
17.9601
17.9424
17.925
17.8625
17.8913
17.9531
17.9697
17.8391
17.8512
17.8715
17.8683
17.8836
17.8145
17.8322
17.8578
17.9167
17.8688
17.863
17.9259
17.8922
17.9534
17.9707
17.9164
17.964
17.8935
17.9607
17.9431
16.9374
16.9137
17.7888
17.4634
17.4574
17.1897
17.3063
17.3978
17.7682
18.0822
18.0331
17.8868
17.704
17.7963
17.8593
17.4997
17.9666
17.4951
17.6265
17.6918
17.9351
17.7865
17.6904
17.8968
17.7743
17.6199
17.5682
17.5044
17.5832
17.5429
17.7198
17.7071
17.5473
17.4839
17.5258
17.4185
17.4804
17.5753
17.5625
17.6109
17.6343
17.6917
17.583
17.735
17.9575
18.0416
18.0318
17.983
17.9842
17.9709
17.9725
17.7833
18.0236
17.8412
17.8515
17.8346
17.9085
17.7306
17.7789
17.8265
17.803
17.859
17.854
17.814
17.6668
17.7728
17.7204
17.7353
17.7662
17.8267
17.792
17.8195
17.8661
17.7598
17.8382
17.9434
17.9201
17.8974
17.9656
17.913
17.8721
17.868
17.8662
17.8243
17.8733
17.8536
17.8235
17.8629
17.8793
17.8806
17.8158
17.8716
17.8679
17.8272
17.8286
17.8685
17.8226
17.8202
17.8669
17.8336
17.8629
17.7197
17.7841
17.7212
17.8289
17.7083
17.8092
17.7294
17.7842
17.8752
17.9477
17.852
17.8738
17.7946
17.8891
17.8004
17.8189
17.9062
17.9132
17.8131
17.7428
17.8694
17.68
17.6502
17.7927
17.6898
17.6043
17.8061
17.6344
17.6401
17.8398
17.6744
17.6406
17.8248
17.987
18.2083
18.0252
18.0952
17.7028
17.9307
17.7238
17.9681
17.7707
17.6626
17.8612
17.7234
17.7352
18.0157
17.7412
17.874
17.6062
17.8632
17.7595
17.8716
17.8785
17.7788
17.8217
17.8068
17.8675
17.8765
17.8625
17.8294
17.8439
17.8342
17.8283
17.8627
17.9426
17.8321
17.8691
17.8049
17.8195
17.8701
17.8048
17.8399
17.8269
17.8102
17.778
17.8045
17.6809
17.7832
17.7333
17.7606
17.7366
17.8197
17.5032
17.5668
17.9085
17.7787
17.8339
17.7296
17.8677
17.8237
17.8716
17.8657
17.8755
17.8614
17.8273
17.8338
17.8665
17.8284
17.8419
17.9471
17.8501
17.8742
17.888
17.8733
17.7816
17.7923
17.9297
17.968
17.7022
17.7215
18.0047
18.0019
17.9959
18.0128
17.8798
17.881
17.8913
17.9046
17.8717
17.886
17.8987
17.7619
17.7905
17.9535
17.9457
17.9617
17.9146
17.9174
17.9401
17.9208
17.8438
17.8603
17.9243
17.8787
17.8632
17.8901
17.9054
17.9337
17.9281
17.9407
17.8443
17.9216
17.8612
17.9245
17.9542
17.9625
17.9465
17.9182
17.9155
17.3526
16.917
16.2298
16.1559
17.017
17.2454
17.0219
17.2319
17.2873
17.235
17.116
17.3384
16.9569
17.2507
17.2518
17.2206
17.2448
17.4566
17.2225
17.3018
17.233
17.3295
17.2019
17.2387
17.339
17.1732
17.2454
17.2851
17.3085
17.3924
17.2878
17.3228
17.4545
17.3716
17.3219
17.5385
17.6538
17.6776
17.5377
18.0131
18.0258
17.9644
18.0283
17.9823
17.9483
18.0058
17.9983
17.9109
17.7865
17.8113
17.6094
17.7447
17.7258
17.613
17.7742
17.8223
17.842
17.7571
17.9298
17.9277
17.9088
17.9091
17.9227
17.9155
17.9322
17.9597
17.9863
17.9794
17.9546
17.9705
17.9717
17.9481
17.8321
17.8723
17.8049
17.8553
17.8734
17.8417
17.8774
17.8296
17.907
17.8673
17.8423
17.7777
17.8513
17.8292
17.7974
17.8052
17.8034
17.8279
17.7734
17.8433
17.7949
17.811
17.8197
17.8131
17.8387
17.8125
17.8817
17.9156
17.9181
17.9315
17.9151
17.9231
17.8956
17.9013
17.8849
17.8609
17.931
17.9498
17.9098
17.9283
17.6427
17.7242
17.7167
17.6805
17.677
17.7932
17.7777
17.66
17.91
17.7182
17.9962
17.7887
17.9186
17.6828
17.8922
18.4752
18.4649
18.4535
18.4788
17.9445
17.8622
17.7231
17.823
17.8661
17.723
17.9651
17.9743
17.7236
17.9336
18.1587
17.9459
18.663
18.6798
18.0206
18.4299
17.9748
18.0597
17.841
17.877
17.7608
17.884
17.811
17.8447
17.8666
17.883
17.8946
17.9269
17.8771
17.9091
17.9062
17.8681
17.7567
17.8063
17.7802
17.7891
17.709
17.7203
17.735
17.6707
17.8133
17.8314
17.9158
17.857
17.8679
17.8385
17.8506
17.8675
17.8711
17.8828
16.9374
16.9136
17.3042
17.1882
17.396
17.7883
17.4623
17.4565
17.5421
17.7064
17.5819
17.7187
17.5242
17.5741
17.5458
17.4825
17.4168
17.4788
17.6337
17.7343
17.5613
17.6095
17.6906
17.5816
18.0451
17.7373
18.0819
18.0326
17.7673
17.886
17.7958
17.8591
17.9662
17.703
17.4988
17.4941
17.6256
17.935
17.7863
17.8964
17.6911
17.6899
17.7737
17.6192
17.8027
17.8539
17.8257
17.8587
17.7725
17.7661
17.8137
17.6656
17.7194
17.7346
17.8193
17.8382
17.8255
17.7916
17.8658
17.7591
18.0438
18.0601
17.9704
17.8889
18.0419
18.0318
17.9567
17.9824
17.9705
17.9724
18.0234
17.9836
17.7827
17.8404
17.8509
17.8226
17.8786
17.8726
17.8528
17.8624
17.8714
17.8281
17.8805
17.8148
17.8664
17.8267
17.8194
17.8622
17.8665
17.822
17.8671
17.8318
18.0068
17.998
17.9622
17.9619
17.9191
17.965
17.9428
17.8967
17.9131
17.9418
17.8309
17.8616
17.8687
17.8169
17.868
17.804
17.8387
17.8035
17.8111
17.8018
17.824
17.7779
17.7821
17.818
17.7566
17.6823
17.7351
17.7327
17.8546
17.8878
17.8527
17.8627
17.8986
17.8599
17.8835
17.8708
17.8625
17.7579
17.8055
17.8188
17.8774
17.7808
17.9053
17.9124
17.8176
17.8675
17.8116
17.7981
17.7408
17.7902
17.8048
17.6814
17.648
17.6872
17.5988
17.8387
17.8222
17.6313
17.6369
17.6744
17.6385
17.8638
17.829
17.7133
17.845
17.6762
17.7068
17.7409
17.8281
17.7839
17.7202
17.8081
17.7067
17.7174
17.7287
17.8599
17.9637
18.0157
17.771
17.665
17.7235
17.735
18.0025
17.6047
17.7421
17.8771
17.6784
17.8733
17.8697
17.7658
18.212
18.0272
17.9881
18.0973
18.0103
17.8947
17.9821
18.0192
18.0409
17.9508
17.9315
18.0126
17.9838
17.9465
18.0568
18.0823
18.0294
18.0082
18.1136
18.0623
18.0834
18.0198
18.0357
18.0306
18.0597
18.0265
18.0098
17.949
17.9792
18.0735
17.9041
17.9868
17.9739
17.979
17.9803
17.988
17.9831
18.0167
18.0192
17.9803
17.991
18.0269
17.9682
17.9636
17.9774
17.9566
17.9569
17.9432
17.9494
17.951
17.9595
17.9718
17.9806
17.9552
17.964
17.9859
17.9503
17.8772
17.8764
17.862
17.8329
17.8686
17.8819
17.8439
17.8643
17.8916
17.8804
17.8953
17.8726
17.8826
17.8778
17.863
17.8492
17.887
17.851
17.8737
17.8301
17.8788
17.7999
17.7875
17.8408
17.7477
17.8684
17.8166
17.873
17.7959
17.7188
17.7966
17.8978
17.8255
17.796
17.7313
17.8859
17.8994
17.7952
17.8603
17.827
17.7547
17.8254
17.658
17.8936
17.8278
17.7417
17.8054
17.9753
17.9783
17.9551
17.9527
17.9785
17.9619
17.9868
17.9224
17.9486
17.8615
17.8796
17.8998
17.9432
17.9296
17.9128
17.9474
17.968
17.9533
17.9161
17.9574
17.9485
17.9901
17.9314
17.9625
17.901
17.978
17.8746
17.9054
17.9294
17.9005
17.8949
17.8676
17.8344
17.9296
17.9209
17.9368
17.8813
17.9508
17.9532
17.967
17.9073
17.8919
17.9572
17.9561
17.8508
17.9199
17.9213
17.9227
17.8228
17.9715
17.8738
17.8424
17.8894
17.9
17.8621
17.9296
17.8153
17.8626
17.8489
17.8331
17.8445
17.8808
17.856
17.8408
17.8952
17.8725
17.8658
17.8607
17.8388
17.8524
17.8434
17.8793
17.8867
17.9144
17.8601
17.9005
17.8838
17.8473
17.8893
17.8648
17.9217
17.9373
17.9509
17.8823
17.9542
17.9077
17.9675
17.9013
17.8956
17.8685
17.835
17.9307
17.8926
17.9583
17.8514
17.9571
17.9207
17.9235
17.9222
17.8233
17.8741
17.9723
17.8901
17.8434
17.901
17.9302
17.863
17.8633
17.8159
17.923
17.9493
17.8624
17.9006
17.8805
17.976
17.9788
17.9533
17.9556
17.9624
17.9873
17.9792
17.9436
17.9303
17.9481
17.9136
17.9169
17.9535
17.9685
17.958
17.9905
17.9491
17.9633
17.9322
17.9018
17.8756
17.9782
17.9299
17.9062
17.0693
16.8726
16.5554
16.7317
16.5195
16.7485
16.4006
16.4973
16.7432
16.9289
16.8802
16.8817
17.2877
17.2604
16.9626
16.7931
16.9704
16.8019
17.0658
17.2205
17.0187
17.2688
17.2296
17.3064
17.0391
16.9454
16.9155
17.0147
16.8329
16.8992
17.3421
17.4018
16.6987
17.2979
17.2779
17.0655
17.1162
17.2603
17.2462
17.1305
17.2507
17.1929
17.2014
17.1469
17.1569
17.1956
17.1855
17.1626
17.2064
17.0835
17.0845
17.1259
17.1951
17.2435
17.2435
17.1925
17.2351
16.9454
17.2634
17.1983
17.0922
17.1609
17.1251
17.2108
17.2077
17.2374
17.1252
17.2072
17.4537
17.3228
17.5423
17.2781
17.4966
17.449
17.542
17.4094
17.2774
17.0873
17.1876
17.1344
17.4967
17.6394
17.5482
17.5866
17.4712
17.2923
17.4019
17.3016
17.7148
17.2991
17.2888
17.5366
17.5091
17.4826
17.601
17.8257
17.7389
17.7374
17.6981
17.6821
17.7492
17.7723
17.6397
17.6242
17.8295
17.601
17.5683
17.548
17.4341
17.6296
17.4539
17.5852
17.3399
17.6917
17.0656
17.2701
17.1639
16.9611
16.9744
17.1636
17.0552
17.095
17.1108
17.0882
17.2348
17.3018
17.1521
17.2577
17.2511
17.3177
17.1323
17.3047
17.2549
17.0355
17.1795
17.0982
17.1985
17.2839
16.928
17.3387
17.2633
16.9239
17.3598
17.2272
17.4091
16.9715
17.042
17.3844
17.3569
17.3706
17.4682
17.5383
17.3901
17.3775
17.291
17.3633
17.3441
17.2084
17.2707
17.172
17.3516
17.41
17.1686
17.2891
17.1717
17.1265
17.3033
17.2194
17.6399
17.3428
17.3179
17.3397
17.9165
17.8086
17.9654
18.0403
18.071
18.0156
18.0003
18.0648
18.0403
17.8265
18.0198
17.9493
17.7592
17.8206
17.5674
17.697
17.6984
17.9083
17.5757
17.8257
17.7825
17.8646
17.7434
17.911
17.8159
17.6966
17.8131
17.9335
17.867
18.0455
17.8836
17.8241
17.972
17.7657
17.5511
17.6247
17.4369
17.6947
17.6462
17.5367
17.9759
17.7564
17.7434
17.7093
17.8265
17.8747
17.7973
18.0384
17.874
17.9394
17.9927
18.0652
17.9327
17.9394
17.5166
17.5024
17.6352
17.5954
17.6114
17.6677
17.7488
17.6774
17.652
17.6847
17.6746
17.6119
17.5925
17.5983
17.4265
17.4863
17.525
17.4865
17.4646
17.4564
17.4686
17.4361
17.5206
17.4353
17.1936
17.3817
17.4363
17.4292
17.3796
17.4905
17.5503
17.3788
17.318
17.474
17.3948
17.3232
17.2899
17.4539
17.3424
17.5079
17.4985
17.801
17.5265
17.5889
17.5058
17.5108
17.5961
17.6174
17.5435
17.5798
17.6113
17.5933
17.5535
17.664
17.6915
17.6431
17.7324
17.7463
17.6418
17.6752
17.4584
17.6282
17.5676
17.4554
17.5978
17.5797
17.6077
17.6808
17.6318
17.5772
17.5905
17.9936
18.0053
17.9571
17.9785
18.0017
18.0277
17.9598
18.026
18.0094
18.0257
18.0573
18.0114
18.0242
18.0434
17.9638
17.9827
18.0445
18.0485
18.0202
18.052
18.0164
18.0492
18.0753
17.9872
17.9648
18.0103
17.963
17.9839
17.9988
17.9658
17.8267
17.833
17.7842
17.8171
17.8232
17.8164
17.8201
17.7351
17.7519
17.77
17.7056
17.7214
17.7647
17.8134
17.7582
17.8046
17.7573
17.7951
17.7825
17.7583
17.8715
17.8384
17.7778
17.7954
17.8356
17.8444
17.8462
17.8414
17.8499
17.8528
17.8348
17.8603
17.8455
17.851
17.8391
17.8254
17.8578
17.9237
17.8395
17.8093
17.8797
17.8518
17.8614
17.8535
17.8667
17.8593
17.8422
17.802
17.8212
17.8545
17.7797
17.73
17.8235
17.8079
17.7488
17.8149
17.7013
17.707
17.7673
17.7328
17.7023
17.6804
17.773
17.805
17.6808
17.7922
17.7561
17.8133
17.793
17.8509
17.7458
17.8055
17.8575
17.8414
17.813
17.8613
17.8702
17.8206
17.8495
17.7259
17.8231
17.8029
17.7364
17.8347
17.7896
17.7904
17.8559
17.8227
17.7895
17.8355
17.9527
17.9205
17.9538
17.9473
17.9598
17.9244
17.9097
17.8931
17.918
17.9043
17.8961
17.9143
17.9197
17.927
17.9374
17.9041
17.9353
17.9041
17.9248
17.8601
17.8806
17.8704
17.8793
17.866
17.7665
17.8777
17.8373
17.8329
17.8961
17.8567
17.8224
17.8217
17.8584
17.8409
17.8856
17.8681
17.8814
17.859
17.8622
17.8676
17.8778
17.8726
17.8698
17.8846
17.8641
17.8594
17.8461
17.8053
17.8725
17.8735
17.8374
17.8624
17.8895
17.8518
17.8734
17.8507
17.8772
17.8733
17.8552
17.8278
17.789
17.932
17.8548
17.8253
17.8787
17.8605
17.819
17.8382
17.8807
17.8687
17.8562
17.8428
17.8427
17.8804
17.8512
17.843
17.8558
17.8964
17.8383
17.8631
17.8672
17.8362
17.8074
17.8583
17.8456
17.8536
17.882
17.8372
17.8193
17.8455
17.8663
17.8283
17.8118
17.8234
17.8488
17.7854
17.8681
17.8354
17.8625
17.8424
17.8685
17.8462
17.8499
17.8453
17.8262
17.8245
17.8653
17.8521
17.8376
17.8246
17.7835
17.8411
17.8179
17.8135
17.8397
17.8462
17.8305
17.8615
17.8375
17.8329
17.8608
17.7911
17.7908
17.8203
17.856
17.7878
17.7819
17.8607
17.9076
17.9343
17.9471
17.9369
17.9417
17.932
17.8972
17.8363
17.879
17.8127
17.8482
17.8747
17.7956
17.8453
17.8511
17.8013
17.9014
17.8626
17.8796
17.8466
17.8127
17.8939
17.8435
17.8161
17.8071
17.8523
17.8202
17.8849
17.9144
17.9608
17.9214
17.9462
17.9476
17.9645
17.9158
17.8737
17.8293
17.8278
17.8978
17.9027
17.8343
17.8412
17.8554
17.8197
17.8898
17.9079
17.8842
17.8602
17.814
17.7044
17.7792
17.7574
17.7955
17.7756
17.7353
17.7333
17.6627
17.7217
17.7273
17.6264
17.724
17.7358
17.7978
17.7959
17.7817
17.7528
17.6955
17.7427
17.831
17.7692
17.8644
17.8628
17.7736
17.7266
17.6296
17.7511
17.7482
17.664
17.7019
17.7563
17.8291
17.8024
17.8182
17.7465
17.725
18.0305
17.9165
18.0506
18.0159
17.9683
17.8974
18.1424
18.2459
18.2212
18.3093
18.3713
18.3957
18.3141
18.19
18.0479
18.0843
18.0182
18.16
18.1055
18.0507
18.0704
18.1673
17.8418
17.747
17.8696
17.7464
17.8976
17.7543
17.8437
17.834
17.9629
17.8542
17.9458
17.6854
17.9032
17.8372
17.8032
17.7067
17.7952
17.8752
17.7304
17.8821
17.8382
17.8212
17.8257
17.9211
18.049
17.8794
17.77
17.9014
17.8057
17.8669
17.8965
17.7745
17.8103
17.7855
17.9149
17.8723
17.8014
17.818
17.8793
17.8197
17.9735
17.9413
17.8158
17.8309
18.0375
17.7869
17.7423
17.8675
17.8112
17.9426
17.9849
18.1959
18.2467
17.9745
18.0531
17.9855
18.1333
17.8836
18.0791
17.8836
17.9369
17.8706
17.9309
17.8624
18.0617
17.8105
17.8877
17.8386
18.1977
18.0219
18.0016
17.8327
17.8576
18.5838
18.5099
18.2383
18.0841
18.2916
18.3577
17.8042
17.8477
17.8694
17.8488
17.7903
17.8596
17.8563
17.7925
17.8638
17.8632
17.8669
17.8457
17.8468
17.82
17.8464
17.8804
17.8443
17.8594
17.8363
17.8459
17.8761
17.8631
17.9671
17.8373
17.8264
17.8851
17.897
17.8441
17.839
17.8709
17.8446
17.8257
17.8188
17.8567
17.8291
17.8693
17.869
17.8298
17.8218
17.8514
17.8986
17.8394
17.8534
17.8387
17.8611
17.8174
17.8825
17.8317
17.8329
17.8571
17.8746
17.8986
17.8956
17.8559
17.8737
17.8732
17.8441
17.8547
17.7984
17.8501
17.8781
17.8308
17.8163
17.8274
17.8488
17.8921
17.8498
17.8608
17.8055
17.8733
17.8285
17.8934
17.8213
17.8226
17.8395
17.8482
17.8069
17.8029
17.8341
17.8233
17.8106
17.8069
17.8241
17.8076
17.767
17.7575
17.7798
17.7333
17.8007
17.8282
17.7879
17.7955
17.8173
17.8066
17.7776
17.7524
17.7731
17.7482
17.8031
17.7869
17.7247
17.7704
17.7037
17.7553
17.7356
17.7394
17.7499
17.7937
17.7868
17.8019
17.7811
17.767
17.7759
17.8719
17.8043
17.8315
17.8547
17.7595
17.8831
17.8099
17.8401
17.876
17.8437
17.8656
17.9173
17.9306
17.9145
17.9143
17.9223
17.8809
17.8943
17.9438
17.861
17.9329
17.9045
17.927
17.8624
17.8783
17.8893
17.3529
16.9183
17.2351
17.2872
17.1144
17.3375
16.9565
17.2184
17.2491
17.2392
17.2503
17.4561
17.2207
17.2436
16.1559
16.2301
17.2451
17.0217
17.017
17.2318
17.3376
17.1707
17.2368
17.2695
17.2683
17.2435
17.3063
17.3905
17.2834
17.2863
17.4236
17.2327
17.3292
17.3017
17.2018
17.4526
17.3695
17.3216
17.4913
17.3207
17.6534
17.677
17.5382
17.5375
17.786
17.8107
17.7447
17.726
17.6092
17.6128
17.8225
17.8423
17.7737
17.7564
18.0131
18.025
18.0276
17.9819
18.0052
17.9633
17.9483
17.9975
17.91
17.8766
17.8287
17.9062
17.8725
17.8408
17.8414
17.8664
17.8513
17.8291
17.7768
17.7966
17.8025
17.8267
17.8037
17.773
18.0017
17.9958
18.0039
18.0119
17.9272
17.9083
17.9223
17.929
17.9083
17.9314
17.9147
17.9853
17.9785
17.9696
17.9589
17.9536
17.9701
17.9479
17.926
17.8761
17.8937
17.9081
17.8817
17.8673
17.905
17.8046
17.7791
17.7567
17.7874
17.7195
17.7318
17.7043
17.6772
17.8804
17.8908
17.8711
17.8789
17.9038
17.8851
17.8979
17.8595
17.9304
17.8839
17.9491
17.9088
17.9002
17.9276
17.7201
17.716
17.6511
17.6746
17.7924
17.7744
17.6692
17.6584
17.8188
17.7945
17.8108
17.8117
17.8129
17.8423
17.8379
17.8208
17.8662
17.7239
17.7067
17.717
17.7244
18.1292
18.1588
17.9652
17.9782
17.9474
17.9348
17.762
17.7898
17.7191
17.9977
17.9193
17.9104
17.7899
17.6829
17.8941
18.4667
18.4552
18.4759
18.4799
18.4308
18.0226
18.0638
17.9763
18.6649
18.6808
17.5015
17.5158
17.7697
17.7053
17.7346
17.7514
17.721
17.7581
17.8714
17.8383
17.7947
17.7821
17.7773
17.795
17.8262
17.8167
17.8323
17.7832
17.8159
17.8195
17.8223
17.7641
17.7575
17.8125
17.7567
17.8037
17.7656
17.8772
17.8653
17.8366
17.8958
17.822
17.8212
17.8323
17.8561
17.8578
17.8403
17.8046
17.872
17.873
17.8587
17.8454
17.8367
17.8617
17.8593
17.88
17.8786
17.8698
17.8848
17.8675
17.8582
17.8808
17.8614
17.872
17.867
17.8771
17.8838
17.8633
17.8692
17.9665
17.8253
17.8842
17.862
17.8363
17.896
17.8432
17.8699
17.8247
17.8178
17.8382
17.8433
17.8557
17.8282
17.8377
17.8598
17.8815
17.8522
17.8167
17.8311
17.8314
17.8451
17.8794
17.8433
17.8586
17.8447
17.875
17.8353
17.8684
17.8287
17.821
17.8681
17.8977
17.8385
17.8506
17.9335
17.9362
17.9464
17.9408
17.9309
17.9064
17.8966
17.8776
17.8469
17.8738
17.8357
17.8103
17.8433
17.7955
17.9005
17.8606
17.8781
17.8488
17.8012
17.8456
17.8097
17.9625
17.9454
17.6833
17.8327
17.8524
17.9019
17.8363
17.7529
17.8427
17.9205
18.0491
17.8197
17.825
17.8782
17.8417
17.8694
17.7461
17.897
17.7457
17.8025
17.8735
17.7941
17.7059
17.8815
17.8379
17.7293
17.8514
17.8424
17.8591
17.8995
17.8828
17.8783
17.8858
17.9136
17.8883
17.8463
17.8638
17.8481
17.8326
17.8402
17.8944
17.8719
17.844
17.88
17.8552
17.8599
17.8652
17.8382
17.069
16.8736
17.2978
17.064
17.2772
17.2655
17.1172
17.2595
16.8994
16.8319
17.3418
17.4015
16.6984
17.245
17.2488
17.1295
17.192
17.1451
17.2006
17.1235
17.1931
17.2421
17.1335
17.1923
17.2428
16.9415
17.2624
17.2338
17.155
17.1933
17.1834
17.1613
17.082
17.0821
17.2047
17.1965
17.0899
17.1588
17.2062
17.124
17.2099
17.2055
17.1238
17.2353
16.4009
16.4983
16.7315
16.5195
16.5555
16.7484
16.7433
16.9289
16.882
16.8799
17.2873
17.2603
16.7929
16.9703
16.9626
16.8019
17.0651
17.2195
17.018
17.2679
17.2286
17.3057
17.0385
16.9452
17.0143
16.9152
17.2999
17.1495
17.2329
17.2559
17.1296
17.3028
17.2493
17.316
17.2967
17.2531
16.9244
17.3367
17.2822
17.2615
17.0635
17.2683
16.9589
17.162
16.9721
17.1614
17.053
17.0925
17.1084
17.0861
17.0332
17.1774
17.0959
17.1965
17.3549
17.4665
17.5367
17.3829
17.3692
17.3887
17.3761
17.342
17.206
17.2894
17.3617
17.2689
17.3952
17.2169
17.6388
17.3407
17.3016
17.3163
17.338
16.9217
17.358
17.2257
16.9697
17.0398
17.4074
17.1704
17.1672
17.3498
17.4081
17.1701
17.2873
17.1249
17.4486
17.5416
17.4965
17.4094
17.639
17.5477
17.4967
17.5866
17.4527
17.3214
17.2768
17.5413
17.2765
17.0864
17.1868
17.1334
17.4702
17.291
17.401
17.3004
17.825
17.7384
17.6974
17.6012
17.7375
17.6822
17.7494
17.6394
17.6238
17.829
17.7723
17.601
17.5683
17.7138
17.298
17.2875
17.4813
17.5357
17.5081
17.5472
17.6286
17.4331
17.4528
17.3388
17.5843
17.6909
17.7483
17.6671
17.6768
17.5917
17.6112
17.5976
17.5946
17.634
17.6106
17.6839
17.6509
17.6739
17.5189
17.1913
17.3798
17.4349
17.434
17.428
17.4351
17.4889
17.5487
17.3787
17.5582
17.378
17.8004
17.5251
17.5876
17.5069
17.4976
17.5048
17.5099
17.4257
17.4856
17.4848
17.5234
17.4555
17.4679
17.4629
17.3169
17.322
17.4723
17.3929
17.3414
17.2887
17.4519
17.691
17.7319
17.7458
17.6635
17.6426
17.6412
17.6748
17.6272
17.5665
17.458
17.4548
17.6068
17.6799
17.631
17.5973
17.5789
17.5765
17.5898
17.5954
17.579
17.6163
17.5422
17.5924
17.5529
17.6101
17.9829
17.8942
18.0399
18.0716
18.0162
18.0644
18.001
18.0408
17.9159
17.8078
17.9646
18.0186
17.8257
17.9484
17.7819
17.8641
17.9103
17.8262
17.7436
17.697
17.8163
17.8665
18.0447
17.8828
17.8136
17.9339
17.8244
17.9728
17.7585
17.82
17.5665
17.6965
17.5751
17.6977
17.9076
17.7648
17.6239
17.5501
17.4361
17.6455
17.5359
17.6939
17.9391
17.9921
18.0647
18.0388
17.8743
17.9328
17.9401
17.9752
17.7557
17.7427
17.7087
17.7967
17.8257
17.8741
17.8388
17.8575
17.9237
17.8505
17.8249
17.8088
17.839
17.8544
17.7795
17.7296
17.8015
17.8208
17.8231
17.8075
17.835
17.8408
17.8436
17.8456
17.8521
17.8343
17.8492
17.8598
17.8448
17.8791
17.8531
17.8513
17.8609
17.8417
17.8587
17.866
17.8148
17.7067
17.7672
17.7484
17.7008
17.7018
17.7324
17.7735
17.8054
17.6801
17.6806
17.8133
17.793
17.851
17.7919
17.7558
17.7454
17.8052
17.8414
17.8612
17.8703
17.857
17.8125
17.82
17.849
17.8236
17.8033
17.7254
17.7361
17.7903
17.856
17.8227
17.8343
17.7892
17.789
17.8352
18.0822
18.0082
18.0558
18.0297
18.1133
18.02
18.0357
18.0305
18.0613
18.0825
18.0584
18.0262
18.0177
18.0395
17.9499
17.9307
17.9455
18.0113
17.9825
18.0082
17.978
17.9481
17.9034
18.0719
18.0092
18.0256
18.0111
18.0249
18.0564
18.0421
18.0232
18.0201
18.0523
18.0163
18.0432
18.0473
18.0479
18.0742
17.9926
18.004
17.9563
17.9779
17.959
18.0007
18.0267
17.9632
17.9821
17.9863
18.0098
17.9641
17.9623
17.9649
17.9978
17.9832
17.788
17.9314
17.854
17.827
17.8778
17.8244
17.8181
17.8799
17.8679
17.8596
17.8374
17.8421
17.8551
17.8665
17.8354
17.8066
17.8375
17.8622
17.8575
17.8448
17.8887
17.8509
17.8727
17.85
17.8543
17.8763
17.8726
17.8418
17.8798
17.8504
17.8956
17.842
17.8551
17.8819
17.8189
17.8452
17.8529
17.8366
17.8276
17.8656
17.8229
17.8484
17.8108
17.7845
17.862
17.8419
17.868
17.8671
17.8348
17.8454
17.8491
17.8252
17.8644
17.851
17.8439
17.8241
17.8366
17.8238
17.8403
17.8172
17.7827
17.8122
17.8298
17.8607
17.8367
17.8388
17.8453
17.8322
17.8597
17.9737
17.9787
17.9858
17.9795
17.9825
18.0169
17.9799
17.9871
18.0179
17.9899
18.0262
17.9677
17.9628
17.956
17.9767
17.9562
17.9425
17.9502
17.9489
17.9586
17.9797
17.9713
17.9541
17.9494
17.9629
17.9855
17.9199
17.9534
17.9469
17.9519
17.9235
17.9589
17.9092
17.8926
17.9173
17.9038
17.9138
17.9191
17.8958
17.9265
17.9367
17.9034
17.9035
17.9241
17.9347
17.8736
17.8946
17.8549
17.8562
17.8975
17.872
17.8728
17.8537
17.8484
17.8769
17.8425
17.7981
17.8302
17.8142
17.8923
17.8201
17.8384
17.8278
17.8208
17.8468
17.8062
17.8261
17.8909
17.8476
17.8489
17.8722
17.8597
17.8044
17.8326
17.8097
17.8057
17.8021
17.8221
17.8073
17.8223
17.7564
17.7777
17.7647
17.7349
17.8268
17.7942
17.8155
17.7985
17.7882
17.8052
17.7773
17.7716
17.8011
17.7842
17.7487
17.7494
17.7678
17.7263
17.7526
17.7345
17.7068
17.7363
17.7926
17.7996
17.7796
17.7501
17.7849
17.7676
17.773
17.8757
17.8322
17.8681
17.8764
17.8611
17.8811
17.8429
17.8636
17.8909
17.8796
17.8946
17.8769
17.8719
17.8821
17.8625
17.8488
17.8505
17.8863
17.8782
17.8731
17.8299
17.847
17.8484
17.7895
17.8031
17.8686
17.8554
17.8589
17.7919
17.8622
17.8629
17.8662
17.8459
17.8191
17.8452
17.9603
17.9453
17.9203
17.947
17.964
17.9137
17.9146
17.8282
17.8964
17.9015
17.8718
17.8269
17.84
17.8321
17.8424
17.8147
17.8512
17.8932
17.806
17.8841
17.8192
17.8885
17.9069
17.8833
17.8542
17.8167
17.8578
17.8131
17.7759
17.7943
17.7736
17.7075
17.7539
17.7364
17.7286
17.7202
17.7227
17.6504
17.6271
17.7952
17.7937
17.7781
17.7162
17.7357
17.7474
17.6979
17.83
17.8625
17.8601
17.7389
17.7677
17.7691
17.7258
17.7467
17.7465
17.6254
17.6503
17.8276
17.7984
17.8158
17.7001
17.7495
17.7447
17.7177
17.7902
17.8194
17.7812
17.7907
17.8554
17.86
17.7874
17.8998
17.8662
17.8964
17.77
17.8026
17.8095
17.7712
17.8858
17.9155
17.871
17.7825
17.7821
17.7688
17.8027
17.8187
17.9738
17.9406
17.8163
17.879
17.814
17.8312
18.0798
17.8845
18.0589
17.9362
17.9318
17.8853
17.8461
17.8611
17.8754
18.1991
18.022
18.0021
17.888
17.8379
17.8332
17.8572
18.039
17.8686
17.7888
17.743
17.9451
17.9856
17.8127
18.1976
18.2467
17.9766
17.7553
17.9885
18.1342
18.0528
18.0622
17.8117
17.7953
17.7309
17.8731
17.7964
17.797
17.8163
17.7168
17.8972
17.8253
17.7952
17.8611
17.8859
17.8997
17.826
17.8002
17.788
17.8402
17.8686
17.7473
17.7545
17.8933
17.6567
17.8251
17.8052
17.8276
17.7416
18.2234
18.2471
18.0864
18.0198
18.1616
18.1903
18.0491
18.1069
18.0508
18.0318
17.9177
18.0518
18.0167
18.1433
17.9697
17.8981
18.3106
18.3718
18.3965
18.315
18.0718
18.1684
18.2389
18.0879
18.3591
18.2936
18.5843
18.5109
17.7596
17.8634
17.8245
17.8515
17.733
17.8841
17.8367
17.9525
17.9332
17.9597
17.9084
17.9587
17.9298
17.9381
17.6465
17.6458
17.5897
17.6518
17.6282
17.6621
17.5808
17.6129
17.6421
17.6809
17.682
17.5988
17.6142
17.6302
17.8429
17.8512
17.7597
17.8614
17.831
17.7776
17.8587
17.8697
17.8741
17.8754
17.8363
17.829
17.8227
17.8469
17.6939
17.7163
17.7202
17.7677
17.7727
17.751
17.7852
17.9326
17.9586
17.9575
17.951
17.9087
17.9301
17.937
17.8605
17.8505
17.7591
17.8304
17.8421
17.8578
17.7766
17.8684
17.8276
17.8219
17.8374
17.872
17.874
17.8491
17.6933
17.7712
17.7495
17.7666
17.7236
17.7221
17.7817
17.8506
17.8627
17.8238
17.7326
17.8831
17.7588
17.8358
17.6445
17.5893
17.6275
17.6477
17.6489
17.6626
17.5805
17.6425
17.6798
17.5986
17.6128
17.6837
17.6147
17.6279
17.9475
17.9702
17.9345
17.9527
17.9386
17.9613
17.9434
17.969
18.0038
17.9556
17.9856
17.9641
17.9601
17.9932
17.7306
17.8481
17.8995
17.8495
17.8552
17.785
17.8247
17.3448
17.3925
17.3732
17.3812
17.2916
17.1099
17.3436
17.148
17.3653
17.4978
17.3285
17.4784
17.3538
17.2193
17.3925
16.9562
17.0648
17.1426
16.9714
17.0617
17.0627
16.833
16.582
17.1331
16.9768
16.8351
17.2964
17.029
17.9926
18.0985
17.9384
17.9574
18.0123
17.9316
18.1234
17.9298
17.7731
17.8707
17.8935
17.8356
17.7995
18.0705
17.6501
17.6417
17.7098
17.6534
17.621
17.657
17.686
18.2527
18.0438
17.8802
17.9803
18.1464
17.9663
18.0536
18.2269
17.7535
17.9064
17.8873
17.8983
18.0036
18.0038
17.7518
17.7776
17.7089
17.7227
17.7304
17.8473
17.6614
17.9099
17.9465
17.9322
17.9588
17.9338
17.9662
17.9074
17.9229
17.9699
17.9471
17.9881
17.9202
17.9501
17.9917
17.8809
17.8689
17.8714
17.8685
17.8777
17.863
17.8759
17.855
17.8747
17.8732
17.8765
17.8586
17.8747
17.8698
17.7996
17.8997
17.8197
17.802
17.7778
17.8522
17.9145
17.776
17.8842
17.7742
17.9131
17.812
17.8838
17.8277
17.8035
17.8895
17.8835
17.8465
17.777
17.9131
17.8682
17.8763
17.8566
17.8946
17.8464
17.923
17.8256
17.9231
17.8812
17.734
17.708
17.892
17.6258
17.8581
17.8918
17.8304
17.8475
17.8695
17.7991
17.7628
17.8538
17.8547
17.8707
17.8778
17.8704
17.7933
17.8893
17.8173
17.8466
17.8801
17.8676
17.8683
17.8708
17.8621
17.8751
17.8771
17.8885
17.8821
17.9118
17.8026
17.8457
17.8673
17.7762
17.8405
17.9778
17.9112
17.9032
17.8194
17.7404
17.6032
17.9401
18.013
17.9174
18.0377
17.9455
17.7319
17.692
17.0624
16.969
17.1408
17.0593
16.8311
17.0606
16.5813
16.9743
17.1313
17.0267
17.2947
16.8329
17.3923
17.3729
17.3447
17.381
17.2907
17.1087
17.1469
17.3426
17.4975
17.3285
17.365
17.4783
17.3527
17.2182
16.955
17.3915
17.6494
17.6525
17.6407
17.7086
17.6562
17.62
17.6852
18.0982
17.938
18.0119
17.9929
17.9571
17.9318
18.1233
17.929
17.8697
17.7724
17.8929
17.7989
17.8348
18.0694
17.7509
17.7219
17.7765
17.708
17.6605
17.7297
17.8461
18.0437
17.8808
18.1466
18.2516
17.9804
18.0537
17.9653
18.2252
17.9055
17.7534
17.8867
18.0026
18.003
17.8966
17.8538
17.8756
17.8739
17.8721
17.8738
17.8682
17.8577
17.9551
17.9851
17.9634
17.9681
18.003
17.9592
17.9921
17.9466
17.9698
17.9336
17.9519
17.9425
17.9377
17.9606
17.9464
17.9878
17.9195
17.9219
17.9689
17.9492
17.9909
17.9089
17.9459
17.9314
17.9579
17.9063
17.933
17.9654
17.8766
17.8698
17.8694
17.7926
17.8165
17.8883
17.8458
17.8469
17.83
17.8688
17.7988
17.8533
17.854
17.7629
17.8454
17.8937
17.9223
17.8753
17.8555
17.9225
17.8245
17.8474
17.8981
17.8541
17.7307
17.8489
17.7845
17.8243
17.8992
17.8012
17.819
17.9136
17.7771
17.7985
17.8509
17.9123
17.7733
17.8831
17.7756
17.8835
17.827
17.8116
17.8817
17.8925
17.7348
17.7067
17.8593
17.891
17.6257
18.0149
17.9182
17.9402
17.6929
18.0387
17.9452
17.7312
17.8411
17.979
17.9115
17.7405
17.9044
17.8198
17.6032
17.8941
17.8951
17.8943
17.9124
17.9141
17.9152
17.8762
17.875
17.8761
17.9129
17.9145
17.9156
15.8479
15.8688
15.8583
15.7688
15.8048
15.788
17.8757
17.8745
17.8756
15.8479
15.8688
15.8583
15.769
15.8049
15.7881
17.6994
17.7128
17.9829
18.0063
17.9974
17.9936
18.0028
17.998
17.86
17.8631
17.8972
17.897
17.9021
17.8907
17.9053
17.8997
17.9018
17.9325
17.9281
17.9295
17.8526
17.8479
17.8493
17.8631
17.8581
17.8728
17.8734
17.8726
17.8896
17.887
17.8857
17.8847
17.8405
17.8725
17.8696
17.9292
17.9305
17.9333
15.1506
16.3046
16.3343
15.8024
16.6984
16.2131
16.3058
16.3406
16.6831
17.7371
17.7434
18.0111
18.0251
18.0184
17.975
17.9883
17.983
17.8468
17.853
17.5652
17.5779
17.7054
17.7207
17.809
17.8403
17.8005
17.8642
17.826
17.8272
17.8558
17.8038
17.7896
17.7722
17.7748
17.7725
17.783
17.7859
17.7621
17.7742
17.712
17.8548
17.8176
17.8109
17.8117
17.8448
17.8329
17.8315
17.7704
17.7753
17.7756
17.7703
17.7735
17.7812
17.7874
17.5638
17.7197
17.861
17.7114
17.9881
17.9918
17.99
17.8758
17.8763
17.8757
17.9005
17.9011
17.9005
17.8829
17.883
17.8826
17.7895
17.7838
17.7842
17.9426
17.9445
17.9461
17.9233
17.9256
17.9265
17.9274
17.9289
17.9305
17.8846
17.8848
17.8845
17.8883
17.8876
17.8886
17.9432
17.9451
17.9467
17.9241
17.9264
17.9273
15.4861
15.4885
15.4845
15.9145
15.9425
15.928
16.1301
16.1812
16.1612
15.845
15.8855
15.8669
16.0402
16.0987
16.0777
16.871
16.9079
16.8941
16.8605
16.9009
16.8868
17.6416
17.6538
17.7214
17.7101
17.8108
17.8145
17.8359
17.8385
17.841
17.845
17.814
17.8181
17.7853
17.7899
17.7869
17.8132
17.8176
17.8147
17.7147
17.7154
17.7144
17.7058
17.7068
17.7055
17.7341
17.748
17.7562
17.7579
18.4543
18.4606
18.4594
18.4702
18.4757
18.4747
17.8075
17.7887
18.6537
18.6582
18.6579
18.7246
18.7281
17.7909
17.7951
17.7923
17.7667
17.7677
17.7674
17.7106
17.7114
17.7104
17.7254
17.7261
17.7251
17.8396
17.8716
17.8686
17.852
17.8473
17.8487
17.8623
17.8574
17.8887
17.886
17.8723
17.8729
17.872
17.8847
17.8838
16.6985
16.2141
16.3048
16.3341
15.1509
15.8062
16.683
16.3065
16.3411
17.5767
17.7044
17.9823
18.0057
17.9968
17.6988
17.7122
18.0109
18.0249
18.0182
17.9745
17.9878
17.9826
17.7364
17.7426
17.8462
17.8524
17.9933
18.0025
17.9977
17.8593
17.8624
17.831
17.8261
17.9065
17.9009
17.9031
17.9024
17.891
17.8301
17.8544
17.8447
17.9134
17.941
17.9302
17.9968
17.9993
17.9994
17.9551
17.9538
18.0174
18.0144
18.0166
17.9397
17.9411
18.042
18.0471
18.0448
17.9893
17.9974
17.9935
17.93
17.9377
17.9347
17.9703
17.9737
17.972
17.9578
17.9594
17.9588
17.9472
17.9487
17.9481
17.8848
17.882
17.8824
17.8924
17.8893
17.8899
17.8866
17.8873
17.8869
17.8788
17.8783
17.8678
17.8681
17.8678
17.8949
17.892
17.8805
17.8779
17.8785
17.801
17.7984
17.7987
17.8249
17.8158
17.8196
17.8712
17.8664
17.8172
17.807
17.9302
17.9249
17.9269
17.9074
17.9035
17.9041
17.9058
17.9043
17.9044
17.9059
17.9323
17.9339
17.9443
17.9454
17.9494
17.9596
17.9587
17.9614
17.9773
17.9763
17.9789
17.9297
17.9311
17.9348
17.8781
17.8754
17.8763
17.8613
17.8571
17.8584
17.8463
17.8415
17.8432
17.8557
17.8549
17.8547
17.8808
17.8818
17.8809
17.8666
17.8648
17.8661
17.8996
17.8985
17.8693
17.8691
17.8688
17.869
17.867
17.891
17.8511
17.945
17.9461
17.9501
17.9596
17.9587
17.9614
17.93
17.9313
17.9351
17.9778
17.9768
17.9794
17.9042
17.9049
17.9066
17.9051
17.9052
17.9068
17.8785
17.8757
17.8766
17.8971
17.8684
15.7333
15.7304
15.2481
16.0113
16.0476
16.0285
16.0945
16.1067
15.2213
16.1847
16.1883
16.47
16.6273
16.3864
16.4289
16.413
16.7123
16.7084
16.7107
16.3356
16.3827
16.3657
16.7103
16.7142
16.7132
16.2864
16.3441
16.3191
15.97
16.0136
15.992
16.9718
16.9708
16.9699
16.7407
16.75
16.7451
16.9924
16.9869
16.9871
16.7523
16.7618
16.7574
16.9632
16.9915
16.9797
16.9486
16.9687
17.0634
17.3872
17.4061
17.3971
17.4566
17.467
17.4618
17.4524
17.4645
17.4591
17.4081
17.4268
17.4178
17.8599
17.8705
17.8667
17.7879
17.7916
17.9862
17.9985
17.9928
18.0148
18.0259
18.0206
17.9483
17.9592
17.9546
18.0086
18.0228
18.0164
17.8065
17.8094
17.9515
17.9628
17.9584
17.6295
17.6445
17.5216
18.0024
17.9992
18.001
17.9583
17.9575
18.0015
17.9997
18.001
17.9636
17.9623
17.8311
17.8111
17.839
17.8466
17.7587
17.7901
17.8396
17.8727
17.9014
17.8257
17.8233
17.7958
17.798
17.893
17.869
17.9055
17.8248
17.8519
17.8253
17.8235
17.825
17.8452
17.8465
17.8673
17.849
17.8483
17.8955
17.8907
17.8047
17.8084
17.8586
17.8386
17.8418
17.8295
17.8337
17.8311
17.8067
17.8109
17.8082
17.8334
17.8653
17.8655
17.8306
17.8323
17.8468
17.8243
17.8256
17.8374
17.8543
17.8132
17.8223
17.8353
17.8706
17.7647
17.766
17.765
17.7668
17.7787
17.7704
17.7582
17.7596
17.7582
17.7136
17.7143
17.7126
17.715
17.7161
17.7147
17.7827
17.7823
17.7598
17.7714
17.763
17.7694
17.7703
17.7687
17.7462
17.7648
17.8288
17.7198
17.7322
17.7237
17.7314
17.7316
17.7992
17.7929
17.7912
17.7651
17.7776
18.2669
18.2694
18.2706
18.3875
18.3855
18.315
18.3166
18.3182
18.1094
18.105
18.109
17.9042
17.9946
18.5828
18.5818
18.6383
18.6303
18.5706
18.5767
18.0969
18.1546
17.8269
17.8487
17.8358
17.8425
17.8392
17.8527
17.7899
17.8044
17.8209
17.823
17.7903
17.7928
17.7998
17.7978
17.7993
17.7412
17.7426
17.7417
17.7647
17.7662
17.7655
17.8042
17.8075
17.7748
17.7787
17.7761
17.7936
17.7982
17.7955
17.7557
17.7573
17.7563
17.7823
17.7854
17.7699
17.7729
17.7704
17.7422
17.7432
17.7423
17.7222
17.7232
17.7222
17.7543
17.7606
17.7801
17.7839
17.7812
17.7608
17.7644
17.7618
17.8875
17.8868
17.8878
17.8841
17.8843
17.8839
15.9146
15.9425
15.9281
15.4864
15.4887
15.4848
15.5666
15.57
15.5662
15.8451
15.8855
15.8669
16.0401
16.0987
16.0776
16.1304
16.1815
16.1615
16.8604
16.9007
16.8866
16.8708
16.9077
16.894
18.0085
18.0099
18.009
17.9872
17.991
17.9891
17.8212
17.8202
17.8184
18.456
18.4624
18.4612
18.4712
18.4767
18.4758
18.6559
18.6604
18.6601
18.7265
18.7301
17.8304
17.8103
17.8382
17.8704
17.7491
17.8901
17.8502
17.8604
17.8563
17.8575
17.8457
17.8409
17.8427
17.8659
17.8641
17.8654
17.8987
17.8976
17.8552
17.8543
17.8542
17.88
17.881
17.8801
17.8681
17.8662
17.8685
17.8684
17.868
16.4705
16.6277
16.0119
16.048
16.0289
16.0963
16.1084
15.6203
15.6345
15.6251
15.7333
15.7304
15.2483
15.8164
15.8101
16.1843
16.1877
15.2237
15.8459
15.8382
17.0621
17.1726
15.9707
16.0141
15.9926
16.2866
16.3443
16.3194
16.7124
16.7084
16.7107
16.3358
16.3828
16.3658
16.3865
16.429
16.4132
16.7101
16.714
16.7131
17.1727
17.2222
17.2026
16.7405
16.7499
16.745
16.9922
16.9866
16.9868
16.9717
16.9707
16.9698
16.7521
16.7616
16.7571
16.9627
16.9909
16.9792
16.9482
16.9683
17.1441
17.1815
17.4565
17.467
17.4617
17.4524
17.4645
17.459
17.3862
17.4051
17.3961
17.4071
17.4258
17.4168
17.6283
17.6434
17.9141
17.9417
17.931
17.8295
17.8538
17.8441
17.9858
17.9981
17.9924
18.0147
18.0259
18.0206
18.0083
18.0225
18.0161
17.9487
17.9597
17.9551
17.8592
17.8698
17.8661
17.7872
17.791
17.9505
17.9617
17.9573
17.8058
17.8087
17.8382
17.846
17.8625
17.9896
17.9976
17.9938
17.9954
17.9979
17.998
17.9542
17.9529
17.9388
17.9402
18.0162
18.0132
18.0153
17.9967
17.9987
17.9985
17.9292
17.9368
17.9338
18.0014
17.9982
18
17.9575
17.9566
17.9628
17.9615
18.0004
17.9985
17.9998
17.9624
17.9619
17.9694
17.9728
17.9711
17.9571
17.9587
17.9581
17.9465
17.948
17.9473
17.7994
17.9958
17.9305
17.9253
17.9273
17.8012
17.7987
17.7989
17.8253
17.8163
17.8201
18.2682
18.2707
18.272
18.0935
18.0784
18.3877
18.3858
18.3157
18.3173
18.319
18.1109
18.1063
18.1104
18.1007
18.1581
18.5833
18.5822
18.6383
18.6301
18.512
18.5113
18.5136
18.5711
18.5772
17.9843
17.9888
17.9867
17.8034
17.8027
17.8008
17.8032
17.8025
17.8005
17.8984
17.8994
17.8986
18.0086
18.0099
18.009
17.8978
17.8988
17.8981
17.8936
17.8946
17.8938
17.9839
17.9884
17.9863
17.7896
17.784
17.7844
17.7805
17.7831
17.782
17.4803
17.4816
17.9545
17.9579
17.9561
17.9537
17.9559
17.9312
17.9328
17.8081
17.8399
17.7999
17.8636
17.8535
17.8166
17.8095
17.8104
17.8432
17.8319
17.8305
17.7696
17.7745
17.7744
17.7691
17.7723
17.7793
17.7855
17.8239
17.8251
17.8548
17.7871
17.7695
17.7721
17.7698
17.7813
17.7842
17.7589
17.7711
17.8933
17.8935
17.8476
17.8619
17.8317
17.8269
17.1731
17.2226
17.203
17.1449
17.1824
17.1744
17.7632
17.7681
17.7659
17.448
17.4489
17.2648
17.2783
17.3951
17.3952
17.396
17.5558
17.5741
17.5647
17.2165
17.2391
17.2976
17.3
17.2605
17.2685
17.5481
17.5662
17.5574
17.4029
17.2299
17.1539
17.1894
17.4119
17.9631
17.9626
17.863
17.9435
17.9449
17.9439
17.9311
17.9313
17.8747
17.8626
17.8794
18.0228
18.0112
18.0384
18.0341
18.0355
17.7505
17.7602
17.4101
17.8741
17.8619
17.8025
17.9806
17.9839
17.9822
17.9932
17.9982
17.9959
17.8517
17.8461
17.8464
17.8141
17.8091
17.8092
17.8219
17.8209
17.8191
17.8302
17.825
17.8253
17.6412
17.6533
17.7212
17.7103
17.811
17.8147
17.8363
17.8388
17.841
17.845
17.8139
17.818
17.7847
17.7893
17.7863
17.8122
17.8166
17.8137
17.7895
17.7937
17.7909
17.7661
17.767
17.7668
17.7102
17.7109
17.7099
17.7223
17.723
17.722
17.7111
17.7118
17.7107
17.7052
17.7061
17.7049
17.7332
17.7471
17.7527
17.7544
17.8045
17.7899
17.8613
17.849
17.8517
17.8374
17.8263
17.8277
17.8791
17.8672
17.8698
17.8562
17.8448
17.8464
17.9156
17.9181
17.9168
17.9039
17.9046
17.904
17.9213
17.9235
17.9224
17.8944
17.8949
17.8945
17.9276
17.9291
17.9307
17.8374
17.8264
17.8278
17.8615
17.8493
17.852
17.8568
17.8454
17.847
15.5665
15.5699
15.5661
18.0226
18.0236
18.0228
18.0273
18.0267
18.0267
18.0136
18.0131
18.013
18.7368
18.7403
18.6689
18.6737
18.6732
17.8468
17.8926
17.8928
17.8964
17.8962
17.4011
17.2282
17.1518
17.1878
17.7627
17.7676
17.7654
17.4471
17.4479
17.3946
17.3947
17.3955
17.5554
17.5737
17.5643
17.2637
17.2771
17.2153
17.2379
17.6152
17.6295
17.6231
17.5476
17.5657
17.5569
17.2965
17.2989
17.2595
17.2674
17.7799
17.7825
17.7814
17.4794
17.4807
17.8787
17.9541
17.9575
17.9557
17.9527
17.955
17.9305
17.9321
17.943
17.9444
17.9434
17.9303
17.9304
17.761
17.8165
17.8063
18.0402
18.0359
18.0374
18.0236
18.0121
17.5662
17.5668
17.6709
17.6778
17.6764
17.8698
17.8678
17.8685
17.7105
17.7184
17.7142
17.8027
17.8061
17.8039
17.8311
17.8392
17.8365
17.7539
17.7708
17.764
17.558
17.5549
17.6275
17.6262
17.6269
17.7184
17.7137
17.7157
18.0381
18.0426
18.0412
18.0322
18.0288
18.0305
18.0303
18.0297
18.0301
18.0606
18.0597
18.0605
18.0237
18.0167
18.0195
17.9981
18.0001
18
17.9151
17.9101
17.9641
17.9672
17.9656
17.9597
17.9634
17.9616
17.9646
17.967
17.9661
17.9483
17.9497
17.9357
17.9376
17.9368
17.9426
17.9439
17.8825
17.884
17.8824
17.7574
17.75
17.7515
17.7871
17.7793
17.7809
17.7883
17.7873
17.786
17.8456
17.8343
17.8573
17.8586
17.8572
17.5207
17.7593
17.7905
17.8398
17.8728
17.9015
17.8262
17.8238
17.7962
17.7985
17.8932
17.8692
17.9054
17.8246
17.8516
17.8249
17.8231
17.8247
17.8449
17.8461
17.8669
17.8485
17.8478
17.8951
17.8902
17.8037
17.8075
17.8578
17.8374
17.8406
17.8288
17.833
17.8304
17.8062
17.8103
17.8076
17.833
17.8645
17.8647
17.8298
17.8316
17.8259
17.8473
17.8348
17.8407
17.8375
17.8512
17.7886
17.8033
17.8193
17.8215
17.7896
17.7921
17.7987
17.7967
17.7983
17.7406
17.7419
17.7411
17.7629
17.7643
17.7636
17.8028
17.8061
17.7734
17.7773
17.7747
17.7915
17.7962
17.7934
17.754
17.7556
17.7546
17.78
17.7832
17.7669
17.7699
17.7674
17.7397
17.7406
17.7398
17.7216
17.7225
17.7216
17.7534
17.7596
17.7776
17.7814
17.7787
17.7593
17.7629
17.7603
17.8452
17.8228
17.8241
17.8364
17.8535
17.8109
17.8202
17.8335
17.8698
17.7614
17.7626
17.7616
17.7654
17.7773
17.7689
17.7565
17.7578
17.7565
17.7127
17.7133
17.7116
17.7109
17.7119
17.7106
17.7798
17.7794
17.758
17.7696
17.7611
17.7657
17.7666
17.7649
17.7452
17.7615
17.8261
17.7157
17.7282
17.7196
17.7301
17.7303
17.7978
17.7897
17.7879
17.7635
17.776
17.9022
17.9446
17.9367
17.8962
17.8674
17.8105
17.9106
17.9113
17.9146
17.9626
17.9652
17.9418
17.943
17.9292
17.9282
17.9312
17.9039
17.9018
17.8662
17.8638
17.8646
17.7878
17.7868
17.7854
17.8809
17.8715
17.8556
17.8431
17.8135
17.8037
17.8054
17.8935
17.8909
17.8919
17.8426
17.833
17.8352
17.9264
17.9241
17.9248
17.8871
17.8878
17.8874
17.9107
17.9119
17.9042
17.9062
17.9053
17.9107
17.9075
17.9098
17.9071
17.9083
17.8665
17.8545
17.8658
17.8653
17.8652
17.8797
17.8792
17.8793
17.8497
17.8484
17.8487
17.8391
17.8712
17.9114
17.912
17.9154
17.9637
17.9663
17.9299
17.9289
17.9319
17.9428
17.944
17.9333
17.9349
17.9049
17.9028
17.8942
17.8917
17.8926
17.8798
17.868
17.8706
17.8817
17.8724
17.8564
17.8439
17.8432
17.8336
17.8357
17.814
17.8042
17.8059
17.8669
17.8644
17.8652
17.9452
17.9374
17.9082
17.8117
15.8166
15.8103
15.6183
15.6329
15.6233
15.8454
15.8377
16.5556
16.5997
16.5803
16.8563
16.8796
16.8247
16.8376
16.8303
16.7062
16.7563
16.4195
16.4597
17.0285
17.0364
17.0315
16.9076
16.9214
16.8629
16.8766
16.8692
17.0069
17.0135
17.1496
17.196
17.1767
17.2036
17.2486
17.2285
17.0911
17.0904
16.6568
17.113
17.1276
17.5139
17.5265
17.5208
17.6855
17.6982
17.6922
17.7114
17.7173
17.7146
17.6407
17.6495
17.645
17.6155
17.6298
17.6234
17.5762
17.5887
17.583
17.4048
17.4097
17.6338
17.6324
17.6329
17.5647
17.5686
17.566
17.4597
17.4782
17.4686
17.2325
17.2457
17.4998
17.5101
17.5048
17.3468
17.3523
17.3507
17.5141
17.5303
17.5217
17.4985
17.5118
17.5056
17.2462
17.2633
17.3198
17.3382
17.3296
17.4253
17.4451
17.436
17.4975
17.5148
17.5068
17.355
17.3434
17.1315
17.1715
17.9126
17.9237
17.9199
17.9758
17.9851
17.9808
17.9957
18.0062
18.0016
17.8983
17.9082
17.9046
17.4807
17.47
18.0486
18.0468
18.0475
18.025
18.0236
18.0242
18.0242
18.0221
18.0229
18.0449
18.0448
18.0449
17.9823
17.9815
17.982
17.9903
17.9886
17.9895
17.9646
17.9642
17.8055
17.8653
17.9484
17.95
17.949
17.9309
17.9284
17.9293
17.9312
17.931
17.931
17.8663
17.8765
17.9439
17.9354
17.9389
18.0923
18.0772
18.0081
17.9951
18.0007
18.0632
18.0584
18.0599
18.1213
18.1116
18.1159
18.2437
18.2466
18.2482
18.1436
18.1336
18.1377
18.1964
18.1898
17.7403
17.7307
17.7974
17.8298
18.511
18.5104
18.5127
17.9151
17.9177
17.9163
17.9031
17.9038
17.9032
17.9204
17.9227
17.9215
17.8752
17.8757
17.8751
17.8997
17.9003
17.8997
17.8821
17.8822
17.8817
17.8936
17.8941
17.8937
18.0237
18.0167
18.0195
18.0414
18.0463
18.0441
18.0134
18.0128
18.0128
18.0261
18.0255
18.0255
18.0217
18.0227
18.0219
17.9803
17.9837
17.982
17.9921
17.9972
17.9949
17.8136
17.8086
17.8086
17.8306
17.8254
17.8257
17.8515
17.8459
17.8462
18.6702
18.6749
18.6744
18.7378
18.7413
17.4791
17.4682
17.8046
17.8657
17.8758
17.7297
17.7398
17.8658
17.8538
17.926
17.9236
17.9243
17.8866
17.8873
17.8869
17.91
17.9113
17.9036
17.9056
17.9047
17.91
17.9069
17.9092
17.9066
17.9077
17.8843
17.8815
17.8819
17.8916
17.8885
17.8891
17.886
17.8867
17.8862
17.878
17.8774
17.8671
17.8675
17.8672
17.894
17.8912
17.8799
17.8773
17.8779
17.879
17.8785
17.8786
17.865
17.8645
17.8643
17.849
17.8478
17.848
16.6564
17.0902
17.0897
17.112
17.1265
16.4202
16.4604
16.5557
16.5998
16.5803
16.8565
16.8797
16.7065
16.7566
16.8243
16.8373
16.8299
17.1495
17.1959
17.1766
17.0278
17.0358
17.0309
16.9075
16.9213
17.0065
17.0131
16.8624
16.8762
16.8688
17.2029
17.2479
17.2278
17.3533
17.3417
17.1297
17.1695
17.685
17.6977
17.6917
17.7114
17.7173
17.7146
17.6407
17.6496
17.6451
17.6329
17.6314
17.632
17.4038
17.4086
17.5638
17.5677
17.5652
17.4993
17.5097
17.5044
17.3467
17.3522
17.3506
17.498
17.5113
17.5051
17.5141
17.5302
17.5217
17.4587
17.4772
17.4676
17.2314
17.2445
17.3189
17.3373
17.3286
17.2451
17.2621
17.5762
17.5887
17.5831
17.4975
17.5148
17.5068
17.513
17.5256
17.5199
17.4244
17.4441
17.4351
17.8692
17.8672
17.8679
17.7109
17.7187
17.7145
17.8032
17.8066
17.8043
17.8304
17.8386
17.8358
17.7544
17.7712
17.7644
17.5654
17.566
17.6702
17.677
17.6756
17.6266
17.6254
17.6261
17.5571
17.554
17.7176
17.7129
17.7149
17.9761
17.9855
17.9812
17.996
18.0065
18.0019
17.9117
17.9229
17.919
17.8975
17.9074
17.9038
17.8646
18.0323
18.029
18.0306
18.0302
18.0295
18.03
18.0374
18.0418
18.0404
18.0595
18.0585
18.0594
17.9142
17.9092
18.0249
18.0235
18.0241
18.0243
18.0222
18.023
18.0475
18.0457
18.0464
18.0436
18.0435
18.0437
17.9816
17.9808
17.9813
17.9893
17.9876
17.9885
17.9638
17.9633
17.9636
17.9668
17.9652
17.9589
17.9626
17.9607
17.9636
17.9662
17.9652
17.9476
17.949
17.9351
17.9369
17.9361
17.9417
17.9431
17.9301
17.9276
17.9285
17.9475
17.9491
17.9481
17.9305
17.9303
17.9303
17.8312
17.757
17.7496
17.7511
17.787
17.7792
17.7808
17.8453
17.834
17.8827
17.8842
17.8826
17.8582
17.8596
17.8582
17.8713
17.8665
18.0641
18.0594
18.0608
17.9449
17.9365
17.94
18.0095
17.9965
18.0021
18.2462
18.249
18.2506
18.1236
18.1139
18.1183
18.1451
18.1351
18.1393
18.1974
18.1909
)
;

boundaryField
{
    Inlet
    {
        type            zeroGradient;
    }
    Outlet
    {
        type            fixedValue;
        value           nonuniform List<scalar> 0();
    }
    Wall
    {
        type            zeroGradient;
    }
    procBoundary0to3
    {
        type            processor;
        value           nonuniform List<scalar> 
1137
(
16.7153
18.2081
17.5846
17.9467
17.9257
17.8331
17.6967
18.0097
15.9445
16.8384
16.8384
15.924
17.2906
16.7129
17.1981
17.1981
17.3027
17.4625
17.9841
18.0112
17.2538
17.4232
17.8849
17.544
17.7781
17.9427
17.8418
17.8594
17.8814
17.8783
17.8059
17.813
17.7251
17.7897
18.4944
17.8353
18.1955
18.1955
18.1955
18.457
18.2076
18.2929
17.7184
17.8034
17.7223
16.8334
16.8334
15.9443
17.2523
17.1081
15.9241
17.2902
17.2523
17.2523
17.4203
17.3024
17.462
17.9839
18.0108
17.5415
17.7782
17.5848
17.8846
17.8423
17.8597
17.9464
17.942
17.8783
17.8047
17.9255
17.8805
17.8013
17.7208
17.8317
17.7187
17.7211
17.7896
17.6964
17.8142
17.8329
18.1145
18.0122
18.4961
18.2948
18.4588
16.3839
16.4633
16.4633
16.3836
16.6556
16.387
16.6872
16.4941
16.4941
16.9694
16.6736
17.2808
16.9049
16.5526
17.1704
17.1704
17.1932
17.1932
17.3085
17.3085
17.3085
17.2085
17.2085
17.1043
17.1043
17.1043
17.6956
17.2256
17.3828
17.6338
17.3558
17.5417
18.0312
17.3338
17.242
17.242
17.2616
17.2616
17.4658
17.4658
17.4453
17.4251
17.2244
17.8526
17.4269
17.4269
17.3186
17.3186
17.7433
17.4805
17.631
17.8293
17.7816
17.7036
17.4917
17.4924
17.2919
17.6314
17.4843
17.5565
17.5591
17.6913
17.7059
17.6818
17.7352
17.5895
17.6315
17.6271
17.9278
17.856
17.8516
17.7685
17.7498
17.7643
17.849
17.7972
17.7945
17.8157
17.8268
17.8595
17.8389
17.8822
17.8208
17.8455
17.8165
17.8634
17.8288
17.8599
17.8425
17.8559
17.8262
17.8588
17.7999
17.8301
17.8259
17.8483
17.8444
17.8478
17.8166
17.6922
17.6596
17.6324
17.7294
17.6153
17.6393
17.6743
17.6482
17.6835
17.5942
17.7485
17.591
17.6695
17.6411
18.0612
18.0853
18.4721
18.4002
18.336
18.0082
17.8884
17.7018
17.7035
17.7578
17.9618
17.8056
17.7786
17.7717
18.027
18.027
18.0023
18.015
17.7537
17.8469
18.3768
18.0075
18.0075
17.8052
17.7764
17.7818
17.7584
17.7602
17.7496
17.7775
17.6875
17.7186
17.6842
17.7536
17.7055
17.7484
17.719
16.5526
17.0681
17.0681
16.9755
16.9755
17.0106
17.0106
17.2905
17.4834
17.7639
17.7967
17.8581
17.8551
17.7771
17.7626
17.6211
17.6143
17.8876
17.7661
17.7984
18.3457
17.2501
16.7853
15.5303
16.0407
15.6261
17.2485
16.4899
16.7825
17.0405
16.6096
16.4941
16.0401
16.9994
16.9893
17.2762
17.1731
17.1786
16.9899
17.2655
17.261
17.2711
17.2801
17.2409
17.2409
17.2976
17.473
17.5006
17.279
17.27
17.2711
17.2711
17.2605
17.27
17.4251
17.4453
17.4922
17.4924
17.4917
17.5324
17.7059
17.6913
17.7881
17.9302
17.8765
17.8602
17.7498
17.7685
17.8258
17.8595
17.8268
17.8829
17.9189
17.8882
17.8757
17.8288
17.8634
17.8551
17.8301
17.7999
17.8274
17.6596
17.6922
17.7189
17.6835
17.6482
17.7881
18.1626
17.8885
18.0432
18.0853
18.0612
18.5098
17.7035
17.7018
17.8787
18.0016
18.1286
18.1286
17.957
18.4751
18.0764
18.2929
18.1368
17.7764
17.8052
17.7824
17.7186
17.6875
17.7346
16.462
16.656
16.3879
16.462
17.1679
17.1679
16.4936
17.1925
17.1925
17.2075
17.2075
17.2075
17.3069
17.3069
17.3069
17.1035
17.1035
17.1035
16.4936
16.6868
16.9691
16.6733
17.2799
16.9046
17.2587
17.2587
17.2403
17.2403
17.4635
17.4635
17.4248
17.4248
17.2222
17.4439
17.8499
17.3165
17.3165
17.6952
17.2248
17.3813
17.6336
17.3549
17.5402
18.0306
17.3325
17.6295
17.4904
17.5558
17.734
17.6816
17.6913
17.7059
17.589
17.6311
17.6269
17.7431
17.4803
17.6305
17.8294
17.7808
17.703
17.8499
17.7685
17.7498
17.7945
17.8158
17.883
17.8381
17.8261
17.859
17.8196
17.8454
17.8161
17.9271
17.8548
17.8504
17.8419
17.8625
17.8279
17.8252
17.8577
17.8473
17.8257
17.7988
17.8281
17.8416
17.8462
17.8153
17.7568
17.8026
17.7752
17.7492
17.774
17.7502
17.6944
17.6891
17.7108
17.6965
17.7434
17.719
17.7283
17.6846
17.663
17.6419
17.6651
17.744
17.5934
17.6502
17.6737
17.591
17.6605
17.6435
18.0158
17.6943
17.9774
18.0284
18.0284
18.0284
18.0284
18.0273
18.0637
18.0867
18.4743
18.4004
18.3408
18.0102
17.8904
18.377
18.1267
18.377
17.2004
17.2004
17.2004
16.9641
16.9641
16.9641
17.0553
17.0553
18.0727
18.0727
18.0727
17.0699
17.0699
17.203
17.203
17.203
16.9656
16.9656
16.9656
16.9765
16.9765
17.0132
17.0132
17.0569
17.0569
18.0737
18.0737
16.6068
16.6515
16.1735
16.1791
15.7258
16.2143
16.6071
16.6556
16.6556
17.014
16.6507
16.7297
16.3625
16.3089
16.7188
16.7362
16.1933
17.0198
17.0198
16.5267
16.8321
16.7112
16.9482
16.9397
16.701
17.064
17.3181
17.0854
17.0854
17.0202
16.8032
17.0715
17.0715
16.6794
17.0923
16.0997
16.0021
17.2655
17.1786
17.2655
17.2326
17.2655
17.0923
17.0923
17.1368
17.1368
17.2666
17.2752
17.4801
17.3047
17.3249
17.3279
17.3279
17.2983
17.3391
17.2983
17.2225
17.2983
17.3968
17.3503
17.3968
17.2133
17.3968
17.5591
17.6385
17.5565
17.6271
17.7113
17.6315
17.8157
17.8722
17.7945
17.8165
17.8555
17.8455
17.8588
17.8669
17.8262
17.8166
17.826
17.8478
17.6743
17.729
17.6393
17.6411
17.7472
17.6695
17.8884
18.324
18.0082
17.7717
17.8866
17.7786
17.7537
17.7537
18.0567
18.0567
17.8469
17.8469
17.8584
18.2895
18.5871
18.5598
18.1235
18.1235
18.4321
17.7775
17.7779
17.7496
17.719
17.737
17.7484
17.1745
16.9881
17.262
17.2512
17.2322
17.2758
17.6381
18.0761
18.1387
16.491
17.0412
16.0407
15.5305
15.6262
17.1792
17.141
17.2784
17.296
16.0399
16.494
16.6103
16.9889
16.9992
17.2762
17.2581
17.2581
17.49
17.49
17.4439
17.4439
17.2029
17.5003
17.473
17.2789
17.5297
17.5297
17.4904
17.4904
17.7878
17.7059
17.6913
17.8265
17.7498
17.7685
17.8833
17.859
17.8261
17.9297
17.8756
17.859
17.855
17.8279
17.8625
17.8259
17.8281
17.7988
17.918
17.8872
17.875
17.7808
17.7752
17.8026
17.7306
17.7108
17.6891
17.7179
17.663
17.6846
17.7841
17.6737
17.6502
17.8802
17.8802
17.8802
17.6943
17.6943
18.1005
18.0043
17.9552
18.1635
17.8905
18.0456
18.0637
18.0867
18.5105
18.2948
18.4756
17.2322
17.3186
17.2206
17.221
17.3194
17.8579
17.7138
17.6906
16.656
16.656
17.0152
16.73
16.1733
16.1802
15.7269
16.2133
17.1792
17.1792
16.6786
17.0919
17.0181
16.0995
16
17.0919
17.0919
17.075
17.2658
17.2739
17.0847
17.0709
16.193
16.7362
17.0181
16.3097
16.3615
16.7188
16.5256
16.7117
16.8321
16.9394
16.9481
16.701
17.0634
17.3175
17.0847
17.0197
16.8029
17.0709
17.3372
17.3372
17.326
17.326
17.3477
17.3477
17.2113
17.2268
17.4794
17.3041
17.3238
17.6363
17.6363
17.5558
17.5558
17.7105
17.6269
17.6311
17.873
17.8158
17.7945
17.8561
17.8161
17.8454
17.8665
17.8577
17.8252
17.825
17.8153
17.8462
17.7752
17.774
17.7492
17.7351
17.719
17.7434
17.724
17.6651
17.6419
17.7464
17.6435
17.6605
17.8218
18.0013
17.8049
17.8633
18.0102
17.8904
18.3245
18.0102
18.5652
18.1267
18.1267
18.4353
18.2904
18.5866
17.8095
17.8045
17.806
17.703
17.6739
17.6825
17.9015
17.8603
17.8698
17.7336
17.7319
17.6926
17.7262
17.7658
17.7534
17.9006
17.8612
17.8681
17.8038
17.8064
17.8104
17.764
17.7408
17.7451
17.7026
17.6689
17.6849
17.7345
17.7349
17.694
17.444
17.4706
17.678
17.4373
17.6713
17.259
18.0112
17.9841
17.6159
18.0312
17.5664
17.5417
17.248
17.248
17.8526
17.8526
17.246
17.246
17.8499
17.8499
17.4703
17.4439
17.6778
17.4365
17.6705
17.2578
17.9839
18.0108
17.6158
18.0306
17.5656
17.5402
17.7794
17.7734
17.8411
17.8363
17.8551
17.8574
17.8553
17.8732
17.8759
17.8735
17.8005
17.8008
17.8006
17.7184
17.719
17.7176
17.7834
17.7819
17.7875
17.8005
17.7996
17.7997
17.7994
17.7142
17.7149
17.7136
15.9361
16.1679
15.1539
15.1539
15.8068
15.8068
15.8068
17.2179
17.8309
17.831
17.8739
17.8742
17.8446
17.8444
17.8442
17.8504
17.8502
17.8501
17.7155
17.7166
17.715
17.7338
17.7348
17.7332
17.7495
17.7502
17.7496
17.7469
17.7473
17.7465
15.7261
17.8305
17.816
17.8132
17.8108
17.8743
17.8769
17.8747
17.8486
17.8515
17.8491
17.8265
17.8264
17.8264
17.7089
17.7098
17.7082
17.7541
17.7648
17.7572
17.8579
18.7254
18.7254
19.0057
19.0059
17.7756
17.7761
17.7758
17.7287
17.7291
17.728
17.218
15.8105
15.936
16.165
15.1542
15.1542
15.8105
15.8105
19.0176
19.0178
18.9207
18.9263
18.8674
18.8705
16.0362
15.9754
15.7261
15.2541
15.2541
15.2239
15.2239
15.8303
17.7051
17.8577
17.8565
17.8594
17.8549
17.8577
17.8652
17.868
17.8653
17.8254
17.8253
17.8253
17.7188
17.7196
17.718
17.7378
17.7377
17.7365
18.5747
18.5747
18.5747
18.4069
17.7705
17.7711
17.7706
17.7285
17.7291
17.7281
15.7261
15.8042
18.7273
18.7273
19.0076
19.0078
18.4131
16.0358
15.9756
15.831
15.7261
15.2542
15.2542
15.8042
15.831
15.2264
15.2264
15.831
18.5753
18.92
18.9256
18.5753
18.5753
18.8679
18.8709
17.7794
17.7734
17.8414
17.8366
17.8553
17.8576
17.8555
17.8732
17.8759
17.8735
17.7996
17.7998
17.7997
17.7977
17.7979
17.7976
17.7128
17.7135
17.7122
17.7142
17.7148
17.7134
17.7832
17.7818
17.7843
17.7976
17.8314
17.8316
17.8744
17.8748
17.8442
17.844
17.8437
17.8495
17.8493
17.8492
17.7482
17.7489
17.7482
17.7437
17.7441
17.7434
17.7147
17.7157
17.7141
17.7295
17.7305
17.7289
17.8302
17.8158
17.8135
17.8111
17.8746
17.8772
17.875
17.8485
17.8515
17.849
17.8252
17.8251
17.8251
17.7745
17.7749
17.7747
17.7248
17.7253
17.7241
17.7079
17.7087
17.7071
17.7501
17.7608
17.7533
17.8594
15.8044
18.7377
18.7377
17.7043
17.8581
17.857
17.8598
17.8553
17.8581
17.8648
17.8676
17.865
17.8247
17.8245
17.8246
17.7681
17.7687
17.7682
17.7271
17.7277
17.7267
17.7145
17.7152
17.7136
17.7371
17.737
17.7359
15.8044
15.8303
15.8303
18.7387
18.7387
19.0184
19.0187
)
;
    }
}


// ************************************************************************* //
