/*--------------------------------*- C++ -*----------------------------------*\
| =========                 |                                                 |
| \\      /  F ield         | OpenFOAM: The Open Source CFD Toolbox           |
|  \\    /   O peration     | Version:  2312                                  |
|   \\  /    A nd           | Website:  www.openfoam.com                      |
|    \\/     M anipulation  |                                                 |
\*---------------------------------------------------------------------------*/
FoamFile
{
    version     2.0;
    format      ascii;
    arch        "LSB;label=32;scalar=64";
    class       Cloud<passivePositionParticle>;
    location    "1.39995/lagrangian/kinematicCloud";
    object      positions;
}
// * * * * * * * * * * * * * * * * * * * * * * * * * * * * * * * * * * * * * //

150
(
(0.0579012 -0.0144753 0.0783321) 111369
(0.6 0.0227241 0.0479513) 481
(0.6 0.0229808 0.0500012) 884
(0.6 0.0220159 0.0404919) 481
(0.599999 0.0241366 0.044629) 481
(0.6 0.0189049 0.0747358) 6289
(0.6 0.0199466 0.0404552) 469
(0.599999 0.0161519 0.0700348) 6263
(0.6 0.0222966 0.0813764) 93205
(0.6 0.0137498 0.0774508) 93087
(0.600001 0.023762 0.0211648) 91989
(0.599999 0.0210024 0.0821197) 93205
(0.6 0.0163599 0.0398479) 469
(0.6 0.0127406 0.0252362) 91968
(0.6 0.0113327 0.0251802) 4262
(0.6 0.0113905 0.0782699) 6292
(0.6 0.0183575 0.085138) 93079
(0.6 0.0177889 0.0221091) 4260
(0.6 0.0170896 0.0817047) 93084
(0.6 0.00920907 0.0724705) 6259
(0.6 0.00870753 0.0251224) 4249
(0.6 0.0130499 0.0154696) 91969
(0.6 0.00594591 0.0796259) 93073
(0.6 0.00728631 0.0311502) 4269
(0.6 0.00974494 0.0449108) 4267
(0.6 0.00664904 0.0710463) 6259
(0.6 0.00270916 0.0251013) 91947
(0.6 0.00791019 0.0599621) 6255
(0.6 0.0070529 0.0571253) 6255
(0.600056 0.00507718 0.0101725) 26348
(0.6 0.0052268 0.033355) 4269
(0.6 0.0070655 0.0535081) 6255
(0.600001 0.000100328 0.0752328) 5998
(0.599999 0.00230927 0.0698043) 6256
(0.6 0.00692623 0.0468826) 4267
(0.600001 0.000441113 0.0160819) 91945
(0.6 0.000130028 0.0824921) 93065
(0.600095 0.00237736 0.0922439) 12784
(0.600001 0.00324099 0.059737) 831
(0.600028 -0.00848118 0.0926769) 5999
(0.600045 -0.00771664 0.0897783) 33315
(0.6 0.00243298 0.0577012) 831
(0.6 0.00263692 0.0440331) 467
(0.6 -0.00450018 0.0796226) 92912
(0.599999 -0.000819231 0.0255686) 4183
(0.600075 -0.0104683 0.00778373) 26164
(0.6 -0.00747854 0.0814397) 92921
(0.6 0.0021688 0.0527432) 831
(0.6 0.00221091 0.0533757) 831
(0.599983 -0.0112812 0.00711056) 4168
(0.60002 -0.0120515 0.0888162) 33280
(0.599036 0.00813481 0.00343581) 4245
(0.6 0.002711 0.0543468) 831
(0.6 -0.00168251 0.0238285) 4183
(0.600026 -0.00701013 0.0886104) 33317
(0.599862 0.00978734 0.0067499) 4245
(0.6 0.0049693 0.0412796) 467
(0.46941 -0.0555902 0.016667) 15727
(0.416342 -0.102917 0) 15036
(0.599705 0.0206557 0.00614455) 477
(0.00251115 0.0496793 0.00358021) 18386
(0.22287 0.14303 0) 28497
(0.258263 0.116738 0.0931294) 39645
(0.0480261 0.0620065 0.0624762) 112967
(0.199802 0.0748015 0.0255969) 26900
(0.196748 0.0717476 0.0811723) 152510
(0.6 0.0468445 0.0496637) 4405
(0.6 0.0451434 0.0533242) 6861
(0.6 0.0469497 0.0479345) 4405
(0.6 0.0472129 0.0447179) 4405
(0.599999 0.0470046 0.0534009) 6861
(0.6 0.0480191 0.0510945) 6861
(0.6 0.0450717 0.0254787) 92052
(0.600001 0.0399353 0.0250978) 4330
(0.6 0.0438585 0.0259197) 92045
(0.6 0.0454799 0.0738663) 93409
(0.6 0.0495094 0.058347) 6861
(0.6 0.0414065 0.031622) 4403
(0.6 0.0470005 0.06867) 6865
(0.600001 0.0471741 0.0304193) 4407
(0.600001 0.0380671 0.0749926) 6558
(0.6 0.047066 0.077964) 93409
(0.600001 0.0469247 0.0242001) 92052
(0.599999 0.0503038 0.0258486) 4400
(0.6 0.0363596 0.0735948) 6532
(0.6 0.0343243 0.046326) 4343
(0.6 0.0395376 0.0750649) 6558
(0.6 0.0524217 0.0440649) 4411
(0.600001 0.0333858 0.0290501) 4345
(0.6 0.0329092 0.0748014) 93227
(0.6 0.0538884 0.0562315) 6867
(0.6 0.0313011 0.0500008) 6530
(0.6 0.054571 0.0735204) 93423
(0.6 0.0534268 0.0263974) 4413
(0.6 0.0543589 0.0347946) 4413
(0.6 0.0551503 0.0687127) 6869
(0.6 0.0557944 0.047747) 493
(0.6 0.0303879 0.0770756) 6561
(0.6 0.028785 0.0527146) 6524
(0.6 0.0555762 0.0276175) 4410
(0.6 0.0573485 0.0726628) 6869
(0.6 0.0285449 0.0322936) 4339
(0.6 0.0280385 0.0746451) 6548
(0.6 0.0571991 0.0666869) 6869
(0.6 0.0577879 0.0707926) 6869
(0.6 0.0574771 0.033757) 4410
(0.6 0.0612921 0.0149395) 92141
(0.6 0.058099 0.0721334) 6869
(0.6 0.0277272 0.0318316) 4339
(0.6 0.0282426 0.0830803) 93214
(0.6 0.0275843 0.0295148) 4339
(0.6 0.0318296 0.0140766) 92009
(0.6 0.0602087 0.0707548) 7372
(0.6 0.0702715 0.0181227) 27218
(0.6 0.0589146 0.0500002) 935
(0.600034 0.0495942 0.0888844) 36605
(0.6 0.0259525 0.0735025) 93213
(0.6 0.0303986 0.0133583) 92009
(0.600053 0.0379064 0.0106794) 10944
(0.598589 0.063334 0.0983571) 13767
(0.6 0.0650718 0.0686098) 93592
(0.6 0.0662615 0.0671149) 93593
(0.6 0.0660223 0.0640577) 93593
(0.6 0.064163 0.0598899) 93586
(0.598386 0.0665466 0.000847735) 27154
(0.6 0.0665432 0.0535676) 93583
(0.6 0.0579414 0.0527189) 935
(0.6 0.0662507 0.057337) 93586
(0.600001 0.0573905 0.0435978) 493
(0.599034 0.0491295 0.0965935) 6883
(0.599013 0.0549498 0.00331307) 26666
(0.598525 0.0605896 0.00138241) 511
(0.6 0.0645627 0.0542986) 93583
(0.6 0.0568734 0.0500034) 935
(0.598627 0.0665958 0.0982091) 38849
(0.6 0.0659447 0.0604874) 93586
(0.598347 0.0674236 0.000699409) 27154
(0.6 0.0672959 0.0362435) 92164
(0.6 0.0691056 0.0360366) 92164
(0.6 0.0655445 0.050005) 93583
(0.6 0.0650233 0.0500096) 93583
(0.6 0.0692487 0.0437471) 27260
(0.6 0.0674008 0.0418028) 92156
(0.6 0.0706083 0.0357461) 27268
(0.6 0.0702652 0.0357643) 27268
(0.6 0.0675974 0.0522786) 7371
(0.6 0.0648077 0.044445) 92155
(0.6 0.0318101 0.0520461) 6530
(0.6 0.0692496 0.0389958) 27260
(0.6 0.0636804 0.0499991) 92155
)


// ************************************************************************* //
