/*--------------------------------*- C++ -*----------------------------------*\
| =========                 |                                                 |
| \\      /  F ield         | OpenFOAM: The Open Source CFD Toolbox           |
|  \\    /   O peration     | Version:  2312                                  |
|   \\  /    A nd           | Website:  www.openfoam.com                      |
|    \\/     M anipulation  |                                                 |
\*---------------------------------------------------------------------------*/
FoamFile
{
    version     2.0;
    format      ascii;
    arch        "LSB;label=32;scalar=64";
    class       vectorField;
    location    "1.39995/lagrangian/kinematicCloud";
    object      U;
}
// * * * * * * * * * * * * * * * * * * * * * * * * * * * * * * * * * * * * * //


150
(
(-0.0493149 0.00904408 -0.00748188)
(3.26035 0.880998 0.0189207)
(3.23425 0.880246 -0.0207177)
(3.26035 0.880998 0.0189207)
(3.26035 0.880998 0.0189207)
(3.08458 0.875823 0.0629146)
(2.86862 0.799229 0.0117137)
(3.07929 0.819091 0.00962397)
(3.37747 0.95246 0.0323135)
(2.60198 0.749657 0.0820386)
(3.46929 0.962263 -0.048782)
(3.37747 0.95246 0.0323135)
(2.86862 0.799229 0.0117137)
(2.6359 0.750859 -0.085504)
(2.54547 0.709663 -0.0576104)
(2.51149 0.707775 0.0531495)
(3.09074 0.887562 0.0449882)
(3.11231 0.874924 -0.0663354)
(3.01577 0.846611 0.0508977)
(1.87382 0.601395 -0.00520786)
(2.04638 0.600839 -0.106825)
(2.65714 0.756476 -0.0677211)
(1.90862 0.553717 0.0627584)
(1.94059 0.603142 -0.0015502)
(1.78135 0.566402 -0.00604952)
(1.87382 0.601395 -0.00520786)
(1.37437 0.446622 -0.126535)
(1.73702 0.563138 -0.00594241)
(1.73702 0.563138 -0.00594241)
(1.67157 0.249452 -0.0457881)
(1.94059 0.603142 -0.0015502)
(1.73702 0.563138 -0.00594241)
(0.598111 0.293674 0.106395)
(1.06985 0.47602 -0.0300753)
(1.78135 0.566402 -0.00604952)
(1.31231 0.356404 -0.108895)
(1.26843 0.351483 0.10746)
(1.10271 0.134399 0.0497152)
(1.0732 0.434957 -0.00481011)
(0.0481653 0.0045606 -0.0203565)
(0.0721563 -0.0294227 -0.0348575)
(1.0732 0.434957 -0.00481011)
(1.12381 0.437418 -0.00973373)
(0.490555 0.250763 0.00667183)
(0.646723 0.294901 -0.114353)
(-0.127938 -0.0474663 0.0638853)
(-0.0831933 0.0965992 0.0265315)
(1.0732 0.434957 -0.00481011)
(1.0732 0.434957 -0.00481011)
(-0.0628204 -0.0133733 0.0565881)
(-0.144708 -0.0496688 -0.0696118)
(1.19658 0.245077 -0.186262)
(1.0732 0.434957 -0.00481011)
(0.646723 0.294901 -0.114353)
(0.257321 -0.00598467 -0.00617812)
(1.19658 0.245077 -0.186262)
(1.12381 0.437418 -0.00973373)
(2.50916 2.38251 -0.409575)
(-0.0663381 0.0368968 -0.0821284)
(1.76846 0.335693 -0.314418)
(1.79709 -0.671935 0.87279)
(0.147186 -0.530655 -0.310388)
(1.08957 -0.995637 0.122442)
(0.0923033 0.0239846 -0.00244625)
(4.33082 2.44209 0.02242)
(0.631814 0.62603 0.0101792)
(3.55192 0.716536 0.00378237)
(3.56684 0.731446 -0.0030684)
(3.55192 0.716536 0.00378237)
(3.55192 0.716536 0.00378237)
(3.56684 0.731446 -0.0030684)
(3.56684 0.731446 -0.0030684)
(3.63522 0.841138 -0.0223233)
(3.83605 0.981548 -0.012433)
(3.7652 0.916464 -0.0109684)
(3.64618 0.853512 0.019185)
(3.56684 0.731446 -0.0030684)
(3.75443 0.828955 -0.0959864)
(3.6152 0.75573 0.0944601)
(3.58977 0.731876 -0.098605)
(3.83586 0.99176 0.00845562)
(3.64618 0.853512 0.019185)
(3.63522 0.841138 -0.0223233)
(3.44859 0.724818 -0.0307124)
(3.85145 0.908323 0.0788014)
(3.70063 0.938207 0.0222264)
(3.83586 0.99176 0.00845562)
(3.34217 0.585289 0.00296958)
(3.85107 0.924075 -0.0655668)
(3.81359 1.02166 0.0174923)
(3.36264 0.601416 -0.00648601)
(3.69075 0.943698 -0.0195595)
(3.44137 0.703348 0.0207331)
(3.38099 0.6209 -0.0888978)
(3.38099 0.6209 -0.0888978)
(3.16854 0.482393 0.0600332)
(3.06844 0.404653 0.00501483)
(3.78652 1.01936 0.018314)
(3.51945 0.931162 -0.0225255)
(3.13128 0.457777 -0.0636639)
(3.16854 0.482393 0.0600332)
(3.74126 0.923345 -0.0455425)
(3.68794 1.0139 0.0292821)
(3.16854 0.482393 0.0600332)
(3.16854 0.482393 0.0600332)
(3.13128 0.457777 -0.0636639)
(2.90289 0.399012 -0.045116)
(3.16854 0.482393 0.0600332)
(3.74126 0.923345 -0.0455425)
(3.65819 1.03297 0.010072)
(3.74126 0.923345 -0.0455425)
(3.75536 1.02902 -0.00581854)
(2.89116 0.357761 0.0520014)
(1.75534 -0.233999 -0.143854)
(3.09299 0.420629 -0.0158467)
(2.8808 0.525504 0.210151)
(3.64362 1.00132 0.0257391)
(3.75536 1.02902 -0.00581854)
(3.11244 0.661197 -0.19233)
(1.66641 -0.00724872 0.323567)
(2.5836 0.164322 0.0237576)
(2.61903 0.146723 0.0126136)
(2.61903 0.146723 0.0126136)
(2.51335 0.114122 -0.0302708)
(1.47019 -0.0560003 -0.317515)
(2.53082 0.107264 -0.0336748)
(3.09299 0.420629 -0.0158467)
(2.51335 0.114122 -0.0302708)
(3.06844 0.404653 0.00501483)
(1.99291 0.227397 0.347542)
(1.95929 0.170205 -0.336476)
(1.78519 0.0467092 -0.314003)
(2.53082 0.107264 -0.0336748)
(3.09299 0.420629 -0.0158467)
(1.48116 -0.0594555 0.319931)
(2.51335 0.114122 -0.0302708)
(1.47019 -0.0560003 -0.317515)
(2.46983 -0.0652774 -0.0149131)
(2.46983 -0.0652774 -0.0149131)
(2.53082 0.107264 -0.0336748)
(2.53082 0.107264 -0.0336748)
(1.7878 -0.304128 0.0186336)
(2.36321 -0.100471 0.0109762)
(1.8725 -0.295715 -0.00731421)
(1.8725 -0.295715 -0.00731421)
(2.4019 -0.0917863 -0.0326087)
(2.50275 0.0986648 0.00717927)
(3.69075 0.943698 -0.0195595)
(1.7878 -0.304128 0.0186336)
(2.50275 0.0986648 0.00717927)
)


// ************************************************************************* //
