/*--------------------------------*- C++ -*----------------------------------*\
| =========                 |                                                 |
| \\      /  F ield         | OpenFOAM: The Open Source CFD Toolbox           |
|  \\    /   O peration     | Version:  2312                                  |
|   \\  /    A nd           | Website:  www.openfoam.com                      |
|    \\/     M anipulation  |                                                 |
\*---------------------------------------------------------------------------*/
FoamFile
{
    version     2.0;
    format      ascii;
    arch        "LSB;label=32;scalar=64";
    class       volScalarField;
    location    "2.9";
    object      p;
}
// * * * * * * * * * * * * * * * * * * * * * * * * * * * * * * * * * * * * * //

dimensions      [0 2 -2 0 0 0 0];

internalField   nonuniform List<scalar> 
2958
(
-45345.6
-41129.5
-23932.5
-68122.8
-43549.7
-23591.9
-41592
-46444.3
-23589.9
-45565.8
-44263.7
-38778.2
-45414.4
-38786.5
-45310.9
-44227
-40768.9
-45509.5
-38777.3
-46776.6
-38561.3
-40059.1
-38391.1
-45960.5
-45444.8
-45707.1
17572.2
-46687.4
-42530.2
-44468.5
-45666.1
-49384.8
-38905.8
-27600.5
-45462.5
-45439.1
-38783.6
-38486.7
-47407.9
-49734.2
-136122
-42867.6
-40908
-45321.9
-38779.1
-36498.6
-44062
-41797.7
-57904.6
-40958.1
-44811.9
-40989.5
-49537.9
-44190.6
-44865.6
-58674
-46671.5
-47467.4
-45387
-76384.4
-47809.3
-46753.9
-44106.6
-44496.5
-38791.9
-38785.1
-44201.4
-39289.2
-39166.5
-49580.5
-39571.9
-38775.8
-34701.6
-45514.3
-38813.4
-44112.6
-47930.6
-44047
-38785.4
-44800
-45397.1
-41470.4
-46740.7
-46939.7
-46901.2
-44454.9
-42583.4
-44492.2
-40412
-38999.1
-44950.8
-44201.5
-43814.2
-38772.4
-44541.2
-43302.9
-50961.6
-67800.3
-38788.3
-38782
-68062.4
-45400.9
-43754.9
-41751.7
-38958.6
-41401.5
-38773.6
-59140.8
-38799.8
-41779.2
-104716
-44911.7
-38822.8
-45408.6
-38785
-38787.8
-44389.8
-45084.8
-41843.9
-45219.1
-52178.5
-38777.3
-43878.9
23021.2
-51450.1
-47167.6
-51063.2
-40602.7
-45440.1
-38763.2
-38800.3
-38742.9
-45124.4
-38793.7
-38778.4
-38793.8
-45476.3
-46440.3
-38784.2
-38787.1
-47550.5
-43294
-38582.1
-38817.2
-45462.2
-36722.6
-38807.1
-38780.2
-42859.2
-38779.3
-46826
-51398.8
-45958.1
-39733.7
-46777.8
-38796.7
-38201.9
-45555.1
-42806.3
-83170.8
-47152.1
-46283.7
-46408.7
-38782
-56055.7
-51062.3
-36553.2
-38786.3
-55529.5
-33187.5
-54371.8
-38774.1
-39083.4
-44492.9
-38818.1
-29364.9
-39429.8
63668
-30134.3
-39231
-39262.6
-40732.6
-45345.6
-134614
-41692.4
-41142.8
-41433.5
-38799.8
-41789.5
-62686.9
-41849.6
-43075.6
3848.48
-50413
-34944.5
-42215.6
-40797.3
-54825.2
-44856
-102103
-46258.7
-38790.7
-45403.9
75926.4
-63174.7
-39710.5
-40843.6
-40327.7
-42584.9
-60159
-38786.5
-38980.9
-38795.9
-41640.4
-38791.9
13288.2
-44525.3
-38789.8
-38790.4
-38787.6
-38760.2
-43706.2
-42652.1
-41036.6
-209144
-44602.7
-46721.8
-38792
-38094.3
-38685
-42381.8
-49351.6
-43558.8
-42828.1
-42427
-38755.2
-38830.4
-45405.6
-38836.7
-15635.2
-38813.7
-16529.7
-59993
-46605.9
-45852.5
-55971.5
-42641.9
-45411.6
-44262.2
-45378
-47417.5
-43833.8
-44876.1
69424.1
-67885.5
-32542.2
-44839.7
-42487.1
-45412.4
-41065.1
-44921.3
-38615.1
-41191.3
-62342.9
-43916.3
-44069.4
-47097.2
-45713.5
-37258.6
-38477.8
-38783.7
-41834.5
-44924.2
-38771.4
-42068.7
-45692.7
-38790.5
-39963.2
-38791.6
-42032.9
-38785.1
-38740.6
-43780.1
-44456.9
-40356.2
-38783.2
-40114.6
-88460.1
-111732
-44240.5
-45819.9
-35468.4
-38784.5
-38780
-47046.7
-7592.6
-38786.5
-44857.2
-38786.8
-46718
-45968.9
-42534
-42124.9
15530.5
-47634.7
-27150
-73159
-38620.1
-44417.3
-45182.4
-38803.6
-45084.3
-44537.1
-38799
-42014.5
-208034
-45047
-42326.8
-42206.2
-45957.6
-39227.1
-42952.7
-45155.8
-34966.2
-32245.6
-38493.3
-44924.1
-38710.2
-107283
-97765.6
-42853.5
-46513.4
-38775.1
-38784.1
-26765.1
-38784.2
66630.5
-62839.4
68558.8
-38802.8
-44507.3
-44023.2
-43532.4
-42170
-38802.8
-42888.7
-38802.1
-39053
-48732.4
-47718.4
-57309.2
-44933.3
-60104.1
-49388.4
-29776.4
-44760.6
-38787
-45285.5
-44084.1
-45353.1
-97314.5
-45630.3
-56236.1
-37804
-46324.8
-57426
-42312.6
-88416.2
-62582.6
-51803.7
-52199.6
-44472.4
-38786.9
-58539.9
-44677.5
-35036.1
-44763.5
-46102
-44794.3
-42493.4
-47838.7
-43844.6
-38799.9
-45197.9
-41857.2
-38844.3
-46140
-54832.1
-38274.8
-38790.2
-45500
-38784
-38639.4
-40162.7
-43221.4
144446
-97530.6
-38786
-38780
-42915.1
-45647.2
-44758
-39431.6
-66360.6
-44622.9
-45452.4
-39173.4
-44496.8
-45352.4
-48636.8
-46446
-45417.9
-44288
-34625.8
-48197.8
-42456.9
-44203.7
-62670.1
-45345
-45353.3
-38779.5
-40556.3
-34783.2
-40853.8
-45381.9
-38484.5
-47645.3
-45348.6
-45174.2
-41065.4
-43911.1
-44004.3
-35246.5
-48554.4
-46027.4
-43337.1
-35722.3
-46837.6
-47456.9
-38791.2
-38006.3
-41831.5
-44927.5
-52233
2378.09
-39545.9
-38696.5
-40384.6
-38831.8
-42298
-38810.6
-49254.6
-45182.7
-35613.8
-47130.6
-50323.7
-38785.2
-45125.9
-39864.1
-38786.3
-43174.4
-68525.1
-48220.9
-45957.8
-44779.3
-42004.8
-28803
-43603.1
-44785.6
-42351.3
-45736.6
-38778.5
-46054.2
-35307.7
-44514.8
-39544.3
-43864.6
-42439.5
-25297.3
-44230.5
-45494
-32669.2
-38790.9
-39270
-40489.8
-45371.3
-45311.1
-43808.6
-5372.98
-45236
-40038.4
-42755.4
-61083.2
-45457
-41674.7
-44018
-46652.5
-38802.5
-38814.4
-38758.8
-43205
-38813
-38790.6
-47632.1
-47383.7
-38784.5
-72522.4
-28948.5
-53169.5
-49655.4
-38810.6
-38781
-45324.9
-38785.5
-44761.3
-44802.8
-13410.9
-44679.2
-42321
-48326
-39090.3
-42323.5
-45478.4
-35515.3
-44702.8
-44643.8
-24971
-38602.8
-44218.1
-53936.7
-44215
-38975.7
-34506.7
-38777.4
-42029
-42368.7
-34963.1
-42767.1
-47191.2
-44198.9
-45703.6
-44531.7
-38779.2
-44021.1
-38737.6
-41941.5
-44198.2
-38400.7
-38784.8
65811.6
-38802.5
-38783.3
-41448.9
-46318.2
137927
-46137.7
-45685.5
-45170.1
-44636.2
-45886.2
-45052.8
-38974.9
-44432.7
-45441.4
-45038.2
-44897.8
-38791.9
-44739.2
-14093.7
-44968.7
-46542.4
-45140.2
-38807.4
-38829.9
-39010.7
-37125.6
-38820.7
-43819.9
-38788.2
-46354
-40818.4
-42014.1
-44046.6
-34892
-47569.9
-38616.7
-38867.7
-38782.3
-41915.3
-46207.9
-38785.9
-38793.2
-45550.5
-48196.1
-38497.7
-50375.4
-43634.8
-49489.2
-45360.3
-36524.5
-38775.6
-45565.9
-38848.9
-47778.4
-35531.1
-45509.6
-43723.1
-49786.4
-37935.8
-38783.2
-44645.8
-40817.6
-38792.6
-38786
-43663.4
-46410.7
-43138.4
-42271.3
-38779.2
-41829.7
-44750.9
-64032.3
-45709.6
-39970.6
-45182.5
-38805.9
-43090.6
-45059.2
-44695.5
-38788
-50926.7
-38788.1
-40645.6
-38787.4
-43285.2
-44546.2
-39076.4
-37659.5
-47470.4
-43525
-38735.4
-46685.8
-44595.5
-39079.7
-45347.5
-43849.2
-43349.9
-38745.9
-44458.4
-38784
-38789.5
-52383.4
-51099.1
7824.74
-46199.5
-39081.8
-42279.8
-37858.4
-52708
-52054.1
-41139.4
-37802.3
-38824.6
-39060.1
-36416.7
-38792.3
-37696.9
-38828.4
-45623.9
-43969.4
-51036.2
-39439.2
-63661.4
-115613
41508.1
-35802.6
-45006.7
-57838.6
-38748.7
-38782.6
-42782.4
-44411.1
-38781.8
-47669.5
-38793.4
-41137.1
-39885.1
-44861.7
-46606.3
-42073.4
-37312.4
-35224.2
-47263.6
-47654.8
-45328.5
-38287.8
-49870.7
-46925.2
-45274.1
-38741.4
-38793.8
-47178.6
-44553
-43595.7
-46650.9
-43994.2
-43243.9
-81818.3
-46314.8
-43459.9
-49024.5
-40933.9
-40874.2
-45434.1
-48619.5
-45472.7
-46620.1
-45061.1
-54234.1
-42430.5
-34253.9
-38730.3
-39753.5
-45847.6
-38788.7
-30983.3
-38790.2
-181559
-42739
-38780.8
-48555.1
-104618
-44780.8
-41199.8
-37691.8
-47095.6
-46575.9
-46288.6
-38569.8
-44639
-45348.2
-41329.3
-166891
-45166.6
-45098
-38287
-52096.7
-43158.5
58978.3
-54180.4
-68262.1
-39306.5
-38777.9
-91121.4
-21165.1
-24434.8
-44315.5
-46796.5
-44357.7
-41768.4
-38788.9
-38782.1
-38785.2
-51565.4
-39334
-38788.3
-45278.8
-38792
-51806.4
-38714.9
-38950.5
-34351.6
-39752.6
-47770.3
-38787.9
-38793
-47684.2
-46998.3
-38780.7
-38785.8
-42246.1
-38785.1
-67059.7
-47298.7
-39034.5
-34334.5
-45229.1
-38770
-40888.2
-45042.4
-44935.2
-50705.2
-44969.7
-45529.2
-39269.8
-43209.1
-38278
-44511.1
-45330.7
-47033.6
-37865
-38815.9
-47556.4
-59201.7
-44483.2
-47649
-46271.5
-43831.5
-41455.9
-45972.7
-37907.6
-42166.4
-46798.2
-38791.8
-43694.5
-49010.7
-44382
-44498.8
-19191.1
-79943.3
-45359.7
-44209.8
-45383.3
-42643.5
-44711.6
-33655.6
-43959.7
-47662.8
-33252.7
-45680.5
-40214.1
-44446
-45391.4
-105374
-45190.6
-42175.4
-46811.4
-38786.6
-77743.1
-44168.7
-49862.9
-45215.1
-38790.5
-38494.1
-38774.7
-43839.7
-45225.9
-36411.4
-44489.3
-45039.3
-45421.1
-46239.1
-45891.6
-13769.5
-42189.7
-46756.3
-39359.7
-38802.1
-45383.1
-46805.3
-42283.6
-22906.1
-47273.7
-44448.3
-60528.9
-36338.5
-42565.2
-50678.9
-38934.5
-43842.6
-46621.3
-38782.5
-41172.2
-119926
-73427.6
137353
-49282.4
-38781.8
-38512.8
-44617.6
-38784.7
-38784.6
-38784.2
-57659.2
-45299.9
-40749.5
-39950.8
-29988.9
-44510
-40405.5
-112819
-44913.7
-40380.8
-38787.5
-40259.6
-45654
-44564.6
-45311.5
-41615.6
-49040.5
-39652.3
-166440
-38786.8
-50964.6
-36054.3
-35578.8
-39300.8
-36826
-43774
-38749.8
-45370.2
-44228.8
-44488.1
-54970.5
-46603.7
-56648
-46257.9
-39095.7
-41436.8
-44050.7
-54960.1
-48313.7
-43237.8
-44696.9
-44224.6
-42299.3
77843.2
-43945.6
-43075
-41801.9
-38961.3
-46792.6
-39712
-41352.7
-44430.3
-40187.1
-44728.1
-41732.1
-44186.7
-41251.4
-44509.3
-35598.7
-38786.4
-45117.2
-36320.7
-43664.1
-49473.3
-47604.7
-47879.5
-41250.5
-45547.8
-47732.6
-46238
-97665.1
-44324.8
-41484.4
-46309
-43811
-42427.8
-38783.1
-38812.6
-43136.7
-41394.9
69497.4
-38783.5
-47285.4
-49599.7
-35256.2
-44980.5
-49812.6
-43138.2
-44468.6
-76642.8
-38782.4
-42631
-38783.3
-45209
-22092.1
-46629.3
-49879
-38947.5
-45388.3
-38779.1
-37273.8
-44058.8
-44039.2
-44540.4
-45531
-33114
-28212.8
-36257.3
-44550.7
-44955.3
-27306
-51011.6
-45315.4
-45379.4
-42083.9
-35001.8
-34664.6
-40202.3
-38166.7
43527.5
-44858.3
-43423.3
-48992.4
-45338.8
-45301.1
-38693
-38574.7
-97074.7
-43040.6
-38814.1
-107378
-50235.2
-45120.6
-38787
-49362.3
-45917.4
-37719.4
-44688.8
-44956
-108510
-46800.7
-23760.8
-38675.3
-44819.6
-45583.7
-41214.6
-65155.1
-38782.6
-36448.8
-49173.3
-45154.5
-38785.5
-38791.3
-46378.3
-38782
-38799
-39505.8
-44876.5
-40620.5
-38833
-38792.9
-43222.9
-38478.5
-45007.9
-45204.1
-51277.6
-38784
-45862.7
-44924.2
-39302.5
-42887
-38220.7
-55709.4
-38786.7
-44708.8
-38793.4
-38808
-38786.7
-49685.6
-45408.9
-38271.6
-44511.4
-45411.8
-37186
-45144.4
-53488.7
-42720.1
-38794.7
-41051.4
-38821.8
-122810
-89278.6
-38795.7
-56935.1
-45028.7
-57705.7
-40462.1
-46762.6
-44486.7
-37242
-48038.8
-50881.8
-38707.4
-44030.6
-40565.9
-46532.6
-46377.6
-45433.7
-46530.8
-37807.1
-43234.6
-45769.8
-38778.9
-97149.3
-42308.9
-51096.8
43426.5
-46509
-38670.5
-41745.5
-38801.6
-38683.6
-44593.8
-39393.1
-38800.6
-49372.1
-38778
-38787.2
-38782.2
-38785
-44609.7
-45813.6
-10278.3
-47849
-41556.8
-48102.6
-42353.4
-39649.5
-40521.1
-43447.3
-46867.3
-44264.8
-43073.5
-44191.9
-40753.1
-42338.8
-40330.7
-38791.9
-39588.1
-45547.4
-39590.8
-47279.2
-43793.3
-50163.2
-44577.7
-38787.9
-38765.5
-46755
-38492.7
-45467
-45164.6
-45078.8
-46134.4
-47137.6
-45398.2
53247.8
-27164.2
-38845
-47399.6
-45753.6
-58568.8
-49988
-42351.3
-45193.2
-45815.1
-44949.2
-38791.3
-50892.5
-57767.2
-45748.5
-37133.7
-45286.6
-44930.2
-42321.2
-44767.6
-34197.3
-36161.4
-38792
-45252.6
-34211.4
-44868
-38802.6
-38837.6
-44680.4
-44658.4
-45070.5
-45668.3
-44915.4
136504
-38782.6
-45288.3
-39626.1
-38715
-48141.4
-38744.2
-44470.7
-37584.9
-38782.6
-47781.3
173017
-46868.2
-44503.8
-45083.8
-38758.7
-44804.2
-38804.4
-44812.5
-47550.5
-107655
-44101.3
-38588.4
-35772.4
-45674
-114618
-38787.5
-45038.6
-43821.9
-45645.7
-38403.3
-45404.9
-44367.7
-45537.2
-45757.3
-44218.9
-42636
-44710.9
-47018.7
-38796.8
-52059.3
-44529.9
-44954.1
-45327.5
-44648.1
-42865.4
-42156
-38706.3
-44467.2
-44702.7
-38788.7
-44928.6
-38574.5
-45299.9
-38834.1
-42506
-41283
-43185.7
-41459.1
-48894.9
-38705.4
-41157.6
-44676.1
-44269.3
-45672.5
-39239
-45321.8
-45482.9
-38792.2
-38787.1
-43442.4
-43457.3
-38788.2
-38501.9
-32967.6
-45919.1
-32831.8
-39126.3
-51950.4
-28203
-50583.6
-44831.2
-33126.1
-43478.8
-45405
-46243.1
-47009.5
-44237.4
-35322.7
-45701.7
-53418.4
-44623.1
-43598.5
-46991.7
-41037.9
-40663.8
-49001.6
-43767.1
-43956.9
-41467.6
-109899
-42419.8
-40596.5
-43492
-45544.7
-55415.8
-42034.3
-45726.2
-38974.4
-41612.7
-45111.7
-38787.9
-44254
-44495.7
-44483.8
-44260.6
-44914.3
-46355.5
-43002.3
-41763.7
-44638.4
-44467.7
-44235.8
-44943.5
-47461.6
-76265.5
-48200.3
-42900.2
-38796.9
-60014.5
-26773.1
-38812.4
-44550.7
-45125.1
-41476.2
-47327.4
-46724.5
-44537.7
-40696
-38808.3
-46323.7
-44259.7
-49424.2
-179519
-45312.9
-43814.3
-44215.7
-23596.3
-37069.5
-38719.8
147647
-38776.6
-46726.9
-38780.9
145774
-38791.4
-45605.2
135108
-37710.8
-38791.8
-46390.8
-38786.7
-38726.3
-47705.2
-38784.3
-31475.4
-38620.4
-45060.1
-38789
-47470.2
-65314.8
-44818.2
-38792
-46265.1
-41542.6
160492
-38780.2
-42041.2
-38767.4
-46689.5
-38783.4
-47498.2
159198
-38794.1
-95457.5
-68805.4
-45232.2
-43763.9
-41700.5
-38649.5
71499.3
-38833.6
-45782.2
-38783.8
-38488.4
-40894.7
-45467.8
-38763
-46792.3
-38891.4
-46390
-45489.8
-40786.5
-36301.3
-45602.7
-134553
-37462.2
-44593.4
-42394.6
-38795.3
-38793.6
-44840.3
-27736.2
-50212.5
-43854.6
-44354.2
-38759
-38778.9
-43809.2
-43688.7
-46431.3
-40671.6
-44659.1
-47806.1
-36940.9
-38223.8
-38784.9
-38783.9
-43537.3
-22212.6
-9707.09
-43822.1
-43858.7
-50588.8
-47170.8
-45855.9
-47894.2
-53083.3
-38793.6
-45985.5
-44803
-45364.1
-41013.5
137703
-38792.7
-45363.9
-47140.5
-45937.9
-38794.1
-45990.3
-58440.8
-46852.1
-38794.7
-46163.2
-101039
-38786.3
-38743.4
-38785.9
-38783.9
-38786.6
-38783
56228.1
-46140.8
-45640.3
-45617.6
-47370.1
-45027.3
-39261.8
-44874.4
-38791.2
-38770.1
-44832.9
-43775.6
-38786.3
-44454.2
-51363.8
-38806.6
-47472.9
-50587.3
-50114.9
-35326.4
-46587.4
-43403.9
-35785
-87541.1
-45308
-43916.1
-47032.3
-38791.6
-38925.7
-40701.3
-43801.8
-38771.1
-56249.6
-51488.9
-45281.8
-38783.4
-46501.6
-55416.2
-42551.6
-47231.2
-38056.3
-45491.9
-38783.9
-44920.8
-44651.5
-43587.7
-34578.1
-37402.7
-45925.5
-38801.5
-45599.8
-47372.4
-44919
-50615.4
-45151.2
45189.6
-12167.3
-34413.2
-9183.9
-44467.8
-47353.8
-44056.5
-41030.7
-45172.2
-41774.8
-44507.2
-45069.5
-43868.8
-38628.7
-38785.9
-36021.9
-40781.8
-35234.2
-44785.1
365706
-39524.7
-34917.2
-41932.6
-38839.1
-37299.3
-10298.1
-30311
-39538
-44872.3
-38783.8
-48018
-44134.8
-37835
137137
-38761.5
-38785.6
-37486
365413
-45311.7
-44951.8
-45370.7
-38778.4
-45009.9
-39986.8
-45060.3
-70158.8
-45454.8
-38783.4
-45403.5
-38775.8
-40072.8
-42476.4
-25333.2
-44630.5
-44935.8
-44710.4
-38785.9
-47971.1
-43383.5
-53923.9
-43254.2
-122210
-43112.4
-41985.7
-45118.4
-48145.5
-51263.7
-40643.7
-45432.9
-41465.8
-45950.7
-38784.3
-36600.6
-36312.7
-46419
-45438.1
-36537.1
-44689.3
-41070.6
1876.27
-44430.3
-44271.8
-45260.5
-40421.9
-45293.9
-38795.9
-38783.8
-38787.9
-39035.2
-45870.2
-38785.8
-38792.3
-46536
-67665.2
-38786.3
-127457
-47372
-38822
-44497.4
-54399.2
-45272.6
-200915
-44582.6
-53919.6
-40362.1
-39359.8
-42288.5
67184.2
-44398.8
-42269.6
-38772.2
-49075.6
-44933.7
-44741.4
-44957.5
-45302
-38785.8
-38974.6
-46408
-38775.6
-38790.7
-71304.3
-34935.2
-38782.5
-44988.1
-38780.9
-45680.7
-45200
-38813.9
-45301.7
-42799.8
-45031.5
-42726.8
-46364.6
-15219.1
-18016.3
-40633.6
-38178.5
-44893.3
-45659.9
-45230.8
-46923.2
-38786.6
-40184.8
-38792.4
-39933
21540.1
-44157.6
-44317.2
-38933.5
-41970.4
-42135.7
-40684.5
-38786.5
-38786
-38787.1
-38772
-38771.7
-38771.3
-43251.7
-43601.1
-94945.1
-96592.6
-93012
-100003
-47262.8
-36420.9
-35723.8
-53383.2
-30020.1
-42628.1
-38891.5
-46010.5
-38818.8
-38837.2
-35365.6
-62234.6
362253
-45897.5
-61890.6
-60833.3
-61548
-53404.8
-48043.5
-59225.3
-52569.4
-45354.2
-49408.1
-60924.4
-69842
-41418.2
-40034
-40917.8
-39130.6
-46311
-41867.4
-39163.5
-40276.1
-39012.3
-40112.8
-38918.3
-38777.7
-38768.8
-38787
-38785.5
-38790.4
-38785.6
-38792.7
-38788.9
-38800.7
-38792.7
-38855.1
-38864.5
-38823.6
-38910.4
-38383.6
-39989.5
-38449.6
-38379.9
-40044.1
-38297.8
-38284.8
-170540
-185238
-55242.1
-72449.8
-138684
-128130
-45685.8
-43992.5
-46618
-47085.2
-46485.3
-45642.1
-46873
-46911.8
-46192.5
-46899
-43761.8
-48517
-48313.8
-43665.5
-44746.8
-45285.6
-45373.2
-45333.7
-45294.5
-45319
-45416
-45408.2
-45644.5
-45524.6
-45626.1
-45740.7
-45987.8
-46275.4
-45445.8
-46460.8
-46538.8
-46363.3
-46642.3
-47575.3
-46688.9
-45926
-46940.7
-47067.4
-46996
-46973.5
-47051.3
-47043.4
-46915.5
-46963.9
-46941.8
-46801.5
-46823
-46845.8
-46755.6
-46809.8
-46710.2
-46122.9
-45335.9
-45950.3
-47427.1
-37259.5
-39579
-40037.4
-9178.43
-9892.69
-17163.2
41163.3
42268.2
41076
17481.6
80630.1
54743.7
29005
41464.7
30679.6
-39939.9
-8165.53
3636.87
-35050.1
-33957.8
-26474.1
-26465.5
-25987.6
-19651.4
-12229.2
-19143.2
-18538.3
-20640.4
-33393.7
-54110.3
-38425.7
-37759.3
-33470.8
-36158.3
-35200.6
-31385
-41406.5
-28132.7
-41693.1
-36782.7
-41751.2
-41282.9
-40881.3
-40682.1
-49523.9
-40358
-38853.8
-33303.9
-57921.6
-57995.1
-77896.5
-59433.4
-50824.8
-51851.6
-52637.8
-51358.4
-100609
-87491.1
-83454.4
-43791.4
-51979.8
-48369.9
-43582.9
-43031.8
-44788.1
-41209.1
-97527
-97888
17774
-97834.5
-97507.4
13074.6
-97988.6
-132379
7609.45
-133803
-3608.36
-12546.5
-59416.3
-146267
-114229
-117826
-33488.9
-75280.2
-76632.5
-49721.8
-51504.9
-54143.8
-44881.9
-43585.4
-43213.4
-42744.8
-43018.9
-42085.8
-42484.5
-42934.8
-41981.4
-42032.9
-40775
-45023.8
-44388.5
-46143.4
-45647.5
-45266.2
-45498.5
-45148.8
-45078.7
-45143.9
-44978.1
-45395.3
-45230.1
-45364.6
-45411.5
-45454.6
-45568.8
-45463.2
-45298.3
-45372.5
-45335.5
-45515.2
-45698.6
-38969.7
-38987.9
-38969.6
-38860.3
-38778.6
-38768.1
-38705.2
-38723.4
-38802.6
-38811.7
-38813.6
-38780.3
-38780.6
-38761.2
-38810.1
-38852.2
-38748.7
-38812.5
-38859.3
-38836.8
-38832
-38757.7
-38827.2
-38801
-38784.7
-38815.7
-38742.5
-38736.4
-38810.5
-38789
-38790.1
-38784
-38791.3
-38792.5
-38792.4
-46246.7
-38788.6
-38789.7
-38790.3
-38790.6
-38793.6
-38786.2
-38785.2
-38794.6
-38784.7
-38940.6
-38328.8
-40114.4
-38366.4
-38230.4
-38241.5
-38904.1
-38774.5
-45300.6
-45333.4
-45399.1
-45548.1
-45633.8
-46453.2
-46834.5
-46848.7
-43857.6
-63374.2
-46208.6
-38697.9
-16885.6
18466.4
-8612.51
50412.1
45227.3
-34729.9
-13146.5
-13623.2
-71331.3
-55122.5
-35038.5
-36433.1
-31047
29532.2
-49000
-111294
-71686.2
-84865.2
-52545.1
-47582.6
-48975.9
-51814.5
-42141.6
-78688
-41245.9
-96915.1
-97495.9
-97346.7
-129252
-68647.7
-79921
-47866.5
-50586
-49542.7
-44790.5
-44830.1
-42556.9
-42472.6
-42859.5
-42582.7
-45628
-45086.4
-45264.6
-44905
-45785.7
-45501.7
-45543.5
-45918.3
-45485.7
-45370.9
-45432.9
-45328.3
-38931.1
-38672.2
-38779.8
-38839.5
-38818.2
-38741.1
-38820
-38859.3
-38753.3
-38833.2
-38844.9
-38851.9
-38797.2
-38784
-38784.7
-38791.9
-38791.7
-38789.2
-38791.2
-38794.8
-38787.2
-38794.1
-38790
-38787.1
-38782.3
-38781.9
-38782.9
-38782.9
-38783
-38783.3
-38783.9
-38783.6
-38790.7
-38786.7
-38784.6
-38786
-38785.7
-38787
-38786.5
-38784.9
-38791.7
-38791.1
-38793
-38793.3
-38789.8
-38791.7
-38801.7
-38791.1
-38790.3
-38807.7
-38821.3
-38696.8
-38719.8
-38731.6
-38816.2
-38829.7
-38400.8
-46366.8
-47058.3
-47813.4
-47176.6
-47358.1
-69602.5
-57112.3
-58281.2
-64087.4
-119218
-102056
-113350
-55740.1
-122290
-44439.8
-43684.7
-44167.9
-44870.8
-44902.2
-44730.1
-44523.1
-45325.1
-44867.6
-45367.9
-45319.8
-44814.1
-45078.2
-45188
-45022.1
-45157.4
-45118.9
-45063.1
-45204.1
-45176
-45237.4
-45163.5
-45035.3
-45371.8
-45434.9
-45575.5
-45580.3
-44786.8
-45292.4
-45076.4
-45311.2
-45318.9
-45278.5
-45393
-45432.7
-45507.8
-45482.2
-45455.5
-45455.9
-45390
-45348.8
-45374.5
-45335.9
-45293.5
-44669.4
-45938.9
-46731.6
-47309.7
-47582.5
-47718.7
-47027.4
-36204.7
-33041.8
-34543.9
-34768.1
-33785.8
-26321
-46007.1
-36715.5
-37782.9
-45008
-43168.4
-35263.3
-35329.2
-43285.2
-38422
-13852.9
-37069.5
-49888.5
-45122.4
-50741.6
-43189.1
-47734
-44734.2
-43220.3
-12499.2
-40849.2
-43036.2
-41812.2
-42429.6
-44253.5
-43884.4
-49880.2
-49540.6
-48275.2
-41152.7
-41125.8
-39034.4
-38812.9
-37854.5
-41380.7
-38724.9
-38598.6
-39493.2
-40929.2
-41066.4
-41934.6
-41596
-37298.7
-38532.3
-40218.8
-39301.4
-38464
-36079.3
-43438.3
-59925.8
-49185.4
-55363.4
-101345
-77450
-77942.9
-75725.3
-52585.2
-51153.3
-51627.9
-51271.2
-51059.6
-54354.5
-46402.6
-47272.1
-47253.5
-49711
-44689.9
-47184.2
-48298.4
-48359.8
-49665.7
-37251.5
-47251.7
-98101.7
19331.7
-45689.7
-65079.9
-67340.5
-47767.7
-56205.9
-45701.1
-67618
-46560.3
-48435.3
-54162.8
-44303.3
-44516.6
-42862.3
-50412.4
-45467.4
-45197.6
-44096.1
-44394.4
-44133
-43903.2
-43894.8
-43885.4
-43850.3
-43849.6
-43870.4
-43843.5
-43803.7
-43895.6
-43568.7
-43917.7
-43814.9
-43834
-44515.9
-44354.6
-44722.1
-44439.4
-44418.2
-44556.1
-44721.6
-44588.3
-44511.7
-44611.9
-44690.6
-44754.6
-44718.7
-44982.4
-44857
-45670.1
-44880.6
-44862.5
-44933.2
-39291.4
-38679.5
-39309.5
-38942.8
-38960.6
-38965.7
-38918.8
-38955.4
-38934.9
-38842.4
-38775.2
-38741.5
-38799.3
-45733.4
-38777.6
-38750.3
-38793
-38786.2
-38784.5
-38785.6
-38786.4
-42406.9
-38786.9
-38785.6
-38785.8
-38787.7
-38783.3
-38782.6
-38795.9
-38785
-38788.3
-38781.9
-38788.8
-38789.6
-65503.2
-40478.6
-40923.9
-48080.8
-47783.1
-47268.1
-38786.5
-38786.3
-38787.2
-38786.5
-38782.6
-38785.1
-38785.5
-38785.2
-38784.5
-38785.1
-38787.5
-38786.9
-38787
-38784.8
-38782.9
-38790.8
-38788.2
-38785.9
-38790.4
-43606.1
-38793
-38798.3
-38797
-38831.8
-38731.6
-38738.5
-38731.9
-38821.3
-38482.7
-39061.7
-50221.7
-46136.2
-46547.2
-46686.5
-46971
-47168
-46958.7
-47208.5
-47930
-56081.8
-65371.4
-45494.2
-47053.1
-44652.1
-46017.4
-47399.7
-44581.5
-43967.7
-44235.6
-44854.3
-44970.6
-45128.8
-45118.4
-45161.1
-44500.6
-44994.5
-44324.9
-45115.5
-45003.6
-44852.7
-44785.3
-44966.1
-44764.8
-44599.4
-44695.6
-44701.9
-44688.1
-44649.3
-44750.2
-44836.3
-44637
-44673.5
-44526.5
-44571.8
-44571
-44646.4
-44757.8
-44284.7
-44553.7
-44455.9
-45384.5
-44496.6
-44344.4
-44396.8
-46174.5
-45276.6
-44496.2
-44478.6
-44495.7
-44478.7
-44475.1
-44486.7
-44445.9
-44220.2
-45392.6
-46559.9
-44768
-45905.9
-39307.8
-39857.3
-46152.6
-47534.6
-46673.5
-41092.2
-46636.3
-43420.2
-39277.6
-34345.8
-38369.2
-34382.7
-25530
-33267.4
-38721.4
-39322.3
-40551.1
-40082.7
-41480
-41933.3
-42229.2
-41964.1
-41968
-41799.6
-40561.7
-40916.9
-42263.6
-37724.3
-40659
-14492.3
-37899.9
-37085.8
-26854.2
-34424.9
-43028.4
-43011.8
-42317.4
-42788
-39383.9
-43190.7
-42399.9
-43777.9
-43586.9
-43340.2
-44388.3
-42395.2
-44143.3
-44499.4
-42780.8
-43943.3
-48195.7
-45041.4
-39526.5
-39240.9
-37141.4
-41989.5
-41950.6
-41611
-41487.4
-39883.4
-40007.1
-39913
-40035.3
-39989
-41519.3
-42549.6
-42136.9
-39686.2
-40401
-41033.2
-41134.5
-42444.7
-40799.9
-41549.2
-42178.5
-41696.5
-40753.9
-41828
-41278.7
-43615.5
-35619.9
-56741.8
-41616.2
-45048.9
-46416.5
-45511.7
-46824.5
-54473.5
-45952.5
-46247.3
-51550.1
-46557.1
-46284.3
-45974.5
-45479.1
-44587.8
-46349.3
-47306.5
-45732.7
-45889.1
-45248.3
-42051.2
-45794
-46563.3
-47962.5
-44478.1
-45460.4
-47139.9
-51224.2
-51237.6
-50901.7
-49302.1
-45201.6
-45886.3
-45359.1
-42108.9
-45377.5
-44859.7
-44824.2
-44008.8
-43626.2
-44405.3
-44803.4
-44393.4
-43861.2
-43876.1
-44196.7
-44204.3
-43835.8
-44205.9
-44218.1
-44177.3
-44202
-44263.6
-44161
-43767.8
-44185.3
-44191.9
-44056.4
-44167.6
-44152.7
-44489.6
-44281.9
-44481
-44673.5
-45221.4
-44362.3
-44286
-44380.2
-44465
-44551.9
-44577.6
-44485.5
-44546.7
-44540.1
-44454.2
-44748.7
-44606.1
-44882.1
-44726.5
-44736.5
-44550.8
-44656
-44676
-44780.3
-45000.8
-44812.4
-44852.3
-38788.7
-43847.7
-38740
-38703.5
-38934.7
-38758.3
-38958.4
-38726.8
-38809.8
-38821.7
-38800.4
-38748.6
-38792.2
-38802.4
-38792.8
-38787.8
-38780.9
-38783.1
-38783.2
-38784
-38787.9
-38783.6
-38786.9
-38784.6
-38787
-38784.4
-38783
-38787.5
-38782.9
-38796.4
-38783.1
-38786.7
-38787
-38782.9
-45802.9
-45453.6
-37833.9
-40614.5
-38162
-38267.7
-41146.7
-40810.6
-41369.7
-47435.1
-47161.5
-41806.7
-46846.2
-47166.3
-51105.6
-46342
-48399
-47694.1
-38783.4
-38785.2
-38785.9
-38784.3
-38745
-38827.8
-38751.4
-38789.3
-41533.3
-41555.8
-41896.8
-41590.2
-38188
-38786.7
-38785
-38784
-38784.2
-38777.5
-38790
-38780.2
-38788
-38779.7
-38780.6
-38783.9
-38784.5
-38777.9
-38775
-38794.4
-38790.7
-38738.4
-47323.8
-48023.7
-47107.3
-48063
-45709.5
-45427.3
-45508.2
-45028.3
-45134.2
-47198.2
-46142.4
-44904.5
-45069.2
-45197.7
-45029.5
-45143.6
-44899.2
-44810.3
-44899.7
-44407.2
-44408.2
-44801.8
-44775.7
-44714.2
-44716.6
-44206.3
-44309.4
-43971.2
-44256.2
-44204.9
-44433.3
-44134.4
-44467.7
-44205.2
-44174.9
-44558.3
-44476.8
-44746.5
-38784.7
-38784.4
-46084.9
-46211.4
-46469.3
-46200.3
-45760.1
-44013.5
-40090
-40604.1
-40454.5
-38037.9
-37898
-37735.8
-35058.7
-38108.7
-40970.7
-41965
-42174.6
-41903.9
-42310
-41608
-41084.8
-41513.6
-42704
-42585.9
-41837.2
-41968.3
-42444
-42931.4
-43204.1
-42825
-41905.5
-42086.1
-40773.3
-41958
-42054.3
-44816.4
-44597.4
-45165.9
-42227.5
-41579.6
-42141.4
-41960.8
-41617.3
-41568.9
-42181.5
-45670
-46133.5
-45686.7
-45095.8
-45325.1
-45016.6
-45473.1
-45242.5
-38774.7
-38820.3
-38799.4
-38774.1
-38793.4
-38795.6
-38788.2
-38783.7
-38790.4
-38784
-38785
-38787.4
-38786.6
-38783.3
-38782.4
-39688.4
-45761.7
-45790.4
-46242.8
-47760.5
-38781.8
-46450.3
-45569
-38753.9
-46956.1
-42544
-42571.7
-38789.8
-38791.5
-41956.7
-41515.8
-41567.5
-41744.1
-45319.3
-46767.7
-45593.6
-45248.9
-47226
-44673.9
-45023
-44821.8
-44815.4
-38945.2
-38878.1
-38857
-38790.2
-38787
-38795.7
-44130.6
-47987.1
-38792.4
-38794.6
-38735
-45108.8
-44416
-38785.7
-44522.3
-44377
-40296.8
-41809.6
-41631.1
-42560.5
-39291.7
-44076
-46135.8
-38372.5
-40573.2
-37374.7
-46523.9
-47658.9
-46910.6
-45866.7
-44979.5
-44480
-44479.3
-44752.9
-38784.6
-38809.3
-38810.3
-38785.6
-38786.8
-45789.2
-45323.3
-38767.1
-46064.5
-44163.7
-44202.7
-38784.1
-44476.1
-45729
-40932.8
-41488.6
-38786.8
-38784.8
-45274.2
-38773.3
-38771.7
-64963.3
-37126.1
-39769.7
-38784.6
-52804.5
-46242.8
-63085.9
-38784.5
-39101.2
-40705.2
-39984.4
-39543.2
-46812.4
-38783.7
-45286
-38782.1
-46884.6
-16624.1
-15071.7
-11416.6
-35691.2
-60268.5
-52191.7
-52771.7
-42625.8
-85160.4
-42947
-44590.2
-45491.5
-44479
-44464.6
-44963.4
-45386.1
-45663.8
-45302.5
-38912.3
-44149.7
-38769.1
-38773.7
-38743.4
-38735
-44208.8
-38800.1
-44212.2
-38792.3
-38768.9
-38775
-38818
-38791.8
-38780.4
-38791
-84188.5
-43066.8
-46203
-44738.6
-45361.1
-38797.7
-38938.2
-38793
-44876.1
-38787.9
-38936.7
-39427.6
-44866.7
-45459.2
-45455.8
-40400.6
-42284.5
-37985.7
-51814.4
-43406
-44314.3
-45626.7
-42755.7
-43932
-44838.7
-44814.9
-39321.6
-38944.4
-38814.5
-38740.4
-38787.3
-45428.8
-38785.5
-38792.8
-47822.6
-38784.7
-47210.4
-38784.9
-38791.7
-44762.4
-46358.7
-44880.2
-44622.3
-44494.7
-44735.6
-44923.6
-44605.9
-39937.6
-39376.7
-37847.1
-38783.6
-38783.3
-38783.4
-38784.6
-51991.1
-53304.2
-53252.1
-52806.6
)
;

boundaryField
{
    Wall
    {
        type            zeroGradient;
    }
    Inlet
    {
        type            zeroGradient;
    }
    Outlet
    {
        type            fixedValue;
        value           uniform 0;
    }
    Empty
    {
        type            empty;
    }
}


// ************************************************************************* //
