/*--------------------------------*- C++ -*----------------------------------*\
| =========                 |                                                 |
| \\      /  F ield         | OpenFOAM: The Open Source CFD Toolbox           |
|  \\    /   O peration     | Version:  2312                                  |
|   \\  /    A nd           | Website:  www.openfoam.com                      |
|    \\/     M anipulation  |                                                 |
\*---------------------------------------------------------------------------*/
FoamFile
{
    version     2.0;
    format      ascii;
    arch        "LSB;label=32;scalar=64";
    class       volScalarField;
    location    "3.6";
    object      p;
}
// * * * * * * * * * * * * * * * * * * * * * * * * * * * * * * * * * * * * * //

dimensions      [0 2 -2 0 0 0 0];

internalField   nonuniform List<scalar> 
2958
(
-37092.5
-29074.1
22030.3
-59863.8
-36011.3
22835.5
-31969.5
-36777.5
-12288.9
-39983.4
-35736.7
-29660.6
-38788.6
-29668.4
-38423.1
-35992.2
-32890.9
-38654.2
-29664.5
-38621.4
-29341.9
-32141.3
-29087.3
-39352.2
-38738.6
-37471.1
-19189.2
-41479.1
-34002.1
-35994.9
-37345.2
-36827.6
-29695.4
-15140
-31696.2
-45061.4
-29666.9
-29298
-38670.9
-42493.9
-337465
-39164.2
-31160.7
-36794.2
-29660.2
-20072.8
-35346
-30882.3
-49646.9
-35300.3
-36542
-31753.6
-42282.2
-35559.1
-36628.9
-97176.6
-38961.2
-39435.9
-37160.3
-39681.5
-39561.6
-38575.1
-28657.3
-36031
-29674.7
-29669.3
-35575.3
-29256.2
-22548.1
-42035.9
-31970.3
-29658.2
-28401.5
-37317.4
-29681.1
-35552.2
-39727.1
-28436.8
-29616.3
-36480
-38669.3
-34527.6
-41901.7
-42685
-38588.1
-36635.3
-34907.2
-36702.3
-28832.3
-29615.5
-30586.4
-27325.6
-34769.1
-29662.3
-22387.9
-45124.4
-42688.2
-59868.2
-29669.9
-29664.4
-59686.5
-37167.8
-45638
-31059.8
-29761.6
-31421.5
-29655.7
-50805
-29682.1
-39494.5
-96448.7
-36630.4
-29624.6
-39000.3
-29667.3
-29670.8
-36483.4
-36810.9
-32525.1
-36947.8
-43502.5
-29659.5
-34746.8
22570.4
-43351.7
-38917.3
-42751.6
-31552.7
-37211.9
-29658.7
-29648.6
-29624.5
-36856.1
-29675.2
-29658.4
-29674
-39105.1
-38239.4
-29666.6
-29668.7
-39196.7
-31645.8
-29389.6
-29692.5
-37159
-31121.6
-29666
-29662.2
-30673.3
-29660.9
-38663.2
-43139.6
-39568.3
-30498
-38744.3
-29689.8
-29005.3
-37283.3
-30234.7
-66812.8
-39273.9
-40722.5
-38172.1
-29664.4
-42132.8
-43710.8
-25972.4
-29670.5
-47908.2
12367.8
-37736.2
-29656.2
-29868.3
-32999.5
-29700
24012
-35773
40660.9
-21227.4
-22925.6
-27720
-31379.3
-38355.2
-126319
-29727
-31385.7
-29552.7
-29681.8
-33289.2
-54268
-33716.5
-32250.4
69925.5
-43354.4
-26314
-33627.8
-28690.6
-38677.2
-36330.5
-97458.9
-41030.5
-29673.6
-37149.8
29411.3
-118689
62028.5
-31684.9
61043.6
-34173.7
-51903.3
-29668.2
-29611.3
-29674
-29592.1
-29670.8
19820
-36034
-29670.1
-29671.2
-29668.7
-29651.7
-31894.5
-30619.1
-31029.7
-200975
-36354.8
-41744.5
-29672
-23682.6
-32047.4
-30268.7
-38598
-32823.6
-35305.2
-33883.6
-29648.1
-29715.9
-37119.9
-29720
-7550.22
-29706.2
-8441.97
-51852.6
-41404.1
-37606.9
-105377
-33720.7
-38985.8
-36150.2
-37123.6
-41939.3
-38167.1
-37109.9
78605.1
-59618.4
-25716.8
-36616.1
-31875.5
-37144.5
-33387.7
-36657.7
-29477.2
-36815.6
18397.7
-36313.5
-35025.1
-38189.3
-37216.5
-30048.6
-29145.5
-29666.7
-32594.6
-36757.1
-29653.4
-29564.7
-37245
-29667.7
-33591.3
-29675.2
-30666
-29667.4
-29685.3
-36133.5
-36835
-35250.9
-29665
-31059.9
-80221.1
-103490
-35829.1
-39028
-31829.2
-29666.3
-29662.1
-39552.1
63142.5
-29668.1
-36610
-29668.7
-38802.8
-37892.3
-35743.8
-32193.2
19852
-39348.2
11249.7
-65596.2
-29472
-36425.8
-36943
-29680.5
-36851.4
-36272.4
-29676.8
-30202.6
-199865
-37577.1
-31110.6
-33302.2
-37431.8
-33315
-35144.8
-37369.6
-26552.7
14331.9
-29154.7
-36645.1
-29666.2
-98978.1
-289994
-34673.7
-38463.4
-29657.3
-29666.5
6691.54
-29666.6
76687.8
-116614
78658.1
-29679.2
-36708.3
-30484.2
-35430
-35163.4
-29684
-30690.4
-29684.4
-36761.4
-40795.6
-39307.8
-44477
-38571
-42759.8
-40932.5
-23619.9
-36631.3
-29668.6
-37455
-46242.4
-36910.9
-290546
-37388.7
-47991.6
-20532.1
-38194.6
-39323.9
-31253.7
-80162.3
-54209.4
-37580.2
-43333.1
-36432.4
-29668.4
-50337.5
-36511.2
-30151.6
-36523.8
-40200.7
-36030.8
-33928.5
-39590.6
-34316.9
-29646.9
-37401
-34114
-29837.9
-37567.6
-38911.1
-28853.8
-29645.4
-39696.8
-29667.6
-29037.6
-32258.8
-34882.1
152891
-290492
-29668
-29662.7
-35924.5
-37341.7
-36536.4
-31191.6
-58044.8
-36353.1
-37162.2
-27417.5
-36693.3
-37074.7
-40710.8
-38315.6
-38656.8
-35855.6
-32997.3
-30838
-35698.8
-36476.3
-116551
-36828.9
-36837.4
-29660.4
-27661.4
-30837
-24862.5
-38518.6
-29288
-25777.5
-38487.2
-36918.6
-29743.9
-36336.9
-35823.9
-29259
-41512.9
-39817.4
-35340.3
-31131.1
-40807.1
-39208.2
-29674.9
-31929.1
-31542.4
-36646.8
-43515.3
67879.3
-30560.5
-29669.4
-26399.8
-29708.4
-34899.7
-29693.8
-38215.1
-30696.9
-26033
-38859.4
-43677.1
-29667.5
-36933.2
-31511.3
-29668.3
-31661.5
-60111.5
-40035.6
-37635.4
-36657.3
-31266.9
-19560.7
-34975.5
-36641.9
-29603.7
-37483.4
-29660.9
-38040.1
-18544.2
-36641.4
-31728.4
-34573.9
-35082
10909.7
-35535.2
-38640.6
-27387.3
-29673.9
-27680.9
-28806.8
-37035.4
-37884.4
-34838.1
3664.79
-36956.6
-23997.1
-30849.8
-52844.7
-36944.3
-33173.7
-35874.2
-38888.7
-29684.5
-29708.8
-29668.6
-35804.6
-29691.6
-29673.7
-39242.2
-40362.9
-29666.4
-64975.3
-22557.1
-44929.5
-41397.5
-29645.8
-29665.8
-37105.9
-29669.6
-36457.6
-36479.3
-437.21
-41148.2
-33094
-39956.9
-29555
-33722.5
-37099
-17783.2
-36416.4
-36417.3
18739.4
-29458.6
-35525.1
-45657.2
-35538.6
-29632.4
-29948.2
-29656.8
-33593.3
-31094.8
-32090.6
-31729.3
-38963.4
-35578.2
-37627.9
-36146.1
-29661.5
-35890.3
-29669
-33459.1
-35430.7
-29105.8
-29666.7
48195.9
-29668.8
-29665.7
-29669.7
-38157
414299
-37986.9
-37620.9
-36910.2
-36274.9
-39298.1
-37091.2
-27783.6
-36111.6
-36981.6
-36832.4
-36516.8
-29675.6
-36655.1
-6021.6
-36579.7
-38385.2
-36958.3
-29683.6
-29690.6
-29813
-9183.73
-29709
-36168.5
-29670.5
-38197.3
-31377.9
-30145.8
-35404.7
-22993.3
-39357.9
-29479.6
-29727.3
-29665
-30001.9
-38132.4
-29668
-29672.5
-36995.7
-40732.8
-29295.5
-44939.9
-35411.3
-43513.1
-36723.9
-30180.7
-29657.9
-37170.3
-29824.5
-39380.8
-17078.7
-37262.1
-40599.3
-42302.5
-28448.3
-29666.7
-36393.7
-35044.9
-29676.2
-29667.7
-35417
-40270.5
-29450.5
-29252
-29660.1
-15198.9
-36412
-55678.7
-37635.1
-31532.9
-37434.1
-29652.6
-38435.3
-37067
-36272.5
-29669.6
-42623.1
-29670
-33089.2
-29668.8
-34555.2
-36262.5
-29871
-23430.6
-38732.1
-27210.6
-29665.2
-38047.5
-41073.9
-29866.7
-36725
-40697.1
-31558.2
-29627.6
-36194.4
-29666.2
-29679.2
-43699
-43847.4
15907.5
-37998.7
-32309.3
-29818.4
-28354.4
-63264.5
-36538.5
-36543.4
-28330.8
-29664
-29742.8
-30134.9
-29675.7
-31492.4
-29705.6
-37387.3
-34974.3
-37548.5
-33105.2
-119580
-107368
84265.9
-26745.1
-36724.2
-83258
-29630.5
-29666.4
-35367.5
-38264
-29665.7
-26867.1
-29676.6
-32518
-30814.1
-36490.1
-38317.8
-30562.8
-30124.8
-25087.7
-39048.5
-39353.7
-37069.8
-28860.3
-37237.6
-38459.2
-37010
-29609.6
-29673.1
-38755.1
-36276.4
-42130.2
-38422.7
-35250.7
-36322.1
-73495.1
-40080.9
-35361.7
-38581.3
-33034.7
-33201.6
-36967.7
-40710.4
-39505.7
-41180.2
-36778.8
-40747.9
-35161.3
-22845.8
-29620.6
-32395
-38474.5
-29676.8
-24194.2
-29673
-173329
-30329.9
-29639.5
-40240.2
-96355.7
-44162.9
-28887.2
-27042.9
-42545
-37904
-37005.5
-29348.1
-28448
-37080.7
-30119.7
-158568
-37499.9
-36969.1
-28847.1
-43804.3
-29691.9
48755.3
-45949.1
-60311.3
-27857.7
-29660.1
-82847.8
58887.1
50156
-36337.1
-38475.9
-40785.1
-33422.5
-29670.7
-29668
-29666.8
-43259.7
-31541.6
-29669.9
-37003.7
-29670.5
-43496.8
-29570.4
-29739.9
-25303
62138.5
-39477.6
-29669.7
-29672.7
-41305.5
-38833.4
-29663
-29667.9
-30003.8
-29667.8
-58716.2
-39052.7
-29839.6
-32667.7
-37021.8
-29648.5
-29116.6
-36842.2
-36946.5
-42489.4
-36788.6
-37466.3
-23172.1
-35441
-28858
-36211.2
-36840.6
-38540.2
-23300.3
-29698.3
-39421.7
-50841.8
-36657.3
-41223.6
-38055.8
-35141.9
-29286.3
-39438.3
-33863.8
-32235.5
-38842.4
-29672.4
-34772.7
-40671.7
-36737.7
-36659.3
-11064.5
-71629.4
-38859.4
-35971.8
-38574.8
-50817
-36308.1
-25246.4
-35711.6
-39354.9
-25513.9
-40028.5
-29295.4
-36655.9
-37127.2
-97108
-36962.5
-28992
-42506.1
-29669.4
-63089.8
-35320.6
-41563.5
-37525.1
-29680
-29292.8
-29657
-35524.7
-37437.1
-25293.4
-36771.3
-38662.4
-36959.6
-38015.8
-40751
-11152.9
-30101.9
-41074.6
-31522.3
-29684.6
-39133.6
-41178.1
-34277.3
-15229.4
-38512.4
-36232.1
-52098.1
-25198.3
-38534.2
-38676.9
-29726.7
-34782.8
-41215.7
-29664.8
-28771.4
-111623
-65868.9
413569
-37096.2
-29666.8
-29300.8
-36190.5
-29668
-29668
-29666.3
-39336.7
-37003.4
-34910.7
-32228.1
-21011.5
-36247.4
-31112.5
-104577
-36709.7
-32817.9
-29669.9
-31071.5
-40406.5
-36221.5
-38913.1
-32676.6
-42073.4
-24194.8
-158118
-29670.8
-39142.3
-30286.3
-32505.9
-31706.6
-8728.54
-35765.6
-29638.7
-38719.6
-32311.1
-36018.6
-38696.7
-41140.2
-39446.2
-40327.4
-29604.7
-31412
-35704
-38075.7
-31282.3
-45032.6
-36587.2
-35741.8
-34041
27558.5
-34620.2
-33675
-29201.7
-28716.2
-41995
-29475.3
-33176.2
-35989.9
-27722.7
-36590.6
-33085.1
-35390.4
-32407.4
-36904.6
-30018.2
-29669.5
-36886.2
-30081.7
-36222.2
-42874.3
-39711.2
-41500.5
-31248.5
-40125.4
-27110
-36922.9
-89355.7
-37673.7
-31458.9
-37003
-34779.9
-30742.1
-29664.9
-29674.6
-36015.3
-33179
78865.9
-29665.8
-39015.5
-43578.2
-26022.6
-36876.1
-43180.5
-31554.1
-36823.9
-68343.9
-29669
-41698
-29667.1
-37401.2
63537.2
-37780.8
-77949.8
-29735.6
-38727.7
-29661.3
-30066.7
-39271.6
-36679.5
-36099.6
-37293
-26244.2
-22381.8
-27257.9
-36850
-36786.9
5155.86
-40007.7
-37005.8
-38940.2
-34549.8
-30297.5
-29711.2
-30994.8
-26175.7
85075.8
-37087.9
-32176.6
-40651
-37076.9
-37029.8
-29103.3
-29392.5
-289214
-34915.8
-29693.5
-99078.7
-39107.2
-36941.9
-29669.7
-43158.1
-38661
-27168.9
-36473.7
-39824.9
-100232
-42003.5
-16267.5
-29080.4
-36498.8
-37313
-27074.7
-56915.4
-29661.2
-25290.9
-31256.9
-36906.1
-29670.4
-29669.2
-38247.8
-29664.1
-29676.3
-30502.8
-36633.8
-31373.7
-29703.4
-29674.9
-38112.2
-29138.7
-36711.8
-37417.7
-43209.7
-29666.2
-37659.4
-36484.3
-33828.8
-35358.7
-28969.1
-47541
-29669.9
-36462.2
-29675.3
-29681.9
-29669.6
-42229.8
-36852.8
-28841.1
-36770.2
-38880.5
-7923.22
-36951.8
-44541.9
-35160
-29675.4
-30166.7
-29700.4
-114506
-81057.7
-29678.5
-43993.8
-39437.6
-49469.2
-29492.1
-42041.6
-36776.6
-30013.9
-37923.9
-42565.9
-29590.4
-35542.7
-27919.1
-38377.5
-38237.1
-39963.5
-38413.2
-20476
-37310.1
-40020.7
-29660.8
-288827
-33998
-43048.6
86103.8
-38317.4
-26188.7
-32816.7
-29681.4
-23100.9
-37586.1
-32040.2
-29679.4
-51935.6
-29660.4
-29668.3
-29664.5
-29667.4
-27874.8
-25711.1
60173.2
-39585.5
-33441.6
-37632.9
-34324.4
-32536.2
-30070.2
-32235.8
-39160.2
-35792.4
-34807.4
-36051.1
-30865.2
-33579.6
-33701.5
-29671.6
-34234.1
-39020.1
-29558.9
-41190.4
-43002.1
-44658.3
-36392.5
-29671.3
-29656.3
-38716.8
-29294
-37004.8
-39206.3
-37291.7
-40855.3
-39903.8
-37127.6
-1933.84
-18991.2
-29722.8
-42327.9
-39289.5
-96584
-53470.4
-34134.4
-37413.2
-40461.4
-36640.2
-29675
-72840
-91224
-40490.5
-30821.7
-37058.3
-36504.3
-29477
-36455.1
-22807.6
-29880.4
-29673.1
-36981.8
-22927.9
-39302.9
-29680.5
-29713.5
-36410.1
-36498.7
-37834.3
-37248.8
-45391.6
191189
-29664.8
-38855.8
-34233.5
-29573.9
-39767.7
-29612.1
-36655.7
-26464.3
-29664.9
-39555.6
180920
-38566.7
-36817.2
-37787.8
-29639.5
-36533.1
-29683.4
-36355.4
-42629.1
-99419.3
-35644
-29388
-15798.7
-37429.7
-106293
-29669.7
-29989.2
-34661.1
-37404.6
-29112.1
-38812.1
-36616.7
-37120
-39908.1
-35504.8
-34378.3
-36345.9
-40103.8
-29678.4
-44715
-36164.9
-37952.2
-37053.4
-36305.3
-35845.5
-33127.3
-29657.7
-36020.1
-28396.8
-29669.6
-36690.4
-29401.2
-39714.1
-29711.9
-33702.5
-31226.1
-40912.3
-29810.1
-41677
-29542.7
-31585.7
-36254.1
-35589.8
-40081.6
-31978.3
-37043.6
-38530.6
-29675.8
-29671
-30338.4
-29714
-29672.1
-29303
-24287.3
-37397
-27751.3
-32154.9
-44737
26715.1
-38974.7
-36511.5
-27688.9
-34849.5
-37148
-40151.2
-38692.8
-35752.3
-31091.9
-39896
-37007.3
-36215.3
-35446.4
-38643.7
-28940.1
-32714.1
-56662.6
-43085.3
-28038.7
-38739.4
-101576
-33631.8
-31356.1
-34793.3
-37268.1
-47160.3
-33235.6
-37442
-29776
-33396.3
-36931.6
-29669
-36167.6
-36730.9
-36712.4
-36194.9
-42590.4
-38370.9
-38457.1
-33836.5
-36207
-36656.1
-36070.1
-36692.6
-39165.9
-55942
-39988.1
-34630.4
-29678
-53775.3
-18611.9
-29674.6
-36344.6
-37576.8
-29256.6
-39032.7
-41506.1
-36804.2
-28042.6
-29637.2
-38085.6
-35642.5
-38405.2
-171286
-36785.4
-35538.8
-35502.8
22207.7
-29308
-29587.2
156060
-29659
-41313.3
-29662.7
154206
-29675
-37339.5
188659
-27165.5
-29676.3
-40321.1
-29668.1
-29611.2
-39470.8
-29667.6
14969.1
-29467.8
-36901.8
-29673.2
-42838.5
-57003.1
-36633.1
-29674.3
-35947.3
-31623.9
168351
-29666.1
-29629.8
-29656.9
-42275
-29666.5
-42640.7
167010
-29673.8
-87229
-60532.9
-37369.8
-36214.6
-31835.2
-33834.9
81913.4
-29673.7
-40393.8
-29654.2
-29283.4
-30832.3
-36991.7
-29645.9
-41258.8
-29683.8
-39996.7
-37283.9
-28838
-30418.1
-37354.2
-126265
-31477.9
-36688.4
-34052.3
-29676.9
-29678.2
-37808.6
10984.3
-42013.9
-21566.4
-36586.1
-29620.4
-29660.9
-23194.8
-23402.3
-38347.1
-38017.4
-37116.3
-29890.7
-30977.3
-28992.6
-29668.3
-29667.7
-27054.8
-10056.4
52936.1
-34862.9
-34655.5
-39343.4
-38249.7
-39982.9
-43548.7
-44192.7
-29672.7
-39390.9
-36278.5
-36926.2
-32958.5
192972
-29675.6
-36927.7
-38340.7
-37726.1
-29678.1
-37815.1
-39421.8
-39333.9
-29678.6
-40044.4
-96247.9
-29670.1
-29615.4
-29670.3
-29668.5
-29668.5
-29667
-380.861
-37976.9
-39365
-39738.5
-40609.9
-30796.1
-31816.6
-36582.9
-29674.7
-29652.1
-39077
-34951.4
-29670.3
-36136.6
-37633.3
-29685.5
-39123.3
-42402.2
-37467.7
-18805.7
-34308.2
-29154.1
-33124.7
-69973.2
-36999.6
-33040.8
-38727.2
-29675.5
-29714.9
-31152.9
-35513.6
-29651.6
-43138.4
-43189.2
-37042.9
-29665.1
-37823.5
-41683.7
-29840.2
-38977.2
-28710.8
-37240.7
-29666.1
-36734.8
-37339.5
-37594.3
-33221.9
-28323.4
-39941.5
-29678.6
-37188.6
-39012.3
-36527.9
-42311.8
-36895.5
86479.4
45891.5
-26097.1
53180.4
-36187.9
-39143.3
-35891.4
-32354.3
-36963.6
-34864.8
-36236.2
-36829.6
-34612
-29470.3
-29669.4
-34438.1
-32835.4
-32151.6
-36532.1
404793
-31566.5
-28750.3
-34522
-29798.6
-30109.3
50475.2
-21477.9
-27230.1
-36633.2
-29666.9
-39650.4
-36005.2
-20771.6
412359
-32795.1
-29667.9
-28169.7
405365
-37075.8
-37077.5
-39055.3
-29660.7
-36681.7
-33861.1
-37597.8
-146444
-37212.7
-29665.7
-37180.5
-29658.1
-32130.4
-34907.6
-19059.3
-36224.5
-36638.5
-36601.3
-29669.6
-40461.5
-35997.9
-45758.3
-34493.5
-113905
-34294.6
-33612.7
-36885.4
-40654.6
-43823.6
-31131
-36895.7
-32223.7
-37757.2
-29666.4
-26067.4
-17927.8
-38191.6
-24176.1
-25957.2
-23712.4
-31559.6
6390.54
-26998.6
-36128.1
-36999.7
-28128.6
-36975.2
-29676.1
-29661.4
-29669.4
-29848.5
-38553.8
-29667.8
-29675.5
-37845.8
-59753.7
-29670.3
-119155
-39123.6
-29628.5
-36242.6
-46100.1
-38852.9
-192746
-36779.2
-45704
-27411.1
-30308.3
-29227
77240.7
-36108.2
-34934.8
-29634.2
-40838.7
-36791.1
-36583
-37053.9
-37127.6
-29668.8
-29774.6
-38198.4
-29657.7
-29674.4
-154422
-20318.9
-29666.9
-36722.2
-29663.1
-37611
-40071.6
-29680.9
-37031.1
-33881.3
-38179.3
-35369.6
-48626.8
-10154.5
-10158.5
-32584.2
-31800.1
-36726.4
-38548
-37011.2
-41484.3
-29670.4
-32165.6
-29675.9
-30789.7
21867.4
-35338.1
-35831.7
-29717.3
-31907.7
-34226.4
-29116.4
-29670.7
-29670.6
-29671.3
-29661.1
-29660.6
-29659.8
-34298.7
-35023.2
-167489
-159803
-165338
-194364
-31760.6
-23574.1
-24599.9
-35182.9
-21171
-28254.8
-25394.8
-30251.1
-15643.3
-15651.2
-28041.1
-45061.4
402120
-42008.4
-64446.2
-61922.6
-62864.7
-51782.3
-44554.9
-59713.1
-51194.8
-37176.7
-41139.3
-52615.2
-61531.6
-29730.4
-30010.4
-29111.4
-29767.5
-40037.5
-29680.3
-29781.5
-30071
-29735.7
-30027.9
-29725.7
-29659.3
-29650.9
-29669.3
-29667.6
-29673.3
-29668.5
-29677.6
-29679.1
-29681.5
-29677.6
-29721.8
-29726.2
-29707
-29725.6
-29396.1
-29994.5
-29448
-29416
-30007.4
-28831.8
-28843.8
-162205
-177016
-46934.6
-64138.2
-130431
-119804
-37188.9
-35492.4
-38371.4
-38809.8
-38161.1
-37296.8
-38712.8
-38727.6
-37852.8
-38712.8
-35494
-40371.4
-40162.8
-35513.2
-36468.2
-36917
-37091.6
-36971.4
-36913.9
-36844.2
-36957.3
-37002
-37225.1
-37106.9
-37217.7
-37302.9
-37445.3
-37657.8
-37068.7
-38401
-38345.1
-38104.3
-38531.7
-39544.7
-38716.5
-37735.1
-39681.8
-40147.5
-39449.4
-39776.9
-40096.6
-39823
-40291
-40407.1
-40419.9
-40893.8
-40824.6
-40557.1
-41542.7
-41108.9
-41868.2
-38002
-36897.4
-37600.6
-38872.7
-30032.7
-34763.5
-35200.9
-20595.2
-20879.6
-22488.4
-367.487
221.397
-639.899
-19239.6
29769.1
-1690.25
76546.6
84144.5
77503.9
-25085.5
62250
70182.1
98128.3
97796.4
16165.3
12480.8
3142.35
-16537.9
-10199.9
-17036.1
-17502.2
-8658.11
-17514
-38214.4
-33799.9
-31370.2
-23702.1
-28175.4
-25876
-24181.6
-33882.3
-21269.3
-33824.1
-30519.4
-37163.6
-36578.6
-29651.7
-29517.9
-32703.6
-28767.9
-28043.7
-19933.4
-44192.6
-44840.1
-57315.7
-41063.5
-42070.1
-42837.2
-41629.2
-42548.4
-79318.5
-70000.8
-66974.3
-37004
-40452.6
-38827.1
-35072
-44272.5
-37805.4
-38082
-288231
-290913
-123407
-291099
-288512
-134995
-288721
-483499
288403
-477841
227022
174489
-102804
-377055
-253108
-273980
-36347.7
-197196
-196753
-58399
-88359.6
-97942.6
-29317.8
-27169.6
-29707.7
-30528.4
-29935.9
-31371.6
-30708.2
-30071.5
-31930.6
-31306
-31070.8
-36791.6
-35993.1
-38207.3
-37599.6
-37033.3
-37359.2
-36971.6
-36889.9
-36899.8
-36834.8
-36856
-36753.3
-36827.3
-36848.5
-36955.2
-36987
-36969.8
-36764.8
-36828
-36819
-37333.6
-37258.4
-29628.2
-29649.1
-29726.6
-29548.9
-29466.1
-29448.2
-29343.8
-29412.7
-29468.8
-29493.3
-29469.5
-29623.6
-29621.2
-29607.3
-29639.8
-29577.4
-29617
-29640.3
-29573.4
-29707.6
-29701.8
-29640.7
-29699.6
-29686.1
-29669.1
-29698.2
-29630.3
-29626
-29693.7
-29673
-29674.2
-29668.8
-29675
-29675.7
-29675.7
-40037.7
-29671.5
-29672.9
-29671.6
-29671.4
-29674.9
-29670.8
-29669.6
-29675.2
-29667.1
-29731.1
-29395.7
-30027.5
-29386.7
-28888.1
-28885.1
-29700.5
-29465.8
-36984.5
-36849.6
-36955.4
-37147.2
-37237.8
-38481
-40546
-40926.1
-34816.6
-66116.5
-37565.7
-33895.8
-21846
-18612.4
-20313.1
89806.8
86671.5
99768.5
61753.2
-14735.4
-52629.4
-40460.3
-28764
-28682.8
-21360.6
28756.3
-31768.9
-104391
-50971.8
-61885.6
-41711.4
-41867.2
-41669.3
-44797
-37871.2
-63654.9
-36963.2
-288996
-290967
-291164
-468920
-125348
-198650
-70642.9
-88050.3
-60704.2
-29613.8
-29104.3
-30736.7
-30938.5
-30256.9
-30467.3
-37555.5
-36936.9
-36741.4
-36702.5
-37103
-37011.7
-37070.2
-37681.2
-36973.8
-36857.5
-36974.8
-36807.1
-29578.1
-29287.2
-29464.9
-29657.8
-29641.7
-29609.4
-29644.1
-29576
-29638.2
-29710.3
-29721.7
-29726.9
-29680.6
-29475.7
-29669.1
-29675.4
-29675.2
-29673.4
-29674.8
-29678.5
-29670.4
-29674.7
-29671.8
-29668.5
-29664.7
-29664.3
-29665.1
-29665.1
-29665.3
-29665.5
-29666.2
-29666.3
-29672.7
-29668.9
-29667
-29668.2
-29667.2
-29668.2
-29668
-29666.8
-29672.2
-29671.8
-29672.6
-29672.8
-29670.6
-29671.2
-29677.4
-29670.6
-29667
-29704.1
-29703.1
-29665.1
-29669.5
-29670.5
-29648.7
-29642
-29427.5
-38203.4
-38616.2
-39425.7
-38866.2
-39034
-61350.9
-48777.7
-49936.3
-55740.1
-110921
-93751.6
-105045
-47438.8
-113976
-36196
-35416.7
-35895.9
-36612.5
-36640.3
-36458.7
-36246.5
-37035
-36597.5
-37074.1
-37106.9
-36601.2
-36877.1
-37269.4
-37071.6
-37316.5
-37178.5
-37194.6
-37378.7
-37432.5
-37472.2
-37385
-37283
-37807.5
-37746.1
-38034.4
-38122.3
-37018.3
-37896.1
-37712.5
-37979.9
-38088.7
-37964.9
-38325.1
-38437.6
-38481.6
-38637.4
-38663.7
-38654.8
-38841.6
-38839.7
-38922.3
-39473.5
-38914.9
-38458.5
-40464.1
-39856.2
-40937.9
-40674.8
-40957
-40215.1
-27300.2
-25053.7
-26071.1
-25643.7
-25258.7
-18640.9
-23752.4
-24910.5
-26039
-24175
-32081.7
-19209.7
-17987
-31494.6
-24764.8
41466.5
-18914.2
-63432.7
-46952.2
-65008.8
-43124.3
-53176.9
-43906.8
-38383
-9830.14
-33855.8
-36813.6
-33926
-35165.7
-37052.6
-36464
-38689.5
-38077.1
-38281.5
-34774.2
-33292
-31380.5
-31905.2
-31253.4
-35104.2
-31463
-31071.6
-31488.8
-32850.1
-31972.5
-30276.8
-28881
-30101.3
-27344.9
-28384.7
-27575.4
-29280.1
-27441.3
-36043.6
-54050.6
-42165.8
-47820.3
-75118.4
-56556
-57251.8
-55271.4
-45119.1
-43669.3
-44630.4
-43853
-43849.6
-46239.9
-41330.3
-41867.2
-38860
-45261.6
-40562.1
-45449.8
-49254.6
-46489.2
-55767.2
-30036.5
-44926.9
-294869
-119628
-37627.2
-113006
-144539
-61216.9
-96169.2
-37625.6
-144964
-67166
-60678.6
-71191.5
-49218.3
-50368.6
-42005.8
-63081.5
-38490.8
-37686.4
-35296
-35938.5
-35183.5
-34650
-34611.5
-34446.2
-34611.6
-34799
-34905.2
-34693.9
-34793.9
-34932.9
-34684.6
-35180.8
-35050.4
-35211.1
-36058.8
-35870.8
-36351.8
-35884.2
-35973.4
-36155.3
-36384
-36190.7
-36087.8
-36196.9
-36294.8
-36370.3
-36298.4
-36652
-36488.1
-37593.4
-36429.8
-36337
-36488.2
-30187.5
-29299.6
-30214.5
-29738.7
-29761.8
-29751.8
-29735.9
-29746.8
-29742.8
-29689.1
-29618.2
-29614.4
-29679.9
-37665.3
-29664.1
-29645.1
-29675.9
-29670.4
-29668.9
-29669.4
-29670.1
-30667.7
-29670.8
-29670
-29669.9
-29671.5
-29667.2
-29666.5
-29677.5
-29667.6
-29668.6
-29664.4
-29670.2
-29671
-67723.3
-28335.5
-28635
-39888.5
-39538.8
-39064.3
-29668.4
-29668.1
-29668.8
-29668.5
-29664.8
-29667.1
-29667.7
-29666.8
-29666.6
-29667
-29668.9
-29668.5
-29668.2
-29667.6
-29666.9
-29670
-29669.1
-29667.2
-29670.5
-39642.6
-29671.8
-29673.2
-29672.7
-29690.5
-29670.3
-29670.8
-29659.8
-29708.5
-29278.5
-29499.8
-44832.1
-37922.6
-38524.9
-38683.9
-38679.7
-38731.4
-38690.1
-38943.6
-39541.4
-47800.9
-57132.8
-39802.8
-41225.9
-37362
-39835.2
-42107.1
-36356.7
-35734.8
-35971.9
-36608.2
-36717.4
-36874.8
-36863
-36911.5
-36241.2
-36747.1
-36103.8
-36982.5
-36885.6
-36646.1
-36607.1
-36748
-36605.1
-36403.3
-36538.2
-36545
-36562.2
-36516.8
-36613.3
-36798.3
-36449.4
-36561.5
-36458.2
-36637.1
-36523.9
-36471.2
-36715.7
-36205
-36551.5
-36505.2
-38061.4
-36626.4
-36355.3
-36480.8
-40194.8
-38061.6
-36674.7
-36646.3
-36671
-36659.7
-36675.9
-36734.3
-36641.4
-36386
-38953.7
-41390.5
-37332.9
-39841.8
-31766.3
-32344.1
-39960.5
-40843.5
-40678.2
-31681.9
-40898.7
-32844.3
-29133.4
-25635.3
-27872.7
-24947.1
-19482.1
-24646.1
-27923.7
-27858
-28002.6
-27333.2
-28229.8
-29475.6
-29149.2
-28897.4
-31333.3
-30480.4
-27932.6
-28393.2
-31891.8
-22604.8
-29100.6
39639.5
-23164.5
-21466.3
27579.9
-4697.41
-38222
-38013.5
-36158.2
-37353.1
-26285.4
-36406.8
-34430.1
-37585.6
-38536.6
-36104.5
-38700.9
-33586
-36858.5
-38106.4
-34644.7
-36112.7
-38075.5
-37461.1
-27812.6
-29944.7
-28339
-34928.8
-33682.7
-33394.3
-33736.1
-31743.6
-31758.8
-31965.1
-31442.4
-32081.8
-31761.6
-33568.2
-33104.2
-31312.4
-31726.5
-31004.5
-31580
-30825.3
-31273.1
-29703.7
-29843.5
-29967.1
-28911.4
-28947.4
-28988.9
-35773.7
-27437.1
-50923.4
-34086.6
-39571.1
-40162.2
-39092.9
-40479.8
-46839.1
-39620.9
-39995.5
-44272.1
-40368.1
-40524.2
-40213.2
-39826.3
-38748.6
-41305.5
-42782.4
-40283.9
-40562
-39059.1
-34082.3
-53843.7
-52563.8
-55511.9
-60533.9
-47805.9
-58066.4
-44048.3
-44110.5
-43673.2
-43247.9
-40841.1
-40017.2
-39572.9
-40934.5
-39215.8
-38312.2
-39259.9
-37194.6
-33851.5
-36042
-36951.7
-36013.7
-34322.1
-34589.5
-35487.4
-35503.5
-34640.3
-35503
-35560.4
-35491
-35580.6
-35721.9
-35534.9
-34840.8
-35557.2
-35731.5
-35659.3
-35795.4
-35634.1
-36029.9
-35833.1
-36265.4
-36314.4
-40041.6
-36004
-35861.5
-36022.8
-36142.5
-36266.1
-36203.7
-36160.1
-36107.5
-36259.3
-36162.5
-36310.2
-36371.6
-36476.5
-36492
-36523.4
-36323.5
-36442.9
-36451
-36586.2
-36654.5
-36312.1
-36298.8
-29647.3
-40666.5
-29598.3
-29558.5
-29718.5
-29627.4
-29742.6
-29587.2
-29667
-29677.8
-29666
-29605.6
-29674.1
-29685.2
-29674.6
-29669.7
-29666.6
-29667.7
-29667.8
-29668.3
-29671.8
-29668.5
-29670.8
-29668.8
-29670.9
-29667.9
-29667.1
-29670.2
-29666.6
-29678
-29665.2
-29668.7
-29668.2
-29665.4
-40566.5
-39545.7
-28499.4
-28281.3
-28339
-28473.8
-28951.2
-28674.9
-29180.6
-39186.3
-38911.3
-30872.6
-38564.1
-38972.4
-43801.4
-38171.6
-40182.5
-39514
-29665.6
-29667.2
-29668
-29666.4
-29667.1
-29663.2
-29664.6
-29638.9
-30922.2
-32093.7
-31585.5
-31677
-24672.6
-29668.3
-29667.3
-29666.2
-29666.3
-29661
-29670.1
-29666.3
-29668.3
-29664.1
-29665.8
-29667.9
-29667.2
-29665
-29662.1
-29672.3
-29672.2
-29668.5
-39034.6
-39716.6
-38853.9
-39865.6
-39925.6
-39266.9
-39897.8
-40137.9
-36887.8
-38946.9
-37905.8
-36628.8
-36780.4
-36916.2
-36808.7
-36865.1
-36684.1
-36485.3
-36693.7
-36074.9
-36080.4
-36646.7
-36591.7
-36447.3
-36578.3
-35805.7
-35885.8
-35399.4
-36134.7
-35810.1
-36107.4
-35432.7
-36650.4
-35560.6
-35467.2
-36923.3
-36184.2
-37231.6
-29666.6
-29666.7
-40179.2
-40236.4
-40366.1
-40028.1
-38739.9
-36598.7
-30713
-31134.6
-31221.8
-28851.9
-28781.2
-28252.6
-25594.8
-28494.1
-28284
-29490.4
-29122.4
-29123.1
-29209.8
-30794.6
-28316.7
-30855
-35798.6
-34398.7
-33494.4
-34069.3
-37284.2
-34661.6
-35058.7
-35210.5
-33666.4
-33770.1
-32549.5
-32803.6
-33815.5
-38653.9
-39196
-39902.2
-33162.8
-32190.9
-31822.8
-34268.6
-30876
-30763.9
-29785.9
-40403.7
-41028.8
-40182.7
-40052.1
-40042.2
-43520.6
-40405.4
-38556.5
-29681.5
-29673.9
-29681
-29672.2
-29674.2
-29673.9
-29670.4
-29668.2
-29672
-29668.5
-29668.6
-29670.7
-29670.5
-29667
-29665.6
-29020.6
-40431.4
-40593.7
-41029.8
-39446.6
-29664.8
-41154.3
-48091.6
-29617.9
-41441.3
-34372.2
-33770.6
-29671
-29672.5
-33804.2
-30439.6
-31529.1
-31725.8
-38060.3
-41181
-42238.3
-39374.4
-59596.6
-51530.5
-36658.5
-36434.4
-36361.8
-29736.3
-29705
-29703.4
-29674.2
-29671
-29674.8
-45327.3
-39798
-29671.1
-29672.3
-29658.3
-37110.7
-36412.1
-29667.9
-37487.7
-37361.7
-27180.9
-31003.2
-29337.5
-36977.8
-26258.1
-38409.1
-40562.9
-28491.1
-31962.8
-28182.7
-40164.7
-41091.8
-40720.4
-39482
-37688.4
-36141.7
-36166.8
-36551.2
-29668.9
-29670.6
-29674.3
-29669.5
-29668.5
-40403.8
-39841.5
-29666.5
-39137.7
-35667.4
-35807.3
-29668.1
-36227.6
-40629.6
-30465.4
-29586.1
-29668.3
-29666.7
-39342.8
-29660.4
-29659.2
-120796
-23678.6
-16033.9
-29666.4
-51025.3
-42725.1
-54768.1
-29668
-29760
-28767.9
-29994.9
-29881.3
-38544.2
-29668.2
-36841.6
-29667
-40638
-21851
51137.6
52508.6
-26894.9
-47104.1
-41288
-41463.4
-36545.4
-181600
-29886.6
-36376.4
-37274.3
-36226.3
-36154.5
-36815.1
-36821.6
-36994
-36769.1
-29633
-35535.8
-29451.1
-29465.2
-29431.5
-29589.7
-35550.7
-29630.2
-35539.1
-29675.9
-29657.5
-29455.7
-29699.6
-29675.2
-29474.2
-29672.4
-61041.1
-40317.6
-40756.2
-36345.1
-36841.4
-29629
-29744.2
-29676.1
-39669.4
-29671.8
-29715.7
-29855.8
-36659
-38244.9
-38298.8
-27200
-31446.4
-23883.3
-44551.8
-38407.5
-39815.7
-56058.3
-41563.3
-34628.1
-36480.3
-36351
-30240.1
-29753.1
-29667.1
-29629.3
-29671.3
-40252.1
-29667.9
-29672.2
-39610.2
-29666.9
-41044.5
-29667.7
-29671.1
-36511.6
-40213
-36656.1
-36689.9
-36581.2
-37339
-38250
-37190
-30547.2
-26394
-23684.6
-29666.1
-29665.7
-29665.9
-29667.1
-41138.6
-42338.8
-42026.1
-41676.5
)
;

boundaryField
{
    Wall
    {
        type            zeroGradient;
    }
    Inlet
    {
        type            zeroGradient;
    }
    Outlet
    {
        type            fixedValue;
        value           uniform 0;
    }
    Empty
    {
        type            empty;
    }
}


// ************************************************************************* //
