/*--------------------------------*- C++ -*----------------------------------*\
| =========                 |                                                 |
| \\      /  F ield         | OpenFOAM: The Open Source CFD Toolbox           |
|  \\    /   O peration     | Version:  2312                                  |
|   \\  /    A nd           | Website:  www.openfoam.com                      |
|    \\/     M anipulation  |                                                 |
\*---------------------------------------------------------------------------*/
FoamFile
{
    version     2.0;
    format      ascii;
    arch        "LSB;label=32;scalar=64";
    class       volScalarField;
    location    "3.7";
    object      p;
}
// * * * * * * * * * * * * * * * * * * * * * * * * * * * * * * * * * * * * * //

dimensions      [0 2 -2 0 0 0 0];

internalField   nonuniform List<scalar> 
2958
(
-37863.7
-28813.9
23107.4
-60643.1
-35562.5
24056.3
-31347.5
-37785.9
-11802.7
-41574.3
-36389.3
-30310.2
-40130.1
-30317.9
-39947.3
-36786.8
-32550
-39958.2
-30314.8
-39423.3
-29979.7
-31852.2
-29715.5
-40389.4
-40065.9
-38391.3
-12812.8
-43854.5
-34841.1
-36726.8
-38240.1
-36170.7
-30325.6
-13560.4
-31893.6
-47239.6
-30316.6
-29940.2
-39429.4
-43799.3
-370631
-41006.1
-30315.6
-37574.1
-30309.4
-20201.3
-35961.7
-30031.1
-50416.3
-36810.2
-37321.7
-31734.3
-44492.6
-36290.6
-37417.2
-107737
-40403.7
-40954.2
-37983.3
-16701.5
-40354.1
-39384.1
-27716
-36776
-30324
-30318.9
-36309
-28677.8
-22446
-42950.4
-31674.8
-30307.9
-28096
-38127
-30327.7
-36013.4
-40526.1
-27496.5
-30263.9
-37235.2
-39984.2
-34025.4
-44459.6
-45358.2
-39381.2
-37571.6
-34548.6
-37649.9
-28355.6
-30220.7
-30446.1
-27289.1
-35270.3
-30313.1
-21028.9
-47063.1
-43466.1
-60730
-30319.3
-30313.9
-60435.6
-37990.8
-48416.9
-31154.8
-30453.8
-31919.2
-30305.3
-51566.3
-30330.9
-40791.5
-97247.3
-37392.8
-30260.8
-40419.7
-30316.9
-30320.1
-37411.5
-37577.8
-32337.2
-37745.6
-44177.4
-30309.1
-35266.2
24426.8
-44159.6
-39721
-43557.8
-31530.3
-37995.3
-30310.4
-30292.2
-30274.6
-37630.5
-30324.6
-30307.9
-30323.2
-40575.6
-39019.3
-30316.3
-30318.2
-39963.1
-31280.2
-30031
-30340
-37905.2
-30866.7
-30311.5
-30311.7
-31333
-30310.4
-39462.7
-43920.7
-41056.6
-31194
-39914.7
-30339.9
-29630.5
-38048.8
-29375.7
-70009.5
-40528.6
-42460.7
-39202.4
-30313.9
-41534.4
-44638.5
-26423
-30320
-49627.2
11720.5
-36641.2
-30305.7
-30512.5
-32494.7
-30347.6
23746.1
-34766
55731
-22082.5
-22862.4
-28657.1
-31221.4
-39570.1
-127094
-29345
-31222
-29130.5
-30330.6
-33082.8
-54987.1
-33437.4
-32359
76437
-44873.4
-25212.8
-34465.7
-28413.9
-37654
-37068.5
-105870
-42599
-30323.3
-37920.1
44079.7
-133701
76892.8
-32460
75617
-33936.3
-52673.4
-30317.7
-30216.9
-30322.3
-29543.4
-30319.5
20350.8
-36772
-30319.4
-30320.5
-30318.1
-30302.8
-31466.9
-29874.4
-30769.6
-201824
-37130.4
-44170.5
-30321.1
-23889.5
-31981.2
-29826.9
-37872.1
-33629.9
-34905.8
-34724.7
-30299.7
-30361.9
-37913.7
-30365.7
-8377.08
-30355.6
-9269.2
-52655.9
-43781.6
-38550.4
-116619
-33986.7
-40390.6
-36885.4
-37952.1
-43707.9
-39495.5
-38011.1
96436.6
-60403.5
-23850.7
-37417.4
-32591.8
-38039.6
-33150.6
-37446.8
-30124.6
-36100.9
51000.1
-37330.9
-35686.8
-39351.7
-38025
-31183.7
-29771.6
-30316.4
-32333.4
-37576.1
-30303
-29503.6
-38055.9
-30317.3
-33316.5
-30324.6
-30559.7
-30317
-30343.5
-37149.9
-37831.3
-35027.3
-30314.6
-31786.1
-81002.9
-104290
-36530.8
-39988
-31663.7
-30315.8
-30311.6
-41221.5
67923.5
-30317.6
-37396.6
-30318.2
-40179.3
-39111.9
-35301.5
-32944.7
20440.6
-40130.8
18652.2
-66487.7
-30117.4
-37281.5
-37737.3
-30329.2
-37647.3
-37026.7
-30325.4
-30110.3
-200714
-36919.6
-30430.2
-33242.6
-38245.2
-33039.5
-34819.7
-38299.8
-25713.2
13705.4
-29779.9
-37406.7
-30318.4
-99756.8
-332844
-34342.5
-39735.5
-30306.9
-30316.2
7842.26
-30316.3
75738.9
-128285
77705.4
-30327.9
-37654.8
-30976.4
-34981.5
-34830.2
-30332.6
-30206.3
-30333.1
-37449.7
-41585.5
-40067.1
-44988.8
-40366.1
-41545.6
-41695.5
-23027.7
-37454.7
-30318.1
-38397.6
-45711.8
-37687.8
-333521
-38172.9
-48776.7
-19483.1
-39272.5
-38099.9
-30605.1
-80941.7
-55002.5
-36779.2
-44424.6
-35914.2
-30317.9
-51137
-37310.3
-29763.3
-37310.9
-41557.9
-35565.1
-33608.2
-40380.2
-34773.3
-30290.4
-38340.4
-33894.7
-30484.4
-38381.9
-37906.1
-29498.1
-30291.3
-41236.7
-30317.3
-29630.6
-31958.2
-35695.1
152027
-333484
-30317.5
-30312.3
-35431.1
-38181.3
-37332.2
-30779.7
-58818
-37128.8
-37905.3
-26660.1
-37638.2
-37871.3
-41499.4
-39133.8
-39965
-36548.5
-32836.2
-31869
-35201.4
-35913.1
-130971
-37614.5
-37621.9
-30309.7
-27219.8
-30650.7
-24589.2
-39829.1
-29935.2
-25763.8
-39752.8
-37698.7
-29695.6
-35825.8
-36656.7
-28953.8
-42749.4
-41113.6
-34944.4
-30928.2
-42147.6
-40000.6
-30324.4
-31670
-31554.4
-37434.2
-44176.1
73964.5
-31329.1
-30325.5
-24997.2
-30354.4
-34573.7
-30342.1
-37499.9
-30857
-25229.6
-39645.9
-44615
-30317
-37740.5
-31044.5
-30317.8
-31256.2
-60833.3
-40836.9
-38649.1
-37485.4
-30612.2
-18809.3
-35439
-37459.4
-29602.7
-38517.2
-30310.4
-39239.3
-18925.6
-37492.6
-31428.7
-35048
-34763.4
11885.8
-36265.4
-39942.4
-26764.2
-30323.2
-28584.8
-28469.6
-37908.1
-38927.7
-35351.4
3093.7
-37716.5
-24574.2
-30344.7
-53636
-37814.1
-32724
-36632.1
-40313.8
-30333.4
-30359.1
-30322.1
-35391.2
-30339.5
-30323.1
-39998.1
-41943.5
-30315.9
-65867.2
-21990.2
-45717.3
-42187.9
-30286.5
-30315.8
-37925
-30319.2
-37215.7
-37234.7
-1833.97
-43172.2
-32830.1
-40722.1
-30263
-33447.3
-37940.7
-17360.2
-37202
-37208.2
27924.1
-30104.4
-36256.4
-46440.1
-36271.2
-30240.3
-29515
-30305.8
-34449.2
-30428.9
-31952.2
-31263.6
-39757.3
-36313.1
-38397.2
-36943.4
-30311.1
-36676.1
-30325.1
-34303
-36141.8
-29736.4
-30316.2
64271.1
-30315.6
-30315.3
-29574
-38924.3
435105
-38978.6
-38392.2
-37690.8
-37073.1
-40662.8
-37968.8
-27303.9
-36842.6
-37730.6
-37640.6
-37277.4
-30325
-37480
-6850.89
-37350.8
-39150.1
-37795.5
-30332
-30336
-30459.1
-4573.63
-30357.5
-37174.2
-30320
-39239.9
-31277.3
-30031.4
-35920.9
-20986.1
-40153
-30122.1
-30371.3
-30314.6
-29827
-39316.6
-30317.4
-30321.6
-37910.3
-41648.2
-29942.2
-46407.9
-36239.7
-44826.1
-37492.1
-31418.9
-30307.5
-38038.1
-30469.3
-40133.6
-16687.8
-38044.5
-42689.6
-43232.3
-28990.6
-30316.5
-37185.2
-36536.3
-30325.6
-30317.2
-36208.7
-41642.4
-28371.4
-29186.2
-30309.3
-13194.5
-37223.5
-56472.3
-38405.5
-31043.4
-38377.1
-30295.9
-37991.2
-37945.8
-37042.8
-30319
-43427.9
-30319.4
-32808.1
-30318.2
-35403.9
-37021.2
-30517.8
-23480.7
-39486
-25814.4
-30321.5
-38780.8
-43103.7
-30511.1
-37494.9
-42783.2
-31958.8
-30277.7
-36939.7
-30315.7
-30329.2
-44369.9
-44828.3
16378.7
-39073.9
-31973.4
-29467.3
-28902.7
-62483.6
-35071.9
-35818
-28889.5
-30306.8
-30359.6
-31391
-30325
-31233.8
-30351.8
-38182.3
-35549
-36795.2
-32821.7
-134288
-108167
99160.1
-25361.1
-37489.8
-92122.8
-30280.5
-30316
-35032.9
-39098.4
-30315.3
-26982.9
-30325.9
-32140.6
-30550.5
-37246.8
-39101.3
-30666.2
-31262.1
-22652.4
-39848
-40133.9
-37841.3
-29504.4
-38799.3
-39190.3
-37809.3
-30258
-30321.7
-39512.5
-37035.3
-43763.3
-39215.3
-35878.3
-35880.7
-74266.2
-41473.4
-34841.7
-37946.2
-32669.9
-32895.1
-37751.8
-41497.3
-41016.1
-42910.7
-37549.5
-39994.2
-34847.6
-23134.9
-30273.7
-32038.3
-39457.3
-30326.7
-22124.2
-30322.6
-174149
-29522.2
-30287.4
-41015.5
-97154.1
-46225.1
-28324.7
-27302.4
-44325.8
-38631.6
-37684
-29985.3
-27697.2
-37852
-30595.3
-159350
-38457.8
-37791
-29490.9
-44582.3
-28708.5
64627
-46739
-61170.7
-28836.1
-30309.7
-83628.9
71982.2
62180.5
-37189.4
-39268.1
-42798
-34199.1
-30319.7
-30318
-30316.3
-44034.2
-31134.3
-30319.3
-37767.8
-30319.6
-44269.7
-30215.1
-30383.8
-24095
76827.7
-40259.7
-30319.2
-30321.8
-42528.8
-39632.7
-30312.5
-30317.5
-29851.6
-30317.5
-59507.4
-39844.9
-30484.9
-32463.8
-37811
-30298.7
-28975.9
-37661.6
-37816
-43280.7
-37597.5
-38545.4
-23131.9
-35081.1
-29502.2
-36959.7
-37731.6
-39263.5
-23470.2
-30346.1
-40185.4
-51593.9
-37585.7
-42431.3
-38837
-35445.8
-28969.6
-40823.5
-33608.3
-31723.9
-40039.7
-30321.6
-35263.4
-41442
-36211.6
-37593.9
-11884.1
-72404.6
-40221.5
-36762.7
-39858.8
-54685.3
-37077.9
-24307.2
-36504.4
-40134.3
-24578.7
-41746.3
-28348.2
-37602.1
-37915.4
-97906
-37773.5
-28864.2
-45104.8
-30319
-65911.8
-36015
-42339.7
-38480.4
-30329.8
-29932.2
-30306.6
-36304.3
-38380.7
-25553.7
-37737
-39533.9
-37744.6
-38798.4
-42314.6
-10707.8
-30117.5
-43269.7
-31212
-30333.2
-40563.3
-43398.2
-33957.4
-14312.7
-39914.9
-36992.2
-52810.7
-25456.6
-38227.8
-38403
-30367.8
-35287.4
-42793.5
-30314.4
-28539
-112402
-66759.2
434586
-36478.7
-30316.7
-29938.5
-36948.3
-30317.6
-30317.6
-30315.9
-38088.5
-37793.6
-36402.6
-31870.2
-21843
-37002.7
-30795.7
-105377
-37510.2
-32534
-30319.4
-30796.8
-42106.9
-37038.6
-40297.9
-32399.2
-43483.2
-24606.2
-158899
-30320.3
-38932.2
-30039.5
-32392.8
-31404.2
-4364.69
-35345.9
-30289.7
-40045.8
-31840.9
-36720.5
-37258.2
-42694.9
-38126.8
-41741
-30320.6
-31179.4
-36420.3
-36863.2
-32219
-47961.1
-37403.3
-36382
-33852.2
42271.6
-35263.7
-34444.5
-28964.3
-28155
-43657.6
-29016.6
-33981.9
-36727.4
-27395.7
-37406.3
-32751.6
-36103.2
-32165.4
-37900.5
-29761.9
-30318.9
-37667.7
-31352.3
-35782.5
-43817.6
-41041.3
-42716.3
-31037.8
-41750
-27316.6
-37594.3
-90127.8
-38807.4
-31301.2
-37690.9
-35282.4
-30005.5
-30314.5
-30322.7
-35589.1
-32928.8
96691.5
-30315.3
-39801.8
-44885.7
-25178.3
-37706.6
-44121.8
-31915.4
-37806.9
-69126.5
-30318.9
-41300.3
-30316.9
-38336.9
77732.3
-38872.4
-85411.1
-30378.2
-40053.3
-30310.8
-31199.9
-40755.9
-36221.5
-36843.1
-38121.9
-24511.6
-21918.1
-26406.9
-37851.4
-37603.8
6498.45
-39152
-37794.4
-40319.9
-34065
-30014.5
-29285.2
-30697.1
-25729.8
100427
-37996.3
-31193.2
-41420.9
-37881.6
-37829.1
-29699.6
-30036
-332031
-34458.1
-30340.9
-99860.1
-38245.4
-37721.9
-30319.3
-45193.3
-39644.2
-27462.1
-37260.2
-41391.2
-101022
-44513.3
-15357.2
-29676.1
-37253.4
-38078.8
-26399.3
-57706
-30310.2
-25535.3
-30221.9
-37683.7
-30320.2
-30318.1
-39301.5
-30313.6
-30325.4
-31266.8
-37424.6
-32136.5
-30349.4
-30324.3
-37705.5
-29763.5
-37477.9
-38358.2
-44025.1
-30315.8
-38791
-37247.8
-35418.9
-35203.8
-29587.7
-48341.8
-30319.5
-37240
-30324.8
-30329.2
-30319
-43168.4
-37709.9
-29485.7
-37731.6
-40244.6
-2858.38
-37761.3
-45676.5
-34803.6
-30324.6
-30206.2
-30347.2
-115278
-81841.5
-30327.2
-44419.2
-40991.7
-50259.3
-29103.2
-43741.8
-37746
-31143.9
-37343.4
-43371.9
-30239.7
-36208.9
-27493.4
-39459.9
-39294.2
-41322.7
-39543.1
-19383.4
-38588.8
-41599.5
-30310.2
-331549
-33719.2
-43870
101355
-39391
-26445.2
-32530.1
-30330.5
-22412.2
-38958.1
-31683
-30327.7
-55050.5
-30310
-30317.7
-30314.1
-30317
-27954.1
-24769.3
64417.3
-40373.5
-33223.5
-36955.5
-34047
-32189.3
-29748.8
-32750.8
-40670.2
-36541.4
-35596.9
-36785.7
-30545.8
-33400.7
-33404.4
-30320.3
-35862.6
-40532.4
-29334.1
-42543.2
-44729.5
-46105.4
-37187
-30320.4
-30307.2
-39551.1
-29933.5
-37758
-40774.4
-38211.5
-42655
-41452.1
-37897.6
8803.02
-19800.6
-30368.4
-44071.1
-40519.9
-106784
-56573.9
-34929.5
-38352.7
-42070.7
-37398.4
-30324.4
-79132.3
-100726
-41938.4
-30459.3
-37840.8
-37276.2
-29467.6
-37209.7
-23109
-29535.1
-30322
-37773.1
-23245.1
-40621.6
-30328.5
-30359.2
-37166.7
-37302.1
-39087.8
-38063.8
-47666.9
223997
-30314.3
-40295.4
-35847.1
-30218.7
-40533.2
-30260.6
-37593
-25627.4
-30314.5
-40352.8
180149
-39348
-37964.2
-39060.8
-30287.7
-37314
-30332.4
-37108.6
-44450.1
-100219
-36497.9
-30028.4
-15512.1
-38209.5
-107049
-30319.3
-29978.7
-35136.9
-38183.8
-29742.9
-40156.7
-37640.8
-37915.9
-41277.3
-36238.3
-35164.2
-37137.1
-41979.7
-30327.6
-46141.8
-36933.8
-39235
-37823.4
-37091.3
-35361.2
-32879
-30309.4
-36774.5
-27339.9
-30318.5
-37480.1
-30045.4
-41315.2
-30357.8
-33431
-31066.9
-42493.4
-28839.4
-42902.4
-30186.8
-31532.5
-37016.4
-36335.6
-41632.9
-31606.5
-37837.6
-39798.2
-30325.2
-30320.6
-29644.4
-28889.8
-30321.6
-29943.6
-21779.2
-38209.7
-27118.1
-31784.3
-46212.8
26191.2
-38829.2
-37268.3
-27057.3
-34659.6
-38010
-41521
-39471.2
-36460.9
-30896
-41273.9
-35980.7
-36976.5
-36208.3
-40175.1
-28438.8
-32437
-55810.3
-42174.6
-26954.9
-38605.7
-102335
-33438.7
-32122.6
-35102.7
-38096.1
-47929.8
-33418.1
-38362.8
-30421.5
-33083.4
-37739.9
-30318.4
-36937.6
-37685.5
-37662.7
-36996.1
-42061.7
-39639.4
-37907
-33562.9
-36963.8
-37593
-35541.4
-37468
-39947.2
-58193.5
-40784.5
-34253.4
-30327.2
-56163.5
-19423.5
-30322.7
-37118.1
-38564.1
-29218
-39811.9
-43835.8
-37774.7
-27533.9
-30285.6
-38880.1
-36395.3
-37564.9
-172103
-37566.6
-36304.9
-36231.3
23125.9
-28156
-30233.6
155192
-30308.6
-43608.1
-30312.3
153341
-30324.4
-38227.5
221249
-27454.6
-30325.8
-41687.9
-30317.6
-30264
-40266
-30317.3
14010.3
-30108.3
-37672.3
-30322.8
-44653.5
-57777.2
-37422.2
-30323.6
-36817.3
-32131.1
167587
-30315.9
-29297
-30307.5
-44848
-30316.2
-44488.9
166253
-30322.4
-88032.7
-61315.9
-38293.1
-35764.2
-32348.2
-33573.6
99861.2
-30316.8
-42086.7
-30302.2
-29922.7
-30646.3
-37741.5
-30296.4
-42828.5
-30317.4
-41497.1
-38087.3
-28510.1
-30160.2
-38140.7
-127053
-31211.8
-37901.5
-33817.2
-30326.2
-30327.5
-39126.2
18774.8
-42810.7
-21344.4
-37739
-30270
-30310.4
-23173.6
-23504.7
-39445.5
-37210.7
-38284.3
-30728.4
-30680.7
-29613.1
-30317.9
-30317.3
-25645
-9510.61
56222.1
-35389.1
-35138.3
-40978.7
-39466.3
-41650.8
-45321.7
-45336.9
-30321.2
-40757
-37020.4
-37706.4
-32682
225828
-30324.9
-37707.8
-39086.8
-38510.7
-30327.5
-38794
-38129.9
-40939.5
-30328
-41385.9
-104479
-30319.7
-30264.6
-30319.9
-30318.1
-30318
-30316.8
10515.2
-38961.8
-40649
-41248.8
-42220.6
-30705.7
-31524.5
-37344
-30324.2
-30301.7
-40551.8
-35473
-30319.9
-36873.4
-36843.8
-30334.4
-39889.1
-43200.2
-36812.4
-18479.9
-33545.1
-28164.2
-33020.2
-73338.8
-37788.1
-33175.7
-39519.8
-30324.9
-30403.4
-30847.8
-36297.2
-30301.6
-43439
-43971.5
-37857.1
-30314.6
-38975.9
-41036.2
-29437.7
-39777.7
-28031.7
-38062.4
-30315.6
-37541.5
-36795
-38381
-33066.3
-27741
-41293.3
-30327.3
-38038.8
-39774.9
-37311.1
-43083.7
-37646.8
102187
47699.1
-25212.7
56425
-36932.2
-39943.3
-36722.4
-32135.3
-37753.2
-34566.8
-36990.9
-37581.5
-35092.6
-30109.7
-30318.9
-34469.6
-32542.1
-32013.3
-37315.8
488936
-31220.5
-28491.6
-33854.1
-30441.4
-31247.2
53587.6
-22356
-26464.3
-37422.6
-30316.7
-40416.6
-36790
-19741.8
433368
-32391.7
-30317.5
-27508.6
489243
-37945.8
-38318.6
-40461.3
-30310.2
-37488.3
-33505.9
-38609.9
-161034
-38031.8
-30315.2
-38004.1
-30307.7
-31816.7
-34552.5
-15997.1
-36993.1
-37393.7
-37418.2
-30319.2
-41378.4
-35861.7
-46558.9
-35338.5
-114678
-35131.5
-34488.3
-37663
-41568.3
-45209.3
-30928.2
-37763.8
-32066.3
-38547.1
-30316
-26526.6
-17935.4
-39227.9
-23025.8
-26409.1
-22538.7
-31392.3
6498.84
-26956.4
-36911.9
-37798
-27656.2
-37761.6
-30325.4
-30310.5
-30318.7
-30496.2
-39538.1
-30317.3
-30324.9
-38569.1
-60616.3
-30319.8
-119937
-39925.2
-30265
-36995.7
-46878.9
-40240.1
-193594
-37777.2
-46497.4
-26776.4
-31070.6
-29185.7
76289.7
-36874.3
-34303.7
-30278.5
-41630.4
-37609.1
-37396.1
-37948.7
-37980.6
-30318.2
-30418.5
-39233.5
-30307.2
-30323.8
-170313
-19595.3
-30316.8
-37507.6
-30312.6
-38382.7
-41640.4
-30328.9
-37796.5
-34658.8
-39025.3
-35051.2
-47930.1
-9725.14
-9717.06
-32230.9
-31694.3
-37534.9
-39536.7
-37796.8
-43277.2
-30320
-31869.2
-30325.4
-31501.1
23685.9
-36051.1
-36661.2
-30404.7
-31327.6
-33806
-29125.2
-30320.2
-30320.1
-30320.6
-30311.3
-30310.8
-30310.1
-34402.6
-35371.4
-174472
-162294
-172748
-206516
-31264.9
-22524.2
-23567.7
-34052.5
-20090
-27596.3
-24356.9
-29446.2
-15187.3
-15190.7
-27531.7
-43770.5
485238
-44766.6
-72126.5
-68475.7
-69978.7
-56176.8
-47650.4
-65831.6
-55602.4
-38020.3
-41936.7
-53391.6
-62306.3
-29719.9
-30511.6
-29037.4
-30380.9
-41359.8
-29569.5
-30391.5
-30543.3
-30358.4
-30519.8
-30361.6
-30308.8
-30300.5
-30318.8
-30317.1
-30322.9
-30318.2
-30327
-30329
-30330.3
-30327
-30366.5
-30370.2
-30353.5
-30363.2
-30067.5
-30501
-30115.8
-30090.2
-30507.2
-29475.1
-29487.7
-162984
-177840
-47712.1
-64912.4
-131223
-120559
-37956.7
-36261.7
-39156.9
-39591.1
-38971.5
-38066.6
-39483
-39494.2
-38621.4
-39480.7
-36262.3
-41130.6
-40922.8
-36272.4
-37223.4
-37666.1
-37835.4
-37719.5
-37652.4
-37559.1
-37693.7
-37749.8
-38027.8
-37891.9
-38019.7
-38119.4
-38255.5
-38462.8
-37935
-39505.9
-39419.8
-39186
-39698.4
-40842.7
-39946
-38856.4
-41397.2
-42032.7
-41082.2
-41519.4
-41966.2
-41585
-42224.7
-42373.1
-42388.6
-43023.6
-42936.4
-42586.3
-43882.7
-43311.4
-44403.2
-39023.2
-37654.6
-38538
-40361.4
-31162.5
-33773.8
-34307.3
-16736.2
-17142.8
-17999.5
9432.69
10130.7
9148.5
-12872
44637.1
9120.1
88645.3
99053.7
90079.6
-25521.3
66978.4
76532.5
103364
102571
17604.6
13903.9
4501.94
-15498.5
-8948.16
-16099.2
-16671.2
-8138.82
-16768.6
-37308.6
-33540.8
-31088.5
-22975.8
-27597.5
-25003.8
-23496.2
-33568
-20506.1
-33653.4
-30397.8
-36990.6
-36390.4
-29327.9
-29163.8
-31734.4
-28401.2
-27037.3
-18393.6
-45110.8
-45911.7
-59758
-41538
-43131.1
-44090.5
-42182.5
-43713.3
-83351.2
-73312.7
-69984.5
-38004.4
-42197.1
-40340.2
-36597.6
-46854
-39506.3
-39300.1
-330803
-333852
-136383
-334073
-331143
-148581
-331342
-574190
360147
-565995
287281
223971
-112284
-417157
-273420
-296633
-40515.1
-224824
-223847
-61929.2
-98492.5
-108619
-28735.2
-25813.6
-28756.9
-29765.4
-29029.2
-30731.9
-29971.1
-29187.4
-31335.8
-30683.2
-30222.5
-37705.6
-36735.6
-39462.2
-38663.9
-37999.8
-38374.4
-37935.1
-37810.6
-37830.1
-37770.4
-37731.3
-37616.9
-37712.2
-37714.5
-37822.3
-37879.6
-37837.3
-37545.6
-37620
-37603.7
-38143.8
-38111.8
-30267.2
-30290.1
-30369.5
-30177.3
-30087.5
-30068.6
-29957.7
-30031.5
-30085
-30114.2
-30083.7
-30274.3
-30271.2
-30258
-30288.4
-30219.3
-30266.7
-30288.2
-30214.6
-30352.8
-30347.4
-30291.6
-30345.7
-30335.2
-30318.7
-30346.1
-30281.7
-30277.7
-30341.9
-30322.4
-30323.6
-30318.5
-30324.4
-30325.1
-30325.1
-41383.9
-30320.8
-30322.2
-30320.8
-30320.6
-30324.1
-30320.6
-30319.3
-30324.4
-30316.8
-30364.6
-30074.1
-30519.1
-30058.3
-29534
-29530.8
-30328.7
-30087.7
-37757.2
-37561
-37691.3
-37943.2
-38042.8
-39746.7
-42569.6
-43063.2
-35202.8
-74009.4
-38482.2
-32735.4
-17304.8
-12116.1
-16387.1
106605
102359
104237
63481.1
-13529.2
-51560.6
-39599.2
-28341.8
-28005
-20225.9
30708.6
-30585
-113063
-50692
-63238.7
-42312.5
-43064.8
-43039.4
-46331.2
-38752.7
-66569.9
-37839.7
-331834
-333993
-334235
-557064
-136107
-225146
-76365.8
-96707.5
-65267.6
-29304
-28489.4
-30021.8
-30264.3
-29416.3
-29656.9
-38622.3
-37888.5
-37605.4
-37610.6
-38008.6
-37881.4
-37945
-38631
-37838.1
-37641.7
-37761.6
-37589.7
-30212.9
-29898.5
-30085.6
-30305.2
-30289.2
-30258.6
-30291.9
-30217.3
-30289.4
-30356.2
-30366.8
-30371.4
-30329.3
-30098
-30318.8
-30324.9
-30324.7
-30322.8
-30324.3
-30327.8
-30319.9
-30323.9
-30321.1
-30318
-30314.3
-30313.8
-30314.7
-30314.6
-30314.8
-30315.1
-30315.7
-30316
-30322.1
-30318.4
-30316.6
-30317.7
-30316.7
-30317.6
-30317.5
-30316.4
-30321.4
-30321.1
-30321.7
-30322
-30319.9
-30320.3
-30326.1
-30319.8
-30316.6
-30354.6
-30351.1
-30327
-30328.2
-30328.2
-30289
-30279.5
-30100
-38970.2
-39350.3
-40180.6
-39643.1
-39807.2
-62140.5
-49539.2
-50693.9
-56496.2
-111704
-94529
-105824
-48219.2
-114746
-36987.3
-36196.3
-36671.7
-37394.4
-37418.4
-37234.6
-37031.1
-37825.4
-37381.8
-37869.7
-37924.9
-37403.4
-37699.1
-38175.8
-37958.7
-38242.9
-38078.5
-38108.7
-38316
-38373.1
-38421.4
-38317.3
-38208.8
-38808.8
-38722.4
-39065
-39168.5
-37911.4
-38935.4
-38726.1
-39059.4
-39193.7
-39022.3
-39539.3
-39672
-39728.7
-39939.9
-39970.9
-39957.7
-40199.3
-40202.7
-40300.2
-41030.6
-40357.7
-39912.1
-42149.2
-40971.1
-42219.3
-41788.8
-42115.8
-41319.8
-26284.4
-23299.8
-24498.5
-23140.2
-23329.9
-15557.9
-22421.4
-23413
-24768.5
-23029.5
-32561.6
-18802
-17815.2
-32003.9
-24962.7
43319.6
-18544.2
-62404.3
-46206.4
-64141.9
-42223.8
-52451.6
-43368
-37918.5
-8627.88
-33334.5
-36369.4
-33511.3
-34568.1
-36483.8
-35816.1
-37857.9
-37174
-37575.5
-34469.3
-33006.3
-31070.4
-31552.7
-30823.8
-34772.4
-31047.5
-30662.3
-31038.9
-32515.6
-31682.6
-29933.7
-28385.1
-31236
-26612
-27736.4
-26894.2
-28786.4
-26637.4
-37459
-56600.6
-43172.6
-49572.1
-79002.1
-59011.6
-59346.6
-56687.8
-46584.9
-44846.5
-46141.2
-45250.7
-45180.2
-47830
-42720.3
-43355.9
-40303.9
-47413.6
-41994.1
-47819.6
-52061
-48768.6
-59629.7
-31169.7
-47280.9
-338316
-132094
-38400.1
-127203
-160119
-65046.8
-104922
-38395.6
-160148
-72732.1
-64800.1
-76511.5
-52506.4
-53788
-44168.7
-67609.1
-39838.7
-38988.3
-35979.6
-36800.1
-35850.6
-35152.6
-35107.5
-34935.2
-35077.9
-35303.2
-35457.1
-35174.9
-35303.3
-35468.8
-35154.3
-35765.5
-35567.8
-35800.9
-36786.2
-36540.1
-37163.6
-36549.8
-36691.4
-36924
-37166.6
-36954.4
-36835
-36958.8
-37063.8
-37143.1
-37062.1
-37456.7
-37269.7
-38363.1
-37192.7
-37076.4
-37249.9
-30865.2
-29911.1
-30894.4
-30382.4
-30406.3
-30393.7
-30382
-30388.6
-30385.2
-30332.4
-30268.4
-30264.3
-30328.3
-38435
-30314.1
-30297
-30324.8
-30320
-30318.6
-30318.9
-30319.7
-30572.2
-30320.3
-30319.6
-30319.4
-30321
-30316.9
-30316.1
-30326.8
-30317.1
-30317.9
-30314.1
-30319.6
-30320.4
-75433.9
-27602.8
-28069.6
-40688.5
-40331.1
-39868.1
-30317.9
-30317.6
-30318.3
-30318
-30314.3
-30316.7
-30317.3
-30316.3
-30316.1
-30316.5
-30318.3
-30318
-30317.6
-30317.1
-30316.6
-30319
-30318.4
-30316.6
-30319.8
-41380.1
-30320.6
-30321.5
-30321.2
-30335.4
-30328.5
-30327.5
-30316.9
-30357
-29927.4
-30205
-46315.2
-38705
-39362.4
-39524.3
-39462
-39486
-39477.5
-39731.5
-40304
-48583.8
-57922.5
-41221.1
-42712.2
-38276.3
-41175.4
-43811.4
-37152.7
-36529.9
-36751.9
-37400.4
-37496.6
-37657.6
-37641.2
-37691.5
-37022.7
-37533.5
-36848.3
-37815.5
-37714.8
-37448.3
-37409.3
-37556.1
-37413.8
-37196.3
-37350
-37359.2
-37375.8
-37324.5
-37430.2
-37649.4
-37238
-37373.3
-37288.9
-37550.3
-37350.5
-37263.8
-37553.2
-37000.3
-37386.6
-37414.8
-39139
-37550.7
-37198.4
-37375
-41596.3
-39184.4
-37614.9
-37583.1
-37619.7
-37599.6
-37619
-37691.4
-37583
-37340
-40344.2
-42976.5
-38459.7
-41331.9
-31336.1
-32011.7
-41274
-42021.7
-42059.1
-31702.7
-42398.8
-32930.6
-28948.1
-24532.5
-27064.7
-24038.3
-16557.4
-23172.4
-27495.1
-27281.2
-27441.8
-26757.3
-27602.8
-29512.1
-29062.4
-28886.1
-31473.7
-30733.1
-27799.9
-28315
-32056
-22793.2
-29385.6
41597.5
-23367
-21929.8
26660.5
-4776.77
-37818.4
-37583.3
-35696.8
-36943.6
-25752.6
-36030.3
-33991.7
-37273.5
-38143.1
-35716.3
-38351.9
-33126.2
-36387
-37707.2
-34232.6
-35493.6
-37433
-37037.5
-27091.7
-29518.6
-27763.2
-34614.6
-33391.1
-33123.5
-33457.6
-31415.9
-31422.4
-31650.2
-31110.6
-31773.6
-31443
-33326.7
-32801.5
-30956.6
-31480
-30729.6
-31321.5
-30604.7
-31147.7
-29579.2
-29728
-29680.7
-28681.6
-28708
-28814.9
-37038.4
-26674.8
-53106.4
-35301.4
-41086.2
-41473.5
-40349.6
-41795.3
-48608.6
-40946.8
-41312.8
-45659.4
-41709.6
-41966.7
-41642.7
-41262.4
-40020.1
-42940.4
-44572.2
-41801.7
-42185.5
-40567.1
-34825.9
-58013.1
-56230.1
-58924.6
-65420.7
-50292.6
-61993.4
-45046.2
-45113.4
-44623.6
-44543
-42517.4
-41554.6
-41181.6
-43051.8
-40630.9
-39612
-40825.8
-38400
-34391.5
-36888.6
-38085.1
-36831.9
-34784.7
-35062.6
-36208.1
-36224.2
-35110.2
-36224.6
-36293.8
-36210.7
-36322
-36508.5
-36266.9
-35341.8
-36285.3
-36493.4
-36353
-36549.7
-36383.6
-36747.9
-36576.2
-37127
-37113.5
-41586.4
-36722.6
-36518.7
-36784.2
-36876.6
-37023.8
-36973.7
-36897.2
-36862.6
-37016.7
-36901.8
-37084.2
-37142.2
-37266.7
-37274.6
-37310.7
-37086.8
-37222.7
-37219.8
-37370.2
-37459.2
-37057.2
-37029.2
-30293.2
-42742.8
-30245.4
-30203.5
-30361.2
-30276
-30383.5
-30234.2
-30312.9
-30323
-30312.5
-30255.4
-30323
-30333.5
-30323.5
-30318.8
-30316.4
-30317.3
-30317.5
-30317.8
-30321.4
-30318.2
-30320.3
-30318.3
-30320.4
-30317.4
-30316.7
-30319.6
-30316.3
-30327.2
-30314.7
-30318.2
-30317.6
-30314.9
-42233.9
-41044.4
-27904.4
-27654.9
-27677.5
-27768.4
-28493.2
-28362.5
-28593.2
-39977.2
-39700.6
-30889.2
-39348
-39777.2
-44742
-38982.8
-40977.2
-40317.8
-30315.1
-30316.7
-30317.5
-30316
-30322.5
-30304.1
-30319.1
-30283.5
-30989.3
-32060.8
-31606.9
-31664.9
-24812.5
-30317.7
-30316.9
-30315.8
-30315.9
-30310.8
-30319.2
-30316.4
-30317.6
-30314.1
-30315.8
-30317.6
-30316.9
-30315.2
-30312.5
-30321
-30321.3
-30325.2
-39817.6
-40495
-39643
-40665.4
-41491.6
-40722.1
-41410.5
-41843.9
-37674.9
-39736.9
-38691.1
-37393
-37541.9
-37675.1
-37605.7
-37631.6
-37485
-37241
-37492.6
-36803.9
-36815.1
-37454
-37373.4
-37212
-37392.5
-36503
-36601.6
-36038.1
-36919.1
-36585.1
-36931.3
-36112.2
-37579.4
-36294
-36182.3
-37916.9
-37072.8
-38315.2
-30316.1
-30316.3
-41593.6
-41639.8
-41712
-41395.3
-39969.5
-37628.1
-30569
-31044
-31154.5
-28214.9
-28121.2
-27559.2
-24504.6
-27819.1
-27783.5
-29358.5
-29075.9
-28893.2
-28926.7
-30786.1
-28143.5
-30789.5
-35372.3
-34129.2
-33317.9
-33948.7
-36773.3
-34401.3
-34824.7
-34898
-33414.9
-33490.1
-32228.4
-32545.4
-33525.3
-40087.5
-40679.1
-41443.1
-32958.1
-31973.7
-31705.2
-34029.2
-30863.1
-30683.4
-29704.2
-41990.3
-42568
-41755.1
-41565.5
-41655.5
-45825.3
-42032
-39927.8
-30334.2
-30318.8
-30329.6
-30323.8
-30323
-30322.3
-30319.5
-30317.7
-30320.9
-30318.2
-30318.1
-30320.2
-30319.9
-30316.6
-30315.3
-29037.2
-41872.8
-42242.6
-42564.4
-40224
-30314.5
-42691.3
-51221.8
-30265.1
-43054.5
-34052.9
-33481.6
-30319.8
-30321.5
-33647.5
-30457.8
-31302.3
-31622.5
-39171.4
-42642.7
-43837.3
-40752.8
-63953.7
-55119.5
-37465.5
-37217.8
-37114.1
-30377.8
-30354.3
-30345.6
-30323.7
-30320.6
-30323.9
-47884.4
-40602.2
-30320.1
-30321
-30314.6
-37985.2
-37263.7
-30317.4
-38676.4
-38609.4
-26660.7
-31017.1
-29317.4
-36647.5
-26500.4
-39923.1
-42199.6
-27990.2
-31997.8
-27421
-41464.6
-42429.9
-42080.7
-40763.4
-38898.8
-36879.1
-36915.3
-37341.9
-30318.5
-30316.7
-30320.8
-30319
-30317.9
-41858.1
-41289
-30318.7
-40453.3
-36409.5
-36508.6
-30317.7
-36984.1
-42240
-30417.3
-29473.7
-30317.8
-30316.2
-40795.5
-30310.6
-30309.5
-132293
-22852.9
-15472.4
-30315.9
-55239
-45583.3
-55539.9
-30317.6
-30376.6
-28617.9
-30502
-30441.1
-39327.3
-30317.8
-37568.7
-30316.7
-42685.8
-17283.1
52712.1
53971.8
-26303.6
-48506.1
-41814.5
-42088.5
-37584.4
-197840
-28950.3
-37145.3
-38296.6
-36978.2
-36892.3
-37730.2
-37682
-37887.6
-37548.9
-30268.5
-36244
-30071.8
-30087.2
-30051.1
-30241.3
-36282.6
-30278.9
-36269.8
-30324.9
-30308
-30076.3
-30347.2
-30324.7
-30096.5
-30321.6
-62117.8
-42195.3
-42398.9
-37112.8
-37623.9
-30278.6
-30389
-30325.5
-41198.9
-30321.4
-30346.6
-30429.3
-37462.3
-39395.1
-39478.2
-26698.7
-31658.1
-23958
-45964.1
-39623.8
-41119.6
-59973.6
-43710.7
-35189.5
-37265.2
-37101.9
-30922.6
-30396.4
-30312
-30280.9
-30320.9
-41810.6
-30317.4
-30321.4
-40410.3
-30316.4
-42504.6
-30317.2
-30320.1
-37294.6
-41592.8
-37445.9
-37539.9
-37492
-38469
-39599.2
-38276
-30346.1
-26628.6
-23988.9
-30315.7
-30315.4
-30315.6
-30316.7
-41726.8
-43039.9
-42696.5
-42334
)
;

boundaryField
{
    Wall
    {
        type            zeroGradient;
    }
    Inlet
    {
        type            zeroGradient;
    }
    Outlet
    {
        type            fixedValue;
        value           uniform 0;
    }
    Empty
    {
        type            empty;
    }
}


// ************************************************************************* //
