/*--------------------------------*- C++ -*----------------------------------*\
| =========                 |                                                 |
| \\      /  F ield         | OpenFOAM: The Open Source CFD Toolbox           |
|  \\    /   O peration     | Version:  2312                                  |
|   \\  /    A nd           | Website:  www.openfoam.com                      |
|    \\/     M anipulation  |                                                 |
\*---------------------------------------------------------------------------*/
FoamFile
{
    version     2.0;
    format      ascii;
    arch        "LSB;label=32;scalar=64";
    class       volScalarField;
    location    "6.4";
    object      p;
}
// * * * * * * * * * * * * * * * * * * * * * * * * * * * * * * * * * * * * * //

dimensions      [0 2 -2 0 0 0 0];

internalField   nonuniform List<scalar> 
2958
(
-8.81076e+06
-8.51518e+06
-7.60554e+06
-8.83419e+06
-9.23277e+06
-7.61314e+06
-8.79829e+06
-8.94011e+06
-8.79802e+06
-9.09315e+06
-8.82591e+06
-8.84105e+06
-8.99632e+06
-8.84111e+06
-8.96277e+06
-8.81146e+06
-8.57733e+06
-8.97688e+06
-8.84098e+06
-8.81413e+06
-8.84329e+06
-8.54425e+06
-8.84573e+06
-8.77648e+06
-8.98875e+06
-8.81319e+06
-8.5116e+06
-9.80184e+06
-8.8059e+06
-8.80636e+06
-8.81101e+06
-1.43137e+07
-8.84725e+06
-1.24392e+07
-8.88682e+06
-8.91067e+06
-8.84118e+06
-8.84406e+06
-8.81253e+06
-8.89063e+06
-8.06329e+06
-8.92227e+06
-8.79642e+06
-8.80193e+06
-8.84115e+06
-8.40955e+06
-8.82457e+06
-1.15622e+07
-8.82395e+06
-8.87349e+06
-8.81076e+06
-8.76953e+06
-9.27013e+06
-8.83609e+06
-8.81202e+06
-8.98532e+06
-9.1876e+06
-9.15943e+06
-8.81657e+06
-6.64904e+06
-8.81436e+06
-8.81442e+06
-8.75408e+06
-8.80948e+06
-8.84116e+06
-8.8409e+06
-8.83744e+06
-8.77989e+06
-8.81198e+06
-8.81963e+06
-8.66265e+06
-8.84103e+06
-2.67611e+06
-8.81613e+06
-8.84241e+06
-8.81693e+06
-8.81449e+06
-8.75286e+06
-8.8456e+06
-8.80964e+06
-8.9898e+06
-8.6716e+06
-1.00511e+07
-1.00966e+07
-8.81355e+06
-8.86635e+06
-8.62668e+06
-8.86698e+06
-8.71539e+06
-8.84195e+06
-8.85151e+06
-8.60691e+06
-8.81075e+06
-8.84096e+06
-8.76516e+06
-8.92032e+06
-8.81612e+06
-8.83838e+06
-8.84115e+06
-8.84112e+06
-8.83104e+06
-8.8155e+06
-8.99203e+06
-8.56153e+06
-8.8442e+06
-8.82415e+06
-8.84104e+06
-8.82261e+06
-8.84049e+06
-8.94066e+06
-8.87523e+06
-8.81026e+06
-8.84305e+06
-9.05199e+06
-8.84101e+06
-8.8408e+06
-8.87363e+06
-8.81064e+06
-8.65611e+06
-8.81294e+06
-8.81763e+06
-8.84105e+06
-8.8109e+06
-8.91047e+06
-8.81786e+06
-8.81426e+06
-8.82083e+06
-8.22657e+06
-8.81138e+06
-8.84088e+06
-8.84197e+06
-8.84087e+06
-8.81058e+06
-8.84071e+06
-8.84138e+06
-8.84101e+06
-9.09743e+06
-8.81239e+06
-8.84103e+06
-8.84113e+06
-8.81295e+06
-7.07848e+06
-8.84289e+06
-8.84123e+06
-8.81152e+06
-8.97203e+06
-8.84231e+06
-8.8411e+06
-8.52905e+06
-8.84108e+06
-8.81399e+06
-8.81663e+06
-9.12601e+06
-8.83859e+06
-8.90839e+06
-8.84041e+06
-8.84703e+06
-8.81073e+06
-8.73538e+06
-9.2084e+06
-8.91723e+06
-9.17077e+06
-8.85602e+06
-8.84113e+06
-8.48585e+06
-8.81989e+06
-8.82709e+06
-8.84078e+06
-9.07121e+06
-7.663e+06
-1.31519e+07
-8.84104e+06
-8.84287e+06
-8.38776e+06
-8.84196e+06
-7.00794e+06
-8.55231e+06
-8.40605e+06
-8.82012e+06
-8.81184e+06
-8.88458e+06
-8.24483e+06
-8.95948e+06
-8.9004e+06
-8.5703e+06
-8.61043e+06
-8.49526e+06
-8.84052e+06
-8.53762e+06
-8.82571e+06
-8.5577e+06
-8.79918e+06
-7.89711e+06
-9.14786e+06
-8.65562e+06
-8.80612e+06
-8.51263e+06
-1.35775e+07
-8.80526e+06
-9.14003e+06
-9.18758e+06
-8.84075e+06
-8.81071e+06
-8.4284e+06
-8.94786e+06
-9.69702e+06
-8.83633e+06
-9.72098e+06
-8.63821e+06
-8.82621e+06
-8.84109e+06
-8.84195e+06
-8.84101e+06
-8.39062e+06
-8.84036e+06
-8.92753e+06
-8.81097e+06
-8.84112e+06
-8.84125e+06
-8.84106e+06
-8.842e+06
-8.31274e+06
-8.7444e+06
-8.63154e+06
-8.97968e+06
-8.81053e+06
-9.82916e+06
-8.84132e+06
-8.3926e+06
-6.6673e+06
-8.12265e+06
-1.20498e+07
-8.52456e+06
-8.80144e+06
-8.80612e+06
-8.84217e+06
-8.83932e+06
-8.81281e+06
-8.83937e+06
-8.78408e+06
-8.84066e+06
-8.78487e+06
-8.82815e+06
-9.83196e+06
-8.81364e+06
-8.74936e+06
-7.81024e+06
-9.03878e+06
-8.84695e+06
-8.82124e+06
-9.14472e+06
-9.12275e+06
-8.86203e+06
-4.5603e+06
-8.83277e+06
-8.72224e+06
-8.81478e+06
-8.54091e+06
-8.83046e+06
-8.5367e+06
-8.81119e+06
-8.84432e+06
-9.37555e+06
-6.43538e+06
-8.84162e+06
-8.84165e+06
-8.95333e+06
-8.81857e+06
-8.82953e+06
-8.84006e+06
-8.84114e+06
-8.62882e+06
-8.81625e+06
-8.84105e+06
-8.37952e+06
-8.81816e+06
-8.84173e+06
-1.71167e+07
-8.84052e+06
-8.25893e+06
-8.84109e+06
-8.84003e+06
-8.84139e+06
-8.90112e+06
-7.49714e+06
-8.8411e+06
-8.83857e+06
-8.85794e+06
-8.8816e+06
-8.81737e+06
-8.76121e+06
-8.36663e+06
-8.84099e+06
-8.8411e+06
-9.30283e+06
-7.00038e+06
-8.84113e+06
-8.81102e+06
-8.84113e+06
-9.13879e+06
-9.03977e+06
-9.11999e+06
-8.5459e+06
-8.9276e+06
-8.81364e+06
-8.9543e+06
-8.84325e+06
-8.84421e+06
-8.84967e+06
-8.81205e+06
-8.84124e+06
-8.81228e+06
-8.80866e+06
-8.84127e+06
-8.24498e+06
-8.97845e+06
-9.86859e+06
-8.76142e+06
-8.55661e+06
-8.81796e+06
-1.68531e+07
-8.75407e+06
-8.8399e+06
-9.01689e+06
-7.59565e+06
-8.84004e+06
-8.81004e+06
-8.84219e+06
-8.87234e+06
-6.83129e+06
-8.746e+06
-9.13995e+06
-8.84104e+06
-8.84103e+06
-7.57786e+06
-8.84104e+06
-8.68513e+06
-8.31259e+06
-8.68286e+06
-8.84129e+06
-8.866e+06
-8.55022e+06
-6.48324e+06
-9.2912e+06
-8.84046e+06
-8.14298e+06
-8.8403e+06
-9.04051e+06
-8.81093e+06
-8.8136e+06
-9.15911e+06
-9.05343e+06
-1.30904e+07
-8.81721e+06
-8.36344e+06
-8.81935e+06
-8.84099e+06
-8.83564e+06
-7.44474e+06
-8.808e+06
-6.83657e+06
-8.81191e+06
-8.82249e+06
-8.76115e+06
-8.87751e+06
-1.33062e+07
-8.76441e+06
-8.85775e+06
-8.8302e+06
-2.30972e+07
-8.85887e+06
-1.03737e+07
-8.84104e+06
-8.82514e+06
-8.81974e+06
-4.05364e+06
-8.81172e+06
-9.0891e+06
-6.19225e+06
-8.80113e+06
-8.81427e+06
-8.80616e+06
-8.84234e+06
-8.8373e+06
-8.51352e+06
-8.84173e+06
-8.81999e+06
-1.38287e+07
-8.84011e+06
-8.84172e+06
-9.04638e+06
-8.84078e+06
-8.83672e+06
-8.64611e+06
-8.80946e+06
-8.6202e+06
-6.83298e+06
-8.84105e+06
-8.8408e+06
2.61263e+06
-8.81493e+06
-8.81441e+06
-8.65221e+06
-8.82995e+06
-8.81081e+06
-8.81137e+06
-8.71451e+06
-8.86554e+06
-8.81312e+06
-8.81026e+06
-8.81449e+06
-8.98538e+06
-8.82193e+06
-3.32051e+06
-8.5793e+06
4.10899e+06
-8.93806e+06
-8.95428e+06
-8.80284e+06
-8.80328e+06
-8.84116e+06
-8.65402e+06
-8.88494e+06
-8.98055e+06
-8.9542e+06
-8.84019e+06
-8.76547e+06
-8.95015e+06
-8.81119e+06
-8.60938e+06
-9.51041e+06
-8.81022e+06
-2.46631e+06
-8.91701e+06
-9.12906e+06
-8.88813e+06
-8.88135e+06
-9.09228e+06
-8.81396e+06
-8.8406e+06
-8.80504e+06
-8.59548e+06
-8.81132e+06
-8.81785e+06
-7.87277e+06
-8.8457e+06
-8.84192e+06
-1.27484e+07
-8.84052e+06
-8.6983e+06
-8.84242e+06
-1.84463e+07
-8.8953e+06
-8.68617e+06
-8.81348e+06
-8.81077e+06
-8.84103e+06
-8.81339e+06
-8.96119e+06
-8.84112e+06
-7.20575e+06
-8.83152e+06
-8.81467e+06
-8.94889e+06
-8.81985e+06
-8.77125e+06
-1.09268e+07
-8.81883e+06
-8.81824e+06
-8.79376e+06
-8.96288e+06
-8.84105e+06
-9.05159e+06
-8.34241e+06
-8.84228e+06
-8.67337e+06
-8.80199e+06
-9.10762e+06
-7.55575e+06
-8.83524e+06
-8.97562e+06
-6.74538e+06
-8.84113e+06
-8.88394e+06
-8.47697e+06
-8.8279e+06
-8.89743e+06
-8.81449e+06
-1.0086e+07
-8.80998e+06
-8.23091e+06
-8.20289e+06
-8.82729e+06
-8.79833e+06
-8.61816e+06
-8.81099e+06
-9.1786e+06
-8.84121e+06
-8.84104e+06
-8.84036e+06
-8.56274e+06
-8.84113e+06
-8.84111e+06
-8.81283e+06
-8.98591e+06
-8.84102e+06
-8.84282e+06
-8.4274e+06
-8.81901e+06
-8.81613e+06
-8.8444e+06
-8.84103e+06
-8.81584e+06
-8.8409e+06
-8.80974e+06
-8.80971e+06
-1.03864e+07
-8.81948e+06
-8.70526e+06
-8.81417e+06
-8.84918e+06
-8.66268e+06
-8.81097e+06
-8.29677e+06
-8.81108e+06
-8.81107e+06
-8.91305e+06
-8.8445e+06
-8.83641e+06
-8.81984e+06
-8.83528e+06
-8.84168e+06
-4.10643e+06
-8.84116e+06
-8.84813e+06
-8.76408e+06
-8.42073e+06
-7.34115e+06
-8.81399e+06
-8.836e+06
-8.80621e+06
-8.81524e+06
-8.84104e+06
-8.80975e+06
-8.83987e+06
-8.84802e+06
-8.83541e+06
-8.84574e+06
-8.84105e+06
-8.40886e+06
-8.84149e+06
-8.84095e+06
-8.5601e+06
-8.81593e+06
475073
-8.84853e+06
-8.80602e+06
-8.81139e+06
-8.8063e+06
-8.83136e+06
-8.8241e+06
-8.6822e+06
-8.80678e+06
-8.8079e+06
-8.81408e+06
-8.80998e+06
-8.84116e+06
-8.82146e+06
-8.7828e+06
-8.81065e+06
-8.81622e+06
-8.82125e+06
-8.84121e+06
-8.84165e+06
-8.84238e+06
-8.80748e+06
-8.84069e+06
-8.84146e+06
-8.84125e+06
-8.86163e+06
-8.23461e+06
-8.22749e+06
-8.81747e+06
-8.59603e+06
-8.81488e+06
-8.84422e+06
-8.84099e+06
-8.84094e+06
-8.47298e+06
-9.05288e+06
-8.84118e+06
-8.84138e+06
-8.80117e+06
-8.80838e+06
-8.84025e+06
-8.83353e+06
-8.81022e+06
-8.83037e+06
-8.79926e+06
-8.84066e+06
-8.84105e+06
-8.80789e+06
-8.84149e+06
-8.81288e+06
-8.29012e+06
-8.81172e+06
-8.82751e+06
-8.82019e+06
-8.84435e+06
-8.84093e+06
-8.81119e+06
-8.87355e+06
-8.84115e+06
-8.84112e+06
-8.81036e+06
-9.1461e+06
-8.70874e+06
-8.60937e+06
-8.84116e+06
-8.7128e+06
-8.81113e+06
-8.83184e+06
-8.80615e+06
-8.93518e+06
-8.84007e+06
-8.84234e+06
-8.49859e+06
-8.82684e+06
-8.80733e+06
-8.84107e+06
-8.82028e+06
-8.84105e+06
-8.84568e+06
-8.84106e+06
-8.81075e+06
-8.81502e+06
-8.84266e+06
-8.32112e+06
-8.81258e+06
-8.72316e+06
-8.84019e+06
-8.81169e+06
-8.81975e+06
-8.84267e+06
-8.79899e+06
-8.82691e+06
-8.56106e+06
-8.84088e+06
-8.81479e+06
-8.84102e+06
-8.84102e+06
-8.8179e+06
-8.8242e+06
-8.90984e+06
-8.8813e+06
-8.54126e+06
-8.49233e+06
-8.84407e+06
-8.53338e+06
-1.33621e+07
-9.39847e+06
-8.84406e+06
-8.84213e+06
-8.84269e+06
-8.84095e+06
-8.84086e+06
-8.98621e+06
-8.84058e+06
-8.81235e+06
-8.81765e+06
-2.32496e+07
-8.53455e+06
-8.95577e+06
-8.8853e+06
-7.47564e+06
-8.85692e+06
-8.8103e+06
-8.71133e+06
-8.8409e+06
-8.84085e+06
-8.77398e+06
-9.07976e+06
-8.84084e+06
-8.7826e+06
-8.84086e+06
-8.57536e+06
-8.21174e+06
-8.80957e+06
-8.81249e+06
-8.62409e+06
-8.82946e+06
-8.67124e+06
-8.81404e+06
-8.81364e+06
-8.81075e+06
-8.83951e+06
-9.37466e+06
-8.81174e+06
-8.81325e+06
-8.8423e+06
-8.84022e+06
-8.81309e+06
-8.81545e+06
-8.93221e+06
-8.81363e+06
-8.82235e+06
-8.91526e+06
-8.84552e+06
-9.14891e+06
-8.83977e+06
-1.55089e+07
-8.59947e+06
-8.60076e+06
-8.80966e+06
-8.80996e+06
-9.08188e+06
-9.23762e+06
-8.81046e+06
-8.4747e+06
-8.82079e+06
-8.83353e+06
-8.84084e+06
-8.62008e+06
-8.81077e+06
-8.84089e+06
-8.70631e+06
-8.84091e+06
-8.95178e+06
-8.7363e+06
-8.84292e+06
-8.81152e+06
-8.87515e+06
-8.89942e+06
-8.74605e+06
-8.82778e+06
-9.1146e+06
-8.81117e+06
-8.8091e+06
-8.84325e+06
-8.81783e+06
-8.81049e+06
-8.9421e+06
-8.93241e+06
-8.85058e+06
-8.8183e+06
-8.83934e+06
-8.81784e+06
-8.71924e+06
-8.4275e+06
-8.82002e+06
-8.83913e+06
-8.88493e+06
-8.84102e+06
-8.85671e+06
-8.54512e+06
-8.56382e+06
-8.85782e+06
-8.8135e+06
-8.81971e+06
-8.80639e+06
-8.84069e+06
-8.84106e+06
-8.84106e+06
-8.81723e+06
-8.62725e+06
-8.84119e+06
-8.81027e+06
-8.84135e+06
-8.81732e+06
-8.84232e+06
-8.84248e+06
-8.75289e+06
-9.71561e+06
-8.81376e+06
-8.84108e+06
-8.84133e+06
-8.82505e+06
-8.8139e+06
-8.84112e+06
-8.8411e+06
-8.49038e+06
-8.84112e+06
-8.83508e+06
-8.81389e+06
-8.8423e+06
-3.3679e+06
-8.80982e+06
-8.84202e+06
-8.64108e+06
-8.81628e+06
-8.82362e+06
-8.81521e+06
-8.8136e+06
-8.82537e+06
-8.81154e+06
-8.83117e+06
-8.84004e+06
-8.81498e+06
-8.80111e+06
-8.81172e+06
-8.39344e+06
-8.84226e+06
-8.81162e+06
-8.82242e+06
-8.86547e+06
-8.82573e+06
-8.8124e+06
-8.81135e+06
-8.49122e+06
-8.83034e+06
-2.18928e+07
-8.79133e+06
-8.9119e+06
-8.8413e+06
-8.81679e+06
-8.81462e+06
-9.36134e+06
-8.86244e+06
-8.78702e+06
-8.84399e+06
-9.0093e+06
-8.81108e+06
-8.97731e+06
-8.51324e+06
-8.80843e+06
-8.8172e+06
-8.81057e+06
-8.81373e+06
-8.84369e+06
-8.9823e+06
-7.83756e+06
-8.87426e+06
-8.81192e+06
-8.87578e+06
-8.81532e+06
-8.633e+06
-9.97511e+06
-8.84091e+06
-9.20516e+06
-8.83181e+06
-8.81527e+06
-8.84581e+06
-8.84106e+06
-8.84287e+06
-8.84106e+06
-8.80888e+06
-8.83879e+06
-8.84713e+06
-8.8741e+06
-9.07921e+06
-8.80985e+06
-8.81243e+06
-9.13115e+06
-8.83315e+06
-8.62639e+06
-9.63025e+06
-8.6483e+06
-8.84028e+06
-9.04312e+06
-9.6431e+06
-8.81237e+06
-8.44233e+06
-9.04189e+06
-8.81046e+06
-8.82309e+06
-8.84775e+06
-8.15257e+06
-7.87324e+06
-8.84216e+06
-8.80979e+06
-9.16778e+06
-8.84114e+06
-8.63945e+06
-8.88557e+06
-8.84361e+06
457259
-1.65011e+07
-8.84096e+06
-8.84289e+06
-8.80672e+06
-8.84089e+06
-8.84089e+06
-8.8411e+06
-1.27431e+07
-8.81348e+06
-8.87389e+06
-8.5844e+06
-8.81971e+06
-8.80877e+06
-8.77582e+06
-8.88263e+06
-8.81303e+06
-8.86592e+06
-8.84094e+06
-8.25206e+06
-9.22679e+06
-8.81237e+06
-9.02406e+06
-8.65119e+06
-9.11086e+06
-8.24019e+06
-8.93193e+06
-8.84094e+06
-7.84599e+06
-8.39023e+06
-8.37677e+06
-8.66751e+06
-8.81318e+06
-6.49906e+06
-8.84125e+06
-8.99409e+06
-8.35383e+06
-8.79603e+06
-1.32221e+07
-9.1949e+06
-1.30284e+07
-9.10865e+06
-8.84925e+06
-8.62615e+06
-8.81456e+06
-1.33812e+07
-8.57378e+06
-9.0032e+06
-8.81946e+06
-8.80402e+06
-8.59791e+06
-8.42523e+06
-8.84235e+06
-8.5359e+06
-8.65986e+06
-8.73574e+06
-9.14769e+06
-8.73103e+06
-8.80849e+06
-8.82331e+06
-8.70062e+06
-8.81942e+06
-8.67147e+06
-8.84296e+06
-8.61527e+06
-8.88808e+06
-8.36651e+06
-8.84096e+06
-8.81092e+06
-8.841e+06
-9.4239e+06
-8.80923e+06
-8.93807e+06
-8.82542e+06
-8.61868e+06
-9.06923e+06
-8.79467e+06
-8.8089e+06
-8.86213e+06
-9.05888e+06
-8.61904e+06
-8.80992e+06
-8.81082e+06
-8.75122e+06
-8.84109e+06
-8.84228e+06
-9.68722e+06
-8.54029e+06
-4.58616e+06
-8.84113e+06
-8.81369e+06
-8.83043e+06
-8.68969e+06
-8.81916e+06
-8.80984e+06
-8.56852e+06
-8.89424e+06
-8.8412e+06
-8.841e+06
-7.44609e+06
-8.84076e+06
-8.83666e+06
-8.5773e+06
-8.94627e+06
-8.46921e+06
-8.84234e+06
-8.99301e+06
-8.84113e+06
-8.82938e+06
-9.00098e+06
-8.62222e+06
-8.80594e+06
-8.81719e+06
-8.73261e+06
-8.47429e+06
-8.73696e+06
-8.89618e+06
-8.81532e+06
-7.57222e+06
-1.12996e+07
-8.8135e+06
-9.01625e+06
-8.90303e+06
-8.40969e+06
-3.94048e+06
-8.23408e+06
-8.79718e+06
-7.47094e+06
-8.84498e+06
-1.12118e+07
-8.8146e+06
-8.81427e+06
-8.81373e+06
-8.83685e+06
-8.84293e+06
-6.84876e+06
-8.69466e+06
-8.84074e+06
-8.87271e+06
-1.1438e+07
-8.80923e+06
-8.84113e+06
-9.26045e+06
-8.80963e+06
-8.82775e+06
-8.81999e+06
-9.05208e+06
-8.8747e+06
-9.95853e+06
-8.44693e+06
-8.83696e+06
-8.80966e+06
-8.81082e+06
-9.54929e+06
-8.83128e+06
-8.84105e+06
-8.84687e+06
-9.03822e+06
-8.81073e+06
-8.84096e+06
-8.84131e+06
-8.8641e+06
-8.84111e+06
-8.84139e+06
-8.8457e+06
-8.81158e+06
-8.83596e+06
-8.84118e+06
-8.84074e+06
-8.45451e+06
-8.84021e+06
-8.81039e+06
-8.83647e+06
-8.81783e+06
-8.84094e+06
-9.02513e+06
-8.80949e+06
-8.80422e+06
-8.48937e+06
-8.84674e+06
-8.8235e+06
-8.84093e+06
-8.81075e+06
-8.84084e+06
-8.8408e+06
-8.84095e+06
-8.82023e+06
-8.79664e+06
-8.83996e+06
-8.87287e+06
-9.00472e+06
-8.79354e+06
-8.81351e+06
-8.85287e+06
-9.23812e+06
-8.84101e+06
-8.53027e+06
-8.84094e+06
-8.88792e+06
-8.85898e+06
-8.8409e+06
-9.13673e+06
-9.20801e+06
-8.8238e+06
-8.42247e+06
-9.1323e+06
-8.87827e+06
-8.82928e+06
-1.79588e+07
-8.82032e+06
-8.84209e+06
-8.83273e+06
-8.73547e+06
-8.87065e+06
-8.86364e+06
-9.13373e+06
-8.88758e+06
-8.7598e+06
-8.99339e+06
-9.00473e+06
-8.84114e+06
-6.85828e+06
-8.78849e+06
-8.81764e+06
-7.48088e+06
-8.86896e+06
-8.15579e+06
-8.68417e+06
-8.84135e+06
-8.97602e+06
-9.04857e+06
-8.5492e+06
-8.84101e+06
-9.08806e+06
-8.84112e+06
-8.84123e+06
-8.84112e+06
-8.84105e+06
-8.5911e+06
-8.84629e+06
-6.98029e+06
-8.81424e+06
-8.52293e+06
-1.87673e+07
-8.52094e+06
-8.61698e+06
-8.66184e+06
-8.53985e+06
-9.19878e+06
-8.83805e+06
-8.80952e+06
-8.85309e+06
-8.65533e+06
-8.67957e+06
-1.76088e+07
-8.84051e+06
-8.80385e+06
-9.05628e+06
-8.77977e+06
-9.15312e+06
-8.9381e+06
-8.83285e+06
-8.8155e+06
-8.84095e+06
-8.84095e+06
-8.8152e+06
-8.84307e+06
-8.80812e+06
-9.05984e+06
-8.84013e+06
-9.25437e+06
-8.97114e+06
-8.81042e+06
-8.34428e+06
-8.79408e+06
-8.84003e+06
-9.2711e+06
-9.11939e+06
-8.9786e+06
-9.07658e+06
-8.809e+06
-8.83797e+06
-9.00075e+06
-8.80979e+06
-8.84057e+06
-8.72503e+06
-9.00329e+06
-9.17078e+06
-8.49462e+06
-8.81132e+06
-8.80976e+06
-8.79415e+06
-8.80955e+06
-8.8339e+06
-8.49993e+06
-8.84075e+06
-8.81296e+06
-8.83414e+06
-9.12427e+06
-8.84052e+06
-8.84024e+06
-8.80897e+06
-8.81685e+06
-8.95965e+06
-8.81837e+06
-8.90822e+06
7.91619e+06
-8.84112e+06
-8.98882e+06
-8.80448e+06
-8.84215e+06
-8.81405e+06
-8.84218e+06
-8.86731e+06
-8.79057e+06
-8.84112e+06
-8.81435e+06
-8.59396e+06
-8.81329e+06
-8.94557e+06
-8.97197e+06
-8.84218e+06
-8.8109e+06
-8.84144e+06
-8.80674e+06
-9.2701e+06
-8.87438e+06
-8.90858e+06
-8.84337e+06
-8.27678e+06
-8.81162e+06
-8.88045e+06
-8.84138e+06
-8.87259e+06
-8.80651e+06
-8.81164e+06
-8.8456e+06
-9.00055e+06
-9.01253e+06
-8.81493e+06
-9.10024e+06
-8.84306e+06
-8.80878e+06
-8.81397e+06
-9.42086e+06
-8.84112e+06
-9.10726e+06
-8.80982e+06
-8.97626e+06
-8.81046e+06
-8.81205e+06
4.57364e+06
-8.708e+06
-8.84212e+06
-8.81081e+06
-9.04575e+06
-8.8407e+06
-8.81226e+06
-8.84296e+06
-8.99496e+06
-8.84089e+06
-8.71293e+06
-8.60405e+06
-8.92158e+06
-7.80973e+06
-8.89213e+06
-8.84246e+06
-8.2291e+06
-8.80758e+06
-8.84306e+06
-8.99991e+06
-8.59619e+06
-8.81295e+06
-8.96611e+06
-8.84086e+06
-8.84093e+06
-8.76548e+06
-8.75323e+06
-8.84096e+06
-8.84404e+06
-8.66846e+06
-8.81774e+06
-6.75409e+06
-8.607e+06
-9.12901e+06
-6.96335e+06
-7.89503e+06
-8.80981e+06
-6.72832e+06
-8.73331e+06
-8.82581e+06
-9.15902e+06
-8.81342e+06
-8.82857e+06
-8.91137e+06
-9.08281e+06
-1.30475e+07
-8.80766e+06
-8.8108e+06
-9.08448e+06
-8.73641e+06
-8.90018e+06
-8.55111e+06
-8.49231e+06
-8.73783e+06
-7.4557e+06
-8.87575e+06
-8.69811e+06
-8.83553e+06
-8.97288e+06
-8.81417e+06
-8.82154e+06
-8.96165e+06
-8.81155e+06
-8.84242e+06
-8.5368e+06
-8.81329e+06
-8.84114e+06
-8.84401e+06
-8.86905e+06
-8.87041e+06
-8.84208e+06
-8.6382e+06
-9.06485e+06
-8.65021e+06
-8.52277e+06
-8.8067e+06
-8.86641e+06
-9.90802e+06
-8.81094e+06
-8.81354e+06
-9.05876e+06
-8.81561e+06
-8.76824e+06
-8.84111e+06
-9.09618e+06
-8.79394e+06
-8.84219e+06
-8.8113e+06
-8.87956e+06
-8.38227e+06
-8.81387e+06
-9.74079e+06
-8.87747e+06
-8.67397e+06
-8.84515e+06
-8.81305e+06
-8.84248e+06
-1.21116e+07
-8.94993e+06
-8.8017e+06
-8.80941e+06
-8.8371e+06
-7.5873e+06
-8.61779e+06
-8.84204e+06
-8.61731e+06
-8.84102e+06
-9.74081e+06
-8.84108e+06
-8.619e+06
-8.84114e+06
-8.8295e+06
8.1181e+06
-8.82761e+06
-8.84111e+06
-9.11023e+06
-8.84112e+06
-8.84228e+06
-8.8143e+06
-8.84081e+06
-7.56618e+06
-8.84425e+06
-8.80861e+06
-8.84106e+06
-9.13356e+06
-8.82872e+06
-8.8143e+06
-8.841e+06
-8.93074e+06
-8.82468e+06
-8.60687e+06
-8.8413e+06
-8.52088e+06
-8.84171e+06
-9.96042e+06
-8.84097e+06
-9.26811e+06
-8.6085e+06
-8.84045e+06
-8.8622e+06
-8.83357e+06
-8.83202e+06
-9.05847e+06
-8.82568e+06
-2.25722e+07
-4.60308e+06
-8.84184e+06
-9.18416e+06
-8.84144e+06
-8.84415e+06
-8.75709e+06
-8.80808e+06
-8.84153e+06
-9.25822e+06
-8.84765e+06
-9.14781e+06
-8.81584e+06
-8.57942e+06
-8.37258e+06
-8.81197e+06
-8.90099e+06
-8.55644e+06
-8.9392e+06
-8.55725e+06
-8.84107e+06
-8.84117e+06
-8.95106e+06
-8.93976e+06
-8.81481e+06
-8.86062e+06
-8.93396e+06
-8.84327e+06
-8.84109e+06
-8.87802e+06
-8.88858e+06
-8.87946e+06
-9.38649e+06
-8.94504e+06
-8.57253e+06
-8.58637e+06
-8.84669e+06
-8.84089e+06
-8.84084e+06
-8.7119e+06
-8.81928e+06
-7.68426e+06
-8.81638e+06
-8.80489e+06
-9.3247e+06
-8.96016e+06
-8.97631e+06
-9.21874e+06
-8.85727e+06
-8.84058e+06
-8.83075e+06
-8.80476e+06
-8.80815e+06
-8.89134e+06
7.91e+06
-8.84083e+06
-8.8086e+06
-8.81245e+06
-8.81377e+06
-8.84083e+06
-8.84646e+06
-1.26735e+07
-9.28287e+06
-8.84085e+06
-9.11073e+06
-9.15652e+06
-8.84074e+06
-8.84234e+06
-8.84095e+06
-8.84089e+06
-8.84111e+06
-8.84106e+06
-8.33417e+06
-8.84668e+06
-9.14435e+06
-9.04832e+06
-8.98203e+06
-8.85114e+06
-8.65522e+06
-8.81002e+06
-8.84054e+06
-8.84105e+06
-9.12915e+06
-8.81972e+06
-8.84091e+06
-8.81846e+06
-2.21936e+07
-8.84146e+06
-8.81301e+06
-8.81527e+06
-1.70357e+07
-8.42137e+06
-1.17495e+07
-8.73285e+06
-8.40059e+06
-9.2199e+06
-8.81328e+06
-8.79707e+06
-8.81348e+06
-8.84111e+06
-8.84424e+06
-8.77582e+06
-8.80935e+06
-8.84077e+06
-9.11312e+06
-8.81507e+06
-8.81538e+06
-8.8411e+06
-8.95126e+06
-8.48679e+06
-8.76747e+06
-8.8142e+06
-8.71304e+06
-8.81584e+06
-8.84113e+06
-8.81333e+06
-8.83582e+06
-9.06728e+06
-3.39394e+06
-8.76361e+06
-9.09837e+06
-8.84121e+06
-8.81176e+06
-8.8129e+06
-8.80954e+06
-8.81576e+06
-8.81119e+06
-7.48686e+06
-8.07369e+06
-8.78983e+06
-7.70065e+06
-8.81512e+06
-8.81401e+06
-8.80996e+06
-8.24583e+06
-8.8112e+06
-9.43102e+06
-8.81495e+06
-8.81108e+06
-8.80015e+06
-8.84417e+06
-8.84091e+06
-8.37888e+06
-8.87167e+06
-8.40989e+06
-8.81146e+06
-2.79284e+06
-8.64657e+06
-2.67734e+06
-9.70904e+06
-8.84147e+06
-8.82958e+06
-7.64739e+06
-8.82052e+06
-8.79002e+06
-8.81202e+06
-8.84117e+06
-8.81384e+06
-8.80976e+06
-8.76058e+06
466862
-8.51639e+06
-8.84108e+06
-8.74579e+06
-2.77296e+06
-8.82681e+06
-8.94956e+06
-9.02489e+06
-8.84103e+06
-8.81186e+06
-8.51469e+06
-8.88132e+06
-8.30051e+06
-8.81361e+06
-8.84113e+06
-8.81578e+06
-8.84103e+06
-8.633e+06
-8.93514e+06
-8.64507e+06
-8.80807e+06
-8.80972e+06
-8.82006e+06
-8.84081e+06
-8.80768e+06
-8.63206e+06
-8.82175e+06
-8.81045e+06
-8.88741e+06
-8.80993e+06
-8.84784e+06
-8.81064e+06
-8.8082e+06
-9.07926e+06
-8.25138e+06
-8.79647e+06
-8.50482e+06
-8.81371e+06
-8.84103e+06
-8.82725e+06
-8.4875e+06
-8.85636e+06
-8.83088e+06
-8.82752e+06
-8.78847e+06
-8.24683e+06
-9.68807e+06
-8.5888e+06
-8.81023e+06
-8.81322e+06
-8.78819e+06
-8.81306e+06
-8.84143e+06
-8.84131e+06
-8.84114e+06
-8.8423e+06
-8.81026e+06
-8.84109e+06
-8.84084e+06
-8.81113e+06
-8.83806e+06
-8.84095e+06
-8.89312e+06
-8.81427e+06
-8.84276e+06
-8.80825e+06
-8.82004e+06
-9.03494e+06
-8.97129e+06
-9.0045e+06
-8.81997e+06
-8.6973e+06
-8.84548e+06
-8.7938e+06
-8.68461e+06
-8.80981e+06
-9.60491e+06
-8.84402e+06
-8.81568e+06
-8.81388e+06
-8.81847e+06
-8.82642e+06
-8.82298e+06
-8.84081e+06
-8.84239e+06
-8.85731e+06
-8.84105e+06
-8.8408e+06
-8.25731e+06
-9.01124e+06
-8.84105e+06
-8.81128e+06
-8.84112e+06
-8.80625e+06
-9.07629e+06
-8.84176e+06
-8.81032e+06
-8.5415e+06
-8.73389e+06
-8.78095e+06
-8.52446e+06
-8.82131e+06
-8.80354e+06
-8.53625e+06
-6.66739e+06
-8.81347e+06
-9.05502e+06
-8.81137e+06
-9.19524e+06
-8.84076e+06
-8.57253e+06
-8.84044e+06
-8.83853e+06
-8.89194e+06
-8.84692e+06
-8.87543e+06
-8.84447e+06
-8.79141e+06
-8.59959e+06
-8.59342e+06
-8.84029e+06
-8.84021e+06
-8.84019e+06
-8.84104e+06
-8.84117e+06
-8.84138e+06
-8.81025e+06
-8.81629e+06
-8.07305e+06
-7.26411e+06
-8.01418e+06
-7.96775e+06
-9.39935e+06
-1.04068e+07
-1.02828e+07
-9.45175e+06
-1.08404e+07
-9.55831e+06
-1.02649e+07
-9.46638e+06
-5.33749e+06
-5.33474e+06
-8.38011e+06
-1.35214e+07
-2.73952e+06
-1.027e+07
-1.37862e+07
-1.23135e+07
-1.31525e+07
-1.08229e+07
-1.03375e+07
-1.21164e+07
-1.0942e+07
-8.82146e+06
-8.81414e+06
-8.82437e+06
-8.83351e+06
-8.62583e+06
-8.87362e+06
-8.61805e+06
-8.84841e+06
-9.10426e+06
-8.62099e+06
-8.84879e+06
-8.88166e+06
-8.84102e+06
-8.87642e+06
-8.84236e+06
-8.84108e+06
-8.84104e+06
-8.84145e+06
-8.84106e+06
-8.84096e+06
-8.84087e+06
-8.84111e+06
-8.84099e+06
-8.84062e+06
-8.84114e+06
-8.84054e+06
-8.84072e+06
-8.83972e+06
-8.84247e+06
-8.83647e+06
-8.87255e+06
-8.83595e+06
-8.83624e+06
-8.87451e+06
-8.83841e+06
-8.83939e+06
-8.93587e+06
-8.95549e+06
-8.81864e+06
-8.83619e+06
-8.90558e+06
-8.89408e+06
-8.81307e+06
-8.81124e+06
-8.81238e+06
-8.81229e+06
-8.81298e+06
-8.80937e+06
-8.8118e+06
-8.81129e+06
-8.80974e+06
-8.81151e+06
-8.80956e+06
-8.81175e+06
-8.81174e+06
-8.8107e+06
-8.81113e+06
-8.81166e+06
-8.81131e+06
-8.81168e+06
-8.8113e+06
-8.81053e+06
-8.81186e+06
-8.81229e+06
-8.81602e+06
-8.81444e+06
-8.81617e+06
-8.81866e+06
-8.81767e+06
-8.8199e+06
-8.82718e+06
-8.88045e+06
-8.86913e+06
-8.88284e+06
-8.91872e+06
-8.93691e+06
-8.98715e+06
-9.0257e+06
-9.3445e+06
-9.42821e+06
-9.30978e+06
-9.35336e+06
-9.43128e+06
-9.36012e+06
-9.47259e+06
-9.48197e+06
-9.47924e+06
-9.58947e+06
-9.58813e+06
-9.53859e+06
-9.75008e+06
-9.6463e+06
-1.00861e+07
-8.44098e+06
-8.08118e+06
-8.42537e+06
-9.05927e+06
-8.82922e+06
-9.00936e+06
-9.02266e+06
-8.53678e+06
-8.55187e+06
-7.91465e+06
-8.19719e+06
-8.17979e+06
-8.19451e+06
-8.51029e+06
-8.41186e+06
-8.35181e+06
-7.40703e+06
-7.47208e+06
-7.42837e+06
-8.24193e+06
-6.99088e+06
-7.87909e+06
-7.74727e+06
-7.74824e+06
-8.41959e+06
-8.43208e+06
-8.43607e+06
-8.82949e+06
-8.91675e+06
-8.82355e+06
-8.80835e+06
-8.8258e+06
-9.01908e+06
-1.27898e+07
-2.09435e+07
-8.55163e+06
-8.35682e+06
-8.39987e+06
-8.41485e+06
-8.41456e+06
-8.55923e+06
-8.44866e+06
-8.49563e+06
-6.66489e+06
-7.41305e+06
-7.43285e+06
-8.33834e+06
-8.38726e+06
-9.43619e+06
-8.53953e+06
-7.85246e+06
-9.06231e+06
-9.03778e+06
-9.05447e+06
-9.04868e+06
-9.04272e+06
-9.08304e+06
-9.09719e+06
-9.02179e+06
-9.09115e+06
-9.23537e+06
-9.21675e+06
-9.20434e+06
-9.01984e+06
-9.28077e+06
-9.19189e+06
-9.08519e+06
-8.97345e+06
-9.07663e+06
-8.94596e+06
-6.91039e+06
-6.87134e+06
-8.93477e+06
-6.87611e+06
-6.83951e+06
-8.94605e+06
-6.85542e+06
-8.68764e+06
-8.35947e+06
-8.70329e+06
-8.35336e+06
-8.33776e+06
-8.2623e+06
-8.31198e+06
-7.97375e+06
-7.93331e+06
-8.47258e+06
-8.92485e+06
-8.91923e+06
-8.70916e+06
-8.76413e+06
-8.75726e+06
-8.83074e+06
-8.71961e+06
-8.72432e+06
-8.7422e+06
-8.73031e+06
-8.77175e+06
-8.75234e+06
-8.73189e+06
-8.78895e+06
-8.77435e+06
-8.79943e+06
-8.8123e+06
-8.80688e+06
-8.83507e+06
-8.81901e+06
-8.81215e+06
-8.81625e+06
-8.81489e+06
-8.81657e+06
-8.81189e+06
-8.81331e+06
-8.80392e+06
-8.80328e+06
-8.7989e+06
-8.79489e+06
-8.79978e+06
-8.79445e+06
-8.80037e+06
-8.80101e+06
-8.80114e+06
-8.80288e+06
-8.81608e+06
-8.81222e+06
-8.84153e+06
-8.84189e+06
-8.84257e+06
-8.84236e+06
-8.84209e+06
-8.84207e+06
-8.84212e+06
-8.84121e+06
-8.84342e+06
-8.84273e+06
-8.8441e+06
-8.84454e+06
-8.84481e+06
-8.84486e+06
-8.84486e+06
-8.87892e+06
-8.84228e+06
-8.84517e+06
-8.87933e+06
-8.84157e+06
-8.84098e+06
-8.84096e+06
-8.84137e+06
-8.84303e+06
-8.84154e+06
-8.84209e+06
-8.84089e+06
-8.84105e+06
-8.84239e+06
-8.84067e+06
-8.84052e+06
-8.84078e+06
-8.84049e+06
-8.84041e+06
-8.84043e+06
-9.129e+06
-8.84085e+06
-8.84089e+06
-8.84099e+06
-8.84102e+06
-8.84096e+06
-8.84099e+06
-8.84099e+06
-8.84102e+06
-8.84104e+06
-8.84286e+06
-8.83389e+06
-8.87647e+06
-8.83642e+06
-8.8428e+06
-8.84229e+06
-8.84735e+06
-8.84193e+06
-8.80936e+06
-8.81046e+06
-8.81177e+06
-8.81503e+06
-8.81631e+06
-9.11874e+06
-9.52347e+06
-9.59433e+06
-7.88392e+06
-1.36884e+07
-8.45947e+06
-8.98272e+06
-7.89208e+06
-8.49169e+06
-8.52498e+06
-7.51246e+06
-7.4903e+06
-7.77478e+06
-8.68922e+06
-8.87044e+06
-1.30372e+07
-1.20483e+07
-8.39865e+06
-8.41541e+06
-1.0691e+07
-8.86474e+06
-9.03951e+06
-9.16504e+06
-9.02078e+06
-9.0138e+06
-9.02778e+06
-9.14209e+06
-9.10821e+06
-9.17269e+06
-9.04513e+06
-9.2106e+06
-9.05365e+06
-6.84389e+06
-6.82344e+06
-6.83439e+06
-8.68516e+06
-8.19983e+06
-8.89494e+06
-8.33867e+06
-8.16792e+06
-8.71698e+06
-8.83623e+06
-8.84174e+06
-8.74989e+06
-8.75502e+06
-8.73552e+06
-8.73932e+06
-8.816e+06
-8.81482e+06
-8.80041e+06
-8.80979e+06
-8.79327e+06
-8.80146e+06
-8.80298e+06
-8.81501e+06
-8.80032e+06
-8.80379e+06
-8.81048e+06
-8.80246e+06
-8.84106e+06
-8.84208e+06
-8.84194e+06
-8.84539e+06
-8.84544e+06
-8.84222e+06
-8.84531e+06
-8.87902e+06
-8.84071e+06
-8.8406e+06
-8.84035e+06
-8.83997e+06
-8.84115e+06
-8.84203e+06
-8.84084e+06
-8.84063e+06
-8.84047e+06
-8.8406e+06
-8.84061e+06
-8.84086e+06
-8.84082e+06
-8.84096e+06
-8.84088e+06
-8.84113e+06
-8.84114e+06
-8.84111e+06
-8.84112e+06
-8.84111e+06
-8.84112e+06
-8.84112e+06
-8.84112e+06
-8.84111e+06
-8.84095e+06
-8.84112e+06
-8.84112e+06
-8.8411e+06
-8.84111e+06
-8.84104e+06
-8.8411e+06
-8.84102e+06
-8.84125e+06
-8.84128e+06
-8.84133e+06
-8.84139e+06
-8.84111e+06
-8.84124e+06
-8.84142e+06
-8.84128e+06
-8.84171e+06
-8.84086e+06
-8.84109e+06
-8.83993e+06
-8.83971e+06
-8.83978e+06
-8.84505e+06
-8.84287e+06
-8.8351e+06
-8.81623e+06
-8.81216e+06
-8.81319e+06
-8.81359e+06
-8.81386e+06
-8.83474e+06
-8.82071e+06
-8.82165e+06
-8.82765e+06
-8.88501e+06
-8.86746e+06
-8.8787e+06
-8.81938e+06
-8.8872e+06
-8.81121e+06
-8.80959e+06
-8.8095e+06
-8.81098e+06
-8.81083e+06
-8.81008e+06
-8.8108e+06
-8.81267e+06
-8.81118e+06
-8.81296e+06
-8.81567e+06
-8.81473e+06
-8.81662e+06
-8.8269e+06
-8.8258e+06
-8.83263e+06
-8.82839e+06
-8.83065e+06
-8.83639e+06
-8.84174e+06
-8.84032e+06
-8.84067e+06
-8.84814e+06
-8.85791e+06
-8.84713e+06
-8.8655e+06
-8.87863e+06
-8.86218e+06
-8.9012e+06
-8.9012e+06
-8.90819e+06
-8.93571e+06
-8.92965e+06
-8.9612e+06
-8.96263e+06
-8.95519e+06
-8.97933e+06
-8.98167e+06
-8.98126e+06
-9.00626e+06
-9.01178e+06
-9.01349e+06
-9.11861e+06
-9.08568e+06
-9.10071e+06
-9.16185e+06
-9.07664e+06
-9.13143e+06
-9.08463e+06
-9.08597e+06
-9.06794e+06
-8.66519e+06
-8.80466e+06
-8.8317e+06
-8.68197e+06
-8.60864e+06
-8.65654e+06
-8.81846e+06
-8.59865e+06
-8.60418e+06
-8.80719e+06
-8.5432e+06
-8.43196e+06
-8.41487e+06
-8.54096e+06
-8.39146e+06
-8.06602e+06
-7.70385e+06
-8.46368e+06
-8.57072e+06
-8.54029e+06
-8.09054e+06
-8.53438e+06
-8.61175e+06
-8.61586e+06
-8.89197e+06
-8.69473e+06
-8.83729e+06
-8.7184e+06
-9.50995e+06
-9.63194e+06
-9.79407e+06
-1.1155e+07
-9.6586e+06
-1.45757e+07
-9.71516e+06
-8.85822e+06
-8.64213e+06
-8.58886e+06
-8.49994e+06
-8.51627e+06
-8.60488e+06
-8.60545e+06
-8.60432e+06
-8.63042e+06
-8.19002e+06
-8.54043e+06
-8.70759e+06
-8.82932e+06
-8.79884e+06
-8.66151e+06
-8.697e+06
-8.74169e+06
-9.02775e+06
-8.9018e+06
-9.1021e+06
-9.09053e+06
-9.0596e+06
-8.99664e+06
-9.04774e+06
-9.04668e+06
-9.0491e+06
-9.11732e+06
-9.08227e+06
-9.07573e+06
-9.10255e+06
-9.08404e+06
-9.16286e+06
-9.13529e+06
-9.15058e+06
-9.16982e+06
-9.15296e+06
-9.12772e+06
-9.10434e+06
-9.08552e+06
-9.12262e+06
-9.08578e+06
-8.82947e+06
-9.09526e+06
-6.80912e+06
-8.9436e+06
-8.80617e+06
-8.72305e+06
-8.24839e+06
-8.58762e+06
-8.53033e+06
-8.8063e+06
-8.36138e+06
-8.40306e+06
-8.69172e+06
-8.71798e+06
-8.91767e+06
-8.9235e+06
-8.84128e+06
-8.69775e+06
-8.98986e+06
-8.95177e+06
-8.838e+06
-8.86436e+06
-8.83734e+06
-8.80552e+06
-8.81028e+06
-8.81007e+06
-8.80602e+06
-8.81124e+06
-8.8144e+06
-8.8055e+06
-8.81316e+06
-8.8158e+06
-8.81944e+06
-8.82187e+06
-8.82143e+06
-8.82657e+06
-8.82352e+06
-8.81623e+06
-8.81798e+06
-8.81784e+06
-8.81762e+06
-8.81476e+06
-8.815e+06
-8.80895e+06
-8.80724e+06
-8.80666e+06
-8.80872e+06
-8.80956e+06
-8.80806e+06
-8.81226e+06
-8.80972e+06
-8.80613e+06
-8.80654e+06
-8.80506e+06
-8.80962e+06
-8.84405e+06
-8.84209e+06
-8.84417e+06
-8.84233e+06
-8.84236e+06
-8.84223e+06
-8.84269e+06
-8.8424e+06
-8.84186e+06
-8.84184e+06
-8.84475e+06
-8.84209e+06
-8.84078e+06
-8.80629e+06
-8.84134e+06
-8.84239e+06
-8.841e+06
-8.84083e+06
-8.84082e+06
-8.84084e+06
-8.84069e+06
-8.59668e+06
-8.84089e+06
-8.84093e+06
-8.84092e+06
-8.84094e+06
-8.84084e+06
-8.84083e+06
-8.84111e+06
-8.84104e+06
-8.84104e+06
-8.84094e+06
-8.84115e+06
-8.84119e+06
-1.27181e+07
-8.59411e+06
-8.73471e+06
-8.8146e+06
-8.81427e+06
-8.814e+06
-8.84112e+06
-8.84112e+06
-8.84113e+06
-8.84112e+06
-8.84113e+06
-8.84108e+06
-8.84106e+06
-8.84109e+06
-8.84105e+06
-8.84109e+06
-8.84115e+06
-8.84114e+06
-8.84116e+06
-8.84111e+06
-8.84104e+06
-8.84132e+06
-8.84118e+06
-8.84119e+06
-8.84119e+06
-8.88489e+06
-8.84114e+06
-8.84127e+06
-8.84133e+06
-8.84165e+06
-8.83993e+06
-8.83988e+06
-8.84031e+06
-8.84082e+06
-8.84038e+06
-8.84937e+06
-8.83354e+06
-8.81366e+06
-8.81513e+06
-8.81551e+06
-8.81345e+06
-8.81307e+06
-8.81347e+06
-8.81376e+06
-8.81369e+06
-8.8218e+06
-8.83131e+06
-9.15563e+06
-9.1516e+06
-9.07804e+06
-9.13982e+06
-9.24236e+06
-8.8115e+06
-8.81088e+06
-8.81035e+06
-8.81155e+06
-8.81128e+06
-8.81162e+06
-8.81142e+06
-8.81151e+06
-8.81094e+06
-8.81188e+06
-8.80935e+06
-8.81492e+06
-8.81609e+06
-8.81373e+06
-8.81472e+06
-8.8165e+06
-8.81712e+06
-8.81614e+06
-8.81828e+06
-8.81806e+06
-8.81869e+06
-8.81759e+06
-8.81953e+06
-8.82301e+06
-8.81867e+06
-8.82095e+06
-8.84126e+06
-8.84755e+06
-8.835e+06
-8.82032e+06
-8.84468e+06
-8.84581e+06
-8.83972e+06
-8.85296e+06
-8.92003e+06
-8.8606e+06
-8.85792e+06
-8.86098e+06
-9.13104e+06
-8.94652e+06
-8.86436e+06
-8.86481e+06
-8.86407e+06
-8.86588e+06
-8.86919e+06
-8.87088e+06
-8.86911e+06
-8.9016e+06
-8.99444e+06
-9.16541e+06
-8.93068e+06
-9.0307e+06
-8.60417e+06
-8.61357e+06
-9.11367e+06
-9.09091e+06
-9.08851e+06
-8.93827e+06
-9.09037e+06
-8.79074e+06
-8.8093e+06
-8.64643e+06
-8.76466e+06
-8.66298e+06
-8.63319e+06
-8.77422e+06
-8.68905e+06
-8.67675e+06
-8.68051e+06
-8.66974e+06
-8.68934e+06
-8.62029e+06
-8.62652e+06
-8.59641e+06
-8.57094e+06
-8.54279e+06
-8.6371e+06
-8.6157e+06
-8.56296e+06
-8.40939e+06
-8.37377e+06
-8.07514e+06
-8.40603e+06
-8.34097e+06
-6.85504e+06
-7.32338e+06
-8.41421e+06
-8.48229e+06
-8.38962e+06
-8.38169e+06
-8.09239e+06
-8.65407e+06
-8.60385e+06
-8.57575e+06
-8.51417e+06
-8.94954e+06
-8.70632e+06
-8.76561e+06
-9.51414e+06
-9.0567e+06
-8.77256e+06
-9.3539e+06
-1.54856e+07
-1.12436e+07
-8.74735e+06
-8.78532e+06
-8.78947e+06
-8.81708e+06
-8.78495e+06
-8.85239e+06
-8.81178e+06
-8.67779e+06
-8.67527e+06
-8.66888e+06
-8.67197e+06
-8.66838e+06
-8.67459e+06
-8.62813e+06
-8.60058e+06
-8.65e+06
-8.23318e+06
-8.63958e+06
-8.63387e+06
-8.50595e+06
-8.60253e+06
-8.55741e+06
-8.55504e+06
-8.53716e+06
-8.6397e+06
-8.6386e+06
-8.64146e+06
-8.93479e+06
-8.98931e+06
-9.09314e+06
-8.94487e+06
-9.07119e+06
-9.09145e+06
-9.12367e+06
-9.08751e+06
-9.07031e+06
-9.13611e+06
-9.13481e+06
-9.07545e+06
-9.14158e+06
-9.14074e+06
-9.15902e+06
-9.11929e+06
-9.12222e+06
-9.11027e+06
-9.13824e+06
-9.0814e+06
-9.06782e+06
-9.05235e+06
-8.98477e+06
-8.9392e+06
-8.90516e+06
-8.82964e+06
-8.59434e+06
-8.89283e+06
-8.74199e+06
-8.82413e+06
-8.82417e+06
-8.82041e+06
-8.82988e+06
-9.04194e+06
-9.03022e+06
-8.99976e+06
-8.80297e+06
-9.0079e+06
-8.98788e+06
-9.04454e+06
-8.98004e+06
-8.8461e+06
-8.87577e+06
-8.95178e+06
-8.85921e+06
-8.82158e+06
-8.80316e+06
-8.83397e+06
-8.83472e+06
-8.80494e+06
-8.83663e+06
-8.83617e+06
-8.83482e+06
-8.83752e+06
-8.83796e+06
-8.83778e+06
-8.81731e+06
-8.83675e+06
-8.84249e+06
-8.83762e+06
-8.83861e+06
-8.82244e+06
-8.82114e+06
-8.8263e+06
-8.83801e+06
-8.81633e+06
-9.07115e+06
-8.82103e+06
-8.82253e+06
-8.82787e+06
-8.81589e+06
-8.81594e+06
-8.8096e+06
-8.81463e+06
-8.80705e+06
-8.8157e+06
-8.81522e+06
-8.80685e+06
-8.81591e+06
-8.80966e+06
-8.8161e+06
-8.81622e+06
-8.81442e+06
-8.81476e+06
-8.81256e+06
-8.81374e+06
-8.8115e+06
-8.80512e+06
-8.80431e+06
-8.8424e+06
-8.82647e+06
-8.84218e+06
-8.84233e+06
-8.84254e+06
-8.84227e+06
-8.84231e+06
-8.84226e+06
-8.84199e+06
-8.84183e+06
-8.84145e+06
-8.84356e+06
-8.8407e+06
-8.84063e+06
-8.84057e+06
-8.84058e+06
-8.84099e+06
-8.8409e+06
-8.84091e+06
-8.84098e+06
-8.84092e+06
-8.84112e+06
-8.84094e+06
-8.84095e+06
-8.84091e+06
-8.8409e+06
-8.84085e+06
-8.84095e+06
-8.84086e+06
-8.84112e+06
-8.84094e+06
-8.84112e+06
-8.84098e+06
-8.84097e+06
-9.12043e+06
-9.04952e+06
-8.75071e+06
-8.70184e+06
-8.74461e+06
-8.75108e+06
-8.67844e+06
-8.7153e+06
-8.7221e+06
-8.81389e+06
-8.8136e+06
-8.63419e+06
-8.81297e+06
-8.81419e+06
-8.82033e+06
-8.81429e+06
-8.8147e+06
-8.81444e+06
-8.84098e+06
-8.84106e+06
-8.84117e+06
-8.84108e+06
-8.84014e+06
-8.84171e+06
-8.84056e+06
-8.84246e+06
-8.56553e+06
-8.531e+06
-8.58325e+06
-8.54704e+06
-8.37149e+06
-8.84115e+06
-8.84109e+06
-8.84105e+06
-8.84108e+06
-8.84105e+06
-8.84129e+06
-8.84089e+06
-8.84122e+06
-8.8411e+06
-8.84095e+06
-8.84105e+06
-8.84117e+06
-8.84087e+06
-8.84094e+06
-8.8412e+06
-8.84109e+06
-8.84004e+06
-8.81329e+06
-8.81412e+06
-8.8135e+06
-8.81452e+06
-9.05086e+06
-9.04247e+06
-9.05331e+06
-9.04742e+06
-8.81142e+06
-8.8135e+06
-8.81233e+06
-8.81034e+06
-8.8103e+06
-8.81019e+06
-8.81255e+06
-8.81069e+06
-8.8129e+06
-8.80987e+06
-8.81253e+06
-8.80637e+06
-8.80674e+06
-8.81276e+06
-8.81404e+06
-8.81216e+06
-8.81952e+06
-8.8159e+06
-8.82075e+06
-8.81169e+06
-8.83806e+06
-8.84147e+06
-8.83563e+06
-8.83462e+06
-8.86497e+06
-8.83605e+06
-8.83394e+06
-8.88484e+06
-8.88285e+06
-8.91318e+06
-8.841e+06
-8.84105e+06
-9.15773e+06
-9.1617e+06
-9.09848e+06
-9.07676e+06
-9.07078e+06
-9.0229e+06
-8.77971e+06
-8.79156e+06
-8.79802e+06
-8.77911e+06
-8.76797e+06
-8.76425e+06
-8.74499e+06
-8.7464e+06
-8.67048e+06
-8.6208e+06
-8.60906e+06
-8.6478e+06
-8.63198e+06
-8.6361e+06
-8.62056e+06
-8.62685e+06
-8.61808e+06
-8.57321e+06
-8.57304e+06
-8.60818e+06
-8.50608e+06
-8.75946e+06
-8.81104e+06
-8.77767e+06
-8.78678e+06
-8.80159e+06
-8.66677e+06
-8.69597e+06
-8.77985e+06
-9.04232e+06
-9.0438e+06
-9.05804e+06
-8.68631e+06
-8.63439e+06
-8.64976e+06
-8.65967e+06
-8.63441e+06
-8.6076e+06
-8.58875e+06
-9.11576e+06
-9.12999e+06
-9.11792e+06
-9.06549e+06
-9.05969e+06
-8.93609e+06
-9.04129e+06
-8.98077e+06
-8.84032e+06
-8.84167e+06
-8.84058e+06
-8.84074e+06
-8.84067e+06
-8.84064e+06
-8.8409e+06
-8.84074e+06
-8.84076e+06
-8.84101e+06
-8.84093e+06
-8.84091e+06
-8.84095e+06
-8.84088e+06
-8.84104e+06
-8.32263e+06
-9.1596e+06
-9.16325e+06
-9.17998e+06
-8.81354e+06
-8.84106e+06
-9.15166e+06
-8.94996e+06
-8.84229e+06
-9.17122e+06
-8.73595e+06
-8.71107e+06
-8.84066e+06
-8.84104e+06
-8.51903e+06
-8.61894e+06
-8.69343e+06
-8.6728e+06
-8.93475e+06
-9.14256e+06
-9.11546e+06
-9.12642e+06
-8.65895e+06
-8.93265e+06
-8.8115e+06
-8.80953e+06
-8.80701e+06
-8.84226e+06
-8.84321e+06
-8.84132e+06
-8.84057e+06
-8.84088e+06
-8.84124e+06
-8.85355e+06
-8.81475e+06
-8.84133e+06
-8.84123e+06
-8.84053e+06
-8.82863e+06
-8.84384e+06
-8.8411e+06
-8.92472e+06
-8.9512e+06
-8.64849e+06
-8.57747e+06
-8.60848e+06
-8.33642e+06
-8.35951e+06
-8.90493e+06
-9.0337e+06
-8.74601e+06
-8.81834e+06
-8.73019e+06
-9.11715e+06
-9.09254e+06
-9.10873e+06
-9.11805e+06
-8.96971e+06
-8.81428e+06
-8.81604e+06
-8.81603e+06
-8.84095e+06
-8.84176e+06
-8.84144e+06
-8.84087e+06
-8.84101e+06
-9.15959e+06
-9.1203e+06
-8.84072e+06
-9.07392e+06
-8.8412e+06
-8.81638e+06
-8.84089e+06
-8.81426e+06
-9.09597e+06
-8.6226e+06
-8.56494e+06
-8.84112e+06
-8.8411e+06
-9.03278e+06
-8.84134e+06
-8.84145e+06
-8.21816e+06
-1.07341e+07
-5.32636e+06
-8.84096e+06
-1.0599e+07
-1.03142e+07
-8.82624e+06
-8.84089e+06
-8.84773e+06
-8.62393e+06
-8.87231e+06
-8.85843e+06
-8.81229e+06
-8.841e+06
-8.81091e+06
-8.84103e+06
-9.53528e+06
-7.89022e+06
-8.66808e+06
-8.68864e+06
-8.39874e+06
-9.0652e+06
-9.01964e+06
-9.00388e+06
-9.02998e+06
-8.05009e+06
-8.72628e+06
-8.81477e+06
-8.8095e+06
-8.81458e+06
-8.81538e+06
-8.81568e+06
-8.79461e+06
-8.79206e+06
-8.80098e+06
-8.84248e+06
-8.83652e+06
-8.84203e+06
-8.84193e+06
-8.84147e+06
-8.84471e+06
-8.83539e+06
-8.84534e+06
-8.83534e+06
-8.84123e+06
-8.84157e+06
-8.84214e+06
-8.8419e+06
-8.84045e+06
-8.84196e+06
-8.84101e+06
-9.01127e+06
-8.84103e+06
-9.03301e+06
-8.80882e+06
-8.80301e+06
-8.84529e+06
-8.84297e+06
-8.84039e+06
-9.0518e+06
-8.8409e+06
-8.83946e+06
-8.85449e+06
-8.81576e+06
-8.92761e+06
-8.9408e+06
-8.66251e+06
-8.55732e+06
-8.4286e+06
-9.07754e+06
-9.10944e+06
-9.13529e+06
-8.68066e+06
-8.84195e+06
-8.82214e+06
-8.81059e+06
-8.8063e+06
-8.84402e+06
-8.84211e+06
-8.84226e+06
-8.84095e+06
-8.84091e+06
-9.08391e+06
-8.84106e+06
-8.84116e+06
-8.81442e+06
-8.84104e+06
-9.14081e+06
-8.8411e+06
-8.84123e+06
-8.81118e+06
-9.14089e+06
-8.81392e+06
-8.84077e+06
-8.85515e+06
-8.93657e+06
-8.97452e+06
-8.92664e+06
-8.77203e+06
-8.37056e+06
-8.36165e+06
-8.84103e+06
-8.84103e+06
-8.84103e+06
-8.84104e+06
-9.00642e+06
-9.03498e+06
-9.01329e+06
-9.0079e+06
)
;

boundaryField
{
    Wall
    {
        type            zeroGradient;
    }
    Inlet
    {
        type            zeroGradient;
    }
    Outlet
    {
        type            fixedValue;
        value           uniform 0;
    }
    Empty
    {
        type            empty;
    }
}


// ************************************************************************* //
