/*--------------------------------*- C++ -*----------------------------------*\
| =========                 |                                                 |
| \\      /  F ield         | OpenFOAM: The Open Source CFD Toolbox           |
|  \\    /   O peration     | Version:  2312                                  |
|   \\  /    A nd           | Website:  www.openfoam.com                      |
|    \\/     M anipulation  |                                                 |
\*---------------------------------------------------------------------------*/
FoamFile
{
    version     2.0;
    format      ascii;
    arch        "LSB;label=32;scalar=64";
    class       volScalarField;
    location    "8.5";
    object      p;
}
// * * * * * * * * * * * * * * * * * * * * * * * * * * * * * * * * * * * * * //

dimensions      [0 2 -2 0 0 0 0];

internalField   nonuniform List<scalar> 
2958
(
-1.20732e+29
-3.74468e+23
-2.62304e+23
-3.99827e+28
-2.45292e+23
-2.62304e+23
5.64475e+26
-1.11683e+26
-2.57168e+23
-1.10697e+26
-1.79943e+27
-2.78489e+30
-8.13814e+26
-2.78942e+30
-4.56915e+25
-5.72975e+28
-2.42611e+23
-1.1447e+27
-2.7926e+30
-2.99065e+30
-2.77207e+30
-2.56774e+23
-2.72899e+30
-7.40988e+24
-9.10307e+26
1.82153e+26
-6.63932e+23
-5.56108e+26
-4.03087e+29
-2.16094e+27
1.20868e+27
-2.15497e+23
-2.43237e+30
-2.01602e+23
-3.90586e+25
1.89631e+26
-2.74127e+30
-2.73011e+30
-2.0533e+29
-5.86118e+24
4.07634e+26
2.45067e+26
6.68712e+26
4.26072e+28
-2.7833e+30
-2.62013e+23
-8.26507e+26
-2.14711e+23
-4.02097e+28
-1.16814e+30
-6.24551e+28
-8.58134e+23
-1.51721e+25
-8.16311e+26
-6.79232e+28
-6.63472e+24
-1.16911e+27
-1.39192e+25
-2.73455e+28
4.1273e+26
-5.5232e+28
-1.16358e+29
2.90912e+26
-2.03831e+27
-2.78439e+30
-2.79205e+30
-7.57556e+26
-7.02284e+23
-8.6636e+29
-1.36272e+29
-2.51655e+23
-2.78586e+30
-3.80155e+23
-2.07563e+28
-2.79615e+30
-6.45332e+26
-5.8388e+28
3.34768e+26
-2.72288e+30
-7.23525e+28
-8.58991e+26
-2.55874e+23
-4.95136e+26
-4.97334e+26
6.12029e+28
-7.349e+26
-2.61834e+23
-7.57621e+26
-3.78626e+23
-2.39216e+30
4.56232e+25
-3.1678e+23
-2.20751e+26
-2.7932e+30
-3.44578e+23
4.95714e+24
-5.52065e+28
-4.59087e+28
-2.78861e+30
-2.78629e+30
-3.98003e+28
-5.01411e+28
1.34006e+24
-2.78432e+23
-2.68893e+30
-6.74972e+29
-2.7857e+30
-4.07687e+28
-2.78517e+30
5.18116e+24
-3.55698e+28
-7.51116e+28
-2.79551e+30
-4.87549e+26
-2.78918e+30
-2.79207e+30
-5.55975e+26
-7.44977e+28
-2.63335e+23
-6.0441e+28
-1.17319e+29
-2.78477e+30
-2.07724e+26
-4.73406e+24
-3.61288e+28
-5.32662e+28
-6.05671e+28
-3.04465e+23
-6.91753e+28
-2.79608e+30
-2.80402e+30
-2.83438e+30
-7.36345e+28
-2.78601e+30
-2.85732e+30
-2.7874e+30
-4.20456e+26
2.35847e+30
-2.78534e+30
-2.78849e+30
-2.70177e+29
-2.90675e+23
-2.75932e+30
-2.7916e+30
-5.57873e+28
-2.49237e+23
-2.7968e+30
-2.77975e+30
-2.8351e+23
-2.78464e+30
-2.98147e+30
-5.54769e+28
-3.13111e+26
-1.0101e+30
-1.97352e+27
-2.88495e+30
-2.61335e+30
-6.79419e+28
7.79377e+26
-6.99492e+24
-1.9967e+27
-2.56173e+26
-4.20454e+27
-2.78418e+30
-3.68813e+24
-1.47013e+29
-1.77041e+30
-2.79008e+30
-3.88623e+24
-2.62866e+23
-2.0607e+23
-2.78576e+30
-2.74269e+30
-4.06631e+23
-2.72302e+30
-2.62823e+23
-2.59945e+23
-3.70968e+23
-1.31804e+30
-8.66486e+29
-1.64687e+30
-2.74294e+23
-1.23979e+27
-3.91521e+28
-3.70034e+23
-2.74032e+23
4.03288e+23
-2.78515e+30
-2.58726e+23
-3.77856e+28
-2.36954e+23
-1.4318e+24
-2.579e+23
-5.20927e+24
-7.23062e+23
-3.9738e+29
-3.58354e+23
-2.06349e+23
-3.38389e+28
-4.32124e+24
-3.59439e+25
-2.78601e+30
-1.54961e+29
-3.86472e+23
8.42985e+24
3.80286e+26
-2.04247e+29
3.84541e+26
-2.62218e+23
-4.0202e+28
-2.78958e+30
-2.39194e+30
-2.81317e+30
-3.35571e+23
-2.79924e+30
-2.55155e+23
-1.89958e+27
-2.78834e+30
-2.78857e+30
-2.78928e+30
-2.79059e+30
-3.81674e+23
9.03253e+26
-2.66136e+23
-3.69963e+28
-6.39056e+28
-5.48455e+26
-2.78861e+30
-2.66334e+23
-2.33644e+23
-1.08451e+24
-2.23752e+23
-2.76232e+23
-2.53719e+23
-4.00819e+29
-2.79066e+30
-2.79624e+30
-6.00972e+28
-2.79628e+30
-4.49187e+28
-2.79257e+30
-4.50474e+28
-5.59617e+28
-5.36507e+26
8.23843e+27
2.62692e+26
-5.58373e+25
-5.17628e+26
-1.38975e+27
-1.21621e+28
-2.06334e+26
-7.27951e+25
-2.42122e+27
-2.50425e+23
-4.25941e+28
-5.01949e+23
-1.81333e+28
-2.83399e+23
-7.28773e+27
-2.55376e+23
-5.77394e+28
-2.6859e+30
-2.43862e+23
4.1089e+26
-1.98294e+30
-5.12527e+26
-1.1908e+26
-1.52959e+28
-1.67809e+30
-2.65782e+30
-2.73784e+30
-2.62973e+23
-1.65765e+28
-2.74141e+30
-3.30129e+23
-1.65156e+28
-2.79077e+30
-2.4933e+23
-2.7766e+30
-2.98602e+23
-2.78511e+30
-2.79679e+30
-1.98241e+30
-5.18938e+26
-2.14886e+23
-2.78664e+30
-9.92542e+29
-5.39359e+28
-3.84363e+28
-3.13387e+27
-7.42041e+24
-1.84691e+23
-2.78993e+30
-2.78135e+30
-1.03419e+27
-2.55684e+23
-2.78844e+30
-5.76803e+28
-2.78859e+30
-1.25219e+27
-1.44479e+27
-2.42977e+23
-2.83395e+23
-2.55068e+23
-5.60788e+28
-3.50651e+23
-3.42365e+28
-2.68588e+30
-1.57529e+27
-5.42387e+28
-2.7893e+30
-5.65533e+28
-5.92202e+28
-2.79062e+30
-2.88672e+23
-3.70126e+28
-2.46434e+23
9.64008e+26
-2.64446e+23
-1.56454e+28
-2.48724e+23
-2.60764e+23
-4.93396e+27
-7.68737e+23
-2.62842e+23
-2.65773e+30
-7.67931e+28
-2.71297e+30
-3.87934e+28
5.47965e+26
-2.61112e+23
-1.22436e+27
-2.7669e+30
-2.7861e+30
-2.60669e+23
-2.78571e+30
-4.33831e+28
3.84688e+26
-4.33959e+28
-2.78841e+30
-8.39834e+26
-2.82215e+23
-2.38042e+23
-2.52975e+23
-2.78564e+30
-1.1917e+24
-2.78564e+30
-9.07535e+24
-6.76536e+28
-5.51586e+28
-1.12797e+25
-7.44072e+24
-2.11518e+23
-4.9352e+28
-1.20295e+24
-7.27388e+27
-2.78927e+30
-7.81432e+27
-2.61166e+23
7.46482e+28
5.44324e+26
-6.48379e+28
-3.99909e+28
-1.14261e+30
-2.44458e+27
-1.93876e+23
8.47626e+26
-5.39203e+28
-5.3873e+28
-2.14013e+23
-4.42472e+24
-2.43654e+23
-2.78924e+30
-4.21701e+28
-4.48779e+27
1.60466e+23
-6.8857e+28
-5.47475e+24
-2.39112e+23
-2.60623e+23
-5.67498e+28
-3.05501e+26
-2.80007e+30
-6.48689e+27
-2.5648e+23
-2.63399e+30
-1.51992e+28
-2.06404e+23
-2.51265e+30
-2.8264e+30
-1.05394e+26
-2.78766e+30
1.20347e+29
-2.55304e+23
-5.2374e+28
-4.53958e+28
5.48014e+26
-2.78952e+30
-2.80103e+30
-2.33796e+23
1.27752e+29
-1.62964e+28
-2.54454e+23
-3.86836e+28
-6.85261e+28
-5.59327e+28
-4.84542e+23
-8.27108e+26
-6.03647e+28
-6.76503e+28
-1.20976e+29
-9.36779e+26
-2.37092e+27
-1.31037e+23
-2.99331e+23
-2.3295e+23
-2.47089e+23
9.31945e+24
4.43789e+28
4.36972e+28
-2.78336e+30
3.28693e+26
-2.43245e+23
2.8876e+26
-2.65498e+26
-2.51137e+30
-3.10776e+23
-2.67692e+26
-6.20605e+28
-3.00151e+23
-2.43669e+23
-8.14631e+28
-3.94939e+23
-6.00307e+24
-5.97986e+24
-2.53352e+23
-2.43598e+23
-4.50638e+24
-5.64384e+28
-2.77824e+30
-2.49644e+23
-2.76843e+23
-6.37412e+28
-1.13694e+29
-2.58093e+23
-2.48317e+30
-2.70939e+30
-2.04272e+23
-2.80477e+30
-2.61441e+23
-2.71708e+30
-2.28636e+23
-6.43897e+25
-8.12901e+23
-5.66416e+28
-4.77343e+28
-2.79006e+30
-1.41613e+28
-2.51126e+23
-2.7891e+30
-3.95467e+23
-3.77798e+28
-7.1352e+28
-1.60364e+27
-6.73716e+27
1.27693e+27
-2.13998e+23
-9.2727e+26
-9.74378e+27
-4.58178e+29
-1.58497e+27
-2.78489e+30
-1.39261e+27
-2.61774e+23
-3.1095e+27
-2.52224e+23
-2.16477e+26
-2.52996e+23
-2.60564e+23
-5.62671e+26
-1.11982e+27
-5.51705e+23
-2.78458e+30
-1.64691e+30
3.00937e+23
-7.30134e+27
-1.9181e+27
-2.88617e+26
-2.09909e+23
-7.75607e+28
-2.67218e+23
-1.26626e+24
-4.00001e+28
5.0209e+27
-2.58104e+23
-5.8161e+28
-1.16022e+27
-2.79183e+30
-2.79342e+30
-2.79654e+30
-2.59047e+23
-2.79193e+30
-2.78445e+30
-5.65398e+28
-3.73685e+25
-2.79075e+30
-3.42625e+28
-1.2843e+24
-4.998e+28
-5.52431e+28
-2.79111e+30
-2.79185e+30
-3.6682e+28
-2.79258e+30
-7.50168e+28
-7.31474e+28
-2.09744e+23
-4.61657e+29
-2.64073e+23
-5.60191e+28
-2.14958e+30
-2.62908e+23
1.55591e+29
-2.68972e+23
-5.47003e+28
-3.99632e+28
-3.50237e+23
-2.6862e+30
-5.59914e+26
-5.1071e+28
-5.81905e+26
-2.39134e+30
1.32272e+23
-2.80901e+30
-3.96551e+29
9.23746e+26
-1.92969e+23
-5.09471e+23
-5.6145e+28
-9.26834e+26
-2.27065e+29
-1.9228e+27
-2.78517e+30
-4.76793e+28
-2.79745e+30
-3.96587e+29
-5.68141e+26
-2.72738e+30
-2.78998e+30
-3.70817e+23
-2.79376e+30
-2.79092e+30
-3.46125e+23
-1.23143e+29
-2.52069e+23
-5.40245e+27
-2.26275e+29
-7.19916e+28
-3.42425e+26
-4.38006e+29
-1.1472e+28
-4.31437e+23
-5.0761e+28
7.30523e+28
-6.53322e+28
-6.72856e+28
-2.78584e+30
-5.72225e+27
-4.47075e+28
-6.63855e+28
-1.2394e+29
-1.21826e+28
-2.78935e+30
-2.7924e+30
-2.79511e+30
-3.47252e+23
-2.79262e+30
-1.98619e+30
-2.77367e+30
-3.45836e+27
-2.95998e+23
-2.91939e+23
-8.01624e+26
-3.68534e+23
-5.6157e+28
-2.73352e+30
-2.79877e+30
-2.79096e+30
-2.98976e+23
-1.36837e+27
-2.78882e+30
-2.78896e+30
-7.21315e+25
-5.37496e+29
-2.51191e+30
-2.1646e+29
-7.92682e+28
-2.52094e+29
8.18984e+27
-1.90419e+30
-2.76769e+30
3.20957e+27
-2.6369e+30
-5.65836e+28
-2.68983e+23
-6.4684e+28
-3.80266e+29
-1.36533e+29
-2.53376e+30
-2.78587e+30
-5.52473e+28
-1.16937e+30
-2.77927e+30
-2.7884e+30
-5.57925e+28
-5.36368e+24
1.88286e+26
-3.47544e+23
-2.7832e+30
3.41942e+26
-5.23392e+28
-5.38813e+28
-2.2673e+29
-2.51213e+23
-5.85206e+27
-2.7967e+30
-2.59489e+23
-3.68836e+27
-2.84278e+27
-2.78815e+30
-6.0596e+28
-2.78795e+30
-2.56415e+23
-2.78891e+30
1.73957e+29
-6.54751e+27
-2.74306e+30
-2.634e+23
-2.03814e+29
6.32236e+26
-2.79727e+30
-7.89451e+28
-4.60034e+29
-2.74229e+30
9.21002e+27
-3.80482e+29
-2.81371e+23
-2.83457e+30
-7.19079e+27
-2.78979e+30
-2.78192e+30
-1.1604e+29
-2.93874e+29
-2.55177e+23
-2.10986e+27
-2.15362e+23
-3.65073e+23
-2.53414e+30
-2.58687e+23
-2.08869e+23
-2.43667e+23
-2.53507e+30
-2.8052e+30
-2.80017e+30
-1.90135e+30
-2.79847e+30
-2.49518e+23
-2.7965e+30
-5.44624e+28
-2.89615e+26
-2.14683e+23
-2.12924e+23
1.3795e+25
-3.84063e+28
-2.56944e+23
-5.70329e+23
-6.9476e+28
3.44057e+26
-2.83472e+30
-2.79074e+30
-2.54836e+23
-3.44072e+24
-2.79091e+30
-3.10712e+23
-2.7869e+30
-2.58331e+23
-2.67826e+23
-6.63681e+28
-5.61507e+28
-3.31294e+23
-1.67363e+30
-4.65595e+23
-5.4137e+28
-5.61132e+28
-1.02726e+29
-2.51197e+30
-1.52371e+25
-7.25397e+28
-5.61128e+28
-2.78152e+30
-2.80492e+30
-5.52135e+28
-6.61036e+27
1.61155e+26
-5.61602e+28
-6.58626e+26
-2.51562e+23
-3.88483e+28
-4.48891e+24
-2.48208e+23
-2.28308e+23
-2.49638e+23
-2.49324e+23
6.6487e+28
-6.76773e+28
-4.63627e+26
-2.13063e+26
-7.0153e+28
-3.68469e+24
-2.53366e+23
-7.7513e+29
-2.90362e+30
-2.47065e+23
-1.96658e+29
-2.79347e+30
-5.03133e+23
-2.786e+30
-3.74605e+28
9.6263e+26
-3.43832e+30
-3.82165e+28
-3.55345e+28
1.95689e+26
-3.77849e+23
-2.09227e+30
-3.18536e+25
-7.8955e+28
-1.01181e+29
-2.77176e+30
2.34635e+26
-7.21131e+28
2.45784e+26
-3.76925e+28
-3.44222e+27
-1.30746e+28
-2.51192e+30
-5.14276e+28
1.72156e+26
-3.69638e+23
-5.00043e+28
-4.58983e+28
-1.64626e+30
-2.78422e+30
-3.9843e+28
3.37563e+26
3.39233e+26
-1.07697e+27
5.88942e+28
-4.60096e+29
-5.71794e+28
-2.79735e+30
-2.79264e+30
-2.79079e+30
-5.14107e+28
-2.47228e+23
-2.78875e+30
-7.94466e+28
-2.7884e+30
-5.14265e+28
-2.76339e+30
-2.81946e+30
-5.63413e+23
3.81773e+26
-5.64437e+28
-2.78818e+30
-2.78926e+30
-2.70271e+29
-2.97511e+30
-2.78698e+30
-2.789e+30
-3.10728e+23
-2.78651e+30
-5.38051e+28
-5.5176e+28
-2.79803e+30
-1.23486e+23
4.00283e+29
-2.81183e+30
-3.57786e+23
-1.86961e+28
-1.1177e+28
-9.49328e+28
-5.79571e+28
-1.16339e+27
-8.66297e+29
-2.52903e+23
-2.51263e+30
-5.94448e+27
3.46167e+26
-7.26721e+28
-2.66171e+23
-2.71636e+30
-6.11064e+28
-3.99706e+28
-9.1387e+26
-2.6917e+29
2.43715e+30
-5.01862e+26
-3.7415e+23
-4.3784e+29
-2.45922e+23
9.99694e+26
-1.9772e+27
-2.78888e+30
-3.25299e+26
-5.55624e+28
-2.46164e+23
-9.91591e+26
-4.35927e+28
-3.87708e+28
-6.49228e+26
-5.73187e+28
-1.01447e+27
3.23903e+26
-3.34827e+27
-2.87938e+23
-5.51986e+28
-5.58675e+28
-3.2948e+23
-5.72558e+25
-7.57236e+23
-5.86711e+26
-5.50498e+28
-3.55654e+28
-2.67076e+28
-3.50416e+23
-5.02905e+26
-2.78744e+30
-7.08699e+24
-5.51555e+26
-5.55899e+28
-4.29687e+27
-2.78154e+30
-2.75419e+30
-2.7685e+30
-5.7222e+28
-6.003e+27
-5.1727e+29
-6.06093e+26
-3.44278e+24
6.51722e+28
2.4979e+30
-2.52695e+25
-2.55742e+23
-3.32954e+23
-6.41883e+26
-2.53546e+23
-2.78562e+30
-5.14939e+26
-6.35893e+26
-2.57919e+23
-1.84672e+23
-3.61076e+25
-5.00852e+28
-3.7793e+28
-5.17462e+29
-2.62004e+23
-1.62243e+25
-2.83965e+30
-2.17198e+26
-2.6389e+25
-2.78361e+30
-3.71511e+23
-3.88684e+28
-3.42755e+28
-2.52091e+23
-2.17264e+23
-2.79116e+30
-2.75408e+30
-2.46595e+27
-2.7917e+30
-2.79164e+30
-2.78882e+30
-1.94518e+23
-5.04026e+28
-1.16963e+30
-2.42129e+23
-1.31881e+30
-5.96969e+28
-5.93965e+23
-3.84205e+28
-6.25385e+28
-2.55585e+23
-2.7874e+30
-2.6472e+23
-7.15204e+25
-1.23213e+27
-5.46014e+26
-2.6275e+23
-5.85882e+24
-2.67119e+23
-3.76709e+28
-2.79206e+30
-1.60646e+25
-2.51582e+23
-1.84355e+23
-2.53582e+23
-3.47337e+23
-2.38802e+23
-2.80885e+30
-7.9937e+26
-3.96965e+23
-1.40465e+26
-2.0708e+23
-2.82377e+25
-2.10405e+23
-5.14439e+24
-2.14919e+30
-2.65229e+23
-1.40802e+27
-2.06715e+23
-3.01603e+23
1.05674e+24
-7.17102e+27
-9.7785e+26
-2.63472e+23
-3.8664e+23
-3.87276e+26
-2.76256e+23
-3.72137e+23
-5.18175e+23
-2.89998e+25
-4.94279e+23
-4.23726e+28
-1.47406e+27
-3.63076e+23
-6.4971e+27
-2.61053e+23
-5.26007e+26
-2.66554e+23
-5.22068e+26
-2.51844e+23
-2.79148e+30
-7.42257e+28
-1.90031e+30
-2.4466e+23
-4.77355e+28
-1.81007e+27
-2.6978e+29
-2.70149e+23
-1.6049e+25
-3.10588e+23
-1.01259e+29
-3.89651e+28
-3.526e+24
-2.6814e+23
-1.01262e+29
-2.18123e+26
1.10006e+27
-2.78668e+30
-2.79194e+30
-2.43348e+23
-2.5863e+23
-2.50466e+23
-2.78663e+30
-5.71165e+28
-2.53076e+29
-8.12283e+23
-1.29361e+28
-4.77301e+28
-2.81848e+23
-5.05353e+26
-3.87191e+28
-2.79375e+30
-2.61134e+23
-2.78769e+30
-6.53946e+27
3.40087e+26
-1.27848e+26
3.56255e+26
-2.8431e+30
-8.13251e+26
-2.78593e+30
-1.67588e+30
5.98989e+24
-2.54879e+23
-2.39934e+27
-2.42312e+28
-4.99691e+23
-1.34347e+24
-6.46127e+23
-5.15129e+26
-1.70825e+28
-2.60658e+23
-2.23484e+23
-5.13303e+28
-5.86477e+26
-2.51893e+23
-1.83226e+23
1.13031e+23
-2.6706e+23
-3.79229e+23
-2.56927e+23
-3.37396e+27
-2.15288e+23
-5.54542e+28
-5.26798e+28
-5.53458e+28
1.04034e+29
-2.75946e+30
5.44872e+26
-2.54837e+23
-2.85187e+30
-3.88e+28
-2.22891e+23
3.77277e+29
-2.78609e+30
-1.49442e+25
-1.97308e+29
-2.09152e+30
-3.71281e+27
-9.16941e+25
-3.87294e+28
-5.00875e+26
-1.83339e+23
1.11483e+29
-7.52226e+28
-6.86901e+28
-1.17866e+24
-3.98954e+28
-2.8009e+30
-5.17023e+29
1.70818e+24
-7.61116e+28
-2.79229e+30
-2.79072e+30
-3.51894e+27
-2.78701e+30
-2.78927e+30
-2.48347e+30
-5.72931e+28
-2.09565e+29
-2.79246e+30
-2.78604e+30
-2.61105e+23
-2.65749e+30
-6.90241e+28
-7.63379e+27
-3.69858e+28
-2.79088e+30
-1.44831e+27
-4.14627e+28
-4.47666e+29
-2.64868e+23
-2.61563e+30
-5.59898e+28
-2.79088e+30
-6.32655e+28
-2.78605e+30
-2.79908e+30
-2.79296e+30
-1.36888e+29
5.29844e+27
-2.51193e+30
-6.14598e+26
-7.2679e+26
-3.47365e+23
-1.4007e+28
-4.4357e+24
-2.53084e+23
-2.78756e+30
-2.73096e+23
-2.80298e+30
-3.92196e+28
-5.3863e+28
-2.79225e+30
-1.12857e+25
-8.15567e+25
-4.07678e+28
2.20213e+24
-1.5494e+25
-5.67191e+26
-1.67769e+30
-2.28033e+23
-6.05827e+28
-2.74129e+30
-1.28729e+27
-3.83934e+23
-2.8511e+27
-3.47831e+27
-3.33054e+25
-2.09302e+27
-1.14189e+30
-4.92459e+24
-7.31528e+25
-2.78592e+30
5.44336e+26
-2.6124e+23
-3.54747e+28
-2.56866e+23
-2.90156e+27
-2.62357e+23
-2.62588e+23
-2.78758e+30
-2.53416e+23
-5.10023e+25
-2.15617e+23
-2.90264e+30
-1.22581e+25
-2.78613e+30
-2.79033e+30
-2.78641e+30
-2.78563e+30
-3.1538e+23
-3.46617e+23
-2.55783e+23
-5.6661e+28
-2.62248e+23
-2.25913e+23
-2.6191e+23
-2.47215e+23
-2.65e+23
-2.78673e+23
-1.17084e+27
-1.71226e+27
-5.48738e+28
-1.25354e+27
-2.63973e+23
-2.63613e+23
-2.4955e+23
-2.79761e+30
-4.47892e+29
-4.83591e+25
-7.71151e+23
-6.5626e+24
1.59315e+26
-2.17186e+29
-1.0107e+28
-2.79228e+30
-2.80305e+30
-1.0351e+29
-2.75376e+30
7.50414e+28
-3.03594e+25
-4.40325e+27
-8.32033e+25
-3.33927e+25
-7.11532e+28
-4.17806e+23
-4.40489e+28
-2.82032e+30
-2.45089e+25
-8.63557e+24
-2.3012e+24
-1.10496e+25
-4.0929e+28
-6.63032e+27
-9.08869e+25
-6.73048e+28
-2.77703e+30
2.75256e+26
-9.84219e+24
-2.75802e+25
-1.97835e+23
-6.85068e+28
-4.13868e+28
-4.57914e+29
-7.13776e+28
-7.75015e+29
-1.95774e+23
-2.794e+30
-5.62393e+28
-7.75144e+29
-1.69785e+25
-2.80485e+30
-2.81811e+30
-7.17514e+28
-1.0305e+28
-2.3649e+26
-1.66578e+28
1.91397e+26
-2.38989e+23
-2.78706e+30
-2.52746e+26
-4.47946e+29
-2.74255e+30
-5.60441e+28
-2.78176e+30
-7.18607e+26
-5.85932e+23
-2.78641e+30
-6.69306e+28
-4.20533e+28
-6.16714e+28
-1.49034e+26
-2.24562e+26
-2.76141e+30
-6.40075e+28
-2.78756e+30
-1.77888e+28
-2.20549e+25
-3.93261e+28
-5.01138e+26
-2.77054e+30
-2.69056e+23
-5.96409e+28
-3.97054e+28
-2.77443e+30
-3.29305e+25
-2.0294e+26
-5.87866e+28
-2.72832e+30
-7.45058e+26
-1.53462e+24
-3.14961e+28
-5.37186e+24
-5.19926e+26
-5.76758e+28
-2.23095e+27
-8.81815e+26
-2.79107e+30
-4.15865e+24
-2.42506e+27
-2.71096e+26
-7.26442e+28
-2.10058e+27
-2.33399e+23
-2.6409e+23
-2.71036e+30
-2.0765e+27
1.68717e+24
-2.80031e+30
-6.82401e+28
-2.75909e+30
-8.19144e+25
-2.80538e+30
-2.64086e+23
-2.77415e+23
1.69087e+26
-6.70972e+23
-5.96027e+24
-2.78165e+30
-2.87725e+23
-3.25261e+27
-5.17008e+26
-9.9612e+25
-2.38513e+23
-6.07579e+28
-1.24361e+27
-2.79838e+30
-2.79214e+30
8.85289e+25
1.17389e+26
-2.79183e+30
-2.73058e+30
-4.7065e+23
-1.55267e+28
-5.1989e+23
-2.43673e+23
-4.71219e+24
-2.62862e+23
-1.62675e+25
-7.29534e+28
-4.88209e+23
-2.62813e+23
-7.57731e+27
-6.76033e+24
-6.19578e+28
-1.77178e+27
-2.43972e+23
-4.08891e+24
-2.06139e+23
-2.85751e+27
-5.79956e+28
-3.63911e+25
-3.65512e+23
-2.56087e+23
-2.58793e+23
-2.59739e+23
3.29459e+26
-2.61096e+23
-3.96622e+28
-2.64173e+23
-2.13477e+29
-9.36496e+23
1.31273e+29
-4.01733e+28
-8.9308e+23
9.8235e+27
-2.82547e+30
-2.58843e+23
-1.30072e+28
-2.78922e+30
-1.73916e+27
-7.00393e+26
-6.56257e+26
-1.72349e+27
-2.56393e+23
-1.3917e+27
-2.5651e+23
-2.59227e+23
-2.54149e+27
-7.67557e+26
-2.44241e+23
-6.62412e+28
-5.59094e+28
1.65327e+24
-5.60511e+28
-2.59514e+23
-2.78967e+30
-4.07518e+24
-4.37941e+28
-2.79208e+30
-4.8216e+28
-2.23242e+27
-3.22754e+23
-6.26279e+28
-5.8843e+26
-5.71663e+26
-3.67963e+23
-1.86218e+30
-5.46636e+28
-5.47203e+26
-2.23767e+23
-3.74724e+28
4.14468e+28
-5.87987e+28
-5.34809e+26
-2.62287e+23
-3.74598e+23
-2.74369e+30
-4.53908e+28
-2.78578e+30
-5.86707e+26
-2.78671e+30
-4.5418e+28
-2.78605e+30
-7.71014e+27
-2.3908e+23
-2.09101e+30
-2.77924e+30
-5.90632e+24
-2.78849e+30
-2.86211e+30
-7.22831e+28
-2.78768e+30
-2.62818e+23
-2.73625e+30
3.55293e+29
-2.78583e+30
-1.53935e+25
-3.85796e+28
-1.83482e+28
-2.79053e+30
-1.16613e+26
-6.7043e+29
-4.21038e+28
-2.79177e+30
-3.75946e+23
-2.79122e+30
-4.95885e+26
-2.78604e+30
-2.149e+25
-4.21209e+28
-2.80197e+30
-3.93439e+28
-4.27078e+28
-8.46432e+27
-2.45705e+23
-6.64743e+29
-2.46356e+23
-2.50408e+23
-2.81094e+30
-8.93064e+25
-2.80206e+30
-2.73056e+30
-6.8644e+23
7.33142e+28
-2.85951e+30
-2.57058e+25
-2.43231e+30
-1.39608e+25
-2.10383e+28
-3.9808e+23
-2.51799e+23
-6.45022e+28
-3.87728e+28
-2.52924e+23
-1.04218e+26
-2.36644e+23
-2.79035e+30
-2.78014e+30
-1.53756e+26
-3.50328e+23
-9.656e+28
-3.16237e+23
-1.47957e+26
-3.45629e+30
-2.77878e+30
-3.16249e+23
-3.16324e+23
-2.4788e+27
-2.43407e+23
-2.4475e+26
-3.01999e+23
-2.53122e+23
-2.61511e+30
-2.79134e+30
-2.79137e+30
7.01319e+26
-2.57236e+23
-2.57424e+23
-3.12947e+26
-2.06166e+26
-1.47796e+25
-1.22707e+26
-5.51406e+25
-1.44736e+25
-4.43266e+24
-2.79718e+30
-4.37188e+29
-1.21213e+28
7.66225e+28
-2.56885e+23
-2.38999e+23
-2.78651e+30
7.45937e+28
-2.03213e+29
-1.14126e+29
-2.79453e+30
-5.37497e+27
-1.94089e+23
-1.04717e+27
-2.79456e+30
-5.78451e+24
-4.37111e+24
-2.79286e+30
-2.7971e+30
-2.79236e+30
-2.7934e+30
-2.78923e+30
-2.79139e+30
-4.17553e+23
-5.2923e+27
-7.37475e+24
-1.34921e+26
-3.85648e+25
4.72745e+25
-2.53575e+23
-7.56504e+28
-2.77592e+30
-2.73941e+30
-9.34734e+25
-5.30763e+26
-2.79203e+30
-3.37547e+27
-2.14918e+23
-2.78753e+30
-2.81647e+29
-9.48761e+28
-2.17879e+23
-2.68054e+23
-2.14642e+23
1.95353e+26
-1.84082e+23
-7.08062e+24
-5.51891e+28
-1.46686e+24
6.78284e+28
-2.77932e+30
-2.6844e+30
-5.83408e+23
-5.71026e+28
-2.79984e+30
-1.12953e+25
-3.80778e+28
-3.55755e+28
-2.78468e+30
-1.30101e+26
-3.68204e+24
-3.77901e+23
-5.21495e+28
-6.08369e+23
-4.71593e+28
-2.7864e+30
-6.68721e+28
-2.47365e+23
-3.43506e+24
-1.20418e+23
-7.11698e+23
-5.51028e+24
-2.78852e+30
1.54327e+29
-2.75987e+29
-9.84443e+27
-5.50617e+28
-5.55042e+28
-2.56863e+23
-2.60621e+23
-2.23582e+23
-2.57418e+23
-6.22471e+27
-5.4114e+28
-8.32307e+28
-2.6462e+23
-7.23167e+28
-2.52938e+23
-7.70523e+27
-5.54751e+28
-2.28939e+26
-2.73562e+30
-2.79194e+30
-1.85181e+23
-2.567e+23
-1.91123e+23
-6.86277e+28
-2.25504e+23
-2.53559e+23
-3.80607e+23
-2.44109e+23
-2.63636e+30
-1.67647e+30
-2.57522e+23
-1.31772e+30
-3.73612e+23
-6.88403e+28
-2.73962e+30
-5.60494e+28
-4.76065e+28
-1.14246e+30
-2.52087e+23
-2.06309e+23
-2.78645e+30
-8.45736e+23
-2.25565e+23
-7.61882e+27
-1.02249e+26
-5.74643e+26
-2.78473e+30
-1.07271e+28
-2.06262e+23
-2.23372e+27
3.75219e+26
1.44285e+29
-2.78719e+30
-4.84367e+28
-2.78583e+30
-2.55056e+23
-2.5284e+23
-4.44246e+23
-2.55156e+27
-7.49264e+28
-6.42545e+27
-2.79293e+30
-5.41074e+29
-3.75733e+23
-5.58614e+28
1.70607e+29
-3.9075e+28
1.67368e+29
-3.97312e+29
-7.72365e+28
-5.38957e+29
-4.06558e+24
-2.73798e+23
4.81822e+27
-2.63831e+23
-1.14296e+29
-2.79023e+30
-1.7707e+30
-2.6216e+23
-4.42285e+27
-3.46323e+23
-1.77098e+30
-3.45018e+23
-2.73333e+23
-2.09967e+23
-3.16728e+23
-4.77459e+28
-5.68203e+28
-3.75066e+23
-5.45343e+28
-2.79096e+30
-2.79065e+30
-2.7903e+30
-2.79177e+30
-1.97332e+29
-2.78903e+30
-2.7868e+30
-7.90012e+28
-4.59309e+28
-2.79221e+30
-3.87917e+28
-5.04572e+28
-2.79561e+30
-6.01095e+28
-5.11886e+28
-4.99908e+26
-3.70147e+28
-1.77587e+24
-4.9859e+28
-3.61925e+23
-2.48349e+30
-4.5775e+29
-4.33375e+28
-5.88179e+28
-2.44392e+23
-2.79068e+30
-5.668e+28
-6.01326e+28
-8.09293e+27
-1.05334e+28
-1.21641e+28
-2.7933e+30
-2.84627e+30
-4.35578e+27
-2.78569e+30
-2.79797e+30
3.84298e+26
-2.53452e+23
-2.7913e+30
-6.211e+28
-2.78716e+30
-2.27553e+29
-6.7962e+25
-2.79205e+30
-7.7661e+28
-2.76294e+23
-7.43672e+24
-2.5421e+23
-2.57894e+23
-2.55809e+23
-2.55928e+23
-2.58239e+23
-2.3365e+23
-6.0804e+28
-1.05758e+25
-6.80006e+28
-2.34968e+26
-2.79165e+30
-2.41718e+23
-2.77687e+30
-1.00191e+30
-4.64977e+24
-5.10401e+26
-5.04282e+26
-2.68588e+30
9.66185e+26
-2.57383e+23
-2.76624e+23
-2.644e+30
-2.63527e+30
-2.65398e+30
-2.77407e+30
-2.77482e+30
-2.77524e+30
-5.84324e+26
-7.56102e+26
5.99051e+26
4.14267e+26
5.07827e+26
4.30446e+26
-7.49694e+23
-9.09795e+23
-9.10519e+23
-3.42952e+24
-9.91421e+23
-8.63553e+23
-9.70372e+23
-2.53425e+24
-2.34999e+23
-2.34008e+23
-1.78483e+23
-2.08244e+23
-2.25712e+23
-7.48279e+26
-1.37925e+26
-1.97866e+26
-1.42746e+26
-3.2562e+26
-6.75301e+26
-2.28704e+26
-3.50425e+26
-1.2936e+28
-3.79373e+28
-3.8353e+28
-3.85804e+28
-3.31391e+23
-2.79055e+30
-3.32664e+23
-2.82018e+30
-4.73119e+24
-3.4623e+23
-2.81725e+30
-2.79016e+30
-2.80004e+30
-2.79055e+30
-2.79516e+30
-2.78456e+30
-2.74341e+30
-2.77506e+30
-2.78439e+30
-2.78577e+30
-2.78745e+30
-2.78001e+30
-2.78136e+30
-2.78509e+30
-2.78038e+30
-2.7989e+30
-2.79935e+30
-2.796e+30
-2.79476e+30
-2.80099e+30
-2.79087e+30
-2.78849e+30
-2.80003e+30
-2.79055e+30
-2.51081e+30
-2.5121e+30
-3.76788e+28
-3.74518e+28
-3.83192e+28
-3.86008e+28
-3.92767e+28
-3.97199e+28
-4.94185e+28
-4.94405e+28
-5.76014e+28
-5.77323e+28
-5.22807e+28
-5.70154e+28
-6.09931e+28
-6.11986e+28
-5.70545e+28
-6.11326e+28
-5.86781e+28
-6.12985e+28
-6.12296e+28
-5.81463e+28
-5.5508e+28
-5.42009e+28
-5.60042e+28
-5.42466e+28
-5.40465e+28
-5.31571e+28
-3.95373e+28
-4.15253e+28
-2.49443e+28
-3.04822e+28
-2.5649e+28
-1.6686e+28
-1.48887e+28
-1.45537e+28
-7.23729e+27
-2.49363e+27
-2.72394e+27
-1.98063e+27
-1.84567e+27
-1.71716e+27
-1.59302e+27
-1.43254e+27
-9.55739e+26
-8.73167e+26
-1.01111e+27
-9.61747e+26
-8.58255e+26
-9.63428e+26
-7.96437e+26
-8.02611e+26
-8.00285e+26
-6.81392e+26
-6.79134e+26
-7.11931e+26
-5.91081e+26
-6.24564e+26
-5.03302e+26
-4.15384e+25
-5.03636e+25
-4.14486e+25
-3.57642e+25
-1.67417e+30
-2.3107e+24
-2.30713e+24
-9.25722e+23
-9.25631e+23
-1.14181e+24
-5.06042e+23
-5.06536e+23
-5.05485e+23
-6.62075e+23
-3.8697e+23
-4.15973e+23
-2.57326e+23
-2.56963e+23
-2.57214e+23
-2.67041e+23
-2.55632e+23
-2.5786e+23
-2.60134e+23
-2.60129e+23
-2.58423e+23
-2.58431e+23
-2.58444e+23
-2.57419e+23
-2.58532e+23
-2.57471e+23
-2.57554e+23
-2.57266e+23
-2.53492e+23
-2.0577e+23
-2.46837e+23
-2.53134e+23
-1.75292e+23
-1.82077e+23
-1.86534e+23
-1.82209e+23
-2.35799e+23
-1.85511e+23
-2.56138e+23
-2.31957e+23
-2.17372e+23
-2.17282e+23
2.68739e+24
2.44605e+24
-3.25777e+24
3.37685e+23
-7.18862e+23
1.61434e+24
-3.54054e+24
-3.7949e+24
1.6981e+24
1.68145e+24
-2.48656e+24
-2.74194e+24
-2.8087e+24
-2.66968e+24
-6.87541e+24
-6.98473e+24
-6.88544e+24
-7.03633e+24
-1.40877e+25
-1.4047e+25
-7.41678e+24
1.82632e+24
-7.76905e+24
5.30818e+24
5.4363e+26
5.43e+26
4.71408e+26
5.43977e+26
5.47516e+26
4.71144e+26
5.4924e+26
3.30681e+26
4.04596e+26
3.25871e+26
4.05066e+26
4.05724e+26
3.75034e+26
4.08063e+26
4.0511e+26
4.03147e+26
3.67995e+26
2.27038e+26
2.30014e+26
2.76402e+26
2.5121e+26
2.5417e+26
2.37942e+26
7.328e+26
1.54229e+26
8.70744e+26
6.6807e+26
1.19642e+27
1.07404e+27
7.36957e+26
1.09312e+27
1.20784e+27
4.05832e+26
-8.28015e+26
-3.58604e+26
-1.37381e+27
-5.00295e+26
-3.88147e+26
-7.05617e+26
-7.05476e+26
-2.95654e+27
-1.54493e+27
-7.58891e+26
-3.14833e+27
-2.47182e+27
1.00874e+27
4.26514e+27
5.99739e+27
5.29245e+26
5.36235e+27
3.9945e+28
8.71787e+27
4.29246e+28
-1.86818e+28
1.54392e+29
-3.04023e+29
-3.18025e+29
-2.78188e+29
-3.39677e+29
-2.54626e+29
-1.64021e+29
3.16307e+29
-1.27446e+30
-6.31072e+29
-5.67157e+29
-7.09658e+29
-1.86582e+30
-2.19494e+30
-2.96305e+30
-2.56017e+30
2.89753e+31
-5.95961e+30
-1.77012e+30
2.91649e+31
-2.76857e+30
-2.85501e+30
-2.86191e+30
-2.80989e+30
-2.70267e+30
-2.8032e+30
-2.71441e+30
-2.85311e+30
-2.85168e+30
-2.71561e+30
-2.74581e+30
-2.74247e+30
-2.78547e+30
-2.77604e+30
-2.77687e+30
-2.77548e+30
-5.03685e+24
-2.78926e+30
-2.7892e+30
-2.79045e+30
-2.79071e+30
-2.78792e+30
-2.79249e+30
-2.7925e+30
-2.78758e+30
-2.78582e+30
-2.79536e+30
-2.78819e+30
-2.79066e+30
-2.80015e+30
-2.51594e+30
-2.5148e+30
-2.43232e+30
-4.28677e+29
-5.6932e+28
-5.2628e+28
-4.02801e+28
-3.11408e+28
-2.55479e+28
-1.26282e+27
-7.36516e+26
-6.83933e+26
-5.28e+25
-1.4005e+26
-4.18046e+25
-2.31684e+24
-1.1455e+24
-6.63684e+23
-9.2713e+23
-2.56707e+23
-2.56878e+23
-2.6011e+23
-2.59331e+23
-2.58504e+23
-2.12723e+23
-2.15201e+23
-1.82048e+23
-1.84802e+23
-9.52017e+23
-4.51967e+24
1.71734e+24
-4.40305e+24
1.8695e+24
1.87836e+24
-2.67758e+24
-7.50367e+24
-6.68332e+24
-7.46888e+24
-9.43748e+24
-7.15525e+24
-9.27704e+24
5.45962e+26
5.47651e+26
5.45599e+26
3.27899e+26
3.72148e+26
2.34747e+26
3.66696e+26
4.02645e+26
2.72852e+26
5.35619e+25
1.99018e+26
9.36168e+26
1.01015e+27
7.63093e+26
9.20877e+26
-3.8071e+26
-1.05701e+27
-1.25314e+27
-3.01772e+26
1.08976e+26
5.58911e+27
5.4963e+27
7.09816e+27
6.47247e+27
4.41679e+28
6.36897e+28
4.20051e+28
-2.88417e+29
3.23235e+29
-1.34905e+30
-2.14708e+30
-2.40737e+30
-5.74903e+30
-1.91328e+30
2.89719e+31
-2.86698e+30
-2.79122e+30
-2.74684e+30
-2.75783e+30
-2.79959e+30
-3.59237e+29
-2.79872e+30
-2.77881e+30
-2.77664e+30
-2.74613e+30
-2.77871e+30
-2.79447e+30
-2.78894e+30
-2.78787e+30
-2.78787e+30
-2.78844e+30
-2.78458e+30
-2.78625e+30
-2.78703e+30
-2.7873e+30
-2.78703e+30
-2.78689e+30
-2.78692e+30
-2.78685e+30
-2.78775e+30
-2.78837e+30
-2.78831e+30
-2.7883e+30
-2.78922e+30
-2.78925e+30
-2.78952e+30
-2.78911e+30
-2.78879e+30
-2.78867e+30
-2.78887e+30
-2.78899e+30
-2.7883e+30
-2.78837e+30
-2.78863e+30
-2.7886e+30
-2.79108e+30
-2.79408e+30
-2.79261e+30
-2.79693e+30
-2.79715e+30
-2.79714e+30
-2.79103e+30
-2.79541e+30
-2.78842e+30
-1.22966e+29
-7.26589e+28
-5.65314e+28
-6.26646e+28
-6.25342e+28
-4.20721e+28
-4.08087e+28
-4.0783e+28
-3.97592e+28
-3.88545e+28
-3.89781e+28
-3.89706e+28
-3.83152e+28
-3.92776e+28
-5.70868e+28
-6.06424e+28
-6.0819e+28
-6.19052e+28
-6.25653e+28
-6.08761e+28
-6.2489e+28
-6.02817e+28
-6.4142e+28
-6.03376e+28
-3.5764e+28
-1.84878e+28
-1.57753e+28
-1.09738e+28
-1.03141e+28
-8.73944e+27
-9.92672e+27
-8.6243e+27
-6.99878e+27
-5.00859e+27
-5.44115e+27
-4.88499e+27
-3.27829e+27
-3.00599e+27
-3.85091e+27
-2.56285e+27
-2.3411e+27
-2.34683e+27
-2.06662e+27
-1.87396e+27
-1.94476e+27
-1.48937e+27
-1.511e+27
-1.28507e+27
-1.22755e+27
-1.37344e+27
-1.05244e+27
-1.01593e+27
-1.00381e+27
-6.88156e+26
-6.3848e+26
-6.49616e+26
-4.22376e+26
-4.3558e+26
-4.35422e+26
-3.12871e+26
-1.00728e+25
-6.55272e+24
-6.20078e+24
-6.17556e+24
-6.17752e+24
-7.09263e+23
-5.68411e+23
-5.68012e+23
-4.71248e+23
-3.74761e+23
-4.37515e+23
-3.4724e+23
-3.6847e+23
-3.70252e+23
-3.44335e+23
-2.79075e+23
-2.68206e+23
-2.68532e+23
-2.79051e+23
-2.66253e+23
-2.60527e+23
-2.60836e+23
-2.59355e+23
-2.58064e+23
-2.58825e+23
-2.59788e+23
-2.581e+23
-2.56702e+23
-2.55859e+23
-2.58534e+23
-2.55923e+23
-2.52499e+23
-2.5135e+23
-2.4534e+23
-2.47168e+23
-2.46844e+23
-2.21989e+23
-2.23303e+23
-2.31999e+23
-2.52562e+23
-2.56777e+23
-2.53296e+23
-2.33374e+23
-2.01632e+23
-2.08109e+23
-2.42126e+23
-2.47416e+23
-2.49298e+23
-2.55347e+23
-2.70107e+23
-3.63139e+23
-3.7649e+23
-1.67381e+30
-6.02096e+23
-3.7778e+23
-4.76714e+23
-6.21207e+23
-7.86993e+23
-1.48095e+24
-4.08053e+24
-4.12674e+24
-3.85626e+24
1.91765e+24
1.70221e+24
1.84619e+24
1.82283e+24
-4.29731e+24
-4.14199e+24
-4.14421e+24
-4.5978e+24
-4.17011e+24
-5.10531e+24
-9.76492e+24
-7.85893e+24
-1.49732e+25
-1.54803e+25
-1.36609e+25
-8.65673e+24
-1.14406e+25
-1.69402e+25
-1.10118e+25
-1.67506e+30
-9.46743e+24
5.44372e+26
4.70478e+26
-2.28056e+29
3.45044e+26
3.80283e+26
3.28102e+26
3.26248e+26
-2.26935e+29
3.46348e+26
3.70481e+26
3.02924e+26
2.69889e+26
1.6409e+26
1.67537e+26
1.94512e+26
2.71326e+26
-7.4074e+25
-1.13515e+26
-3.61674e+26
-3.67202e+26
-3.67483e+26
-2.7913e+26
-2.99918e+26
-2.91676e+26
-2.17003e+26
-2.60884e+26
-2.30391e+26
-1.96185e+26
-2.41058e+26
-3.55705e+26
-3.15874e+26
-6.33784e+26
-7.95541e+26
-1.14088e+27
-1.61052e+27
-1.57689e+27
-1.99363e+27
-1.53621e+27
-1.71669e+27
-1.87761e+27
-1.94951e+27
-2.72432e+27
-2.38805e+27
-2.37603e+27
-3.76654e+27
-5.70292e+27
-4.64282e+27
-1.1796e+28
-8.35341e+27
-2.26472e+29
-1.18282e+28
-3.11388e+28
-4.08025e+28
4.38963e+29
3.05345e+29
4.28499e+29
-2.85136e+30
-2.8427e+30
-2.84794e+30
-2.85716e+30
-2.84595e+30
-2.86405e+30
-2.84454e+30
-1.95871e+30
-5.86858e+30
-2.79268e+30
-2.277e+29
-2.79191e+30
-2.79059e+30
-2.79271e+30
-2.79242e+30
-2.79062e+30
-2.79253e+30
-2.79282e+30
-3.3882e+23
-2.79197e+30
-2.79211e+30
-2.7921e+30
-2.79132e+30
-2.7906e+30
-2.79121e+30
-2.79115e+30
-2.78863e+30
-2.79082e+30
-2.78942e+30
-2.78911e+30
-2.78903e+30
-1.98543e+26
-4.08712e+23
-3.92449e+23
-5.8063e+28
-7.16372e+28
-5.83443e+28
-2.78891e+30
-2.78882e+30
-2.78891e+30
-2.78917e+30
-2.78731e+30
-2.78888e+30
-2.78911e+30
-2.78983e+30
-2.7899e+30
-2.79016e+30
-2.79001e+30
-2.79011e+30
-2.79014e+30
-2.79004e+30
-2.79058e+30
-2.79023e+30
-2.7907e+30
-2.79015e+30
-2.78854e+30
1.79206e+26
-2.79018e+30
-2.79034e+30
-2.79015e+30
-2.79224e+30
-2.79724e+30
-2.79751e+30
-2.797e+30
-2.794e+30
-2.51284e+30
-2.15018e+30
-2.16117e+29
-1.1481e+29
-1.02143e+29
-1.01868e+29
-6.21885e+28
-5.51681e+28
-5.7427e+28
-5.76904e+28
-5.53696e+28
-5.08074e+28
-4.17212e+28
-2.5969e+25
-6.02397e+24
-1.08104e+25
-4.7803e+24
-2.21203e+25
-5.53008e+28
-5.56668e+28
-6.41989e+28
-5.77089e+28
-6.6942e+28
-6.58445e+28
-6.70212e+28
-6.63441e+28
-6.88299e+28
-6.80496e+28
-5.10804e+28
-6.25801e+28
-2.27174e+28
-1.63519e+28
-1.46901e+28
-1.35826e+28
-1.15213e+28
-9.77645e+27
-7.61518e+27
-8.1683e+27
-7.9442e+27
-9.31779e+27
-6.16447e+27
-5.49195e+27
-4.38662e+27
-4.52503e+27
-2.45732e+27
-2.29972e+27
-2.89854e+27
-3.9427e+27
-2.19717e+27
-1.87067e+27
-2.56087e+27
-1.529e+27
-1.71673e+27
-1.0797e+27
-1.13705e+27
-1.03732e+27
-7.59178e+24
-1.40228e+27
-9.03105e+26
-8.71463e+26
-9.20009e+26
-7.71341e+26
-6.61105e+26
-6.47167e+26
-6.31839e+26
-4.63254e+26
-3.58951e+26
-3.37176e+25
-5.00027e+26
-2.42406e+26
-2.39442e+23
-2.47468e+23
-5.7321e+24
-6.1715e+24
-5.62752e+24
-9.46125e+23
-3.81963e+24
-1.52167e+24
-8.036e+23
-7.27195e+23
-7.10029e+23
-8.05679e+23
-4.43885e+23
-5.17957e+23
-4.37189e+23
-4.20125e+23
-3.87159e+23
-3.67873e+23
-3.95148e+23
-3.53545e+23
-3.49793e+23
-3.47757e+23
-2.79727e+23
-2.77401e+23
-3.23978e+23
-3.30451e+23
-2.77395e+23
-2.67371e+23
-2.6697e+23
-2.60354e+23
-2.66492e+23
-2.6492e+23
-2.62834e+23
-2.61585e+23
-2.61259e+23
-2.61182e+23
-2.62029e+23
-2.61942e+23
-2.62024e+23
-2.58148e+23
-2.5916e+23
-2.5978e+23
-2.60631e+23
-2.53871e+23
-2.56243e+23
-2.53535e+23
-2.45746e+23
-2.51488e+23
-2.52822e+23
-2.45977e+23
-2.31065e+23
-2.42449e+23
-5.64528e+23
-6.11345e+23
-6.20162e+23
-2.52866e+23
-2.60431e+23
-2.59814e+23
-2.59011e+23
-2.54924e+23
-2.5273e+23
-2.55328e+23
-2.56278e+23
-2.55887e+23
-2.63042e+23
-2.62407e+23
-2.61268e+23
-2.55826e+23
-2.63498e+23
-2.65269e+23
-2.65052e+23
-3.27222e+23
-2.75502e+23
-3.65712e+23
-3.52218e+23
-3.76349e+23
-3.58445e+23
-3.65266e+23
-3.6646e+23
-1.52296e+24
-7.3898e+23
-3.9918e+24
-1.54001e+24
-8.62429e+25
-4.4886e+24
-4.96262e+24
-4.6753e+24
-3.89206e+24
-5.52073e+24
-5.12007e+24
-4.15194e+24
-5.85109e+24
-1.63049e+25
-1.61442e+25
-2.84956e+25
-1.19299e+25
-3.43012e+25
-2.93651e+25
-5.39509e+25
-4.75806e+25
-5.51783e+25
-1.53094e+25
1.96643e+26
2.52967e+26
2.85161e+26
2.90712e+26
2.93397e+26
2.90418e+26
-2.94334e+29
-2.94906e+29
-1.45972e+29
-2.53507e+29
-9.15887e+25
-1.12388e+26
-7.37239e+25
1.9295e+26
-1.26425e+26
-1.35818e+26
-1.10536e+26
-1.36379e+26
-4.79223e+26
-5.10003e+26
-2.44285e+26
-5.13232e+26
-3.22833e+26
-2.4136e+26
-5.95622e+26
-6.27733e+26
-1.98797e+26
-6.01108e+26
-7.51925e+26
-6.90824e+26
-7.07982e+26
-9.57059e+26
-8.72989e+26
-3.2828e+26
-9.08382e+26
-1.32919e+27
-1.30316e+27
-1.39383e+27
-1.86386e+27
-1.60439e+27
-1.75995e+27
-1.68823e+27
-1.91218e+27
-8.6802e+25
-2.61425e+27
-2.34934e+27
-2.07717e+27
-4.16612e+27
-5.06003e+27
-2.48631e+27
-4.69096e+27
-2.7367e+27
-5.98456e+27
-5.52383e+27
-2.4619e+27
-8.08451e+27
-4.53817e+27
-1.02606e+28
-1.04396e+28
-1.06734e+28
-1.26397e+28
-1.65124e+28
-1.95808e+28
-8.55575e+27
-1.19565e+28
-2.99908e+28
-2.79886e+30
-3.80679e+29
-2.78928e+30
-2.76884e+30
-2.82791e+30
-2.81122e+30
-2.83281e+30
-2.8013e+30
-2.82073e+30
-2.82126e+30
-2.88993e+30
-3.45026e+30
-2.80172e+30
-2.80132e+30
-2.80046e+30
-2.79769e+30
-2.79337e+30
-2.79327e+30
-2.79339e+30
-2.7922e+30
-2.79207e+30
-2.79265e+30
-2.7921e+30
-2.79211e+30
-2.79205e+30
-2.79112e+30
-2.79177e+30
-2.79145e+30
-2.79155e+30
-2.79086e+30
-2.79111e+30
-2.79058e+30
-2.79115e+30
-2.79102e+30
-8.35407e+25
-1.15627e+26
-6.09261e+23
-4.78139e+23
-6.0431e+23
-5.87144e+23
-3.62439e+23
-3.63746e+23
-3.62525e+23
-5.65863e+28
-5.67407e+28
-2.84087e+23
-5.70178e+28
-5.49398e+28
-1.45766e+29
-1.22031e+29
-5.86845e+28
-6.45168e+28
-2.78966e+30
-2.79047e+30
-2.78943e+30
-2.79009e+30
-2.79719e+30
-2.80263e+30
-2.79598e+30
-2.8009e+30
-2.71601e+23
-2.68655e+23
-2.77128e+23
-2.71008e+23
-2.64495e+23
-2.79041e+30
-2.79067e+30
-2.79025e+30
-2.791e+30
-2.79113e+30
-2.79029e+30
-2.79119e+30
-2.79001e+30
-2.79138e+30
-2.79143e+30
-2.79135e+30
-2.79138e+30
-2.79243e+30
-2.79298e+30
-2.79053e+30
-2.79348e+30
-2.7969e+30
-5.67996e+28
-5.6087e+28
-5.59877e+28
-6.36597e+28
-1.01866e+26
-1.07561e+26
-9.53346e+25
-1.10612e+26
-5.77564e+28
-5.64687e+28
-5.73876e+28
-7.38466e+28
-7.46149e+28
-6.9555e+28
-6.85249e+28
-7.54301e+28
-6.79492e+28
-7.11082e+28
-6.82988e+28
-5.34985e+28
-5.37175e+28
-5.82884e+28
-1.8384e+28
-1.619e+28
-5.91635e+27
-3.55353e+27
-2.31606e+27
-3.13634e+27
-2.18511e+27
-1.2638e+27
-1.74261e+27
-9.75949e+26
-1.0013e+27
-7.28275e+26
-6.26696e+26
-5.23932e+26
-5.016e+26
-5.10652e+26
-2.79086e+30
-2.79063e+30
-7.52327e+24
-8.01914e+24
-5.53827e+24
-4.3648e+24
-3.76088e+24
-1.7611e+24
-7.82235e+23
-7.63478e+23
-7.50175e+23
-6.78997e+23
-6.39443e+23
-6.20334e+23
-5.99124e+23
-5.48675e+23
-3.92745e+23
-3.58064e+23
-3.51203e+23
-3.60704e+23
-3.71786e+23
-2.67576e+23
-3.3404e+23
-2.93255e+23
-2.62363e+23
-2.63189e+23
-2.65458e+23
-2.63192e+23
-2.60604e+23
-2.60435e+23
-2.59287e+23
-2.55613e+23
-2.60979e+23
-2.60642e+23
-2.57679e+23
-2.63507e+23
-2.6027e+23
-1.12694e+26
-9.04568e+25
-9.28595e+25
-2.64245e+23
-2.65502e+23
-2.70337e+23
-2.62776e+23
-2.66191e+23
-2.77771e+23
-3.43113e+23
-8.14062e+25
-2.85519e+25
-7.58092e+25
-8.25302e+25
-8.90847e+25
1.79034e+26
-9.02778e+25
-2.80671e+26
-2.79857e+30
-2.81069e+30
-2.79977e+30
-2.7941e+30
-2.79963e+30
-2.79778e+30
-2.79738e+30
-2.79344e+30
-2.79409e+30
-2.79251e+30
-2.79191e+30
-2.79177e+30
-2.79214e+30
-2.7915e+30
-2.79116e+30
-2.63832e+23
-3.43723e+25
-8.41172e+25
-3.48436e+25
-5.64058e+28
-2.79108e+30
-2.57817e+25
1.90767e+26
-2.80494e+30
-1.9337e+25
-2.62799e+23
-2.64129e+23
-2.79512e+30
-2.79305e+30
-2.6568e+23
-2.84627e+23
-2.64299e+23
-2.63406e+23
-1.52743e+27
-9.98025e+24
-1.27266e+25
-6.74506e+24
2.81606e+26
1.67366e+26
-8.75913e+27
-5.1531e+27
-1.76709e+28
-2.89657e+30
-2.84879e+30
-2.83646e+30
-2.77704e+30
-2.79193e+30
-2.79103e+30
1.90515e+26
-5.80557e+28
-2.79018e+30
-2.79007e+30
-2.79686e+30
-3.76652e+27
-2.24112e+27
-2.7907e+30
-4.979e+26
-4.10228e+26
-3.60482e+23
-2.77724e+23
-3.29728e+23
-2.62977e+23
-2.6627e+23
1.80461e+26
-1.02467e+26
-6.94427e+23
-8.50009e+23
-6.21522e+23
-5.099e+24
-4.50637e+24
-4.92206e+24
-5.30838e+24
-2.63818e+26
-4.97581e+27
-4.51661e+27
-1.13142e+28
-2.79298e+30
-2.8163e+30
-2.80799e+30
-2.79153e+30
-2.79143e+30
-4.23432e+25
-7.46072e+25
-2.79674e+30
-3.87372e+24
-1.21934e+27
-3.47707e+27
-2.79153e+30
-9.18091e+27
-8.34829e+25
-2.75536e+23
-3.37721e+23
-2.79085e+30
-2.79102e+30
-1.04037e+26
-2.77747e+30
-2.77771e+30
3.69374e+26
-8.68848e+23
-2.32918e+23
-2.79106e+30
-3.29709e+26
-7.1926e+26
-3.84735e+28
-2.79166e+30
-2.81888e+30
-3.46863e+23
-2.79083e+30
-2.79171e+30
-5.76912e+28
-2.79281e+30
-5.36255e+28
-2.7931e+30
-7.27054e+26
-1.14513e+24
-2.59268e+23
-2.59263e+23
-1.81935e+23
-3.94566e+24
-2.58887e+24
-2.70931e+24
-6.72963e+24
4.04679e+26
7.19519e+26
-1.10584e+28
-1.98712e+26
-8.44203e+27
-4.83136e+27
-2.43295e+27
5.05003e+27
8.02348e+26
4.12692e+28
-3.12943e+29
-1.12169e+27
-2.37269e+29
-3.76334e+29
-1.31661e+30
-2.85773e+30
-6.61292e+26
-2.83166e+30
-6.16235e+26
-2.80321e+30
-2.77743e+30
-1.60507e+29
-2.72288e+30
-2.77595e+30
-4.92444e+29
-2.79067e+30
1.95334e+24
1.8285e+26
-1.02909e+26
-5.68525e+27
4.55251e+28
-2.9379e+30
-2.8751e+30
-2.77611e+30
-8.84648e+25
-2.79201e+30
-2.79998e+30
-2.79208e+30
-1.42935e+28
-1.70836e+27
-1.52145e+27
-3.59091e+23
-2.78257e+23
-2.66923e+23
-4.15541e+24
-1.07706e+25
-1.16687e+25
2.91797e+26
1.93528e+26
-3.53727e+26
-5.95353e+27
-1.65884e+28
4.52884e+29
-2.86187e+30
-2.8316e+30
-2.85247e+30
-2.79205e+30
-8.80626e+25
-2.78891e+30
-2.79099e+30
-5.81854e+28
-2.79038e+30
-7.60303e+24
-2.79011e+30
-2.79056e+30
-6.65908e+28
-5.19987e+24
-1.62632e+28
-2.16983e+27
-1.35151e+27
-4.79572e+26
-3.8121e+26
-4.95206e+26
-8.53887e+23
-2.66313e+23
-2.6499e+23
-2.78518e+30
-2.78511e+30
-2.78549e+30
-2.78593e+30
-2.83586e+24
-2.57223e+24
-2.5176e+24
-2.66323e+24
)
;

boundaryField
{
    Wall
    {
        type            zeroGradient;
    }
    Inlet
    {
        type            zeroGradient;
    }
    Outlet
    {
        type            fixedValue;
        value           uniform 0;
    }
    Empty
    {
        type            empty;
    }
}


// ************************************************************************* //
