/*--------------------------------*- C++ -*----------------------------------*\
| =========                 |                                                 |
| \\      /  F ield         | OpenFOAM: The Open Source CFD Toolbox           |
|  \\    /   O peration     | Version:  2312                                  |
|   \\  /    A nd           | Website:  www.openfoam.com                      |
|    \\/     M anipulation  |                                                 |
\*---------------------------------------------------------------------------*/
FoamFile
{
    version     2.0;
    format      ascii;
    arch        "LSB;label=32;scalar=64";
    class       volScalarField;
    location    "8.9";
    object      p;
}
// * * * * * * * * * * * * * * * * * * * * * * * * * * * * * * * * * * * * * //

dimensions      [0 2 -2 0 0 0 0];

internalField   nonuniform List<scalar> 
2958
(
-6.54766e+36
-1.96622e+31
-1.35666e+31
-2.16837e+36
-1.26755e+31
-1.35669e+31
3.06141e+34
-6.05641e+33
-1.33082e+31
-6.00271e+33
-9.7588e+34
-1.51032e+38
-4.4135e+34
-1.51278e+38
-2.47783e+33
-3.10741e+36
-1.25196e+31
-6.208e+34
-1.5145e+38
-1.62192e+38
-1.50337e+38
-1.32852e+31
-1.48e+38
-4.02019e+32
-4.93681e+34
9.87784e+33
-3.56192e+31
-3.01582e+34
-2.18606e+37
-1.17194e+35
6.55496e+34
-1.11001e+31
-1.31914e+38
-1.04506e+31
-2.11782e+33
1.02836e+34
-1.48667e+38
-1.48061e+38
-1.11356e+37
-3.17096e+32
2.21052e+34
1.32895e+34
3.62671e+34
2.31072e+36
-1.50946e+38
-1.35536e+31
-4.48233e+34
-1.10397e+31
-2.18069e+36
-6.33515e+37
-3.38713e+36
-4.57983e+31
-8.21852e+32
-4.42704e+34
-3.68368e+36
-3.592e+32
-6.34036e+34
-7.53957e+32
-1.48303e+36
2.23813e+34
-2.99539e+36
-6.31044e+36
1.57774e+34
-1.10543e+35
-1.51005e+38
-1.51421e+38
-4.1084e+34
-3.73877e+31
-4.6985e+37
-7.3904e+36
-1.30144e+31
-1.51085e+38
-1.99897e+31
-1.12567e+36
-1.51643e+38
-3.49978e+34
-3.16655e+36
1.81558e+34
-1.47669e+38
-3.92389e+36
-4.65851e+34
-1.32336e+31
-2.68516e+34
-2.69708e+34
3.31923e+36
-3.98552e+34
-1.35536e+31
-4.10873e+34
-1.98787e+31
-1.29733e+38
2.47469e+33
-1.6488e+31
-1.19713e+34
-1.51483e+38
-1.80028e+31
2.69517e+32
-2.99401e+36
-2.48976e+36
-1.51234e+38
-1.51108e+38
-2.15848e+36
-2.7193e+36
7.33467e+31
-1.44485e+31
-1.45828e+38
-3.66055e+37
-1.51076e+38
-2.211e+36
-1.51047e+38
2.81663e+32
-1.92906e+36
-4.07353e+36
-1.51608e+38
-2.64405e+34
-1.51265e+38
-1.51422e+38
-3.01516e+34
-4.04024e+36
-1.36357e+31
-3.2779e+36
-6.36258e+36
-1.51026e+38
-1.12649e+34
-2.55878e+32
-1.95936e+36
-2.88878e+36
-3.28474e+36
-1.5876e+31
-3.75158e+36
-1.51639e+38
-1.5207e+38
-1.53716e+38
-3.99342e+36
-1.51093e+38
-1.5496e+38
-1.51168e+38
-2.28019e+34
1.27907e+38
-1.51057e+38
-1.51227e+38
-1.46525e+37
-1.51022e+31
-1.49645e+38
-1.51396e+38
-3.02552e+36
-1.28927e+31
-1.51678e+38
-1.50753e+38
-1.46321e+31
-1.51019e+38
-1.61695e+38
-3.00867e+36
-1.69802e+34
-5.47803e+37
-1.07029e+35
-1.56459e+38
-1.41729e+38
-3.68469e+36
4.22689e+34
-3.7842e+32
-1.08286e+35
-1.38923e+34
-2.28024e+35
-1.50994e+38
-1.99466e+32
-7.97293e+36
-9.60141e+37
-1.51314e+38
-2.09764e+32
-1.36003e+31
-1.05962e+31
-1.51079e+38
-1.48744e+38
-2.14035e+31
-1.47677e+38
-1.35981e+31
-1.34511e+31
-1.94686e+31
-7.14807e+37
-4.69918e+37
-8.93142e+37
-1.4233e+31
-6.72371e+34
-2.12333e+36
-1.94217e+31
-1.42129e+31
2.25418e+31
-1.51046e+38
-1.33907e+31
-2.04922e+36
-1.22205e+31
-7.68887e+31
-1.3354e+31
-2.81569e+32
-3.85208e+31
-2.15511e+37
-1.87878e+31
-1.06088e+31
-1.83519e+36
-2.33355e+32
-1.94853e+33
-1.51093e+38
-8.40401e+36
-2.03407e+31
4.57652e+32
2.06238e+34
-1.10764e+37
2.08545e+34
-1.35746e+31
-2.18027e+36
-1.51287e+38
-1.29721e+38
-1.52566e+38
-1.75766e+31
-1.5181e+38
-1.3211e+31
-1.03019e+35
-1.51219e+38
-1.51232e+38
-1.5127e+38
-1.51341e+38
-2.00492e+31
4.89869e+34
-1.3789e+31
-2.00641e+36
-3.46579e+36
-2.97432e+34
-1.51234e+38
-1.3799e+31
-1.20077e+31
-5.8166e+31
-1.15441e+31
-1.42539e+31
-1.31227e+31
-2.17376e+37
-1.51345e+38
-1.51648e+38
-3.25925e+36
-1.5165e+38
-2.43606e+36
-1.51449e+38
-2.44305e+36
-3.03496e+36
-2.90952e+34
4.46795e+35
1.42454e+34
-3.02746e+33
-2.80717e+34
-7.53696e+34
-6.59586e+35
-1.11894e+34
-3.9471e+33
-1.3131e+35
-1.28148e+31
-2.31e+36
-2.65885e+31
-9.83424e+35
-1.46269e+31
-3.95236e+35
-1.32117e+31
-3.13138e+36
-1.45664e+38
-1.25614e+31
2.22815e+34
-1.0754e+38
-2.77953e+34
-6.45759e+33
-8.29541e+35
-9.10075e+37
-1.44141e+38
-1.4848e+38
-1.36192e+31
-8.98992e+35
-1.48674e+38
-1.72809e+31
-8.95692e+35
-1.51351e+38
-1.28967e+31
-1.50583e+38
-1.55687e+31
-1.51044e+38
-1.51678e+38
-1.07511e+38
-2.8143e+34
-1.09998e+31
-1.51127e+38
-5.38279e+37
-2.9251e+36
-2.08451e+36
-1.69959e+35
-4.02588e+32
-9.40287e+30
-1.51306e+38
-1.5084e+38
-5.60863e+34
-1.32299e+31
-1.51225e+38
-3.12817e+36
-1.51233e+38
-6.79095e+34
-7.83542e+34
-1.25555e+31
-1.46276e+31
-1.32067e+31
-3.04132e+36
-1.83292e+31
-1.85675e+36
-1.45663e+38
-8.54322e+34
-2.94152e+36
-1.51271e+38
-3.06705e+36
-3.21169e+36
-1.51343e+38
-1.50294e+31
-2.0073e+36
-1.2729e+31
5.22824e+34
-1.36933e+31
-8.48495e+35
-1.28634e+31
-1.35e+31
-2.67583e+35
-4.09217e+31
-1.35985e+31
-1.44136e+38
-4.16472e+36
-1.47132e+38
-2.10387e+36
2.9718e+34
-1.35183e+31
-6.64001e+34
-1.50057e+38
-1.51098e+38
-1.34749e+31
-1.51076e+38
-2.3528e+36
2.08605e+34
-2.35349e+36
-1.51223e+38
-4.55459e+34
-1.46258e+31
-1.22962e+31
-1.3084e+31
-1.51073e+38
-6.39826e+31
-1.51073e+38
-4.91245e+32
-3.66906e+36
-2.99141e+36
-6.114e+32
-4.02684e+32
-1.08856e+31
-2.67651e+36
-6.46099e+31
-3.94484e+35
-1.5127e+38
-4.23794e+35
-1.3491e+31
4.0484e+36
2.95205e+34
-3.51635e+36
-2.16882e+36
-6.19669e+37
-1.32576e+35
-9.93976e+30
4.59707e+34
-2.92426e+36
-2.92169e+36
-1.10214e+31
-2.39207e+32
-1.25901e+31
-1.51268e+38
-2.287e+36
-2.43386e+35
9.36155e+30
-3.73432e+36
-2.96019e+32
-1.23549e+31
-1.34917e+31
-3.0777e+36
-1.65676e+34
-1.51856e+38
-3.51804e+35
-1.32711e+31
-1.42849e+38
-8.24298e+35
-1.0612e+31
-1.36268e+38
-1.53283e+38
-5.71514e+33
-1.51183e+38
6.52762e+36
-1.3207e+31
-2.8404e+36
-2.46195e+36
2.97206e+34
-1.51283e+38
-1.51908e+38
-1.20756e+31
6.92839e+36
-8.83805e+35
-1.31613e+31
-2.09792e+36
-3.71638e+36
-3.0334e+36
-2.562e+31
-4.48558e+34
-3.27376e+36
-3.66888e+36
-6.56088e+36
-5.08037e+34
-1.28582e+35
-6.46874e+30
-1.55535e+31
-1.20306e+31
-1.27683e+31
5.05897e+32
2.40681e+36
2.36984e+36
-1.50949e+38
1.78241e+34
-1.25807e+31
1.56588e+34
-1.43982e+34
-1.36198e+38
-1.61148e+31
-1.45172e+34
-3.36573e+36
-1.56307e+31
-1.2592e+31
-4.41796e+36
-2.07923e+31
-3.24795e+32
-3.23408e+32
-1.31028e+31
-1.25995e+31
-2.43462e+32
-3.06082e+36
-1.50672e+38
-1.29158e+31
-1.43622e+31
-3.45688e+36
-6.16594e+36
-1.33626e+31
-1.34669e+38
-1.46937e+38
-1.05651e+31
-1.5211e+38
-1.35347e+31
-1.47355e+38
-1.17961e+31
-3.49159e+33
-4.3441e+31
-3.07183e+36
-2.58877e+36
-1.51313e+38
-7.68006e+35
-1.29796e+31
-1.51261e+38
-2.07883e+31
-2.04891e+36
-3.86962e+36
-8.69694e+34
-3.65376e+35
6.92533e+34
-1.10088e+31
-5.02882e+34
-5.28435e+35
-2.48482e+37
-8.5957e+34
-1.51032e+38
-7.55245e+34
-1.35404e+31
-1.68637e+35
-1.30444e+31
-1.17396e+34
-1.30854e+31
-1.34703e+31
-3.05148e+34
-6.07303e+34
-2.9284e+31
-1.51015e+38
-8.93162e+37
1.69933e+31
-3.95974e+35
-1.04024e+35
-1.56519e+34
-1.08235e+31
-4.20635e+36
-1.38395e+31
-6.80289e+31
-2.16932e+36
2.72298e+35
-1.3355e+31
-3.15424e+36
-6.29215e+34
-1.51409e+38
-1.51495e+38
-1.51664e+38
-1.34026e+31
-1.51414e+38
-1.51008e+38
-3.06632e+36
-2.02652e+33
-1.5135e+38
-1.85816e+36
-6.90222e+31
-2.71056e+36
-2.99599e+36
-1.51369e+38
-1.5141e+38
-1.98937e+36
-1.5145e+38
-4.06839e+36
-3.967e+36
-1.08156e+31
-2.50368e+37
-1.36792e+31
-3.03808e+36
-1.16578e+38
-1.36165e+31
8.43818e+36
-1.39672e+31
-2.96655e+36
-2.16731e+36
-1.8308e+31
-1.4568e+38
-3.03652e+34
-2.76973e+36
-3.15579e+34
-1.29689e+38
7.83163e+30
-1.52341e+38
-2.15058e+37
5.00989e+34
-9.84918e+30
-2.69742e+31
-3.04491e+36
-5.02644e+34
-1.23143e+37
-1.04278e+35
-1.51047e+38
-2.58579e+36
-1.51714e+38
-2.15077e+37
-3.08114e+34
-1.47913e+38
-1.51308e+38
-1.9461e+31
-1.51514e+38
-1.51359e+38
-1.81242e+31
-6.67839e+36
-1.29048e+31
-2.92991e+35
-1.22715e+37
-3.90432e+36
-1.85697e+34
-2.3754e+37
-6.22162e+35
-2.27373e+31
-2.75292e+36
3.96185e+36
-3.54316e+36
-3.6491e+36
-1.51084e+38
-3.10335e+35
-2.42461e+36
-3.60029e+36
-6.72163e+36
-6.60698e+35
-1.51274e+38
-1.51439e+38
-1.51586e+38
-1.81462e+31
-1.51451e+38
-1.07716e+38
-1.50424e+38
-1.87556e+35
-1.54154e+31
-1.52061e+31
-4.3474e+34
-1.93283e+31
-3.04556e+36
-1.48246e+38
-1.51785e+38
-1.51361e+38
-1.55891e+31
-7.421e+34
-1.51245e+38
-1.51253e+38
-3.91116e+33
-2.91499e+37
-1.36228e+38
-1.17392e+37
-4.29892e+36
-1.36717e+37
4.4416e+35
-1.03269e+38
-1.501e+38
1.74064e+35
-1.43007e+38
-3.06869e+36
-1.39666e+31
-3.508e+36
-2.06227e+37
-7.40459e+36
-1.37413e+38
-1.51085e+38
-2.99622e+36
-6.34179e+37
-1.50727e+38
-1.51222e+38
-3.02579e+36
-2.89959e+32
1.02119e+34
-1.81957e+31
-1.50941e+38
1.85428e+34
-2.83851e+36
-2.92214e+36
-1.22961e+37
-1.29846e+31
-3.17375e+35
-1.51673e+38
-1.34243e+31
-2.0003e+35
-1.54173e+35
-1.51209e+38
-3.2863e+36
-1.51198e+38
-1.32686e+31
-1.5125e+38
9.43439e+36
-3.55091e+35
-1.48764e+38
-1.36328e+31
-1.10534e+37
3.42885e+34
-1.51704e+38
-4.28141e+36
-2.49487e+37
-1.48722e+38
4.99488e+35
-2.06344e+37
-1.4579e+31
-1.53727e+38
-3.89978e+35
-1.51298e+38
-1.50871e+38
-6.29322e+36
-1.59376e+37
-1.32113e+31
-1.14423e+35
-1.10564e+31
-1.91519e+31
-1.37433e+38
-1.33857e+31
-1.0754e+31
-1.25504e+31
-1.37484e+38
-1.52134e+38
-1.51861e+38
-1.03115e+38
-1.51769e+38
-1.29088e+31
-1.51662e+38
-2.95365e+36
-1.57061e+34
-1.10574e+31
-1.09249e+31
7.4862e+32
-2.08289e+36
-1.33238e+31
-3.02897e+31
-3.76789e+36
1.86574e+34
-1.53735e+38
-1.51349e+38
-1.31821e+31
-1.85939e+32
-1.51359e+38
-1.61099e+31
-1.51141e+38
-1.33687e+31
-1.3881e+31
-3.59934e+36
-3.04521e+36
-1.73083e+31
-9.07655e+37
-2.46137e+31
-2.93601e+36
-3.04318e+36
-5.57114e+36
-1.36231e+38
-8.25441e+32
-3.93403e+36
-3.04316e+36
-1.50849e+38
-1.52118e+38
-2.99439e+36
-3.58499e+35
8.7394e+33
-3.04573e+36
-3.57186e+34
-1.3003e+31
-2.10685e+36
-2.42562e+32
-1.28297e+31
-1.17798e+31
-1.29034e+31
-1.28867e+31
3.60579e+36
-3.67035e+36
-2.51431e+34
-1.15543e+34
-3.80461e+36
-1.99276e+32
-1.31044e+31
-4.20373e+37
-1.57471e+38
-1.2763e+31
-1.06652e+37
-1.51497e+38
-2.66523e+31
-1.51092e+38
-2.03159e+36
5.22071e+34
-1.8647e+38
-2.07259e+36
-1.92714e+36
1.06121e+34
-1.98489e+31
-1.13469e+38
-1.72672e+33
-4.28194e+36
-5.48729e+36
-1.5032e+38
1.27253e+34
-3.91091e+36
1.33283e+34
-2.04417e+36
-1.86682e+35
-7.09077e+35
-1.36228e+38
-2.78907e+36
9.3371e+33
-1.93965e+31
-2.71188e+36
-2.4892e+36
-8.9281e+37
-1.50996e+38
-2.1608e+36
1.83056e+34
1.83961e+34
-5.84064e+34
3.19402e+36
-2.49521e+37
-3.101e+36
-1.51708e+38
-1.51453e+38
-1.51352e+38
-2.78815e+36
-1.27712e+31
-1.51242e+38
-4.30863e+36
-1.51223e+38
-2.78901e+36
-1.49866e+38
-1.52907e+38
-2.98659e+31
2.07044e+34
-3.06111e+36
-1.51211e+38
-1.51269e+38
-1.46575e+37
-1.61349e+38
-1.51146e+38
-1.51255e+38
-1.62228e+31
-1.5112e+38
-2.91801e+36
-2.99236e+36
-1.51745e+38
-6.05872e+30
2.17086e+37
-1.52493e+38
-1.87617e+31
-1.01395e+36
-6.06165e+35
-5.14848e+36
-3.14319e+36
-6.30932e+34
-4.69816e+37
-1.30789e+31
-1.36267e+38
-3.22387e+35
1.87745e+34
-3.94121e+36
-1.37902e+31
-1.47316e+38
-3.31398e+36
-2.16772e+36
-4.95611e+34
-1.45978e+37
1.32174e+38
-2.7217e+34
-1.96428e+31
-2.3745e+37
-1.27178e+31
5.42174e+34
-1.07228e+35
-1.51248e+38
-1.76413e+34
-3.01331e+36
-1.27148e+31
-5.37762e+34
-2.36416e+36
-2.10265e+36
-3.52088e+34
-3.10856e+36
-5.5017e+34
1.75645e+34
-1.81587e+35
-1.48424e+31
-2.99358e+36
-3.02986e+36
-1.70966e+31
-3.10499e+33
-4.04347e+31
-3.18185e+34
-2.98551e+36
-1.92882e+36
-1.44843e+36
-1.83515e+31
-2.72729e+34
-1.5117e+38
-3.8341e+32
-2.99119e+34
-3.0148e+36
-2.33032e+35
-1.5085e+38
-1.49367e+38
-1.50144e+38
-3.10332e+36
-3.25561e+35
-2.80529e+37
-3.28696e+34
-1.86049e+32
3.53449e+36
1.35469e+38
-1.36961e+33
-1.3243e+31
-1.74014e+31
-3.48101e+34
-1.31202e+31
-1.51072e+38
-2.79258e+34
-3.44853e+34
-1.33472e+31
-9.39652e+30
-1.95742e+33
-2.71627e+36
-2.04962e+36
-2.80633e+37
-1.35535e+31
-8.79487e+32
-1.54002e+38
-1.17786e+34
-1.43026e+33
-1.50963e+38
-1.95075e+31
-2.10794e+36
-1.85887e+36
-1.29066e+31
-1.11956e+31
-1.51372e+38
-1.49361e+38
-1.33736e+35
-1.51402e+38
-1.51399e+38
-1.51245e+38
-9.9751e+30
-2.73348e+36
-6.34319e+37
-1.24935e+31
-7.15224e+37
-3.23754e+36
-3.15172e+31
-2.08366e+36
-3.39165e+36
-1.32241e+31
-1.51169e+38
-1.3711e+31
-3.87798e+33
-6.68208e+34
-2.96111e+34
-1.36076e+31
-3.16793e+32
-1.38357e+31
-2.043e+36
-1.51421e+38
-8.70824e+32
-1.30393e+31
-9.38449e+30
-1.31167e+31
-1.815e+31
-1.2338e+31
-1.52332e+38
-4.33517e+34
-2.08789e+31
-7.61678e+33
-1.06828e+31
-1.53052e+33
-1.08231e+31
-2.78096e+32
-1.16556e+38
-1.37393e+31
-7.63602e+34
-1.0631e+31
-1.56721e+31
5.79789e+31
-3.88906e+35
-5.30307e+34
-1.36415e+31
-2.03499e+31
-2.10025e+34
-1.42547e+31
-1.9539e+31
-2.74082e+31
-1.57192e+33
-2.61183e+31
-2.29798e+36
-7.9942e+34
-1.90524e+31
-3.52357e+35
-1.35164e+31
-2.85264e+34
-1.38111e+31
-2.83127e+34
-1.30553e+31
-1.51389e+38
-4.02548e+36
-1.03059e+38
-1.26439e+31
-2.58884e+36
-9.81645e+34
-1.46309e+37
-1.40042e+31
-8.69663e+32
-1.61034e+31
-5.49151e+36
-2.11318e+36
-1.90323e+32
-1.38956e+31
-5.4917e+36
-1.18287e+34
5.96604e+34
-1.5113e+38
-1.51414e+38
-1.25753e+31
-1.33857e+31
-1.28168e+31
-1.51126e+38
-3.09759e+36
-1.3725e+37
-4.34078e+31
-7.01561e+35
-2.58854e+36
-1.46047e+31
-2.74062e+34
-2.09985e+36
-1.51513e+38
-1.34894e+31
-1.51184e+38
-3.54655e+35
1.84424e+34
-6.93299e+33
1.93189e+34
-1.54189e+38
-4.41045e+34
-1.51088e+38
-9.08876e+37
3.24863e+32
-1.31801e+31
-1.30123e+35
-1.31413e+36
-2.64662e+31
-7.2232e+31
-3.43332e+31
-2.79365e+34
-9.26433e+35
-1.34737e+31
-1.15377e+31
-2.7838e+36
-3.18056e+34
-1.30202e+31
-9.32244e+30
6.7874e+30
-1.38399e+31
-1.99272e+31
-1.33227e+31
-1.8298e+35
-1.10906e+31
-3.00744e+36
-2.85698e+36
-3.00157e+36
5.6429e+36
-1.49653e+38
2.95503e+34
-1.31786e+31
-1.54665e+38
-2.10423e+36
-1.15007e+31
2.04609e+37
-1.51098e+38
-8.09496e+32
-1.07005e+37
-1.13429e+38
-2.01356e+35
-4.97228e+33
-2.1004e+36
-2.71629e+34
-9.32402e+30
6.04686e+36
-4.07955e+36
-3.72527e+36
-6.33324e+31
-2.16364e+36
-1.519e+38
-2.80395e+37
9.39804e+31
-4.12776e+36
-1.51434e+38
-1.51348e+38
-1.90842e+35
-1.51147e+38
-1.5127e+38
-1.34685e+38
-3.10717e+36
-1.13648e+37
-1.51443e+38
-1.51095e+38
-1.3509e+31
-1.44123e+38
-3.74338e+36
-4.14003e+35
-2.00584e+36
-1.51357e+38
-7.85455e+34
-2.24864e+36
-2.4278e+37
-1.37155e+31
-1.41853e+38
-3.03649e+36
-1.51357e+38
-3.43108e+36
-1.51095e+38
-1.51802e+38
-1.5147e+38
-7.42383e+36
2.8735e+35
-1.36229e+38
-3.33309e+34
-3.94154e+34
-1.8153e+31
-7.59638e+35
-2.39803e+32
-1.309e+31
-1.51177e+38
-1.41598e+31
-1.52014e+38
-2.12699e+36
-2.92115e+36
-1.51431e+38
-6.11725e+32
-4.4223e+33
-2.21095e+36
1.20103e+32
-8.39407e+32
-3.07599e+34
-9.09857e+37
-1.17648e+31
-3.28558e+36
-1.48668e+38
-6.98132e+34
-2.01879e+31
-1.54623e+35
-1.88639e+35
-1.80539e+33
-1.1351e+35
-6.19277e+37
-2.67152e+32
-3.96681e+33
-1.51088e+38
2.95212e+34
-1.35247e+31
-1.92389e+36
-1.33206e+31
-1.5736e+35
-1.35744e+31
-1.35991e+31
-1.51178e+38
-1.31046e+31
-2.76547e+33
-1.10705e+31
-1.57418e+38
-6.64e+32
-1.51099e+38
-1.51327e+38
-1.51115e+38
-1.51072e+38
-1.64087e+31
-1.81067e+31
-1.32333e+31
-3.07289e+36
-1.35807e+31
-1.16517e+31
-1.35624e+31
-1.27708e+31
-1.37294e+31
-1.44392e+31
-6.34972e+34
-9.28606e+34
-2.97597e+36
-6.79826e+34
-1.36747e+31
-1.3653e+31
-1.29086e+31
-1.51722e+38
-2.42903e+37
-2.62211e+33
-4.10862e+31
-3.55021e+32
8.63963e+33
-1.17786e+37
-5.48131e+35
-1.51433e+38
-1.52017e+38
-5.61364e+36
-1.49344e+38
4.06972e+36
-1.64583e+33
-2.38801e+35
-4.51161e+33
-1.81091e+33
-3.85885e+36
-2.21095e+31
-2.3889e+36
-1.52954e+38
-1.32828e+33
-4.67422e+32
-1.24186e+32
-5.98459e+32
-2.21969e+36
-3.59582e+35
-4.9286e+33
-3.65014e+36
-1.50606e+38
1.49266e+34
-5.3314e+32
-1.49487e+33
-1.01094e+31
-3.71532e+36
-2.24453e+36
-2.48338e+37
-3.87102e+36
-4.20311e+37
-9.99701e+30
-1.51526e+38
-3.05003e+36
-4.20381e+37
-9.19905e+32
-1.52115e+38
-1.52834e+38
-3.8913e+36
-5.58873e+35
-1.2825e+34
-9.03402e+35
1.03793e+34
-1.2219e+31
-1.5115e+38
-1.37065e+34
-2.42932e+37
-1.48736e+38
-3.03943e+36
-1.50863e+38
-3.89715e+34
-3.11292e+31
-1.51115e+38
-3.62984e+36
-2.28068e+36
-3.34461e+36
-8.08204e+33
-1.21781e+34
-1.49759e+38
-3.47132e+36
-1.51177e+38
-9.64742e+35
-1.19516e+33
-2.13276e+36
-2.71776e+34
-1.50254e+38
-1.39696e+31
-3.2345e+36
-2.15333e+36
-1.50465e+38
-1.78546e+33
-1.10053e+34
-3.18817e+36
-1.47964e+38
-4.04062e+34
-8.24486e+31
-1.70813e+36
-2.90436e+32
-2.81966e+34
-3.12793e+36
-1.20991e+35
-4.78225e+34
-1.51368e+38
-2.2455e+32
-1.31518e+35
-1.47017e+34
-3.93971e+36
-1.1392e+35
-1.20548e+31
-1.36803e+31
-1.4699e+38
-1.12614e+35
9.28411e+31
-1.51869e+38
-3.70087e+36
-1.49633e+38
-4.44199e+33
-1.52143e+38
-1.36798e+31
-1.43988e+31
9.16956e+33
-3.57537e+31
-3.22469e+32
-1.50856e+38
-1.49659e+31
-1.76399e+35
-2.80383e+34
-5.4018e+33
-1.23014e+31
-3.29509e+36
-6.74443e+34
-1.51764e+38
-1.51425e+38
4.80174e+33
6.36693e+33
-1.51409e+38
-1.48087e+38
-2.48871e+31
-8.42059e+35
-2.75575e+31
-1.25805e+31
-2.546e+32
-1.36006e+31
-8.8183e+32
-3.95648e+36
-2.58383e+31
-1.36097e+31
-4.1094e+35
-3.65745e+32
-3.36015e+36
-9.6088e+34
-1.26189e+31
-2.20862e+32
-1.06018e+31
-1.54971e+35
-3.14527e+36
-1.97279e+33
-1.91735e+31
-1.32513e+31
-1.33913e+31
-1.34403e+31
1.78679e+34
-1.34874e+31
-2.15099e+36
-1.36851e+31
-1.1577e+37
-5.00347e+31
7.11935e+36
-2.17871e+36
-4.76818e+31
5.32758e+35
-1.53233e+38
-1.33965e+31
-7.05415e+35
-1.51267e+38
-9.43193e+34
-3.79838e+34
-3.55902e+34
-9.34695e+34
-1.32613e+31
-7.54752e+34
-1.32676e+31
-1.34167e+31
-1.37832e+35
-4.16262e+34
-1.26207e+31
-3.59246e+36
-3.03213e+36
9.09958e+31
-3.03981e+36
-1.34326e+31
-1.51292e+38
-2.20033e+32
-2.37508e+36
-1.51422e+38
-2.6149e+36
-1.2107e+35
-1.68797e+31
-3.39649e+36
-3.19112e+34
-3.10024e+34
-1.93064e+31
-1.00991e+38
-2.96457e+36
-2.96759e+34
-1.15444e+31
-2.03223e+36
2.24779e+36
-3.18883e+36
-2.90038e+34
-1.35651e+31
-1.96516e+31
-1.48798e+38
-2.46167e+36
-1.5108e+38
-3.18178e+34
-1.51131e+38
-2.46315e+36
-1.51095e+38
-4.18144e+35
-1.22226e+31
-1.13401e+38
-1.50726e+38
-3.19417e+32
-1.51228e+38
-1.5522e+38
-3.92012e+36
-1.51184e+38
-1.35967e+31
-1.48394e+38
1.92686e+37
-1.51083e+38
-8.33961e+32
-2.09228e+36
-9.95075e+35
-1.51338e+38
-6.32369e+33
-3.63592e+37
-2.28341e+36
-1.51405e+38
-1.97402e+31
-1.51375e+38
-2.68922e+34
-1.51094e+38
-1.16453e+33
-2.28434e+36
-1.51959e+38
-2.13373e+36
-2.31616e+36
-4.59046e+35
-1.26976e+31
-3.60508e+37
-1.27411e+31
-1.28135e+31
-1.52445e+38
-4.84261e+33
-1.51964e+38
-1.48086e+38
-3.65052e+31
3.97605e+36
-1.55079e+38
-1.39319e+33
-1.31911e+38
-7.56205e+32
-1.14097e+36
-2.09409e+31
-1.30524e+31
-3.49814e+36
-2.10276e+36
-1.30993e+31
-5.65148e+33
-1.22035e+31
-1.51329e+38
-1.50775e+38
-8.33812e+33
-1.8312e+31
-5.23673e+36
-1.63786e+31
-8.02364e+33
-1.87444e+38
-1.50701e+38
-1.63788e+31
-1.63828e+31
-1.34432e+35
-1.25362e+31
-1.32729e+34
-1.56971e+31
-1.31091e+31
-1.41824e+38
-1.51382e+38
-1.51384e+38
3.80351e+34
-1.33117e+31
-1.33239e+31
-1.69714e+34
-1.11803e+34
-8.00631e+32
-6.6543e+33
-2.99029e+33
-7.83977e+32
-2.39638e+32
-1.51698e+38
-2.37096e+37
-6.57376e+35
4.15547e+36
-1.32942e+31
-1.22191e+31
-1.5112e+38
4.04544e+36
-1.10208e+37
-6.18935e+36
-1.51555e+38
-2.91501e+35
-9.95258e+30
-5.67905e+34
-1.51557e+38
-3.12812e+32
-2.36059e+32
-1.51464e+38
-1.51694e+38
-1.51437e+38
-1.51494e+38
-1.51267e+38
-1.51385e+38
-2.20956e+31
-2.87017e+35
-3.99066e+32
-7.31647e+33
-2.09141e+33
2.56425e+33
-1.31205e+31
-4.10275e+36
-1.50546e+38
-1.48566e+38
-5.0686e+33
-2.87842e+34
-1.5142e+38
-1.83062e+35
-1.10696e+31
-1.51175e+38
-1.52746e+37
-5.14541e+36
-1.12291e+31
-1.38969e+31
-1.10475e+31
1.05952e+34
-9.36879e+30
-3.83067e+32
-2.99307e+36
-7.87906e+31
3.67855e+36
-1.5073e+38
-1.45583e+38
-3.09463e+31
-3.09684e+36
-1.51843e+38
-6.12239e+32
-2.06506e+36
-1.92937e+36
-1.51021e+38
-7.05513e+33
-1.99134e+32
-1.98383e+31
-2.82822e+36
-3.22866e+31
-2.55759e+36
-1.51114e+38
-3.62667e+36
-1.27829e+31
-1.85628e+32
-5.89181e+30
-3.78686e+31
-2.97939e+32
-1.51229e+38
8.36967e+36
-1.49676e+37
-5.33893e+35
-2.98615e+36
-3.01016e+36
-1.33207e+31
-1.34825e+31
-1.1352e+31
-1.33223e+31
-3.37585e+35
-2.93476e+36
-4.51382e+36
-1.37052e+31
-3.92195e+36
-1.30824e+31
-4.17878e+35
-3.00858e+36
-1.24154e+34
-1.4836e+38
-1.51415e+38
-9.42968e+30
-1.32841e+31
-9.74989e+30
-3.72189e+36
-1.15491e+31
-1.31136e+31
-2.0014e+31
-1.25997e+31
-1.42977e+38
-9.09191e+37
-1.3326e+31
-7.14634e+37
-1.9617e+31
-3.73342e+36
-1.48577e+38
-3.03972e+36
-2.58184e+36
-6.19585e+37
-1.29061e+31
-1.05634e+31
-1.51117e+38
-4.51341e+31
-1.15514e+31
-4.13191e+35
-5.54474e+33
-3.11638e+34
-1.51024e+38
-5.81763e+35
-1.05611e+31
-1.21141e+35
2.0347e+34
7.82503e+36
-1.51157e+38
-2.62687e+36
-1.51083e+38
-1.31944e+31
-1.30771e+31
-2.34586e+31
-1.38379e+35
-4.06348e+36
-3.48472e+35
-1.51468e+38
-2.93439e+37
-1.97139e+31
-3.02953e+36
9.25271e+36
-2.11915e+36
9.07705e+36
-2.1547e+37
-4.18877e+36
-2.92291e+37
-2.1949e+32
-1.42063e+31
2.61306e+35
-1.36544e+31
-6.19859e+36
-1.51322e+38
-9.60299e+37
-1.35614e+31
-2.39864e+35
-1.80909e+31
-9.60451e+37
-1.80262e+31
-1.41811e+31
-1.08267e+31
-1.64847e+31
-2.5894e+36
-3.08153e+36
-1.97088e+31
-2.95756e+36
-1.51362e+38
-1.51345e+38
-1.51326e+38
-1.51406e+38
-1.07018e+37
-1.51256e+38
-1.51136e+38
-4.28445e+36
-2.49097e+36
-1.51429e+38
-2.10378e+36
-2.73644e+36
-1.51614e+38
-3.25992e+36
-2.77611e+36
-2.71106e+34
-2.00741e+36
-9.55272e+31
-2.704e+36
-1.89792e+31
-1.34687e+38
-2.48249e+37
-2.35033e+36
-3.18987e+36
-1.26157e+31
-1.51346e+38
-3.07392e+36
-3.26117e+36
-4.38904e+35
-5.71257e+35
-6.59698e+35
-1.51489e+38
-1.54361e+38
-2.36226e+35
-1.51076e+38
-1.51741e+38
2.08393e+34
-1.31064e+31
-1.5138e+38
-3.36841e+36
-1.51155e+38
-1.23408e+37
-3.68499e+33
-1.5142e+38
-4.21179e+36
-1.42587e+31
-4.0347e+32
-1.31488e+31
-1.33433e+31
-1.32464e+31
-1.3252e+31
-1.33635e+31
-1.20082e+31
-3.29758e+36
-5.72638e+32
-3.68787e+36
-1.27423e+34
-1.51399e+38
-1.24709e+31
-1.50597e+38
-5.43362e+37
-2.51306e+32
-2.768e+34
-2.73481e+34
-1.45663e+38
5.24001e+34
-1.33165e+31
-1.43507e+31
-1.43391e+38
-1.42918e+38
-1.43932e+38
-1.50446e+38
-1.50486e+38
-1.50509e+38
-3.16891e+34
-4.10052e+34
3.2486e+34
2.24647e+34
2.75386e+34
2.33419e+34
-4.00543e+31
-4.87312e+31
-4.87642e+31
-1.85446e+32
-5.31514e+31
-4.62314e+31
-5.2017e+31
-1.36873e+32
-1.24852e+31
-1.24317e+31
-9.06406e+30
-1.07391e+31
-1.15577e+31
-4.05805e+34
-7.47925e+33
-1.073e+34
-7.74068e+33
-1.76585e+34
-3.66227e+34
-1.24024e+34
-1.90038e+34
-7.01558e+35
-2.05745e+36
-2.07999e+36
-2.09232e+36
-1.73256e+31
-1.51339e+38
-1.73933e+31
-1.52946e+38
-2.55653e+32
-1.81342e+31
-1.52787e+38
-1.51318e+38
-1.51854e+38
-1.51339e+38
-1.51589e+38
-1.51014e+38
-1.48783e+38
-1.50499e+38
-1.51005e+38
-1.5108e+38
-1.51171e+38
-1.50768e+38
-1.50841e+38
-1.51043e+38
-1.50787e+38
-1.51792e+38
-1.51816e+38
-1.51635e+38
-1.51567e+38
-1.51905e+38
-1.51357e+38
-1.51228e+38
-1.51853e+38
-1.51339e+38
-1.36168e+38
-1.36238e+38
-2.04343e+36
-2.03112e+36
-2.07816e+36
-2.09343e+36
-2.13008e+36
-2.15412e+36
-2.68012e+36
-2.68131e+36
-3.12389e+36
-3.131e+36
-2.83534e+36
-3.09211e+36
-3.30784e+36
-3.31898e+36
-3.09423e+36
-3.31541e+36
-3.18229e+36
-3.3244e+36
-3.32066e+36
-3.15345e+36
-3.01036e+36
-2.93948e+36
-3.03727e+36
-2.94196e+36
-2.93111e+36
-2.88287e+36
-2.14423e+36
-2.25205e+36
-1.3528e+36
-1.65314e+36
-1.39102e+36
-9.04935e+35
-8.07457e+35
-7.8929e+35
-3.925e+35
-1.35236e+35
-1.47727e+35
-1.07414e+35
-1.00095e+35
-9.31257e+34
-8.63935e+34
-7.769e+34
-5.18316e+34
-4.73535e+34
-5.48349e+34
-5.21574e+34
-4.65448e+34
-5.22486e+34
-4.31921e+34
-4.35269e+34
-4.34008e+34
-3.69528e+34
-3.68303e+34
-3.8609e+34
-3.2055e+34
-3.38709e+34
-2.72945e+34
-2.25192e+33
-2.7306e+33
-2.24705e+33
-1.93879e+33
-9.07949e+37
-1.24963e+32
-1.2477e+32
-4.98272e+31
-4.98224e+31
-6.14712e+31
-2.69068e+31
-2.69346e+31
-2.68781e+31
-3.55188e+31
-2.03679e+31
-2.20094e+31
-1.33368e+31
-1.33239e+31
-1.33325e+31
-1.38324e+31
-1.32273e+31
-1.33518e+31
-1.3464e+31
-1.34636e+31
-1.33763e+31
-1.33766e+31
-1.3377e+31
-1.33205e+31
-1.33831e+31
-1.33231e+31
-1.33272e+31
-1.33129e+31
-1.31083e+31
-1.0578e+31
-1.27664e+31
-1.31105e+31
-8.89118e+30
-9.25893e+30
-9.50021e+30
-9.26542e+30
-1.21578e+31
-9.44158e+30
-1.32527e+31
-1.19167e+31
-1.11346e+31
-1.11297e+31
1.46431e+32
1.33336e+32
-1.76127e+32
1.89813e+31
-3.83519e+31
8.8891e+31
-1.90668e+32
-2.04461e+32
9.3429e+31
9.25366e+31
-1.33528e+32
-1.47374e+32
-1.51082e+32
-1.43456e+32
-3.71938e+32
-3.77867e+32
-3.72482e+32
-3.80684e+32
-7.63108e+32
-7.60897e+32
-4.0139e+32
9.97193e+31
-4.20494e+32
2.8855e+32
2.94829e+34
2.94487e+34
2.55704e+34
2.95017e+34
2.96936e+34
2.5556e+34
2.97871e+34
1.79318e+34
2.19398e+34
1.76709e+34
2.19653e+34
2.2001e+34
2.03369e+34
2.21284e+34
2.19682e+34
2.18618e+34
1.99554e+34
1.23112e+34
1.24727e+34
1.49887e+34
1.36227e+34
1.37832e+34
1.29047e+34
3.97424e+34
8.36488e+33
4.72239e+34
3.62323e+34
6.48867e+34
5.82493e+34
3.99683e+34
5.92842e+34
6.55062e+34
2.20103e+34
-4.49046e+34
-1.94471e+34
-7.45048e+34
-2.71313e+34
-2.10493e+34
-3.82667e+34
-3.82591e+34
-1.60342e+35
-8.37858e+34
-4.11564e+34
-1.70743e+35
-1.34054e+35
5.47077e+34
2.31311e+35
3.25256e+35
2.87024e+34
2.90816e+35
2.16634e+36
4.72797e+35
2.32793e+36
-1.01317e+36
8.37317e+36
-1.64873e+37
-1.72466e+37
-1.5086e+37
-1.84208e+37
-1.38082e+37
-8.89445e+36
1.71552e+37
-6.91168e+37
-3.4224e+37
-3.07577e+37
-3.8486e+37
-1.01188e+38
-1.19037e+38
-1.60695e+38
-1.38845e+38
1.57142e+39
-3.23207e+38
-9.59984e+37
1.58171e+39
-1.50147e+38
-1.54835e+38
-1.55209e+38
-1.52388e+38
-1.46573e+38
-1.52025e+38
-1.4721e+38
-1.54732e+38
-1.54655e+38
-1.47275e+38
-1.48913e+38
-1.48731e+38
-1.51064e+38
-1.50552e+38
-1.50597e+38
-1.50522e+38
-2.72225e+32
-1.51269e+38
-1.51266e+38
-1.51334e+38
-1.51348e+38
-1.51197e+38
-1.51444e+38
-1.51445e+38
-1.51178e+38
-1.51083e+38
-1.516e+38
-1.51211e+38
-1.51345e+38
-1.5186e+38
-1.36447e+38
-1.36385e+38
-1.31912e+38
-2.32475e+37
-3.08759e+36
-2.85418e+36
-2.18451e+36
-1.68886e+36
-1.38554e+36
-6.84856e+34
-3.99423e+34
-3.70906e+34
-2.86274e+33
-7.5945e+33
-2.26635e+33
-1.25294e+32
-6.16699e+31
-3.5606e+31
-4.99033e+31
-1.3316e+31
-1.33213e+31
-1.34622e+31
-1.34165e+31
-1.33817e+31
-1.09484e+31
-1.10627e+31
-9.25803e+30
-9.4062e+30
-5.10142e+31
-2.44249e+32
9.44808e+31
-2.37791e+32
1.02741e+32
1.03225e+32
-1.43962e+32
-4.06e+32
-3.61526e+32
-4.04114e+32
-5.10881e+32
-3.87112e+32
-5.02182e+32
2.96094e+34
2.9701e+34
2.95896e+34
1.77809e+34
2.01804e+34
1.27293e+34
1.9885e+34
2.18345e+34
1.47962e+34
2.90524e+33
1.07937e+34
5.07721e+34
5.47848e+34
4.13857e+34
4.99428e+34
-2.06458e+34
-5.73245e+34
-6.79613e+34
-1.63654e+34
5.90997e+33
3.03114e+35
2.9808e+35
3.84955e+35
3.51021e+35
2.39536e+36
3.45409e+36
2.27807e+36
-1.56409e+37
1.75309e+37
-7.31622e+37
-1.16442e+38
-1.30558e+38
-3.11787e+38
-1.03762e+38
1.57124e+39
-1.55484e+38
-1.51376e+38
-1.48969e+38
-1.49565e+38
-1.51829e+38
-1.94816e+37
-1.51782e+38
-1.50703e+38
-1.50585e+38
-1.4893e+38
-1.50697e+38
-1.51552e+38
-1.51252e+38
-1.51194e+38
-1.51194e+38
-1.51225e+38
-1.51015e+38
-1.51106e+38
-1.51148e+38
-1.51163e+38
-1.51148e+38
-1.51141e+38
-1.51143e+38
-1.51139e+38
-1.51188e+38
-1.51221e+38
-1.51218e+38
-1.51217e+38
-1.51267e+38
-1.51268e+38
-1.51283e+38
-1.51261e+38
-1.51244e+38
-1.51237e+38
-1.51248e+38
-1.51254e+38
-1.51217e+38
-1.51221e+38
-1.51235e+38
-1.51234e+38
-1.51368e+38
-1.5153e+38
-1.51451e+38
-1.51685e+38
-1.51697e+38
-1.51696e+38
-1.51365e+38
-1.51603e+38
-1.51223e+38
-6.66877e+36
-3.9405e+36
-3.06586e+36
-3.39848e+36
-3.3914e+36
-2.28169e+36
-2.21317e+36
-2.21178e+36
-2.15625e+36
-2.10719e+36
-2.11389e+36
-2.11348e+36
-2.07794e+36
-2.13013e+36
-3.09598e+36
-3.28882e+36
-3.29839e+36
-3.3573e+36
-3.39311e+36
-3.30149e+36
-3.38897e+36
-3.26926e+36
-3.47861e+36
-3.27229e+36
-1.93959e+36
-1.00265e+36
-8.5554e+35
-5.95141e+35
-5.59365e+35
-4.73966e+35
-5.38356e+35
-4.67722e+35
-3.79565e+35
-2.71631e+35
-2.9509e+35
-2.64927e+35
-1.77791e+35
-1.63023e+35
-2.08846e+35
-1.3899e+35
-1.26964e+35
-1.27275e+35
-1.12078e+35
-1.0163e+35
-1.05469e+35
-8.07725e+34
-8.19453e+34
-6.96923e+34
-6.65733e+34
-7.44851e+34
-5.70765e+34
-5.50965e+34
-5.44388e+34
-3.73201e+34
-3.46259e+34
-3.52299e+34
-2.2906e+34
-2.36221e+34
-2.36135e+34
-1.69673e+34
-5.45363e+32
-3.54487e+32
-3.35399e+32
-3.34029e+32
-3.34133e+32
-3.77735e+31
-3.01865e+31
-3.01646e+31
-2.49188e+31
-1.96604e+31
-2.3093e+31
-1.8142e+31
-1.93225e+31
-1.94206e+31
-1.79898e+31
-1.44648e+31
-1.39057e+31
-1.39221e+31
-1.44604e+31
-1.37948e+31
-1.34785e+31
-1.34943e+31
-1.34201e+31
-1.33526e+31
-1.33924e+31
-1.34398e+31
-1.33538e+31
-1.32772e+31
-1.32325e+31
-1.33831e+31
-1.32363e+31
-1.30526e+31
-1.29922e+31
-1.26684e+31
-1.27681e+31
-1.27511e+31
-1.14493e+31
-1.15186e+31
-1.19755e+31
-1.30621e+31
-1.32886e+31
-1.3107e+31
-1.20242e+31
-1.03143e+31
-1.06608e+31
-1.24948e+31
-1.27827e+31
-1.28847e+31
-1.32105e+31
-1.40051e+31
-1.90468e+31
-1.97826e+31
-9.07752e+37
-3.20072e+31
-1.98361e+31
-2.51948e+31
-3.29576e+31
-4.19113e+31
-7.95165e+31
-2.20324e+32
-2.22807e+32
-2.08136e+32
1.05353e+32
9.36496e+31
1.01465e+32
1.00198e+32
-2.32066e+32
-2.23635e+32
-2.23767e+32
-2.48379e+32
-2.25166e+32
-2.75929e+32
-5.28648e+32
-4.25282e+32
-8.11134e+32
-8.38666e+32
-7.39967e+32
-4.68638e+32
-6.19634e+32
-9.17873e+32
-5.96425e+32
-9.08428e+37
-5.12608e+32
2.95231e+34
2.55199e+34
-1.2368e+37
1.8711e+34
2.06216e+34
1.77921e+34
1.76915e+34
-1.23073e+37
1.87813e+34
2.00903e+34
1.64269e+34
1.46355e+34
8.89834e+33
9.08529e+33
1.05481e+34
1.47134e+34
-4.01678e+33
-6.15573e+33
-1.96141e+34
-1.99138e+34
-1.99291e+34
-1.51375e+34
-1.62649e+34
-1.58179e+34
-1.17681e+34
-1.41478e+34
-1.24941e+34
-1.0639e+34
-1.30726e+34
-1.92903e+34
-1.71301e+34
-3.43714e+34
-4.31439e+34
-6.18726e+34
-8.73426e+34
-8.5519e+34
-1.0812e+35
-8.33124e+34
-9.31006e+34
-1.01828e+35
-1.05727e+35
-1.47748e+35
-1.29511e+35
-1.28859e+35
-2.04271e+35
-3.09287e+35
-2.51794e+35
-6.3973e+35
-4.53031e+35
-1.22822e+37
-6.41476e+35
-1.68875e+36
-2.21284e+36
2.38073e+37
1.65607e+37
2.32397e+37
-1.54637e+38
-1.54168e+38
-1.54451e+38
-1.54952e+38
-1.54344e+38
-1.55325e+38
-1.54267e+38
-1.06226e+38
-3.1827e+38
-1.51455e+38
-1.23487e+37
-1.51413e+38
-1.51341e+38
-1.51456e+38
-1.51441e+38
-1.51343e+38
-1.51446e+38
-1.51462e+38
-1.77264e+31
-1.51416e+38
-1.51424e+38
-1.51423e+38
-1.51381e+38
-1.51342e+38
-1.51375e+38
-1.51371e+38
-1.51235e+38
-1.51354e+38
-1.51278e+38
-1.51261e+38
-1.51257e+38
-1.07667e+34
-2.15161e+31
-2.06326e+31
-3.14892e+36
-3.88509e+36
-3.16418e+36
-1.5125e+38
-1.51245e+38
-1.5125e+38
-1.51264e+38
-1.51163e+38
-1.51249e+38
-1.51261e+38
-1.513e+38
-1.51304e+38
-1.51318e+38
-1.5131e+38
-1.51315e+38
-1.51317e+38
-1.51312e+38
-1.51341e+38
-1.51322e+38
-1.51347e+38
-1.51317e+38
-1.5123e+38
9.71814e+33
-1.51319e+38
-1.51328e+38
-1.51318e+38
-1.51431e+38
-1.51702e+38
-1.51717e+38
-1.51689e+38
-1.51527e+38
-1.36278e+38
-1.1661e+38
-1.17206e+37
-6.22648e+36
-5.53948e+36
-5.52461e+36
-3.37266e+36
-2.99192e+36
-3.11443e+36
-3.12872e+36
-3.00286e+36
-2.75543e+36
-2.26266e+36
-1.40748e+33
-3.2581e+32
-5.85361e+32
-2.58378e+32
-1.19871e+33
-2.99912e+36
-3.01897e+36
-3.4817e+36
-3.12972e+36
-3.63047e+36
-3.57094e+36
-3.63476e+36
-3.59804e+36
-3.73285e+36
-3.69054e+36
-2.77025e+36
-3.39391e+36
-1.23203e+36
-8.86811e+35
-7.96686e+35
-7.36626e+35
-6.24836e+35
-5.30206e+35
-4.12994e+35
-4.42991e+35
-4.30838e+35
-5.05332e+35
-3.34318e+35
-2.97845e+35
-2.37899e+35
-2.45406e+35
-1.33267e+35
-1.2472e+35
-1.57196e+35
-2.13824e+35
-1.19158e+35
-1.01452e+35
-1.38883e+35
-8.29218e+34
-9.31027e+34
-5.85546e+34
-6.16647e+34
-5.62562e+34
-4.10805e+32
-7.60494e+34
-4.89773e+34
-4.72613e+34
-4.98941e+34
-4.18314e+34
-3.58531e+34
-3.50972e+34
-3.42659e+34
-2.51231e+34
-1.94662e+34
-1.82774e+33
-2.71173e+34
-1.31456e+34
-1.23486e+31
-1.27844e+31
-3.09969e+32
-3.33805e+32
-3.04299e+32
-5.05593e+31
-2.06255e+32
-8.17642e+31
-4.28435e+31
-3.8747e+31
-3.78066e+31
-4.30478e+31
-2.34384e+31
-2.74026e+31
-2.3049e+31
-2.21241e+31
-2.03414e+31
-1.92904e+31
-2.07752e+31
-1.84972e+31
-1.83057e+31
-1.82078e+31
-1.45114e+31
-1.43849e+31
-1.69244e+31
-1.72761e+31
-1.43881e+31
-1.3853e+31
-1.38342e+31
-1.34679e+31
-1.38053e+31
-1.37132e+31
-1.35988e+31
-1.35345e+31
-1.35168e+31
-1.35147e+31
-1.3558e+31
-1.35538e+31
-1.35587e+31
-1.33546e+31
-1.34084e+31
-1.34409e+31
-1.34869e+31
-1.31279e+31
-1.32532e+31
-1.31097e+31
-1.26946e+31
-1.30024e+31
-1.30712e+31
-1.27057e+31
-1.19254e+31
-1.25229e+31
-2.99678e+31
-3.24253e+31
-3.29023e+31
-1.3078e+31
-1.34827e+31
-1.34506e+31
-1.34081e+31
-1.31874e+31
-1.307e+31
-1.32085e+31
-1.32595e+31
-1.3239e+31
-1.3624e+31
-1.35884e+31
-1.35273e+31
-1.32353e+31
-1.36443e+31
-1.37421e+31
-1.37309e+31
-1.71135e+31
-1.42932e+31
-1.91958e+31
-1.84563e+31
-1.9761e+31
-1.87986e+31
-1.9166e+31
-1.92346e+31
-8.17956e+31
-3.9309e+31
-2.15511e+32
-8.27199e+31
-4.67657e+33
-2.42499e+32
-2.68198e+32
-2.52623e+32
-2.10078e+32
-2.98475e+32
-2.7674e+32
-2.24186e+32
-3.16396e+32
-8.83363e+32
-8.74647e+32
-1.54459e+33
-6.46109e+32
-1.85947e+33
-1.59175e+33
-2.92522e+33
-2.57983e+33
-2.99192e+33
-8.30376e+32
1.06638e+34
1.37179e+34
1.54637e+34
1.57646e+34
1.59102e+34
1.57488e+34
-1.59625e+37
-1.59935e+37
-7.91648e+36
-1.37484e+37
-4.96657e+33
-6.09462e+33
-3.99778e+33
1.04634e+34
-6.85571e+33
-7.36516e+33
-5.99398e+33
-7.39558e+33
-2.59891e+34
-2.76584e+34
-1.32477e+34
-2.78335e+34
-1.75076e+34
-1.3089e+34
-3.23018e+34
-3.40433e+34
-1.07807e+34
-3.25993e+34
-4.07786e+34
-3.74649e+34
-3.83954e+34
-5.19036e+34
-4.73442e+34
-1.7803e+34
-4.92637e+34
-7.20852e+34
-7.06736e+34
-7.55911e+34
-1.01082e+35
-8.70104e+34
-9.5447e+34
-9.15574e+34
-1.03703e+35
-4.70688e+33
-1.41778e+35
-1.27412e+35
-1.12651e+35
-2.25941e+35
-2.74421e+35
-1.3484e+35
-2.54405e+35
-1.48419e+35
-3.24561e+35
-2.99574e+35
-1.33516e+35
-4.38447e+35
-2.46119e+35
-5.56463e+35
-5.6617e+35
-5.7885e+35
-6.85487e+35
-8.95517e+35
-1.06192e+36
-4.64004e+35
-6.48437e+35
-1.62649e+36
-1.5179e+38
-2.06451e+37
-1.5127e+38
-1.50162e+38
-1.53365e+38
-1.5246e+38
-1.53631e+38
-1.51922e+38
-1.52976e+38
-1.53005e+38
-1.56729e+38
-1.87117e+38
-1.51945e+38
-1.51923e+38
-1.51877e+38
-1.51727e+38
-1.51492e+38
-1.51487e+38
-1.51493e+38
-1.51429e+38
-1.51422e+38
-1.51453e+38
-1.51423e+38
-1.51424e+38
-1.51421e+38
-1.5137e+38
-1.51405e+38
-1.51388e+38
-1.51393e+38
-1.51356e+38
-1.51369e+38
-1.51341e+38
-1.51372e+38
-1.51365e+38
-4.52997e+33
-6.27012e+33
-3.2328e+31
-2.52741e+31
-3.20623e+31
-3.11336e+31
-1.90097e+31
-1.90951e+31
-1.90212e+31
-3.06884e+36
-3.07721e+36
-1.47554e+31
-3.09224e+36
-2.97954e+36
-7.90534e+36
-6.61812e+36
-3.18263e+36
-3.49893e+36
-1.51291e+38
-1.51335e+38
-1.51278e+38
-1.51314e+38
-1.51699e+38
-1.51994e+38
-1.51634e+38
-1.519e+38
-1.40779e+31
-1.39191e+31
-1.43754e+31
-1.40483e+31
-1.36941e+31
-1.51332e+38
-1.51345e+38
-1.51323e+38
-1.51364e+38
-1.5137e+38
-1.51325e+38
-1.51374e+38
-1.5131e+38
-1.51384e+38
-1.51387e+38
-1.51383e+38
-1.51384e+38
-1.51441e+38
-1.51471e+38
-1.51338e+38
-1.51498e+38
-1.51683e+38
-3.08041e+36
-3.04176e+36
-3.03637e+36
-3.45245e+36
-5.52384e+33
-5.83268e+33
-5.16956e+33
-5.9981e+33
-3.1323e+36
-3.06246e+36
-3.1123e+36
-4.00492e+36
-4.04659e+36
-3.77218e+36
-3.71631e+36
-4.0908e+36
-3.68509e+36
-3.85641e+36
-3.70405e+36
-2.90138e+36
-2.91326e+36
-3.16116e+36
-9.97019e+35
-8.78032e+35
-3.20861e+35
-1.92718e+35
-1.25607e+35
-1.70093e+35
-1.18504e+35
-6.8539e+34
-9.45061e+34
-5.29281e+34
-5.43029e+34
-3.94959e+34
-3.3987e+34
-2.84138e+34
-2.72027e+34
-2.76936e+34
-1.51356e+38
-1.51343e+38
-4.07132e+32
-4.34027e+32
-2.99456e+32
-2.35825e+32
-2.03057e+32
-9.47282e+31
-4.16882e+31
-4.0671e+31
-3.99509e+31
-3.61208e+31
-3.39756e+31
-3.29487e+31
-3.17967e+31
-2.90574e+31
-2.06452e+31
-1.87762e+31
-1.83773e+31
-1.89171e+31
-1.95207e+31
-1.38607e+31
-1.74614e+31
-1.52515e+31
-1.35828e+31
-1.36263e+31
-1.37461e+31
-1.36266e+31
-1.34857e+31
-1.34827e+31
-1.3421e+31
-1.32244e+31
-1.35113e+31
-1.34937e+31
-1.33352e+31
-1.36483e+31
-1.34739e+31
-6.111e+33
-4.90521e+33
-5.03542e+33
-1.36885e+31
-1.37549e+31
-1.40116e+31
-1.36059e+31
-1.37849e+31
-1.44174e+31
-1.79593e+31
-4.41421e+33
-1.54764e+33
-4.11067e+33
-4.4752e+33
-4.83074e+33
9.70881e+33
-4.89549e+33
-1.5221e+34
-1.51774e+38
-1.52431e+38
-1.51839e+38
-1.51532e+38
-1.51831e+38
-1.51731e+38
-1.5171e+38
-1.51496e+38
-1.51531e+38
-1.51446e+38
-1.51413e+38
-1.51406e+38
-1.51426e+38
-1.51391e+38
-1.51372e+38
-1.36572e+31
-1.86325e+33
-4.56118e+33
-1.88883e+33
-3.05905e+36
-1.51368e+38
-1.39735e+33
1.03451e+34
-1.52119e+38
-1.04782e+33
-1.36091e+31
-1.36826e+31
-1.51587e+38
-1.51475e+38
-1.37588e+31
-1.47873e+31
-1.36913e+31
-1.36387e+31
-8.28363e+34
-5.40351e+32
-6.89297e+32
-3.64876e+32
1.52709e+34
9.07604e+33
-4.75034e+35
-2.79468e+35
-9.58347e+35
-1.57089e+38
-1.54498e+38
-1.53829e+38
-1.50607e+38
-1.51414e+38
-1.51365e+38
1.03314e+34
-3.14853e+36
-1.51319e+38
-1.51313e+38
-1.51681e+38
-2.04269e+35
-1.21542e+35
-1.51347e+38
-2.70019e+34
-2.22472e+34
-1.88847e+31
-1.44076e+31
-1.7237e+31
-1.36121e+31
-1.37892e+31
9.78619e+33
-5.55658e+33
-3.69307e+31
-4.53591e+31
-3.29931e+31
-2.75595e+32
-2.4346e+32
-2.66003e+32
-2.86958e+32
-1.4307e+34
-2.69853e+35
-2.44949e+35
-6.13601e+35
-1.51471e+38
-1.52736e+38
-1.52285e+38
-1.51392e+38
-1.51387e+38
-2.29555e+33
-4.04543e+33
-1.51675e+38
-2.09174e+32
-6.6128e+34
-1.88571e+35
-1.51392e+38
-4.97908e+35
-4.52687e+33
-1.42908e+31
-1.76631e+31
-1.51356e+38
-1.51365e+38
-5.64154e+33
-1.5063e+38
-1.50643e+38
2.003e+34
-4.65099e+31
-1.23725e+31
-1.51367e+38
-1.78803e+34
-3.90067e+34
-2.08652e+36
-1.514e+38
-1.52876e+38
-1.81653e+31
-1.51354e+38
-1.51402e+38
-3.12876e+36
-1.51462e+38
-2.90827e+36
-1.51477e+38
-3.94292e+34
-6.16504e+31
-1.34128e+31
-1.34126e+31
-9.25095e+30
-2.12636e+32
-1.39146e+32
-1.45682e+32
-3.64048e+32
2.19449e+34
3.90225e+34
-5.99732e+35
-1.07755e+34
-4.57837e+35
-2.62019e+35
-1.31946e+35
2.73878e+35
4.35136e+34
2.23816e+36
-1.69709e+37
-6.08323e+34
-1.28669e+37
-2.04088e+37
-7.14031e+37
-1.54983e+38
-3.58633e+34
-1.53569e+38
-3.34197e+34
-1.52026e+38
-1.50628e+38
-8.70386e+36
-1.47669e+38
-1.50547e+38
-2.67058e+37
-1.51346e+38
1.07284e+32
9.91574e+33
-5.58056e+33
-3.08328e+35
2.46897e+36
-1.59331e+38
-1.55925e+38
-1.50556e+38
-4.7972e+33
-1.51418e+38
-1.51851e+38
-1.51422e+38
-7.7518e+35
-9.26489e+34
-8.2512e+34
-1.88083e+31
-1.4429e+31
-1.38296e+31
-2.24373e+32
-5.83191e+32
-6.31907e+32
1.58235e+34
1.04947e+34
-1.91831e+34
-3.22878e+35
-8.99641e+35
2.45622e+37
-1.55207e+38
-1.53566e+38
-1.54697e+38
-1.5142e+38
-4.77523e+33
-1.5125e+38
-1.51363e+38
-3.15556e+36
-1.5133e+38
-4.11418e+32
-1.51316e+38
-1.5134e+38
-3.61142e+36
-2.81069e+32
-8.82e+35
-1.17676e+35
-7.3296e+34
-2.6008e+34
-2.06734e+34
-2.68559e+34
-4.55701e+31
-1.37962e+31
-1.37195e+31
-1.51048e+38
-1.51044e+38
-1.51065e+38
-1.51088e+38
-1.52559e+32
-1.3824e+32
-1.353e+32
-1.43199e+32
)
;

boundaryField
{
    Wall
    {
        type            zeroGradient;
    }
    Inlet
    {
        type            zeroGradient;
    }
    Outlet
    {
        type            fixedValue;
        value           uniform 0;
    }
    Empty
    {
        type            empty;
    }
}


// ************************************************************************* //
