/*--------------------------------*- C++ -*----------------------------------*\
| =========                 |                                                 |
| \\      /  F ield         | OpenFOAM: The Open Source CFD Toolbox           |
|  \\    /   O peration     | Version:  2312                                  |
|   \\  /    A nd           | Website:  www.openfoam.com                      |
|    \\/     M anipulation  |                                                 |
\*---------------------------------------------------------------------------*/
FoamFile
{
    version     2.0;
    format      ascii;
    arch        "LSB;label=32;scalar=64";
    class       Cloud<basicKinematicCollidingParcel>;
    location    "0.3/lagrangian/kinematicCloud";
    object      coordinates;
}
// * * * * * * * * * * * * * * * * * * * * * * * * * * * * * * * * * * * * * //

75
(
(0 0.434198 0.538265 0.027537) 494 67214 1
(0 0.0816312 0.272293 0.646076) 722 67387 2
(0 0.450994 0.379868 0.169138) 494 67214 1
(0 0.495975 0.0714877 0.432537) 494 67214 1
(0 0.459718 0.278579 0.261702) 722 67387 2
(0 0.671249 0.0896486 0.239103) 722 67387 2
(0 0.801857 0.169283 0.0288602) 11285 67327 1
(0 0.752018 0.0258189 0.222164) 455 67201 2
(0 0.543742 0.390422 0.0658365) 11278 67324 1
(0 0.80653 0.100176 0.093294) 11438 67359 1
(0 0.317147 0.646813 0.0360394) 722 67387 1
(0 0.570863 0.289258 0.139879) 492 67213 3
(0 0.420572 0.179945 0.399483) 726 67389 2
(0 0.45203 0.315084 0.232887) 496 67215 2
(0 0.227096 0.138599 0.634306) 636 67230 2
(0 0.169035 0.225158 0.605807) 11438 67359 1
(0 0.223026 0.267963 0.509012) 11285 67327 2
(0 0.839422 0.156132 0.00444507) 489 67212 2
(0 0.0389274 0.46666 0.494413) 616 67227 1
(0 0.111203 0.300219 0.588578) 465 67206 2
(0 0.730604 0.0844894 0.184906) 636 67230 1
(0 0.43435 0.484843 0.0808067) 500 67217 2
(0 0.322512 0.505289 0.1722) 467 67207 2
(0 0.163897 0.117509 0.718594) 11389 67353 2
(0 0.134658 0.356283 0.509059) 728 67232 1
(0 0.718319 0.281618 6.29627e-05) 614 67226 1
(0 0.911024 0.0645828 0.0243928) 11452 67365 2
(0 0.082478 0.390983 0.526539) 502 67218 1
(0 0.0568311 0.219112 0.724057) 502 67218 2
(0 0.0910886 0.510198 0.398714) 730 67233 2
(0 0.264986 0.550962 0.184052) 48 67196 1
(0 0.438616 0.155367 0.406017) 639 67231 2
(0 0.768561 0.221816 0.00962334) 610 67385 2
(0 0.163579 0.0579005 0.77852) 499 67216 2
(0 0.523805 0.441612 0.0345827) 730 67233 2
(0 0.527796 0.180626 0.291578) 461 67204 1
(0 0.215508 0.124509 0.659983) 626 67229 2
(0 0.409783 0.481348 0.108869) 730 67233 3
(0 0.620699 0.17001 0.209291) 730 67233 2
(0 0.368233 0.210656 0.421111) 499 67216 1
(0 0.453416 0.201587 0.344997) 11318 67335 1
(0 0.678867 0.236123 0.0850099) 730 67233 2
(0 0.544558 0.425998 0.0294446) 461 67204 2
(0 0.297024 0.12215 0.580826) 11376 67348 1
(0 0.51644 0.206039 0.277521) 461 67204 2
(0 0.26818 0.599298 0.132522) 11270 67320 1
(0 0.783233 0.0789472 0.13782) 977 67391 1
(0.111839 0.130089 0.199722 0.558349) 3604 16931 2
(0 0.918888 2.19123e-05 0.0810897) 78 67199 2
(0 0.641183 0.19714 0.161677) 4350 67296 1
(0 0.619262 0.33925 0.0414879) 11375 67347 1
(0.337994 0.351627 0.177225 0.133155) 522 2796 2
(0 0.840553 0.145406 0.0140414) 11270 67320 1
(0.0604876 0.22025 0.631423 0.0878399) 1548 2708 4
(0.403338 0.254655 0.148031 0.193976) 1099 6098 2
(0 0.16257 0.372976 0.464454) 1516 67245 1
(0.33297 0.189855 0.32886 0.148316) 5251 20937 2
(0 0.00409134 0.694758 0.301151) 11474 67372 1
(0.221128 0.05992 0.406122 0.312829) 1841 9405 3
(0.208993 0.0843041 0.261313 0.44539) 11558 6078 2
(0.0409366 0.00526735 0.653911 0.299885) 1820 9344 1
(0.41537 0.533078 0.0501653 0.0013869) 1796 517 2
(0.0401262 0.270557 0.207008 0.482308) 296 1600 1
(0.119282 0.0414251 0.236167 0.603127) 1464 8032 1
(0.780603 0.120332 0.095898 0.00316616) 11124 15224 1
(0.136468 0.20853 0.0589108 0.596092) 1777 4648 1
(0.124619 0.577693 0.254036 0.0436515) 251 1316 1
(0.177563 0.457615 0.302212 0.0626092) 740 4038 1
(0.41759 0.201305 0.137195 0.24391) 7345 1353 2
(0.504442 0.0759098 0.357264 0.0623844) 8784 30769 1
(0.420503 0.17386 0.110011 0.295625) 3102 15026 1
(0.32477 0.178459 0.00560382 0.491167) 1335 7368 2
(0.500324 0.0786024 0.416276 0.00479824) 3164 15394 1
(0.138105 0.0847376 0.390381 0.386776) 2919 13975 1
(0.159275 0.153456 0.547886 0.139384) 8119 29195 2
)


// ************************************************************************* //
