/*--------------------------------*- C++ -*----------------------------------*\
| =========                 |                                                 |
| \\      /  F ield         | OpenFOAM: The Open Source CFD Toolbox           |
|  \\    /   O peration     | Version:  2312                                  |
|   \\  /    A nd           | Website:  www.openfoam.com                      |
|    \\/     M anipulation  |                                                 |
\*---------------------------------------------------------------------------*/
FoamFile
{
    version     2.0;
    format      ascii;
    arch        "LSB;label=32;scalar=64";
    class       Cloud<basicKinematicCollidingParcel>;
    location    "0.3/lagrangian/kinematicCloud";
    object      positions;
}
// * * * * * * * * * * * * * * * * * * * * * * * * * * * * * * * * * * * * * //

75
(
(0.6 0.0468445 0.0496637) 494
(0.6 0.0451434 0.0533242) 722
(0.6 0.0469497 0.0479345) 494
(0.6 0.0472129 0.0447179) 494
(0.6 0.0470047 0.053401) 722
(0.6 0.0480191 0.0510945) 722
(0.6 0.0450717 0.0254787) 11285
(0.6 0.0399353 0.0250978) 455
(0.6 0.0438585 0.0259197) 11278
(0.6 0.0454799 0.0738663) 11438
(0.6 0.0495094 0.058347) 722
(0.6 0.0414065 0.031622) 492
(0.6 0.0470005 0.06867) 726
(0.6 0.047174 0.0304192) 496
(0.6 0.0380671 0.0749925) 636
(0.6 0.047066 0.077964) 11438
(0.6 0.0469246 0.0242001) 11285
(0.6 0.0503039 0.0258486) 489
(0.6 0.0363596 0.0735947) 616
(0.6 0.0343243 0.046326) 465
(0.6 0.0395377 0.0750649) 636
(0.6 0.0524217 0.0440649) 500
(0.6 0.0333858 0.0290501) 467
(0.6 0.0329092 0.0748014) 11389
(0.6 0.0538884 0.0562315) 728
(0.6 0.0313011 0.0500008) 614
(0.6 0.0545711 0.0735204) 11452
(0.6 0.0534268 0.0263974) 502
(0.6 0.0543589 0.0347946) 502
(0.6 0.0551503 0.0687127) 730
(0.6 0.0557944 0.047747) 48
(0.6 0.0303879 0.0770756) 639
(0.6 0.028785 0.0527145) 610
(0.6 0.0555762 0.0276175) 499
(0.6 0.0573485 0.0726628) 730
(0.6 0.0285449 0.0322936) 461
(0.6 0.0280385 0.0746451) 626
(0.6 0.0571991 0.0666869) 730
(0.6 0.057788 0.0707926) 730
(0.6 0.0574771 0.033757) 499
(0.6 0.0612921 0.0149395) 11318
(0.6 0.058099 0.0721334) 730
(0.6 0.0277272 0.0318316) 461
(0.6 0.0282426 0.0830803) 11376
(0.6 0.0275843 0.0295148) 461
(0.6 0.0318295 0.0140766) 11270
(0.6 0.0602087 0.0707548) 977
(0.597854 0.0705819 0.0183704) 3604
(0.6 0.0589146 0.0500003) 78
(0.600034 0.0495942 0.0888844) 4350
(0.6 0.0259525 0.0735025) 11375
(0.498834 0.0630575 0.035337) 522
(0.6 0.0303986 0.0133583) 11270
(0.500445 0.0690583 0.0253423) 1548
(0.480017 0.0505306 0.0283843) 1099
(0.600053 0.0379064 0.0106794) 1516
(0.560278 0.0665584 0.0971479) 5251
(0.6 0.0650718 0.0686098) 11474
(0.570369 0.0652596 0.0678837) 1841
(0.479434 0.04491 0.0300282) 11558
(0.559914 0.0645203 0.0666637) 1820
(0.54403 0.0607911 0.0651958) 1796
(0.538817 0.0695805 0.00369835) 296
(0.524457 0.0647817 0.0738921) 1464
(0.511754 0.0522449 0.07039) 11124
(0.527091 0.0631758 0.074326) 1777
(0.559647 0.0548029 0.0419262) 251
(0.593089 0.0497775 0.096444) 740
(0.574316 0.0569787 0.00397817) 7345
(0.540525 0.0566802 0.00251348) 8784
(0.50548 0.0470624 0.085254) 3102
(0.49806 0.0441731 0.0163219) 1335
(0.521119 0.0506365 0.0974895) 3164
(0.50023 0.0386787 0.0859215) 2919
(0.485621 0.0355829 0.00581547) 8119
)


// ************************************************************************* //
