/*--------------------------------*- C++ -*----------------------------------*\
| =========                 |                                                 |
| \\      /  F ield         | OpenFOAM: The Open Source CFD Toolbox           |
|  \\    /   O peration     | Version:  2312                                  |
|   \\  /    A nd           | Website:  www.openfoam.com                      |
|    \\/     M anipulation  |                                                 |
\*---------------------------------------------------------------------------*/
FoamFile
{
    version     2.0;
    format      ascii;
    arch        "LSB;label=32;scalar=64";
    class       vectorField;
    location    "0.3/lagrangian/kinematicCloud";
    object      U;
}
// * * * * * * * * * * * * * * * * * * * * * * * * * * * * * * * * * * * * * //


75
(
(2.67455 0.171243 0.0597681)
(2.67348 0.170643 -0.0614112)
(2.67455 0.171243 0.0597681)
(2.67455 0.171243 0.0597681)
(2.67348 0.170643 -0.0614112)
(2.67348 0.170643 -0.0614112)
(2.6903 0.235417 0.197069)
(2.86437 0.20902 0.109219)
(2.78968 0.235069 0.161035)
(2.6968 0.238919 -0.198916)
(2.67348 0.170643 -0.0614112)
(2.7299 0.147002 0.0457303)
(2.62451 0.152081 -0.0776917)
(2.61885 0.14832 0.0760539)
(2.87019 0.212676 -0.110434)
(2.6968 0.238919 -0.198916)
(2.6903 0.235417 0.197069)
(2.59854 0.221774 0.214832)
(2.84425 0.127227 -0.0135172)
(2.98774 0.130218 0.0454403)
(2.87019 0.212676 -0.110434)
(2.56292 0.169365 0.0613172)
(2.93644 0.0957769 -0.0111265)
(2.93568 0.171896 -0.0623445)
(2.56179 0.168384 -0.0641488)
(2.98786 0.129763 -0.042893)
(2.6197 0.221421 -0.225361)
(2.52607 0.151945 0.0936412)
(2.52607 0.151945 0.0936412)
(2.44363 0.120752 -0.0757804)
(2.44849 0.124081 0.0524846)
(2.92952 0.166402 -0.0534647)
(3.02047 0.0868594 -0.038684)
(2.43872 0.117404 0.0745383)
(2.44363 0.120752 -0.0757804)
(2.98664 0.0531553 -0.0296059)
(2.96216 0.115903 -0.0272314)
(2.44363 0.120752 -0.0757804)
(2.44363 0.120752 -0.0757804)
(2.43872 0.117404 0.0745383)
(2.32958 0.0757188 0.108775)
(2.44363 0.120752 -0.0757804)
(2.98664 0.0531553 -0.0296059)
(2.94296 0.131697 -0.0468925)
(2.98664 0.0531553 -0.0296059)
(2.90086 0.180584 0.0744588)
(2.36451 0.0986765 -0.0125815)
(1.588 -0.109299 -0.198899)
(2.44745 0.122474 -0.0559172)
(2.60489 0.207582 -0.057713)
(2.9577 0.111175 -0.0228185)
(-0.162015 -0.163745 0.438853)
(2.90086 0.180584 0.0744588)
(-0.158648 -0.0936414 0.403579)
(-0.559411 -0.554102 0.488783)
(2.81922 0.256712 0.0524692)
(1.46694 -0.0686165 0.0310423)
(2.30698 -0.00999809 0.0505104)
(1.81882 0.114081 -0.112939)
(-0.565138 -0.508153 0.439971)
(1.52827 0.117806 -0.227707)
(1.29484 0.208611 -0.342224)
(0.970863 0.114948 -0.0619196)
(0.487664 0.106585 -0.426339)
(0.537611 0.359148 -0.159583)
(0.749051 0.212686 -0.393981)
(1.76991 0.219471 0.0965205)
(2.01891 -0.225895 0.0429093)
(1.82853 -0.059064 -0.0335337)
(1.63179 0.670593 0.00895186)
(0.907152 0.832079 -0.108091)
(0.895096 0.903499 0.0590718)
(1.45932 1.38936 -0.015306)
(1.34266 1.16047 0.0199383)
(1.09678 1.95897 0.010303)
)


// ************************************************************************* //
