/*--------------------------------*- C++ -*----------------------------------*\
| =========                 |                                                 |
| \\      /  F ield         | OpenFOAM: The Open Source CFD Toolbox           |
|  \\    /   O peration     | Version:  2312                                  |
|   \\  /    A nd           | Website:  www.openfoam.com                      |
|    \\/     M anipulation  |                                                 |
\*---------------------------------------------------------------------------*/
FoamFile
{
    version     2.0;
    format      ascii;
    arch        "LSB;label=32;scalar=64";
    class       volScalarField;
    location    "5.2";
    object      p;
}
// * * * * * * * * * * * * * * * * * * * * * * * * * * * * * * * * * * * * * //

dimensions      [0 2 -2 0 0 0 0];

internalField   nonuniform List<scalar> 
2958
(
-44003.6
-33406.8
113282
-66930.9
-57692.7
112820
-30351.9
-48174.4
-77733.1
-53638.6
-41939
-43361
-50829.7
-43371.1
-46018.3
-43624.9
-45264.2
-50637.5
-43358.4
-47028.5
-41966.4
-42354.1
-35683.6
-67530.9
-50708.7
-45859.1
-51318.2
-75928.9
-48394.4
-42803.4
-45710.4
-156922
-38051.4
-92640
-41004.2
-50242.4
-43369.9
-41841.9
-48431.8
-49746.4
12919.8
-51021.7
-28205.5
-44768.8
-43361.9
51674.1
-41363.6
-48116.2
-56676.8
-132208
-43370.8
-43468.4
-73640.6
-42094.8
-43620.5
-53540.9
-62100.9
-59810.8
-44688.7
28255.6
-46854.5
-46056.2
-30830.8
-42971.1
-43382.3
-43362.3
-42192.6
-43649.6
88193.9
-59511.2
-46588.7
-43359.3
67343.5
-44973.3
-43276.1
-39085.6
-47264.4
-30633.6
-43317.1
-43215.7
-50584
-65837
-80371.9
-81927.8
-45729.4
-44290
-49330.6
-44431.7
-41312.4
-48443
-37943.9
-39814.6
-39784.2
-43351.5
-58085.4
-40126.5
-49719.3
-69201.3
-43374.4
-43366.7
-65838.1
-44706.4
-41440.8
-38309.2
-49817.5
-51090.8
-43356.7
-57227.1
-43447.2
-41711.1
-104129
-43427.8
-42875.1
-51776.7
-43368.3
-43357.3
-44060.2
-43675.4
-46899.1
-44149.6
-50115.3
-43360.3
-39980.5
-58144.5
-53041.1
-46440.1
-49811.9
-35733
-44313.4
-43326
-43100.8
-43335.6
-43767.3
-43370.6
-43301.1
-43374.6
-52934
-45396.2
-43367.1
-43372.9
-46362.2
-10415.7
-42189.6
-43452.1
-44676.3
-46088.4
-43198.7
-43365.2
-38083.2
-43365.9
-46961.6
-50251
-54506.6
-49838.6
-52056.4
-43446.8
-46724.5
-44195
-29911.8
-92909.7
-53396.8
-56739.3
-49549.4
-43366.8
-37759.9
-62821.2
-20300.8
-43343.4
-54253
52199.3
-146140
-43357.1
-45947.5
-31986.3
-43440.5
81822.1
-63646
-15620.3
-48934.5
86310.8
-106046
-33784.5
-49494.1
-133244
-30933.5
-41032.7
-28166.9
-43449.9
-41744.5
-60064.9
-42156.6
-49279.3
25119.2
-56699.7
-40571.3
-47880.5
-35334.3
-133802
-43300.1
-59439.7
-57017.8
-43365.3
-44066.4
-26146
-52705
-105992
-56707.6
-107509
-46350.4
-58951
-43372
-48421.1
-43349.7
-30209.6
-43364.6
-85548.3
-43002.9
-43388.6
-43385.7
-43371
-43297
-29610.9
-30538.9
-43848.6
-209124
-43298.2
-76888.9
-43390.8
-28442.2
-11377.9
-25154.6
-76314.8
-35377
-46182.2
-48269.4
-43282.8
-43448.1
-44330.4
-43474.1
-15667.9
-43511
-16554.7
-59755.8
-76076
-46215
-26571.9
-31941.6
-51593.3
-42663.2
-45219.1
-58146.1
-47945.8
-45012.4
-190724
-66539.1
-43822.3
-43436.6
-38813.1
-46343.2
-43176.4
-43789.7
-43556.8
165764
34691.2
-55764.1
-41522.2
-50002.2
-45543.1
-65359.1
-40533.3
-43369.1
-44537.6
-43723.7
-43357.9
-28475.3
-45523
-43470
-45330.9
-43354.4
-31824.7
-43368.7
-43471.6
-56018.9
-44942.4
-26292.9
-43369
-50484.3
-88723.3
-111212
-41985.3
-66951.3
-58726.4
-43365
-43365.2
-66984.1
104652
-43372.5
-43757
-43371.9
-60567.9
-55808.1
-52777.6
-38955.6
-85570.8
-46410.5
-66269.1
-75593.8
-43380.4
-43560.9
-44319
-43485.8
-44376.4
-42677.5
-43406
-27650.5
-208005
-71353.4
-30573.3
-42644.7
-45917.3
-44900.5
-48596.6
-45321.6
-53180.5
56648.7
-40550.6
-43397.9
-43378
-105776
-20016.8
-46606
-59758
-43358.8
-43367.3
201355
-43367.4
75171
-25426.2
77258
-43473
-44469.6
-30470
-37225.3
-47078.5
-43460.7
-25092.8
-43457.4
-36541.3
-45844.8
-45850.5
-85339.3
-54487
-165150
-48692.3
-40314.7
-43637.4
-43368.3
-45689.3
31731.7
-44749.2
-21367.5
-44525.7
-55123.9
185610
-49616.1
-120977
-30839.5
-88612.7
-61837.8
-212914
-43667.3
-54698.9
-43369.7
-57716.6
-43317.3
26320
-43469.5
-55891.8
-33033.9
-49421.9
-46803
-39311.3
-43071.1
-45467.5
-42751.7
-43552.6
-46449.5
-138745
-43575.4
-43251
-51478.6
-43360.5
-45793.3
-46434.2
-41938.5
146674
-19486.3
-43370.5
-43327.3
-35934.3
-44845
-43239
-44777.1
-64611.6
-43152.2
-44692.1
-36749.8
-44398
-44353.8
-45880.9
-46127.1
-50516.6
-42083.5
49831.8
-33869
-34897.9
-42576.8
-53350.3
-44781.3
-44792.2
-43362.2
-38742.3
-44041.6
-57505.9
-47992.5
-41814
-72099.9
-47959.8
-43873.4
-38050.5
-52127.9
-50116.9
74156.2
-49150.5
-55767
-49352.4
-44679.3
-54932.8
-46443.6
-43357
-46345.2
-46059.1
-43531.3
-49581.5
31546.1
-55069.1
-43648.2
-135823
-43478.9
-51491.7
-43419.5
-132386
-40480.3
-39050.3
-46060.5
-53731.9
-43367.9
-44054.9
-75198.1
-43371.1
-13238.3
-65944.9
-47630
-51629.4
-43691.4
-30607.6
19804.2
-39151.5
-43653.6
45682.2
-51881.1
-43361.7
-55912
92561.9
-43460.6
-47162.1
-39539.1
-47010.3
200787
-42120.3
-50481.5
-5471.77
-43380
-104159
-30026.6
-46080.4
-47223.3
-39847.9
91507.8
-43764.3
-16487.5
-27588.2
-59991.2
-45352.4
-49196.3
-43925.4
-61755.9
-43425.2
-43605.9
-43370.8
-49104.3
-43443.4
-43378.6
-45705.8
-50211.3
-43365.2
-75001.7
-40476.5
-52107.4
-48630.7
-43096.6
-43363.9
-44562.6
-43348.6
-43194.8
-43230.9
56739.4
-110747
-47679.3
-46578.5
-54669.1
-46662.9
-43976.5
-20121.1
-43549
-43626.8
-62899.4
-43312.3
-42113.7
-52720.7
-42113.6
-48455.8
22704
-43253.8
-51800.3
-30731.7
-59008.8
-18581.8
-46375.2
-42129.3
-44307
-43409.2
-43361.7
-43429.6
-43325.9
-51325.8
-41967.2
-36312.3
-43367.5
-17523.4
-43354.3
-43361.2
-35995.6
-40644.6
1.61528e+06
-48438.1
-44094
-43930.2
-43864.8
-86809.9
-44676
-39024.7
-42435.3
-44806.8
-44065.2
-43508.7
-43380.1
-43586.5
-14204.5
-43698.5
-41084.7
-44776.9
-43494
-43445.6
-45339.4
-56112.3
-43504.6
-55311.7
-43375
-49293.9
-35407.2
-27735.4
-39822
-39086.3
-46916.7
-42413.7
-43706.2
-43359.9
-31962.5
-56060.7
-43373.2
-43396.9
-46399.4
-63725.4
-41777.6
-104510
-49541.9
-88830
-44913.5
-63274.2
-43359.4
-45443.4
-43527.9
-45810.9
-19536.3
-44377.8
-114596
-60665.4
-45779.8
-43361.4
-43656.1
-130693
-43386.7
-43371.5
-42750.8
-55368.9
-28751.7
-37595.1
-43361.8
-51727.4
-43522.7
-63355.3
-44208.3
-73810.7
-45449.4
-43073
-50951.8
-44563.8
-43407.1
-43372.3
-49722.5
-43371.5
-46694.6
-43370.7
-57181.5
-42886.3
-46155.7
-14476.6
-48172.6
-26814.7
-43349.5
-41465.4
-110385
-46052.6
-44892.4
-114531
-31289.2
-43337.9
-42615.1
-43365.6
-43371.6
-50107.6
-72364.8
-82619.8
-49242.4
-45682.1
-32063.3
-46075.5
-101488
-212852
156798
-46324.7
-43302.1
-43448.2
-63680.3
-43370.2
-46256
-43465
-44756.1
-40616.8
-226159
-47976.6
-53654
-115072
35504.9
-48065.7
-43571.2
-48604.2
-43340.2
-43352.9
-48727.3
-43569.3
-43352.3
-74627.9
-43370.8
-44243.4
-33770.2
-43406.5
-45366.2
-37512.3
-65335.9
-47146.1
-46510.4
-46333.3
-43978
-44222.1
-85571.4
-44731.1
-44260.6
-43095.6
-43369
-45216
-42927.2
-51605.8
-45857.3
-41078
-58337.5
-80062.7
-55735.5
-44795.4
-123576
-45898.1
-46841.7
-44860.2
-45879.3
-53028.3
-57191
-43676
-36904.6
-47623.4
974.17
-43157.9
-44939.5
-49810.9
-43390.9
-43303
-43368.3
-181052
-30094.6
-43269.9
-46747
-104043
-50386.2
-41656
-6519.98
-55777.4
-41151.2
-31055.7
-41943.8
-33618.8
-43973.7
-53765
-165392
-45508.2
-44191
-44560.8
-50708.3
-29500.7
-18579.1
-53171.9
-69602
-108277
-43359.7
-89810.3
-44435.2
-45099.7
-43490.1
-45604.5
-109195
-39987.2
-43355.6
-43360.6
-43368.9
-50091.5
-43851.6
-43375.6
-43841.6
-43399.9
-50297.4
-42848.4
-44667.6
-44717.7
-107139
-46521.7
-43372
-43390.3
-76437.4
-47011
-43364.8
-43370.1
-32630.8
-43369.4
-66471.2
-46355.3
-45440.2
46098.2
-43672
-43329.8
-40631.1
-43964.4
-44428.5
-51213.3
-43926.4
-47378.9
85725.9
-55073.1
-43631.2
-42764.5
-45718
-44738
-25611.9
-43433.7
-45921.1
-57086.8
-44372.9
-75858.2
-45242.8
-37004
-31852.9
-87335.7
-44019.1
-31408.4
-52230.7
-43392.2
-39642.5
-47464.2
-47169.1
-44266.1
-18907.3
-78271.9
-50915.5
-43367.1
-50189
-28375.9
-43393.6
-49051.6
-43024.7
-46309.9
-47987.6
-47662
-29474.1
-44422.2
-44341.7
-104769
-44188.8
-39057.9
-80070.5
-43368
-87642.7
-41714.3
-48507.6
-45608
-43374.3
-40769.9
-43359
-42234.9
-45565.5
3801.51
-44610.7
-44582
-44836.4
-45217.4
-53932.7
-71554.7
-38816.6
-73049
-48220.5
-43455.4
-51863.3
-73535.4
-49845.1
-32280.1
-78167.8
-42583
-57781.7
4260.51
-42936.7
-39963.9
-44203.4
-39826.6
-57633
-43367.5
-39075.8
-118488
-75838.7
1.59999e+06
-184267
-43361.8
-40744.5
-43203.7
-43359.9
-43356.2
-43368.9
-118163
-44307.4
-129906
-45570.2
-48159
-42703.1
-45777.7
-112284
-43746.2
-46627.4
-43370.2
-35321.7
-56881.2
-43501.2
-51211.7
-45658.6
-54037.6
-17349.8
-164929
-43355.6
-39482.6
-45238.3
-62933.8
-46742.3
-56273
-39702.2
-43138.8
-50605.2
-29670.3
-42858.1
-197822
-57651.7
-129087
-56798
-54984.3
-42943.7
-41871.8
-144965
-32031.8
-41242.1
-43437.6
-41619.7
-45363.8
-26216.8
-40827.7
-36193.3
-40877.6
-42378.8
-55875.4
-42012.4
-40718.6
-42003.7
-42755.4
-43520.5
-46513.5
-42056.1
-45963
-44957.8
-46050.2
-43360.3
-43763.7
-64034.5
-53251.9
-53042.6
-55323.7
-76322.7
-42811.1
-53083
-76710.2
-30611.9
-96060.3
-53323.5
-41952
-30798.5
-39756.8
-30327.5
-43368.8
-43601.1
-52850
-42053.8
-203496
-43368.1
-46163.8
-88519.6
-38319.3
-44159.2
-53317.7
-32130.6
-44953.7
-75107.9
-43367.4
40683.6
-43358.7
-45436.8
-45981.6
-48682.2
-28274.7
-44481.6
-50608.7
-43362.5
-65259.2
-53035
-48606.4
-42977.6
-45011.8
-44492.6
-39968
-41876.7
-44918.1
-43908.2
187117
-68317.1
-44341.4
-51166.2
-59277.1
-48835.7
26120.8
-33801.6
-45427.5
34227.9
-44508.5
-53680.7
-47425.2
-44484.5
-44348.8
-45604.8
-42337
-22327.9
-48071.6
-43415.2
-105931
-73701.7
-43493
-43371.6
-68954.9
-51464.6
-7859.09
-43407.7
-51387.7
-107261
-79055.8
-31226.8
-45580
-43240.9
-44217.9
-72899.6
-64047.7
-43309.6
4307
-52918.8
-43797
-43359.8
-43383.9
-49467.5
-43366
-43477.2
-55059.7
-44060
-56525.6
-43467.2
-43369.1
-44397.9
-40387.3
-43598.9
-45460.2
-53148.2
-43361.9
-54664.5
-43425.9
-86701.5
-47341
-46601.6
-55327.6
-43360.2
-43467.2
-43371.7
-43375.1
-43365.4
-61140.2
-45236.4
-43890.5
-44626.2
-51071.5
-55159.7
-44153.2
-43455.6
-46000.2
-43375.1
-31492.8
-43443.4
-121313
-89626.8
-43368.1
-83791.6
-54583.2
-56616
-31211.4
-54117.5
-44655.7
-65231.8
-133504
-49667
-43141.3
-41805.5
-43197.2
-49967.2
-49461.8
-52182.2
-50373.9
188809
-52057.2
-49612.5
-43361.9
-23170
-48633.1
-53260.9
34424.6
-49881.2
1231.19
-46602.2
-43396.1
-109986
-52137.9
-44877.3
-43389.4
-55253.5
-43361.5
-43375.1
-43367.1
-43368.1
-37569.9
-66590.2
108371
-46793.8
-42791.6
-130679
-42399.6
-45289.4
-44050.5
-29937
-63226.5
-42519.2
-42030.4
-42697.3
-44542.3
-47974.8
-45261.1
-43362.8
-89081.4
-52606.9
-43695
-53468.9
-51598.8
-102746
-43053.1
-43359.3
-43265.5
-47396.7
-40632.8
-44876.2
-52356
-45094.6
-59785.9
-49315.9
-44036.9
-14769.1
-26546.4
-43529
-61865.5
-53941.4
-53761.6
-54193.1
-41411.4
-45444.7
-49972.9
-43476.9
-43356.2
-30126.7
-54107.4
-55913.2
-41821.4
-44143
-43512.1
46821
-43167.6
807.375
-42920.4
-43360.2
-44228.6
-630.504
-52121.4
-43395.1
-43497.2
-42997.4
-43285.4
-47085
-45496.1
-50899.3
1.30711e+06
-43366.4
-48960.7
-88400.2
-42950.8
-46365.2
-43102.9
-44346.6
-39875.9
-43367
-47044.7
172831
-45662.2
-45496
-47314.6
-43201.4
-43373.4
-43402.5
-43347.9
-63180.5
-106649
-43293.5
-42188.4
-18611.2
-44567.6
-113135
-43377.1
-38894.1
-39600.2
-44528.5
-36261.2
-50881
-54358.7
-45112.6
-56352
-42142.2
-41528.7
-43719.5
-69956.7
-43378.7
-56080.5
-43187.9
-47556.2
-43928.9
-43521.1
-35384.7
-48362.5
-43406.7
-43024
-52561.4
-43350.6
-43745.8
-42274.6
-49122
-43480.1
-48377.8
-41995.2
-50948.8
-29259.2
-48680.6
-42758.7
-32496
-43287.8
-42302.3
-49684.8
-44057.5
-44298.3
-50143.6
-43369.5
-43357.9
-32333
-31077.6
-43361.7
-41644.2
-46976.6
-45841.9
-6202.2
-44043.2
-56729.5
86204.8
-40784.2
-43275.4
-3409.23
-46840.5
-45473.5
-56317.8
-45749.9
-42252.2
-44480.8
-56749.7
-139789
-43214.6
-43582.3
-79288.8
-42661.7
-47319.8
-95731.2
-71581.1
-29397.5
45487.8
-108432
-48535
-56702.7
-52444
-44653.4
-54199.4
-51245.7
-45889.3
-44815.2
-43171.5
-44003.4
-43376
-42774.7
-44504.2
-44459
-42853.6
-70349
-57183.2
-68123.8
-42978.9
-43204.7
-44332.4
-49534.4
-43632.3
-46303.2
-53301.4
-47585.5
-46046.8
-43378.5
-56687.8
-26237.9
-43604.3
-42840.1
-46213.8
-29355
-46073.6
-75083.6
-44715.9
-40272.9
-43548
-45455.6
-42449.5
-75490.7
-178994
-44761.4
-42717.1
-42066.9
113704
-37651.4
-43045.8
149740
-43360.1
-74761.6
-43366.9
147935
-43378.8
-46377.6
1.33501e+06
-7439.91
-43384.4
-55977.8
-43372.2
-43129.5
-46931.5
-43361.3
59869.8
-42378.1
-43360.1
-43373.2
-55694.7
-63562.2
-43511.1
-43367.6
-46570.3
-51286.6
160140
-43344.7
-32273.5
-43311.2
-79283.3
-43363.7
-63383.8
158664
-43368.3
-94495.2
-67409.3
-45356.3
-56620.4
-51314.9
-44428
-192993
-43423.8
-57001.2
-43269.5
-41365
-43327.9
-44832.1
-43247.9
-59033.3
-37737.4
-54841.4
-44958.2
-30836.9
-46208.6
-44512.2
-133315
-49223.7
-46007.2
-41680.5
-43375
-43388.3
-46694.2
-64815.6
-50686.3
-85172.3
-45053.1
-43222.6
-43364.2
-87170.8
-88974.2
-49941
163386
-45836.7
-32899.6
-49158.3
-46627.9
-43359.6
-43352.3
-26327.5
-80559
78940.9
-40003.8
-39653.9
-80553.2
-50461.6
-47601.6
-58726.3
-43842.9
-43363.8
-86896.1
-43317.6
-44804
-47398.2
1.30519e+06
-43369.5
-44794.9
-47437.5
-42192.3
-43371.7
-48036.1
-122227
-65891.2
-43374.9
-55377.3
-59683.8
-43343.4
-43114.1
-43349.7
-43341.9
-43371.1
-43361.5
-15031.1
-48282.2
-54303.2
-51913.1
-50220.7
-38432.2
-47515.4
-43353
-43354.3
-43356.8
-52572.7
-40055
-43355.9
-42586.2
-217658
-43405.4
-46319
-51276
-202428
-26718.6
-78393.7
-29522.1
-61691.6
-98348.2
-44311.2
-49021.4
-45807
-43384
-49901.9
-45002.2
-42447.3
-43299
-82083.1
-49829
-44420.5
-43369.3
-48796.8
-37388.4
-44571.6
-46439.3
-39679.5
-44898.6
-43368.5
-43825.3
-41124.7
-44271.2
45010.5
-45849.9
-55736.4
-43469.7
-44225.4
-46214.1
-43761.7
-49201.6
-44411.6
32602.8
28169.9
-48429.8
76450.5
-42641.5
-46597
-50213
-36207.6
-43846.6
-47416.2
-42790.1
-44351.2
-39535.4
-42331.6
-43359.3
-72550.2
-46754.7
-58289.8
-43457
319714
-46213.4
66222.2
48257.6
-43540.7
-65348.4
75772.9
-49782
-43944
-43645.3
-43369.7
-46274.3
-43535.3
185368
1.60594e+06
-43751.5
-43368.9
-43494.3
323501
-45510.3
-46866.5
-51491.4
-43360.5
-44031.9
-44921.8
-46209.5
-14936.2
-44495.5
-43367.9
-44739.4
-43359.2
-46214.9
-46112.8
-47572.1
-43334.1
-43319.1
-43477.4
-43347.8
-63788.1
-38789
-53549.9
-57259.6
-120719
-57071.2
-52182.2
-43729.4
-63849
-55361.8
-33763.2
-45336.8
-43540.6
-42832.3
-43366.1
-21095.5
54933
-49617.6
-64110.9
-20825.9
-62434.4
-31731.1
135234
-37412.6
-43630.4
-44255
-42954.5
-44270
-43464.5
-43362.8
-43374
-45560
-50553.4
-43369.5
-43367.5
-40845.7
-69098.7
-43356.3
-126052
-46583.8
-42823.5
-42569.9
-53049
-51116.5
-200869
-52880.4
-53028.1
-41949.4
-55348.3
47630.2
75724.1
-43177.3
82366.6
-42965
-48115.9
-43871.9
-43562.1
-44560.7
-45261.6
-43362.7
-44625.4
-49574.8
-43358.8
-43364.4
-12268.7
-119635
-43363.8
-43732.1
-43364.6
-44089.2
-50969.2
-43576.2
-43872.8
-36956.7
-66037.1
-48960
-88831.5
-68021.8
-63516.9
-42509.8
-10142.4
-43771.2
-50842.2
-44114.8
-58929.7
-43343
-45180.4
-43352.8
-50188.9
-58531
-41864.4
-43044.8
-49729.7
-30790.2
-50987.1
-36113
-43347.3
-43347.4
-43351.5
-43331.9
-43330.5
-43326
-36062.9
-37558.5
-20773.2
13424.7
-14934.6
-12274.2
-77960.6
-104430
-92595
-48606.3
-106224
-78100.4
-98832.1
-56780.7
-1330.89
-1031.87
-19726.9
-214921
328804
-81840.3
-221709
-181998
-204753
-122880
-90134.1
-172311
-121366
-45172.7
-48039
-59192.8
-68128.6
-38484.1
-44481.8
-37923.2
-44175.1
-54555.1
-40284.6
-44223.1
-44732.6
-43399.6
-44561.5
-43544.7
-43364.6
-43355.8
-43378.3
-43368.4
-43369.2
-43365.5
-43386.3
-43369.8
-43453.6
-43385.3
-43637.9
-43673.9
-43445.9
-43603.5
-40412.7
-44419.2
-39908.6
-40586.7
-44433.5
-45781.2
-44528.3
-168967
-184797
-53514
-70740.2
-137616
-126642
-44794
-43046.8
-45383.5
-45585.1
-45315.5
-43455.8
-45488.8
-45294.4
-43931.8
-45369
-42738.1
-46546.8
-46398.5
-43608.8
-44104.3
-44426.3
-44645.1
-44491.7
-44399
-44327.4
-44562.2
-44637.3
-45302.9
-45042.6
-45289.6
-45653.2
-45925.8
-46712.8
-46207.9
-50044.1
-49929.8
-49760.6
-51994.2
-55199
-55478.9
-54687.7
-67379.2
-70157.2
-66875.3
-67925.3
-70053.7
-68304.5
-70302.6
-70821.7
-70764.3
-72378.1
-72230.2
-71376.9
-75435.2
-73364.1
-80044.8
-56096.5
-45652.3
-55416.4
-79282
-65284.3
-50723.2
-51074.8
-43826
-44397
-25799.1
-19047.4
-18344.8
-18463.7
-51539.6
-25952.1
-15235.9
48107
35830.7
45415.7
-17784.9
104946
31567.6
185435
186569
-62417.6
-54936.5
-56236.5
-24734.8
-21319.4
-24441.6
-24972.5
-80695.1
-121175
-130934
-44234.5
-49367.7
-1881.63
-19635.2
-23658.7
-28391.8
-41617.5
-35125.1
-42818.4
-9105.97
-24718.9
-23679.8
-26681.3
-28117.3
-54099.3
-33513.2
-31371
-52302.8
-48735.9
-48480.6
-53474.3
-52286.2
-42367.5
-42643.1
-45842.4
-42578.3
-112879
-97923
-94308.9
-46131.2
-80649.1
-65572.5
-57357.3
-40856.7
-56259.1
-41443.8
-25124.1
-22080.9
-104550
-21718.1
-19544.8
-104203
-21742.5
-38380.2
-30314.5
-39188.1
-30882.7
-30106.3
-22543.2
9124.44
6751.27
6008.52
-30737.4
-5445.92
-6226.58
-31630.4
-28649.8
-27681.8
-35266.4
-26747.6
-29743
-30501
-29754
-30826.8
-30389.2
-29816.1
-30658.8
-30851
-28020.4
-45310.5
-43059
-49670.9
-47565.7
-46172.7
-46873.4
-45924.7
-45224.9
-45671.3
-45384.3
-45734.3
-45279.2
-45754.4
-45321.9
-45254.7
-45849.6
-45292
-44753.4
-45018.5
-44777.2
-44974
-44443.9
-45837.7
-45563.6
-44178.5
-42753.5
-41919.4
-41810.8
-41079.9
-41339
-41805.7
-42103.4
-41800.3
-43438.1
-43401.3
-43278.4
-43586.6
-43871.7
-43123.1
-43550.6
-43913.1
-43486.3
-43476.7
-43241.5
-43460.3
-43393.4
-43340
-43435.3
-43203.3
-43189.2
-43419.6
-43360.4
-43357
-43338
-43352.4
-43352.1
-43351.8
-55021.1
-43364
-43365.9
-43372.9
-43374.1
-43375.1
-43361.6
-43360.9
-43375.6
-43367.9
-43584.1
-39414.1
-44562.5
-40136
-39892.2
-40636.7
-37986.4
-41887.1
-43287.8
-44334.3
-44536.1
-45153.5
-45339.6
-58881.9
-71215.6
-72607.3
-37060
-224317
-57437.4
-49981.8
-23454.5
-50801.4
-43840
28033.5
32369.4
189408
105459
-22716.1
-201407
-105697
-33568.7
-27885.4
-104474
-58654
-52764
-60148.5
-53942.8
-53436.3
-45748
-54515.5
-55020.3
-60093.2
-43745.9
-88975.2
-43861.3
-22512
-18670.6
-20250.9
-39180.9
-18211.4
-8007.1
-21452.8
-15784.9
-30882.4
-36463.7
-35299.5
-30663.6
-30852.2
-30054.7
-29971.4
-47530.6
-45744.1
-45316.2
-45078.2
-46376.1
-45353.1
-45437.1
-46351.3
-45319.5
-44808.2
-44858.9
-44773.2
-45789.7
-40919.4
-41888.4
-43767.7
-43590.8
-43016.8
-43617.8
-43907.3
-43225.2
-43478.4
-43516.1
-43536.7
-43379.8
-41964.8
-43341
-43359.7
-43352.7
-43360.3
-43357.6
-43376.3
-43360.6
-43376.6
-43367.8
-43373
-43367.4
-43366.2
-43367
-43367
-43367.2
-43367.3
-43368
-43367.7
-43371.3
-43371.5
-43369
-43370.4
-43370.7
-43369.7
-43372.4
-43368.9
-43387.1
-43388.2
-43391.3
-43398.1
-43388.5
-43395.5
-43473.2
-43398.6
-43479.6
-43566.4
-43502.2
-43371.7
-43327.2
-43374.5
-43237.3
-42919.5
-39789.8
-40694.9
-44999.6
-45823.5
-45916.5
-46057.7
-68381.8
-55207.9
-56290.8
-62088.7
-117843
-100568
-111875
-54072.2
-120724
-43655.2
-42371.3
-42652.7
-43611.7
-43477.6
-43203.7
-43166.4
-44229.2
-43549.8
-44291.1
-44555.6
-43382.6
-44057.8
-45176.8
-44710.4
-45256.3
-45067
-45003.2
-45499.3
-45430.4
-45608.8
-45378.5
-45034
-46315.7
-46188.8
-47091
-47454.4
-44745.4
-47230.3
-46611.7
-47569.1
-48337.8
-47908.4
-49747.2
-49865.8
-49822
-50599.2
-50531.3
-50532.9
-51022.1
-50948.6
-51161.2
-53440.7
-52096.1
-51243.3
-55816.7
-54066.6
-53169.2
-51444.4
-52893.2
-51262.5
-41941.2
-45957.2
-46802.1
-46475.8
-39021.6
-49069.9
-64204.9
-38382.4
-39743.8
-65231.8
-32002
-29203.1
-26613
-31279.1
-27491.5
28345.8
-18622.5
-104119
-88072.1
-108571
-69519.5
-88842.9
-72871.5
-64254.8
-22449.7
-68643.2
-58134.6
-48805.9
61176.2
-17157.1
-40460.3
-43102.9
-62071.1
-122218
-46716.1
-47073.5
-48002.5
-43224.5
-43375.6
-45192.4
-42296.4
-44367
-45180
-46247.3
-30869
-31660.8
-40225.6
-65337.2
-37953.8
-36235.6
-38121
-45249.2
-52148.5
-49875.9
-57329
-56257
-53540.6
-52424
-52937.7
-53077.5
-53087
-56665.2
-55627.6
-55281.6
-55276.1
-54279.8
-59284.9
-53516.2
-55160
-60252.2
-59889.3
-51559.8
-55666.2
-55079.4
-56447.6
-55442.1
-65290.2
-55941.3
-16344
-104785
-44090
-50885
-12803.1
-29666
-24458.7
-44113.6
-15021
-24261.5
-33920.1
-31911.1
-49934.9
-50836.2
-45026.2
-31663.1
-48504.2
-47498
-41536.3
-43149.8
-41481.3
-39784.7
-39857.9
-39712.3
-39584.3
-39874.2
-40211.1
-39644.4
-39837.5
-40067.8
-39494.1
-40818.2
-39918.6
-40519.5
-42475.8
-41497.5
-43901.4
-41950.8
-42268.7
-43125.7
-43635.8
-43215.5
-42975.9
-43233.6
-43345
-43433.9
-43354.2
-43974.8
-43649.6
-43905.5
-43545.4
-43324.3
-43439.3
-47415
-40902.9
-47739.9
-44488.5
-44608
-44507.7
-44290.9
-44397.8
-44184
-43448.9
-43363.4
-43057.8
-43383.5
-44289.9
-43336.6
-43270.6
-43363.3
-43344
-43338.7
-43346.9
-43341.4
-38324.7
-43353.3
-43351.3
-43353.7
-43360.2
-43353.6
-43350.4
-43377.9
-43366
-43371.4
-43360.7
-43375
-43376.6
-211698
-32795.9
-39325.2
-47456.6
-46936.2
-46589.1
-43371.5
-43371.6
-43372.6
-43371.3
-43367.1
-43368.7
-43368.5
-43369.2
-43366.9
-43369.4
-43374.3
-43372.7
-43373.3
-43368.1
-43366.7
-43381.5
-43372.6
-43372.7
-43394.5
-48696.3
-43383.2
-43385.2
-43390.3
-43436.4
-43445.1
-43386.3
-43399.8
-43533.9
-41604.5
-54344.5
-105402
-42926.2
-47170.8
-47344.4
-45768.3
-45148.6
-45843.6
-46137.2
-46126.4
-54844.2
-64268.8
-53930.9
-58522.8
-49038.4
-54888.6
-62167.1
-43805.3
-43177.1
-42941.3
-43907.6
-43658.1
-43992.5
-43841.4
-43971.4
-43115.8
-43775
-42297.8
-44294.2
-44124.9
-43574.5
-43431.8
-43881.8
-43563.9
-43158.4
-43443.7
-43461.1
-43409.8
-43272.6
-43564.8
-43914.9
-43142.9
-43329.9
-43650.9
-44162.9
-43540.6
-43241.3
-44107.2
-43015.6
-43613.5
-43937.9
-47938.5
-44193.7
-43607
-43963.3
-54110.2
-48703.3
-44352.1
-44358.6
-44464.2
-44360.7
-44395.6
-44515.8
-44286.5
-44535
-49789.8
-56719.4
-45815.9
-52023.1
-41328.4
-45008.2
-55272
-53078.8
-55554.6
-48855
-57965.1
-48437.7
-45945.4
-38710.8
-40781.4
-38612.2
-45480.9
-47229
-38887.5
-38501.4
-42014.9
-40976.2
-42055
-36448.5
-37922.3
-35892.3
-36344.8
-25846.2
-45410.1
-40139.8
-36507.5
-26185.4
-29578.2
27162.5
-24761.1
-2853.28
95949.1
17664.3
-51379.5
-49254.6
-43039.9
-47523.5
-36775.9
-51695
-47935.3
-51584.6
-52767
-54906
-53201.4
-50942.7
-65451.6
-52607.6
-58971.9
-42168.6
-115554
-86828
-38306.5
-45769.6
-47586.2
-48290.6
-48961.1
-48008.6
-47451
-46702.3
-46500.9
-46888.7
-46450.4
-46627.3
-45775.5
-44961.9
-43709.5
-45430
-34616.1
-44053.6
-44571.9
-36363
-42127.9
-34693
-34813.6
-33048
-38419.9
-38830.7
-39330.1
-50631
-53098.9
-56964.1
-51233.6
-51502
-54554.3
-55247.4
-54073.1
-54682.1
-54882.3
-55321
-54900.1
-54901.1
-54485.4
-54503.6
-53622.9
-51264.5
-54059
-56768
-52036.5
-52773.2
-52424.9
-50977.3
-50615.4
-49189.6
-43530.6
-28094.3
-48214.4
-37104.4
-73104.6
-73820.5
-63445.3
-86927.1
-50340.5
-51110.1
-48495.4
-41811.3
-49197.2
-47638.2
-50136.2
-45778.6
-39860.5
-43527.6
-45960.8
-43183.7
-39702.7
-39569.4
-41991.9
-42041.9
-39577.3
-42077.9
-42145.8
-42000.3
-42215.5
-42685.5
-42167.1
-39881.3
-42114.8
-42499.3
-42501.5
-42201.9
-42067
-42368.4
-42388
-43439.8
-43670.5
-51224.7
-42373.5
-41895.4
-42835.6
-42594.5
-42891.4
-43226.8
-42618.5
-43068.2
-42882.9
-42583.5
-43537.5
-43054.3
-43831.1
-43435.6
-43431.7
-42896.2
-43224
-43149.2
-43428.3
-44022.5
-43343.1
-43218.8
-43158.3
-114680
-43032.3
-42797
-44453.9
-43161.9
-44365.6
-42883.7
-43373.3
-43427.3
-43307.7
-43171
-43355.2
-43380
-43363.3
-43348.8
-43334.4
-43342.7
-43342
-43351.4
-43354.8
-43352.7
-43358.3
-43353.6
-43357
-43359.6
-43352.4
-43362.1
-43351.9
-43378.2
-43360.6
-43372.9
-43366.2
-43361.3
-55376.3
-52057.6
-43909.3
-34796.8
-41392.2
-42369.7
-39695.6
-42879.7
-41748.7
-46411.2
-46094.4
-40755.7
-45684.7
-46582.8
-63408
-45620.7
-47666.6
-47023
-43363.6
-43369.1
-43372.9
-43367.9
-43368.5
-43137.7
-43384.5
-43089.4
-38101.8
-42262.5
-48388.1
-39037.6
-18709.3
-43373.3
-43369.8
-43367.4
-43369
-43362.7
-43378.8
-43359.4
-43377.3
-43364.9
-43360.9
-43364.9
-43366.9
-43355.5
-43356.2
-43383.4
-43378.9
-43394.2
-46127.2
-46636.8
-46161.6
-47347.9
-52583.7
-51653.5
-51222.9
-50074.9
-44053.4
-46136.8
-45101.7
-43497.3
-43584
-43767.1
-43917.5
-43763.7
-43753.1
-43252.4
-43733.8
-42313.4
-42353.4
-43522.7
-43398.5
-43170.9
-43488.1
-41797.6
-42226
-41004.6
-42810.4
-42446
-43134.3
-41696.5
-44355.3
-42125.4
-41948
-44978
-43656.8
-45418.9
-43365.5
-43367.1
-56330.7
-56247.3
-55771.2
-56075.1
-53880.5
-54399.9
-45530.2
-44882.7
-47554.3
-45251.1
-44187
-44897.6
-43620.7
-42891.9
-39533.1
-37254.3
-35454.7
-40469
-38814.6
-40992.8
-38230.9
-40025.5
-53744.5
-46429.2
-54988.1
-45333.8
-50822.7
-48937.1
-50923.7
-49848.4
-48885.5
-48455.6
-46503.4
-47555.7
-47779
-50603.6
-51080.4
-51334.3
-47475
-44559.8
-46198.5
-50739.3
-41467.6
-39610.3
-36489.5
-53903.8
-54392.4
-55079
-49830.6
-52886.3
-53295.7
-51638.3
-48458.3
-43463.8
-43390.6
-43393.5
-43395
-43362.2
-43372.6
-43354.7
-43339.5
-43358.5
-43349.7
-43354
-43360
-43354.2
-43354.5
-43366.4
-14825.3
-54148.9
-55594
-56300.4
-46360.6
-43367.3
-55070.9
-52969.5
-43010.7
-58696.6
-48285.4
-47517.4
-43362.6
-43372.9
-47331.8
-39934.2
-45462.3
-45151.3
-48408.6
-55403.5
-50780.6
-53659.2
-30763.3
-51868.1
-44091.5
-43664.9
-43332
-44294
-44167.6
-43475.7
-43354
-43352.4
-43386.7
-47735.2
-47429.9
-43382.8
-43385.8
-43368.1
-44830.9
-43502.2
-43370.7
-45325.3
-45450.8
-37778.9
-46841.3
-36655.6
-38514.8
-24236
-51834.8
-52104.6
-44092.4
-48191.1
-40023.8
-54480.8
-54449
-55103.4
-53159.7
-47036.1
-42645.5
-42726.1
-43454.8
-43349.2
-43361.7
-43397.7
-43355.6
-43366.3
-54045.3
-52300.7
-43409.8
-53998.9
-42132.1
-41800.3
-43351.6
-42701.4
-53697.7
-38640.3
-34558
-43373
-43371.7
-49894
-43330.5
-43325
-19954
-124368
2938.13
-43362.8
-117361
-83483.5
-61274.5
-43355.9
-44116.8
-38518.8
-44413.5
-43896.9
-45438
-43350
-44337
-43346.3
-71626
-24636.6
85184.4
78521.2
-11704.2
-48380.4
-45652.8
-45838.6
-46715.2
-2049.14
-29420.6
-43060.2
-46958.3
-42689.1
-42604
-45047.4
-45224.7
-46082
-44746.4
-43476.2
-41888.4
-41827.3
-41887.5
-41539.1
-43107.8
-42115.8
-43508.1
-42109.1
-43362.5
-43318.8
-41858.6
-43440.5
-43352.2
-41944.8
-43373.9
-53892.2
-45245.2
-51499.8
-43368.5
-44802.4
-43542.2
-44403.3
-43352.5
-51559.1
-43355.4
-43230.5
-43708.3
-43619.7
-48596.9
-49070.8
-39692.2
-30660
-33807.5
-55474.5
-50189.6
-52625.4
-32826.1
-45150
-40212.2
-43601.7
-43339.8
-47799
-44345.2
-43322.9
-43200.6
-43353.7
-51414.7
-43367.5
-43380.9
-47107.6
-43367.5
-55724.2
-43368.8
-43380.2
-43460.6
-55449.1
-43618.4
-43951.8
-44032.2
-45627.5
-47553.4
-45775.5
-44743.9
-24877.2
-11148.2
-43366.5
-43366.5
-43366.4
-43367.7
-45330.9
-45933.9
-45797.4
-45937.7
)
;

boundaryField
{
    Wall
    {
        type            zeroGradient;
    }
    Inlet
    {
        type            zeroGradient;
    }
    Outlet
    {
        type            fixedValue;
        value           uniform 0;
    }
    Empty
    {
        type            empty;
    }
}


// ************************************************************************* //
