/*--------------------------------*- C++ -*----------------------------------*\
| =========                 |                                                 |
| \\      /  F ield         | OpenFOAM: The Open Source CFD Toolbox           |
|  \\    /   O peration     | Version:  2312                                  |
|   \\  /    A nd           | Website:  www.openfoam.com                      |
|    \\/     M anipulation  |                                                 |
\*---------------------------------------------------------------------------*/
FoamFile
{
    version     2.0;
    format      ascii;
    arch        "LSB;label=32;scalar=64";
    class       vectorField;
    location    "0.9/lagrangian/kinematicCloud";
    object      U;
}
// * * * * * * * * * * * * * * * * * * * * * * * * * * * * * * * * * * * * * //


150
(
(3.3661 0.980657 -0.137144)
(2.94803 0.836428 -0.130362)
(3.3661 0.980657 -0.137144)
(3.29826 0.949605 -0.12925)
(3.38946 1.01114 -0.148343)
(3.31997 0.971312 -0.160791)
(2.92876 0.85136 -0.174343)
(3.29826 0.949605 -0.12925)
(1.75058 0.687451 -0.122151)
(2.37675 0.736107 -0.147036)
(2.97681 0.875322 -0.194304)
(2.92876 0.85136 -0.174343)
(1.75058 0.687451 -0.122151)
(2.92876 0.85136 -0.174343)
(2.37675 0.736107 -0.147036)
(2.38393 0.690828 -0.212071)
(2.38393 0.690828 -0.212071)
(1.67897 0.621903 -0.132605)
(2.97187 0.677636 -0.147569)
(1.67897 0.621903 -0.132605)
(1.67897 0.621903 -0.132605)
(3.17555 0.753196 -0.13505)
(1.75058 0.687451 -0.122151)
(2.38393 0.690828 -0.212071)
(1.67897 0.621903 -0.132605)
(2.45825 0.707185 -0.239494)
(2.45825 0.707185 -0.239494)
(2.30285 0.64571 -0.182904)
(1.84553 0.530197 -0.271529)
(1.75058 0.687451 -0.122151)
(0.948637 0.557566 -0.122604)
(2.43858 0.795117 -0.105396)
(1.75058 0.687451 -0.122151)
(0.0277709 0.0105173 -6.66587e-06)
(3.37267 0.918734 -0.0618854)
(3.89604 1.11123 -0.0720263)
(3.61291 0.909818 -0.0435284)
(3.61291 0.909818 -0.0435284)
(3.9804 1.11238 -0.0498401)
(3.6825 0.950764 -0.102282)
(3.85864 1.10329 -0.0748578)
(3.59614 0.701201 0.109519)
(2.98139 0.875272 -0.08305)
(4.01015 1.07708 -0.0279511)
(3.96449 1.11602 -0.00666902)
(3.68845 1.10374 -0.105256)
(4.00251 1.10864 -0.043078)
(3.88838 0.903163 -0.105789)
(3.63892 0.866775 -0.187147)
(3.40839 0.527191 0.117316)
(3.88838 0.903163 -0.105789)
(4.02484 1.06389 -0.0146322)
(3.63892 0.866775 -0.187147)
(3.63431 1.04877 -0.100943)
(3.7904 0.984497 -0.179747)
(3.7904 0.984497 -0.179747)
(2.51891 0.199698 -0.338036)
(2.63694 0.527707 -0.361186)
(3.963 0.997971 0.00266195)
(2.98139 0.875272 -0.08305)
(2.98139 0.875272 -0.08305)
(3.71487 0.854535 -0.028074)
(3.46013 0.699513 -0.19477)
(3.37267 0.918734 -0.0618854)
(-0.013818 -0.00242959 -5.42286e-05)
(3.61291 0.909818 -0.0435284)
(3.71487 0.854535 -0.028074)
(3.88838 0.903163 -0.105789)
(3.40465 0.446638 0.107835)
(2.55542 0.260979 -0.339311)
(2.55542 0.260979 -0.339311)
(3.24571 0.477645 -0.236584)
(-0.0343471 -0.00622724 -4.80734e-05)
(0.177234 -0.0132608 -0.00230791)
(1.5486 -0.556558 0.0806732)
(2.22566 -0.412534 0.130601)
(2.98139 0.875272 -0.08305)
(3.34385 0.97898 0.136657)
(3.34385 0.97898 0.136657)
(2.39416 0.786804 0.108762)
(3.34385 0.97898 0.136657)
(2.33201 0.729534 0.149448)
(2.33201 0.729534 0.149448)
(3.34385 0.97898 0.136657)
(2.90347 0.848123 0.174163)
(2.82414 0.807783 0.15816)
(2.33201 0.729534 0.149448)
(2.82414 0.807783 0.15816)
(2.82414 0.807783 0.15816)
(1.6998 0.677528 0.121041)
(2.35364 0.686117 0.210973)
(2.35364 0.686117 0.210973)
(1.62564 0.615569 0.128565)
(2.86777 0.82436 0.205674)
(1.6998 0.677528 0.121041)
(1.6998 0.677528 0.121041)
(2.2731 0.640713 0.180948)
(2.2731 0.640713 0.180948)
(2.30603 0.455231 0.19748)
(2.71116 0.588233 0.143684)
(1.6998 0.677528 0.121041)
(0.898376 0.548579 0.117049)
(2.2731 0.640713 0.180948)
(1.62564 0.615569 0.128565)
(0.898376 0.548579 0.117049)
(1.55667 0.171274 0.090881)
(1.55667 0.171274 0.090881)
(2.47702 0.504759 0.161603)
(2.39416 0.786804 0.108762)
(2.52437 0.552874 0.272212)
(3.07664 1.36179 0.0841277)
(1.04005 -1.13205 -0.0531731)
(-0.201565 0.170678 -0.224493)
(3.34529 0.915928 0.0699374)
(3.79468 0.894987 -0.0781939)
(3.87012 1.15613 0.0641567)
(3.9761 1.11993 0.0463652)
(3.34529 0.915928 0.0699374)
(3.88549 1.1161 0.0696481)
(3.9761 1.11993 0.0463652)
(3.34529 0.915928 0.0699374)
(3.87012 1.15613 0.0641567)
(3.87012 1.15613 0.0641567)
(2.94484 0.869541 0.0899729)
(3.84727 1.10733 0.0722492)
(2.94484 0.869541 0.0899729)
(3.70713 0.859212 0.033964)
(3.83045 0.952207 0.101136)
(3.67175 1.10613 0.10401)
(3.35352 0.909408 0.115403)
(3.88644 0.913899 0.103586)
(3.56045 0.788725 0.194525)
(3.61634 1.04947 0.0994674)
(2.5702 0.309145 0.350363)
(3.78422 0.982235 0.178412)
(3.34529 0.915928 0.0699374)
(3.88644 0.913899 0.103586)
(2.57895 0.361105 0.352917)
(3.61685 1.07718 0.116293)
(2.5702 0.309145 0.350363)
(3.70713 0.859212 0.033964)
(3.24765 0.472796 0.240365)
(2.463 0.125201 0.338081)
(3.24765 0.472796 0.240365)
(2.35504 0.0522297 0.351102)
(2.93786 0.165501 0.323186)
(2.62763 0.523487 0.360688)
(3.08498 0.193356 -0.082606)
(3.13255 0.180851 -0.0459071)
(2.30535 -0.397986 -0.0375298)
)


// ************************************************************************* //
