/*--------------------------------*- C++ -*----------------------------------*\
| =========                 |                                                 |
| \\      /  F ield         | OpenFOAM: The Open Source CFD Toolbox           |
|  \\    /   O peration     | Version:  2312                                  |
|   \\  /    A nd           | Website:  www.openfoam.com                      |
|    \\/     M anipulation  |                                                 |
\*---------------------------------------------------------------------------*/
FoamFile
{
    version     2.0;
    format      ascii;
    arch        "LSB;label=32;scalar=64";
    class       volScalarField;
    location    "5.1";
    object      p;
}
// * * * * * * * * * * * * * * * * * * * * * * * * * * * * * * * * * * * * * //

dimensions      [0 2 -2 0 0 0 0];

internalField   nonuniform List<scalar> 
2958
(
-209864
-207496
-103036
-232793
-231766
-103568
-197677
-212599
-292799
-218610
-207922
-205790
-215783
-205799
-211131
-209456
-214883
-215592
-205798
-212816
-204588
-210318
-199942
-234829
-215670
-211601
-224457
-237810
-213171
-208648
-211463
-307030
-201376
-294838
-204663
-215520
-205799
-204465
-213457
-216799
-156465
-216445
-195738
-210578
-205790
-156363
-207265
-270345
-222558
-277981
-209244
-215244
-239624
-207885
-209479
-218398
-226374
-224857
-210543
-144819
-212683
-211904
-195666
-208786
-205806
-205796
-207970
-216605
-112788
-223385
-216580
-205789
-78656.7
-210812
-205700
-205929
-213062
-195485
-205765
-209096
-215553
-271041
-241808
-243319
-211574
-209935
-217552
-210070
-214921
-209531
-201909
-213088
-205740
-205797
-229659
-205815
-215543
-234874
-205802
-205795
-231806
-210559
-207082
-211993
-211230
-213258
-205786
-223159
-205843
-207386
-269997
-209304
-205342
-216619
-205797
-205790
-209709
-209548
-215457
-210013
-215568
-205789
-205883
-231124
-218267
-212271
-216188
-211285
-210154
-205782
-205572
-205765
-209641
-205801
-205749
-205802
-217729
-211241
-205797
-205801
-212170
-175307
-204767
-205842
-210524
-217257
-205643
-205793
-213772
-205794
-212748
-216062
-219260
-212359
-217551
-205872
-207598
-210059
-196216
-260685
-218818
-221430
-215230
-205795
-205261
-226133
-185984
-205782
-219452
-159183
-340618
-205786
-207867
-203178
-205863
-88174.7
-238917
-190534
-211832
-114420
-250376
-209695
-214621
-299143
-204857
-212845
-201871
-205844
-207063
-226090
-208588
-220705
-175320
-222499
-213678
-212738
-209564
-320924
-209170
-227549
-222043
-205798
-209928
-200762
-217537
-269603
-219312
-271049
-214849
-224830
-205800
-209490
-205783
-206175
-205795
-56909.5
-208834
-205808
-205807
-205799
-205744
-200409
-196920
-214439
-374892
-209165
-238721
-205810
-209268
-169287
-195932
-267899
-211646
-217019
-213065
-205734
-205851
-210196
-205865
-181366
-205896
-182252
-225546
-237919
-211940
-193238
-199476
-216481
-208603
-211063
-222832
-213318
-210743
-317328
-232408
-216740
-209290
-214284
-212137
-211386
-209639
-205645
-38239.4
-138978
-219626
-207328
-214347
-211444
-226818
-203193
-205798
-214180
-209563
-205786
-204626
-211412
-205850
-217993
-205791
-205206
-205798
-205943
-219756
-210575
-196302
-205797
-213155
-254536
-277052
-207925
-234362
-227857
-205794
-205794
-230502
-92027.3
-205800
-209598
-205800
-225106
-220851
-228642
-214362
-46792.1
-212266
-237001
-240824
-205513
-209321
-210138
-205863
-210213
-208568
-205816
-201811
-373774
-178965
-197269
-211079
-211816
-219676
-215315
-211055
-226357
-151320
-203207
-209276
-205729
-271681
-191075
-212787
-224441
-205788
-205797
-61765.6
-205797
-90660.3
-193671
-88573.7
-205856
-210090
-203874
-218710
-217793
-205850
-196058
-205849
-200069
-212495
-211819
-246937
-219357
-357761
-214568
-213819
-209448
-205798
-211407
-163973
-210580
-192329
-210375
-220974
-41483
-215240
-321949
-197546
-254431
-227665
-365732
-211392
-229400
-205798
-223528
-209161
-128434
-209330
-221861
-217695
-218241
-212650
-205184
-205544
-211187
-209941
-205729
-212362
-329003
-205334
-205694
-216574
-205794
-207860
-216433
-207745
-19017.2
-190597
-205799
-205767
-226929
-210693
-209094
-214982
-230527
-209021
-210536
-210142
-210034
-210218
-212459
-211924
-215492
-208043
-111235
-207911
-225480
-221070
-218157
-210591
-210604
-205791
-205599
-208555
-222331
-213357
-204119
-244358
-213373
-209735
-211226
-228668
-214256
-68565.2
-216066
-221493
-219754
-209142
-221974
-212288
-205793
-215442
-217308
-209405
-215110
-169666
-215884
-205931
-327510
-205888
-221449
-205846
-283147
-204032
-212191
-211896
-218287
-205797
-209887
-163366
-205799
-179566
-231964
-213401
-217146
-209499
-197441
-220046
-205468
-209475
-148755
-217328
-205791
-220961
-129815
-209262
-217541
-205469
-218681
-61553.4
-207910
-215463
-186527
-205805
-248903
-203646
-211892
-212738
-205815
-148093
-209642
-197397
-199050
-225836
-211082
-224664
-209733
-226074
-205829
-205954
-205827
-220006
-205838
-205804
-211647
-214800
-205795
-240219
-214100
-217928
-214467
-205495
-205798
-210416
-205785
-209074
-209110
-177787
-268624
-216200
-212517
-213169
-214511
-209851
-198462
-209411
-209462
-233944
-205465
-207914
-218579
-207914
-209517
-131857
-205707
-212472
-197373
-227297
-186041
-212206
-207915
-209703
-209142
-205791
-209095
-205829
-212023
-207770
-200397
-205797
-192379
-205776
-205792
-210829
-207612
1.19355e+06
-214147
-209587
-209800
-209703
-243385
-210452
-212717
-208336
-210654
-209909
-209378
-205805
-209402
-179896
-209563
-207988
-210603
-205868
-205823
-207386
-227596
-205887
-219203
-205802
-214965
-211026
-200852
-206251
-212757
-212747
-204926
-205972
-205791
-206899
-221107
-205801
-205813
-211977
-226285
-204100
-259667
-213729
-247042
-210714
-224453
-205788
-211206
-205705
-211750
-198096
-210230
-272605
-224383
-206184
-205794
-209493
-276607
-205808
-205799
-208592
-221606
-194882
-211099
-205790
-217855
-209330
-229179
-209653
-208336
-211169
-205544
-222121
-210317
-209229
-205800
-216076
-205800
-216410
-205799
-219467
-208771
-208023
-194464
-213264
-192125
-205838
-208191
-268387
-207932
-210691
-272579
-204622
-205767
-208515
-205795
-205802
-215585
-233356
-45874.9
-214863
-212848
-205790
-206412
-274587
-377169
-18011.8
-206636
-205726
-205655
-224815
-205802
-215897
-205879
-210573
-206485
-376343
-215474
-218435
-280915
-149753
-220878
-209452
-214881
-205769
-205787
-221116
-212132
-205787
-246631
-205802
-214945
-206484
-209278
-211218
-211208
-226847
-220336
-212327
-212206
-209839
-205825
-251514
-210580
-210122
-205544
-205798
-211202
-208809
-217286
-211695
-206928
-226963
-245985
-221581
-220152
-282868
-216359
-216942
-210685
-212438
-217851
-221797
-209552
-204648
-218890
-173746
-205632
-213429
-213471
-205819
-216412
-205799
-346879
-196422
-205711
-212658
-269907
-215765
-215927
-177118
-220796
-207899
-201124
-204576
-197457
-209852
-218998
-331332
-211216
-210003
-206070
-216584
-195562
-193343
-218985
-235297
-252259
-205789
-255688
-211090
-211793
-209213
-211451
-267282
-205874
-205788
-205797
-205797
-215978
-213061
-205803
-209719
-205813
-216187
-205313
-206841
-218193
-270699
-212385
-205800
-205810
-236865
-212793
-205794
-205799
-207745
-205799
-232296
-212182
-207461
-114633
-209540
-205743
-213911
-209808
-210211
-216649
-209772
-212679
-114965
-226455
-205376
-208659
-211339
-210578
-206527
-205858
-211772
-223041
-210008
-236346
-211095
-204324
-205643
-244017
-213789
-198570
-217695
-205811
-205638
-213362
-238223
-209904
-184647
-244184
-215865
-209210
-215208
-196344
-209227
-222097
-208859
-212192
-221225
-212818
-200180
-210076
-210189
-270638
-210049
-212679
-241690
-205798
-254463
-207534
-214363
-211320
-205804
-203814
-205788
-208108
-211281
-168245
-210256
-213047
-210660
-211072
-218943
-267998
-212294
-235359
-218880
-205848
-216752
-235812
-218793
-185728
-241904
-208465
-223819
-167869
-208984
-206078
-206485
-205787
-222780
-205796
-212977
-284391
-241068
1.18244e+06
-324999
-205796
-203787
-209033
-205793
-205790
-205798
-322136
-210172
-275985
-216081
-210998
-208588
-218640
-278125
-209598
-216479
-205799
-209058
-221698
-209259
-216138
-214703
-219604
-197914
-330870
-205790
-205654
-210661
-233451
-217821
-227758
-220661
-205616
-215578
-200945
-208932
-371069
-222765
-336270
-222913
-213427
-214714
-207740
-341464
-206351
-206846
-209259
-207771
-213655
-200770
-206490
-212310
-214847
-215375
-220956
-215116
-206507
-207949
-217538
-209341
-215070
-207862
-215382
-210593
-211905
-205792
-209633
-225142
-229085
-217535
-220659
-236786
-213665
-218130
-248597
-200781
-261972
-220269
-213426
-200976
-205724
-196889
-205797
-205910
-228381
-208416
-328718
-205797
-212015
-246836
-211541
-209967
-217842
-205229
-210582
-241003
-205803
-158644
-205793
-211159
-212634
-213190
-196502
-206703
-215584
-205792
-226733
-218191
-217010
-208819
-210867
-217310
-213692
-215344
-210500
-209742
-68757.8
-276489
-210207
-216092
-223075
-213135
-125172
-206824
-220712
-150842
-210257
-280640
-213327
-210344
-210210
-207769
-204868
-193271
-214570
-205838
-271830
-281821
-209359
-205801
-234351
-214609
-178352
-209250
-216489
-273140
-240735
-185764
-207740
-209123
-210082
-254078
-229894
-205752
-167784
-213771
-209669
-205794
-205802
-215132
-205795
-205858
-215837
-209898
-219036
-205845
-205800
-215593
-203085
-209479
-211180
-218350
-205793
-219885
-209302
-246338
-214959
-207483
-221132
-205793
-209334
-205801
-205793
-205797
-224762
-210969
-205566
-210259
-216009
-226766
-209981
-211171
-218421
-205803
-206123
-205862
-287221
-255432
-205802
-245597
-219447
-222460
-204406
-219061
-210301
-226677
-276723
-216031
-205540
-207630
-218069
-215606
-215120
-217393
-215949
-39056.9
-217289
-214841
-205791
-194043
-217604
-218429
-150379
-215525
-178293
-215610
-205817
-76832.6
-217209
-213119
-205821
-220210
-205791
-205801
-205796
-205798
-211235
-237198
-88731.2
-212646
-209671
-274531
-210010
-213705
-216340
-203250
-227347
-208301
-207876
-208580
-215595
-215199
-217132
-205793
-248477
-217645
-216270
-219187
-217287
-258175
-208896
-205793
-205724
-213039
-203733
-210722
-217417
-210841
-224334
-213987
-209919
-188374
-192323
-205925
-226593
-219507
-218602
-219156
-207237
-211165
-215214
-209360
-205792
-196993
-218992
-220983
-205364
-209985
-209379
-147959
-209049
-173930
-207057
-205791
-210091
-175108
-217227
-205820
-205903
-208879
-209119
-212499
-211379
-216253
1.14269e+06
-205795
-214219
-247867
-205379
-212315
-205553
-209992
-213830
-205796
-212867
7023.82
-211521
-211273
-212651
-205600
-209244
-205821
-209207
-227826
-272494
-208970
-204769
-197526
-210420
-279045
-205803
-202472
-205571
-210376
-200364
-215827
-223429
-210997
-222416
-207943
-207380
-209488
-232901
-205806
-221919
-208986
-212999
-209810
-209304
-226247
-215906
-205741
-208791
-214130
-205785
-209603
-204854
-214439
-205892
-215576
-213724
-216632
-199819
-215765
-205271
-209626
-209124
-208072
-214934
-211702
-210162
-215177
-205802
-205792
-197938
-196656
-205795
-204327
-220143
-211741
-187674
-212254
-222391
-85933.5
-206822
-209157
-185708
-213294
-211261
-221950
-211615
-208110
-209482
-223445
-333271
-209043
-209392
-242892
-216175
-217185
-270594
-244260
-194316
-156462
-274337
-215373
-219197
-223698
-210502
-220080
-222903
-211626
-206966
-212497
-209834
-205802
-208659
-210144
-210100
-208652
-257217
-222093
-256192
-211863
-209041
-209975
-230301
-209494
-212137
-215034
-213415
-211829
-205806
-223421
-192006
-205912
-208712
-211852
-205433
-211934
-237149
-210345
-214053
-205953
-211275
-208224
-263275
-344824
-210568
-208584
-207874
-101193
-211238
-205452
-15935.5
-205789
-236854
-205795
-17749.5
-205804
-212169
1.17079e+06
-178044
-205807
-221830
-205800
-205612
-212761
-205794
-146018
-204890
-209228
-205801
-220711
-229475
-209374
-205798
-210898
-213493
-5673.68
-205782
-206003
-205756
-240921
-205795
-228033
-7152.53
-205799
-260333
-233286
-211091
-231908
-213579
-213877
-321214
-205833
-221687
-205715
-204121
-215947
-210684
-205706
-224010
-201125
-219647
-210797
-205361
-211993
-210364
-299204
-219342
-211666
-207508
-205804
-205809
-212358
-235667
-216163
-255940
-210836
-205673
-205792
-257734
-259404
-215548
-10837.5
-211396
-206906
-220115
-207514
-205793
-205787
-191641
-300266
-131291
-205945
-205599
-246403
-214703
-212723
-223341
-211544
-205792
-243539
-209176
-210632
-217454
1.14084e+06
-205801
-210624
-212606
-208665
-205804
-213752
-329547
-229553
-205806
-221272
-228459
-205782
-205565
-205786
-205781
-205800
-205794
-188720
-213992
-220071
-216996
-214858
-202409
-217945
-209230
-205791
-205785
-217571
-206066
-205790
-208497
-370147
-205824
-212130
-216705
-343728
-207079
-295026
-195183
-229665
-266055
-210178
-220239
-211648
-205807
-211261
-217945
-208310
-205744
-244122
-215724
-210278
-205797
-213346
-204971
-217835
-212275
-212180
-210751
-205797
-209672
-223860
-212946
-116257
-218771
-221724
-205854
-210102
-212023
-209594
-215056
-210259
-151865
-169003
-221054
-133074
-208542
-212411
-214329
-209229
-209710
-218804
-208678
-210198
-205478
-204851
-205792
-245979
-217402
-225962
-209321
137068
-216976
-79464.8
-82230.9
-205698
-226862
-132063
-212717
-218911
-209504
-205799
-212213
-209196
-41782.7
1.18723e+06
-208873
-205798
-216186
140693
-211295
-212483
-216410
-205789
-209853
-210186
-211779
-183673
-210340
-205797
-210591
-205788
-216288
-218856
-221127
-209150
-209199
-209299
-205785
-226249
-212230
-219357
-219461
-286627
-219236
-212917
-209602
-226312
-220918
-209700
-211060
-214105
-209171
-205796
-186637
-161329
-215294
-234922
-186272
-233576
-208891
-130964
-210994
-209312
-210116
-217996
-210139
-205850
-205790
-205801
-207559
-213980
-205798
-205799
-207661
-234751
-205790
-291954
-212416
-205319
-208464
-218922
-216036
-366639
-221355
-218824
-216026
-215987
-147090
-90102.6
-209047
-74517.6
-205449
-213962
-209715
-209385
-210320
-211086
-205796
-206821
-215255
-205788
-205798
-181242
-103681
-205797
-209598
-205794
-209574
-216198
-205901
-209748
-213076
-233642
-220594
-264260
-264227
-255822
-212330
-169117
-209618
-216628
-209949
-223496
-205782
-214379
-205790
-212783
-231104
-207682
-208738
-211142
-197938
-231444
-209684
-205785
-205785
-205787
-205771
-205770
-205767
-203100
-204534
-189256
-158096
-183745
-181413
-258080
-290515
-277190
-228437
-293960
-259277
-283910
-237976
-113599
-113830
-169064
-384691
145773
-243073
-371562
-336079
-356559
-281825
-251020
-327065
-280074
-210994
-213901
-225101
-234039
-212115
-205362
-211561
-205988
-221309
-213211
-205997
-205286
-205677
-205335
-205813
-205792
-205784
-205803
-205797
-205800
-205796
-205808
-205801
-205846
-205808
-205940
-205957
-205846
-205857
-204038
-205365
-203733
-204195
-205327
-206979
-206047
-334919
-350617
-219419
-236652
-303478
-292554
-210669
-208921
-211236
-211451
-211123
-209355
-211339
-211155
-209834
-211226
-208601
-212407
-212257
-209419
-209953
-210295
-210487
-210356
-210269
-210211
-210445
-210513
-211186
-210926
-211172
-211538
-211828
-212639
-212029
-215648
-215575
-215378
-217473
-220567
-220733
-219947
-230794
-233085
-230429
-231258
-233002
-231583
-233161
-233609
-233555
-234832
-234707
-233991
-237473
-235652
-241510
-221713
-212230
-221073
-242954
-226717
-218976
-219233
-216576
-217090
-199817
-193157
-192500
-192559
-224621
-200610
-188853
-140535
-149527
-142570
-198157
-91411.4
-169529
29671.6
30962.6
-234186
-227535
-228619
-207322
-201593
-205827
-204872
-301638
-124404
-313243
-214241
-219527
-142965
-171050
-179919
-181387
-208797
-191936
-209517
-169525
-192227
-191455
-199360
-201201
-233823
-207395
-202385
-214497
-213423
-214565
-214759
-213527
-211460
-213071
-211550
-212375
-281317
-265429
-260715
-210584
-246486
-230849
-222334
-206517
-221180
-207147
-195801
-192904
-270260
-192561
-190637
-269890
-192688
-205333
-198530
-205974
-199197
-198527
-191191
-159512
-162721
-163466
-199374
-169614
-170468
-198643
-195513
-194429
-199032
-192019
-195737
-196822
-195892
-197649
-196910
-196029
-197880
-197628
-195512
-210903
-208952
-214677
-212912
-211645
-212299
-211411
-210840
-211229
-210926
-211385
-210951
-211378
-211040
-210997
-211534
-211033
-210558
-210808
-210587
-210810
-210320
-208008
-207830
-206548
-205414
-204695
-204610
-204040
-204227
-204595
-204839
-204588
-205866
-205835
-205737
-205985
-206162
-205594
-205954
-206193
-205898
-205888
-205701
-205875
-205826
-205781
-205858
-205681
-205670
-205846
-205794
-205792
-205778
-205790
-205790
-205789
-221552
-205796
-205798
-205801
-205802
-205803
-205795
-205794
-205803
-205798
-205819
-203523
-205333
-203866
-202570
-203128
-201331
-204670
-209177
-210219
-210417
-211035
-211219
-223673
-233856
-235043
-204290
-374280
-222950
-218407
-197625
-223970
-216637
-155095
-152003
31769.4
-70399.3
-201921
-384689
-317312
-190246
-183076
-291578
-230775
-214242
-228995
-215378
-214162
-211678
-218370
-220126
-225159
-207594
-256049
-207857
-193489
-189810
-191281
-206027
-186815
-172594
-190403
-185276
-197818
-200360
-199050
-197098
-197362
-196320
-196442
-212859
-211259
-210989
-210646
-212040
-211096
-211181
-212076
-211063
-210622
-210684
-210582
-207939
-203904
-204667
-206130
-205987
-205502
-206009
-206189
-205687
-205891
-205921
-205938
-205811
-204734
-205780
-205795
-205790
-205794
-205793
-205807
-205794
-205804
-205798
-205801
-205796
-205795
-205796
-205796
-205796
-205796
-205797
-205797
-205801
-205800
-205798
-205799
-205799
-205798
-205800
-205798
-205808
-205809
-205810
-205814
-205808
-205812
-205854
-205813
-205856
-205933
-205877
-205903
-205857
-205870
-205575
-205387
-203702
-207662
-210833
-211774
-211768
-211908
-234235
-221139
-222234
-228033
-283740
-266472
-277780
-219971
-286639
-209494
-208238
-208526
-209473
-209347
-209074
-209039
-210095
-209420
-210159
-210408
-209234
-209902
-210937
-210480
-210988
-210828
-210746
-211220
-211155
-211322
-211109
-210771
-211981
-211890
-212733
-213065
-210500
-212809
-212193
-213026
-213693
-213354
-214832
-214955
-214901
-215566
-215511
-215518
-215955
-215889
-216093
-218201
-216890
-216057
-220503
-219606
-218926
-217388
-218655
-217260
-214830
-219070
-219784
-219554
-212583
-222430
-235019
-212122
-213359
-236119
-205191
-209245
-207190
-204522
-208094
-169894
-187838
-274462
-263916
-281964
-238131
-264624
-259347
-254939
-202087
-268613
-219691
-188904
-116325
-164718
-193718
-267100
-249889
-277231
-218333
-216529
-218769
-210353
-208552
-210766
-210871
-214340
-217217
-216607
-203699
-205170
-214294
-226810
-211569
-209573
-211502
-217698
-225292
-217988
-224144
-222620
-218499
-211878
-214145
-214228
-214235
-222904
-221589
-220987
-221021
-219791
-225747
-218824
-220813
-225502
-225044
-216277
-220572
-220011
-221367
-220383
-226751
-220932
-187495
-270504
-209600
-217084
-181788
-197111
-192300
-209578
-183787
-192991
-200844
-198875
-215492
-216331
-211052
-198722
-213859
-213021
-207321
-208628
-207187
-205687
-205748
-205555
-205540
-205840
-206121
-205617
-205787
-206014
-205481
-206723
-206051
-206515
-208429
-207612
-209624
-208025
-208226
-208947
-209459
-209030
-208806
-209054
-209177
-209273
-209192
-209797
-209483
-209456
-209395
-209193
-209318
-209206
-203895
-209453
-206702
-206802
-206729
-206552
-206639
-206470
-205861
-205804
-205540
-205813
-209704
-205775
-205725
-205798
-205783
-205779
-205784
-205781
-211487
-205789
-205787
-205789
-205794
-205788
-205786
-205806
-205796
-205799
-205791
-205802
-205804
-363760
-205975
-213348
-213236
-212769
-212418
-205800
-205800
-205800
-205800
-205796
-205798
-205798
-205798
-205796
-205798
-205801
-205800
-205800
-205798
-205798
-205803
-205799
-205800
-205811
-214369
-205803
-205800
-205804
-205811
-205916
-205867
-205871
-205903
-203954
-212889
-260357
-209256
-212833
-213017
-211631
-211145
-211698
-211986
-212077
-220704
-230114
-219258
-223972
-214940
-220611
-226876
-209629
-209009
-208817
-209748
-209520
-209853
-209702
-209831
-208984
-209635
-208192
-210128
-209952
-209421
-209279
-209725
-209399
-209002
-209267
-209282
-209231
-209100
-209386
-209698
-209000
-209160
-209440
-209765
-209343
-209095
-209955
-208850
-209413
-209613
-213412
-209838
-209351
-209633
-219679
-213955
-209985
-209987
-210065
-209997
-210038
-210160
-209937
-210157
-215035
-221679
-211258
-217144
-209049
-213798
-221131
-218842
-221389
-220736
-224750
-219560
-218371
-212053
-214182
-211877
-219298
-220576
-212500
-212188
-215272
-214294
-215331
-209983
-211581
-209387
-208837
-199918
-217984
-212996
-208800
-208001
-211565
-172693
-206048
-190085
-72174.7
-150067
-219154
-219150
-214099
-216648
-205851
-224189
-219068
-220314
-222094
-225252
-222275
-215789
-235039
-229441
-227869
-224371
-276729
-250538
-211971
-218602
-220633
-220108
-218397
-217530
-216337
-217137
-216465
-217385
-217645
-216917
-215646
-214377
-214118
-216408
-207981
-215121
-215070
-210417
-214045
-209493
-209747
-206951
-212346
-212659
-213281
-219237
-225997
-223546
-219900
-216524
-221493
-221818
-220754
-219783
-221245
-221664
-220379
-221160
-219806
-219570
-218525
-216104
-219107
-221841
-217022
-217820
-217479
-216311
-215890
-214759
-209524
-195804
-213790
-203744
-234022
-234565
-226696
-245506
-215494
-216210
-213810
-208097
-214514
-213108
-215264
-211403
-205706
-209214
-211352
-208918
-205525
-205502
-207791
-207840
-205538
-207867
-207929
-207797
-207991
-208364
-207930
-205871
-207904
-208224
-208204
-207949
-207876
-208342
-208232
-209107
-209423
-216227
-208311
-207971
-208646
-208504
-208775
-209035
-208526
-208889
-208767
-208490
-209352
-208931
-209646
-209300
-209292
-208777
-209089
-209027
-209294
-209841
-209202
-209095
-205617
-272649
-205503
-205274
-206676
-205609
-206618
-205383
-205795
-205842
-205748
-205627
-205789
-205809
-205796
-205784
-205775
-205781
-205780
-205786
-205790
-205788
-205792
-205788
-205791
-205792
-205787
-205794
-205787
-205806
-205791
-205800
-205796
-205792
-220175
-217136
-216943
-208015
-214436
-215499
-213199
-217277
-215346
-212254
-211949
-212673
-211544
-212384
-226678
-211488
-213452
-212825
-205793
-205797
-205801
-205797
-205837
-205607
-205842
-205552
-210905
-212585
-219504
-211288
-200706
-205801
-205798
-205797
-205798
-205796
-205802
-205796
-205802
-205798
-205796
-205797
-205797
-205796
-205797
-205802
-205807
-205866
-211982
-212526
-211978
-213143
-217641
-216803
-216306
-215106
-209894
-211984
-210946
-209372
-209461
-209638
-209771
-209636
-209605
-209133
-209587
-208218
-208254
-209375
-209266
-209059
-209311
-207762
-208122
-207003
-208648
-208162
-208859
-207579
-209970
-207915
-207752
-210596
-209267
-210894
-205795
-205796
-221560
-221740
-221624
-222646
-220823
-222796
-217896
-217371
-219562
-218163
-217287
-218184
-217392
-215968
-213090
-211289
-209181
-214005
-212500
-212689
-211571
-212365
-220833
-214444
-219430
-213899
-222535
-217643
-222924
-221880
-218352
-217661
-215888
-216611
-216753
-215774
-216218
-216378
-215123
-214860
-215768
-218013
-212952
-212785
-210710
-218839
-219471
-219986
-214816
-217949
-218443
-216703
-213786
-205902
-205811
-205813
-205835
-205792
-205797
-205787
-205780
-205790
-205785
-205788
-205793
-205788
-205789
-205798
-195200
-219137
-220371
-221329
-212239
-205799
-220185
-218100
-205491
-223960
-215037
-214697
-205793
-205799
-214481
-212298
-213834
-215033
-213737
-221025
-215361
-219418
-198041
-217303
-209904
-209490
-209194
-206558
-206452
-205886
-205790
-205788
-205810
-213540
-213236
-205804
-205804
-205830
-210606
-209227
-205799
-210851
-211038
-211397
-218310
-209605
-208215
-205739
-217290
-217167
-216924
-220027
-212797
-220810
-221196
-221533
-219383
-212533
-208550
-208613
-209312
-205785
-205786
-205815
-205790
-205796
-219058
-217354
-205855
-221103
-207902
-207755
-205786
-208590
-218625
-211180
-209537
-205801
-205801
-215060
-205770
-205766
-188659
-313525
-107776
-205793
-276884
-244641
-227192
-205790
-205977
-212319
-205368
-205481
-211298
-205786
-210216
-205783
-234223
-198789
-87493.9
-91890.7
-160470
-215610
-211220
-210774
-210807
-171626
-195639
-208933
-212340
-208582
-208511
-210657
-210949
-211756
-210552
-205988
-207722
-204623
-204671
-204387
-205601
-207910
-205921
-207906
-205798
-205761
-204649
-205862
-205789
-204715
-205802
-214484
-211229
-216540
-209211
-210615
-205949
-206641
-205790
-216652
-205790
-205641
-205494
-209465
-213902
-214290
-212907
-203724
-213871
-221042
-215035
-217605
-199949
-211160
-206014
-209437
-209201
-209519
-206596
-205760
-205678
-205789
-216420
-205797
-205805
-212930
-205797
-221493
-205798
-205801
-209324
-221860
-209483
-209730
-209708
-211106
-212940
-211301
-216795
-206697
-194543
-205796
-205796
-205796
-205797
-210590
-212125
-211175
-211080
)
;

boundaryField
{
    Wall
    {
        type            zeroGradient;
    }
    Inlet
    {
        type            zeroGradient;
    }
    Outlet
    {
        type            fixedValue;
        value           uniform 0;
    }
    Empty
    {
        type            empty;
    }
}


// ************************************************************************* //
