/*--------------------------------*- C++ -*----------------------------------*\
| =========                 |                                                 |
| \\      /  F ield         | OpenFOAM: The Open Source CFD Toolbox           |
|  \\    /   O peration     | Version:  2312                                  |
|   \\  /    A nd           | Website:  www.openfoam.com                      |
|    \\/     M anipulation  |                                                 |
\*---------------------------------------------------------------------------*/
FoamFile
{
    version     2.0;
    format      ascii;
    arch        "LSB;label=32;scalar=64";
    class       volScalarField;
    location    "2.3";
    object      p;
}
// * * * * * * * * * * * * * * * * * * * * * * * * * * * * * * * * * * * * * //

dimensions      [0 2 -2 0 0 0 0];

internalField   nonuniform List<scalar> 
2958
(
-5824.66
-686.52
104931
-28598.6
-9304.92
104167
2643.16
-7438.76
-4847.18
-7344.79
-4418.04
-394.385
-6939.35
-401.909
-6013.7
-4639.21
-8044.4
-7006.29
-395.26
-7153.47
-257.925
-8372.98
-183.821
-4470.6
-6957.99
-6621.61
18419
-9055.93
-4977.05
-4960.01
-6493.91
-9125.05
-529.661
3462.31
-5042.6
-11445.1
-399.909
-172.61
-8676.2
-6266.89
28240.1
-11325
4213.39
-5779.75
-394.388
17113
-4186
-6275.07
-18296.7
-2482.59
-5329.34
-2022.41
-6931.72
-4692.83
-5394.27
-12745
-7281.49
-6928.31
-5928.74
34856.5
-8235.77
-7198.15
-1181.85
-5026.96
-403.094
-400.604
-4705.44
-378.237
-3036.45
-9522.85
-7730.82
-392.501
-4069.34
-5970.94
-419.828
-3430.58
-8342.49
-1020.89
-419.643
-5281.15
-6872.02
-16237.6
-9111.77
-9596.14
-7265.77
-5461.16
-12242.3
-5527.06
-17.9711
-698.586
-3813.69
2949.57
-3746.51
-391.976
1219.52
-5287.39
-11446.6
-27861.9
-403.701
-397.421
-28734.7
-5942.09
-5577.82
-1373.63
-605.283
-3578.15
-390.491
-19770.1
-410.771
-4386.18
-65002.3
-5395.55
-435.721
-6946.42
-401.465
-401.222
-5323.7
-5570.33
-7545.08
-5761.01
-12130
-393.513
-3893.09
-2757.2
-11441.1
-7550.88
-11259.4
-3965.12
-5897.74
-384.776
-416.35
-363.125
-5638.56
-409.33
-397.395
-407.469
-6930.07
-6973.37
-401.014
-402.614
-8054.19
-2269.45
-268.031
-418.134
-5802.2
-9360.66
-419.596
-395.596
-3332.38
-394.783
-7173.12
-11857.7
-7197.28
-1360.37
-7543.35
-402.527
98.5442
-6023.35
660.757
13614.9
-8035.35
-8002.58
-7036.02
-397.131
8069.77
-10724.8
641.772
-401.932
-6437.13
100037
-7518.48
-390.83
-635.022
-3801.9
-424.643
110868
-23256.3
1193.11
6036.6
-2998.6
-2046.97
-4784.66
-6600.63
-95112.3
-880.343
-4792.21
-667.872
-411.119
-8982.81
-23379.1
-7358.27
-2102.77
116533
-8503.54
1327.55
-4856.06
-526.334
-7859.97
-5311.16
-4354.01
-7348.87
-408.065
-5883.91
2310.29
-13870.1
-42123.8
-2441.74
-41554.2
-10386.3
-20552
-401.598
-672.273
-407.815
-1228.75
-404.557
-12598.1
-5024.34
-404.274
-403.148
-403.27
-377.034
-3044.06
707.233
-5425.57
-169290
-5072.31
-9204.14
-403.684
18170.4
-10479.7
-747.142
-10453.1
-7108.25
-10207.1
-4948.87
-373.212
-417.187
-5929.51
-421.442
24073.6
-409.726
23168.7
-20203.8
-8991.06
-6837.12
-4353.21
3597.15
-6947.47
-4589.96
-5829.16
-8929.07
-5776.9
-5565.36
114719
-28426.4
-1344.07
-5507.42
-4396.36
-5974.67
-9051.22
-5442.47
-254.712
-4088.42
41488.3
-3851.45
-4336.75
-8398.11
-6184.57
1525.48
-310.736
-399.879
-6849.21
-5601.38
-387.146
-377.5
-6151.72
-408.742
-10019.3
-406.159
-2709.43
-401.222
-351.988
-3781.84
-5522.94
-8841.96
-398.997
-1576.55
-48723.3
-71956.9
-4610.87
-4181.08
-9300.49
-400.999
-395.374
-8184.48
123062
-402.32
-5349.46
-402.008
-7243.54
-6369.72
-8969.05
-4528.17
-12975.9
-8105.79
333.672
-32593.9
-263.459
-5210.02
-5582.79
-413.9
-5486.42
-5068.57
-409.191
-1735.22
-168186
-10783.5
1190.17
-8333.06
-6446.46
-9113.9
-11206.1
-5969.62
-1119.32
102819
-326.967
-5414.04
-346.505
-67802
-38338.2
-10044.1
-6638.24
-390.886
-401.194
67708.7
-401.033
100374
-602.586
102179
-413.094
-5550.43
1505.75
-8405.83
-10910.2
-413.481
-656.867
-412.807
-5466.55
-8828.76
-8312.25
6581.22
-3841.28
-9417.47
-10144.9
-1163.96
-5459.25
-403.481
-6116.27
15056.6
-5785.69
-38440.6
-6110.79
-16695.8
-1764.04
-7027.98
-4915.87
1154.66
-48719.5
-23332.5
-7369.34
-4717.63
-9408.02
-402.737
-18969.4
-5309.02
-1194.61
-5296.36
-5744.11
-9136.68
-9413.5
-8277.23
-3761.85
-416.057
-6041.51
-9019.63
-401.212
-6512.18
-8660.03
-180.572
-411.535
-7153.73
-401.731
-645.379
-8243.3
-4012.93
182455
-38236.6
-401.603
-395.554
-7691.84
-6291.46
-5430.4
-7540.44
-26961.3
-5159.45
-5769.53
118.485
-5533.98
-5874.79
-8763.1
-6861.14
-6892.71
-4575.47
-2501.16
2378.51
-7444.27
-9697.14
-13222.7
-5826.82
-5825.8
-394.741
-11099.7
-12149.5
-16346.5
-6850.57
-128.798
-3885.27
-6725.64
-5653.7
-512.663
-9260.59
-5409.49
-4299.57
-5870.99
-5246.51
-10226.9
-12280.7
-5741.08
-7897.85
-405.462
-10299.9
-3134.99
-5485.89
-12123
116055
-980.472
-340.022
-3138.39
-433.586
-12692.5
-420.305
-10122.7
-4409.4
727.003
-7524.68
-9416.58
-401.311
-5728.22
-13068.6
-401.68
-2060.49
-29217.4
-8634.91
-6078
-5496.87
1657.38
-115.449
-3019.2
-5446.47
-4253.06
-5886.13
-394.655
-6325.98
19693.2
-5239.16
-7673.88
-3786.99
-11095.5
75391
-4725.37
-6988.33
2181.82
-402.977
-2086.03
-673.827
-5876.71
-6266.06
-3742.31
9077.32
-5711.36
17065.2
-966.658
-21551
-6292.88
-10623.4
-4179.08
-7274.45
-408.765
-411.515
-377.004
-13362.8
-414.813
-402.746
-8228.38
-8522.76
-400.708
-31921
-879.585
-13601.7
-10096.2
-417.48
-398.01
-5861.92
-400.769
-5248.53
-5284
3648.63
-4251.54
-8095.79
-8879.99
-1349.8
-8928.67
-6331.06
23994.5
-5184.59
-5082.2
463.38
-243.141
-4710.89
-14408.1
-4716.48
-649.93
-1366.36
-396.38
-2989.02
1088.94
-9143.63
-2174.95
-7598.03
-4717.54
-5954.45
-5281.36
-395.314
-4302.03
-355.835
-2925.84
-4629.89
-192.721
-401.157
1243.6
-414.857
-399.969
-631.146
-6780.35
369830
-6743.67
-5948.2
-5676.33
-5492.16
-5882.44
-5751.72
20.965
-4898.86
-5758.41
-5578.08
-5387.83
-402.75
-5437.77
25635.1
-5469.94
-6957.47
-5694.53
-415.84
-430.419
-581.25
-86.0589
-414.219
-3782.63
-403.111
-7007.97
-4348.86
-1797.22
-3699.2
396.248
-7929.23
-257.703
-453.203
-398.816
-1188.83
-6426.51
-400.362
-404.423
-6624.01
-8722.69
-145
-9853.37
-5134.25
-9040.86
-5733.87
2503.45
-391.566
-6314.64
-418.999
-8376.91
24945.3
-5982.8
-2882.57
-9718.52
219.147
-401.281
-5096.49
-2379.51
-403.982
-401.532
-4107.03
-6537.63
485.28
-93.4018
-394.193
-30050
-5535.47
-24730.1
-5967.44
-12496.2
-6027.2
-419.116
-19432.9
-5851.29
-5274.04
-403.132
-11134.8
-403.516
-10015.4
-402.916
-5237.85
-5054.11
-633.116
10341.6
-8730.62
615.453
-356.93
-7044.52
-4212.91
-634.954
-5738.28
-3025.49
-793.696
-365.894
-4925.81
-400.562
-401.273
-12290.8
-10648.4
-13260.8
-6911.07
-8079.67
-765.673
255.402
-60181.3
-7216.21
-2608.45
303.546
-435.514
-603.745
2601.36
-405.497
-10239.7
-432.094
-6041.14
-4118.44
-7910.1
-8271.06
-12761.6
-75831.5
103998
-1654.13
-5524.57
-29650.3
-368.503
-398.644
-11556.3
-6677.59
-397.902
-4885.01
-406.189
-7017.03
-6196.88
-5350.57
-7102.06
-929.681
1491.37
-702.279
-7678.78
-8148.9
-5822.8
-184.678
-7046.38
-7290.04
-5802.45
-384.033
-405.945
-7788.4
-5047.22
-10757.8
-7045.57
-4320.4
-16155.4
-42407.1
-6113.46
-8184.95
-12338.4
-7552.59
-8049.58
-5883.35
-8739.46
-7194.3
-8125.61
-5582.02
9227.68
-11204
-149.018
-359.327
-7810.26
-6027.39
-399.918
-854.391
-406.843
-141761
692.208
-415.57
-9175.3
-64892.3
-11301.2
-357.706
-383.249
-7550.44
-6960.79
-6894.25
-263.781
-2342.06
-5848.48
-12553
-127293
-6041.07
-5624.77
-185.623
-12597.7
285.646
1188.94
-14598.8
-28319
-2051.46
-393.808
-51623.7
-24112.8
-24645.1
-5068.34
-7135.79
-3998.72
-2422.45
-402.104
-398.512
-401.062
-12087.4
-7402.62
-402.758
-5766.01
-405.741
-12335.1
-363.875
-537.638
395.821
-41563.1
-8267.01
-403.303
-403.859
-7738.91
-7324.25
-396.53
-401.469
-937.432
-401.399
-27708.1
-7713.63
-595.228
-2552.14
-5812.88
-401.513
317.011
-5699.44
-5653.49
-10927.9
-5525.29
-7123.14
-2989.39
-10217.3
-181.655
-4987.34
-6334.95
-7386.15
18054.4
-423.267
-7831.3
-19857.7
-5451.19
-7714.03
-6799.33
-2563.07
-541.23
-6017.14
-9885.07
1554.31
-7614.63
-403.797
-3512.17
-9552.69
-9371.77
-5526.98
20462.7
-40516.6
-6896.14
-4649.89
-6808.87
-555.484
-5274.58
-1428.96
-4416.7
-8160.97
-1753.2
-6589.85
-1355.43
-5426.7
-5840.32
-65659.1
-5758.47
127.715
-9564.06
-402.628
11006.3
-4554.54
-10371
-6071.83
-401.273
-209.235
-390.669
-4440.24
-6072.18
-983.393
-5536.66
-6813.28
-5878.15
-6786.67
-7578.67
-3815.36
-554.885
-8890.64
-7477.7
-412.605
-6997.99
-8977.07
-10151.5
-8776.93
1966.8
-4999.77
-21258.1
-957.949
-19869.9
5403.72
-521.172
-3791.33
-7753.64
-397.605
421.687
-80415
-32846.5
363209
-9748.87
-398.765
-225.625
-5168.74
-399.978
-399.902
-400.154
-4715.89
-5769.9
-2395.08
-8101.39
6212.88
-5038.76
-1539.25
-73040.4
-5471.81
-10251
-402.727
-5721.04
-7661.49
-5235.49
-6865.62
-7421.38
-7753.54
15862.9
-126848
-401.164
4823.56
-8579.71
-9563.62
-7517.2
-145.279
-9175.21
-377.331
-6861.51
-2839.8
-5094.22
-8135.54
-7329.88
-6675.42
-5984.48
-1335.55
-5170.49
-4209.64
-7100.09
1360.47
-5173.13
-5383.46
-4321.29
-9898.27
1952.56
-4224.81
-8484.58
-81.9193
-775.974
-7461.84
-687.973
-1743.77
-4874.83
767.594
-5409.13
-8377.08
-4595.84
-7516.9
-5599.14
-8449.35
-400.877
-5629.97
2683.11
-10228.4
-8564.25
-8543.23
-7889.22
-5213.28
-7369.99
-5085.9
-6831.49
-58229.6
-5781.51
-4585.9
-6955.62
-3742.03
1082.51
-398.812
-428.479
-9818.51
-8562.8
113538
-398.903
-7683.26
-9209.76
636.554
-5557.71
-8921.68
-989.789
-5512.67
-37184
-397.616
22389.3
-401.594
-6041.07
-25253.8
-7714.57
-3156.67
-535.17
-6877.31
-395.387
1519.14
-10646.2
-12413.2
-5055.74
-6051.66
-1593.62
-1271.38
-336.098
-5618.52
-5576.08
62629.1
-11419.9
-5781.51
-6930.96
-14513.9
-8657.82
-1075.82
-5633.72
855.135
103253
-5674.79
-6941.09
-9534.15
-5835.77
-5798.14
-674.381
-260.913
-38246.4
-10846.3
-419.965
-67876
-10654.7
-5672.04
-402.66
-7016.98
-6045.94
-381.612
-5246.89
-6676.78
-68957
-9271.53
-8478.68
-662.335
-5299.08
-6054.81
1264.75
-25631.8
-399.714
-990.393
355.653
-5662.63
-401.194
-405.82
-7045.21
-397.684
-411.838
-960.566
-5308.39
-2307.2
-427.026
-409.187
-18502.7
-312.198
-5528.79
-6047.63
-11298.3
-400.682
-5985.69
-5438.98
261.795
-11923.6
48.1265
-15975.3
-401.716
-5164.18
-409.233
-414.288
-401.101
-9606.5
-6209.38
-179.172
-5549.48
-6966.32
8.61323
-5742.15
-4618.61
-10604.9
-408.526
-988.383
-428.937
-83346
-49509
-409.304
6801.98
-6774.28
-18176.3
-1622.19
-6652.91
-5527.25
1535.62
-11202.5
-11103
-359.632
-4297.48
555.896
-7233.88
-7065.56
-6456.22
-7299.49
-1798.96
-10221.8
-7301.7
-394.989
-38192.1
-10245.8
-11144.6
104647
-7194.76
9207.04
-7932
-413.658
-9310.81
-8391.76
-8080.77
-409.521
-7419.08
-394.736
-401.938
-397.708
-401.688
2692.18
462.517
122007
-8311.8
-8969.18
-9702.19
-8409.86
-7719.01
-4436.9
-958.853
-7712.45
-4790.56
-3545.26
-4520.38
-5407.2
-8293.58
-10167.5
-404.475
3.66835
-8629.83
-1223.45
-6662.95
-10675.4
-9657.59
-5247.38
-401.238
-385.956
-7115.12
-207.394
-5788.99
-6689.46
-5876.42
-8186.42
-8320.29
-5898.83
3060.55
12425.1
-439.235
-8414.92
-5019.1
-13032.3
-8490.17
-2785.83
-6031.78
-7618.4
-5469.93
-405.661
-3904.03
-12061.9
-6870.97
-8092.04
-5752.99
-5459.94
-4247.92
-5249.54
-133.891
-8268.34
-404.828
-5723.14
-101.174
-6869.92
-412.183
-436.835
-5186.35
-5321.93
-6308.4
-6141.49
-11753.1
168687
-398.324
-7187.6
-25.0086
-366.585
-8700.81
-387.248
-5471.38
222
-398.028
-8249.75
213630
-7278.87
-4993.39
-6295.59
-390.988
-5344.58
-415.501
-5310.68
-8690.37
-68060.3
-4724.9
-273.443
27099.2
-6160.89
-75154.8
-401.968
-4018.05
-3706.42
-6121.24
-194.348
-6921.52
-5058.02
-5998.1
-5875.34
-4697
-3131.37
-5335.24
-8606.69
-409.928
-6870.45
-5117.08
-6349.28
-5838.52
-5266.93
-7910.3
-8144.79
-346.159
-5017.49
236.977
-402.758
-5447.04
-257.43
-7138.55
-435.624
-9028.27
-4970.91
-10396.5
-1316.32
-5912.75
-362.727
-3643.46
-5228.18
-4787.74
-7313.14
-7783.85
-5838.23
-6901.15
-405.378
-401.626
-716.67
-438.786
-402.314
-188.124
-588.883
-6414
1910.18
-7971.28
-7593.43
116200
4634.76
-5308.5
2468.37
-9736.84
-5901.86
-5685.63
-7418.41
-4620.53
-12347
-5635.61
-7486.43
-5179.08
-3760.52
1247.08
-68.6088
-10200.2
-52190.1
-31287.8
-704.034
29220.7
-70441.6
-8393.65
-2286.07
-3878.29
-6152.09
-15798.7
-3360.7
-6659.64
-552.828
-7941.36
-5724.37
-402.202
-4757.46
-5537.82
-5504.07
-4969.93
-25173.5
-6826.74
-21318.8
-8578.89
-5180.39
-5475.29
-9089.9
-5441.44
-7868.4
380.956
-8558.83
-9740.49
-410.096
-5047.79
12834.1
-428.736
-5129.35
-5960.77
-487.354
-7713.48
-9074.4
-5573.77
20.5889
-440.005
-6734.08
-4796.8
-9821.56
-139717
-5778.46
-4230.15
-4699.32
107342
323.487
-370.697
185699
-393.139
-8992.37
-396.677
183809
-402.831
-6094.32
165516
-381.685
-403.738
-5729.43
-402.622
-359.787
-8179.84
-401.792
104830
-263.576
-5597.04
-402.071
-6910.02
-25921.4
-5346.49
-406.62
-6877.6
-3679.23
201251
-394.595
-701.472
-383.559
-9400.44
-401.104
-8806.78
200120
-406.268
-55837.2
-29353.1
-6029.15
-10322.7
-3795.85
-10207.3
120020
-440.184
-7691.74
-403.246
-173.144
-1224.97
-5786.05
-385.529
-7782.61
-516.774
-6853.51
-5933.66
-616.594
-8476.04
-6072.74
-94972.5
-7673.73
-5098.61
-7428.99
-409.061
-404
-5931.69
361.362
-10479.2
-3748.04
-4978.99
-403.631
-394.356
-3896.28
-4000.1
-7172.85
-3111.28
-5740.69
3022.14
-7260.11
57.5793
-400.05
-399.853
618.647
-1824.75
116504
-3795.05
-3786.75
-7522.69
-8511.41
-6814.43
-6984.32
-4789.45
-404.928
-6002.24
-5282.45
-5799.91
-9966.3
169588
-405.689
-5798.81
-8496.6
-6420.98
-406.906
-6601.15
-4475.47
-7827.27
-407.228
-5511.79
-4173.8
-401.91
-384.638
-401.276
-399.199
-402.26
-399.067
3381.73
-6742.55
-5224.15
-7335.74
-8698.3
-4000.76
-7972.94
-5362.9
-405.79
-385.839
-6526.28
-3651.97
-401.229
-4892.49
-7554.37
-417.512
-7969.53
-10826.4
-9882.64
22985.5
-8623.53
-39.3267
-9441.33
15556.3
-5776.19
-2418.38
-7386.61
-403.713
-588.031
-1258.35
-4341.94
-390.501
7340.09
-12070.4
-5832.18
-398.788
-7550.13
8516.02
43.562
-7628.31
-854.637
-6005.27
-399.331
-5484.32
-10568.8
-6500.12
-2560.4
-1027.81
-5543.26
-412.484
-6468.99
-7859.52
-5492.42
-11120.1
-5403.71
103306
111032
-1694.77
116689
-4933.09
-7781.18
-5394.54
-6715.75
-5697.59
-10965.5
-5001.57
-5284.37
-3824.54
-270.746
-400.648
-10148.4
-9394.15
-9231.71
-5317.51
106500
-8013.63
-4218.97
-4254.57
-418.221
1501.32
112410
5855.71
4.93284
-5403.18
-400.064
-8579.65
-4416.34
-1748.92
363622
-7665.05
-401.654
-780.746
107734
-5848.11
-5204.6
-6980.45
-394.416
-5639.8
-8027.84
-6048.52
5459.33
-6029.28
-398.868
-5935.94
-392.419
-8217.34
-10347.6
-401.794
-5207.81
-5423.76
-5394.9
-400.936
-8545.68
241.92
-14179.1
-5201.24
-82741.4
-5100.44
-2979.08
-5620.01
-8668.65
-6447.98
-4868.23
-6270.84
-5363.75
-6414.73
-400.716
610.688
21257.4
-7061.75
493.207
665.204
683.172
-4864.62
12047.5
3351.16
-4543.9
-5770.02
348.834
-5759.99
-408.8
-402.793
-402.336
-596.305
-6033.65
-401.484
-405.61
-6905.15
-27716.5
-400.522
-87932.6
-7763.11
-434.283
-5035.64
-14895.9
-6798.67
-161069
-5058.78
-14310.4
101.348
-883.223
-4290.8
100907
-4853.09
-4536.43
-382.505
-9499.92
-5532.38
-5403.68
-5764.34
-5854.75
-400.732
-551.251
-7040.04
-392.108
-404.551
8065.55
-8208.69
-398.773
-5472.08
-396.864
-5948.88
-7353.68
-425.514
-5788.05
-8815.6
-3808.06
-11519.2
-36542.7
-3735.88
-4798.51
-7829.69
-9861.21
-5463.94
-3447.85
-5687.91
-8525.51
-402.289
-8456.24
-407.237
-1475.24
-2472.42
-4566.62
-4944.19
-592.707
1940.8
-11724.2
364.222
-400.114
-399.276
-399.587
-384.365
-384.607
-385.582
-1339.44
-2476.9
1896.87
23481
7679.67
7812.73
167.628
1933.28
971.005
-547.181
1977.96
971.697
1556.8
391.665
4803.39
4794.31
-6845.13
-11341.9
106648
-8887.99
-25309.9
-24537
-23974.2
-16152.9
-10941.7
-22273.3
-15772.7
-5856.31
-9911.87
-21526.4
-30439.1
35.043
-1372.37
697.417
-683.157
-6108.38
-252.761
-704.603
-1565.44
-563.412
-1436.04
-495.565
-393.166
-384.747
-401.171
-401.401
-407.055
-402.291
-403.818
-400.839
-411.79
-403.747
-442.532
-449.678
-415.864
-490.361
-79.0545
-1338.34
-153.543
-74.5477
-1380.74
-190.218
-185.037
-130945
-145429
-15846.2
-33042.5
-99118.2
-88682.3
-6566.65
-4887.93
-7005.62
-7538.23
-7218.43
-6301.02
-7132.56
-7226.11
-6837.98
-7213.9
-4166.73
-8833.51
-8635.44
-3828.4
-5034.23
-5614.66
-5677.67
-5666.37
-5577.28
-5557.42
-5712.45
-5713.25
-6106.41
-5938.74
-6076
-6206.69
-6466.54
-6559.03
-5906.71
-7209.45
-7223.89
-7031.1
-7384.67
-8451.93
-7152.67
-6003.68
-8160.99
-8662.68
-7980.78
-8232.07
-8591.43
-8373.69
-8576.7
-8700.52
-8682.25
-8829.8
-8810.94
-8682.21
-9123.36
-8930.55
-9027.15
-65.615
870.554
830.357
1237.49
1525.19
9300.49
8414.45
14581.3
14576.6
20652.2
7381.84
7468.34
7331.07
18179.7
2284.94
3226.54
107099
103908
106126
14545
122206
117947
193576
194007
62558.4
60208.9
47714.8
9768.66
16121.6
8182.67
4951.59
-339.404
-6852.02
-7832.74
-9916.76
-7567.3
-6118.74
-7156.38
-7414.41
-7893.63
-6910.37
-8580.23
-9608.6
-9807.37
-10283.9
-9733.14
-1670.5
-1496.57
-259.084
-596.591
-890.132
114.039
-1029.41
-1173.8
234.002
173.705
-734.341
-1501.08
-1334.42
-1017.52
22942.9
16053
14595.9
-10408.8
-7700.85
-7003.31
-3364.16
-4853.43
-4172.12
-3922.43
-38047.2
-38420.4
-36411.4
-38444.8
-38207
-36419.2
-38185.5
-40351.1
18491.4
-40142.8
10689.2
4393.64
-2142.22
27433
22073.9
21633.1
-3038.34
-4437.52
-4598.56
-3687.64
-3959.63
-4364.91
-3039.97
487.614
160.631
588.539
396.867
1532.43
1004.37
494.66
2002.4
1518.74
4372.75
-6124.41
-5023.63
-8278.1
-7173.4
-6532.36
-6862.56
-6399.06
-6092.55
-6247.81
-6130.64
-6305.19
-6113.51
-6365.52
-6251.67
-6293.3
-6479.88
-6292.22
-5763.46
-5834.98
-5810.2
-5971.8
-6576.56
-698.503
-702.389
-569.708
-491.79
-409.341
-403.02
-362.288
-364.114
-414.704
-429.813
-420.215
-421.597
-420.27
-406.408
-442.299
-521.943
-391.727
-441.979
-531.299
-445.269
-443.053
-381.895
-438.226
-414.832
-401.274
-423.454
-366.554
-360.475
-420.304
-402.146
-403.876
-399.512
-406.092
-407.421
-407.361
-6229.41
-402.313
-403.14
-402.549
-402.678
-406.822
-401.607
-400.514
-408.2
-401.472
-513.788
-56.6104
-1437.71
-64.0161
-160.598
-165.567
-532.796
-406.083
-5903.22
-5559.78
-5686.98
-5992.14
-6085.16
-6616.69
-8674.88
-8888.48
3076.6
-27164.5
1204.82
10848.1
21136
18392.2
14945.4
102767
103498
199137
128414
8300.44
-15474.1
-10964.4
-7852.12
-7583.95
2022.95
-2542.06
340.157
-3957.05
590.19
491.146
-1425.47
-4890.91
-9044.97
-3195.56
-5248.31
10460.8
-5263.35
-38181.5
-38417.2
-38489.8
-39945.6
4115.11
-4421.81
2602.65
4044.91
-3440.27
-3314.74
-2776.44
819.457
866.28
539.645
955.344
-7173.81
-6283.93
-6159.71
-5998.15
-6735.16
-6332.98
-6380.69
-6906.17
-6300.17
-5840.91
-5889.98
-5796.14
-677.132
-344.442
-410.863
-464.609
-446.762
-385.522
-448.735
-529.975
-377.85
-434.227
-440.25
-444.365
-409.446
-413.289
-400.103
-405.954
-406.391
-402.288
-405.392
-407.217
-401.355
-406.993
-404.25
-403.039
-397.207
-397.122
-398.592
-398.466
-398.67
-399.175
-399.314
-400.371
-406.149
-402.487
-400.87
-401.977
-401.334
-403.143
-401.556
-401.598
-403.642
-403.352
-403.842
-404.592
-404.064
-404.848
-413.086
-404.875
-409.29
-406.871
-417.967
-321.33
-338.6
-351.185
-420.613
-438.493
-115.157
-6826.28
-7400.71
-8395.46
-7563.61
-7729.81
-30121.7
-17734.6
-18910.2
-24718.5
-79691.9
-62556.9
-73857.5
-16328.4
-82837.7
-4862.75
-4174.02
-4669.51
-5346.9
-5414.14
-5241.05
-5050.23
-5852.71
-5384.56
-5902.67
-5845.66
-5491.67
-5736.67
-5938
-5772.18
-5981.03
-5868.01
-5876.11
-6038.84
-6009.08
-6095.45
-5977.66
-5855.84
-6296.95
-6293.85
-6490.61
-6467.82
-5449.94
-6138.54
-5911.78
-6349.32
-6276.71
-6081.31
-6642.82
-6733.77
-6922.12
-6961.89
-6936.19
-6918.09
-6916.38
-6877.16
-6942.77
-7124.61
-6831.73
-6394.41
-7740.08
-4395.96
-5930.87
-4890.71
-5229.13
-4799.02
810.632
-1197.26
-1379.42
-839.27
405.64
-574.898
709.536
252.004
190.599
631.46
-1080.41
21461.5
25030
-185.568
15467.1
104234
17004
-65635.3
-36185.6
-66685.4
-31251.7
-44377.3
-29349.4
-20726.6
14385
-15989.5
-17920.5
-14356.3
-6542.02
-10290.3
-9012.42
-9855.1
-8937.86
-11422.4
-10512.8
-10077.9
-7563.35
-8053.69
-7926.61
-8130.95
-7744.07
-7731.4
-6990.16
-7912.73
-5587.92
-1517.36
74.2452
1505.84
5.5794
-384.073
-113.446
-1326.85
-1304.93
-5208.22
-4767.17
-6289.29
-6936.89
343.255
268.043
410.43
570.994
-6861.95
-6152.48
-7331.71
-7080.13
-6774.32
-9007.48
-5573.87
-7201.96
-7027.39
-7109.31
-6319.58
-6193.4
-6632.27
-6733.99
-7174.8
1530.2
-6328.83
-38989.5
-36002.5
-5953.64
-31944.4
4992.09
-5336.57
-1063.91
-5963.7
3981.11
980.333
-4140.91
-5097.93
-10821.1
-11656.7
-7813.36
-3622.07
-6397.37
-5819.96
-4492.7
-5301.35
-4557.07
-3914.95
-3877.05
-3863.56
-3719.95
-3781.43
-3952.08
-3750.25
-3748.77
-3900.55
-3299.82
-4053.04
-3587.63
-3898.61
-4893.09
-4567.87
-5469.35
-4626.97
-4812.06
-5165.15
-5302.19
-5152.27
-5041.37
-5179.67
-5257.1
-5316.75
-5265.3
-5609.99
-5433.61
-5947.03
-5401.97
-5322.79
-5441.98
-816.467
-347.449
-831.678
-530.289
-542.327
-546.064
-513.835
-538.156
-516.302
-444.405
-415.845
-384.494
-411.97
-5973.7
-392.217
-369.014
-407.002
-401.847
-400.169
-401.147
-402.301
-1818.23
-402.046
-400.612
-400.764
-402.082
-398.988
-398.853
-409.282
-400.584
-403.697
-398.706
-403.247
-404.284
-29667.7
-212.254
-295.661
-8458.76
-8258.74
-7769.99
-401.985
-401.741
-402.7
-401.984
-398.13
-400.933
-401.507
-401.395
-400.918
-400.912
-402.065
-401.868
-401.66
-400.33
-398.823
-403.463
-402.286
-400.542
-404.518
-9051.56
-405.968
-409.926
-408.95
-432.217
-354.03
-357.851
-358.449
-415.735
-128.476
-1329.43
-9715.76
-6563.49
-6903.51
-7034.16
-7389.02
-7781.33
-7357.95
-7593.68
-8512.65
-16558.8
-25846.8
-6872.74
-6544.62
-2838.13
-5959.36
-7835.32
-4995.06
-4399.74
-4716.81
-5333.84
-5484.51
-5608.5
-5625.73
-5644.75
-5030.41
-5515.03
-4837.7
-5721.4
-5615.14
-5479.72
-5427.81
-5580.5
-5399.78
-5239.44
-5376.3
-5394.41
-5372.55
-5330.47
-5431.02
-5611.21
-5250.04
-5352.04
-5209.71
-5638.46
-5257.97
-5254.32
-5318.56
-4875.86
-5244
-5445.53
-6300.25
-5504.42
-5041.18
-5285.96
-7059.55
-6275.56
-5529.36
-5498.76
-5576.26
-5498.47
-5483.13
-5524.24
-5443.94
-5192.25
-6968.06
-7608.11
-6027.4
-7463.97
-7569.92
-8099.26
-5255.45
-5190.76
-5431.94
-2799.04
-5710
-2327.56
-1382.34
1530.1
364.446
1485.35
-408.46
12.1915
-94.6825
308.62
-158.167
429.113
2.38734
-500.38
-140.102
463.778
-1589.73
1326.84
2249.05
1783.08
-1958.37
18259.7
8340.02
101736
17554.7
17958.2
117081
48680.3
-19374.5
-19314.7
-16569.2
-17961.7
1279.38
-14323
-11705
-16725.4
-19546.2
-12754
-16483.6
-9953.51
-11168.2
-13742.8
-11549
-8431.36
-11303.9
-12720.5
-104.418
-1368.24
-1085.08
-10211.5
-9585.02
-10187.1
-10555.1
-7491.4
-7402.21
-7771.91
-7162.85
-7927.08
-6404.33
-7510.06
-7164.56
-7372.4
-6539.75
-5287.99
-6211.71
-2969.48
-4919.73
-699.401
-532.86
-1582.27
103.011
138.295
228.319
-4917.99
-1491.21
-5145.35
-4582.41
-7026.29
-5908.7
-5906.14
-5987.52
-6303.4
-6150.64
-6056.9
-6572.29
-6232.9
-7203.41
-7362.15
-7150.23
-6396.51
-7845.43
-7697.27
-8891.47
-8416.26
-8002.09
-9310.16
-11382.2
-10874
-9253.11
-772.81
-11651.6
-5571.04
-10734.9
-10658.5
-10494
-8924.19
-6164.78
-7382.75
-6403.09
-6234.87
-7206.69
-6572.9
-6987.08
-5883.31
-3396.14
-5101.89
-5714.24
-5082.12
-3742.67
-3802.51
-4670.12
-4679.2
-3720.24
-4680.26
-4729.82
-4650.63
-4729.92
-4996.25
-4662.15
-3616.12
-4673.34
-4759.65
-4385.02
-4735.01
-4754.83
-4852.22
-4793.9
-5414.42
-5356.18
-6931.49
-4737.96
-4377.43
-4922.92
-4896.87
-5056.37
-5170.68
-4939.39
-5117.5
-5038.89
-4903.97
-5337.21
-5122.72
-5483.09
-5240.71
-5272.75
-5057
-5190.5
-5172.3
-5300.97
-5632.64
-5291.69
-5301.77
-408.405
-2987.93
-383.031
-357.023
-527.612
-394.147
-539.783
-372.767
-424.848
-431.187
-413.49
-399.651
-404.388
-411.28
-405.643
-402.154
-396.547
-398.165
-398.558
-398.518
-402.94
-398.174
-401.252
-399.106
-402.002
-399.565
-399.131
-402.714
-398.967
-409.564
-399.446
-402.107
-402.958
-398.741
-7699.66
-7078.72
-1080.84
181.732
-555.882
-681.95
-397.857
182.703
-658.196
-7869.36
-7609.16
-2717.76
-7344.25
-7565.81
-10763.9
-6783.65
-8783.53
-8095.79
-399.904
-401.054
-401.088
-400.205
-365.543
-433.744
-372.743
-412.263
-2128.08
-6124.98
-2663.82
-3983.77
10674.4
-401.494
-400.07
-400.371
-400.037
-395.746
-402.868
-397.692
-401.908
-397.145
-397.059
-399.725
-400.576
-395.346
-394.203
-407.002
-403.175
-359.423
-7818.46
-8516.13
-7472.16
-8478.37
-7376.52
-7076.74
-7322.75
-7577.95
-5629.66
-7658.05
-6622.25
-5370.44
-5554.7
-5649.98
-5563.98
-5623
-5456.65
-5288.54
-5450.65
-4895.86
-4918.59
-5409.63
-5277.5
-5206.48
-5398.03
-4574.2
-4725.48
-4215.6
-4869.4
-4827.19
-5230.37
-4428.5
-5453.44
-4713.5
-4635.54
-5649.51
-5253.07
-5997.81
-401.036
-400.314
-6456.91
-6295.56
-5406.41
-5499.34
-5608.39
-5198.16
-1605.64
-1496.19
-1944
-644.441
-711.056
-263.969
636.968
-1074.39
-51.8907
-269.128
-131.769
61.686
-149.399
-2748.81
1249.3
-2891.3
-14813.1
-10773.9
-10675.9
-10094
-18537.6
-10074
-9653.49
-10151.7
-9546.41
-10286.6
-8366.24
-7092.54
-9680.06
-6666.99
-6694.59
-7148.56
-7900.86
-6624.74
-5413.03
-10985.1
-2761.92
-3064.55
-180.718
-7472.93
-7008.31
-7874.28
-6541.28
-7204.35
-13169.1
-7844.59
-6925.18
-387.341
-429.34
-406.374
-389.578
-404.719
-405.917
-400.912
-399.302
-403.298
-398.992
-399.706
-401.674
-400.776
-398.954
-399.241
406.766
-7018.82
-7698.82
-7330.48
-8277.86
-398.799
-7411.93
-12633.9
-389.265
-7558.27
-10336.4
-8804.48
-402.013
-403.766
-10774.2
-1846.53
-5898.14
-6078.32
-6305.77
-6819.58
-6543.73
-6985.26
-2460.6
-12214.3
-5667.08
-5405.62
-5307.6
-530.825
-492.685
-449.725
-404.557
-402.223
-408.955
-10081.8
-8448.92
-404.762
-407.188
-361.123
-5833.7
-5257.3
-400.776
-6230.74
-6019.39
230.351
-1603.84
605.636
-17530.8
11995.3
-10706.4
-8305.01
-1095.11
-2279.75
-714.066
-5786.3
-5631.06
-6039.15
-6153.17
-6121.42
-4934.08
-4971.47
-5300.08
-399.279
-421.795
-420.9
-400.982
-402.148
-6957.89
-6935.05
-386.754
-5643.36
-4669.95
-4586.85
-399.709
-4991.45
-7610.54
-2343.84
-12.9408
-402.214
-400.895
-6802.75
-387.198
-386.645
787.189
2027.17
5301.99
-400.849
-15439.8
-9421.24
-23709
-400.374
-658.953
866.005
-1333.28
-978.712
-7253.5
-398.233
-5561.79
-396.811
-8767.79
21275.8
111746
111909
-7039.51
-1234.3
-1523.28
-1844.48
-10132.5
14817.1
572.078
-5082.01
-6939.53
-4968.53
-4911.93
-5982.69
-6212.23
-6588.66
-5767.12
-529.794
-4548.13
-403.64
-405.666
-381.031
-386.992
-4712.9
-434.962
-4711.25
-406.306
-384.149
-408.034
-424.663
-406.552
-409.785
-403.216
583.673
-7593.62
-8111.24
-5289.76
-5827.51
-436.085
-527.607
-407.9
-6933.09
-402.723
-502.6
-880.792
-5498.07
-6655.83
-6690.67
42.791
-948.281
15009.1
-6704.15
-5909.79
-5912.15
-3066.06
-7839.87
-4070.86
-5428.26
-5304.3
-836.511
-524.036
-428.436
-363.802
-402.365
-7030.65
-400.964
-406.882
-8302.74
-400.977
-7305.56
-400.206
-405.12
-5277.97
-6453.16
-5417.28
-5343.11
-5481.98
-6019.47
-6594.91
-5799.79
-1667.79
11375.8
13044.6
-400.509
-400.18
-400.375
-401.419
-1697.05
-1342.94
-1570
-1793.45
)
;

boundaryField
{
    Wall
    {
        type            zeroGradient;
    }
    Inlet
    {
        type            zeroGradient;
    }
    Outlet
    {
        type            fixedValue;
        value           uniform 0;
    }
    Empty
    {
        type            empty;
    }
}


// ************************************************************************* //
