/*--------------------------------*- C++ -*----------------------------------*\
| =========                 |                                                 |
| \\      /  F ield         | OpenFOAM: The Open Source CFD Toolbox           |
|  \\    /   O peration     | Version:  2312                                  |
|   \\  /    A nd           | Website:  www.openfoam.com                      |
|    \\/     M anipulation  |                                                 |
\*---------------------------------------------------------------------------*/
FoamFile
{
    version     2.0;
    format      ascii;
    arch        "LSB;label=32;scalar=64";
    class       volScalarField;
    location    "1.5";
    object      p;
}
// * * * * * * * * * * * * * * * * * * * * * * * * * * * * * * * * * * * * * //

dimensions      [0 2 -2 0 0 0 0];

internalField   nonuniform List<scalar> 
2958
(
1931.84
-10.8108
-2398.24
-18878.8
-60.9543
-2314.85
5214.94
3746.15
-81.3437
-0.78606
2820.45
4879.65
794.171
4872.98
2032.75
3037.44
-3.90783
967.877
4873.18
564.531
4898.11
-40.6881
4894.46
2046.12
847.093
1700.47
-278.317
492.35
-326.845
2668.6
1815.06
-190.977
4741.43
557.649
9059.4
-7401.93
4874.89
4924.22
-1119.43
372.321
46165.6
-9014.72
5719.57
2295.72
4877.47
-40.4789
3183.15
-72.372
-6639.92
2140.05
2281.26
-142.745
1064.26
2980.44
2257.34
-3612.93
2136.03
385.462
1953.48
46474.1
38.8902
1328.79
10832.9
2653.97
4873.34
4872.2
2983.3
-111.479
2074.41
-855.093
-6.14551
4881.71
-65.6533
1898.11
4875.64
2863.16
9.83904
11107.2
4864.67
2256.84
894.639
266.976
842.308
157.604
1514.35
1984.79
-10.9824
1939.01
-38.8656
4989.45
9812.51
-42.7192
3636.17
4873
-61.0981
3344.7
-3279.02
-16246.2
4871.4
4876.97
-19765.3
1958.72
4330.35
-88.2464
4802.93
1699.82
4882.89
-10211.1
4873.52
4541
-59233.1
2201.38
4873.23
708.067
4872.77
4874.46
2094.62
2088.47
-12.3605
2032.18
-1113.5
4880.32
3697.98
-48.0592
-1152.07
1056.09
-1098.1
5.00228
2053.02
4874.13
4872.59
4914.81
2005.14
4865.03
4874.24
4869.56
917.259
526.327
4873.6
4872.4
268.622
-69.3416
4896.95
4874.57
1897.21
-68.8509
4874.55
4879.09
-50.4339
4880.51
679.159
-3761.56
978.069
4086.13
1448.41
4872.59
5135.38
1568.6
7894.29
1384.72
1162.81
-101.717
1669.09
4877.37
826.548
-1691.99
4905.51
4870.77
-103.362
-2124.31
-141.878
4882.5
4799.34
-133.88
4859.51
-3190.38
742.999
-72.5694
9341.05
2125.9
3550.53
1.45491
1133.01
-88365.8
-50.9601
8.3472
-40.6381
4873.34
-65.2266
-7479.38
36.4418
-74.1018
-145.202
-345.506
-92.8446
-337.811
2.73755
-193.774
2407.07
109.028
-355.052
4865.76
1868.3
-91.4758
-3945.83
-40223.1
3399.05
-39125.2
-9.66615
-8968.55
4873.68
4995.31
4871.94
5.83678
4873.98
201.612
2671.5
4873.42
4874.69
4871.86
4886.82
-94.1674
7459.91
20.3402
-179620
2604.79
284.741
4875.32
-58.0526
-231.645
-32.1191
-221.886
-71.8213
-54.9275
-338.32
4888.17
4873.86
1951.51
4873.72
34377.2
4875.28
33144.8
-9347.23
550.55
1605.41
1185.68
5547.97
693.21
2362.89
2079.45
-278.302
193.272
1901.34
-631.115
-19279.5
-177.131
2095.89
-63.3106
2027.11
-58.3428
2320.04
4952.4
304.49
53846.7
3311.71
3471.82
2625.25
2038.12
6584.5
4867.52
4874.64
15.6471
2026.3
4888.21
6.35039
2016.41
4875.39
-82.9075
4867.48
-27.0337
4872.5
4878.23
3325.81
1781.61
-82.8178
4876.11
4007.65
-35791.2
-65893.4
2645.05
2042.02
-89.8075
4873.3
4879.36
1932.25
-89.7585
4872.67
2358.33
4872.97
2239.63
2587.97
-77.0886
-64.4111
99.8596
136.714
-99.24
-22769.4
4947.35
2173.86
2843.37
4875.35
2955.97
2369.7
4873.77
-6.89403
-178461
22.7117
6673.11
-40.8809
1927.58
-53.4342
-25.7448
1656.12
-72.7043
-2148.05
4864.41
2150.74
4900.04
-63280.4
-33897.5
-16.3674
2494.28
4883.48
4873.47
-800.327
4873.65
15927.3
4791.24
15340.7
4875.08
1957.19
-2.30286
-17.4707
-96.2858
4872.94
-36.6561
4872.87
-670.52
-1140.59
66.9781
3015.53
2354.77
-264.987
-29.4659
-131.801
2120.25
4870.73
1648.38
-863.184
2230.61
-33973.6
1831.43
-7632.15
3437.51
1616.3
73.9947
6511.63
-35946.6
-16429.9
13.3326
651.59
-63.6766
4872.15
-10335.6
2194.27
-0.00411874
2325.22
60.6394
-54.9183
-11.9677
262.544
4099.12
4873.4
1643.7
-43.8578
4857.6
1976.2
-254.717
4855.11
4871.45
-73.0346
4869.51
4466.68
-32.9209
478.248
178075
-33740.5
4873.31
4876.53
-16.3233
1524.55
2115.92
1.51951
-20221.9
2383.88
1948.28
-40.2694
1951.9
1980.64
-1055.35
1775.04
908.965
2680.92
22.8424
-60.2392
-8.10444
72.3939
-3100.6
2263.07
2262.22
4876.89
-11992.9
-177.051
-14523
574.624
4952.93
-98.7295
645.573
1741.05
-12.5373
-76.5409
-372.153
-67.9302
434.451
418.402
-12.212
-160.507
-163.039
592.079
4868.36
-76.5301
-99.439
2102.84
-1014.31
-139.832
4818.27
4898.38
4.33859
4859.39
-24.7445
4860.06
-250.83
10240.5
-95.9135
968.41
-3045.11
4873.07
1958.91
35.1911
4873.28
-69.8841
-13621.4
-307.254
2490.08
2095.18
6350.15
505.089
3428.2
2131.78
2568.14
2578.93
4879.4
2447.71
20.3273
1973.9
-12.6236
3846.27
-94.6813
-919.482
3012.69
952.882
70.979
4872.89
3528.88
-6.41273
2121.43
1431.61
3561.93
1263.88
1977.69
-40.6424
-41.1011
-14037.2
2120.2
93.5461
2502.89
2160.69
4874.62
4876.91
4875.15
84.8642
4874.6
4872.81
-125.106
838.206
4873.61
-22058.2
-121.222
-4510.11
-1828.71
4875.7
4873.25
1986.5
4872.27
2259.59
2259
720.779
3739.11
15.6895
-445.713
4348.5
-13.9725
1140.12
-21.6553
2723.75
3555.38
-98.305
4952.71
3011.72
-5976.89
2997.94
4996.52
-11.9561
4875.73
3951.89
6737.84
-107.167
-71.4396
1198.8
2966.41
2218.8
2611.14
4878.9
3305.39
4875.49
3988.06
3108.11
4891.64
4873.24
-82.1761
4872.21
4873.95
-17.677
1516.74
-1292.94
1710.42
2216.14
2002.86
2441.81
2581.39
1884.02
-51.306
2476.48
2236.78
2171.53
2237.71
4872.94
2088.84
36312.6
2219.75
1426.85
2058.67
4875.41
4873.44
4810.12
-82.7517
4875.03
3346.35
4873.68
1601.41
-9.71066
-2.70104
3103.46
-49.2598
925.657
4944.81
4872.89
4874.95
-29.156
2423.58
4875.48
4875.35
2106.6
-726.361
4949.43
-428.676
-307.165
403.836
2388.53
7272.55
4882.72
1954
4854.76
-254.913
-20.4991
1984.89
5083.37
-1013.79
4909.32
4871.47
3202.78
2205.38
4873.35
4873.41
4188.62
-294.072
8857.01
-42.4903
4877.64
-31137
-769.382
-17006.5
2204.56
121.781
1610.1
4874.08
30.66
1887.18
2477.54
4872.9
-976.158
4872.13
-47.5337
4872.41
830.474
2380.47
4793.94
178.356
-1157.42
11803.8
4875.76
1793.87
3684.14
4794.66
2376.77
4958.67
-10.5188
4911.76
2419.63
4873.52
4872.56
-1117.14
-1757.79
194.368
1709.77
2.5343
-36.4902
4939.09
1268.21
-140.574
349.653
4967.27
4867.03
4860.45
7334.4
4869.11
-77.735
4858.49
2293.81
3521.77
-45.902
-10.2688
-2235.38
-69954.3
-61.2037
-131.057
2043.8
-26926.9
4908.91
4874.74
-65.7152
378.976
4875.51
-115.516
4868.99
8.14429
-12.3236
2247.09
885.287
-29.6569
6580.93
-109.382
814.237
76.6841
1887.93
4857.46
887.552
1331.38
2026.26
4879.36
4873.12
628.281
2392.41
-8832.39
1683.21
3264.74
13.8636
-36211.4
11.9975
45.9232
-371.816
1.97113
-25.393
2211.74
-1005.24
264.549
-308.561
2021.45
822.032
-91.7629
3341.28
4893.76
9.15756
2170.36
4873.45
-144.681
4868.04
-146507
7822.22
4865.54
-2461.52
-59158.7
-7522.02
-62.2909
4572.02
-387.304
1860.62
1625.33
4896.91
11871.1
1851.66
-10089.2
-129558
1530.3
2054.73
4857.16
-3821.44
8675.09
-85.3381
-5517.11
-16587.6
3544.09
4880.39
-44282
-30190.8
-30277.9
2242.64
1719.3
3806.13
3918.74
4874.25
4872.08
4874.08
-3258.9
20.7563
4872.93
1910.22
4874.09
-3450.66
4888.27
4821.79
-59.6898
-39333.4
-23.1866
4872.11
4875.33
-125.813
631.652
4876.93
4873.27
-36.0827
4871.93
-19200.6
683.213
4808.65
12.8878
1746.78
4877.05
-22.9244
2002.59
1923.99
-1450.7
2181.16
1704.89
2100.32
-20.7364
4855.32
2424.1
2168.18
1294.94
-33.9861
4859.24
-340.234
-10145.2
2010.27
-161.77
682.302
3082.82
-16.461
2432.16
-121.067
5252.14
1363.29
4874.76
3582.76
-1261.54
61.2074
1985.7
29862.7
-34783.4
710.972
3336.93
955.671
1636.4
2451.33
-94.467
3847.7
86
-111.831
550.226
-189.781
1959.96
2594.36
-59915
2005.32
-34.9869
-152.732
4870.6
1122.78
3188.11
-2219.01
1541.94
4873.39
4904.84
4883.71
2405.16
1627.57
621.413
1859.69
363.887
2211.13
629.689
-932.194
86.7326
-35.4825
672.676
-5.39916
4872.95
515.594
624.018
-16.4601
-81.7259
4506.37
2378.38
-3773.09
585.37
-309.084
3258.39
4829.77
3630.58
-420.126
4876.94
-10.1085
-76352.7
-22956.5
-1333.3
-271.415
4872.91
4901.75
2530.03
4873.79
4873.96
4874.52
117.973
2055.07
2140.9
-16.6614
9503.85
2385.99
-153.657
-67052.2
2196.83
-52.4715
4871.15
-5.87237
-424.694
2526.04
652.162
9.39047
-119.822
-41.4289
-128569
4872.75
3237.51
-65.6484
-110.914
-6.17119
-87.0513
-81.0053
4882.16
832.504
-111.924
2598.84
-320.858
-185.432
-100.364
-72.2851
4346.89
49.7085
2844.95
-86.8016
-59.3131
4783.52
2127.78
2799.58
-17.4033
-105.301
3942.02
-79.4238
-30.8138
-68.2447
-415.491
-53.6462
7223.31
2667.7
20.3985
2142.76
4.82087
3148.87
9.75178
1734.22
-62.6418
4873.96
2019.36
7377.15
-113.293
-2502.52
1008.39
-199.68
1.33552
-871.23
-120.985
1675.02
-51029.2
-299.476
20.5747
1582.27
3618.98
7174.02
4876.26
4873.94
-119.305
-42.4449
-612.46
4875.29
767.619
132.214
-107.292
2053.15
-2760.1
-11.9756
1799.55
-32690.5
4873.33
-776.414
4869.37
1658.24
-31108.7
2734.67
-1568.67
4822.62
832.532
4877.07
6592.46
-5623.35
76.233
2592.57
1919.35
-188.601
-151.315
-104.634
1835.21
2097.65
-652.691
-314.837
2058.92
657.891
70.2467
-53.4916
-0.772862
2.20085
46.4107
-61.4708
1735.06
-156.64
-1266.7
2026.64
2047.48
4474.01
4898.9
-33654.2
73.1659
4866.16
-64059
-252.137
1894.76
4871.42
605.653
2148.57
4564.11
2273.31
-422.012
-66474.7
474.598
-64.1366
4482.25
2231.23
1559.38
61.85
-17809.7
4874.3
585.84
2604.34
2010.71
4871.2
4873.41
1568.15
4875.98
4875.11
4804.79
2281.92
3448.29
4874.46
4864.96
1.9238
4868.75
2037.42
1635.63
-1173.18
4873.42
2732.54
2277.66
6274.76
-155.345
5118.64
-5997.69
4872.33
2581.75
4865.74
4873.59
4873.52
-906.923
2195.03
4855.54
1882.45
718.408
-85.4343
1953.75
702.202
-45.9406
4867.91
32.372
4857.99
-75854
-35942.5
4867.03
3019.83
248.513
-9873.21
-78.4318
-129.481
1852.97
6587.79
-340.343
-1020.39
4882.84
2988.91
6.98194
1508.92
1564.17
66.9209
1527.74
3418.63
-5668.73
-879.665
4876.97
-33589
-39.7678
-1150.3
-60.3453
1552.56
42.7413
9.24963
4864.06
109.607
-2538.13
12.6418
4870.18
365.212
4877.76
4873.92
4876.64
4872.95
-45.7276
-85.1564
-104.995
-2.3522
-61.0299
-250.195
-35.0402
6.99861
87.2491
-0.874115
2040.05
2782.31
4506.25
2440.61
53.9177
-20.9828
-70.5196
4873.73
6199.47
-2441.16
-56.0613
164.152
-8969.12
-243.816
2213.57
4873.84
4877.02
1576.17
4903.76
2228.14
-77.1497
1678.84
-280.056
1187.24
1793.59
-301.156
21190.1
4860.17
-587.078
898.449
-3662.65
-821.289
5546.69
1636.93
-1381.72
2045.76
4868.1
388.744
-2841.22
-64.2286
-12.8892
2166.18
2267.15
2580.85
2273.83
3355.91
-31.601
4872.54
2106.93
3433.48
-517.643
4870.14
4859.04
2280.8
2175.72
1180.15
1999.37
-8258.69
-595.723
4875.14
165.457
6105.44
4886.01
-298.18
4877.56
1975.72
-38.1762
4876.18
19.1192
240677
1256.43
2012.96
1383.72
4883.81
2185.16
4863.4
2401
-683.412
-64642.5
2854.75
4896.85
-13.225
1619.46
-63033.7
4875.83
10880
3741.22
1740.82
4892.01
776.761
-222.457
2019.87
-2.62091
3025.39
4329.03
2453.41
1500.72
4866.11
-126.326
2531.6
891.742
1818.66
2462.55
-40.8667
-10.4843
4901.81
2660.01
2596.87
4873.19
2241.24
4897.93
-850.864
4856.65
-8.17855
-5.12768
-7974.75
-191.981
393.08
4881.3
15.6593
2482.66
2968.32
-989.232
8.95849
2003.58
1043.51
4868.98
4871.99
8389.64
9061.73
4871.63
4920.83
-107.457
1932.86
62.083
3.19001
-358.321
-3842.21
3109.07
2245.34
76.3147
-13.5547
2097.72
277.401
1130.02
2788.87
-168.649
41.2467
-168.383
2508.91
2756.14
4317.43
-40.3863
-59.3052
1204.39
560.827
11344.3
-797.413
-58969
-30.7568
3454.95
-121.337
1660.46
-3996.01
-112.048
1717.73
4819.22
-22.5085
1958.73
4873.97
2328.35
1909.98
1922.14
2242.26
361.291
2289.2
424.467
-46.9382
2518.27
1975.49
1.35582
2230.77
574.103
2634.92
502.384
11.4015
4866.31
25.4846
21754.6
4873.75
2313.86
1600.6
11.1624
934.661
387.446
1857.7
-46.7914
4857.39
1602.45
2932.72
-154.429
-143831
2298.45
2794.99
3024.2
-2397.54
-51.6551
4883.19
181927
4881.22
584.614
4878.54
179504
4872.4
2008.53
-596.117
4560.51
4872.88
46.525
4872.24
4890.8
84.5292
4869.99
-2427.91
4947.18
1934.8
4872.21
-63.4479
-18852.4
2205.55
4868.06
4689.48
1661.39
231371
4877.38
-37.6438
4882.85
-14.8881
4872.46
-771.191
232961
4872.48
-53259.9
-20016.3
1707.33
-101.028
1619.34
-120.862
-645.285
4862.81
-139.834
4873.87
4924.97
-112.559
2230.23
4879.89
-189.621
4745.55
190.028
1906.43
-22.8204
-56.2002
1966.44
-93979.2
-32.1046
2423.85
34.8243
4866.67
4873.85
967.208
-94.2494
-1303.25
-128.843
2074.82
4869.53
4880.42
-126.632
-132.563
1511.9
247.371
1604.96
-46.6012
-20.675
5120.73
4873.86
4873.53
11961.1
15.0526
-102.29
3554.71
3764.07
511.203
2760.38
638.764
-14.3212
664.05
4874.99
2473.89
2476.83
2225.92
-43.7587
-590.096
4869.73
2222.67
-1105.42
1972.69
4867.24
1769.9
105.68
2017.5
4867.13
160.544
106.234
4871.03
4880.15
4871.51
4873.18
4872.52
4873.74
-285.812
1725.94
478.723
-127.739
485.698
9728.27
-23.8584
2190.44
4867.98
4889.59
342.247
3448.37
4872.24
2467.61
-10.1004
4861.4
349.061
-1476.18
-318.96
-21.6724
-302.779
9555.35
-109.695
1416.05
2061.18
-82.6779
1455.27
4872.92
4793.39
-143.705
2591.57
4878.99
3025.28
-6591.15
1999.05
4876.24
2712.3
835.852
-32.7392
969.587
-82.4435
1958.45
4874.77
2204.24
73.4239
337.258
20.0231
-64.5875
123.798
4874.9
1012.7
523.08
2298.01
-2913.81
2171.31
-60.9934
274.716
-108.815
-59.5619
2426.55
667.239
-350.835
-16.2192
1996.43
-121.798
2399.75
2266.02
3792.56
4944.39
4873.47
-149.43
-13.1647
-99.4541
2298
-381.798
-29.3638
-64.0359
345.885
4855.95
6582.26
-18.203
9180.32
-57.332
2258.84
4874.48
-204.299
3210.97
3417.12
-1354.55
15.8782
4871.94
-54.3909
-374.427
2082.47
2554.2
548.93
4879.75
2186
-0.350596
1502.03
12381.1
1796.97
4875.12
1970.46
4881.6
-34.9631
-40.2654
-89.3633
2504.77
2130.95
2123.22
4872.62
-633.516
-55.3765
-4200.06
860.308
-75691.8
899.906
3925.38
2031.44
-684.897
-17.7244
-6.48979
2161.14
-5.76597
2011.84
4873.44
4887
-184.525
1648.2
-81.5811
4920.41
-73.3203
-0.853043
1626.32
-36.8504
3115.65
2059.31
-17.6256
2061.65
4875.26
4873.09
4873.74
4806.87
2157.72
4873.19
4869.34
1911.82
-16132.6
4873.38
-85346.3
865.386
4872.23
2384.36
-6748.89
721.125
-171338
-209.621
-5227.19
-49.0727
4826.52
2519.31
16394.2
2158.88
275.643
4879.96
-838.146
2146.57
2165.13
1804.94
1990.71
4873.54
4820.52
1645.82
4881.36
4869.49
16225.3
189.222
4873.46
1862.15
4876.16
2214.38
-811.92
4874.1
1918.77
-82.5967
2014.29
-80.6003
728.918
103.608
46.5722
-35.7591
-202.578
2197.71
1680.88
2256.17
-293.341
4870.46
-25.3397
4866.18
4042.32
-31.3032
3160.51
2791.1
4795.3
5520.28
49.0727
69.1993
4873.82
4874.57
4875.21
4885.46
4885.04
4883.23
3721.8
3180.87
9332.11
34293
16078.9
15951.4
0.137529
123.39
21.4252
-143.342
94.3594
48.4847
94.3073
-12.5244
605.698
604.645
95.4673
-550.387
-383.203
363.651
-3395.1
-3873.92
-2793.12
-1764.68
-215.456
-3110.28
-1784.3
1991.22
-7158.53
-14958.3
-23584.2
-11.1463
4801.85
-0.644263
4856.9
-242.016
-44.7691
4856.02
4787.37
4863.69
4797.25
4868.48
4882.22
4890.8
4877.36
4872.37
4868.07
4870.56
4873.33
4872.67
4873.46
4873.38
4873.07
4872.67
4873.97
4869.32
4907.7
4804.83
4896.02
4908.34
4802.03
4859.58
4856.96
-133580
-151373
-9334.72
-26301.5
-94273.8
-76198.1
1034.14
2348.75
1940.71
1235.33
-1825.01
625.454
721.78
535.207
253.962
527.574
2857.96
-1325.83
-1156.01
2649.42
2353.1
2045.39
2016.28
2038.18
2067.56
2075.55
2050.99
2053.76
1989.92
2045.02
2004.31
1985.84
1928.44
2016.08
2149.02
1481.95
1538.91
1755.59
1601.72
1132.96
1899.29
2651.69
1764.66
1496.54
2031.74
1725.47
1548.89
1706.23
1317.84
1241.3
1219.85
813.951
891.285
1100.39
379.341
699.589
960.279
3836.6
4325.66
4069.47
4256.18
6588.11
700.69
685.075
-92.2096
-93.2826
-55.6282
-169.428
-160.007
-174.327
-277.688
-91.5624
-302.71
-62.0119
-61.3963
-62.2385
-44.5823
-89.7701
-117.503
4082.46
3675.27
-437.409
-515.155
-1029.03
-631.257
-1085.48
-672.021
-766.286
61.372
292.404
-194.887
-105.112
-17.5097
148.388
81.5004
59.1396
15.3206
62.457
-51.2825
-72.2909
-217.664
-135.389
-111.76
-70.2629
-82.502
-76.5607
-15.6178
-158.308
2559.25
3329.4
3284.03
2582.29
2612.7
3199.89
3600.43
3553.49
3358.91
1877.66
1448.94
1564.53
-764.133
586.454
534.015
2968.74
4390.56
2463.44
5105.38
-33435.1
-34031.7
-43042
-34073.9
-33728.9
-41915.6
-33645.3
-21901.9
14169.9
-21235.9
6794.12
920.393
1861.97
46672.8
36614.1
35980.9
-4209.07
16956.6
17038.3
-65.2675
-47.609
339.767
11097.3
11912.6
8720.34
7604.57
8351.21
6267.54
7249.96
8150.14
5479.03
6346.54
5756.38
2127.58
2620.08
1256.33
1602.98
1975.64
1770.6
1986.05
2051.42
2052.47
2032.44
2182.49
2215.44
2190.54
2200.89
2093.28
2135.77
2090.22
2311.26
2282.56
2272.91
1897.05
893.064
4653.4
4677.6
4816.2
4843.65
4870.74
4871.97
4881.79
4887.14
4871.41
4865.6
4869.73
4863.69
4864.2
4868.43
4856.03
4829.62
4873.98
4857.11
4825.43
4846.83
4848.24
4881.39
4850.73
4860.68
4869.36
4859.91
4885.97
4889.6
4860.16
4872.52
4870.16
4872.32
4867.39
4866.29
4866.11
-269.264
4873.04
4872.05
4875.22
4875.58
4869.91
4871.18
4872.71
4868.51
4873.16
4867.31
4905.68
4797.13
4909.64
4848.12
4849.46
4737.6
4872.31
1112.63
2078.44
2061.42
2023.25
1996.99
2397.68
1080.24
816.982
5413.85
-4106.46
4241.25
713.541
-64.7656
-267.457
-85.8809
-60.2617
-60.888
4061.03
741.72
-1115.11
-865.587
-533.831
14.7608
55.197
103.17
-26.6042
2619.54
113.677
2659.99
2681.88
3429.54
155.106
-382.158
326.655
-387.486
1135.99
-336.991
-33523.9
-34030
-34073
-22070.6
10878.4
16305.7
4422.09
7107.42
668.283
10841.3
11378.7
7285.72
7005.45
7916.96
7541.78
1631.81
1977.39
2231.49
2131.6
2099.07
2059.84
2017.78
1561.44
2092.16
2251.37
2203.46
2283.73
4638.52
4880.46
4870.59
4848.38
4854.84
4877.6
4854.22
4826.68
4884
4858.03
4857.68
4857.18
4867.71
4870.25
4872.2
4868.04
4867.14
4872.27
4868.55
4867.31
4873.46
4870.42
4871.67
4871.93
4877.34
4877.28
4875.11
4875.32
4875.1
4874.55
4874.47
4872.71
4869.34
4872.48
4873.09
4872.75
4873.75
4871.49
4873.99
4872.67
4874.9
4874.91
4875.64
4875.09
4873.63
4874.38
4874.97
4874.16
4875.49
4876.39
4874.97
4879.43
4877.75
4876.13
4876.43
4872.91
4899.77
1488.6
1230.88
-280.231
1094.6
1015.4
-20971
-8204.61
-9347.11
-15340.5
-76350.4
-57809.2
-69690
-10350.6
-75949.7
2674.73
3227.63
2766.87
2023.38
2174.66
2186.17
2448.79
1976.31
2201.51
1942.74
1993.35
2097.83
2001.02
1770.6
1851.09
1698.43
1815.54
1745.47
1670.7
1610.24
1598.86
1653.03
1660.17
1371.55
1452.67
1304.58
1311.28
1922.76
1445.33
1462.44
1348.69
1353.69
1436.47
1225.91
1123.46
1072.45
971.454
918.826
936.31
754.504
737.285
667.767
302.203
812.734
857.505
-100.902
1292.45
430.762
749.096
569.727
582.651
-93.5981
-105.343
-128.584
-127.999
-56.8019
-102.318
-84.7422
-47.428
-54.5672
-76.8949
-16.9012
-38.5788
-17.5681
-8.59851
-61.0766
217.516
-1112.79
1478.84
821.926
1448.3
350.286
866.581
366.721
254.928
-1038.53
355.072
-56.5796
0.18235
212.844
-51.087
100.812
-250.017
-95.6716
-288.421
-100.489
-32.926
-13.6236
-11.4714
0.650465
-0.251798
3.0378
-15.6321
7.62107
-9.4405
0.715961
-67.6649
-36.6283
6588.86
-51.3035
-73.7444
-46.5389
-83.4674
-86.7545
-214.966
17.9088
-27.034
-212.612
2707.49
2631.58
2684.77
2719.08
-100.466
102.755
-265.885
68.636
-70.1604
-409.835
-408.966
-487.051
279.11
264.439
-192.066
903.11
677.617
477.469
649.263
6592.2
1136.58
-34983.6
-42617.7
2219.69
-27913.6
11322.9
-4167.48
2439.1
2200.27
9523.18
2338.06
-849.423
-2326.1
-7991.09
-9151.66
-3832.53
-382.823
245.717
1809.63
3247.15
2753.25
3434.03
3784.72
3847.55
4010.75
3811.92
3617.6
3535.89
3714.87
3611.84
3502.14
3636.68
3300.24
3346.58
3236.58
2618.4
2719.72
2464.83
2747.68
2678.16
2581.29
2425.04
2527.96
2595.61
2526.3
2449.63
2401.48
2457.66
2201.71
2318.95
2208.3
2375.26
2402.24
2280.06
4750.07
4882.15
4741.51
4825.74
4823.12
4819.24
4832.98
4823.85
4834.36
4858.55
4866.06
4877.49
4867.01
2207.6
4878.68
4889.97
4868.48
4870.73
4871.86
4872.05
4870.45
-55.9849
4871.43
4872.44
4872.66
4871.89
4874.31
4874.22
4866.81
4873.74
4872.53
4875.32
4872.65
4871.17
-4857.24
-74.2768
-59.5414
-40.8541
57.2788
374.749
4872.88
4873.15
4872.25
4872.92
4875.72
4873.54
4873.03
4873.18
4873.28
4873.9
4873.98
4873.8
4874.27
4873.82
4874.14
4874.84
4874.23
4874.81
4873.97
-4508.57
4873.64
4873.55
4873.59
4873.87
4875.53
4875.39
4874.79
4875.63
4956.99
4362.59
-336.905
1940.4
1810.28
1689.69
1088.68
629.222
1161.98
947.753
-165.523
-8352.38
-17482
-18.7102
-44.1687
2014.56
158.447
-130.63
3689.82
4076.45
2932.66
2565.75
2135.77
2199.7
2027.97
2120.82
2532.44
2194.51
2450.57
2064.29
2070.12
2137.39
2137.54
2111.53
2152.95
2235.93
2165.81
2152.94
2143.42
2157.75
2132.83
1997.18
2225.65
2139.17
2233.51
2040.56
2164.32
2216.32
2167.93
2331.57
2128.61
2137.53
1381.46
2023.62
2249.08
2141.3
-229.354
1384.97
1973.97
2000.94
1992.21
1980.17
1955.23
1898.26
1965.98
2149.77
485.99
-406.046
1532.06
69.8901
33.2374
-9.34189
292.124
551.038
196.839
-99.2302
28.9947
-90.9255
-56.3284
-104.675
-88.8196
-85.7293
-79.4423
-85.2226
-58.1364
-44.8227
-52.2808
-39.9996
-52.8131
-49.8144
-45.2718
-35.986
-25.92
74.5834
-37.7681
-24.9465
-31.8786
-21.6907
-196.598
117.574
-8.54935
141.809
-4330.23
-2478.38
-134.859
-15.8026
-206.519
-202.645
-888.463
51.0433
53.0794
1.00923
8.42978
6.65866
24.649
109.152
-87.2304
-63.3926
23.6131
152.489
-275.654
-270.963
-60.1381
-79.5928
-65.0384
-49.9549
0.200655
-52.7631
-58.034
-4.17574
9.28921
-10.6143
4.00707
-23.3192
54.4003
6.86202
15.589
-8.1847
-18.3207
39.0025
19.7818
-80.3701
7.48768
-26.8674
-36.8367
-50.7056
-9.71908
-26.5763
-10.2859
-191.052
-91.961
35.3768
-167.068
-480.035
-200.167
-137.6
-155.37
-97.4369
-98.9193
-88.9237
84.8901
-266.489
-240.872
-314.931
-297.084
-269.03
-1148.13
-558.26
-2476.04
-1883.08
-1709.53
-4691.69
-8159.61
-8557.15
-6543.42
947.348
-9788.35
-2383.21
-1739.46
-1516.93
-1284.53
436.39
240.565
-761.668
142.357
-2011.38
-378.159
29.1665
-303.401
312.859
4664.41
2604.45
2112.97
2601.42
4174.22
3832.55
3042.84
3035.77
3771.78
3040.05
2992.74
3038.97
2970.85
2873.1
3015.26
3556.67
2992.52
2855.18
2910.41
2788.8
2851.36
2629.58
2723.24
2465.7
2483.72
-229.785
2550.2
2668.73
2601.37
2473.77
2386.26
2504.86
2455.22
2565.5
2390.54
2446.66
2468.47
2328.49
2362.91
2286.29
2255.45
2346.37
2287.73
2309.3
2229.3
2208.14
2455.23
2412.85
4873.93
5065.66
4877.79
4889.31
4824.53
4878.04
4822.88
4883.54
4865.08
4862.79
4869.83
4871.88
4872.87
4869.87
4871.27
4872.96
4874.56
4874.39
4873.79
4875.01
4870.39
4874.6
4872.53
4874.42
4871.66
4874.41
4873.75
4871.49
4874.15
4866.55
4874.97
4873.29
4872.06
4875.64
-346.612
165.479
-82.8453
-33.3525
-57.916
-69.3761
-57.7958
-1.73248
-67.6797
683.138
773.26
-36.9887
684.385
882.357
-1701.5
1848.97
-299.591
375.334
4874.31
4873.95
4873.89
4874.15
4875.45
4867.32
4875.14
4875.09
-18.8261
-17.6183
-126.327
-27.2223
120.628
4873.92
4874.62
4873.59
4874.44
4875.54
4874.71
4872.98
4874.98
4874.02
4874.33
4873.2
4872.98
4873.59
4873.51
4873.5
4873.61
4875.51
393.478
-142.082
1077.88
-117.067
-133.173
22.8402
-544.778
-1053.78
2210.74
679.736
1199.93
2246.81
2059.84
1890.68
2163.13
2029.99
2222.12
2264.33
2229.79
2472.88
2462.71
2198.33
2238.5
2306.66
2142.04
2633.76
2670.55
2914.86
2346.76
2785.9
2570.61
3079.37
2018.79
2983.73
3055.21
1742.25
2538.71
1563.34
4873.5
4874.13
230.802
120.355
209.966
60.8694
-268.586
-203.093
-99.5036
-90.8551
-102.083
-124.161
-126.118
-90.0778
-49.8404
-91.4892
-48.6802
-19.7985
-43.2784
-36.3796
-39.8206
1.62707
-14.7127
-45.3656
-65.7312
-58.3197
-71.9226
18.3072
93.7942
-0.0187272
15.1552
-18.4526
-18.9757
-45.5496
-15.5324
36.6047
-33.8104
238.179
-778.337
-665.732
-20.1875
22.82
-73.4781
-25.7927
19.9707
36.547
-26.2444
-620.024
-8.17374
-1103.51
213.865
-785.788
-9242.84
-1716.29
480.493
4871.29
4864.85
4875.29
4872.92
4873.99
4874.93
4875.08
4873
4873.6
4873.78
4874.49
4872.93
4873.4
4874.39
4873.54
65.8689
-74.859
-491.749
-333.937
-114.029
4873.79
-344.903
-9090.2
4880.11
-440.595
-21.2508
-3.38004
4875.87
4874.05
-92.2491
-25.4134
5.20351
38.9175
1397.88
-74.9595
-344.897
-76.1876
792.616
-9997.4
2205.96
2375.36
2399.77
4826.07
4838.81
4857.5
4869.07
4871.09
4869
-6788.55
-19.5212
4874.33
4873.39
4878.7
1894.17
2172.33
4874.06
822.867
877.642
-41.9559
-114.608
-23.8633
-135.304
-1.31119
-5939.68
-1675.26
-61.5104
-156.887
-75.6715
-42.1953
-82.0503
-200.785
43.5235
1262.55
2468.55
2438.75
2236.85
4873.74
4866.78
4868.57
4872.51
4872.92
8.92491
-416.985
4871.22
-306.014
2889.93
2630.78
4873.67
2379.6
-831.474
20.7897
13.916
4872.63
4873.05
138.828
4883.09
4882.55
6174.23
169.744
644.196
4873.62
-1618.91
-139.843
-16291.5
4873.06
4858.4
-2.76748
4805.32
4833.43
1453.07
4874.91
2066.05
4875.81
1041.29
-57.5894
361.13
-630.363
91.1609
3293.16
3391.7
3245.28
-594.798
24448.7
8344.31
2351.19
1830.61
2395.2
2457.25
2071.67
2213.63
2156.93
2308.58
4828.95
2990.71
4871.86
4872.36
4881.16
4875.05
2991.57
4858.59
3001.45
4868.27
4883.79
4870.87
4859.68
4867.04
4871.34
4874.43
2677.39
-3219.77
-1576.54
2417.73
2262.25
4857.77
4828.03
4865.8
-1136.8
4870.63
4867.64
4842.37
2126.64
1216.75
1203.27
-49.9186
10.7303
-72.8263
4.03576
-294.386
-141.372
-375.656
-3888.26
3843.41
2324.85
2408.2
4744.18
4830.71
4863.18
4888.14
4870.85
-312.666
4873.57
4870.53
49.6314
4873.2
-625.498
4874.08
4873.43
2353.65
-339.496
2197.72
2017.31
2054.65
1448.23
663.064
1576.3
-110.652
-79.4538
166.203
4874.11
4874.6
4874.28
4873.18
3369.46
3490.31
3396.06
3258.11
)
;

boundaryField
{
    Wall
    {
        type            zeroGradient;
    }
    Inlet
    {
        type            zeroGradient;
    }
    Outlet
    {
        type            fixedValue;
        value           uniform 0;
    }
    Empty
    {
        type            empty;
    }
}


// ************************************************************************* //
