/*--------------------------------*- C++ -*----------------------------------*\
| =========                 |                                                 |
| \\      /  F ield         | OpenFOAM: The Open Source CFD Toolbox           |
|  \\    /   O peration     | Version:  2312                                  |
|   \\  /    A nd           | Website:  www.openfoam.com                      |
|    \\/     M anipulation  |                                                 |
\*---------------------------------------------------------------------------*/
FoamFile
{
    version     2.0;
    format      ascii;
    arch        "LSB;label=32;scalar=64";
    class       volScalarField;
    location    "7.9";
    object      p;
}
// * * * * * * * * * * * * * * * * * * * * * * * * * * * * * * * * * * * * * //

dimensions      [0 2 -2 0 0 0 0];

internalField   nonuniform List<scalar> 
2958
(
-2.56515e+17
-3.12946e+14
-3.51096e+14
-1.0045e+17
-1.89132e+14
-3.55684e+14
2.14575e+15
1.44329e+14
-2.38162e+14
-1.3078e+14
-2.11557e+15
-6.84546e+18
-7.20875e+14
-6.85682e+18
1.26963e+13
-1.26353e+17
-2.46497e+14
-1.21841e+15
-6.8648e+18
-7.14077e+18
-6.81379e+18
-2.49601e+14
-6.70619e+18
2.15108e+14
-8.70482e+14
7.31147e+14
3.46193e+15
3.10268e+14
-1.02375e+18
-3.16174e+15
3.35205e+15
-1.30185e+14
-5.96438e+18
-1.03047e+14
3.45627e+14
-6.61324e+13
-6.73948e+18
-6.70901e+18
-5.36015e+17
8.51817e+13
-2.50534e+13
-6.51396e+13
2.30753e+15
9.30188e+16
-6.84168e+18
-2.38859e+14
-3.94984e+14
-1.1784e+14
-1.00514e+17
-2.85241e+18
-1.37024e+17
-1.94061e+14
-8.63339e+13
-6.99686e+14
-1.47955e+17
-6.98707e+13
-7.62756e+14
-8.55267e+13
-6.10208e+16
5.29191e+13
-1.23095e+17
-3.00961e+17
5.90922e+14
-2.85468e+15
-6.84448e+18
-6.86343e+18
-6.36097e+14
-2.52492e+14
-2.04402e+18
-3.62433e+17
-2.45167e+14
-6.84784e+18
-2.60386e+14
-4.23345e+16
-6.87375e+18
2.56082e+14
-1.32043e+17
5.9721e+14
-6.68985e+18
-1.55939e+17
-8.08447e+14
-2.26915e+14
1.07867e+14
8.89699e+13
1.95203e+17
-6.21599e+14
-2.5396e+14
-6.39747e+14
-3.1015e+14
-5.86858e+18
3.69238e+14
-2.88337e+14
2.24695e+14
-6.86632e+18
-5.24102e+14
-7.4146e+13
-1.23426e+17
-1.12243e+17
-6.85479e+18
-6.84899e+18
-1.00454e+17
-1.09469e+17
-7.63388e+13
-2.67732e+14
-6.60886e+18
-1.66395e+18
-6.84748e+18
-1.01797e+17
-6.84683e+18
-7.46131e+13
-9.6793e+16
-1.67301e+17
-6.87217e+18
-3.46973e+14
-6.85618e+18
-6.86347e+18
-4.77238e+14
-1.65729e+17
-2.58583e+14
-1.32657e+17
-2.71492e+17
-6.84519e+18
1.79139e+14
-1.32523e+14
-6.8584e+16
-1.13375e+17
-1.33648e+17
-2.63912e+14
-1.55977e+17
-6.87353e+18
-6.89336e+18
-6.96919e+18
-1.65058e+17
-6.84843e+18
-7.0262e+18
-6.85182e+18
-2.6764e+14
5.4306e+18
-6.84663e+18
-6.85447e+18
-6.19383e+17
-2.78306e+14
-6.78192e+18
-6.86238e+18
-1.23617e+17
-2.34259e+14
-6.87536e+18
-6.83262e+18
-2.81805e+14
-6.84494e+18
-7.11928e+18
-1.23768e+17
-2.24017e+14
-2.44594e+18
-2.10568e+15
-7.09506e+18
-6.41931e+18
-1.50901e+17
1.31545e+15
-7.48625e+13
-2.13222e+15
-2.09772e+14
-6.03243e+15
-6.84371e+18
3.48076e+14
-3.92963e+17
-4.32141e+18
-6.85861e+18
-7.19379e+13
-2.4168e+14
-6.18474e+13
-6.84762e+18
-6.74063e+18
-3.00552e+14
-6.69202e+18
-2.68553e+14
-2.84964e+14
2.85734e+14
-3.19828e+18
-2.04434e+18
-3.99711e+18
-2.60544e+14
-1.35517e+15
-9.96127e+16
-3.27399e+14
-2.57936e+14
-3.26192e+14
-6.84676e+18
-2.50044e+14
-9.88235e+16
-2.47772e+14
-5.40174e+13
8.13969e+13
-9.00315e+13
-2.4251e+14
-1.00953e+18
-3.08982e+14
-4.30303e+13
-7.15651e+16
-2.07521e+13
-9.8634e+13
-6.84834e+18
-3.3409e+17
1.39221e+14
-6.76486e+13
-8.94787e+13
-4.53569e+17
-9.07426e+13
-2.52009e+14
-1.00487e+17
-6.85718e+18
-5.86804e+18
-6.91612e+18
-2.76354e+14
-6.88136e+18
-2.14504e+14
-2.54183e+15
-6.85427e+18
-6.85473e+18
-6.85643e+18
-6.85981e+18
-2.98733e+14
1.40369e+15
-2.56593e+14
-9.69987e+16
-1.40493e+17
2.95348e+14
-6.85483e+18
-2.20202e+14
-2.54024e+14
-2.95877e+14
-1.54503e+14
-3.13992e+14
-2.18166e+14
-1.0181e+18
-6.85998e+18
-6.87416e+18
-1.32114e+17
-6.87425e+18
-1.07081e+17
-6.86486e+18
-1.07244e+17
-1.23787e+17
2.72731e+14
1.94241e+16
-3.45558e+13
7.84795e+14
-3.81754e+14
-1.75258e+15
-2.63753e+16
-1.82959e+14
-9.08223e+13
-3.49573e+15
5.10758e+15
-1.04898e+17
-4.16639e+14
-4.03034e+16
-2.91171e+14
-1.36496e+16
-2.48507e+14
-1.27805e+17
-6.59882e+18
-1.79459e+14
5.89029e+13
-4.87056e+18
-4.47461e+14
1.47931e+14
-3.40713e+16
-4.09287e+18
-6.52826e+18
-6.7312e+18
-2.49035e+14
-3.69631e+16
-6.73791e+18
-2.76508e+14
-3.74695e+16
-6.86044e+18
-2.20017e+14
-6.82512e+18
-2.71122e+14
-6.846e+18
-6.87542e+18
-4.86924e+18
-4.21813e+14
-2.53411e+14
-6.84987e+18
-2.40221e+18
-1.19567e+17
-1.00061e+17
-5.87146e+15
2.25221e+14
-2.54082e+14
-6.85811e+18
-6.83656e+18
-5.38691e+14
8.67693e+14
-6.85435e+18
-1.27591e+17
-6.85474e+18
-8.73693e+14
-1.1673e+15
-1.89601e+14
-2.97562e+14
-2.14034e+14
-1.25479e+17
-9.71225e+14
-9.57978e+16
-6.59879e+18
-1.99543e+15
-1.21215e+17
-6.85674e+18
-1.25366e+17
-1.27434e+17
-6.85993e+18
-2.69612e+14
-9.69494e+16
-1.97267e+14
1.7526e+15
-2.56963e+14
-3.64452e+16
-2.19976e+14
-2.40135e+14
-9.02865e+15
-1.9976e+14
-2.40341e+14
-6.52804e+18
-1.69506e+17
-6.6665e+18
-9.92809e+16
-1.21563e+14
-2.40327e+14
-8.34329e+14
-6.80129e+18
-6.84855e+18
5.56629e+13
-6.84754e+18
-9.64609e+16
-2.374e+13
-9.64769e+16
-6.85458e+18
-7.48752e+14
-2.80834e+14
-1.85575e+14
-2.20942e+14
-6.84793e+18
-2.9683e+14
-6.84792e+18
-9.43402e+13
-1.46103e+17
-1.24209e+17
-1.99227e+14
-7.92092e+13
-9.1542e+13
-1.13445e+17
-3.24816e+14
-1.6297e+16
-6.85641e+18
-1.60083e+16
3.10792e+14
1.6904e+17
-1.2164e+14
-1.448e+17
-1.00452e+17
-2.73366e+18
-2.80841e+15
-4.22665e+13
1.68218e+15
-1.19545e+17
-1.19161e+17
-1.22705e+14
9.8764e+13
-1.88388e+14
-6.85634e+18
-1.03553e+17
-9.29715e+15
-2.68349e+14
-1.50393e+17
-6.95835e+13
-1.85708e+14
-2.40683e+14
-1.25889e+17
-3.74701e+13
-6.88351e+18
-1.26849e+16
-2.48649e+14
-6.47023e+18
-3.37609e+16
-4.31666e+13
-6.16651e+18
-6.94902e+18
-7.09314e+13
-6.85245e+18
3.80683e+17
-2.46398e+14
-1.13218e+17
-1.06719e+17
-1.22019e+14
-6.85702e+18
-6.88587e+18
-1.86472e+14
3.19033e+17
-3.62504e+16
-2.46066e+14
-9.91649e+16
-1.50238e+17
-1.2396e+17
-2.89559e+14
-7.15305e+14
-1.32449e+17
-1.46082e+17
-3.14533e+17
-9.14444e+14
-3.92468e+15
-2.57025e+14
-2.86755e+14
-1.85877e+14
-2.0235e+14
-6.76653e+13
9.69067e+16
9.54022e+16
-6.84181e+18
-5.13549e+13
-2.35664e+14
-6.54859e+13
5.9701e+13
-6.161e+18
-5.33567e+14
7.83184e+13
-1.36172e+17
-2.82486e+14
-1.89636e+14
-2.23073e+17
-2.60417e+14
8.41396e+13
-9.76566e+13
-2.15436e+14
-2.35513e+14
-1.07004e+14
-1.24711e+17
-6.82919e+18
-2.34371e+14
-2.68505e+14
-1.39872e+17
-2.6234e+17
9.77446e+13
-6.09734e+18
-6.65759e+18
-1.05135e+14
-6.89526e+18
-2.49202e+14
-6.67726e+18
-1.45461e+14
3.1833e+14
-1.9901e+13
-1.28328e+17
-1.14629e+17
-6.85839e+18
-1.43869e+16
-2.14148e+14
-6.85601e+18
-2.79105e+14
-9.8821e+16
-1.69557e+17
-1.44964e+15
-1.49268e+16
2.37781e+15
-1.2128e+14
-2.15191e+14
-2.1938e+16
-1.03169e+18
-1.42539e+15
-6.84549e+18
-1.11948e+15
-2.41933e+14
-5.08305e+15
-2.44678e+14
1.39871e+14
-2.18491e+14
6.71905e+13
-4.8618e+14
-1.17006e+15
-2.66444e+14
-6.84494e+18
-3.99721e+18
-3.22895e+14
-1.36716e+16
-2.50935e+15
2.05546e+14
-1.2953e+14
-1.73991e+17
5.48745e+13
-2.97486e+14
-1.00692e+17
1.33474e+16
-2.40564e+14
-1.2806e+17
-7.52248e+14
-6.86297e+18
-6.86699e+18
-6.87466e+18
-2.43063e+14
-6.86321e+18
-6.84463e+18
-1.28386e+17
-2.18646e+13
-6.86019e+18
-9.58509e+16
-3.30385e+14
-1.15125e+17
-1.23135e+17
-6.86123e+18
-6.86294e+18
-8.08182e+16
-6.86477e+18
-1.65854e+17
-1.57277e+17
-1.29381e+14
-1.10264e+18
-2.4789e+14
-1.2659e+17
-5.27265e+18
-2.46359e+14
3.77154e+17
3.92108e+13
-1.22105e+17
-1.00406e+17
-9.27013e+14
-6.59959e+18
-4.81063e+14
-1.16495e+17
-4.95556e+14
-5.86655e+18
-2.68816e+14
-6.90576e+18
-9.3867e+17
1.74266e+15
-2.71573e+14
-2.80433e+14
-1.24695e+17
-8.40934e+14
-5.11772e+17
-2.44942e+15
-6.84609e+18
-1.12737e+17
-6.87705e+18
-9.38734e+17
-4.86653e+14
-6.70217e+18
-6.85819e+18
2.565e+14
-6.86775e+18
-6.86057e+18
-2.91901e+14
-3.06429e+17
8.1096e+15
-8.81196e+15
-5.09494e+17
-1.59787e+17
1.33327e+15
-1.01472e+18
-2.48452e+16
-3.37863e+14
-1.09433e+17
1.60261e+17
-1.41157e+17
-1.43411e+17
-6.84802e+18
-1.23062e+16
-1.06815e+17
-1.41624e+17
-3.08127e+17
-2.64813e+16
-6.85688e+18
-6.86439e+18
-6.87108e+18
-5.83173e+14
-6.86498e+18
-4.87864e+18
-6.81851e+18
-4.38063e+15
-2.63125e+14
-2.68906e+14
-8.15918e+13
-4.26226e+14
-1.2478e+17
-6.71771e+18
-6.88049e+18
-6.86066e+18
-2.81764e+14
-1.08748e+15
-6.85529e+18
-6.85586e+18
2.75542e+15
-1.36746e+18
-6.16235e+18
-5.68959e+17
-2.17543e+17
-6.68341e+17
1.88517e+16
-4.65777e+18
-6.80323e+18
8.1658e+15
-6.47746e+18
-1.28524e+17
4.43365e+13
-1.44363e+17
-8.94257e+17
-3.63045e+17
-6.22075e+18
-6.84796e+18
-1.23025e+17
-2.85541e+18
-6.83192e+18
-6.85424e+18
-1.24062e+17
-1.02928e+14
5.09323e+14
-3.25031e+14
-6.84143e+18
-4.88562e+13
-1.13156e+17
-1.19193e+17
-5.11107e+17
-2.14384e+14
-1.12339e+16
-6.87511e+18
-2.49149e+14
-7.4101e+15
-5.54325e+15
-6.85363e+18
-1.33674e+17
-6.85311e+18
-2.38773e+14
-6.8555e+18
4.23774e+17
-1.48799e+16
-6.74156e+18
-2.62619e+14
-5.32191e+17
8.27072e+14
-6.87658e+18
-1.48888e+17
-1.09859e+18
-6.73965e+18
2.1282e+16
-8.94749e+17
-2.9025e+14
-6.96967e+18
-1.64314e+16
-6.85772e+18
-6.83843e+18
-2.68284e+17
-7.79728e+17
-2.13501e+14
-2.28628e+15
-2.46587e+14
-3.10094e+14
-6.22169e+18
-2.27153e+14
-1.10363e+14
-1.81128e+14
-6.22399e+18
-6.89629e+18
-6.88394e+18
-4.65071e+18
-6.87941e+18
-2.34318e+14
-6.87469e+18
-1.21573e+17
2.13819e+13
-1.23161e+14
-2.47144e+14
-6.80289e+13
-1.00039e+17
1.33928e+15
-3.58049e+14
-1.52468e+17
-4.88214e+13
-6.97004e+18
-6.8601e+18
-2.15267e+14
7.29163e+13
-6.86054e+18
-5.45794e+14
-6.85062e+18
-2.48574e+14
-2.56729e+14
-1.41382e+17
-1.25319e+17
-3.11022e+14
-4.08175e+18
-5.19914e+14
-1.17549e+17
-1.25253e+17
-2.14667e+17
-6.16481e+18
-9.19905e+13
-1.55316e+17
-1.21899e+17
-6.83731e+18
-6.89548e+18
-1.24183e+17
-1.50303e+16
-5.54933e+13
-1.24783e+17
-1.31994e+14
-2.13801e+14
-9.92949e+16
-1.17368e+14
-2.03504e+14
-1.49146e+14
-2.4699e+14
-2.46829e+14
1.51303e+17
-1.46136e+17
-3.27438e+14
-2.24698e+14
-1.56805e+17
3.35228e+14
-2.18008e+14
-1.85124e+18
-7.14121e+18
-2.46742e+14
-4.22085e+17
-6.86698e+18
-4.18561e+14
-6.8483e+18
-9.67887e+16
1.43926e+15
-8.47343e+18
-9.87331e+16
-9.67608e+16
-7.07762e+13
-3.20283e+14
-5.11434e+18
-8.27083e+13
-1.48847e+17
-1.90952e+17
-6.81303e+18
5.06107e+14
-1.60179e+17
-6.62004e+13
-1.00256e+17
-5.68293e+15
-2.85534e+16
-6.16469e+18
-1.17827e+17
5.11265e+14
2.1099e+14
-1.15183e+17
-1.12228e+17
-3.99557e+18
-6.84379e+18
-1.00509e+17
-4.50701e+13
-4.57313e+13
-1.08531e+15
1.87631e+17
-1.09876e+18
-1.25951e+17
-6.87668e+18
-6.86492e+18
-6.86026e+18
-1.17807e+17
-2.46778e+14
-6.85514e+18
-1.78245e+17
-6.85444e+18
-1.17835e+17
-6.79211e+18
-6.93157e+18
-2.93005e+14
-9.03352e+13
-1.25791e+17
-6.8537e+18
-6.85638e+18
-7.16516e+17
-7.10493e+18
-6.85068e+18
-6.85573e+18
-2.8353e+14
-6.84953e+18
-1.19081e+17
-1.22961e+17
-6.87839e+18
-2.5737e+14
9.15543e+17
-6.91278e+18
-3.03071e+14
-4.15451e+16
-2.41228e+16
-2.38917e+17
-1.25559e+17
1.51448e+13
-2.04384e+18
-2.1872e+14
-6.16647e+18
-1.33165e+16
4.05714e+15
-1.55579e+17
-2.21271e+14
-6.67548e+18
-1.33963e+17
-1.00611e+17
-8.33246e+14
-7.13679e+17
5.6119e+18
4.35207e+14
-3.07659e+14
-1.01421e+18
-2.18971e+14
2.16388e+15
-2.09751e+15
-6.85563e+18
2.24081e+14
-1.24155e+17
-2.02782e+14
-9.28308e+14
-1.05447e+17
-9.92757e+16
-5.01964e+14
-1.26926e+17
-1.0256e+15
-4.90538e+13
-6.74753e+15
-1.5786e+14
-1.22964e+17
-1.24629e+17
-1.62276e+14
1.54305e+13
-2.83512e+14
-5.02515e+14
-1.22698e+17
-9.67963e+16
-5.96215e+16
-3.32392e+14
1.91825e+14
-6.85191e+18
-7.76204e+13
-4.74646e+14
-1.24116e+17
-7.58064e+15
-6.83748e+18
-6.76911e+18
-6.80521e+18
-1.26067e+17
-1.15757e+16
-1.25789e+18
-5.16271e+14
7.55022e+13
1.48724e+17
5.75147e+18
-8.83389e+13
-2.35394e+14
-3.16854e+14
1.891e+14
-2.44386e+14
-6.84788e+18
-3.89049e+14
1.94306e+14
-2.23707e+14
-2.53834e+14
-5.91494e+14
-1.08809e+17
-9.88229e+16
-1.25825e+18
-2.53074e+14
1.14764e+15
-6.98191e+18
2.10949e+14
-1.58408e+14
-6.8423e+18
-3.1832e+14
-9.95814e+16
-9.58609e+16
8.09733e+15
-1.25633e+14
-6.86118e+18
-6.76883e+18
-4.19996e+15
-6.86256e+18
-6.86241e+18
-6.85529e+18
-4.01963e+13
-1.10664e+17
-2.85602e+18
-2.46363e+14
-3.20017e+18
-1.28562e+17
-2.55084e+14
-1.00048e+17
-1.35234e+17
-2.3908e+14
-6.85183e+18
-2.57181e+14
-1.47336e+14
-4.08846e+14
-4.25293e+14
-2.48466e+14
-8.98977e+13
5.12943e+13
-1.00208e+17
-6.86346e+18
1.18514e+15
-2.58429e+14
-2.52303e+14
-2.44679e+14
-5.83944e+14
-1.85565e+14
-6.90534e+18
-6.92098e+14
-2.99633e+14
1.69716e+15
-1.03119e+14
-1.53647e+14
-8.22343e+13
-7.69897e+13
-5.27165e+18
-2.52995e+14
-6.35547e+14
-6.66295e+13
-2.80521e+14
-7.66046e+13
-1.59536e+16
-2.54611e+12
-2.56535e+14
1.52671e+14
-1.81283e+14
-3.22258e+14
-3.28169e+14
-2.64953e+14
-9.26657e+13
-2.60922e+14
-1.03801e+17
-1.59436e+15
-3.2477e+14
-1.42745e+16
-2.4557e+14
-4.52773e+14
-2.55967e+14
-4.55027e+14
-2.71596e+14
-6.86199e+18
-1.67464e+17
-4.64815e+18
-1.88225e+14
-1.14646e+17
-1.85811e+15
-7.1526e+17
-2.59522e+14
-7.59994e+13
-5.57298e+14
-1.91097e+17
-9.94471e+16
-1.04118e+14
-2.57567e+14
-1.91244e+17
2.42641e+14
1.63911e+15
-6.84999e+18
-6.86351e+18
-1.89183e+14
-2.49867e+14
5.09694e+15
-6.84981e+18
-1.30302e+17
-6.71127e+17
-1.08795e+13
-2.82397e+16
-1.14629e+17
-2.98591e+14
-4.51109e+14
-9.92379e+16
-6.8677e+18
3.24305e+14
-6.85253e+18
-1.28176e+16
-4.57468e+13
2.07786e+14
-4.76108e+13
-6.99042e+18
-7.24926e+14
-6.84808e+18
-4.0872e+18
-6.83373e+13
-2.26746e+14
-3.86765e+15
-5.43231e+16
-4.42786e+14
-3.34045e+14
-2.55873e+14
-4.31401e+14
-3.78872e+16
5.43704e+13
-1.49876e+14
-1.1266e+17
-4.56879e+14
-2.15266e+14
-2.54909e+14
-2.69064e+14
-2.5642e+14
-3.44805e+14
1.34192e+15
-5.5864e+15
-1.33443e+14
-1.24036e+17
-1.1544e+17
-1.21299e+17
3.40063e+17
-6.78228e+18
-1.21727e+14
-2.26856e+14
-7.01255e+18
-9.92755e+16
-1.50437e+14
8.63182e+17
-6.84851e+18
-8.56815e+13
-4.23677e+17
-5.11248e+18
-7.25756e+15
-6.9801e+13
-9.92035e+16
2.02583e+14
-2.53353e+14
3.5861e+17
-1.65118e+17
-1.5264e+17
-3.94072e+14
-1.00544e+17
-6.88554e+18
-1.25743e+18
-1.16529e+14
-1.7101e+17
-6.86403e+18
-6.86019e+18
-4.51535e+15
-6.85076e+18
-6.85666e+18
-6.09807e+18
-1.2638e+17
-4.66796e+17
-6.86454e+18
-6.84853e+18
-2.4526e+14
-6.52742e+18
-1.5148e+17
-1.561e+16
-7.05539e+16
-6.86048e+18
-1.17396e+15
-8.82866e+16
-1.07475e+18
-2.59256e+14
-6.42499e+18
-1.23932e+17
-6.86046e+18
-1.38956e+17
-6.84854e+18
-6.88098e+18
-6.86571e+18
-3.63911e+17
1.39577e+16
-6.16471e+18
-5.28869e+14
-6.05836e+14
-5.74725e+14
-1.43245e+16
1.01847e+14
-2.18772e+14
-6.85223e+18
-2.63706e+14
-6.89082e+18
-9.97407e+16
-1.19438e+17
-6.86395e+18
-2.04632e+14
-1.35187e+14
-1.0174e+17
-3.21202e+14
-8.55636e+13
-4.85703e+14
-4.09173e+18
-1.48061e+14
-1.33661e+17
-6.73699e+18
-1.24988e+15
-3.3352e+14
-3.35992e+15
-4.3985e+15
-1.35812e+14
-2.27641e+15
-2.73186e+18
-6.87993e+13
-5.55991e+13
-6.84807e+18
-1.21577e+14
-2.38549e+14
-6.51142e+16
1.36361e+15
-3.41475e+15
-2.61757e+14
-2.4711e+14
-6.85223e+18
-2.10056e+14
-7.246e+13
-2.48828e+14
-7.13911e+18
-7.90907e+13
-6.84858e+18
-6.8591e+18
-6.84928e+18
-6.84736e+18
-2.56504e+14
-6.32932e+14
8.57471e+14
-1.26199e+17
-2.48764e+14
-1.42914e+14
-2.48896e+14
-2.46664e+14
-2.49879e+14
-2.54631e+14
-7.63367e+14
-2.28824e+15
-1.22391e+17
-1.57375e+15
-2.49273e+14
-2.539e+14
-2.20663e+14
-6.87731e+18
-1.07506e+18
-7.25316e+13
-1.88094e+14
-3.24299e+13
-5.3651e+13
-5.70935e+17
-2.29233e+16
-6.86402e+18
-6.89089e+18
-2.61013e+17
-6.76803e+18
1.65289e+17
-7.50716e+13
-7.79991e+15
-1.29636e+14
-2.4409e+13
-1.58024e+17
1.56497e+15
-1.06075e+17
-6.93395e+18
-1.76358e+14
-1.24886e+14
-6.90591e+13
-7.91871e+13
-1.01953e+17
-1.30743e+16
-4.11742e+13
-1.47749e+17
-6.82618e+18
-4.60838e+13
-7.12357e+13
-1.08201e+14
-2.54409e+14
-1.54267e+17
-8.84331e+16
-1.03102e+18
-1.53656e+17
-1.85096e+18
-2.56348e+14
-6.86832e+18
-1.22971e+17
-1.85137e+18
-9.26684e+13
-6.89541e+18
-6.92841e+18
-1.54334e+17
-2.31573e+16
3.06544e+13
-3.78775e+16
-6.84056e+13
2.13145e+16
-6.85088e+18
-8.67168e+13
-1.07541e+18
-6.74017e+18
-1.2656e+17
-6.83792e+18
-6.09472e+14
-2.98184e+14
-6.84929e+18
-1.50972e+17
-1.02715e+17
-1.39391e+17
5.38467e+13
4.8229e+13
-6.78719e+18
-1.40337e+17
-6.85217e+18
-3.72892e+16
-1.90725e+14
-9.9861e+16
-3.73939e+14
-6.80997e+18
5.28664e+13
-1.32678e+17
-9.97967e+16
-6.82035e+18
3.38938e+14
2.06244e+14
-1.30505e+17
-6.70452e+18
-6.39949e+14
-1.17222e+14
-7.4594e+16
-7.44971e+13
-4.46817e+14
-1.27455e+17
-3.28828e+15
-3.12505e+14
-6.86099e+18
-8.2842e+13
-3.85154e+15
-2.88559e+13
-1.61363e+17
-2.9839e+15
-1.85731e+14
-2.485e+14
-6.66e+18
-2.92541e+15
-1.16072e+14
-6.88404e+18
-1.48667e+17
-6.78136e+18
-4.24701e+13
-6.89678e+18
-2.47332e+14
-2.62837e+14
-5.7192e+13
-2.79073e+14
8.28161e+13
-6.83765e+18
-2.60018e+14
-6.58668e+15
-4.49727e+14
-3.90713e+13
-2.46248e+14
-1.33297e+17
-1.35046e+15
-6.87918e+18
-6.86365e+18
5.18842e+14
5.23787e+14
-6.86289e+18
-6.71018e+18
-5.30409e+14
-3.62517e+16
-2.66209e+14
-2.46751e+14
-8.57295e+13
-2.57997e+14
1.12949e+15
-1.5717e+17
-2.65417e+14
-2.4139e+14
-1.44106e+16
-1.19315e+14
-1.40513e+17
-2.48381e+15
-2.36705e+14
-8.7881e+13
-5.9575e+13
-5.18648e+15
-1.27653e+17
-6.31896e+14
-3.10178e+14
-2.3838e+14
-2.33458e+14
-2.73909e+14
5.99572e+14
3.28515e+14
-9.97341e+16
-2.51575e+14
-4.76525e+17
-9.39333e+13
3.27136e+17
-1.00468e+17
-9.21042e+13
2.33505e+16
-6.9465e+18
-2.49123e+14
-1.12912e+16
-6.85628e+18
-2.42397e+15
-5.89444e+14
-5.5799e+14
-2.4218e+15
-2.22164e+14
-1.11083e+15
-2.26499e+14
-2.49606e+14
-4.64721e+15
-6.55775e+14
-1.88975e+14
-1.46144e+17
-1.25701e+17
-1.1128e+14
-1.24472e+17
-2.37671e+14
-6.85748e+18
-7.08696e+13
-1.05717e+17
-6.86385e+18
-1.05216e+17
-3.17445e+15
-2.77137e+14
-1.36925e+17
4.7253e+14
-4.94983e+14
-3.94072e+14
-4.54755e+18
-1.21871e+17
-4.7198e+14
-1.54942e+14
-9.67491e+16
9.06858e+16
-1.29681e+17
-4.60239e+14
-3.3984e+14
-5.16286e+14
-6.74299e+18
-1.0674e+17
-6.84763e+18
4.58849e+14
-6.85006e+18
-1.06765e+17
-6.84853e+18
-1.4728e+16
2.15204e+16
-5.11119e+18
-6.83185e+18
-7.8199e+13
-6.85448e+18
-7.03803e+18
-1.64643e+17
-6.8525e+18
-2.38736e+14
-6.72449e+18
8.13504e+17
-6.84798e+18
-8.46702e+13
-9.90903e+16
-4.05365e+16
-6.85963e+18
2.04787e+14
-1.65265e+18
-1.02797e+17
-6.86275e+18
-3.07393e+14
-6.86137e+18
2.08304e+14
-6.84838e+18
-2.23622e+14
-1.02814e+17
-6.88817e+18
-9.9878e+16
-1.05059e+17
-1.74212e+16
-1.88915e+14
-1.63849e+18
-2.19854e+14
5.10814e+15
-6.91054e+18
-1.12172e+14
-6.88845e+18
-6.71012e+18
-2.26172e+14
1.62145e+17
-7.03155e+18
-1.88027e+14
-5.96423e+18
-8.34201e+13
-4.30604e+16
-3.29955e+14
-2.59795e+14
-1.43873e+17
-9.92851e+16
-2.45249e+14
1.36744e+13
-2.47964e+14
-6.8592e+18
-6.83422e+18
4.9351e+13
-9.58689e+14
-2.43793e+17
-7.33455e+14
4.86691e+13
-8.51807e+18
-6.83025e+18
-7.50949e+14
-7.6127e+14
-2.86443e+15
-1.81122e+14
2.92235e+13
-2.8258e+14
-2.47043e+14
-6.4237e+18
-6.86165e+18
-6.86169e+18
8.53518e+14
-2.39265e+14
3.59449e+14
1.89852e+14
1.77074e+14
-9.14486e+13
1.4872e+14
1.37239e+13
-8.43347e+13
9.86923e+13
-6.87623e+18
-1.01271e+18
-2.65642e+16
1.73778e+17
-2.37854e+14
2.1309e+16
-6.84966e+18
1.69517e+17
-5.30642e+17
-2.80717e+17
-6.8696e+18
-8.73183e+15
-3.15659e+13
-5.66556e+14
-6.86969e+18
-7.99251e+13
-2.28299e+13
-6.86548e+18
-6.87612e+18
-6.8642e+18
-6.86683e+18
-6.85632e+18
-6.86179e+18
1.56946e+15
-8.52817e+15
-1.20714e+14
-1.03737e+14
-2.26846e+13
3.75716e+14
-2.44697e+14
-1.67145e+17
-6.82343e+18
-6.73301e+18
-1.12686e+14
-2.48064e+13
-6.86338e+18
-6.46359e+15
-1.2541e+14
-6.8521e+18
-6.46384e+17
-2.38979e+17
-1.24781e+14
-2.50684e+14
-1.27174e+14
5.63384e+14
-2.66774e+14
-7.51301e+13
-1.2082e+17
-4.64966e+13
2.08649e+17
-6.83203e+18
-6.59759e+18
-2.45887e+14
-1.2581e+17
-6.88291e+18
-2.0465e+14
-9.86246e+16
-7.83676e+16
-6.84505e+18
2.12905e+14
3.27858e+14
-2.9522e+14
-1.10323e+17
-2.44405e+14
-1.03526e+17
-6.84926e+18
-1.44404e+17
-2.02524e+14
7.87888e+13
-2.57279e+14
-2.30875e+14
-8.00147e+13
-6.85485e+18
3.74247e+17
-6.29458e+17
-2.18923e+16
-1.23205e+17
-1.2291e+17
1.34893e+15
-3.38317e+11
-1.54531e+14
3.4981e+14
-1.40765e+16
-1.17499e+17
-2.2749e+17
-2.56873e+14
-1.6293e+17
-2.20551e+14
-1.75263e+16
-1.22826e+17
1.17324e+14
-6.72294e+18
-6.86316e+18
-2.53016e+14
-2.38169e+14
-2.71045e+14
-1.50623e+17
6.76096e+15
-2.46864e+14
-2.6044e+14
-1.93759e+14
-6.47611e+18
-4.08878e+18
4.03703e+14
-3.1975e+18
-3.21276e+14
-1.50263e+17
-6.73549e+18
-1.26608e+17
-1.12638e+17
-2.73326e+18
8.10495e+15
-2.50619e+14
-6.84923e+18
-2.28864e+14
6.76705e+15
-1.45018e+16
-4.27851e+11
-4.37937e+14
-6.84503e+18
-2.38865e+16
-2.51382e+14
-3.15783e+15
-2.71919e+13
3.56001e+17
-6.8512e+18
-1.05908e+17
-6.84777e+18
-2.46984e+14
-2.18469e+14
-3.99054e+14
-4.39166e+15
-1.65819e+17
-1.40801e+16
-6.86565e+18
-1.37636e+18
-5.42972e+14
-1.23706e+17
4.15426e+17
-9.95412e+16
4.07326e+17
-9.40622e+17
-1.74013e+17
-1.3711e+18
-8.11832e+13
-2.60826e+14
1.29296e+16
-2.63651e+14
-2.80887e+17
-6.85881e+18
-4.32214e+18
-2.39946e+14
-6.54987e+15
-6.1059e+14
-4.32286e+18
-5.35434e+14
-2.60291e+14
-1.28498e+14
-2.71181e+14
-1.12818e+17
-1.24164e+17
-3.44315e+14
-1.19543e+17
-6.86093e+18
-6.86003e+18
-6.859e+18
-6.86279e+18
-4.23781e+17
-6.85582e+18
-6.85036e+18
-1.48916e+17
-1.12284e+17
-6.86384e+18
-9.92987e+16
-1.05233e+17
-6.87242e+18
-1.29184e+17
-1.16638e+17
-3.85037e+14
-9.70025e+16
-1.15898e+14
-1.14994e+17
-3.9529e+14
-6.09811e+18
-1.03062e+18
-9.6391e+16
-1.29742e+17
-1.93939e+14
-6.86016e+18
-1.2604e+17
-1.30502e+17
-1.80503e+16
-2.27805e+16
-2.64863e+16
-6.86657e+18
-6.99831e+18
-6.41685e+15
-6.84745e+18
-6.87816e+18
-2.50147e+13
-2.11224e+14
-6.86154e+18
-1.36335e+17
-6.85112e+18
-5.12984e+17
-1.02547e+14
-6.86377e+18
-1.74325e+17
-3.26062e+14
2.3906e+14
-2.17335e+14
-2.5552e+14
-2.35988e+14
-2.34861e+14
-2.49115e+14
-2.53888e+14
-1.3156e+17
-1.37913e+14
-1.52983e+17
-2.0927e+14
-6.86249e+18
-2.46579e+14
-6.8258e+18
-2.42555e+18
-1.29922e+14
-4.22842e+14
-3.98556e+14
-6.60124e+18
2.18798e+15
-2.37778e+14
-2.70469e+14
-6.49555e+18
-6.47383e+18
-6.52035e+18
-6.8188e+18
-6.82064e+18
-6.82169e+18
1.90837e+14
1.27003e+14
-9.25895e+12
2.22589e+13
-8.48121e+12
-7.40429e+12
-3.62461e+14
-3.93833e+14
-3.7164e+14
-3.96318e+14
-3.87661e+14
-3.7579e+14
-3.95207e+14
-3.95511e+14
-1.28475e+14
-1.28282e+14
-2.55465e+14
-1.07095e+14
6.7808e+15
-1.16442e+14
-2.58079e+15
-1.6938e+15
-2.28997e+15
-5.84096e+14
-1.27502e+14
-1.61766e+15
-5.6466e+14
-2.82378e+16
-9.85308e+16
-9.88511e+16
-9.90796e+16
-2.92689e+14
-6.85993e+18
-2.94769e+14
-6.93382e+18
-9.78951e+13
-2.9448e+14
-6.92648e+18
-6.85893e+18
-6.88361e+18
-6.85993e+18
-6.87135e+18
-6.84475e+18
-6.74284e+18
-6.82185e+18
-6.84427e+18
-6.84774e+18
-6.85195e+18
-6.8339e+18
-6.83703e+18
-6.84662e+18
-6.8348e+18
-6.88083e+18
-6.88195e+18
-6.87357e+18
-6.87034e+18
-6.88572e+18
-6.86072e+18
-6.85481e+18
-6.88332e+18
-6.85993e+18
-6.16192e+18
-6.16514e+18
-1.00209e+17
-9.68628e+16
-9.88263e+16
-9.90995e+16
-9.97932e+16
-9.98286e+16
-1.1359e+17
-1.13626e+17
-1.27573e+17
-1.27907e+17
-1.13041e+17
-1.25119e+17
-1.34933e+17
-1.35486e+17
-1.25213e+17
-1.35306e+17
-1.29341e+17
-1.34459e+17
-1.34292e+17
-1.28078e+17
-1.22877e+17
-1.20084e+17
-1.24139e+17
-1.201e+17
-1.19782e+17
-1.19717e+17
-8.6753e+16
-9.18031e+16
-5.88463e+16
-7.24358e+16
-6.04391e+16
-3.78831e+16
-3.46932e+16
-3.21515e+16
-1.34835e+16
-2.89554e+15
-3.09904e+15
-2.08197e+15
-1.88878e+15
-1.70894e+15
-1.43553e+15
-1.16875e+15
-4.41876e+14
-2.92914e+14
-5.09464e+14
-4.5138e+14
-2.73978e+14
-4.50997e+14
-2.07335e+14
-2.14883e+14
-2.15207e+14
1.62591e+14
1.3205e+14
-2.67184e+13
4.44345e+14
2.19696e+14
6.37377e+13
8.06175e+14
5.38369e+14
6.23459e+14
-5.84941e+14
-4.08311e+18
-6.70001e+14
-6.8199e+14
2.45666e+15
2.45539e+15
8.78961e+14
8.09405e+14
8.20393e+14
7.94303e+14
3.42326e+15
1.63456e+14
1.5532e+15
1.26379e+15
1.33509e+15
1.28147e+15
5.56946e+13
9.02083e+14
9.73084e+13
-3.80083e+14
-3.63369e+14
-2.07265e+14
-2.07893e+14
-2.07408e+14
-2.45037e+14
-2.77209e+14
-2.45645e+14
-2.43785e+14
-2.38938e+14
-2.10452e+14
-3.99581e+13
-2.20867e+14
-2.45962e+14
-2.55128e+14
-2.53749e+14
-2.53743e+14
-2.53938e+14
-2.47464e+14
-2.53174e+14
-2.48797e+14
-2.53696e+14
-2.53352e+14
-2.53445e+14
-3.19493e+14
-3.20248e+14
-3.95695e+14
-3.2785e+14
-2.82124e+14
-1.13963e+14
-9.09039e+13
-9.1666e+13
-1.12814e+14
-1.14307e+14
-1.12326e+14
-1.13655e+14
-1.00068e+14
-1.12989e+14
-7.11886e+13
-7.60901e+13
-7.67488e+13
-9.23667e+13
-9.08451e+13
-8.69353e+13
-8.00186e+13
-7.60491e+13
-7.96956e+13
-7.52266e+13
-1.20226e+14
-1.20474e+14
-8.60495e+13
-1.20407e+14
-1.21627e+14
-8.64737e+13
-1.21708e+14
-4.82912e+13
-2.43973e+13
-4.8224e+13
-2.41299e+13
-2.37006e+13
-2.18417e+13
-4.52549e+13
-1.20337e+13
-4.17524e+12
-5.34529e+13
-1.37415e+12
-6.26678e+12
-5.51362e+13
-2.84146e+13
-3.16046e+13
5.14153e+14
8.71913e+14
5.21807e+14
1.37618e+15
1.21011e+15
2.27437e+15
1.64572e+15
1.27197e+15
2.27207e+15
2.35323e+15
2.10968e+15
6.00253e+14
1.3461e+15
-3.38797e+14
1.65162e+15
1.71126e+15
7.69385e+14
1.07286e+15
-4.85181e+15
-1.00965e+15
1.44911e+15
-5.76984e+15
-3.87927e+15
5.97425e+15
1.16732e+16
1.56741e+16
3.77498e+15
1.41176e+16
8.74954e+16
2.03859e+16
9.37377e+16
-3.79685e+16
3.74608e+17
-6.73287e+17
-7.08149e+17
-6.05831e+17
-7.58929e+17
-5.45702e+17
-3.20369e+17
8.73938e+17
-3.08323e+18
-1.48071e+18
-1.32167e+18
-1.67624e+18
-4.55663e+18
-5.37592e+18
-7.28865e+18
-6.28574e+18
7.21272e+19
-1.47504e+19
-4.31834e+18
7.25989e+19
-6.80548e+18
-7.02031e+18
-7.03751e+18
-6.90817e+18
-6.64141e+18
-6.89116e+18
-6.67062e+18
-7.01511e+18
-7.01155e+18
-6.67361e+18
-6.74854e+18
-6.74023e+18
-6.84716e+18
-6.82372e+18
-6.82579e+18
-6.82234e+18
-9.88341e+13
-6.85648e+18
-6.85634e+18
-6.85943e+18
-6.86009e+18
-6.8531e+18
-6.86452e+18
-6.86455e+18
-6.85228e+18
-6.84783e+18
-6.87187e+18
-6.85406e+18
-6.86019e+18
-6.88364e+18
-6.17472e+18
-6.17188e+18
-5.96424e+18
-9.78896e+17
-1.249e+17
-1.183e+17
-8.86371e+16
-7.39496e+16
-6.02537e+16
-8.97977e+14
-8.04237e+13
1.34407e+14
7.13622e+14
-2.55447e+15
6.27478e+14
-6.64438e+14
8.93057e+14
3.448e+15
2.47141e+15
1.39054e+15
1.35939e+15
-3.43586e+14
-1.12029e+14
-2.70192e+14
-9.77617e+13
-1.14425e+14
-2.54747e+14
-2.53989e+14
-3.82524e+14
-1.24628e+14
-1.16852e+14
-2.27284e+13
-1.12203e+14
-1.12341e+14
-1.00218e+14
-8.74961e+13
-8.95221e+13
-8.41783e+13
-9.22702e+13
-7.73374e+13
-9.3415e+13
-1.22253e+14
-1.2189e+14
-1.21847e+14
-4.79903e+13
-1.90892e+13
-1.44399e+13
-4.38448e+13
-2.2722e+13
-5.07167e+13
3.7444e+14
4.91165e+14
1.43677e+15
1.54702e+15
1.29592e+15
1.4083e+15
1.85739e+15
6.31363e+14
-5.07917e+14
2.74894e+15
2.70863e+15
1.46457e+16
1.42418e+16
1.65353e+16
1.68655e+16
9.62676e+16
1.45225e+17
9.18147e+16
-6.34434e+17
8.91151e+17
-3.26899e+18
-5.25696e+18
-5.90479e+18
-1.42263e+19
-4.6748e+18
7.21188e+19
-7.05012e+18
-6.8616e+18
-6.75126e+18
-6.77857e+18
-6.88219e+18
-8.06088e+17
-6.8801e+18
-6.83061e+18
-6.82523e+18
-6.74934e+18
-6.83035e+18
-6.86948e+18
-6.8557e+18
-6.85297e+18
-6.85297e+18
-6.85436e+18
-6.8447e+18
-6.84887e+18
-6.85081e+18
-6.85149e+18
-6.85081e+18
-6.85047e+18
-6.85054e+18
-6.85038e+18
-6.85264e+18
-6.85417e+18
-6.85402e+18
-6.85398e+18
-6.85628e+18
-6.85634e+18
-6.85703e+18
-6.85602e+18
-6.85524e+18
-6.85498e+18
-6.85545e+18
-6.85591e+18
-6.85417e+18
-6.85436e+18
-6.85513e+18
-6.85495e+18
-6.86124e+18
-6.86864e+18
-6.86494e+18
-6.87577e+18
-6.87631e+18
-6.87626e+18
-6.86105e+18
-6.87193e+18
-6.85462e+18
-3.06424e+17
-1.56047e+17
-1.28389e+17
-1.36852e+17
-1.36757e+17
-1.04262e+17
-1.01817e+17
-1.01677e+17
-1.00407e+17
-9.9548e+16
-9.96075e+16
-9.95202e+16
-9.88228e+16
-9.98027e+16
-1.25849e+17
-1.33053e+17
-1.33402e+17
-1.35756e+17
-1.37294e+17
-1.33584e+17
-1.37126e+17
-1.32542e+17
-1.40548e+17
-1.32662e+17
-7.87817e+16
-4.10977e+16
-3.50382e+16
-2.36631e+16
-2.22388e+16
-1.82055e+16
-2.12756e+16
-1.78902e+16
-1.40182e+16
-9.22919e+15
-1.02344e+16
-8.96838e+15
-5.33731e+15
-4.8697e+15
-6.4666e+15
-3.93958e+15
-3.38221e+15
-3.36749e+15
-2.87549e+15
-2.44902e+15
-2.56168e+15
-1.74096e+15
-1.81085e+15
-1.42296e+15
-1.32954e+15
-1.55062e+15
-1.08616e+15
-1.01928e+15
-1.00376e+15
-5.66712e+14
-4.61516e+14
-4.93302e+14
-2.64356e+14
-2.93773e+14
-2.45991e+14
-2.17983e+14
-1.23547e+14
-2.49977e+13
-1.87289e+13
-2.61253e+13
-2.01218e+13
-2.31099e+14
-3.09106e+14
-3.32229e+14
-5.29493e+14
-5.0113e+14
-3.82821e+14
-5.9267e+14
-4.36698e+14
-4.45702e+14
-5.48649e+14
-2.57717e+14
-2.66111e+14
-2.39769e+14
-2.56305e+14
-2.23015e+14
-3.17803e+12
-2.50689e+14
-2.56705e+14
-2.49176e+14
-2.36801e+14
-2.56534e+14
-2.39026e+14
-2.30754e+14
-2.22076e+14
-2.72611e+14
-2.25885e+14
-2.16618e+14
-2.11902e+14
-1.9626e+14
-1.97122e+14
-1.97709e+14
-1.49544e+14
-1.61748e+14
-1.51983e+14
-2.21395e+14
-2.37903e+14
-2.43954e+14
-2.45671e+14
-2.52232e+14
-2.52396e+14
-2.47611e+14
-2.478e+14
-2.47061e+14
-2.46634e+14
-2.55981e+14
-3.24029e+14
-3.32279e+14
-4.08199e+18
-2.99184e+14
-3.05057e+14
-2.89659e+14
-2.2041e+14
-2.00965e+14
-1.26333e+14
-7.2849e+13
-8.73293e+13
-7.02168e+13
-1.1089e+14
-1.13336e+14
-1.09006e+14
-1.10497e+14
-8.62039e+13
-8.51547e+13
-7.78144e+13
-8.53821e+13
-8.51409e+13
-9.11917e+13
-8.9513e+13
-9.3113e+13
-8.64987e+13
-8.44815e+13
-8.99339e+13
-8.00884e+13
-7.90999e+13
-8.27653e+13
-7.86982e+13
-4.08533e+18
-8.00569e+13
-1.20546e+14
-8.62695e+13
-5.14407e+17
-4.88203e+13
-2.39532e+13
-5.03081e+13
-4.6972e+13
-5.116e+17
-3.66976e+13
-4.82745e+13
-5.72089e+13
-4.96967e+13
-6.33638e+13
-6.34298e+13
-6.49989e+13
-5.17135e+13
-5.61704e+13
1.89652e+13
-1.07973e+14
-1.55201e+14
-1.08872e+14
2.90053e+13
3.29859e+13
-1.28016e+13
1.85163e+14
1.8617e+14
2.01671e+14
2.01408e+14
2.3134e+14
1.54014e+14
2.41411e+14
-1.12062e+14
-4.00513e+14
-9.18176e+14
-1.8614e+15
-1.87707e+15
-2.64543e+15
-1.85851e+15
-2.22255e+15
-2.50293e+15
-2.6395e+15
-4.5727e+15
-3.76345e+15
-3.88972e+15
-7.87111e+15
-1.27939e+16
-1.01095e+16
-2.62783e+16
-1.89028e+16
-5.10191e+17
-2.5844e+16
-6.59051e+16
-8.67711e+16
1.17938e+18
8.46638e+17
1.15333e+18
-7.01099e+18
-6.98945e+18
-7.00247e+18
-7.02534e+18
-6.99764e+18
-7.04258e+18
-6.99416e+18
-4.78767e+18
-1.45238e+19
-6.86504e+18
-5.13655e+17
-6.86311e+18
-6.85981e+18
-6.8651e+18
-6.86441e+18
-6.85995e+18
-6.86462e+18
-6.86537e+18
-2.87519e+14
-6.86323e+18
-6.86358e+18
-6.86354e+18
-6.8616e+18
-6.85977e+18
-6.86129e+18
-6.86117e+18
-6.85488e+18
-6.86034e+18
-6.85682e+18
-6.85608e+18
-6.85581e+18
-1.86764e+15
-3.10263e+14
-3.04752e+14
-1.30224e+17
-1.61966e+17
-1.31148e+17
-6.85553e+18
-6.8553e+18
-6.85552e+18
-6.85617e+18
-6.85151e+18
-6.85545e+18
-6.85601e+18
-6.8578e+18
-6.85797e+18
-6.85863e+18
-6.85829e+18
-6.85853e+18
-6.85861e+18
-6.85837e+18
-6.85974e+18
-6.85884e+18
-6.86002e+18
-6.85863e+18
-6.85478e+18
-6.49653e+13
-6.85879e+18
-6.85921e+18
-6.85873e+18
-6.864e+18
-6.87648e+18
-6.87715e+18
-6.87585e+18
-6.86846e+18
-6.16468e+18
-5.27412e+18
-5.6799e+17
-2.82054e+17
-2.57292e+17
-2.5754e+17
-1.41378e+17
-1.24001e+17
-1.31841e+17
-1.33223e+17
-1.24018e+17
-1.16119e+17
-1.02988e+17
-1.65894e+14
-1.22037e+14
-1.58613e+14
-1.22264e+14
-1.60516e+14
-1.23132e+17
-1.23899e+17
-1.41315e+17
-1.27741e+17
-1.47296e+17
-1.44945e+17
-1.47515e+17
-1.46367e+17
-1.51371e+17
-1.49533e+17
-1.10757e+17
-1.35788e+17
-4.95419e+16
-3.64139e+16
-3.28303e+16
-3.01241e+16
-2.55285e+16
-2.18775e+16
-1.69542e+16
-1.84165e+16
-1.77825e+16
-2.09349e+16
-1.34011e+16
-1.17801e+16
-8.92529e+15
-9.2975e+15
-3.81118e+15
-3.48427e+15
-4.83728e+15
-7.78108e+15
-3.43889e+15
-2.73473e+15
-4.07636e+15
-1.80077e+15
-2.15045e+15
-1.05454e+15
-1.17018e+15
-9.98576e+14
-9.7592e+13
-1.59843e+15
-8.04692e+14
-7.70033e+14
-8.34079e+14
-6.60243e+14
-5.63665e+14
-5.47328e+14
-5.39162e+14
-3.89566e+14
-2.20344e+14
-1.15962e+14
-3.79119e+14
-1.42864e+14
-2.47573e+14
-2.47862e+14
-7.89469e+13
-2.2008e+13
-8.01048e+13
-8.61151e+13
-9.315e+13
-4.36355e+13
-1.76279e+14
-2.14829e+14
-2.48342e+14
-5.77226e+12
-3.84286e+14
-2.9855e+14
-3.45233e+14
-3.3456e+14
-4.47189e+14
-4.69447e+14
-4.08517e+14
-3.64493e+14
-3.52087e+14
-3.26987e+14
-2.74053e+14
-2.65717e+14
-2.92812e+14
-2.94601e+14
-2.66886e+14
-2.44954e+14
-2.38965e+14
-2.86876e+12
-2.42342e+14
-2.57127e+14
-2.4881e+14
-2.53597e+14
-2.58179e+14
-2.47248e+14
-2.48813e+14
-2.50471e+14
-2.62153e+14
-2.37651e+14
-2.42963e+14
-2.47205e+14
-2.48341e+14
-2.1934e+14
-2.31196e+14
-2.22817e+14
-1.97202e+14
-2.09995e+14
-2.18275e+14
-2.02447e+14
-1.50874e+14
-1.8803e+14
-2.95355e+14
-2.23011e+14
-2.2203e+14
-2.18754e+14
-2.38511e+14
-2.39049e+14
-2.39066e+14
-2.4553e+14
-2.45444e+14
-2.45413e+14
-2.46212e+14
-2.45899e+14
-2.4841e+14
-2.48683e+14
-2.48164e+14
-2.46719e+14
-2.56372e+14
-2.52601e+14
-2.51551e+14
-2.87029e+14
-2.61235e+14
-2.95078e+14
-2.9238e+14
-3.06932e+14
-3.20909e+14
-3.15895e+14
-3.2006e+14
-1.30772e+14
-1.93469e+14
-6.77231e+13
-1.31743e+14
-7.35176e+13
-1.01443e+14
-1.02041e+14
-9.68868e+13
-7.41088e+13
-1.04802e+14
-1.00211e+14
-8.23594e+13
-1.04585e+14
-9.74646e+13
-9.78505e+13
-8.43503e+13
-8.57597e+13
-8.23062e+13
-8.59452e+13
-7.57635e+13
-7.36866e+13
-7.26716e+13
-6.9823e+13
-6.66008e+13
-6.38828e+13
-6.08656e+13
-5.41297e+13
-6.36492e+13
-5.90828e+13
-7.80974e+17
-7.82484e+17
-3.90419e+17
-6.72298e+17
-6.97652e+13
-6.60008e+13
-5.58598e+13
-6.42813e+13
-5.42337e+13
-5.52406e+13
-6.26882e+13
-5.44731e+13
-3.00857e+14
-4.20378e+14
5.29904e+13
-4.36749e+14
-6.89489e+13
8.8378e+13
-5.02919e+14
-5.23925e+14
1.91695e+14
-5.07393e+14
-6.27902e+14
-5.70767e+14
-5.88579e+14
-8.67018e+14
-7.63362e+14
2.1422e+14
-8.10057e+14
-1.42723e+15
-1.23854e+15
-1.40614e+15
-2.78455e+15
-1.9468e+15
-2.63324e+15
-2.30798e+15
-2.56409e+15
-7.47797e+13
-4.54627e+15
-3.85159e+15
-3.28909e+15
-8.5068e+15
-1.10292e+16
-3.9054e+15
-9.94647e+15
-4.55889e+15
-1.34319e+16
-1.22008e+16
-4.31611e+15
-1.83925e+16
-9.79232e+15
-2.34189e+16
-2.37701e+16
-2.43077e+16
-2.86415e+16
-3.6687e+16
-4.31913e+16
-1.93449e+16
-2.61178e+16
-6.34843e+16
-6.88048e+18
-8.95287e+17
-6.85669e+18
-6.8057e+18
-6.95259e+18
-6.91126e+18
-6.96485e+18
-6.88661e+18
-6.9349e+18
-6.93624e+18
-7.10745e+18
-8.50304e+18
-6.88759e+18
-6.8866e+18
-6.88441e+18
-6.87752e+18
-6.86675e+18
-6.8665e+18
-6.86678e+18
-6.86381e+18
-6.86348e+18
-6.86492e+18
-6.86356e+18
-6.86359e+18
-6.86342e+18
-6.86109e+18
-6.86275e+18
-6.86195e+18
-6.86217e+18
-6.86046e+18
-6.86103e+18
-6.85972e+18
-6.86115e+18
-6.86082e+18
-8.56724e+13
-8.37797e+13
-2.4723e+14
-2.91772e+14
-2.5097e+14
-2.52295e+14
-3.38243e+14
-3.30399e+14
-3.28182e+14
-1.25241e+17
-1.25869e+17
-2.69524e+14
-1.27326e+17
-1.20269e+17
-3.89909e+17
-3.18121e+17
-1.32095e+17
-1.50499e+17
-6.85743e+18
-6.85944e+18
-6.8568e+18
-6.85847e+18
-6.87628e+18
-6.8899e+18
-6.8733e+18
-6.88558e+18
-2.64865e+14
-2.62532e+14
-2.67187e+14
-2.64529e+14
-2.58777e+14
-6.85929e+18
-6.85992e+18
-6.85886e+18
-6.86074e+18
-6.8611e+18
-6.859e+18
-6.86127e+18
-6.85827e+18
-6.86176e+18
-6.86187e+18
-6.86169e+18
-6.86176e+18
-6.86439e+18
-6.86575e+18
-6.85968e+18
-6.86703e+18
-6.87559e+18
-1.26573e+17
-1.25239e+17
-1.25947e+17
-1.48147e+17
-7.48924e+13
-8.41604e+13
-6.30434e+13
-6.29643e+13
-1.27877e+17
-1.25023e+17
-1.27173e+17
-1.64225e+17
-1.65185e+17
-1.54881e+17
-1.50061e+17
-1.66818e+17
-1.46907e+17
-1.53189e+17
-1.4866e+17
-1.15399e+17
-1.15908e+17
-1.26556e+17
-4.04071e+16
-3.63054e+16
-1.28691e+16
-6.96293e+15
-3.8305e+15
-5.9028e+15
-3.29569e+15
-1.27951e+15
-2.34394e+15
-8.82211e+14
-9.7258e+14
-6.06143e+14
-5.2284e+14
-4.66097e+14
-3.971e+14
-4.0158e+14
-6.86042e+18
-6.85983e+18
-1.2236e+14
-1.22589e+14
-8.17481e+13
-8.3995e+13
-1.00423e+14
-1.15541e+14
-2.02701e+14
-2.02854e+14
-1.98137e+14
-2.55242e+14
-2.62532e+14
-2.68349e+14
-2.76827e+14
-2.56257e+14
-4.12374e+14
-3.0156e+14
-3.51859e+14
-3.40229e+14
-3.16858e+14
-2.64148e+14
-3.1472e+14
-2.73468e+14
-2.5778e+14
-2.62576e+14
-2.59994e+14
-2.53466e+14
-2.51239e+14
-2.39466e+14
-2.34877e+14
-2.21764e+14
-2.37283e+14
-2.38649e+14
-2.45588e+14
-2.48633e+14
-2.40495e+14
-6.49107e+13
-6.8731e+13
-6.9349e+13
-2.51665e+14
-2.5138e+14
-2.66483e+14
-2.58302e+14
-2.62185e+14
-2.60563e+14
-2.89759e+14
-8.44893e+13
-8.82046e+13
-7.75884e+13
-7.63492e+13
-6.98127e+13
-6.57841e+13
-6.8777e+13
-9.23629e+13
-6.87973e+18
-6.90993e+18
-6.8827e+18
-6.86858e+18
-6.88235e+18
-6.87773e+18
-6.87675e+18
-6.86693e+18
-6.86854e+18
-6.86458e+18
-6.86308e+18
-6.86274e+18
-6.86366e+18
-6.86204e+18
-6.86117e+18
-2.5722e+14
-1.10949e+14
-1.22377e+14
-1.09318e+14
-1.25782e+17
-6.86098e+18
-9.97378e+13
-6.6273e+13
-6.89565e+18
-1.44309e+14
-2.42675e+14
-2.46629e+14
-6.87111e+18
-6.86593e+18
-2.58342e+14
-2.7212e+14
-2.51121e+14
-2.5839e+14
-1.78776e+15
-9.74192e+13
-9.01766e+13
-9.87639e+13
-5.33634e+13
-6.3864e+13
-1.98143e+16
-1.13259e+16
-3.70365e+16
-7.12353e+18
-7.00455e+18
-6.974e+18
-6.82621e+18
-6.86313e+18
-6.86086e+18
-6.43279e+13
-1.31344e+17
-6.85872e+18
-6.85853e+18
-6.87551e+18
-7.17596e+15
-3.3665e+15
-6.86001e+18
-3.64099e+14
-2.04998e+14
-4.59763e+14
-2.67394e+14
-2.91906e+14
-2.59262e+14
-2.31901e+14
-6.49404e+13
-6.75208e+13
-2.33156e+14
-2.07297e+14
-2.49241e+14
-1.00561e+14
-9.90452e+13
-9.83042e+13
-1.00521e+14
-8.39329e+13
-1.07681e+16
-9.4758e+15
-2.57185e+16
-6.86571e+18
-6.92389e+18
-6.90322e+18
-6.86214e+18
-6.86186e+18
-1.15241e+14
-1.03149e+14
-6.8752e+18
-9.63431e+13
-1.21125e+15
-6.73241e+15
-6.86213e+18
-2.09594e+16
-7.44918e+13
-2.6794e+14
-2.88926e+14
-6.8604e+18
-6.86084e+18
-7.07019e+13
-6.82727e+18
-6.82785e+18
-2.05392e+13
-3.9686e+14
-1.28621e+14
-6.86094e+18
-4.48151e+14
-1.3605e+14
-9.89836e+16
-6.86248e+18
-6.93058e+18
-3.01437e+14
-6.86062e+18
-6.86283e+18
-1.27806e+17
-6.8653e+18
-1.20971e+17
-6.86605e+18
-5.90921e+13
8.99644e+14
-1.19011e+14
-1.37531e+14
-2.53142e+14
-9.20647e+13
-9.94664e+13
-9.73544e+13
-9.09298e+13
-1.76165e+13
1.23401e+15
-2.51306e+16
2.2745e+15
-1.92449e+16
-1.03375e+16
-3.39544e+15
1.37477e+16
4.51557e+15
9.04685e+16
-6.92368e+17
-1.09159e+15
-5.02656e+17
-8.48679e+17
-3.18825e+18
-7.02658e+18
-5.4795e+14
-6.96144e+18
-5.15191e+14
-6.8912e+18
-6.82717e+18
-3.11716e+17
-6.69169e+18
-6.8235e+18
-1.13742e+18
-6.85998e+18
-1.14375e+14
-6.45751e+13
-6.66767e+13
-1.26213e+16
9.95044e+16
-7.22593e+18
-7.07005e+18
-6.82389e+18
-6.87992e+13
-6.86333e+18
-6.88347e+18
-6.86374e+18
-3.17598e+16
-2.11139e+15
-1.78521e+15
-4.85045e+14
-2.67776e+14
-2.5031e+14
-7.93824e+13
-9.07736e+13
-9.02064e+13
-5.66835e+13
-6.48609e+13
-1.06793e+14
-1.3268e+16
-3.48195e+16
1.21405e+18
-7.03714e+18
-6.96195e+18
-7.01351e+18
-6.86343e+18
-7.48005e+13
-6.85558e+18
-6.86076e+18
-1.31198e+17
-6.8592e+18
-9.83228e+13
-6.85854e+18
-6.85976e+18
-1.46689e+17
-9.97815e+13
-3.62891e+16
-3.32786e+15
-1.55289e+15
-3.42529e+14
-1.97393e+14
-3.693e+14
-2.12281e+14
-2.40049e+14
-2.58597e+14
-6.84624e+18
-6.84607e+18
-6.847e+18
-6.84809e+18
-9.84925e+13
-1.0073e+14
-9.82691e+13
-9.73365e+13
)
;

boundaryField
{
    Wall
    {
        type            zeroGradient;
    }
    Inlet
    {
        type            zeroGradient;
    }
    Outlet
    {
        type            fixedValue;
        value           uniform 0;
    }
    Empty
    {
        type            empty;
    }
}


// ************************************************************************* //
