/*--------------------------------*- C++ -*----------------------------------*\
| =========                 |                                                 |
| \\      /  F ield         | OpenFOAM: The Open Source CFD Toolbox           |
|  \\    /   O peration     | Version:  2312                                  |
|   \\  /    A nd           | Website:  www.openfoam.com                      |
|    \\/     M anipulation  |                                                 |
\*---------------------------------------------------------------------------*/
FoamFile
{
    version     2.0;
    format      ascii;
    arch        "LSB;label=32;scalar=64";
    class       vectorField;
    location    "0.70005/lagrangian/kinematicCloud";
    object      U;
}
// * * * * * * * * * * * * * * * * * * * * * * * * * * * * * * * * * * * * * //


77
(
(3.83437 0.610214 -0.0965122)
(3.82686 0.580788 0.086182)
(3.83437 0.610214 -0.0965122)
(3.83437 0.610214 -0.0965122)
(3.82686 0.580788 0.086182)
(3.82686 0.580788 0.086182)
(4.13197 0.917862 -0.0542915)
(4.0653 1.02339 -0.0525506)
(4.15044 0.981989 -0.0492629)
(4.13115 0.919565 0.0541863)
(3.82686 0.580788 0.086182)
(3.94868 0.835728 -0.0931003)
(3.98919 0.757538 0.126629)
(3.99837 0.767852 -0.124003)
(4.05994 1.02258 0.0532577)
(4.13115 0.919565 0.0541863)
(4.13197 0.917862 -0.0542915)
(4.06708 0.808467 -0.0483133)
(3.76445 0.850076 0.0808603)
(2.953 0.730434 -0.0862433)
(4.05994 1.02258 0.0532577)
(3.78597 0.465492 -0.0929757)
(3.46367 0.839202 -0.081314)
(3.87952 1.01702 0.0641613)
(3.77047 0.432603 0.0796924)
(2.95697 0.714907 0.0847095)
(4.07711 0.783451 0.0354276)
(3.94321 0.673247 -0.14727)
(3.94321 0.673247 -0.14727)
(3.79381 0.508691 0.151823)
(3.59364 0.257838 -0.0520445)
(3.8343 1.00763 0.0614121)
(2.30026 0.657928 0.0998012)
(3.80858 0.523204 -0.149982)
(3.79381 0.508691 0.151823)
(3.01139 0.782326 -0.0978804)
(3.58612 0.962586 0.0844623)
(3.79381 0.508691 0.151823)
(3.79381 0.508691 0.151823)
(3.80858 0.523204 -0.149982)
(3.71105 0.488036 0.0990499)
(3.79381 0.508691 0.151823)
(3.01139 0.782326 -0.0978804)
(3.60702 0.999259 0.11238)
(3.01139 0.782326 -0.0978804)
(3.84071 1.03889 -0.0902591)
(3.6123 0.371686 0.094332)
(2.70257 -0.37851 0.235061)
(3.56293 0.219024 0.0373514)
(4.18949 1.0485 0.187058)
(3.52948 0.942717 0.07736)
(3.84071 1.03889 -0.0902591)
(4.2001 1.13561 -0.15336)
(2.97249 0.195744 0.343319)
(3.47612 0.152861 -0.0961344)
(3.45686 0.142695 -0.0743079)
(3.45686 0.142695 -0.0743079)
(2.98093 -0.128455 -0.206207)
(2.82683 0.0967926 -0.355361)
(3.08896 -0.186233 -0.19693)
(3.56293 0.219024 0.0373514)
(2.98093 -0.128455 -0.206207)
(3.59364 0.257838 -0.0520445)
(3.16416 0.545795 0.323038)
(3.16401 0.462178 -0.329791)
(3.06247 0.283823 -0.325594)
(3.08896 -0.186233 -0.19693)
(3.56293 0.219024 0.0373514)
(2.82378 0.095725 0.355795)
(2.98093 -0.128455 -0.206207)
(2.82683 0.0967926 -0.355361)
(3.41914 -0.109121 0.129912)
(3.41914 -0.109121 0.129912)
(0.987499 0.266987 0.064711)
(3.08896 -0.186233 -0.19693)
(-0.159089 -0.217889 -0.00640849)
(-0.883553 -0.914462 0.0280768)
)


// ************************************************************************* //
