/*--------------------------------*- C++ -*----------------------------------*\
| =========                 |                                                 |
| \\      /  F ield         | OpenFOAM: The Open Source CFD Toolbox           |
|  \\    /   O peration     | Version:  2312                                  |
|   \\  /    A nd           | Website:  www.openfoam.com                      |
|    \\/     M anipulation  |                                                 |
\*---------------------------------------------------------------------------*/
FoamFile
{
    version     2.0;
    format      ascii;
    arch        "LSB;label=32;scalar=64";
    class       volScalarField;
    location    "1.6";
    object      p;
}
// * * * * * * * * * * * * * * * * * * * * * * * * * * * * * * * * * * * * * //

dimensions      [0 2 -2 0 0 0 0];

internalField   nonuniform List<scalar> 
2958
(
-1110.96
-2923.35
-3706.98
-23842.3
-2634.26
-3782.01
3910.76
-219.391
-3709.78
-3291.77
-41.7302
1916.3
-2430.48
1909.17
-1145.75
109.711
-2792.74
-2261.24
1909.89
-2696.59
1946.15
-2776.71
1946.33
46.7943
-2383.65
-1487.96
-3234.86
-2959.27
-3391.75
-285.365
-1335.7
-2760.97
1773.32
-2730.22
5364.11
-11131.3
1908.83
1981.77
-4447.09
-2433.51
45126.4
-12494.8
4710.49
-699.769
1914.56
-3520.55
347.772
-2925.62
-12001.1
-933.696
-693.858
-3136.77
-2025.29
-50.2477
-758.495
-7006.56
-920.892
-2757.02
-1108.76
46536.6
-3108.81
-2044.25
8965.13
-314.884
1911.03
1908.65
-44.7063
-3089.77
-858.875
-4087.2
-2722.76
1918.34
-2920.22
-1152.72
1911.34
142.4
-3256.68
9193.33
1899.96
-716.389
-2312.87
-2542.11
-2637.8
-3391.75
-1841.09
-1154.6
-2807.6
-1217.96
-3003.56
1940.32
6623.25
-2991.19
838.399
1909.85
-2960.84
-13.8385
-6608.16
-21196.7
1907.59
1912.98
-24504.3
-1106.6
1134.6
-2980.65
1821.25
-1275.48
1919.89
-14537.4
1908.23
1211.48
-64640.1
-791.66
1907.96
-2514.09
1909.04
1910.74
-1038.07
-917.925
-2986.71
-1009.58
-4856.58
1917.08
832.995
-3035.99
-4845.96
-2278.4
-4927.18
-2900.24
-1036.04
1911.48
1908.22
1949.28
-1015.49
1904.99
1910.86
1905.8
-2296.65
-2567.18
1909.67
1908.61
-3189.38
-2961.63
1944.2
1910.55
-1112.94
-2576.73
1909.98
1915.34
-3028.98
1917
-2599.79
-7013.24
-2227.65
1125.66
-1779.46
1908.86
2196.3
-1414.56
6579.18
-773.038
-2126.12
-3511.85
-1504.53
1913.48
-1614.52
-4944.39
1904.54
1907.23
-3133.3
-3279.63
-3670.75
1919.48
1819.59
-2999.54
1894.45
-3913.2
-2508.63
-3033.25
6539.31
-808.399
540.539
-2877.29
-2033.47
-95092.8
-2991.76
-2934.85
-2987.05
1908.02
-2797.36
-14900.8
-2740.78
-3029.96
-2980.24
-3519.96
-3058.58
-3418.22
-2907.26
-3621.38
-543.979
-2832.68
-3505.24
1902.89
-1176.31
-3052.99
-7299.4
-46897.2
390.544
-45700.7
-2904.56
-14436.1
1910.45
1949.36
1907.89
-2928.28
1910.04
-2763.25
-292.701
1909.82
1911.33
1908.82
1924.59
-2966.42
6033.96
-2918.67
-180307
-403.199
-3192.49
1912.17
-2970.86
-2811.42
-2916.83
-2707.45
-3010.37
-2618.24
-3412.9
1926.25
1909.14
-1107.6
1908.77
31742.4
1911.78
30535.1
-13794.1
-2898.45
-1609.28
-1509.53
4358.72
-2520.95
-549.78
-961.093
-3711.33
-2926.9
-1132.23
-3204.68
-22880.6
-3166.48
-935.457
-3025.14
-1029.32
-2781.23
-720.519
2001.22
-2585.16
54090.9
265.158
476.989
-1328.35
-1034.87
3684.21
1899.97
1909.3
-2853.67
-1018.23
1924.3
-2962.64
-1053.19
1911.21
-2512.36
1904.03
-2949.27
1908.45
1918.41
282.782
-1395.72
-2741.87
1912.31
1035
-42965.6
-71258.8
-276.188
37.2052
-2609.68
1909.62
1915.51
-1224.17
-3082.07
1908.61
-635.901
1909.14
-823.629
-441.204
-2586.19
-3028.31
-2796.23
-3101.97
-2991.19
-26682.2
1995.11
-891.338
-316.31
1910.94
-301.093
-603.147
1909.98
-2957.88
-179151
-2316.42
5286.04
-2999.02
-1172.62
-2489.69
-2851.59
-1434.2
-3035.22
-3479.99
1895.52
-837.18
1936.16
-68046.2
-34258.2
-2770.11
-446.239
1920.17
1909.55
-3219.72
1909.72
55151.7
2785.23
55657
1910.99
-1197.51
-3025.35
-2531.01
-2651.31
1907.21
-2937.59
1906.96
-3586.4
-4552.69
-3423.62
1646.49
-462.971
-3631.12
-6611.09
-3128.29
-923.331
1907.54
-1466.85
-2706.13
-779.642
-34398.1
-1269.01
-11713.4
419.8
-1575.94
-4084.49
5098.59
-43185.6
-20239.7
-2683.36
-2038.62
-2667.14
1908.77
-14137.5
-823.135
-2888.98
-682.531
-2890.78
-2553.56
-2797.33
-3079.68
1248.79
1909.17
-1461.79
-2775.87
1891.79
-1117.5
-3525.37
1908.33
1907.11
-3424.39
1907.52
1500.58
-2779.44
-1029.16
182373
-34110.8
1909.74
1913.34
-2298.61
-1549.45
-907.088
-2783.07
-24416
-606.684
-1064.92
-2997.13
-1205.57
-1073.47
-4478.37
-1629.32
-2302.84
-227.159
-2895.65
-2973.75
-2254.11
-2510.83
-6422.15
-743.146
-743.908
1914.08
-15529.7
-2355.26
-18412.1
-2895.09
2020.17
-2935.73
-2762.87
-1175.63
-3002.22
-2565.94
-3326.95
-2886.66
-2347.27
-2437.13
-2721.28
-2394.12
-3165.79
-2716.58
1904.9
-2562.12
-2952.18
-879.713
-4749.09
-2972.99
1797.57
1934.8
-3259.53
1893.53
-2849.18
1895.37
-2789.53
6426.92
-3057.9
-2280.52
-5256.55
1909.38
-1074.94
-2431.29
1909.37
-2968.99
-21023.5
-3591.35
-497.135
-954.509
5026.47
-2316.54
807.483
-903.315
-573.03
-389.956
1915.95
-548.594
-3423.35
-1042.05
-2748.44
1022.21
-2688.66
-3214.94
-36.5109
-2285.23
-2848.86
1910.39
517.846
-2920.48
-913.423
-1691.04
764.935
-1427.16
-1037.85
-2982.52
-2927.01
-17723.2
-980.003
-2975.31
-260.504
-898.056
1911.14
1913.32
1913.05
-2892.64
1910.77
1910.4
-3542.47
-2632.22
1909.95
-25970.8
-3113.15
-8145.37
-4996.87
1911.96
1909.82
-1069.78
1908.72
-712.173
-713.286
-2039.83
503.78
-2878.07
-3956.99
1244.47
-2794.78
-1921.58
-2993.79
-405.94
235.29
-2988.64
2002.94
-44.2792
-9493.03
-56.707
1954.34
-2897.47
1912.45
861.734
5328.55
-2632.66
-2957.07
-2261.11
-61.3066
-1026.12
-411.642
1915.59
135.806
1914.96
901.484
78.7456
1942.57
1909.38
-3046.07
1907.81
1910.25
-2948.73
-1844.01
-4027.12
-1438.04
-1028.89
-1022.38
-586.626
-678.46
-1180.41
-3018.74
-458.7
-764.673
-866.301
-743.689
1910.73
-955.847
33646.3
-774.848
-1946.02
-980.26
1910.95
1908.59
1834.1
-2968.34
1911.34
304.612
1907.33
-1580.24
-2907.26
-2941.86
362.394
-3009.3
-2515.86
1992.67
1905.92
1911.22
-2929.8
-561.507
1911.39
1912.25
-1041.5
-3975.12
2015.05
-3792.86
-3244.2
-3007.95
-579.409
4395.78
1919.3
-1156.09
1885.29
-3696.98
-2990.72
-1129.76
1891.09
-4260.21
2019.57
1907.65
-8.75786
-867.076
1909.76
1909.65
973.569
-3336.61
7710.57
-2983.95
1914.92
-36521.3
-2493.14
-21136.8
-1042.18
-2556.7
-1496.26
1909.68
-2819.9
-1208.76
-511.051
1909.46
-4821.35
1908.53
-2744.64
1909.08
-2227
-594.43
1814.34
-3377.09
-4506.94
10620.5
1915.03
-1504.8
461.499
1814.9
-594.488
1764.13
-3025.59
1946.35
-540.329
1909.76
1908.51
-4874.38
-4989.59
-2696.99
-1477.18
-2705.58
-2965.7
2047.84
-2729.58
-3372.77
-2506.1
2077.42
1901.3
1885.21
4460.08
1905.72
-2595.29
1892.76
-859.847
585.003
-2692.64
-2717.62
-5502.8
-75419.3
-3024.02
-3117.15
-971.153
-32148.2
1943.61
1911.08
-2687.59
-2420.12
1911.83
-2931.48
1905.48
-2793.65
-2836.62
-729.843
-2249.14
-2990.7
3677.92
-3081.5
-2490.03
-3173.74
-1150.68
1910.64
-2287.84
-1927.78
-1022.8
1916.23
1909.1
-2894.64
-581.391
-12580.4
-1721.07
389.857
-2094.13
-40680.6
-2977.07
-2618.95
-2710.08
-2816.35
-2823.7
-808.316
-4433.84
-2992.02
-3629.65
-997.473
-1615.44
-2679.39
243.667
1932.9
-2746
-1069.67
1910.08
-3125.38
1903.86
-149127
6431.52
1900.65
-5397.5
-64528.1
-11392.8
-3021.64
1611.04
-3495.54
-1438.44
-1675.44
1944.52
9528.87
-1177.22
-13651.7
-133102
-1576.79
-978.425
1910.28
-7377.43
7407.06
-3050.59
-9108.7
-21567.8
536.127
1917.43
-49372.5
-35387.9
-35435.2
-812.441
-1643.21
598.194
1418.09
1910.5
1908.75
1910.33
-6891.36
-2762.2
1909.04
-1102.67
1910.62
-7130.91
1926.45
1849.17
-3028.64
-45926.9
-3305.31
1908.38
1912.51
-3193.16
-2639.84
1913.08
1909.4
-2956.3
1907.43
-23781.3
-2517.08
1831.6
-2902.78
-1282.34
1912.66
-2989.73
-1048.95
-1130.35
-5087.88
-856.599
-1599.11
-827.687
-2782.57
1908.5
-541.034
-952.153
-1977.41
-2980.71
1894.36
-3302.39
-14873.7
-1119.2
-3217.21
-2406.88
496.239
-2943.02
-828.425
-2291.55
3722.22
-1879.37
1911.56
840.421
-4663.41
-2439.97
-1167.1
27319.3
-38948.7
-2496.13
268
-2245.72
-543.26
-538.004
-3069.44
621.871
-3179.41
-3093.61
-2391.78
-3201.98
-1179.27
-705.201
-65289.1
-1041.15
-2978.7
-3682.65
1908.16
-1114.67
167.011
-5526.32
-1564.21
1909.48
1955.99
1920.13
-305.45
-1480.46
-2206.55
-1308.41
-2440.79
-808.948
-2453.84
-4080.36
-3538.34
-2985.35
-2696.9
-2745.97
1907.06
-2711.08
-2769.9
-2780.05
-2694.51
3367.1
-601.39
-11921.2
-2240.29
-3133.99
1806.61
1858.29
814.051
-3604.89
1912.91
-2983.86
-81459.3
-26908.1
-3972.17
-2787.11
1909.14
1951.6
-448.398
1910.18
1910.3
1910.47
-4045.56
-974.203
-932.294
-2815.37
6706.5
-580.403
-3148.46
-72388.9
-831.788
-2749.79
1909.06
-2858.84
-3763.22
-492.955
-2547.94
-2832.09
-3254.96
-2983.58
-132297
1909.17
1753.71
-2585.16
-2628.57
-2739.06
-2974.71
-2545.7
1920.12
-2370
-3004.55
-347.326
-3533.97
-3300.87
-3543.8
-3063.79
1246.49
-2914.73
-30.324
-3764.37
-2972.41
1658.65
-908.738
-52.3644
-2898.98
-3070.7
847.724
-3010.7
-2971.57
-3032.89
-3515.26
-3011.94
3874.88
-350.28
-2941.41
-892.954
-2789.68
113.603
-2891.91
-1449.82
-2568.76
1910.33
-992.443
4505.48
-2590.5
-4676.11
-2333.05
-3280.39
-2931.29
-3998.94
-2933.63
-1618.56
-56699.1
-3343.36
-2940.09
-1725.91
820.761
5816.83
1912.53
1908.8
-2563.61
-2779.52
-3230.05
1911.27
-2459.98
-3257.33
-3071.16
-978.181
-4953.24
-3024.65
-1351.87
-36017.3
1909.99
-2810.95
1907.19
-1446.95
-36296.2
-950.273
-4111.67
1850
-2374.9
1913.05
3691.05
-9119.22
-2571.26
-371.595
-1153.97
-3181.54
-3152.56
-3082.04
-1363.61
-944.744
-3132.08
-2820.87
-970.191
-2551.46
-2287.7
-2624.19
-2893.99
-2841.24
-2895.58
-3026.85
-1332.89
-3016.55
-4656.3
-1018.77
-991.073
1504.89
1946.78
-34075.5
-2714.15
1901.23
-68538.6
-2870.78
-1125.66
1907.14
-2496.45
-1093.27
1604.11
-730.743
-3553.5
-70314.5
-3010.07
-2661.41
1513.94
-742.354
-1430.9
-2887.82
-21764.8
1910.78
-2230.91
326.419
-1007.88
1907.85
1909.66
-1621.52
1912.18
1910.84
1787.03
-635.721
447.94
1910.05
1903.64
-2808.32
1901.56
-980.162
-1477.24
-4835.74
1909.71
-230.728
-706.595
3293.85
-2897.27
2172.95
-10014.4
1908.74
-439.368
1903.46
1909.34
1909.94
-4135.17
-886.065
1908.94
-1275.28
-2511.4
-2972.01
-1081.81
-1965.4
-2697.12
1904.24
-3062.1
1892.53
-82568
-43364.9
1902.9
1647.5
-2961.06
-13737.6
-2999.47
-3146.1
-1315.11
3688.03
-2672.67
-4852.91
1920.72
121.859
-2953.96
-1703.11
-1627.96
-2925.33
-1701.78
399.834
-9141.28
-4011.49
1913.33
-33997.3
-2802.41
-4794.06
-3022.19
-1650.46
-3256.15
-2829.89
1900.62
-3052.28
-5800.92
-2695.56
1906.09
-2752.51
1913.33
1910.59
1912.56
1909.05
-2995.2
-2971.01
-3077.27
-3280.05
-2769.57
-2738.93
-2767.02
-2742.59
-2935.97
-3032.44
-1084.44
-214.307
1344.32
-458.138
-2891.79
-2930.05
-2488.23
1909.89
3189.85
-5671.53
-3020.29
-2731.59
-12627.4
-3610.66
-800.149
1910.07
1914.46
-1838.14
1954.93
-777.069
-3184.34
-1397.12
-3684.69
-2387.36
-1237.32
-3295.12
18656.9
1893.96
-3818.47
-1854.35
-7098.26
-4035.44
2281.53
-1470.22
-4533.5
-965.494
1904.65
-2257.6
-6194.61
-3118.33
-2660.78
-920.35
-721.361
-559.786
-697.912
249.761
-2655.09
1908.76
-925.725
319.414
-3618.46
1905.73
1892.92
-690.833
-845.862
-2281.59
-1072.23
-12110.4
-3180.25
1911.23
-3421.11
3107.07
1923.46
-3789.41
1914.08
-1164.62
-2997.02
1912.25
-3329.06
231641
-2012.82
-1192.01
-2111.27
1919.95
-781.862
1899.95
-563.296
-3958.21
-67887.8
-269.777
1943.8
-2989.7
-1429.36
-71131.5
1908.13
7221.11
951.356
-1332.39
1942.83
-2430.8
-3242.62
-1028.99
-2976.2
-37.2864
1468.79
-559.877
-1735.49
1902.54
-3165.61
-453.246
-2547.9
-1205.39
-541.845
-2299.52
-2892.09
1937.86
-311.859
317.158
1909.48
-779.306
1946.05
-4105.67
1890.73
-2833
-2943.56
-11887
-3204.43
-2403.31
1919.87
-2919.33
-498.037
-99.663
-4114.54
-2738.1
-1046.67
-2178.16
1905.62
1908.48
6675.96
7450.96
1908.13
1976.95
-3079.89
-1165.24
-2855.3
-2716.55
-3477.87
-4316.15
1582.32
-732.117
-2861.17
-2906.53
-940.27
-2624.29
-2137.27
-141.982
-2382
-2923.18
-3590.16
-473.736
30.3733
3099.84
-3005.68
-2770.11
-2536.6
-2550.4
9609.57
-2866.14
-66574.6
-2914.07
456.319
-3112.08
-1404.47
-9251.4
-3097.85
-1467.21
1845.45
-2773.3
-1076
1910.65
-637.691
-1252.78
-1227.02
-771.72
-1972.84
-774.438
-2318.59
-2752.23
-457.61
-1165.55
-2721.36
-779.649
-2668.04
371.866
-3045.41
-2723.03
1902.71
-2950.79
19120
1908.39
-682.685
-1485.83
-2935.18
-2378.46
-3043.01
-1307.53
-3015.89
1890.91
-1563.9
-136.64
-2823.25
-146682
-696.776
-26.1172
-34.9858
-3713.52
-3012.43
1920.23
186150
1917.94
-2835.77
1914.81
183886
1910.17
-1051.18
-3162.17
1599.29
1909.19
-2911.08
1908.34
1930.06
-3283.21
1908.01
-3678.5
1994.47
-1076.97
1909.66
-3117.4
-22805.2
-801.642
1904.48
917.213
-1322.48
220632
1914.03
-2967.18
1920.26
-3524.55
1908.59
-4086.17
221000
1908.46
-55573.7
-23755.3
-1398.45
-2615.17
-1374.56
-2344.61
-3194.63
1896.74
-3448.9
1910.17
1982.74
-3093.08
-773.903
1917.31
-3364.1
1779.4
-2932.84
-1139.46
-2953.77
-2584.45
-1169.73
-98480.7
-2641.17
-928.194
-2727.85
1903.1
1910.02
-2343.5
-2983.94
-4845.25
-2977.33
-1192.19
1905.31
1916.71
-2969.99
-2973.41
-1696.7
-2567.16
-1826.4
-2976.88
-2660.26
2176.41
1910.24
1909.88
10759.6
-3967.02
-3131.3
743.801
944.903
-2680.44
-1246.59
-2391.33
-3112.33
-2019.65
1911
-788.163
-473.419
-786.229
-2782.66
-3173.49
1906.15
-789.83
-4442.41
-1406.38
1903.97
-1360.97
-4073.41
-1081.32
1903.88
-2766.25
-2834
1907.46
1917.05
1908.03
1909.66
1908.7
1910.17
-3275.86
-1419.64
-2388.25
-3428.78
-3001.66
6439.21
-2717.27
-792.783
1904.49
1925.74
-2793.36
693.289
1908.7
-488.19
-2724.66
1898.01
-3121.39
-5078.97
-2822.16
-2974.05
-3136.65
8109.4
-2655.36
-654.718
-967.436
-3040.69
-1908.22
1909.32
1813.93
-3135.19
-98.4402
1916.08
1663.1
-8936.55
-1054.23
1912.72
-922.142
-1601.53
-2995.37
-2376.37
-3051.81
-1109.86
1910.84
-829.685
-2431.88
-2474.2
-2897.26
-3026.31
-2817.76
1910.68
-2056.85
-2978.56
-706.483
-6297.44
-781.567
-3025.61
-3133.36
-3088.12
-3129.74
-533.439
-2619.79
-3291.44
-2840.99
-1022.02
-2660.17
-569.062
-671.627
954.386
1991.18
1909.87
-2658.34
-2784.2
-2635.24
-707.872
-3008.06
-2792.35
-2918.08
-2484.26
1886.78
3680.31
-3137.38
6375.05
-3026.87
-759.178
1908.83
-3689.83
13.2994
405.328
-3948.51
-2660.67
1908.06
-3012
-3003.55
-955.283
-753.381
-2679.7
1916.7
-852.53
-2677.81
-1608.49
10764.7
-1262.9
1911.08
-1094.3
1918.36
-2784.11
-2728.86
-3052.2
-482.647
-851.114
-914.218
1909.01
-3864.98
-3016.77
-8159.51
-2192.34
-82213.5
-2144.4
837.669
-976.639
-3927.73
-3025.92
-2880.77
-931.936
-2992.53
-1367.35
1909.72
1884.95
-3467.74
-1530.81
-2964.94
1917.65
-2957.59
-2872.99
-1044.85
-2995.19
-55.3085
-984.07
-2982.49
-963.221
1911.21
1909.31
1910.01
1829.8
-1083.09
1909.38
1905.81
-1381.52
-21092.9
1909.85
-90165.4
-2485.47
1906.96
-588.546
-10229.3
-2474.71
-171801
-3223.88
-8798.76
-3018.75
1812.27
-621.195
55670
-689.696
-2396.91
1918.83
-4235.66
-901.956
-866.926
-1275.5
-1065.6
1909.89
1846.73
-1532.47
1918.2
1906.09
15041.6
-3222.21
1909.99
-1042.66
1912.26
-1030.75
-4123.53
1909.08
-1100.21
-3014.03
-0.0815715
-2686.18
-2750.61
-3461
-3328.63
-2769.81
-2798.79
-836.363
-813.719
-825.035
-3667.76
1906.92
-2795.43
1902.77
1075.28
-3012.62
106.155
-352.007
1815.47
4087.96
-2879.43
-3070.95
1910.29
1911.07
1911.65
1922.66
1922.24
1920.43
1443.28
609.863
7928.99
33795
14936.2
14977.2
-2966.89
-2805.22
-2937.31
-3172.97
-2838.89
-2906.51
-2840
-2981.02
-1731.3
-1729.77
-2488.8
-3755.7
-2999.06
-3137.57
-8459.32
-9064.04
-7702.34
-6084.82
-3982.59
-7986.15
-6129.43
-1060.08
-7869.53
-18401.7
-27719.1
-2989.38
1777.14
-2997.12
1875.19
-3270.05
-2973.85
1873.08
1750.25
1891.1
1768.48
1899.68
1918.76
1926.85
1908.95
1908.83
1903.16
1908.07
1909.41
1908.72
1908.26
1909.57
1906.71
1905.99
1909.32
1900.82
1967.51
1782.41
1948.53
1968.16
1777.01
1912.66
1910.1
-137228
-153597
-12552.3
-30548.8
-99581.4
-84876.3
-4331.48
-2777.83
-1294.44
-2013.08
-3819.62
-2223.07
-2239.75
-2409.81
-2656.58
-2425.18
37.8385
-4315.75
-4142.37
-72.5283
-568.252
-931.049
-989.493
-951.576
-896.172
-873.601
-930.266
-933.217
-1073.45
-989.07
-1054.29
-1090.83
-1172.46
-1071.13
-881.578
-1734.47
-1666.05
-1435.63
-1612.3
-2191.64
-1222.66
-303.182
-1401.27
-1753.64
-1074.89
-1449.57
-1680.39
-1491.48
-1942.12
-2045.78
-2062.67
-2536.03
-2449.24
-2193.79
-3065.72
-2671.47
-2505.87
2271.17
2821.32
2611.27
3024.54
3687.05
-1805.54
-1829.23
-3011.96
-3012.66
-2948.17
-3131.18
-3119.36
-3136.88
-3233.93
-3053.24
-3296.68
-3021.22
-3025.19
-3022.05
-2986.77
-3086.65
-2978.44
-1068.67
-1177.95
-3390.41
-3285.35
-3490.26
-4772.75
-5520.81
-4661.25
-4424.17
-4075.99
-3290.18
-3521.38
-2342.28
-2673.76
-2436.61
-2505.68
-2553.83
-2573.96
-2706.9
-2654.39
-2796.93
-2813.62
-2720.68
-2718.48
-2988.01
-3015.33
-3061.74
-2940.82
-3160.4
273.463
1246.14
1201.01
298.715
334.294
1181.82
1584.56
1529.89
1341.26
114.969
-583.09
-498.235
-4046.1
-2612.25
-2622.42
130.893
1231.17
-419.778
1806.39
-33782.7
-34400.5
-49423.5
-34457.2
-34087.9
-48298.8
-33962.3
-27169.8
14555.8
-26485.5
6526.04
108.699
-260.736
45329.9
35553.8
34975.4
-6657.85
15423.5
15180.2
-2712.67
-2575.81
-2260.35
8601.01
10648.3
7397.15
6174.66
7027.4
4917.77
5879.65
6824.49
4057.25
4987.1
4759.88
-1008.83
-337.005
-2238.06
-1689.62
-1217.35
-1474.08
-1197.93
-1085.78
-1094.1
-1115.3
-927.435
-878.047
-925.151
-885.152
-1011.25
-976.27
-1014.03
-680.332
-719.103
-730.405
-1154.22
-2181.74
1683.54
1706.45
1847.79
1879.66
1911.8
1913.49
1925.97
1931.81
1913.11
1905.42
1911.37
1898.31
1899.05
1904.23
1889.32
1856.58
1910.79
1890.55
1851.78
1880.45
1881.92
1919.12
1884.75
1896.47
1905.96
1894.9
1924.91
1928.92
1895.46
1908.96
1906.68
1908.92
1903.94
1902.81
1902.67
-3306.64
1909.35
1908.43
1911.4
1911.72
1906.26
1907.82
1909.27
1904.81
1909.24
1897.49
1964.74
1768.26
1970.49
1901.84
1903.03
1768.15
1913.62
-1711.19
-869.598
-916.001
-1023.76
-1064
-563.25
-2213.45
-2547.44
4216
-9444.36
2854.34
-1782.03
-2955.58
-3221.55
-3003.88
-3026.12
-3024.96
-795.403
-2320.54
-5095.48
-4157.59
-3574.5
-2563.49
-2545.75
-2829.56
-3006.88
344.771
-2823.27
398.333
420.713
1381.41
-2762.51
-3574.17
-2518.64
-3304.32
-1154.39
-3247.18
-33943.6
-34431.8
-34508.2
-27312.1
9106.78
14166.8
2486.41
5632.93
-1898.27
7738.99
8926.86
5856.31
5570.22
6561.86
6214.2
-1666.17
-1187.41
-859.98
-990.506
-1031.6
-1050.3
-1101.15
-1662.5
-1009
-757.681
-819.461
-715.905
1670.75
1926.02
1911.63
1880.08
1887.97
1915.02
1887.14
1853.06
1921.94
1892.15
1891.26
1890.39
1903.57
1911.11
1908.74
1904.61
1903.69
1908.74
1905.08
1904.06
1909.78
1906.7
1907.97
1907.9
1913.32
1913.32
1911.19
1911.57
1911.18
1910.37
1910.66
1907.98
1906.48
1908.12
1908.56
1908.42
1910.03
1908.29
1910.51
1909
1911.61
1911.67
1912.67
1912
1909.97
1910.91
1910.95
1910.64
1911.2
1913.02
1911.02
1921.27
1918.53
1915.93
1912.66
1907.45
1954.84
-1876.28
-2026.8
-3679.46
-2219.16
-2323.13
-24530.1
-12442.8
-13749.3
-20113.6
-81088.3
-62501.8
-74647.6
-13278.9
-82487.1
-209.787
347.878
-131.282
-880.191
-798.658
-729.745
-502.118
-1073.49
-772.044
-1108.51
-1060.9
-933.202
-1054.08
-1319.3
-1220.79
-1405.73
-1264.44
-1342.42
-1435.53
-1488.99
-1513.47
-1437.42
-1424.3
-1761.38
-1668.08
-1846.63
-1829.22
-1099.12
-1652.85
-1606.92
-1790.92
-1748.45
-1624.15
-1943.44
-2059.49
-2157.44
-2251.65
-2306.23
-2276.51
-2454.6
-2467.06
-2556.73
-2958.48
-2403.61
-2329.87
-3405.79
-1283.94
-2384.22
-1929.28
-2177.8
-2176.51
-3062.15
-3084.85
-3113.08
-3106.21
-3019.55
-3066.07
-2969.73
-3005.13
-3010.95
-2956.22
-3029
-2973.77
-2974.01
-3030.72
-2983.29
-3181.56
-3752.35
-2194.07
-2955.91
-2391.33
-3038.55
-2412.67
-1966.28
-2255.57
-5417.53
-2672.33
-2045.06
-2288.07
-2277.12
-2216.56
-2380.38
-2759.97
-2773.99
-2750.58
-2652.71
-2753.69
-2722.18
-2703.81
-2679.35
-2690.33
-2726.26
-2773.8
-2839.58
-2796.17
-2830.12
-2985.07
-3007.67
3686.97
-3013.73
-3039.71
-3004.03
-3049.97
-3052.79
-3239.79
-2960.04
-3024.96
-3283.92
443.922
362.206
425.865
466.996
-3146.21
-2859.02
-3349.07
-2960.8
-3088.26
-3584.31
-3325.17
-3571.24
-2880.56
-2786.55
-3174.94
-2093.42
-2340
-2518.74
-2445.96
3691.3
-1918.55
-35432.1
-49020
-1025.89
-33157.9
9732.39
-7239.19
-86.346
-1045.95
7565.81
258.45
-3529.68
-5135.21
-11672.9
-12990.7
-6934.94
-2971.85
-2775.75
-1545.88
185.419
-506.081
365.95
909.989
984.129
1138.77
1017.76
805.831
657.444
914.747
813.793
672.168
947.173
495.553
589.708
410.583
-365.157
-227.242
-577.888
-173.432
-297.445
-427.948
-579.767
-456.879
-371.642
-456.419
-538.621
-589.593
-523.403
-832.265
-686.547
-1037.11
-605.821
-551.071
-703.875
1767.06
1927.45
1757.9
1853.41
1849.96
1845.99
1861.22
1851.09
1863.16
1892.32
1901.23
1914.89
1902.64
-1038.38
1915.5
1928.35
1904.48
1907.21
1908.43
1908.45
1906.87
-2963.11
1907.89
1908.95
1909.11
1908.35
1910.71
1910.58
1903.18
1910.16
1908.78
1911.5
1909.04
1907.39
-10644.6
-3041.64
-3019.56
-3284.96
-3332.86
-2919.89
1909.09
1909.49
1908.48
1909.01
1911.85
1909.77
1909.18
1909.27
1909.68
1910.02
1910.28
1910.07
1910.71
1910.41
1910.75
1911.74
1910.76
1911.59
1910.32
-7663.37
1909.9
1909.68
1909.88
1908.9
1914.87
1914.59
1913.75
1911.79
2025.19
1259.73
-3691.64
-1447.53
-1617.16
-1739.67
-2161.31
-2890.8
-2097.13
-2306.13
-3627.41
-11779.5
-21525.4
-3118.89
-3023.11
-437.778
-2814.26
-3258.89
320.577
740.249
-74.1112
-497.926
-865.754
-840.609
-982.903
-910.672
-458.509
-834.487
-506.734
-1006.95
-980.447
-892.01
-891.748
-925.623
-872.117
-772.187
-865.041
-880.483
-890.337
-870.418
-906.006
-1077.21
-784.427
-896.104
-793.004
-1096.02
-864.491
-790.776
-857.694
-662.129
-899.126
-998.634
-1732.91
-1119.32
-788.039
-955.625
-3320.73
-1710.89
-1179.91
-1140.21
-1160.15
-1167.36
-1187.78
-1263.99
-1174.72
-976.52
-2888.24
-3560.22
-1805.08
-3268.96
-2688.55
-2739.44
-2593.84
-2210.81
-2718.38
-3078.68
-2937.78
-3048.42
-3024.5
-3070.4
-3056.37
-3043.07
-3038.85
-3063.09
-3024.72
-3017.07
-3009
-3009.4
-3015.36
-3008.59
-2991.44
-2994.85
-3016.44
-3070.08
-2957.62
-2989.25
-3007.04
-2957.76
-2829.33
-3205.34
-2978.05
-3471.77
-4920.01
-4170.04
-2944.21
-2916.2
-2973.51
-2932.44
-3394.98
-2813.95
-2893.69
-3049.58
-2981.13
-2646.78
-2626.21
-2786.52
-2482.83
-2488.49
-2693.2
-2516.41
-2722.1
-2526.59
-3025.54
-3045.15
-3025.97
-2696.12
-2830.52
-2796.36
-2772.53
-2785.07
-2777.8
-2775.1
-2821.13
-2776.42
-2879.86
-2831.44
-2818.59
-2802.09
-2834.84
-2915.44
-2892.25
-2928.37
-2941.59
-2950.12
-2964.99
-2957.63
-2976.31
-2981.25
-2968.5
-3208
-3060.94
-2941.48
-3178.13
-3635.58
-3215.73
-3130.32
-3153.7
-3126.61
-3104.2
-3061.52
-2890.75
-3278.58
-3346.78
-3453.06
-3414.66
-3313.14
-4305
-3664.36
-5730.67
-5101.71
-4912.31
-8100.09
-11720.7
-11977
-9775.18
-1491.15
-13337.2
-5135.55
-4994.24
-4798.48
-4585.46
-2965.47
-2849.56
-3854.08
-2966.27
-4897.34
-3679.46
-3260.91
-3737.92
-2935.53
1678.04
-534.035
-1268.77
-517.614
1342.26
1006.6
7.57014
2.10798
983.805
5.35394
-45.1343
15.8877
-77.6245
-192.882
0.893559
806.967
-22.6313
-162.931
66.0326
-225.446
-157.718
-349.087
-259.971
-676.368
-544.076
-3401.16
-382
-186.197
-378.958
-479.196
-591.571
-486.362
-502.795
-410.845
-583.441
-509.276
-527.719
-657.941
-647.697
-706.348
-745.205
-630.093
-704.814
-673.957
-770.607
-826.918
-499.551
-534.547
1910.08
1861.63
1914.91
1927.94
1852.57
1914.39
1850.17
1921.57
1899.88
1897.2
1905.57
1907.86
1909
1905.55
1907.36
1909.29
1911.24
1910.89
1910.34
1911.47
1906.91
1911.21
1909.02
1910.87
1908.09
1910.78
1910.07
1907.85
1910.47
1902.98
1911.24
1909.53
1908.34
1911.87
-3638.16
-3145.1
-3052.07
-2985.92
-3019.73
-3038.31
-3015.08
-2948.65
-3010.99
-2655.46
-2478.32
-2991.94
-2494.61
-2392.49
-4964.12
-1560
-3595.53
-2957.45
1910.57
1910.21
1910.03
1910.47
1914.1
1901.93
1913.3
1910.87
-3039.14
-3018.92
-2931.66
-3035.28
-3172.66
1910.36
1911.17
1910.01
1910.83
1912.11
1911.68
1909.11
1911.42
1910.56
1910.87
1909.71
1909.43
1910.26
1910.17
1909.76
1909.97
1914.56
-2882.82
-3453.58
-2164.09
-3412.09
-3552.63
-3298.27
-3766.97
-4611.13
-848.78
-2584.8
-1849.55
-746.522
-936.899
-1079.78
-871.906
-975.572
-805.146
-711.187
-798.83
-467.943
-485.451
-839.595
-754.932
-677.434
-892.499
-283.309
-273.302
49.5864
-634.796
-257.005
-521.446
115.952
-1112.03
-55.5213
31.8846
-1439.38
-659.348
-1749.17
1909.8
1910.34
-2747.44
-2865.61
-2698.13
-2895.54
-3300.84
-3217.09
-3077.89
-3065.11
-3083.12
-3109.48
-3110.91
-3066.32
-3014.27
-3066.15
-3010.42
-2982.92
-3000.24
-2983.91
-2978.64
-2998.53
-2999.32
-2978.2
-2799.77
-2755.93
-3241.14
-3019.44
-2879.89
-2832.2
-2874.57
-2765.46
-2832.55
-2805.37
-2783.32
-2888.12
-2772.3
-3117.6
-3914.23
-3860.96
-2916.61
-2894.94
-2927.82
-2949.7
-3004.08
-2999.29
-2969.1
-3823.22
-3131.7
-4352.97
-2912.43
-3935.51
-12828
-4891.1
-3044.14
1908.51
1899.46
1911.49
1910.1
1910.13
1911.05
1911.53
1909.42
1909.87
1910.35
1910.88
1909.32
1909.85
1910.75
1909.95
-3001.74
-3151.48
-3741.44
-3442.84
-3372.29
1910.28
-3453.86
-12704.2
1917.11
-3604.83
-2739.11
-2800.46
1912.04
1910.42
-3119.17
-3006.21
-2978.89
-3105.2
-1714.25
-3127.21
-3333.26
-3153.6
-1631.09
-14061
-830.517
-626.011
-563.936
1853.89
1868.13
1891.12
1905.59
1907.56
1905.4
-10206.9
-3436.82
1911.07
1909.71
1917.61
-1180.69
-889.667
1910.51
-2601.78
-2617.71
-3006.98
-2949.27
-3007.65
-2812.34
-3042.37
-9190.33
-4841.8
-3023.26
-3156.2
-3041.97
-3016.37
-3058.8
-3205.26
-2959.97
-2130.02
-486.165
-527.153
-769.977
1910.28
1901.86
1903.68
1908.84
1909.2
-3070.95
-3517.04
1908.35
-3349.91
-130.471
-290.865
1909.99
-592.229
-4039.51
-3009.62
-2966.02
1909.07
1909.54
-3150.74
1920.14
1919.68
4251.47
-2740.41
-1694.07
1909.89
-5795.67
-3722.34
-20312.2
1909.4
1878.11
-2990.13
1783.28
1834.67
-1763.96
1911.43
-890.627
1912.35
-2277.01
-2947.71
-2275.99
-2747.18
-2477.52
1232.02
1330.34
1136.8
-3857.64
23282.3
7065.86
-626.941
-1429.61
-571.061
-498.645
-1056.3
-867.234
-956.382
-683.585
1862.89
1.211
1913.3
1913.65
1924.52
1912.22
-51.0385
1892.46
-45.381
1904.41
1921.09
1912.11
1894.6
1903.58
1912.37
1910.64
417.742
-6264.51
-4723.18
-569.07
-743.278
1891.4
1855.54
1902.34
-4275.6
1907.17
1898.95
1850.44
-904.389
-1966.57
-1983.09
-3010.85
-3043.29
-2941.96
-2993.19
-3265.3
-3074.2
-2972.57
-6974.12
873.012
-686.725
-553.53
1759.81
1858.75
1897.92
1927.22
1907.38
-3469.14
1909.98
1906.86
-3340.93
1909.52
-3750.62
1910.69
1909.85
-650.454
-3397.07
-816.116
-1019.47
-1077.87
-1888.88
-2829.11
-1673.26
-3092.24
-2947.29
-3344.31
1910.17
1910.63
1910.32
1909.26
1296.62
1457.9
1331.37
1156.01
)
;

boundaryField
{
    Wall
    {
        type            zeroGradient;
    }
    Inlet
    {
        type            zeroGradient;
    }
    Outlet
    {
        type            fixedValue;
        value           uniform 0;
    }
    Empty
    {
        type            empty;
    }
}


// ************************************************************************* //
