/*--------------------------------*- C++ -*----------------------------------*\
| =========                 |                                                 |
| \\      /  F ield         | OpenFOAM: The Open Source CFD Toolbox           |
|  \\    /   O peration     | Version:  2312                                  |
|   \\  /    A nd           | Website:  www.openfoam.com                      |
|    \\/     M anipulation  |                                                 |
\*---------------------------------------------------------------------------*/
FoamFile
{
    version     2.0;
    format      ascii;
    arch        "LSB;label=32;scalar=64";
    class       volScalarField;
    location    "2.6";
    object      p;
}
// * * * * * * * * * * * * * * * * * * * * * * * * * * * * * * * * * * * * * //

dimensions      [0 2 -2 0 0 0 0];

internalField   nonuniform List<scalar> 
2958
(
-64370.1
-58652.1
-20484.5
-87132.9
-65967.7
-18844.5
-57877.9
-66318
-54978
-65180.5
-63093.7
-58294.5
-64988.3
-58302.6
-64696.3
-63235.2
-64364
-65091.1
-58293.5
-65725.2
-58117.4
-65137.5
-57995.4
-64480.1
-65020
-65028.2
-22509
-67093.6
-62297.9
-63492
-64953.7
-64834.9
-58410.6
-34653.1
-64684.4
-66761.2
-58300
-58033.1
-66811.8
-66638.7
-59515.8
-65466.7
-56650.7
-64420.8
-58294.4
-52689.2
-62819.7
-55948
-76881.2
-59470.6
-63864.8
-58578
-65169.9
-63137.9
-63920.4
-73093.8
-66111.9
-65202.4
-64470.2
-41959.1
-66832.8
-65774
-61892.6
-63541.3
-58305.6
-58300.7
-63149.6
-55691.8
-60689.5
-68341.9
-63398.3
-58292.4
-60075.7
-64534.2
-58327.8
-62619.1
-66938
-61772.7
-58316
-63826.2
-64949.8
-65313.9
-67186
-67538.8
-65914.6
-63678.8
-65094
-63733.5
-56428.9
-58525.5
-63745.5
-57863.3
-62429.6
-58288.9
-44289.2
-62072.2
-69995.7
-86657.5
-58304.5
-58297.9
-87151.4
-64483.7
-63429.8
-62781.2
-58514.3
-61214.8
-58290.2
-78223.8
-58314
-61070.1
-123648
-63935.5
-58345.5
-64957.2
-58301.5
-58302.7
-63554.5
-64110.6
-64674
-64291
-71096
-58293.5
-62539.6
-55334.9
-70304.8
-66175.8
-70015.3
-64260
-64463.2
-58279.9
-58319.9
-58261.7
-64166.1
-58309.7
-58296.1
-58309.3
-64997.4
-65470.3
-58300.9
-58303.3
-66593
-60047.9
-58131.5
-58328.1
-64420.9
-59396.4
-58324.8
-58296.1
-71003.1
-58295.5
-65766.7
-70424.7
-65427.2
-59291.1
-66127.1
-58306.6
-57742.2
-64574.8
-59901.9
-50428.3
-66587.5
-66021.3
-65633.5
-58297.7
-60527.9
-69688.1
-56461.6
-58302
-65369.4
-36191
-68941.2
-58290.6
-58587
-61142.7
-58329.2
-25029.1
-66182.8
333.632
-50998.5
-60666.3
-59523.3
-64293.2
-64796
-153605
-58279.6
-63778.5
-57916.1
-58314.3
-66211.8
-81760.1
-64521.7
-59729.9
68971.1
-65833
-52451.1
-62061.8
-58373.1
-68988.5
-63904.6
-71025.8
-65522.3
-58307.5
-64427.4
-7449.24
-75499
-94996.9
-60411.6
-94874
-65514.2
-79133.8
-58302.5
-58502.1
-58310.5
-61233.2
-58306.9
-34199
-63559.6
-58305.8
-58305.6
-58303.9
-58275.8
-60429.3
-59743.3
-63910.8
-228059
-63626
-67200
-58306.9
-54762
-66663.2
-57709.2
-70514.7
-76366.4
-65329
-62224.7
-58271.3
-58331.9
-64470.5
-58337.8
-34620.2
-58320.1
-35517.4
-78913.3
-67016.1
-65227.6
-64687.8
-59154.5
-64966.2
-63166.5
-64422.8
-67092
-63194.8
-64011.6
119074
-86950.2
-50139.1
-63958.8
-72087.1
-64536.2
-65371.4
-63977.9
-58144.3
-56270.5
-35137.7
-62718.6
-62890.9
-67132.6
-64792.4
-56588.9
-58114.2
-58300
-64324.3
-64051.1
-58287.6
-60536.1
-64761.6
-58309.5
-62364.6
-58306.8
-62382.8
-58301.2
-58246.4
-62614.4
-63689
-64987.3
-58299.5
-59589.4
-107327
-130651
-63172.5
-64262.3
-71606
-58301.1
-58295.9
-66836.4
56855.6
-58302.8
-63899
-58302.8
-66101.5
-65195.7
-65669.7
-72509.6
-35944.9
-66672.4
9895.26
-91783.6
-58151.7
-63566.1
-64197.7
-58318.9
-64091.2
-63563.1
-58313.6
-61404.7
-226951
-65885.6
-59223.2
-65659.1
-65054.8
-61251.7
-65893.9
-64370.9
-55343.7
-34227.8
-58130.9
-63947.8
-58226.1
-126311
-101407
-65202.1
-65677.5
-58291.1
-58301
-15529.1
-58300.9
44909.8
-63260
46779.6
-58318.1
-63758.6
-63689.4
-63309.4
-65809.7
-58317.2
-57690.2
-58316.2
-64814.4
-67512.2
-66800.6
-60122.6
-62065.8
-75965.8
-68442.2
-55992.5
-63889.1
-58303.5
-64517.9
-74224.6
-64412.1
-101352
-64664.6
-75253.5
-59007.8
-65583.5
-70652.6
-59220.8
-107295
-81698
-61875
-66669.9
-66470.2
-58303.2
-77555.6
-63767.4
-55927.3
-63819.6
-64943.4
-64666.4
-64848.2
-66862.4
-62460.2
-58319.8
-64431.2
-65526
-58317.8
-65196.4
-69217
-57957.1
-58311.6
-65041.4
-58300.3
-58366.4
-64313.1
-62421.6
124694
-101273
-58302.2
-58295.9
-61379.7
-64784.9
-63875.6
-64072.8
-85436.8
-63678.7
-64397.7
-55093.1
-63743
-64416.1
-67424.4
-65451.4
-64973.9
-63184.8
-57945.9
-67760.7
-60762.9
-65258.5
-74719.7
-64455.2
-64458.3
-58294.7
-63476.9
-57147.4
-68536.8
-64831.3
-58042.4
-74151.1
-64766.9
-64205.2
-61077.1
-66192.7
-63314.6
-59869.5
-65791.7
-64272.2
-66096.2
-58267.2
-64756.6
-66483.3
-58306.3
-60912.9
-63436.7
-64001.6
-71133.4
64903.5
-59025.8
-58213.6
-53186.4
-58341.3
-65924.1
-58323.1
-67806.6
-64274.3
-53771
-66144
-68691.8
-58301.5
-64211.3
-60883.7
-58302.4
-59634.5
-87598.9
-67225.1
-64977.7
-63918.9
-58745.3
-36841.8
-61984.6
-63896.2
-62104.4
-64767.9
-58294.8
-65216.7
-50770.2
-63634.2
-63225.5
-62484.2
-65985.2
-11588.3
-63172.1
-65072
-48445.7
-58305
-59550.8
-58020.7
-64466.9
-64608.8
-62420.2
-7560.23
-64251.8
-58104.3
-57889.7
-80110.6
-64767.3
-63500.1
-62865.7
-66100.1
-58314.9
-58322
-58272.1
-65475.7
-58323.9
-58304.6
-66707
-67469.7
-58300.9
-91132
-55341.6
-72189.3
-68684
-58327
-58297.2
-64401.6
-58301
-63789.5
-63831.1
-22317.1
-63210.1
-65101.2
-67390.7
-58853.5
-65405.9
-64707.5
-43686.5
-63744
-63664.6
29531.6
-58131.4
-63156.9
-72971.9
-63158.9
-58486.9
-55797.1
-58295.2
-61451.3
-59302.3
-69627.9
-59153.8
-66199.2
-63158.2
-64601.8
-63667.4
-58295.5
-62965.7
-58247.5
-61376.3
-63108.6
-58004.8
-58301.3
5650.77
-58319
-58299.9
-60196.4
-65317.2
509483
-65323.8
-64587.8
-64209.2
-63879
-64832.4
-64202
-57032.7
-63425.8
-64433.9
-64105
-63952.9
-58305.1
-63862.3
-33072.7
-64039.4
-65522.3
-64223.8
-58322
-58342.7
-58518.3
-6219.82
-58326.5
-62635.8
-58304.3
-65582.6
-64371.1
-61210.8
-62627.2
-47559.9
-66557.5
-58144.1
-58374.2
-58298.7
-59911.2
-65351.2
-58301.5
-58307.9
-65001
-67154.9
-58057
-68842.4
-62981.4
-68010.6
-64446.3
-55509.8
-58291.8
-64817.4
-58330.4
-66852.8
-43438.3
-64541
-62032.6
-68540
-57577.6
-58300.2
-63676.3
-59360.9
-58306.4
-58302.2
-62688.1
-65026.1
-60292.1
-59802.2
-58294.3
-77404.3
-63942.6
-83127.2
-64610.9
-62083.8
-64411.1
-58324.6
-67681
-64249
-63781.2
-58304.2
-69877.3
-58304.4
-63748.5
-58303.6
-62994.6
-63568.7
-58580.9
-55878.5
-66868.1
-60644.8
-58247.3
-65744.1
-63148.5
-58584.3
-64438.8
-62169.9
-64570.8
-58264.6
-63449.9
-58300.5
-58302.5
-71288.4
-69649
-34602
-65458.6
-65143.2
-58618.5
-57521.7
-84220
-69733.8
-50493.5
-57466.3
-58343.2
-58569.1
-55399.5
-58307
-60605.5
-58338.6
-64644.1
-62700.1
-63058.6
-65963.6
-74674.5
-134528
137386
-51607.2
-64049.1
-82685.2
-58267.2
-58298.6
-66823.9
-62933.1
-58297.8
-75934.5
-58307.9
-63928.1
-64419.2
-63909.7
-65653.4
-62597.8
-56633.6
-49015.8
-66277.2
-66701.5
-64359
-57967.4
-65013.7
-65940.4
-64340.7
-58271.4
-58308.5
-66267.2
-63567.1
-64547.8
-65653.9
-62822.4
-65459.1
-100882
-64604.4
-64808.2
-69871.7
-65273.7
-66067.4
-64515
-67398.6
-65125.5
-66250.1
-64109.6
-59148.8
-66355.6
-55767.9
-58252.5
-64373.8
-64769.5
-58302
-48400.6
-58306.9
-200481
-59834.7
-58308.7
-67661.2
-123546
-66191
-56285.4
-57842.1
-65764.9
-65647.7
-65505.2
-58124.9
-62902.1
-64377.4
-66272.2
-185864
-64406.9
-64153.9
-57969.1
-71140.9
-60386.8
6772.99
-73196.4
-87120
-59538.8
-58294
-110141
-65838.4
-67451.4
-63416
-65802
-62921
-60882
-58303.8
-58298
-58301.6
-70615.6
-64038.7
-58304
-64300.2
-58308.1
-70858
-58248.2
-58464.2
-50776.5
-94680.9
-66815.8
-58304.1
-58307.5
-66385.1
-65936.8
-58296.6
-58302
-60110.8
-58301.2
-86128
-66317.7
-58537.8
-57886.3
-64300.9
-58295
-59502.8
-64167.4
-64089.4
-69645.7
-64037.8
-65195.3
-60676.7
-65887.1
-57959.2
-63514.6
-64716
-66046.5
-54086.7
-58327.3
-66484.4
-78286.8
-63696.9
-66352.4
-65300.7
-62061
-58249.3
-64936.6
-60084.1
-58836.8
-66174.6
-58306.7
-62227.7
-68070.8
-64279.6
-63747.7
-38197.7
-99005.4
-64924.6
-63230
-64914.4
-57875.7
-63785.8
-55770.5
-62990.7
-66711.5
-56487.7
-65011.6
-56976.9
-63646.2
-64420.2
-124307
-64274
-58936.6
-67447.7
-58302.5
-52613
-63050.3
-68908.8
-64451.5
-58303.1
-58053.8
-58290.8
-62929.5
-64462
-56860
-63725.2
-63470.9
-64505.5
-65275.9
-65457.2
-51047.8
-61584.7
-67046.3
-63022.1
-58316.1
-64981.1
-67121.5
-65442.1
-63553.7
-63143
-63484.7
-79608.9
-56805.3
-67181.5
-58105.7
-58446.9
-62469.4
-65863
-58298.2
-58218.8
-138934
-92045.1
510241
-66059.9
-58298
-58073.1
-63681.6
-58300.4
-58300.3
-58300.5
-70134.1
-64348.2
-59350.5
-64604.5
-50834
-63535.9
-57264.6
-131737
-63981.8
-63494.9
-58303.1
-64361.1
-65311.4
-63720.2
-64878.4
-64333.6
-65135.1
-57434.9
-185414
-58302
-58491.2
-60702
-73160.4
-63048
-11558
-64667.1
-58270.7
-64922.5
-60322.7
-63595.4
-70034.6
-65652.1
-66937.8
-65152
-58847.8
-63994.1
-62921.6
-68463.1
-67712.4
-63180.9
-63812.3
-63062.2
-65115.7
-9466.16
-62738.3
-77101
-58252.7
-56996.2
-65686.5
-57214
-60361.2
-63423.6
-56623.2
-63845.8
-64980.5
-63085.6
-64813.8
-63759.9
-60261.3
-58301.8
-64149.5
-55304.6
-67171.9
-67835.1
-67110.8
-66560.2
-64100
-65096.5
-77071.2
-65451.3
-116703
-64684.9
-63814.7
-65550.9
-62424
-59383.7
-58299.3
-58333.5
-66647.9
-65564.7
119419
-58299.3
-66300
-68149.1
-53566.2
-64059.1
-68185.4
-64307.8
-63700.7
-95703.2
-58297.6
-70012.4
-58299.9
-64436.9
-67177.8
-66403.9
-60501.3
-58461.2
-64942.1
-58295
-56600.4
-66067.9
-65849.9
-63579.6
-64611.7
-50746.3
-56146.9
-54057.5
-63780.5
-64057.9
-16417.5
-74753.9
-64363.5
-64949.3
-64794.8
-67014.2
-55375.2
-63954.9
-55341.9
141115
-64048.5
-56060.5
-68052.6
-64398.2
-64359.6
-58410.9
-58123.5
-101139
-64879.9
-58325.5
-126401
-72962.4
-64172.5
-58302.9
-65257.6
-64800.8
-57843.3
-63744.7
-64386.6
-127520
-67287.3
-62450.2
-58396.1
-63845.6
-64605.1
-54507.4
-84183.5
-58299.6
-56892.6
-41544.9
-64187.5
-58301.2
-58307.6
-65613.3
-58297.9
-58315.4
-58993.6
-63892.5
-60231.5
-58341.6
-58309.2
-66824.2
-58115.1
-64057.9
-64433.9
-70139
-58300.6
-64929.2
-64004.7
-58346.2
-66033.7
-57781.5
-74654.8
-58302.3
-63727.4
-58309.7
-58321
-58302
-68434.5
-64704.3
-57956.4
-63747
-64995.9
525.727
-64229
-66745.9
-65307.1
-58310.2
-61373.1
-58333.4
-141819
-108133
-58310.3
-59829.4
-64509.7
-76733
-58646.8
-65211.1
-63715.1
-56576.2
-67788.7
-69841.1
-58238.3
-62839.2
-56307.5
-65798.8
-65626.4
-64577.4
-65842.8
-59030.9
-65561.1
-65169.8
-58294.6
-101148
-65517.3
-69963.9
141007
-65769.4
-58276
-64695.3
-58316.5
-55584.1
-65363.3
-64417.8
-58313.5
-66218.6
-58294.1
-58303.1
-58298.1
-58301.6
-59236.3
-50581
51286.3
-66880.7
-65389.8
-65614
-64775.5
-64143.6
-63486.1
-65599.4
-66454.6
-63253.2
-62110.3
-63088.1
-63552.6
-64954.5
-62393.2
-58306.8
-58614.5
-65947.8
-57237.3
-65204.6
-64537.7
-68638.4
-63684.1
-58302.5
-58282.6
-65730
-58051.4
-64464.5
-64504.4
-64280.1
-65904.5
-67273.2
-64425
-29867
-46193
-58351.1
-66701.7
-63946.2
-73326.9
-67064.9
-61372.1
-64420.8
-65295.9
-63998.4
-58306.5
-63264.3
-72418
-65297.3
-63708.4
-64313.1
-64019.7
-62094.1
-63790.6
-55718.9
-64274.8
-58306.9
-64294.7
-55675.3
-64967.6
-58316.1
-58346
-63702.5
-63763.6
-64377.5
-64741.2
-66399.5
315386
-58298.4
-64949.9
-58651
-58248.4
-67209.5
-58274.3
-63693.3
-54340.2
-58298.4
-66805.8
154403
-65890.9
-63410.8
-64380.3
-58283.6
-63865.4
-58319
-63873.8
-66921.3
-126665
-63085.3
-58138.6
-43015
-64706.4
-133599
-58303.6
-63993
-62419.8
-64674.8
-58006.5
-64971.4
-64035.2
-64592.7
-64973
-63146.8
-61679.4
-63817.3
-67056.1
-58311.8
-64631.3
-63601.6
-64357.1
-64360.6
-63745.4
-61722.4
-64740.1
-58224.3
-63517.4
-42348
-58304.1
-63980.3
-58120.2
-64786.6
-58343.1
-65172.8
-64130.6
-64283.1
-56894.7
-66065.4
-58243.3
-64015.5
-63746.1
-63221.6
-65077.9
-64559.2
-64382
-65026
-58306.8
-58302.3
-61054.9
-60955.9
-58303.3
-58049.8
-48281.6
-65016.7
-49041.4
-64388.6
-65206.4
-23714.3
-58593.4
-63855.9
-48772.1
-66724
-64490.2
-64638.7
-66033.4
-63166.4
-57864
-64983.7
-67956.2
-63686.6
-62446.6
-63468.4
-56052.9
-63635.2
-79371.8
-71370.4
-61574.6
-68223.5
-128889
-64985.5
-60207.4
-60700.7
-64658.3
-74391.3
-59652.6
-65071.8
-58483.9
-64517.8
-64199.9
-58303.6
-63243.5
-63737.2
-63710.8
-63353.4
-69849.3
-65646.6
-67505.2
-64873.2
-63700.5
-63694.9
-66581.8
-63979.7
-66481
-45451.5
-67187.5
-64753.3
-58312
-63695.9
-45794.3
-58333.5
-63606.2
-64349.8
-60552.1
-66339.6
-67124.7
-63767.3
-56226.5
-58338.5
-65341.3
-63225.2
-69929.5
-198439
-64416.5
-62807.3
-63147.5
-21223.5
-52688.3
-58252.3
127908
-58293.2
-67081.2
-58297.2
126030
-58304.9
-64700.1
311469
-57836.7
-58305.8
-64815.9
-58303.1
-58250.8
-66731.5
-58300.7
-34720.7
-58151
-64098.3
-58303.2
-65434.4
-84399.2
-63857.7
-58307.6
-65880.8
-61334.6
141954
-58295.1
-58559.3
-58282.8
-67284.1
-58300.4
-66952
140736
-58308.7
-114472
-87870.7
-64441.9
-67379.6
-61472
-60998.6
122785
-58349.7
-65479.4
-58302.9
-58035.4
-57901.1
-64464.1
-58282.2
-65965.2
-58397.5
-65227.7
-64503.3
-57895.6
-61099.7
-64635.2
-153538
-62352.9
-63582.5
-64595
-58310.7
-58306.9
-64017
17167
-69166.8
-74403.1
-63307.5
-58291.5
-58294.9
-76101.7
-77604.3
-65717.3
-53773.8
-63852.8
-65493.8
-61187.6
-57776.7
-58300.5
-58299.9
-60649.2
-53640.6
39118.4
-62452.2
-62480.6
-65532.8
-67255.1
-65294.5
-65358.8
-66821.9
-58308
-64943
-63864
-64425.5
-64016.2
317164
-58307.4
-64424.4
-66577.8
-64962.3
-58308.4
-65173.5
-70563.4
-66537.7
-58308.9
-64600.9
-70037.7
-58302
-58272.7
-58301.5
-58299.3
-58302.8
-58299
-28556.6
-65326.2
-64144.6
-65198.2
-67505
-63887.5
-62814.9
-63901.5
-58306.5
-58286.3
-64296.4
-62358.3
-58301.7
-63433.3
-62547.1
-58321.1
-66510.6
-69530.2
-67271.5
-47201.3
-63142
-60753.8
-73045.7
-49030.2
-64355.7
-60242.2
-66042.2
-58305.7
-58487.4
-56937.3
-62865.5
-58289.2
-59349.9
-70587.2
-64363.3
-58299.5
-66207.6
-60069.8
-55804.8
-66243.8
-56359.9
-64568.2
-58299.7
-63990.9
-65512.8
-62635.7
-57967.1
-56494.6
-64696.3
-58316.9
-64840.4
-66405.5
-64017.5
-69657.3
-64071.6
144313
22202.3
-56357.8
38823.3
-63460.4
-66371.5
-63339
-65035.7
-64210.5
-65761.2
-63518
-63973.3
-62502.2
-58159.2
-58301.3
-77116.5
-63657.7
-70480.7
-63841.1
782940
-64453.9
-60284
-49020.7
-58326.6
-56621.4
35244.2
-51179
-54441.5
-63928.8
-58300.1
-67085.8
-63078.4
-59009.3
508640
-64229.7
-58301.6
-56089.2
782023
-64413.9
-63869.7
-64970.3
-58294.6
-64135.6
-64855.1
-64357.8
-60948.4
-64550
-58299.2
-64481.5
-58292.4
-64517.7
-65399
-43178.6
-63707.2
-63960.2
-63825.7
-58301.4
-66957.7
-55880.9
-72866.5
-62965.7
-141219
-62845.8
-61416.9
-64141.4
-67107.9
-63947.5
-64352.2
-64747.8
-61958.3
-64967.6
-58300.8
-56497.6
-50799.3
-65652.2
-47970.9
-56442.5
-46739.2
-64515.3
-1577.91
-57661.9
-63215.2
-64319.4
-56306.9
-64341.3
-58311.8
-58302
-58303.7
-58538
-64777.9
-58302
-58307.1
-65602.3
-86515.3
-58301.4
-146463
-66382.3
-58343.7
-63522.4
-73443.6
-64811.3
-219836
-64108.6
-72925.6
-54943.5
-58880.9
-62126.7
45453.5
-63409
-49585
-58285.9
-68092.7
-64018.6
-63851.3
-64154.3
-64393.8
-58301.3
-58482.9
-65631.6
-58292
-58305.6
-59932.2
-54282.4
-58298.5
-64023.7
-58296.7
-64586.2
-64884.3
-58331.7
-64323.7
-77530.4
-63636.4
-66842.5
-75005
-49759.5
-49259.9
-64198.3
-66024
-63963.5
-63165.1
-64255.6
-66626.7
-58302.3
-64715.9
-58307.8
-59448.1
-54866.8
-63041.7
-63315.7
-58495
-58516.5
-64697.2
-61110.8
-58301.3
-58300.6
-58301.4
-58285.6
-58285.7
-58285.9
-60967.9
-61826.8
-67753.8
-53099.4
-63130.5
-63701.7
-57798.6
-51503.8
-52100.1
-57159.5
-49668.7
-55176.9
-52439.1
-55824.9
-4193.92
-4261.4
-54910.3
-80093
775118
-66574.3
-85420.3
-83859.7
-84502.5
-74894.7
-68912
-81788.5
-74209.7
-64422.3
-68497.4
-80014.1
-88918.4
-60875.5
-59546.8
-59666
-58655.5
-64947
-59923.3
-58685.6
-59791.7
-58519
-59627.3
-58428.1
-58293.9
-58285.1
-58303.2
-58301.5
-58307.1
-58301.8
-58306.3
-58301.9
-58315.3
-58306.3
-58361
-58370.4
-58328.2
-58420.8
-57907
-59503.4
-57982.9
-57900.5
-59558.1
-57981.3
-57967.9
-189511
-204159
-74336.9
-91522
-157672
-147109
-64802.8
-63120.6
-65633.3
-66126.5
-65654.5
-64758.2
-65805.7
-65868.9
-65303.6
-65855.7
-62749.3
-67464
-67262.9
-62512.4
-63681.5
-64255.8
-64311.8
-64303.5
-64243.3
-64252.9
-64382.6
-64374.7
-64705.8
-64557.4
-64681
-64815.2
-65081.8
-65296.4
-64524.3
-65748.8
-65800.3
-65616.1
-65978.6
-67051.1
-65949.9
-64972.4
-66767.2
-67113.1
-66704.6
-66823.7
-67067
-66940.9
-66978.9
-67072.8
-67048.7
-67040.6
-67042.5
-66995.2
-67172.8
-67098.3
-67117.2
-62867.5
-62124.2
-62420.1
-63540.5
-56589.7
-54763.3
-55414.4
-38718.9
-39253
-34483
-25064.2
-24456.4
-25466.4
-22874.4
-7671.18
-29799.2
114036
137432
117586
-58353.8
55853
68511.2
23569.3
21987.8
-37477.5
-39018.8
-44170.1
-54340.7
-50783.5
-54150.2
-54354.6
-52393.6
-52054.3
-68206.2
-60741
-62512
-49595.5
-56660.2
-57947.8
-60497.7
-63254.7
-63007.5
-66187.8
-65876.8
-65775.4
-65410.9
-59031.3
-58708.9
-56646.5
-57811.4
-55858.1
-43066
-55665.9
-57255.3
-45674.2
-43682.3
-60422.7
-62342.4
-59916.3
-61254.5
-43415.2
-48824.5
-50461.9
-66632.1
-65703.3
-65202.9
-61500.9
-62476.2
-62405.8
-60633.9
-101245
-101584
-67889.3
-101552
-101223
-69640.8
-101372
-114357
-30210.1
-114952
-39069.1
-46228.2
-63650.8
-62083
-59343.2
-59921.2
-56066.3
-77286.2
-77818.3
-62789.2
-63000.1
-64030.9
-63383.6
-60738.3
-60482.2
-59876.1
-60207.3
-58856.6
-59466.4
-60090
-58502.4
-58829.5
-56470.3
-64411
-63507.2
-66119.4
-65292.9
-64756.4
-65049.4
-64617.2
-64406
-64543.9
-64379.6
-64733
-64535.1
-64759.9
-64731.8
-64761.8
-64943.1
-64765.8
-64403.5
-64491
-64442.1
-64532.4
-64945.1
-58566.5
-58580.6
-58498.7
-58405.9
-58318.8
-58310.6
-58259.3
-58266.5
-58335.8
-58347.3
-58345.1
-58313.7
-58313.3
-58295.8
-58340.5
-58414.7
-58279.3
-58341.8
-58424
-58349.4
-58346.1
-58277.7
-58341
-58315.4
-58300.4
-58327.4
-58261.2
-58254.8
-58323.1
-58303.6
-58304.9
-58299.5
-58306.7
-58308
-58307.8
-64867.4
-58303.7
-58304.6
-58305.1
-58305.4
-58308.8
-58301.8
-58300.8
-58310
-58301.4
-58451.1
-57862
-59629.3
-57889.2
-57911.5
-57922
-58408.9
-58314.8
-64392.6
-64261.8
-64360
-64594.4
-64688.3
-65615.8
-66985.4
-67099.3
-60211.7
-87178.6
-62370.6
-53651.8
-34130.8
-22091.9
-38145
153877
144285
22108.1
-8033.34
-53935.1
-90798.9
-71579
-61412.6
-59172.7
-49582
-55164.7
-42091.3
-69527.5
-43117.5
-43965.6
-59869.1
-64560.6
-66395.3
-63324.2
-64637.4
-52823.8
-64634.4
-101041
-101358
-101360
-113043
-61314.1
-77863.5
-56258.3
-56604.8
-62942.5
-63442.7
-63234
-59606.7
-59510.7
-60000.5
-59581.8
-65280.6
-64522.9
-64592.6
-64274.1
-65215.2
-64806.9
-64851.6
-65298.7
-64784.9
-64473.5
-64516.7
-64431.7
-58533.3
-58233.6
-58320.4
-58367.9
-58347.4
-58272.5
-58349.3
-58423.2
-58273.5
-58342
-58351
-58356.7
-58311
-58323.6
-58300.2
-58306.9
-58307
-58303.7
-58306.3
-58309
-58302.4
-58309.2
-58305.6
-58303.6
-58297.8
-58297.6
-58298.7
-58298.7
-58298.9
-58299.3
-58299.6
-58299.9
-58306.9
-58303
-58300.9
-58302.4
-58302
-58303.4
-58302.5
-58301.5
-58306.6
-58306.1
-58307.5
-58308.1
-58305.7
-58307.3
-58317.6
-58307
-58309.8
-58315.6
-58329.7
-58204.9
-58227.5
-58241.6
-58331.9
-58349.8
-57934.5
-65364.9
-66061.8
-66884
-66191.4
-66369
-88660.3
-76193.8
-77361.8
-83161.8
-138225
-121076
-132368
-74832.1
-141305
-63452.1
-62722
-63210.5
-63901.2
-63950
-63775.9
-63580.5
-64389.7
-63920.7
-64439.8
-64390.1
-63936.4
-64207.9
-64371.8
-64196.8
-64375.9
-64300.9
-64273.2
-64433.8
-64399.2
-64479
-64379.2
-64240.1
-64653.1
-64691
-64868.2
-64861.1
-63900.6
-64536.5
-64293.7
-64652.4
-64616.8
-64498
-64845
-64910.6
-65052.7
-65050.8
-65019.9
-65009.5
-64958.4
-64907.6
-64957.7
-65007.2
-64827.5
-64254.8
-65657.6
-64239
-64885.8
-64461.6
-64496
-64225.2
-53385.8
-49693.4
-50761.3
-49681.3
-49245.3
-42629.6
-44731.5
-50071
-50510.2
-47082.6
-65339.4
-47151.5
-47107.3
-64749.6
-55631
17811.2
-52809
-83244.5
-73997.2
-83957.7
-68297.9
-77805.5
-71339.9
-68108.4
-51035.1
-65464.8
-66736.9
-63685.2
-56036.5
-62953.1
-62828.3
-71034.5
-68401.7
-68997.9
-65351.2
-64137
-62490.7
-63961
-63409.4
-64738.2
-62909.2
-64541.4
-65287.8
-64498.7
-63776.8
-59234.3
-56768.1
-56619.5
-54933.4
-55651.4
-55502.7
-57140.6
-55717.4
-65119.1
-63128.9
-63578.3
-65427.7
-44557.5
-45189.8
-44991.4
-44279
-64620.1
-63919.3
-65129.5
-64691.6
-64474.8
-66418.2
-64638.7
-65100.6
-65220.6
-65651.6
-65072.5
-64856.2
-65493.5
-65583.3
-66107.8
-56583.3
-64882.4
-101897
-67281.8
-64593.5
-86928.9
-60581.6
-61457.8
-61305.9
-64603.9
-60676.2
-56686.9
-62225.7
-64459.4
-65150.5
-65565
-63545.2
-62612.6
-64655.1
-64278.5
-62952.4
-63523
-63026.4
-62567.7
-62551.6
-62539.9
-62446.6
-62470.2
-62561.7
-62453.7
-62421.7
-62555.6
-62034.6
-62646.2
-62368.9
-62514.3
-63505.2
-63237
-63886.5
-63319.9
-63380
-63631.2
-63807.6
-63654
-63555.2
-63682.6
-63764.6
-63832
-63790.2
-64105.9
-63948.2
-64578.6
-63956.8
-63914.8
-64010.4
-58790
-58238.9
-58806.6
-58455.8
-58471.1
-58476.1
-58433.5
-58466.6
-58443.5
-58355.4
-58308.1
-58271.7
-58313.7
-64626.4
-58292.6
-58266.5
-58307.7
-58301.8
-58300.1
-58301.3
-58302.2
-60806.1
-58302.5
-58301
-58301.2
-58302.9
-58299.1
-58298.7
-58311.1
-58301
-58304.7
-58298.5
-58304.5
-58305.4
-89394.5
-55242.4
-56073.1
-67077
-66810.7
-66305.5
-58302.6
-58302.4
-58303.3
-58302.6
-58298.4
-58301.3
-58301.8
-58301.7
-58301
-58301.4
-58303.3
-58302.9
-58302.9
-58300.7
-58298.8
-58306.1
-58303.8
-58301.6
-58306.3
-64991.3
-58308.5
-58313.8
-58312.5
-58344.9
-58243.3
-58249.2
-58246.7
-58328
-58043.1
-58831.6
-68692.9
-65140.2
-65519.2
-65653
-65994.4
-66258.1
-65974.3
-66219.1
-67007.2
-75119.5
-84398.8
-64730.7
-65510.7
-62282.4
-64533.3
-66478.4
-63594.1
-62985.5
-63266.5
-63893
-64016.3
-64161.9
-64161
-64193.5
-63554.6
-64046.1
-63336.4
-64213.2
-64101.6
-63955.4
-63888.1
-64065.3
-63862.6
-63691.9
-63812.6
-63825.8
-63803.3
-63760.6
-63868.6
-64003.5
-63714
-63780.9
-63634.4
-63869.2
-63680.9
-63722.5
-63818.4
-63322.6
-63663.1
-63700.7
-64672.4
-63739.7
-63425.1
-63572.6
-65136.5
-64595
-63743.6
-63717.4
-63767.8
-63713.9
-63697.7
-63721.3
-63656.6
-63402.2
-64894.4
-65866.2
-64071
-65452.1
-61786.6
-64130
-64376.9
-64532.4
-64649.3
-58550.2
-65520.8
-59850.7
-56956.8
-52104.6
-54455.5
-52723.6
-44342.2
-50003.9
-56992.9
-56151.5
-55373.1
-54737.2
-54956
-60650.8
-60012.9
-59912
-63375.6
-62470.2
-58460.7
-58790.7
-64117.1
-53839.2
-60705.4
16408.7
-54292.9
-54790.2
-23473.4
-44161.1
-66691
-67524.4
-65406.8
-66452.8
-57962.3
-66694.9
-64212.1
-67984.8
-68333.2
-66657.6
-68784.2
-64168.8
-66424.4
-68189.4
-65459
-64203
-68551.6
-68221.4
-55293
-57369.6
-56432.4
-65536.5
-64665.7
-64843.3
-64862.6
-63684.6
-63716.1
-63669.6
-63955.9
-63828.2
-64235.3
-64811.7
-64815.1
-64139.1
-64795
-63791.6
-64175.8
-61047
-63957.3
-60068.2
-60121.2
-59533.7
-58315.7
-58200
-58354.7
-64532.7
-56111.4
-63549
-63844.2
-64734.4
-64927.5
-64333.6
-64949.6
-64861.7
-64647.2
-64732.7
-64353.1
-64708.8
-65186.5
-65155.6
-65339.7
-64849.2
-65729.3
-65900.4
-66318.3
-65907.6
-65384.8
-64707.6
-65850.6
-65880.8
-65197.8
-57878.2
-65823.7
-62621.7
-69756.9
-69728
-69490.4
-67857.3
-64123.3
-65326.4
-64446
-62412.7
-65004.2
-64399.6
-64556
-63558.4
-62153.9
-63464.7
-63947.5
-63440.9
-62473.1
-62498.3
-63126.8
-63139.5
-62437.5
-63139.6
-63173.6
-63108.8
-63160.5
-63330.9
-63102.5
-62331.2
-63126.9
-63173.1
-62893.2
-63129.2
-63190.1
-63459.8
-63287.5
-63677
-63801.9
-64777.9
-63307.7
-63092
-63399.3
-63442.1
-63571.4
-63656.3
-63476.4
-63617.4
-63556.2
-63438
-63844.3
-63631.2
-63992.7
-63761.2
-63780.8
-63567.1
-63694.9
-63693
-63815.1
-64129.5
-63869.2
-63901
-58309.2
-62152.3
-58270.5
-58238.6
-58451.3
-58285.6
-58469.4
-58258.7
-58328.1
-58337.3
-58316.8
-58284.8
-58306.5
-58315
-58307.4
-58303.2
-58296.4
-58298.5
-58298.7
-58299.2
-58303.4
-58298.7
-58302.1
-58299.8
-58302.5
-58300
-58298.9
-58303.3
-58298.9
-58311.5
-58299.6
-58302.8
-58303.4
-58299
-65492.9
-64984.9
-56731.2
-55826.3
-56133
-55608.9
-56939.1
-57391.5
-56448.4
-66458.5
-66189.8
-63438.1
-65890.6
-66172.1
-69727.9
-65361.9
-67398.2
-66695.5
-58299.9
-58301.5
-58301.9
-58300.5
-58257.7
-58343.6
-58265.8
-58312.5
-63040.6
-63856
-63509.5
-63045.2
-56727.2
-58302.6
-58300.8
-58300.4
-58300.4
-58294.5
-58305.3
-58296.5
-58303.7
-58296.2
-58296.5
-58299.8
-58300.7
-58293.8
-58291.8
-58309.9
-58305.3
-58250.3
-66367.5
-67070.5
-66108.9
-67069.9
-65274.2
-64976.5
-65108.3
-64916.2
-64177.5
-66230.2
-65175.4
-63920.3
-64094.6
-64208.2
-64088.2
-64167
-63970
-63837.1
-63963.5
-63409.8
-63422.2
-63883.4
-63798.6
-63735.2
-63833.6
-63133
-63266.1
-62821.7
-63311.5
-63203.4
-63572.3
-62981.2
-63688.7
-63155.8
-63098.8
-63814.2
-63548.4
-64050.1
-58301.2
-58300.6
-65018.3
-64902.4
-64657.5
-65079.3
-65159.8
-64200.3
-57898.5
-58145.5
-58230
-55075.2
-55195.9
-53817.9
-51218
-56672.1
-56423.1
-59185.1
-59805.2
-58356
-58089.7
-63168.5
-58279.3
-62348.5
-65676.3
-64827
-65108.1
-65461.2
-66014.2
-65987.5
-66323
-65890.6
-64631.4
-65365.6
-64555.2
-64048.4
-64965.3
-64447
-64168.8
-64829.3
-64822.7
-64581
-64062
-65427.8
-63003.8
-63528.1
-60034.2
-65292.1
-65179.8
-65504.4
-64545.6
-64828.4
-67648.5
-65236.1
-64793.3
-58285.7
-58336
-58311.7
-58287.7
-58307.6
-58309.7
-58302.8
-58299.3
-58305.2
-58299.4
-58300.4
-58302.6
-58301.7
-58299.1
-58298.9
-60117.6
-65179.1
-65500.9
-65505.5
-66814.9
-58298.3
-65473.5
-67091.6
-58281.1
-65891.7
-64912.6
-64823.6
-58304.3
-58306.3
-65215.3
-62666.9
-63850.9
-64917.6
-64636.3
-65174.9
-65133.8
-65069.2
-60783.1
-65720.1
-64163.5
-63916.4
-63871.7
-58457.5
-58401.3
-58365.4
-58305.3
-58302.6
-58311.3
-65129.9
-67006.6
-58307.7
-58310.1
-58250.9
-64277.3
-63591
-58301.6
-64010
-63817.8
-55224.9
-62733.6
-59840.8
-66292
-58413.9
-66437.3
-65907.3
-57063.4
-58744.9
-56008.9
-64444.8
-65241.8
-64981.5
-64478.5
-64260.1
-63473
-63490.8
-63802.7
-58299.8
-58325.9
-58325.9
-58301.2
-58302.9
-65121.1
-64853.3
-58282.2
-65192.3
-63106.3
-63136
-58299.9
-63493.9
-65397.4
-62490.2
-59517.7
-58302.9
-58301.1
-64744.5
-58288
-58286.9
-62715.6
-52339.3
-1280.74
-58301
-74155.4
-67036.5
-82176
-58300.5
-58625.1
-58905
-59497.5
-59050.4
-65847.4
-58298.8
-64236.2
-58297.3
-67062.2
-33954.2
-16036.5
-15642.3
-55835.4
-59354.2
-59684.8
-59711.3
-66806.3
-57546.1
-60075.8
-63601.3
-65090.5
-63483.3
-63449.4
-64283.8
-64696.9
-65069.2
-64406.3
-58450.5
-63046.6
-58311.2
-58314.1
-58285.8
-58271.7
-63156.5
-58331.6
-63156.7
-58306.9
-58284.1
-58316.9
-58329.2
-58307.1
-58319.6
-58305.7
-43499
-63783
-65829.6
-63810.1
-64462.8
-58331
-58451.5
-58308.4
-64381.5
-58303.2
-58442.1
-58930.1
-63969
-64891.9
-64908.6
-54492.1
-63584.3
-54736.9
-64608.8
-64753.7
-65128.1
-60480.5
-63581.6
-62656.6
-63932
-63871.7
-58814.5
-58452.3
-58332.6
-58258.6
-58302.8
-64942.2
-58301.5
-58308.7
-66851.3
-58301.1
-65246.6
-58300.8
-58307.3
-63810.4
-65013.8
-63931.4
-63754.7
-63737.6
-64039.5
-64418.2
-63894
-57951.8
-58029.9
-56707.5
-58300.3
-58300
-58300.2
-58301.3
-60029.9
-59918.9
-59667
-59792
)
;

boundaryField
{
    Wall
    {
        type            zeroGradient;
    }
    Inlet
    {
        type            zeroGradient;
    }
    Outlet
    {
        type            fixedValue;
        value           uniform 0;
    }
    Empty
    {
        type            empty;
    }
}


// ************************************************************************* //
