/*--------------------------------*- C++ -*----------------------------------*\
| =========                 |                                                 |
| \\      /  F ield         | OpenFOAM: The Open Source CFD Toolbox           |
|  \\    /   O peration     | Version:  2312                                  |
|   \\  /    A nd           | Website:  www.openfoam.com                      |
|    \\/     M anipulation  |                                                 |
\*---------------------------------------------------------------------------*/
FoamFile
{
    version     2.0;
    format      ascii;
    arch        "LSB;label=32;scalar=64";
    class       Cloud<basicKinematicCollidingParcel>;
    location    "0.19995/lagrangian/kinematicCloud";
    object      coordinates;
}
// * * * * * * * * * * * * * * * * * * * * * * * * * * * * * * * * * * * * * //

122
(
(0.01156 0.721731 0.122248 0.14446) 33342 109397 1
(0.000170348 0.62025 0.00305766 0.376522) 30403 102874 2
(0.371238 0.164254 0.084684 0.379824) 32227 206513 2
(0.341625 0.343653 0.167288 0.147434) 33339 47215 1
(0.551596 0.11288 0.0187424 0.316782) 32096 107004 1
(0.111784 0.506031 0.254182 0.128003) 9499 48026 1
(0.448957 0.123859 0.198774 0.22841) 32093 106997 2
(3.44994e-06 0.287586 0.166126 0.546285) 33334 106997 2
(0.622465 0.00679214 0.275934 0.0948096) 32096 107004 1
(0.318382 0.164578 0.0503884 0.466652) 32096 107004 1
(0.055397 0.0482197 0.0598985 0.836485) 9348 47187 3
(0.0797065 0.144676 0.437559 0.338059) 32093 106943 1
(0.121176 0.453326 0.145846 0.279652) 32093 5452 2
(0.253157 0.392807 0.21626 0.137776) 32226 107286 2
(0.131896 0.49142 0.36328 0.0134045) 9330 47075 1
(0.0088963 0.144347 0.0275025 0.819254) 32072 106908 2
(0.643128 0.164081 0.000620807 0.19217) 33305 109323 2
(0.324458 0.44394 0.179082 0.0525201) 9324 47037 3
(0.345768 0.016633 0.105524 0.532074) 9324 47007 2
(0.238056 0.267498 0.336484 0.157961) 9310 46951 1
(0.49163 0.0949586 0.176341 0.23707) 9285 46806 1
(0.157492 0.507903 0.278144 0.0564606) 7425 20822 3
(0.455377 0.134634 0.0647184 0.345271) 9493 47993 1
(0.0700342 0.0312523 0.780077 0.118636) 9496 48011 2
(0.681865 0.0678302 0.00362299 0.246682) 9289 46825 2
(0.0623903 0.166854 0.0869179 0.683838) 33427 102879 1
(0.240303 0.213001 0.0785061 0.468189) 1010 5380 1
(0.14093 0.347442 0.476786 0.0348416) 32029 36427 2
(0.175095 0.340772 0.0587771 0.425356) 31768 34698 1
(0.460607 0.0534562 0.0241735 0.461763) 8882 44497 3
(0.263791 0.0219762 0.400826 0.313407) 9281 46775 1
(0.0333474 0.0862273 0.628945 0.25148) 3687 20749 1
(0.201914 0.140872 0.468435 0.188778) 8878 44498 3
(0.364696 0.494742 0.12008 0.0204823) 33052 108839 1
(0.00102493 0.350738 0.550217 0.0980203) 7018 34568 1
(0.188313 0.48357 0.165102 0.163016) 3563 19951 3
(0.376471 0.524966 0.0200157 0.0785475) 2261 12153 1
(0.676697 0.040325 0.0964671 0.186511) 5467 2567 3
(0.0183154 0.511121 0.390495 0.080069) 5471 27282 1
(0.411446 0.0587248 0.274051 0.255779) 4597 24265 2
(0.28548 0.385257 0.0130398 0.316223) 9489 206039 1
(0.405547 0.350034 0.0990992 0.14532) 3768 205906 1
(0.0533015 0.759541 0.0570305 0.130127) 2956 16262 3
(0.0040399 0.0427041 0.73127 0.221986) 6998 20714 2
(0.00535883 0.130968 0.780239 0.0834343) 8465 42185 1
(0.69231 0.0372575 0.155481 0.114951) 30548 23879 1
(0.0620765 0.644103 0.0532133 0.240608) 6983 34382 2
(0.561107 0.209397 0.212837 0.0166586) 2925 16068 2
(0.00333379 0.794311 0.148821 0.0535334) 30671 103483 1
(0.224964 0.0719696 0.469945 0.233122) 30548 103221 1
(0.0598646 0.439055 0.035689 0.465391) 33425 206548 1
(0.153922 0.164791 0.365067 0.31622) 32219 206502 1
(0.291277 0.599944 0.0283443 0.0804351) 3826 21487 3
(0.0376259 0.432444 0.471438 0.0584924) 3821 21470 3
(0.22054 0.00777525 0.603983 0.167702) 445 2461 2
(0.102622 0.201686 0.270131 0.425561) 6075 29897 3
(0.0104022 0.222048 0.359991 0.407558) 32214 21214 2
(0.165197 0.194852 0.363628 0.276324) 2016 10608 2
(0.0707972 0.072109 0.380319 0.476775) 7938 39057 3
(0.0076553 0.542828 0.243503 0.206014) 6287 31040 1
(0.590226 0.065594 0.261263 0.0829165) 32212 106801 1
(0.421771 0.0738225 0.081206 0.423201) 30077 101743 2
(0.502177 0.187288 0.263917 0.0466182) 23982 86777 1
(0.11126 0.0212098 0.469142 0.398388) 21712 81302 1
(0.0428446 0.0511522 0.127716 0.778287) 16991 67464 2
(0.207195 0.313039 0.311922 0.167844) 27426 72709 1
(0.194468 0.420922 0.0111354 0.373474) 7888 10043 3
(0.193168 0.103095 0.502264 0.201474) 33272 7742 1
(0.00812833 0.596608 0.00172819 0.393535) 33273 46677 2
(0.00450372 0.097071 0.298043 0.600382) 1923 10048 2
(0.00169996 0.224243 0.636268 0.137789) 7381 36345 1
(0.16372 0.450536 0.170444 0.2153) 8113 40129 1
(0.105242 0.165205 0.529671 0.199883) 30493 103092 2
(0.294302 0.235082 0.201475 0.269141) 30621 103372 1
(0.699738 0.244729 0.0350345 0.0204985) 30504 103112 2
(0.160094 0.254462 0.370756 0.214687) 31987 106718 2
(0.118081 0.0507471 0.707518 0.123654) 30633 103386 1
(0.00101964 0.323877 0.618253 0.056851) 9226 46440 1
(0.417752 0.13236 0.0411678 0.40872) 22841 83943 2
(0.739697 0.0521894 0.203796 0.00431716) 33256 109215 2
(0.0369905 0.0958704 0.340106 0.527033) 22746 32080 1
(0.0805361 0.493333 0.157344 0.268787) 31992 106713 2
(0.129367 0.582909 0.0894279 0.198296) 31979 36207 2
(0.114975 0.211831 0.639144 0.0340501) 30801 103741 2
(0.0657792 0.322709 0.434947 0.176564) 21535 80878 2
(0.727332 0.12869 0.00649982 0.137478) 32309 107412 2
(0.381532 0.16156 0.161439 0.295469) 33227 102614 2
(0.153289 0.452621 0.324983 0.0691066) 25408 70571 2
(0.288957 0.0798027 0.394116 0.237123) 33227 46312 1
(0.376337 0.236506 0.0819079 0.305249) 31949 106609 2
(0.0241806 0.956055 0.0137479 0.00601649) 33224 109167 2
(0.135705 0.439931 0.288571 0.135793) 21292 28695 1
(0.0214377 0.640459 0.0590825 0.27902) 30046 101633 2
(0.149383 0.432008 0.406478 0.0121315) 22204 82473 1
(0.0241125 0.147464 0.0656877 0.762735) 32994 43800 1
(0.0207854 0.859719 0.0460983 0.073397) 30041 101611 2
(0.053741 0.638295 0.0807734 0.227191) 5821 28683 2
(0.263686 0.00403101 0.0169793 0.715304) 31681 105951 2
(0.0793622 0.423064 0.382566 0.115007) 32281 101609 1
(0.0511498 0.146382 0.371975 0.430494) 5791 28510 2
(0.0538896 0.211221 0.496194 0.238695) 5791 28472 2
(0.0700056 0.203396 0.316457 0.410141) 30488 103079 2
(0.151282 0.125781 0.331853 0.391084) 30737 103614 1
(0.0061138 0.66866 0.289402 0.0358245) 30477 103048 2
(0.224373 0.110962 0.0875655 0.577099) 1877 9604 3
(0.272309 0.435414 0.100536 0.191741) 30738 103615 1
(0.0328207 0.529312 0.283061 0.154806) 21063 28263 2
(0.00031518 0.613251 0.191218 0.195217) 527 2869 1
(0.249262 0.353108 0.314824 0.0828064) 8399 41699 1
(0.17028 0.154048 0.543913 0.131759) 20136 77154 1
(0.29571 0.0385436 0.191268 0.474478) 5263 26586 1
(0.552831 0.0554251 0.189763 0.201981) 34000 18071 1
(0.012938 0.292927 0.0991486 0.594986) 11818 53849 1
(0.33405 0.304356 0.265871 0.0957226) 2198 11772 1
(0.134034 0.515215 0.319994 0.0307575) 12922 56741 1
(0.199626 0.269013 0.143155 0.388206) 2783 15211 1
(0.146206 0.249468 0.235949 0.368376) 420 2342 1
(0.283272 0.033183 0.438311 0.245234) 13385 57895 1
(0.020633 0.788052 0.122556 0.0687586) 13261 57576 2
(0.096207 0.630481 0.0424503 0.230862) 30977 104201 2
(0.553988 0.124477 0.142221 0.179313) 15555 63106 2
(0.136902 0.0389782 0.483404 0.340716) 13369 57858 2
)


// ************************************************************************* //
