/*--------------------------------*- C++ -*----------------------------------*\
| =========                 |                                                 |
| \\      /  F ield         | OpenFOAM: The Open Source CFD Toolbox           |
|  \\    /   O peration     | Version:  2312                                  |
|   \\  /    A nd           | Website:  www.openfoam.com                      |
|    \\/     M anipulation  |                                                 |
\*---------------------------------------------------------------------------*/
FoamFile
{
    version     2.0;
    format      ascii;
    arch        "LSB;label=32;scalar=64";
    class       Cloud<basicKinematicCollidingParcel>;
    location    "0.19995/lagrangian/kinematicCloud";
    object      positions;
}
// * * * * * * * * * * * * * * * * * * * * * * * * * * * * * * * * * * * * * //

122
(
(0.540501 0.0199717 0.0534576) 33342
(0.53999 0.0218983 0.0500011) 30403
(0.539099 0.0240701 0.0455987) 32227
(0.538873 0.0175747 0.0729868) 33339
(0.537962 0.0186191 0.032258) 32096
(0.533946 0.0221913 0.0756994) 9499
(0.534746 0.013406 0.0471494) 32093
(0.535154 0.0137424 0.0500024) 33334
(0.537727 0.0184419 0.0299508) 32096
(0.537746 0.0192031 0.0326773) 32096
(0.536575 0.0195638 0.0759952) 9348
(0.533466 0.0124716 0.039673) 32093
(0.535533 0.0147748 0.0438352) 32093
(0.536245 0.0225978 0.0292406) 32226
(0.533113 0.0122154 0.0762793) 9330
(0.530496 0.010071 0.0395627) 32072
(0.527742 0.00667425 0.0692206) 33305
(0.526126 0.0180333 0.0793029) 9324
(0.525148 0.0158661 0.0851383) 9324
(0.52066 0.0094043 0.0828248) 9310
(0.517803 0.00240726 0.0784025) 9285
(0.520357 0.0103949 0.0196078) 7425
(0.52191 0.0231888 0.0778204) 9493
(0.530616 0.0246688 0.075398) 9496
(0.518858 0.00766749 0.0833878) 9289
(0.533229 0.0240102 0.0735092) 33427
(0.518039 0.00198644 0.0389038) 1010
(0.51806 0.000538995 0.0255215) 32029
(0.513821 -0.00283901 0.0257632) 31768
(0.510768 -0.00348003 0.0788965) 8882
(0.512371 0.00244253 0.0860557) 9281
(0.509944 0.000509688 0.0213064) 3687
(0.509194 -0.000510219 0.0824381) 8878
(0.506051 -0.00869774 0.0711532) 33052
(0.50449 -0.00977935 0.0259997) 7018
(0.496946 -0.0115806 0.0154906) 3563
(0.485933 -0.0260326 0.0788727) 2261
(0.491259 -0.0214705 0.0331925) 5467
(0.486218 -0.02496 0.0439798) 5471
(0.487215 -0.0256891 0.0687323) 4597
(0.511804 0.0242855 0.0816308) 9489
(0.511491 0.0239851 0.020587) 3768
(0.473167 -0.0401624 0.0275434) 2956
(0.498034 -7.55397e-06 0.0128817) 6998
(0.472885 -0.039112 0.0608722) 8465
(0.465036 -0.047016 0.0579679) 30548
(0.492732 -0.00526822 0.0128297) 6983
(0.461286 -0.0480354 0.0155178) 2925
(0.462206 -0.0492771 0.0374688) 30671
(0.463215 -0.0485849 0.0543362) 30548
(0.514985 0.02485 0.0692374) 33425
(0.514142 0.024613 0.0298363) 32219
(0.456885 -0.0558629 0.0719545) 3826
(0.45796 -0.0545004 0.0654874) 3821
(0.455772 -0.0550505 0.0464128) 445
(0.450023 -0.0619665 0.0215808) 6075
(0.508044 0.0238622 0.0249189) 32214
(0.445022 -0.0662315 0.0762434) 2016
(0.43622 -0.0697343 0.0817959) 7938
(0.450351 -0.0438517 0.0122661) 6287
(0.502188 0.0214275 0.0429411) 32212
(0.430543 -0.0759928 0.0599294) 30077
(0.472397 -0.00562679 0.00930924) 23982
(0.432575 -0.0623593 0.0120368) 21712
(0.451546 -0.0224465 0.00561952) 16991
(0.463159 -0.0239604 0.091293) 27426
(0.421508 -0.0794146 0.0811325) 7888
(0.49702 0.0189803 0.057585) 33272
(0.494659 0.0180039 0.0752671) 33273
(0.420777 -0.0842797 0.0752666) 1923
(0.4938 0.0161222 0.0247525) 7381
(0.42653 -0.0511689 0.0972184) 8113
(0.419378 -0.0834647 0.0573354) 30493
(0.418199 -0.0838509 0.0451819) 30621
(0.421867 -0.0828487 0.070115) 30504
(0.491524 0.0153872 0.0331101) 31987
(0.419836 -0.0834719 0.0360104) 30633
(0.482258 0.00970877 0.0753047) 9226
(0.443681 -0.0266474 0.00441363) 22841
(0.487919 0.0128871 0.0706057) 33256
(0.439809 -0.0325463 0.00311042) 22746
(0.486847 0.0122916 0.0460925) 31992
(0.485512 0.011302 0.0255965) 31979
(0.408984 -0.0895945 0.0258674) 30801
(0.398388 -0.066611 0.00403554) 21535
(0.408165 -0.0880045 0.0688654) 32309
(0.47938 0.00674862 0.0692185) 33227
(0.399216 -0.0851909 0.0886203) 25408
(0.478217 0.00611158 0.0735678) 33227
(0.478103 0.00592472 0.031042) 31949
(0.476707 0.00484289 0.075068) 33224
(0.394157 -0.0858868 0.0117813) 21292
(0.401132 -0.090015 0.0508816) 30046
(0.416812 -0.0437671 0.00164324) 22204
(0.466411 -0.00420538 0.0752341) 32994
(0.393499 -0.0904333 0.0507124) 30041
(0.387177 -0.088175 0.0243924) 5821
(0.466284 -0.00573437 0.0481204) 31681
(0.392114 -0.0896134 0.0684861) 32281
(0.383379 -0.087516 0.0225641) 5791
(0.380146 -0.0867315 0.0150292) 5791
(0.382967 -0.0878148 0.0504407) 30488
(0.380174 -0.0872397 0.0399528) 30737
(0.379319 -0.0860492 0.0626194) 30477
(0.373729 -0.0838641 0.0840467) 1877
(0.377387 -0.0868754 0.028937) 30738
(0.363442 -0.0813119 0.0120697) 21063
(0.375862 -0.0845148 0.0475468) 527
(0.427611 -0.0293826 0.0819526) 8399
(0.378732 -0.0352132 0.00235254) 20136
(0.349739 -0.0629809 0.00345116) 5263
(0.35947 -0.0762352 0.0206919) 34000
(0.395202 -0.0245221 0.0857772) 11818
(0.392673 -0.0218448 0.0796618) 2198
(0.390109 -0.0195361 0.0850309) 12922
(0.344336 -0.0647132 0.0160493) 2783
(0.344067 -0.0613841 0.0407087) 420
(0.371367 0.000352836 0.0774415) 13385
(0.356557 0.0070181 0.0944555) 13261
(0.3369 -0.0579275 0.0169158) 30977
(0.367573 0.00376487 0.0403518) 15555
(0.360314 0.00780665 0.0914082) 13369
)


// ************************************************************************* //
