/*--------------------------------*- C++ -*----------------------------------*\
| =========                 |                                                 |
| \\      /  F ield         | OpenFOAM: The Open Source CFD Toolbox           |
|  \\    /   O peration     | Version:  2312                                  |
|   \\  /    A nd           | Website:  www.openfoam.com                      |
|    \\/     M anipulation  |                                                 |
\*---------------------------------------------------------------------------*/
FoamFile
{
    version     2.0;
    format      ascii;
    arch        "LSB;label=32;scalar=64";
    class       volScalarField;
    location    "2.8";
    object      p;
}
// * * * * * * * * * * * * * * * * * * * * * * * * * * * * * * * * * * * * * //

dimensions      [0 2 -2 0 0 0 0];

internalField   nonuniform List<scalar> 
2958
(
-67678.4
-64053.5
-43524.5
-90453.3
-66748.6
-42882.3
-63101.9
-69208.2
-38202.6
-67983.7
-66539.9
-61248.8
-67888.5
-61257
-67818.6
-66558.7
-64058.1
-67997.2
-61247.5
-69084.4
-61045.5
-64171
-60891
-67589.6
-67923
-68151.5
10914
-69488.7
-65050.9
-66800.1
-68101.2
-71456.1
-61375.5
-48802.3
-68095.7
-68285.8
-61253.9
-60967.1
-69857.4
-71366
-119872
-65806.9
-62245.3
-67693.9
-61249.3
-58666.4
-66308.5
-61443.9
-80224.8
-63001.9
-67155.9
-62418.3
-69597.4
-66492
-67209.9
-78915.2
-69215.1
-68901
-67745.2
-79140.8
-70146.5
-69087.8
-66306.9
-66835.1
-61261.7
-61255.3
-66503.3
-60527.4
-62431.9
-71825.1
-62881.6
-61246.5
-54319.8
-67847.6
-61284
-66321.3
-70261.4
-66231.3
-61261.9
-67134
-67868
-64881.9
-69546.4
-69781
-69240.8
-66828.4
-65612.6
-66871.2
-62593.2
-61466.2
-67451.1
-67432.8
-66016.6
-61242.7
-67332.2
-65046.5
-73300.1
-90087.2
-61258.8
-61252.4
-90414.5
-67759.1
-66216.1
-64692.8
-61448.4
-63976.2
-61244.3
-81491.4
-61269.7
-63748.6
-127031
-67244
-61297.7
-67863.5
-61255.6
-61257.9
-66742.5
-67417.9
-65139.2
-67571.3
-74505.3
-61247.8
-66098.3
-13351.1
-73740.4
-69502.5
-73387.9
-62537.8
-67773.9
-61233.3
-61272.8
-61213.9
-67463.5
-61264.5
-61249.4
-61264.2
-67922.1
-68771
-61254.8
-61257.6
-69893.3
-65033.5
-61063.6
-61286.6
-67775.9
-58695.6
-61278.8
-61250.6
-67152.4
-61249.8
-69132.4
-73735.2
-68395
-62225.8
-69270.5
-61264.9
-60674.7
-67886.8
-64672.5
-87678.1
-69678.2
-68805.5
-68843.9
-61252.3
-73305.5
-73263
-59152.5
-61256.5
-77259.6
-53171.4
-79088.9
-61244.7
-61554.6
-66453.3
-61286.9
-49925.6
-64067.6
58180
-52990.1
-62459.2
-62028.1
-63440.4
-67795.6
-156942
-64264.1
-64342
-63876.2
-61269.8
-65202
-85030
-64565.1
-64204.7
-1614.24
-70763
-55316.6
-64757.7
-63847.2
-79311.6
-67203.7
-131903
-68579.9
-61261.5
-67736
78554.8
-82511.8
-77999
-63342.4
-78277.9
-65869
-82478.7
-61257
-61446.2
-61266.1
-64454.4
-61262.1
24421.9
-66862.2
-61260.4
-61260.7
-61258.2
-61230.2
-66211
-64494.8
-64301.2
-231466
-66936.5
-69542.8
-61262.3
-60054.6
-61536.6
-63365.8
-72542.7
-67830.3
-65874
-64955.8
-61225.3
-61296.4
-67755.9
-61302.7
-37959.4
-61281.1
-38854.7
-82298.9
-69407.3
-68317.6
-73204.1
-64367.5
-67869.4
-66552.3
-67726.3
-69908.2
-66051.4
-67238.7
51783.2
-90232.6
-51051.4
-67202.7
-66683.8
-67796.1
-64516.4
-67266.7
-61089.9
-67250.8
-68798
-66182.3
-66342.9
-69900.6
-68077.3
-59646.8
-60990.2
-61254
-64847.2
-67290.6
-61241.9
-64783.6
-68052.5
-61262.1
-61757
-61261.7
-64718.2
-61255.5
-61205.8
-66056
-66824.8
-61898.9
-61253.8
-62580
-110747
-134044
-66541.6
-67507.1
-61903.7
-61255.1
-61250.4
-69705.6
-14188.9
-61257
-67197.6
-61257.2
-69247.1
-68431.2
-65969.8
-66264.7
26814.9
-69975.8
-54215.8
-95380.1
-61095.8
-66778.4
-67517.7
-61274.2
-67416.2
-66865.8
-61269.3
-64980.9
-230356
-68356.4
-64079.2
-65649.7
-68329
-60914.8
-66257.6
-67551.3
-54903.4
-52115.3
-61006.1
-67255.7
-61177.3
-129622
-116717
-66047.3
-68975.5
-61245.6
-61254.8
-43637.9
-61254.8
43475.3
-77583.9
45385.5
-61273.4
-66890.9
-67745.4
-65686.9
-65180
-61272.8
-63668.4
-61271.9
-65700.8
-70982.5
-70072.9
-73530
-65948.8
-85934.7
-71728.4
-53824.4
-67124.8
-61257.6
-67690.1
-69283.1
-67707.5
-116398
-67968
-78569.4
-60963
-68774.1
-82577.5
-64062.8
-110706
-84944.9
-72881
-73213.5
-67845.9
-61257.5
-80873.6
-67028.5
-50902.8
-67108
-68507.8
-66894.9
-65560.6
-70175.2
-66059.3
-61272.5
-67600.6
-65020.3
-61297.8
-68502.5
-78940.6
-60803.6
-61263
-67938.3
-61254.5
-61182
-63668.9
-65612.6
121900
-116514
-61256.5
-61250.4
-64091.1
-68025.7
-67119.7
-63230.6
-88711.6
-66966.9
-67761.3
-61271.3
-66878.3
-67702.3
-70888
-68774.7
-67891.6
-66580.7
-50403.2
-72963
-63440.7
-67580.6
-81804.8
-67720.8
-67727.4
-61249.6
-63697.6
-55687.1
-65549.6
-67820.8
-60979
-72458.5
-67778.3
-67511.2
-63911.6
-67154.1
-66397.4
-54592.1
-70148.4
-68069.3
-66576.1
-56963.8
-69628.1
-69794.6
-61261.3
-60308.7
-64876.6
-67278.8
-74556.9
-3704.12
-62016.5
-61163.5
-64710.3
-61300.3
-65513.6
-61279.8
-70923.8
-67808.6
-56395
-69466
-72438.1
-61255.8
-67477.1
-62505.7
-61256.7
-64483.9
-90868.6
-70550
-68344.7
-67147.2
-63686.8
-44738.5
-65738.4
-67144.8
-64945.8
-68125.2
-61249.1
-68497
-57231.8
-66869.4
-62836.1
-66075.9
-65436.9
-41620.6
-66533.8
-67979.9
-45412
-61260.8
-62041.3
-63256.9
-67746.1
-67724.6
-66007.4
-20569.6
-67564.6
-62816.7
-63196.4
-83420.6
-67901.2
-64445
-66294.8
-69198.5
-61272.1
-61282.2
-61227.4
-66345.8
-61282.2
-61260.4
-69982.9
-70251.8
-61255.1
-94739.2
-53310
-75504.4
-71994.2
-61282.6
-61251.4
-67680.2
-61255.7
-67095.8
-67137.9
-33937.7
-66801.2
-65634.5
-70675
-61636.9
-65588.7
-67884.7
-56261.4
-67045
-66978.5
-52623.2
-61077.4
-66519.9
-76276.8
-66517.5
-61437.7
-50187.7
-61248.4
-64526.1
-64134.1
-60675.6
-63185.9
-69522.9
-66503.9
-68006.7
-66891.7
-61249.8
-66331.4
-61204.3
-64443
-66493.3
-60900.3
-61255.4
58873.1
-61273.6
-61253.9
-64269.9
-68643.1
196984
-68551.7
-67989.2
-67508.7
-67036.6
-68206.9
-67428.5
-61509.3
-66750.6
-67772.9
-67387.7
-67246.2
-61261.5
-67100.3
-36416.1
-67324.4
-68862.1
-67497.9
-61277.8
-61300.3
-61482.2
-61342.8
-61288.1
-66090.5
-61258.5
-68789.5
-63017.5
-65084.7
-66259.2
-57032.9
-69895.7
-61089.9
-61336.5
-61252.8
-64653.2
-68647.3
-61256.2
-61263.5
-68039.7
-70467
-60992.5
-72497.8
-66037.9
-71635.2
-67733.7
-58754.8
-61246.1
-67989.4
-61305
-70128.9
-56279.4
-67846.5
-65773.4
-72027.5
-60454.4
-61253.8
-66984.5
-62875.1
-61262.3
-61256.5
-66000.1
-69108.9
-65066.5
-65417.5
-61249.3
-69238
-67139.2
-86388.6
-68013.5
-63026.6
-67582.2
-61278.3
-66545.8
-67444.2
-67050.2
-61258.6
-73249.8
-61258.7
-63322.6
-61258
-65818.2
-66877.3
-61547.6
-60037.3
-69917.7
-65534.9
-61202.8
-69049.5
-66724.3
-61551
-67721.8
-65903.6
-66920.9
-61216.8
-66777.5
-61254.6
-61258.7
-74707.7
-73269.4
16536.7
-68651.2
-62473.8
-64966.6
-60383.7
-77556.8
-78674.8
-66748.7
-60326.8
-61297.2
-61536.1
-58644
-61262.3
-59894.1
-61297.1
-67960.1
-66208.6
-72550.7
-63140.4
-82290.3
-137924
45124.1
-54426
-67345.9
-81097.8
-61219.6
-61253
-66289.1
-65455.1
-61252.2
-72439
-61263.3
-64164.9
-63093.3
-67206.3
-68949.9
-65098.6
-59697.3
-54249.5
-69597.1
-69998.5
-67663
-60816.2
-70181.4
-69266.2
-67624.9
-61216.3
-61263.9
-69535
-66881.1
-65994.4
-68981.2
-66251.2
-66555.5
-104166
-68451.1
-66806.5
-70783.1
-64773.2
-65099.8
-67798.8
-70867.1
-67950.8
-69127
-67403.3
-71543.1
-65629.7
-57337.1
-61202.4
-62992.1
-68152.8
-61258.1
-49362.2
-61260.8
-203878
-64598.2
-61255.4
-70914.6
-126932
-67557.2
-63536.5
-60378.5
-68996.6
-68944.2
-68717.5
-61053.8
-67021.1
-67681.7
-65343.2
-189220
-67567.7
-67443.3
-60816.5
-74438.5
-65101
49693.1
-76514.4
-90549.9
-62061.4
-61248.4
-113456
-52275
-55045.2
-66655.7
-69134.5
-66490.2
-64131
-61259
-61252.4
-61255.8
-73908.7
-62754.4
-61258.6
-67609.2
-61262.7
-74150
-61190.9
-61423.8
-54760.5
-77899.1
-70113.3
-61258.4
-61263.2
-69876.5
-69305
-61251
-61256.3
-65026.4
-61255.4
-89407.9
-69634.7
-61504.7
-50104.8
-67575.5
-61243.3
-63580.9
-67410
-67311.4
-73019.5
-67318.2
-68069.3
-62485.5
-66193.7
-60806.5
-66835.9
-67793.6
-69374.7
-59730.3
-61284.8
-69859.5
-81552.4
-66856.3
-69842
-68602.8
-65964.2
-64289.6
-68296.2
-58701.8
-63816.5
-69299.2
-61262.1
-65864.8
-71357.9
-67497.8
-66883.6
-41522.2
-102291
-67824.6
-66544.6
-67851.3
-63331.3
-67062.1
-54592.1
-66298.3
-70007.3
-54471.8
-68125.3
-61805.6
-66809.5
-67729.8
-127690
-67546.1
-65211.9
-69667.4
-61257
-84406.3
-66455.7
-72205.4
-67616.5
-61259.6
-60978.2
-61245.2
-66195.1
-67629.7
-59130.6
-66862.9
-66140.7
-67786.6
-68572.7
-68341.2
-28991.8
-65205.7
-69531.6
-62748.1
-61271.8
-67850.4
-69589
-65463.8
-50856
-69107.4
-66780.2
-82872.6
-59062.3
-65979.9
-68574.5
-61407.1
-66049.5
-68831.7
-61252.8
-63950.1
-142260
-95646.7
197317
-71462.2
-61252.1
-60997.5
-66963.8
-61255
-61254.8
-61254.7
-82791.3
-67647.2
-62828.2
-63834.8
-52839.8
-66838.8
-61468.3
-135131
-67261.9
-63027.1
-61257.9
-63162.6
-68027.3
-66943
-67772.3
-64672.4
-69462.5
-62315.3
-188768
-61256.9
-68842.3
-58935.6
-62710.8
-62560.5
-61134
-66168.3
-61221.4
-67837
-66434.5
-66847.2
-80575.3
-68738.3
-80113.5
-68639.1
-61638.5
-64684.2
-66338.5
-79479
-73138.1
-65922.3
-67055.4
-66506.6
-65411
81594.1
-66212.1
-67238.3
-64537.6
-60540.2
-68867.7
-61269.9
-63684.4
-66760
-63007.6
-67088.5
-65162
-66479.4
-64420.2
-66884
-58408.7
-61256.6
-67450.9
-58546.7
-67209.5
-71584.4
-70166.5
-70065.8
-64522.3
-67885.1
-72517.6
-68666.8
-120005
-67612.4
-64583.8
-68747
-66012
-64215.1
-61253.6
-61285.5
-66564.5
-64875.1
52112.9
-61253.8
-69621
-71754.6
-56035
-67332.6
-71927.8
-66636.2
-66838.3
-98991.4
-61252.4
-67293.6
-61253.9
-67610.1
-53591.6
-69315.6
-68531.1
-61420.8
-67857
-61249.4
-59660.5
-67135.8
-67295.4
-66877.5
-67890.3
-51618
-53208.3
-57022.1
-66920.6
-67314.8
-44151.3
-74437.4
-67662.9
-67843.7
-65371.4
-60149
-50421.5
-63106.9
-61177.1
47782.2
-67239.6
-62320.7
-71339.6
-67689.1
-67650.8
-61233.1
-61055.8
-116139
-66256.2
-61283.1
-129717
-73652.7
-67459
-61257.3
-70107
-68206.7
-60395
-67031.6
-67256.7
-130847
-69618.1
-51044.9
-61216.4
-67153.8
-67915.8
-63696
-87492.6
-61253.4
-59168.8
-48588.8
-67489.2
-61255.7
-61262
-68816.3
-61252.3
-61269.9
-61978.6
-67210.2
-63133
-61301.9
-61263.6
-66418.1
-60990.8
-67351.1
-67605.5
-73568.4
-61254.6
-68274.6
-67283.3
-61609.8
-66135.8
-60700.9
-78022.8
-61256.9
-67041.7
-61264.1
-61277.9
-61256.9
-71925
-67848.6
-60801.5
-66886.9
-67885.5
-61461.4
-67495.8
-73949.9
-65514.7
-61265.1
-63820.4
-61290.8
-145142
-111562
-61265.6
-73246.1
-67352.8
-80042.4
-63232.9
-68827.3
-66857.2
-59631.6
-69746.5
-73208
-61181.8
-66283.6
-63267.9
-68985.7
-68820.7
-67644.4
-69004.8
-60971.8
-66474
-68211.6
-61249.1
-116193
-65533.2
-73388.1
47539.8
-68960.5
-61261.4
-64929.9
-61271.8
-59786.5
-67485.5
-62244.2
-61270.2
-70393
-61248.3
-61257.6
-61252.5
-61255.6
-68124.7
-68299.1
-17608.3
-70187.8
-64824.5
-69377.7
-65066.4
-62733.8
-63975.7
-67066.2
-69459.9
-66580.1
-65414
-66476.4
-63996.5
-65406.3
-62065.7
-61262.1
-61888.1
-68338.5
-60847.8
-68727.5
-66141.8
-72288.7
-66933.7
-61257.8
-61235.9
-69073.1
-60976.4
-67800.9
-67413.4
-67468.5
-68556.7
-70026.1
-67730.5
54909
-49501.7
-61312.5
-69620.7
-67485.3
-79101
-71140.5
-64686.4
-67593.5
-68219.8
-67292.1
-61261.4
-70420
-78084.4
-68362.9
-60280
-67621.2
-67292.6
-64924.5
-67099.8
-57280.1
-60048.9
-61262.1
-67596.4
-57269.7
-67723.6
-61272.4
-61305.8
-67009.5
-67014.4
-67470.4
-68028.9
-67659.1
148717
-61252.9
-67778.9
-61926.7
-61190.9
-70491.6
-61219.1
-66844.1
-59587.8
-61252.9
-70116.5
150806
-69206.9
-66809.3
-67482.4
-61231.8
-67150.5
-61274.6
-67162.2
-69784.3
-129991
-66410.4
-61070.5
-56594.4
-68010
-136938
-61257.7
-67627.7
-66023
-67980.9
-60902.6
-67875.2
-68940.8
-67889.6
-68281.7
-66518.1
-64977.1
-67071.5
-69744.6
-61267
-72556.3
-66876
-67376.2
-67662.1
-67004.1
-64080
-65245.2
-61174.2
-66806.5
-47413
-61259
-67272.3
-61054.4
-67716.5
-61302.4
-65699.8
-64532.6
-65665.6
-62736
-70590.8
-61183.2
-63305.1
-67025.4
-66576.2
-68061.5
-62622
-67670.4
-67961.7
-61262.1
-61257.2
-65492.2
-65494.6
-61258.3
-60983.1
-51490.5
-68290.3
-45602.5
-62433.7
-71838.1
-48762.2
-68668.8
-67164.9
-46198.9
-67044.4
-67772.8
-68418.9
-69349.1
-66537
-56425.2
-68142.2
-78163.4
-66968.6
-65876.2
-69034.2
-63329
-63337.5
-73339.6
-68667.6
-66114.2
-66099.2
-132222
-65415.3
-63108.7
-63866.3
-67913.4
-77735.7
-62571.8
-68180.7
-61446.3
-64524
-67462.9
-61258.3
-66567.2
-66873.6
-66857
-66602.8
-68007.2
-68842.7
-66026.8
-64699.1
-66984.6
-66842.8
-67639.6
-67280.8
-69799.1
-78899.6
-70526.1
-66005.3
-61267.1
-81266.4
-49108.4
-61285.4
-66889.9
-67517.4
-64255.5
-69663.3
-69523.7
-66910.5
-63558.6
-61284.8
-68659.3
-66569.6
-72551.4
-201838
-67686.5
-66139.5
-66515.8
-43406.3
-57848.6
-61195.2
125105
-61247.3
-69515.3
-61251.4
123230
-61261
-67980.2
146602
-60386.1
-61261.5
-68668.6
-61257.2
-61199.3
-70040.9
-61254.9
-51510.9
-61095.1
-67392.1
-61258.9
-69159.7
-87667.9
-67154.9
-61262.3
-68948.7
-64109.5
138304
-61250.1
-64790.9
-61237.4
-69531
-61254.1
-69759
137034
-61264.2
-117796
-91152.6
-67628.6
-67349
-64260.1
-59671.1
54086.9
-61305.4
-68201.8
-61255.5
-60969.4
-62536.6
-67801.5
-61234.3
-68942.1
-61361.9
-68365.6
-67821.2
-63658.2
-59427.7
-67940.8
-156883
-61252.8
-66970.3
-64823.4
-61265.6
-61263.2
-67205.6
-54593.4
-72529.6
-68722.4
-66669.6
-61234.9
-61249.4
-68537.7
-68410
-68890.6
-67246
-67021.9
-72440
-60230.6
-60701.2
-61255.2
-61254.2
-65549.2
-37702.9
-18895.6
-66025.3
-66068.6
-70742
-69999.3
-68346.9
-69656.7
-73769.8
-61263.7
-68309.7
-67153.7
-67719.6
-63770
149936
-61262.7
-67719.1
-69599.5
-68271.4
-61263.9
-68402.3
-83807.3
-69476
-61264.5
-68435.8
-130068
-61256.6
-61218
-61256.1
-61254
-61257.1
-61253.3
58495.2
-68554.3
-67874.3
-68062.2
-70222.8
-67548
-62468.8
-67208.1
-61261.3
-61240.6
-67165.2
-65961.7
-61256.5
-66771.4
-72820.3
-61276.8
-69814.1
-72901
-72796
-56195.9
-68610.9
-65412.8
-62810.6
-89531.3
-67655.1
-64995
-69370.8
-61261.4
-61417.2
-61821.1
-66149.6
-61242.2
-72753.4
-73847.5
-67638.2
-61253.9
-69159.4
-72689
-65064.3
-69567
-59012
-67849.6
-61254.2
-67269.5
-67851.1
-64818.3
-50199.1
-58191
-68352.7
-61272.1
-68011.5
-69712.4
-67280.8
-72956.5
-67453.9
49910.9
-24222.8
-55115.3
-18608.1
-66787.8
-69688.1
-66441.9
-63823.2
-67507.4
-64706.3
-66833.4
-67367.4
-66082.7
-61103.5
-61256.1
-64589.8
-63520.5
-61169
-67129.7
435182
-63480
-54496.8
-65822.6
-61297.5
-59684.6
-20248.3
-53167.3
-61748.2
-67217.2
-61254.2
-70367.8
-66444.6
-60980.9
196537
-61573.5
-61256
-58005.7
434646
-67684.6
-67330.7
-67841
-61249
-67380.8
-62471.7
-67471.2
-80931.7
-67816.1
-61253.7
-67760
-61246.5
-63712.2
-65391.6
-43579.7
-66980.8
-67267.9
-67069.1
-61256.1
-70252.5
-64252.2
-76236.6
-65789.7
-144542
-65655.9
-64482.8
-67448.2
-70419.5
-72787.6
-63420.2
-67878.9
-64096.8
-68282.1
-61254.9
-59195.1
-58222.1
-68857.2
-68085.3
-59136.6
-67194.3
-63908.6
-9431.99
-67825.5
-66582.4
-67609.1
-62989.4
-67641.2
-61266.5
-61255.1
-61258.3
-61505.1
-68169
-61256.3
-61262.3
-68903.3
-89949.3
-61256.4
-149792
-69707.1
-61296.4
-66824.8
-76742
-67722.2
-223238
-68960.6
-76250.8
-63289
-61843.1
-64919.3
44026.1
-66729.2
-66124.7
-61242.4
-71410
-67286.6
-67100
-67346.4
-67664.5
-61256.1
-61446.1
-68842.2
-61246.2
-61260.7
-81372
-55164.2
-61252.8
-67327.6
-61251.2
-67985.7
-67599.5
-61285.7
-67632.5
-66927
-66826.8
-66153
-71250.5
-28844.6
-30284.2
-63786.6
-60952.9
-67241.2
-67153.5
-67565.3
-69435.2
-61256.8
-63844.5
-61262.6
-62411.4
-14460
-66444.5
-66634.7
-61425.1
-63581.2
-65004.5
-63521.5
-61256.5
-61255.9
-61256.9
-61241.5
-61241.3
-61241.1
-65210.3
-65715.2
-98509.8
-94236
-95645.8
-99653.4
-69319.1
-58676.4
-57139.3
-73517.8
-51025.3
-64943.1
-60769.4
-67820.2
-47674.3
-47684.3
-54357.7
-89517.4
430581
-68735.8
-85933.2
-84670
-85455.6
-76603.7
-70972.4
-82922.1
-75798.6
-67709.3
-71766.9
-83279.5
-92193
-64222.9
-62538.4
-63576.7
-61613.8
-69431.9
-64645.9
-61646.6
-62788.3
-61486
-62620.1
-61390
-61248.3
-61239.4
-61257.2
-61255.9
-61260.9
-61256.1
-61262.3
-61258.1
-61270.8
-61262.3
-61323.3
-61333
-61290.6
-61382
-60849.3
-62493.2
-60919.2
-60844
-62549.4
-60828.7
-60814.6
-192868
-207559
-77598.7
-94799.7
-161013
-150449
-68045.5
-66355.9
-68952.9
-69427.7
-68867
-68005.2
-69179.4
-69225.4
-68554.2
-69212.6
-66085.4
-70825.3
-70622.9
-65942.5
-67054.4
-67607.1
-67680
-67654.4
-67609.4
-67631
-67739
-67730.2
-68000
-67869.8
-67979.4
-68102.8
-68358.7
-68628.6
-67816.6
-68920.6
-68991.1
-68817.4
-69132.9
-70129.2
-69167.2
-68333.9
-69605.4
-69796.7
-69630.6
-69644.9
-69771.8
-69731.5
-69641.9
-69704.2
-69680.1
-69565.5
-69582.9
-69591.6
-69561.6
-69586
-69499.7
-67993.5
-67253
-67757.8
-69344.3
-59647.7
-56616.1
-57127.7
-22083.5
-22942.7
-31025.9
39285
40438.4
39185
10702
84695.4
56931.7
28928
45115.3
31206.3
-62731.5
-14801
-1934.1
-58236.5
-57297.7
-51050.6
-50696.2
-49805
-42275.9
-30895.2
-40224.5
-37747.7
-35576.9
-51825.8
-78792.2
-59447.5
-61508.5
-50707
-55729.5
-56032.3
-54542.3
-64033.4
-53895.1
-65101.4
-59942.5
-62979.4
-62595.4
-64291.6
-63867.3
-70426.8
-62953.2
-60434.3
-41619
-71167.9
-74390.2
-79707.3
-61195.1
-75035.7
-77777
-70062.5
-76514.2
-95995.7
-89468.8
-86340.1
-64450.5
-71444
-69417.3
-64975.4
-65331
-66050.4
-63268.4
-116497
-116889
-25451.2
-116835
-116462
-29180.2
-116837
-137859
-24116.4
-139244
-34129.9
-42262.9
-75865.3
-126621
-106997
-108942
-56905.6
-90002.3
-91245.1
-69916.2
-70403.4
-72060.8
-67325.7
-65610.2
-65170.6
-64607.9
-64934.4
-63778
-64284.3
-64831.6
-63587.4
-63730.5
-62092.4
-67473.9
-66748.7
-68785
-68184.7
-67751.6
-68005.6
-67624.9
-67510.7
-67602
-67430.8
-67844.9
-67665.1
-67832.5
-67859.8
-67897.1
-68037.8
-67904.3
-67672.5
-67754.2
-67710.1
-67846.8
-68113.3
-61471.4
-61488.7
-61449.3
-61345.9
-61262
-61252.3
-61193.5
-61207.2
-61284.6
-61294
-61295.5
-61257.4
-61257.5
-61238.4
-61286.7
-61342.1
-61223.7
-61288.8
-61350.2
-61306.3
-61302
-61229.3
-61297
-61270.8
-61254.8
-61284.7
-61213.5
-61207.3
-61279.8
-61258.9
-61260.1
-61254.1
-61261.5
-61262.7
-61262.6
-69209.6
-61258.7
-61259.8
-61260.4
-61260.7
-61263.9
-61256.5
-61255.5
-61264.9
-61255.4
-61413.2
-60795.5
-62621.9
-60831.6
-60756
-60767.4
-61372.9
-61257.8
-67656.5
-67643.8
-67720
-67897.4
-67986.7
-68910.4
-69580.7
-69617.6
-65597.6
-87539.7
-67958.1
-55610
-30789.5
11830.8
-21445.3
56632.8
49916.5
-57980.2
-34431.3
-31509.2
-99946.5
-79287
-57429.2
-57118.1
-52294.8
-9442
-49351.4
-137476
-66314.1
-78384.1
-70445.8
-67821.5
-68240.7
-70993.1
-66092.4
-84887.7
-65590.7
-115991
-116525
-116418
-135530
-80555.2
-93524.9
-65894.1
-67720.8
-69995.2
-67268.7
-67251
-64377.7
-64279.5
-64741.6
-64400.4
-68166.7
-67552.4
-67710.1
-67346.7
-68279.4
-67944.1
-67987.1
-68386
-67926.5
-67744.2
-67798.3
-67701.8
-61434.1
-61163.1
-61263.3
-61316
-61294.6
-61216.4
-61296.5
-61349.9
-61224.9
-61301.4
-61312.4
-61319
-61266.8
-61267.1
-61254.8
-61262
-61261.8
-61259.1
-61261.3
-61264.6
-61257.3
-61264.3
-61260.4
-61257.7
-61252.5
-61252.1
-61253.2
-61253.2
-61253.4
-61253.6
-61254.2
-61254
-61261.3
-61257.2
-61255
-61256.5
-61256.3
-61257.6
-61257
-61255.5
-61262
-61261.4
-61263.2
-61263.6
-61260.3
-61262.2
-61272.5
-61261.7
-61262.1
-61275.5
-61289.7
-61161.6
-61185.2
-61198.2
-61288.2
-61303.6
-60869.4
-68691.4
-69395.2
-70163.2
-69513.8
-69694.8
-91947.9
-79462.5
-80631
-86435.4
-141552
-124393
-135687
-78096.5
-144624
-66772.7
-66023.8
-66508.2
-67207.9
-67244.1
-67071.2
-66869.2
-67674.8
-67212.1
-67720.8
-67673
-67177.8
-67447.9
-67576.8
-67405.7
-67555.6
-67506.6
-67458
-67606.5
-67573.6
-67642.7
-67559.1
-67423.6
-67788.2
-67846.9
-67999.8
-67999
-67142.3
-67693.5
-67462.7
-67737.9
-67729.1
-67668.6
-67845.5
-67891.3
-67990.1
-67964.4
-67934
-67930.9
-67859
-67811.1
-67844.1
-67815.5
-67741.3
-67120
-68431.1
-68139.1
-68678.9
-68703.2
-68682.4
-68404.5
-56618.6
-51438.4
-53110.8
-53482.7
-54424
-45380.1
-68606.1
-59041.9
-60054.9
-67365.3
-66677.2
-56097.4
-56170.3
-66809.1
-60474.2
-26544.3
-59766.4
-74902.6
-69684.4
-75158
-66831.3
-72122.5
-67826.5
-66451.9
-30917.7
-64097.2
-66205.6
-64893.5
-66634.5
-67924.2
-67477.7
-73102.5
-72959.3
-70474
-64181.1
-63962.8
-62219
-61948.4
-60886.5
-62909.8
-61514.5
-62660.4
-64102.4
-64279.1
-63566.6
-64510.9
-64084.4
-59683.6
-60541.8
-62221
-61557.6
-59076
-55618.7
-69674.6
-81558.1
-72235.8
-77906.5
-93744.6
-78764.9
-78349.3
-74455.7
-73348.9
-72430.6
-72304.7
-71406.6
-71468.8
-74216.4
-69397.5
-69245.4
-68766.8
-70121.2
-67863.9
-68732.8
-69617.1
-69668.6
-70478.8
-59640.1
-68604.7
-117160
-24263.1
-67994.3
-87114.1
-79120
-67353
-72737.7
-68005.4
-79354.4
-65077.7
-68550.1
-73388.1
-66657.7
-66868.3
-65513
-70256.7
-67909
-67596.8
-66369.9
-66749.1
-66426.6
-66127.5
-66118.5
-66111.5
-66054.2
-66055
-66093.7
-66048.4
-66005.3
-66111.6
-65713.8
-66147.4
-65997.9
-66046.2
-66849.2
-66651.3
-67098.3
-66737.6
-66733.7
-66903
-67076.8
-66934
-66849.4
-66959.6
-67040.6
-67106.9
-67069.2
-67352.4
-67215
-67975.8
-67235.7
-67211.6
-67291.1
-61760.9
-61169.7
-61778.4
-61415.6
-61432.7
-61438.1
-61391.4
-61427.8
-61406
-61313.1
-61252.1
-61216.3
-61269.2
-68035.1
-61247.6
-61220.4
-61262.9
-61256.4
-61254.7
-61255.9
-61256.7
-65281.9
-61257.1
-61255.8
-61256
-61257.8
-61253.6
-61253
-61266.1
-61255.4
-61259
-61252.5
-61259.2
-61260
-89710.8
-62551.1
-63293.4
-70408.7
-70119.5
-69606.2
-61257
-61256.8
-61257.7
-61257
-61252.9
-61255.6
-61256
-61255.8
-61255.1
-61255.6
-61257.9
-61257.4
-61257.4
-61255.2
-61253.2
-61261.2
-61258.6
-61256.3
-61260.9
-66600.6
-61263.5
-61268.9
-61267.6
-61302.4
-61198.7
-61205.5
-61200.3
-61289.1
-60978.6
-61611.4
-72344.4
-68464.6
-68864.1
-69001.2
-69309.3
-69525
-69294.6
-69543.1
-70282.6
-78422.6
-87708.1
-67686.4
-69178.2
-66262.7
-68238
-69550.1
-66914.6
-66302.1
-66572.8
-67194.6
-67311.4
-67466.5
-67458.2
-67497.9
-66844.5
-67337.9
-66647.6
-67474.7
-67362.1
-67211.4
-67142.3
-67324.3
-67120.1
-66951.4
-67055.9
-67064.5
-67046.8
-67006.3
-67111
-67212.1
-66983.5
-67028.8
-66879.3
-66977.5
-66924
-66993
-67103.4
-66612.5
-66906.5
-66843.4
-67797.2
-66881.4
-66680.9
-66759.8
-68265.1
-67691.6
-66879.2
-66858.5
-66885.7
-66856.6
-66847.7
-66861.3
-66813.4
-66576.3
-67816.3
-68827.7
-67154.8
-68348.8
-61161.6
-62968.3
-68285.3
-68668.3
-68709.4
-61631.1
-68921.9
-64503.3
-60343.2
-54915.2
-59662.5
-55093.8
-43818.4
-53299.4
-61098.8
-61705.8
-63202.3
-62808.3
-64337.9
-65173.3
-65342.3
-65191.1
-65055.4
-64770.8
-63093.6
-63625.7
-65438.4
-59518.5
-63343.5
-27379.4
-59778.5
-59234.7
-47577.3
-56501.7
-66197.1
-66448.9
-65583.8
-66099
-62159
-66566.6
-65310.5
-67406.3
-67189.9
-66885.5
-68251.5
-65622.9
-67727.9
-68250.6
-65890.1
-67512.4
-70197
-68182.4
-61556.8
-59708.7
-57680.8
-65001.2
-64936.5
-64589.2
-64500
-63260.6
-63264.6
-63330.9
-63585.8
-63399.2
-64703.1
-65464.2
-65276.6
-63454.4
-63337.1
-64295.2
-64376.7
-65399.7
-63931.4
-64371.9
-64987.3
-64577
-63541.1
-64688.7
-64063.4
-69660.7
-55372
-78324.8
-68435.7
-67499.6
-69504.4
-68434.9
-69792.9
-76785.1
-68721.8
-68906.1
-72103.9
-69303.1
-68205.4
-67900.3
-68137.3
-67709.8
-68682.2
-69157.8
-68723.9
-68484.3
-67884.9
-65498.4
-67523.5
-68128.9
-68954.9
-64156.5
-67283.6
-67720.6
-73388.9
-73389
-73089.1
-71458.9
-67314.2
-68310.6
-67708.4
-64753.7
-67844.3
-67302.5
-67299
-66433.7
-65820.8
-66743.1
-67166.2
-66725.2
-66078.2
-66088.5
-66495.7
-66505
-66039.8
-66506.7
-66523.6
-66475.4
-66506.9
-66598.3
-66458.9
-65949.9
-66484.7
-66499.5
-66315.2
-66465.9
-66481.5
-66813.8
-66605.4
-66854.8
-67038.2
-67660.8
-66669.9
-66555.1
-66706.5
-66781.2
-66882.1
-66926.9
-66806.3
-66894.1
-66869
-66771.6
-67107.5
-66937.4
-67247.6
-67062.9
-67075.4
-66878.1
-66992.2
-67004.4
-67115.2
-67372.8
-67161.1
-67200.5
-61261.2
-65897.3
-61215.2
-61180
-61408.9
-61232.5
-61430.9
-61202.4
-61281.7
-61292.8
-61271.4
-61225.8
-61262.1
-61271.7
-61262.8
-61258.1
-61251
-61253.2
-61253.4
-61254.1
-61258.1
-61253.7
-61257
-61254.7
-61257.2
-61254.7
-61253.3
-61257.8
-61253.2
-61266.6
-61253.7
-61257.2
-61257.6
-61253.3
-68234.9
-67858.5
-58933.9
-62831.4
-59239.5
-59253.1
-63792.3
-63410.5
-63561.1
-69771.9
-69499.3
-64971.4
-69188.5
-69497.3
-73304.5
-68675.8
-70728.2
-70022.7
-61254
-61255.8
-61256.3
-61254.8
-61213
-61299.6
-61220.2
-61262.9
-64584.1
-64687.1
-64969.8
-64563.4
-60545.6
-61257.1
-61255.4
-61254.5
-61254.7
-61248.1
-61260.4
-61250.5
-61258.4
-61250.2
-61250.8
-61254.2
-61254.9
-61248.1
-61245.4
-61264.9
-61260.7
-61205.8
-69666.2
-70367.6
-69439.2
-70393.4
-68144.9
-67860.3
-67962.6
-67558.5
-67475.1
-69536.9
-68479.4
-67234.6
-67402.2
-67526.3
-67375.2
-67476.2
-67248.9
-67144.9
-67246.3
-66727.9
-66732.9
-67152
-67106.1
-67045.3
-67076.6
-66504.9
-66617.7
-66243.8
-66589.5
-66515.8
-66793.9
-66407.9
-66842.6
-66508.4
-66471.4
-66936.9
-66813.1
-67134.9
-61255.3
-61254.8
-67967.7
-68331.1
-68618.9
-68740.5
-69056.1
-68472.1
-61476.1
-62191.2
-61663
-58975
-58810.1
-58568.2
-55706.9
-59295.3
-63838.9
-64889.8
-65474.6
-64723.1
-65174
-64660.3
-63859.8
-64522.7
-65766.3
-65551
-65133.6
-65147.5
-65550.1
-66279.2
-66569.9
-66028.9
-64763.5
-65259.2
-64299.3
-64899.8
-65117.2
-67258.2
-66923.5
-67613.9
-65329.1
-64788.1
-65405.3
-65179.4
-64596.3
-64713
-64968.7
-68105.7
-68283.6
-68146.9
-67541.8
-67591.3
-68147.5
-67908.5
-67703.1
-61242.7
-61291.5
-61268.8
-61243.2
-61263.3
-61265.6
-61258.2
-61253.9
-61260.5
-61254.2
-61255.2
-61257.5
-61256.7
-61253.6
-61252.9
-62398
-68093.4
-68231.4
-68519
-70106.3
-61252.3
-68472
-68063.4
-61228.1
-69077.1
-65553.2
-65671.2
-61259.8
-61261.6
-65264.4
-64587.9
-64814.4
-65217.5
-67736.1
-69031.4
-68067.5
-67628
-67358.8
-66945.9
-67399.7
-67180.7
-67163.1
-61417.9
-61352.8
-61326.4
-61260.3
-61257.2
-61266.2
-66750.2
-70319.9
-61262.9
-61265.1
-61204
-67489.3
-66784.9
-61256.1
-66952.4
-66792.2
-63435.9
-64805.6
-64632.8
-65870.6
-61839.2
-67506.7
-68642.6
-59444.4
-62068.8
-58229.9
-69124.2
-70545.8
-69580.9
-68428.3
-67373.1
-66801.7
-66806.6
-67093.5
-61254.7
-61280.6
-61281.2
-61255.8
-61257.3
-68085.3
-67735.1
-61236.5
-69314.9
-66460.1
-66502.9
-61254.4
-66803.5
-68187
-63878
-64128
-61257.3
-61255.3
-67711.9
-61243.2
-61241.7
-78754.1
-60053.2
-46709.1
-61255.2
-75942
-69111.3
-85440.2
-61254.9
-61583.2
-63327.5
-62487.6
-62032
-69152.9
-61253.8
-67602.7
-61252.1
-69639
-30452.4
-36654
-33129.4
-55076
-79305.2
-69569.2
-69397.2
-63256.5
-88872
-64843.4
-66916.4
-68013.1
-66802.2
-66782.9
-67390.4
-67830.9
-68147.3
-67676.1
-61395.2
-66435.9
-61253.1
-61257
-61227.2
-61212.5
-66511.7
-61277
-66514.7
-61262.2
-61238.9
-61259.1
-61286.9
-61261.9
-61263.3
-61261.1
-77169.5
-65841.6
-68686
-67088.9
-67734.1
-61275.1
-61410.8
-61263.2
-67177.3
-61258
-61407.8
-61911.6
-67224.6
-67913
-67913.9
-63597.3
-65452.9
-59892.8
-72246.7
-67014.5
-68143.8
-66071.6
-65461.9
-66175.7
-67196.8
-67163.1
-61789
-61415.3
-61286.4
-61211.2
-61257.5
-67871.4
-61255.9
-61263.4
-70158.6
-61255.3
-69108.5
-61255.3
-61262.2
-67104.4
-69291.5
-67222.3
-66982.5
-66882
-67119.5
-67350.9
-66987.8
-61272.1
-61760.6
-60264.4
-61254.2
-61253.9
-61254.1
-61255.2
-69373.2
-71380.7
-70325.7
-69816.2
)
;

boundaryField
{
    Wall
    {
        type            zeroGradient;
    }
    Inlet
    {
        type            zeroGradient;
    }
    Outlet
    {
        type            fixedValue;
        value           uniform 0;
    }
    Empty
    {
        type            empty;
    }
}


// ************************************************************************* //
