/*--------------------------------*- C++ -*----------------------------------*\
| =========                 |                                                 |
| \\      /  F ield         | OpenFOAM: The Open Source CFD Toolbox           |
|  \\    /   O peration     | Version:  2312                                  |
|   \\  /    A nd           | Website:  www.openfoam.com                      |
|    \\/     M anipulation  |                                                 |
\*---------------------------------------------------------------------------*/
FoamFile
{
    version     2.0;
    format      ascii;
    arch        "LSB;label=32;scalar=64";
    class       vectorField;
    location    "0.49995/lagrangian/kinematicCloud";
    object      U;
}
// * * * * * * * * * * * * * * * * * * * * * * * * * * * * * * * * * * * * * //


76
(
(3.96348 0.271829 -0.182915)
(3.94939 0.247278 0.167824)
(3.96348 0.271829 -0.182915)
(3.96348 0.271829 -0.182915)
(3.94939 0.247278 0.167824)
(3.94939 0.247278 0.167824)
(4.30522 0.854962 -0.17994)
(4.20021 0.949484 -0.178975)
(4.31626 0.913205 -0.184366)
(4.3033 0.854491 0.177188)
(3.94939 0.247278 0.167824)
(4.1673 0.775507 -0.235984)
(4.14109 0.680082 0.241375)
(4.14701 0.68825 -0.244136)
(4.19516 0.949466 0.177327)
(4.3033 0.854491 0.177188)
(4.30522 0.854962 -0.17994)
(4.23981 0.765401 -0.140833)
(4.03226 0.820057 0.219999)
(3.68496 0.674319 -0.125279)
(4.19516 0.949466 0.177327)
(3.63232 0.0558189 -0.153319)
(3.73788 0.831475 -0.206227)
(3.96024 0.9484 0.171076)
(3.6001 0.0297421 0.130298)
(3.69458 0.665218 0.111701)
(4.24829 0.74575 0.118756)
(4.00909 0.579035 -0.221066)
(4.00909 0.579035 -0.221066)
(3.82783 0.413329 0.146491)
(3.20097 -0.191402 0.142904)
(3.90668 0.938296 0.158248)
(3.14377 0.678041 0.093252)
(3.83857 0.429425 -0.149105)
(3.82783 0.413329 0.146491)
(3.25855 0.799563 -0.189297)
(3.58188 0.903513 0.167102)
(3.82783 0.413329 0.146491)
(3.82783 0.413329 0.146491)
(3.83857 0.429425 -0.149105)
(3.9888 0.529256 0.18731)
(3.82783 0.413329 0.146491)
(3.25855 0.799563 -0.189297)
(3.59004 0.925064 0.18104)
(3.25855 0.799563 -0.189297)
(3.90871 0.95825 -0.17887)
(3.65443 0.1941 -0.0743665)
(3.52428 -0.437105 0.6603)
(3.16653 -0.224287 -0.155249)
(4.46194 1.19566 0.195703)
(3.51451 0.884163 0.145663)
(3.90871 0.95825 -0.17887)
(4.34551 1.17887 -0.203879)
(3.77084 0.523157 0.229062)
(3.60029 -0.0174449 -0.475757)
(3.62415 -0.0575789 -0.443751)
(3.62415 -0.0575789 -0.443751)
(3.11957 -0.411216 -0.448686)
(3.70868 0.391316 -0.242434)
(3.27555 -0.52708 -0.402029)
(3.16653 -0.224287 -0.155249)
(3.11957 -0.411216 -0.448686)
(3.20097 -0.191402 0.142904)
(3.92932 0.893134 0.20793)
(3.92835 0.843461 -0.207941)
(3.84264 0.66024 -0.198773)
(3.27555 -0.52708 -0.402029)
(3.16653 -0.224287 -0.155249)
(3.70218 0.387809 0.244058)
(3.11957 -0.411216 -0.448686)
(3.70868 0.391316 -0.242434)
(-0.0315461 0.00413055 0.292734)
(-0.403197 -0.0770341 -0.73496)
(2.22258 0.253349 0.542876)
(1.844 1.45655 -0.0725047)
(1.14916 1.20022 0.115763)
)


// ************************************************************************* //
