/*--------------------------------*- C++ -*----------------------------------*\
| =========                 |                                                 |
| \\      /  F ield         | OpenFOAM: The Open Source CFD Toolbox           |
|  \\    /   O peration     | Version:  2312                                  |
|   \\  /    A nd           | Website:  www.openfoam.com                      |
|    \\/     M anipulation  |                                                 |
\*---------------------------------------------------------------------------*/
FoamFile
{
    version     2.0;
    format      ascii;
    arch        "LSB;label=32;scalar=64";
    class       vectorField;
    location    "0.49995/lagrangian/kinematicCloud";
    object      U;
}
// * * * * * * * * * * * * * * * * * * * * * * * * * * * * * * * * * * * * * //


150
(
(3.10066 0.812875 -0.162902)
(2.62726 0.723883 -0.16605)
(3.10066 0.812875 -0.162902)
(3.01704 0.78616 -0.13169)
(3.11981 0.831259 -0.188739)
(3.03036 0.799529 -0.187363)
(2.46606 0.694227 -0.145787)
(3.01704 0.78616 -0.13169)
(1.45155 0.541331 -0.0776764)
(1.8216 0.631641 -0.121229)
(2.49953 0.712583 -0.185827)
(2.46606 0.694227 -0.145787)
(1.45155 0.541331 -0.0776764)
(2.46606 0.694227 -0.145787)
(1.8216 0.631641 -0.121229)
(1.73728 0.551397 -0.115576)
(1.73728 0.551397 -0.115576)
(0.910267 0.516591 -0.0500707)
(2.88865 0.673225 -0.161061)
(0.910267 0.516591 -0.0500707)
(0.910267 0.516591 -0.0500707)
(3.11164 0.749678 -0.158152)
(1.45155 0.541331 -0.0776764)
(1.73728 0.551397 -0.115576)
(0.910267 0.516591 -0.0500707)
(1.778 0.573873 -0.164401)
(1.778 0.573873 -0.164401)
(1.64424 0.517753 -0.0575093)
(1.00113 0.426547 -0.117822)
(1.45155 0.541331 -0.0776764)
(0.38718 0.377062 -0.0977076)
(2.39742 0.633437 -0.0912989)
(1.45155 0.541331 -0.0776764)
(1.8839 1.05363 -0.28911)
(0.0584041 0.00652583 -0.000212541)
(-0.117781 0.285234 0.317329)
(3.69785 0.664012 -0.125084)
(3.973 0.938874 -0.172774)
(4.00608 0.584477 -0.146549)
(4.00608 0.584477 -0.146549)
(4.16811 0.939577 -0.171775)
(3.74767 0.822122 -0.207521)
(3.92091 0.92912 -0.160423)
(4.07883 0.65872 0.00927443)
(3.15608 0.676078 -0.105231)
(4.28876 0.911384 -0.185786)
(4.27601 0.943186 -0.182505)
(3.61086 0.916515 -0.181707)
(4.20015 0.939528 -0.179463)
(4.1642 0.764897 -0.236408)
(4.44368 1.16328 -0.177579)
(3.97479 0.524255 0.18926)
(4.1642 0.764897 -0.236408)
(4.31171 0.903325 -0.184674)
(4.44368 1.16328 -0.177579)
(3.53752 0.876197 -0.147805)
(4.44618 1.19071 -0.206571)
(4.44618 1.19071 -0.206571)
(3.87699 0.737228 -0.195757)
(3.88478 0.905652 -0.196523)
(4.29703 0.845441 -0.179867)
(3.15608 0.676078 -0.105231)
(3.15608 0.676078 -0.105231)
(4.08837 0.454054 -0.17305)
(4.40679 1.0878 -0.122399)
(3.69785 0.664012 -0.125084)
(0.00306907 -0.0317413 -0.000446854)
(4.00608 0.584477 -0.146549)
(4.08837 0.454054 -0.17305)
(4.1642 0.764897 -0.236408)
(4.01577 0.469861 0.223139)
(3.90404 0.800299 -0.190819)
(3.90404 0.800299 -0.190819)
(4.39247 0.93577 -0.0549322)
(-0.0333624 -0.0351972 -0.00156052)
(0.308246 -0.0292681 0.00101808)
(2.24856 -0.776839 0.737244)
(1.52176 1.51033 -0.0201292)
(3.08406 0.812469 0.160735)
(3.08406 0.812469 0.160735)
(2.4026 0.630568 0.0787632)
(3.08406 0.812469 0.160735)
(1.79369 0.633897 0.119483)
(1.79369 0.633897 0.119483)
(3.08406 0.812469 0.160735)
(2.44579 0.693982 0.143113)
(2.35302 0.662215 0.0981205)
(1.79369 0.633897 0.119483)
(2.35302 0.662215 0.0981205)
(2.35302 0.662215 0.0981205)
(1.4518 0.539202 0.0653349)
(1.70992 0.550258 0.112505)
(1.70992 0.550258 0.112505)
(0.87068 0.518239 0.0470785)
(2.37744 0.677213 0.175218)
(1.4518 0.539202 0.0653349)
(1.4518 0.539202 0.0653349)
(1.61612 0.516292 0.0540593)
(1.61612 0.516292 0.0540593)
(2.92261 0.568869 0.0513042)
(2.56915 0.590875 0.131713)
(1.4518 0.539202 0.0653349)
(0.385261 0.378339 0.0877667)
(1.61612 0.516292 0.0540593)
(0.87068 0.518239 0.0470785)
(0.385261 0.378339 0.0877667)
(2.03395 0.273688 -0.0794661)
(2.03395 0.273688 -0.0794661)
(2.33026 0.519868 0.128302)
(2.4026 0.630568 0.0787632)
(3.34138 0.729621 0.105221)
(-1.15374 -1.18871 0.0460674)
(0.101142 0.00962745 0.184034)
(-0.327234 0.329963 -0.10361)
(-0.0847734 0.182353 0.430192)
(3.70698 0.655221 0.111894)
(4.21488 0.795628 0.113365)
(3.96325 0.965471 0.175744)
(4.16295 0.939648 0.16994)
(3.70698 0.655221 0.111894)
(3.96515 0.938933 0.171407)
(4.16295 0.939648 0.16994)
(3.70698 0.655221 0.111894)
(3.96325 0.965471 0.175744)
(3.96325 0.965471 0.175744)
(3.16362 0.669982 0.0933774)
(3.91248 0.929098 0.158767)
(3.16362 0.669982 0.0933774)
(4.08848 0.437263 0.157246)
(4.03579 0.809965 0.220916)
(3.59879 0.916434 0.180257)
(3.26127 0.792199 0.189263)
(4.15996 0.759058 0.234456)
(4.44342 1.1414 0.161338)
(3.52479 0.876021 0.145827)
(3.91734 0.836768 0.206362)
(4.4417 1.1912 0.205424)
(3.70698 0.655221 0.111894)
(4.15996 0.759058 0.234456)
(3.9217 0.86679 0.201579)
(3.52597 0.891802 0.181965)
(3.91734 0.836768 0.206362)
(4.08848 0.437263 0.157246)
(4.39038 0.934962 0.0557795)
(3.83042 0.654489 0.197707)
(4.39038 0.934962 0.0557795)
(3.76417 0.522084 0.227057)
(4.34735 0.579351 0.0171532)
(3.87691 0.903414 0.195989)
(2.63212 1.77178 0.189793)
)


// ************************************************************************* //
