/*--------------------------------*- C++ -*----------------------------------*\
| =========                 |                                                 |
| \\      /  F ield         | OpenFOAM: The Open Source CFD Toolbox           |
|  \\    /   O peration     | Version:  2312                                  |
|   \\  /    A nd           | Website:  www.openfoam.com                      |
|    \\/     M anipulation  |                                                 |
\*---------------------------------------------------------------------------*/
FoamFile
{
    version     2.0;
    format      ascii;
    arch        "LSB;label=32;scalar=64";
    class       volScalarField;
    location    "3.1";
    object      p;
}
// * * * * * * * * * * * * * * * * * * * * * * * * * * * * * * * * * * * * * //

dimensions      [0 2 -2 0 0 0 0];

internalField   nonuniform List<scalar> 
2958
(
-35766.8
-29801.5
-12475.1
-58537.6
-33310.6
-11885.3
-33055.1
-35804.3
-14529.5
-36187.8
-34728.9
-28952.8
-35845.7
-28961
-35192.6
-34639.6
-30705.9
-35877.8
-28952.8
-37233.5
-28707.1
-29045.2
-28507.6
-36998.5
-35855
-35922.1
-7970.35
-36638.2
-32713.5
-34873
-35893.8
-35432.2
-29067
-14745.7
-34834.4
-36810.9
-28958.6
-28642.9
-37623.5
-40161.4
-202746
-34264.5
-32604.3
-35658.7
-28953.8
-25180.6
-34551.3
-29244.2
-48334.8
-32057.9
-35210.9
-31542.4
-40000.8
-34589.1
-35265.9
-58028.6
-36684.1
-37250.7
-35756
-90349.3
-38213
-37169
-34089.2
-34889.6
-28967.2
-28960.3
-34599.6
-29919.7
-27411.7
-40173.9
-29455.2
-28950.1
-27785.9
-35929.2
-28985.7
-34648.4
-38348.2
-34017.2
-28945
-35214.9
-35819
-30847.5
-36703
-36938.8
-37285
-34875.9
-31652.1
-34906.5
-29944.5
-29145.4
-34483.3
-32436.2
-34317
-28948.4
-31800.2
-34986.4
-41365.8
-58289.7
-28962.8
-28956.8
-58444.9
-35768.4
-34937.6
-30567.7
-29085.6
-31353.7
-28947.9
-49527.8
-28975.2
-32498.2
-95133.7
-35332.8
-28981.6
-35901.6
-28959.5
-28963.1
-34824
-35504.2
-30509
-35599.8
-42539.8
-28951.7
-34332.7
27906
-41922
-37567.1
-41463.4
-30137.4
-35857.8
-28940.1
-28968.2
-28916.5
-35532.4
-28967.6
-28952.1
-28968.1
-35970.4
-36873.5
-28958.6
-28961.5
-37939.1
-32590
-28734.5
-28991.9
-35907.3
-27589.2
-28976.9
-28954.8
-30579.3
-28953.7
-37283.2
-41806.3
-36439.2
-29861.1
-36835.2
-28975.5
-28380.8
-35976.5
-33530
-65921.3
-37157.3
-36732.5
-36577.7
-28956.8
-47498.8
-41734.3
-26409.3
-28961.5
-45519.6
-22335.8
-37225.8
-28948.4
-29243.4
-33306.7
-28995.1
-15459.3
-28934.9
54692.1
-19845.3
-27563.7
-28658.1
-29828
-35749.1
-125025
-30680.1
-30054.2
-30566.4
-28975
-30436.5
-53084.9
-31120.7
-32482
4226.97
-40519.3
-27111.7
-32368.3
-29390
-37994
-35231
-92578.7
-37113.1
-28965.1
-35826.5
52242.5
-65290.5
-7288.99
-30969.1
-8002.24
-31347.4
-50589.8
-28960.9
-29132
-28970.5
-29988.4
-28966.3
15817.8
-34915.2
-28963.9
-28964.8
-28961.8
-28936.4
-32351.7
-33456.6
-29771.4
-199546
-35019.3
-36674.9
-28966.3
-27622.9
-28216.4
-31755.9
-36418.4
-31113.8
-32363.1
-32599.2
-28931.4
-29011.4
-35787.8
-29017.4
-6070.98
-28993.2
-6963.9
-50446
-36562.1
-36031.2
-61568.7
-33641.8
-35898.9
-34763.4
-35753.3
-37892.5
-34705
-35311.1
48138.1
-58279
-25977.4
-35216.9
-30527.7
-35705.2
-30667.8
-35315.9
-28781.8
-34573.8
-66072
-34462.4
-34427.8
-36553
-36040.1
-27715.5
-28571
-28958.6
-30989.5
-35298.2
-28945.9
-30488.4
-36030.4
-28962.6
-30181.6
-28966.8
-30638.6
-28959.8
-28930.2
-34308.6
-34901.1
-32398
-28957.7
-30291.6
-78927.9
-102156
-34693.1
-36933.1
-27570.6
-28958.8
-28954.6
-36910.5
-5768.2
-28960.9
-35261.7
-28961.4
-36721
-36083
-32948.3
-30356.4
16568.1
-38031.5
-6077.39
-63767.2
-28784.7
-34832.4
-35588.9
-28977
-35495.6
-34970.6
-28973.2
-30527
-198435
-35033.6
-33328.6
-30807.4
-36267.5
-29943.1
-31980.3
-35517.7
-25745
-21065.7
-28585.1
-35347
-28900.6
-97677.2
-129415
-31879.9
-36598
-28949.6
-28958.5
-18475
-28958.6
77481.8
-70850.9
79438.5
-28976.1
-34914.5
-32161.4
-33027.1
-31989.8
-28978
-32341.3
-28977.6
-31486.7
-39291.5
-38087.6
-47805.8
-35624.8
-42394.1
-39769.9
-22003.9
-35145.2
-28961.2
-35618.6
-39539.8
-35722.4
-129091
-36040.2
-46648.1
-26232.1
-36465.2
-39831.4
-33331.8
-78879.3
-52940.6
-37236.7
-42167.6
-33831.1
-28961.2
-48953.3
-35080.8
-31506
-35163.8
-37210.2
-33746.2
-31490.6
-38244.8
-34244
-28967.3
-35543
-31514.9
-29057.5
-36451.1
-38108.8
-28330.9
-28958.3
-36051.8
-28958.6
-28661.2
-29507
-33543.5
154318
-129214
-28960.5
-28954.6
-33460.6
-35968.6
-35139.9
-29029.9
-56744.4
-35023.7
-35907
-28772.4
-34905.7
-35735
-39197.7
-36872.6
-35828.9
-34744.8
-33119.4
-35014.1
-33229.9
-33694.2
-64671.7
-35674.7
-35685.2
-28954.1
-30809.2
-26330.8
-29086.8
-35776.7
-28613.7
-31756
-35764.1
-35584.1
-29909.6
-33714.7
-34370.5
-28610.7
-39117.4
-36997.8
-32428.7
-26904.8
-37573.7
-37860.2
-28966.5
-28515.3
-30632.8
-35312.7
-42592.8
3072.85
-29701.2
-28888.2
-25652.7
-29008.6
-31353.7
-28987.2
-36541.7
-34408.8
-26866.8
-37533.9
-41197.2
-28959.7
-35524.7
-29575.5
-28960.9
-32759.7
-58922.5
-38643
-36173.9
-35159.1
-33161.3
-17764.9
-34268.5
-35174.7
-32022.4
-35961.8
-28953
-36201.4
-24052.7
-34951.6
-29121.3
-34312.3
-31878.4
-17193.8
-34605
-35865.4
-31657.3
-28966.2
-28657.8
-29499.5
-35673
-35703.9
-34328.9
9171.98
-35664.1
-29053.5
-32339.6
-51488.7
-35660.3
-30717.9
-34526.8
-36658.3
-28977.9
-28993.4
-28939.4
-32241.8
-28988.4
-28965.8
-38010.9
-36628.8
-28959
-63137.4
-20581.9
-43579.5
-40056.6
-28977.3
-28956
-35700.6
-28960.7
-35176.5
-35215.6
6598.51
-35835.3
-31100.1
-38706.3
-29066.1
-31378.4
-35754.6
-26550.8
-35097.6
-35055.2
-1411.54
-28769.7
-34592.3
-44335.4
-34592.8
-29135.4
-31404.7
-28951
-32247.3
-33347.7
-27355.7
-32980.2
-37604.7
-34597.2
-36178.9
-34904.9
-28953.7
-34478.3
-28923.6
-32151.8
-34576.3
-28518.5
-28959.2
60056.5
-28974.1
-28957.8
-30263.6
-36763.1
149325
-36367.5
-36161.4
-35577.6
-34962.8
-36450
-35423
-28566.3
-34881.1
-35847.2
-35428.4
-35279.4
-28967.4
-35135.1
-4532.69
-35333.9
-36993.6
-35513.3
-28980.9
-29001.4
-29172.1
-21455.9
-28999.7
-34357.5
-28963.1
-36527.3
-30083.1
-30485.1
-34585
-24572.4
-37992
-28788.4
-29040.9
-28956.9
-30677.2
-36349.9
-28960.6
-28967.3
-35690.2
-38809
-28625.8
-41308.9
-33985.1
-40348.2
-35687.4
-27276
-28950.1
-35812
-29056.8
-38157.5
-26494.4
-35919.9
-35003.3
-40390.2
-28019.3
-28957.7
-35048
-31884.8
-28968.1
-28960.5
-34069
-37002.6
-33679.3
-30845.7
-28953.9
-26677.4
-35076.9
-54399.8
-36183.9
-29455.3
-35539.3
-28973.7
-32532.6
-35421.3
-35065.6
-28962.3
-41331.1
-28962.5
-30505.5
-28961.6
-33404.1
-34965
-29237
-26373.5
-37689.3
-33708.9
-28920.4
-37007.6
-35744.3
-29239.7
-35674.3
-35120.8
-31762.5
-28919.5
-34900.5
-28958.4
-28966.7
-42746.1
-41803.4
12121
-36320.9
-30299.4
-30924.2
-27930.1
-42683.1
-35783.4
-34511.4
-27878.5
-28990.9
-29199.8
-27177.9
-28967.6
-28053.2
-29005.1
-36029.8
-34398.5
-36759.1
-30751.4
-66439.8
-106037
28183.6
-27656.2
-35414.1
-53904.5
-28922.4
-28957.6
-31926.6
-35376.9
-28956.8
-31906.5
-28968.7
-30712.6
-28760.4
-35252.3
-36999.9
-30843.3
-27776.3
-26771.6
-37675.1
-38047.1
-35746.6
-28343.6
-37576
-37304.1
-35656.4
-28908.6
-28968.5
-37544.1
-34976.6
-35704.9
-37066.3
-34479.8
-32751.8
-72204.6
-37059.3
-33040.4
-36275.2
-30469.8
-30090.9
-35781.9
-39188.2
-35991.3
-37135.1
-35462.4
-46117
-31829.7
-23405.3
-28903.3
-30360.1
-36369.7
-28965.3
-24483.4
-28964.7
-171964
-33485.4
-28947
-38929.9
-95038.7
-36226.3
-30412.5
-27471
-38024.7
-36888.6
-36441.3
-28715.7
-34300.3
-35767.6
-30534.8
-157288
-35535
-35501.8
-28339.6
-42493.7
-33695.7
57277.7
-44592.1
-58747.7
-28722.9
-28952.3
-81526.4
5181.3
924.03
-34763.9
-37180.6
-35499.3
-32134.5
-28963.9
-28957.5
-28959.6
-41960
-29813.5
-28962.9
-35704.3
-28965.6
-42200.7
-28879.3
-29108.2
-25706.2
-7251.17
-38164.4
-28962.3
-28967.3
-38467.3
-37453.8
-28955.4
-28960.3
-30890.3
-28960
-57438.8
-37704.2
-29198.2
-32885.7
-35633.9
-28940.1
-29938.8
-35408.2
-35304.8
-41139
-35365.3
-35655.7
-27643.4
-32546.6
-28334.7
-34938.2
-35522.4
-37409.6
-27474.8
-28992.8
-38031.1
-49587.9
-34901.3
-38428.3
-36700.6
-34457.6
-30215.5
-36537.2
-29969.7
-33383.6
-36849.1
-28966.2
-34268.7
-39396.6
-33993
-34898.2
-9614.08
-70329.4
-35828.9
-34620.1
-35793.1
-36905.1
-35088.9
-24757.8
-34362.5
-38053.4
-25083.9
-35894.6
-30463.4
-34883
-35793.1
-95792.8
-35569.2
-30796.2
-36811.5
-28961.2
-61829.5
-34544.6
-40258.7
-35577.6
-28967.8
-28644
-28949.2
-34218.1
-35570.3
-26118.7
-34918.4
-35833.2
-35768.5
-36663.8
-36667.6
-9060.03
-30936
-36695.2
-28917.9
-28977.7
-35882.7
-36733.9
-31481.2
-12177.2
-37462.3
-34881.6
-50927.5
-26038.2
-31641.3
-41835.9
-29094.2
-34331
-37385.5
-28957.3
-30050.9
-110325
-64039
149595
-35440.7
-28956.9
-28660.5
-35002.2
-28959.7
-28959.6
-28958.7
-39955.6
-35683.2
-31778.3
-29736.5
-19700.2
-34943.3
-31405.8
-103243
-35309.7
-30278.5
-28962
-29326.8
-36273
-34909
-35805.5
-30849.2
-39342.2
-28863.3
-156837
-28962.1
-42051.6
-26610.4
-27745.4
-29085.8
-20904
-33144.3
-28923.8
-35813.2
-32992.4
-34867.1
-38259.9
-37430.1
-39635.3
-37268.7
-29081.8
-30203.1
-34526.5
-37907
-35108.2
-34226.4
-35094.9
-34693.8
-31231.3
52154.4
-34252.3
-30866.3
-30590.6
-29065.8
-37723.5
-29857.3
-31770.8
-34814.4
-29134.3
-35118.9
-31031.3
-34556
-30229.6
-34949.2
-26247.4
-28961.5
-35539.1
-27087.5
-33209.5
-40357.1
-37523.4
-38670.7
-29940.6
-36167.3
-31916.8
-36387.2
-88061.9
-34942.2
-30313.7
-36445.1
-34317.6
-33344.1
-28957.5
-28980.5
-33029.1
-30358.8
48601.7
-28958.2
-37689
-40442.7
-26766.9
-35376.4
-40686.8
-31639
-34914.5
-67027.4
-28958.2
-37989.4
-28957.9
-35555.2
5752.91
-36325.6
-49551.7
-29105.5
-35823.9
-28953.9
-27733.7
-34978.3
-33269.8
-34939
-35893.4
-26465.3
-19926.4
-27630.6
-34978
-35337.2
-18978.5
-37927.6
-35697
-35859.9
-31469
-26834.4
-31295.8
-29343.5
-27238.1
29452
-35255.1
-30970.4
-39378
-35718.8
-35682.8
-28718.3
-28728.8
-128593
-32080.8
-28990.3
-97772.7
-37109.8
-35544.7
-28961.8
-39991.9
-36477.1
-27522.3
-35092.4
-35817.8
-98906.8
-36780.3
-13513.3
-28699.3
-35234
-36004.5
-29586.7
-55560.7
-28956.3
-26152.1
-35181.5
-35572.5
-28960.7
-28964.9
-36547.6
-28956.7
-28972
-29657.2
-35286.9
-30721.3
-29007.7
-28967
-32538.6
-28571.2
-35406
-35550.8
-41753
-28958.4
-36035.5
-35282.2
-30029.9
-31790
-28382.7
-46150.3
-28961.6
-35125.8
-28967.7
-28982.2
-28961.6
-40293.3
-35617.1
-28324.9
-34937.1
-35858.7
-21153.3
-35541.9
-43535.2
-32263.8
-28969.2
-29880.1
-28998.2
-113217
-79752.6
-28971.4
-47528.9
-35729.2
-48113.1
-29720.5
-37785.6
-34919.9
-27696.5
-35682
-41279.9
-28877.1
-34546.2
-29486
-36663.3
-36537.5
-36387.4
-36613.7
-26227
-33916.7
-36042.3
-28953.7
-128622
-31205.4
-41574.2
29486.4
-36639.3
-27401.1
-30836.7
-28976
-26978.7
-34619.2
-30344.7
-28976
-42013
-28952.8
-28961.5
-28956.9
-28959.4
-32745.1
-33887.1
-7821.05
-38250.9
-30722.1
-35911.9
-32148.8
-30426.4
-29171.5
-31786
-36805.6
-34678.4
-33472.4
-34702.6
-29706.1
-31315.1
-30353.9
-28966.5
-30332.8
-35663.1
-29719
-38044.8
-36063.6
-41087.6
-34973.6
-28963.4
-28941.3
-37204.7
-28643.4
-35866.9
-35688.4
-35452.6
-36677.6
-36297.2
-35819.7
21200.3
-17575.6
-29023.1
-38149.3
-36693.6
-57790.1
-42771.9
-32762.2
-35543.9
-36303.8
-35348
-28966.5
-48978.3
-56180.4
-36706.8
-28611.7
-35703.5
-35282.6
-31968.8
-35186.7
-23350.5
-27074.5
-28966.9
-35645.1
-23411.3
-35651.9
-28977.6
-29014.7
-35111
-35055
-35418.5
-36007.7
-36649.8
102198
-28957.3
-35672.8
-30367.7
-28880.1
-38519.4
-28911.4
-34891.2
-27523.3
-28957.3
-38191.4
182407
-37264.2
-34734.9
-35418.1
-28929.6
-35200
-28978.7
-35191.6
-38263.5
-98055.2
-34463.6
-28738.9
-26552.8
-36088.7
-105042
-28962.6
-34274.1
-34307
-36061.5
-28521.9
-35850.9
-34821.6
-35895.4
-36838.4
-34586.8
-33038.1
-35074.2
-36865.4
-28971.6
-42133.9
-34923.1
-35324.1
-35745.2
-35024.9
-33308.8
-31109.8
-28895
-34861.6
-31898.6
-28963.4
-35328.7
-28731.5
-35667.5
-29011.4
-31395.1
-29896.8
-34928.1
-31384.4
-39443.3
-28865.5
-30471.3
-35055
-34635.1
-36158.9
-30015.9
-35706.9
-35847.7
-28967.6
-28962.3
-33844.7
-33820.2
-28963.5
-28655.7
-25408.7
-36230.1
-31892.5
-30162.4
-41987
-13968.4
-41630
-35245.7
-32013
-32074.7
-35735.3
-37120.2
-37402.9
-34678.7
-26795.5
-36897.1
-36304.6
-35010.5
-34102.7
-37069.3
-30371.1
-30037
-39190.6
-33193.4
-33948.6
-37013.8
-100319
-31446
-30698.3
-33738.6
-35889.2
-45846.6
-32312.7
-35922.6
-29135.4
-31249.1
-35513.1
-28962.3
-34728.6
-34914
-34909.2
-34702.3
-34592.9
-36433.3
-32431.7
-31353.6
-35022
-34886.7
-33591.4
-35356.7
-37860
-60249.2
-38622
-31973.9
-28971.5
-50598.1
-17188.1
-28980.4
-34970.6
-35531
-29953.5
-37727.8
-36686
-34964.1
-29481.1
-28967.4
-36730.1
-34631.9
-36570.5
-169926
-35648.1
-34239.2
-34585.8
-12324.4
-29440.7
-28886.4
157512
-28950.9
-36676.8
-28955.3
155643
-28966.9
-35912.4
101061
-27516.2
-28967.5
-37304.2
-28961
-28897.6
-38113.9
-28958.8
-20207.3
-28788.4
-35500.8
-28964.5
-38407.7
-55697
-35236.2
-28966.8
-35752.5
-31512.1
169846
-28955.9
-30714.7
-28943.4
-36700.2
-28957.9
-38189.1
168517
-28968.9
-85855.8
-59199
-35577.2
-33234.7
-31686
-30071.4
49551.9
-29000.9
-36391
-28955.2
-28641.7
-31156.8
-35866.4
-28936.3
-37576.2
-29050.8
-37056.9
-35907.5
-29671.4
-26848
-36009.3
-124953
-28159.6
-34571.9
-31443.1
-28970
-28969.6
-35121.3
-6765.72
-40645.5
-28041.5
-34552.7
-28923.8
-28953.5
-28543.9
-28475.8
-36558.6
-35252.2
-34990.8
-34715.6
-27691
-28392.3
-28959.9
-28958.9
-33700.6
-13080.9
-4792.11
-34338
-34320.8
-38798.9
-36567.1
-35989.3
-39365.1
-43067.5
-28968.3
-36543.7
-35176.9
-35730.8
-30319.4
103242
-28967.9
-35730.7
-37339.5
-36358.1
-28969.6
-36224.1
-40271
-36769.5
-28970.2
-37099.8
-91540.3
-28961.4
-28911.3
-28961.2
-28959.3
-28961.1
-28958
23324.9
-36372.5
-36555.7
-36193.2
-36717.5
-34529.5
-29165.6
-35291.9
-28966.4
-28944.6
-35558.3
-34344.7
-28961.5
-34888.9
-37009.5
-28980.9
-37864.6
-41025.5
-35851.4
-25726.3
-32468.5
-33768.1
-28380.7
-69415.2
-35690.8
-33283.2
-37419
-28967.1
-29049.8
-31635.7
-34191.8
-28944.4
-46984.1
-41864
-35655.1
-28957.9
-36235.8
-47009.7
-31666.5
-37630.7
-28796.6
-35856.8
-28958.7
-35316.9
-34252.7
-34653.3
-33387.5
-28127.2
-36926
-28974.9
-35860.2
-37764.7
-35278.5
-41013.7
-35613.4
30552.5
-5660.28
-25551.5
-4412.85
-34905.7
-37765.5
-34433.4
-30198.4
-35593.2
-31588.5
-34936.5
-35539
-34313.7
-28795.8
-28961
-28519.3
-30326.6
-27535.8
-35184.7
279913
-28784.7
-28027
-32539.5
-29041.7
-27761.8
-5171.62
-20027.1
-28908.4
-35270.9
-28958.8
-38397.3
-34593.3
-26305.4
148931
-31343
-28960.3
-28197.2
279823
-35635.6
-34892
-35857.6
-28952.9
-35355.2
-32343.1
-35457.9
-86297.2
-35817.7
-28958.2
-35774.9
-28950.1
-29392.9
-31985
-18804
-35010.1
-35358
-35107.8
-28961.1
-38562.7
-36255.7
-44366.1
-33364.2
-112615
-33205.4
-32209.9
-35547.6
-38748.9
-41435.9
-29643.5
-35632.1
-30580.9
-36374.4
-28958.7
-26468.6
-25097.7
-36583.3
-33051.5
-26392.3
-32276.2
-30006.8
11325.2
-32540.5
-34727
-35646.2
-29576.3
-35675.2
-28969.7
-28956.8
-28962.4
-29199.8
-36408.8
-28960.4
-28967.5
-36847.5
-58160.8
-28961.6
-117853
-37772.8
-28982.2
-34935.2
-44792.9
-35779.3
-191316
-34985.8
-44335.5
-29037.1
-29492.6
-31873.6
78039.4
-34815.4
-32778
-28945.1
-39485.4
-35326.6
-35131.2
-35316.2
-35662.8
-28960.8
-29136.1
-36580.5
-28950
-28966
-88911.9
-24286.7
-28957.6
-35390.4
-28955.7
-36154.3
-35880.6
-28984.2
-35726.8
-30681.9
-36334.1
-31920.6
-36033.5
-9415.12
-10773.6
-30340.8
-28117.1
-35293
-36729.9
-35647.5
-37394.5
-28961.6
-29646.5
-28967.5
-30085.6
27185.1
-34520.4
-34680.8
-29057
-33239.8
-31351.9
-29410.2
-28962
-28961.6
-28962.8
-28948.6
-28948.2
-28947.4
-34103.8
-34277.8
-121153
-128946
-119878
-133192
-35097.3
-25545
-25879.1
-40813.2
-21300.3
-30956
-27849.1
-33882.2
-17891.9
-17970.6
-27062
-44406.9
277440
-35993.5
-49998.2
-49231.6
-49714.4
-42807.1
-37937.5
-47827.6
-41993
-35726.6
-39781.2
-51304.1
-60226.2
-30315.5
-30040.6
-29925.7
-29253.8
-36933.6
-30610.3
-29284
-30247.6
-29160.6
-30107.1
-29080.8
-28952.1
-28943.3
-28962.3
-28960.1
-28965
-28960.1
-28968.6
-28966.2
-28975.6
-28968.7
-29030.2
-29038.6
-29003
-29073.8
-28584.5
-30000.8
-28643.5
-28586
-30047.6
-28344.9
-28336.8
-160936
-175643
-45620.1
-62835
-129094
-118555
-36036.6
-34338.1
-37027.1
-37482.5
-36821.3
-36009.6
-37336.6
-37364.8
-36562.6
-37351.2
-34188.8
-38985.4
-38780.5
-34171.8
-35197.8
-35706.7
-35831.3
-35757.9
-35725.4
-35747.2
-35825.2
-35823.2
-35995.2
-35895.3
-35981.5
-36074.6
-36296.7
-36593.8
-35747.4
-36588.8
-36666.9
-36466.2
-36690
-37490
-36762.8
-36100.5
-36831
-36905.3
-36888.7
-36860.7
-36898.7
-36901.3
-36800.2
-36834.3
-36821.3
-36727.1
-36742.4
-36749.1
-36703.5
-36742.1
-36701
-36697
-35970.8
-36548.2
-37554.3
-27715.6
-34987
-35244.6
-16351.9
-16707.7
-23165.6
16852
17638.3
16610
-7923.52
54508.5
21861.4
20063
28127.9
21153.1
-29115.2
-6264.63
4033.22
-3129.03
-2429.76
-10304.1
-11579.6
-13472
-14336.7
-8887.71
-14306.3
-14093.1
-11882
-22660
-37256.3
-30075
-28163.9
-24105.9
-27614.6
-26673
-22233.6
-31283.7
-18757.4
-31030
-26736.6
-34059
-33532.7
-29914
-29827.2
-37210.1
-29465.8
-29103.8
-22607.8
-45917.8
-46326.7
-61587
-44935.5
-42140.9
-43193.2
-42629.8
-42712.5
-79630.5
-69442.9
-66362.3
-34007.3
-39815.7
-37364.2
-33567.2
-34224.9
-35193
-31675.2
-128900
-129700
12659.7
-129674
-128913
5911.43
-129485
-185891
58977
-186449
39839.8
24719.5
-64170.5
-220734
-161891
-170655
-23821.2
-95116.3
-96172.2
-44656.8
-52176.8
-57661.6
-34531.5
-33732.2
-33721.4
-33502.2
-33624
-33225.9
-33372.8
-33586.6
-33254.4
-33169.9
-32505.4
-35275.1
-34772.4
-36121.6
-35777.2
-35462.3
-35662.8
-35366.2
-35351.8
-35376.1
-35236.9
-35598.2
-35465.9
-35543.7
-35606.1
-35661
-35725.5
-35672.2
-35633.1
-35690.7
-35667.8
-35935.6
-35949.2
-29072.1
-29091.5
-29114.2
-28991.1
-28913.7
-28901.4
-28828.9
-28858.8
-28936.7
-28946.9
-28946.6
-28940.7
-28940.9
-28921.9
-28969.2
-28979.9
-28915.5
-28971.8
-28984.1
-29011.9
-29006.2
-28930.7
-29001.8
-28977.2
-28960
-28992.5
-28917.1
-28911.3
-28987.1
-28964.5
-28965.5
-28959.3
-28966.5
-28967.6
-28967.4
-36841.8
-28963.7
-28964.9
-28965.1
-28965.3
-28968.3
-28961.4
-28960.3
-28969.1
-28959.2
-29099.5
-28536.2
-30108.2
-28569.5
-28301.8
-28310.5
-29068.1
-28910.2
-35680
-35763.5
-35813.6
-35912.8
-35990.8
-36557.1
-36737.8
-36761.8
-34728.8
-51267.9
-36802
-34470.7
-22796.1
-7239.82
-16041.1
33927
30613.2
-2826.88
4442.83
-10831.9
-51906
-39056
-26595.8
-28260.8
-21889.5
34694
-35649.4
-100401
-55972.5
-67216
-42562
-38520.2
-38973.9
-41806.5
-33764
-62557.4
-32904.8
-128358
-129280
-129177
-180356
-80508.4
-99845.2
-47600.5
-53381.7
-44332
-34259.2
-34495.3
-33411.6
-33373.1
-33555.7
-33418.2
-35754.5
-35322.2
-35478.2
-35178
-35887.9
-35707.7
-35747.6
-36091.8
-35693.2
-35703
-35779.7
-35662.7
-29030.7
-28790.1
-28914.4
-28997.3
-28976.7
-28907.8
-28978.6
-28984.9
-28926.5
-29010.5
-29023.2
-29030.4
-28973.2
-28919.7
-28959.9
-28967.1
-28966.8
-28964.8
-28966.4
-28970.3
-28962.3
-28968.6
-28964.7
-28961.5
-28957.1
-28956.7
-28957.6
-28957.6
-28957.8
-28958
-28958.7
-28958.5
-28965
-28961.3
-28959.2
-28960.6
-28960.1
-28961.1
-28960.8
-28959.2
-28966.2
-28965.6
-28967.4
-28967.4
-28964.1
-28965.7
-28974.6
-28964.9
-28962.1
-28987.1
-28998.1
-28890.5
-28910.3
-28918.7
-28982.5
-28991.1
-28600
-36812
-37444.8
-38193.9
-37573.3
-37753.8
-59998.8
-47499.8
-48668.8
-54476.8
-109616
-92453.1
-103746
-46118.1
-112693
-34850.6
-34090.3
-34573.1
-35279.1
-35306
-35134.5
-34916.3
-35708.8
-35263.8
-35744.4
-35698.9
-35191.8
-35440.1
-35536.7
-35381.7
-35502.8
-35469.2
-35413.1
-35544.6
-35538.5
-35582.3
-35526.5
-35418.4
-35722.6
-35773.5
-35905.8
-35933.2
-35230.5
-35692.7
-35517.1
-35692.8
-35740.6
-35713.5
-35779.6
-35823.1
-35854.2
-35862.7
-35850.5
-35856.7
-35844.5
-35821.9
-35841.5
-35869.3
-35796.5
-35215.5
-36492.9
-37789.4
-38086.7
-38470.8
-38650.5
-37952.9
-28081.4
-25679
-26842.5
-27029.8
-25768.3
-18764.2
-33527.8
-26386.9
-27595.1
-32694.5
-31554.2
-25705.7
-25661.8
-31639.3
-27894.5
-6994.81
-25222.4
-40452
-34875.2
-41589.7
-32821
-37951.8
-34659.8
-32734.2
-8768.71
-30080.7
-32600.9
-30987.5
-32674.9
-34147
-33948.8
-36650.6
-36428.6
-36066.6
-31585.4
-30667.6
-28820.4
-29852.1
-29652
-34146.9
-29857.1
-28647.4
-28950.5
-30470.6
-30536.3
-30892.8
-30559.9
-27761.9
-28427.9
-29777.4
-28816.8
-29146.7
-26751.5
-34166
-50623.1
-39797.1
-45373.3
-80853.1
-60935
-61709.2
-59856.1
-42639.4
-41421.1
-41853.1
-41389.1
-41221.5
-43880.9
-37310.7
-38014.4
-36996.4
-40633.5
-36030.5
-38896.8
-40691
-40173.8
-43120.3
-27707.8
-38726.4
-130603
15029.6
-36164.4
-65271.6
-82203.3
-45621.7
-60953.9
-36175.2
-83033.9
-45532
-44333.6
-50906.1
-37184.7
-37570.3
-34408.1
-46147
-35491
-35234.7
-34487.3
-34719
-34478.3
-34327.4
-34316.5
-34281.5
-34318.8
-34341.2
-34341.7
-34322.3
-34314.5
-34389.1
-34191.3
-34442.9
-34387.5
-34391.6
-34894.3
-34785.7
-35064.1
-34860.5
-34832.5
-34937.7
-35094.1
-34976.6
-34912.2
-34995.9
-35070.5
-35130.1
-35095.3
-35329.8
-35224
-36142.6
-35249.7
-35235
-35292.6
-29460.5
-28798.8
-29480.1
-29102.2
-29121.5
-29124.6
-29081.4
-29114.9
-29098.6
-29012.2
-28935.8
-28909.4
-28974.6
-36211.4
-28953.4
-28926.8
-28968.5
-28961.3
-28959.6
-28960.7
-28961.4
-31019.1
-28962.1
-28960.9
-28961
-28962.9
-28958.4
-28957.6
-28970.7
-28959.6
-28962.4
-28956.4
-28963.2
-28964.1
-53225.3
-29930.1
-30140.3
-38502.8
-38190.2
-37677.3
-28961
-28960.8
-28961.6
-28961
-28957.4
-28959.6
-28960
-28959.5
-28958.9
-28959.6
-28962
-28961.4
-28961.4
-28959.5
-28957.9
-28964.9
-28962.6
-28960.3
-28964.5
-34418
-28967.1
-28971.6
-28970.3
-29002.8
-28918
-28924.2
-28915.3
-28999.7
-28608.3
-29029.4
-41158.5
-36561.3
-37000.1
-37144.6
-37369.3
-37531.4
-37361.8
-37613.4
-38303.9
-46479.4
-55778.6
-36274.5
-37931.4
-35697.8
-36845.4
-38192.3
-34993.2
-34377.2
-34643
-35256.3
-35376.9
-35537.2
-35526.1
-35572.7
-34900.5
-35395.1
-34775
-35494.6
-35388.4
-35236.1
-35176.5
-35347
-35159
-34999.4
-35084.9
-35087.5
-35083.9
-35048.4
-35139.9
-35213
-35046.2
-35077.1
-34942.9
-34933.8
-34990.7
-35056.1
-35165.8
-34739.2
-34977.5
-34837.9
-35782.3
-34891.8
-34795.6
-34820
-36853.8
-35696.6
-34901
-34888.3
-34894
-34892.1
-34899.1
-34911
-34876.2
-34646.8
-35891.3
-37394.2
-35192.3
-36431.3
-30821.9
-30219.7
-37101.9
-38433.2
-37683
-31142.8
-37866.8
-33035.6
-29296.8
-26445.7
-28907.2
-25873.2
-19085.3
-24879.2
-28509.6
-28969.4
-29545
-29227.3
-30137.1
-30565.9
-30877.8
-30594.2
-30739.1
-30575.5
-29625.1
-29886.2
-30975.3
-27286.1
-29949.6
-7602.01
-27465.8
-25795.8
-12196.9
-21639.8
-32253.1
-32207.3
-31497
-31948.9
-28087
-32262.4
-31460.7
-32540.5
-32624.6
-32467
-33435.2
-31339
-33588.2
-33742.9
-31937.3
-33661.8
-35854.1
-33979.4
-29170.9
-29896.9
-28008.4
-31829.8
-31225.1
-30698.9
-30955.6
-29319.4
-29642.2
-29328.2
-29169
-29413.5
-30525.5
-31721.1
-31305.1
-28905.8
-29596.6
-29831.6
-30040.8
-30980.5
-29623.3
-30313.2
-30803.6
-30407.5
-29801.6
-30460.1
-30192.8
-34205.4
-26454.1
-47533.4
-32393.1
-35767.4
-37096.9
-36131.4
-37478
-44468.1
-36573.5
-36938.1
-41816
-37106.7
-37006.3
-36690.4
-36162
-35282.6
-37043.3
-38249.6
-36148.8
-36402.8
-35565.8
-32276.1
-39707.8
-40523.2
-42906.1
-41321
-39344.2
-42629.8
-41942.4
-41976.5
-41603.3
-40141.6
-36328.6
-36267.2
-35648.4
-33543.5
-35853.8
-35310.3
-35418
-34466.6
-33930.7
-34771.6
-35116.6
-34765.8
-34258
-34320.5
-34579.7
-34587.8
-34312.1
-34587.9
-34604.9
-34570.7
-34592
-34637.2
-34570.3
-34324.1
-34591.6
-34615.9
-34582.6
-34621.8
-34553.9
-34884.1
-34692.4
-34842.1
-35034.2
-36017.6
-34805.6
-34771.3
-34797.3
-34902.1
-34971
-34963.8
-34916.1
-34930.9
-34962.3
-34894.5
-35109.5
-35028.3
-35231.8
-35138
-35146.8
-34983.1
-35072.8
-35106.6
-35201.2
-35343.8
-35190.8
-35224.8
-28957.6
-35121.7
-28905.5
-28867.2
-29090.8
-28926.4
-29116.9
-28892.2
-28979.4
-28992.2
-28972.2
-28911
-28967.5
-28978.7
-28968.1
-28962.7
-28956.4
-28958.4
-28958.5
-28959.4
-28963.1
-28959
-28962.2
-28959.9
-28962.2
-28959.4
-28958.1
-28962.3
-28957.8
-28971.2
-28957.6
-28961.2
-28961.3
-28957.5
-36446.7
-36038.2
-28435.1
-29881
-28660.2
-28870.3
-30158.5
-29889.5
-30606
-37839.9
-37566.2
-30385.7
-37242.8
-37582.5
-41784
-36758.1
-38816.7
-38116.4
-28957.8
-28959.7
-28960.5
-28958.8
-28928.1
-28995
-28932.1
-28955.8
-30223.6
-30266
-30721
-30393.6
-27124.5
-28961.2
-28959.6
-28958.4
-28958.7
-28952
-28964.3
-28955.6
-28962.2
-28954.5
-28955.8
-28958.9
-28959.1
-28953.5
-28950.4
-28968.3
-28965.7
-28923.2
-37718.9
-38415.4
-37516.7
-38481.9
-36222.6
-35959.8
-36180.1
-35643.7
-35538.3
-37601.5
-36554.2
-35328
-35488.7
-35623.8
-35427.1
-35562.8
-35291.1
-35223
-35298.4
-34850.6
-34844.7
-35201.3
-35206.2
-35135.2
-35108.9
-34666
-34749.2
-34457.1
-34703
-34633.6
-34798.7
-34565.3
-34885.6
-34595.7
-34565.3
-34991.4
-34840.6
-35169.9
-28959.1
-28958.9
-37030.4
-37064.7
-37455.8
-37266.2
-36226.3
-34472.5
-30608.2
-31079.7
-30971.6
-29180.4
-29076.1
-28794.6
-26190.4
-28613.4
-29779.1
-30611.2
-30709.4
-30692.5
-30838.9
-30291.2
-30042.9
-30276.6
-31843.4
-31595.2
-30476.7
-30882.4
-31901.1
-31807.6
-32236
-32234.9
-31113.8
-31031.6
-30100.2
-31141.6
-31238.3
-35379.5
-35489.2
-35944.2
-31130
-30441.8
-30695.5
-30888.4
-30377.6
-30147.5
-30809.6
-36384.4
-36997
-36263
-35994.1
-36069.4
-36191.7
-36132.4
-35623.1
-28955.7
-28990.2
-28975.1
-28952.5
-28968.5
-28970.1
-28963.3
-28959.1
-28965.4
-28959.3
-28960.1
-28962.5
-28961.9
-28958.3
-28957.1
-28662.1
-36656.7
-36470.4
-37125.8
-38149.5
-28956.4
-37274
-37931.1
-28921.3
-37718.7
-31631.1
-31568.6
-28964.8
-28966.3
-30677
-30156.7
-30251.9
-30153.1
-35727.9
-37568.5
-37185.1
-36061.9
-42982.4
-37944.8
-35357.1
-35185.4
-35197.6
-29104.5
-29039
-29028.8
-28965.5
-28962.2
-28969.7
-36056.4
-38404.3
-28966.4
-28968.4
-28916.8
-35474.8
-34823.2
-28960.3
-34964.2
-34770.4
-28984.4
-30641.6
-30372.7
-31668.6
-28427
-34213.2
-36450.4
-28584.7
-31419.1
-28209.9
-37124.6
-38230.3
-37594.1
-36461.1
-35337.4
-34908.1
-34901.9
-35161.3
-28959.9
-28980.3
-28981.9
-28960.7
-28961.3
-36653.6
-36087.2
-28945.3
-36564.1
-34594.9
-34660.7
-28959.2
-34907.1
-36466.9
-29803.2
-30372.6
-28961.2
-28959.2
-35870.1
-28949.1
-28947.5
-74481.5
-25655.5
-19494.3
-28959
-42338.8
-36337.6
-53467
-28959.5
-29229.1
-29768.3
-29997
-29619.2
-37212.6
-28959.1
-35708.8
-28957.5
-36777.4
-22718.7
1322.74
4106.25
-26281.1
-48496.9
-42143.7
-42340.8
-33336.1
-112875
-33583.1
-35023.8
-35633.2
-34916.2
-34900.8
-35253.2
-35586.8
-35787.2
-35637.9
-29049.3
-34577.4
-28902.8
-28909.4
-28878.5
-28896.5
-34595.2
-28959
-34594
-28968
-28944.8
-28908.5
-28994.9
-28966.9
-28916.7
-28965.8
-66501.6
-34148.2
-36545.1
-35117.4
-35693.9
-28956
-29099.2
-28968
-35807.9
-28963.1
-29096.3
-29522.3
-35251.9
-35816
-35816.4
-28958.5
-30966.9
-27566
-42035.3
-34549.1
-35576.4
-40960.9
-34189.5
-34300
-35204.7
-35195.6
-29495.3
-29108.3
-28983.5
-28915.3
-28962.5
-36204
-28960.1
-28966.8
-38233.4
-28959.2
-37686.2
-28959.7
-28965.8
-35165.6
-36938.4
-35284.3
-35042.2
-34881.4
-35170.5
-35357.3
-35047.1
-30419.8
-28665.1
-26577.4
-28958
-28957.7
-28957.8
-28959
-41919.4
-43231.5
-42919.9
-42475.6
)
;

boundaryField
{
    Wall
    {
        type            zeroGradient;
    }
    Inlet
    {
        type            zeroGradient;
    }
    Outlet
    {
        type            fixedValue;
        value           uniform 0;
    }
    Empty
    {
        type            empty;
    }
}


// ************************************************************************* //
