/*--------------------------------*- C++ -*----------------------------------*\
| =========                 |                                                 |
| \\      /  F ield         | OpenFOAM: The Open Source CFD Toolbox           |
|  \\    /   O peration     | Version:  2312                                  |
|   \\  /    A nd           | Website:  www.openfoam.com                      |
|    \\/     M anipulation  |                                                 |
\*---------------------------------------------------------------------------*/
FoamFile
{
    version     2.0;
    format      ascii;
    arch        "LSB;label=32;scalar=64";
    class       volScalarField;
    location    "7";
    object      p;
}
// * * * * * * * * * * * * * * * * * * * * * * * * * * * * * * * * * * * * * //

dimensions      [0 2 -2 0 0 0 0];

internalField   nonuniform List<scalar> 
2958
(
-2.65037e+09
-2.82823e+09
-3.14723e+09
-2.64254e+09
-2.73963e+09
-3.16417e+09
-2.67286e+09
-2.74227e+09
-2.67767e+09
-2.78829e+09
-2.67492e+09
-2.35453e+09
-2.72906e+09
-2.35453e+09
-2.7053e+09
-2.64785e+09
-2.69714e+09
-2.72059e+09
-2.35454e+09
-2.64921e+09
-2.35433e+09
-2.70889e+09
-2.35375e+09
-3.92719e+09
-2.72549e+09
-2.66075e+09
2.4436e+07
-4.08615e+09
-2.41073e+09
-2.66836e+09
-2.66006e+09
-2.49944e+09
-2.3497e+09
-2.50174e+09
-2.72126e+09
-2.67613e+09
-2.35453e+09
-2.35367e+09
-2.65526e+09
-2.79029e+09
-2.44206e+09
-2.64333e+09
-2.67327e+09
-2.64706e+09
-2.35453e+09
-2.61813e+09
-2.67645e+09
-2.50667e+09
-2.64276e+09
-2.34094e+09
-2.65169e+09
-2.9178e+09
-2.78162e+09
-2.68096e+09
-2.65399e+09
-2.7069e+09
-3.00003e+09
-2.77544e+09
-2.66013e+09
-1.9973e+09
-2.64404e+09
-2.64325e+09
-2.69442e+09
-2.66963e+09
-2.35453e+09
-2.35453e+09
-2.68154e+09
-2.92214e+09
-2.39382e+09
-2.64861e+09
-2.70134e+09
-2.35454e+09
-2.70391e+09
-2.65581e+09
-2.35448e+09
-2.67431e+09
-2.64394e+09
-2.69522e+09
-2.35479e+09
-2.65413e+09
-2.72633e+09
-2.64107e+09
-4.67949e+09
-4.73482e+09
-2.64551e+09
-2.68555e+09
-2.68027e+09
-2.68549e+09
-2.95086e+09
-2.34963e+09
-2.71417e+09
-2.47496e+09
-2.68088e+09
-2.35455e+09
-2.91161e+09
-2.73329e+09
-2.64347e+09
-2.64174e+09
-2.35453e+09
-2.35453e+09
-2.6423e+09
-2.65759e+09
-2.75037e+09
-2.6964e+09
-2.36243e+09
-2.4217e+09
-2.35454e+09
-2.64233e+09
-2.35451e+09
-2.73679e+09
-2.64308e+09
-2.65285e+09
-2.35448e+09
-2.76631e+09
-2.35453e+09
-2.35453e+09
-2.69028e+09
-2.65282e+09
-2.68979e+09
-2.65417e+09
-3.06307e+09
-2.35453e+09
-2.6847e+09
-2.73922e+09
-2.68738e+09
-2.64811e+09
-2.64e+09
-2.72354e+09
-2.64872e+09
-2.35456e+09
-2.35453e+09
-2.35453e+09
-2.65453e+09
-2.35453e+09
-2.35457e+09
-2.35453e+09
-2.78699e+09
-2.65276e+09
-2.35454e+09
-2.35453e+09
-2.64543e+09
-2.79524e+09
-2.35414e+09
-2.35453e+09
-2.6516e+09
-2.6496e+09
-2.35449e+09
-2.35454e+09
-2.39739e+09
-2.35454e+09
-2.64903e+09
-2.64345e+09
-2.80301e+09
-2.40597e+09
-2.74109e+09
-2.35458e+09
-2.35213e+09
-2.65201e+09
-2.67526e+09
-2.71711e+09
-2.74197e+09
-2.81718e+09
-2.69706e+09
-2.35453e+09
-6.71787e+08
-2.64788e+09
-2.34305e+09
-2.35453e+09
-2.74948e+09
-2.67774e+09
-2.45136e+09
-2.35454e+09
-2.35729e+09
-2.81327e+09
-2.35452e+09
-2.7321e+09
-2.81419e+09
-1.68685e+09
-2.31173e+09
-2.39389e+09
-2.35235e+09
-2.71524e+09
-2.71497e+09
-2.64227e+09
-2.89492e+09
-2.69346e+09
-2.88824e+09
-2.35451e+09
-2.71526e+09
-2.64213e+09
-2.71402e+09
-2.7845e+09
-1.06005e+09
-2.78299e+09
-2.84281e+09
-2.41011e+09
-2.8144e+09
-2.45391e+09
-2.65141e+09
-2.50353e+09
-2.80561e+09
-2.35453e+09
-2.65013e+09
-1.66899e+09
-2.69988e+09
-2.72302e+09
-2.44634e+09
-2.73025e+09
-2.68032e+09
-2.64277e+09
-2.35453e+09
-2.34968e+09
-2.35458e+09
-2.74024e+09
-2.35454e+09
-2.6357e+09
-2.67156e+09
-2.35453e+09
-2.35453e+09
-2.35453e+09
-2.35456e+09
-2.81229e+09
-2.67402e+09
-2.68965e+09
-2.64263e+09
-2.65017e+09
-4.15149e+09
-2.35453e+09
-2.59088e+09
-2.71836e+09
-2.81086e+09
-2.58555e+09
-2.33331e+09
-2.64004e+09
-2.41055e+09
-2.35457e+09
-2.35449e+09
-2.65326e+09
-2.35449e+09
-2.6428e+09
-2.35452e+09
-2.64281e+09
-2.64588e+09
-4.19994e+09
-2.66053e+09
-2.50558e+09
2.08453e+09
-2.75084e+09
-2.68097e+09
-2.66892e+09
-2.7859e+09
-2.70253e+09
-2.68506e+09
1.91531e+10
-2.64222e+09
-2.83209e+09
-2.66346e+09
-2.42622e+09
-2.67901e+09
-2.69341e+09
-2.64868e+09
-2.35231e+09
-2.52833e+09
-1.95815e+09
-2.44312e+09
-2.69224e+09
-2.73895e+09
-2.66355e+09
-2.33048e+09
-2.35215e+09
-2.35453e+09
-2.68757e+09
-2.66437e+09
-2.35454e+09
-2.74126e+09
-2.66288e+09
-2.35452e+09
-2.67706e+09
-2.35453e+09
-2.73608e+09
-2.35453e+09
-2.35454e+09
-2.44341e+09
-2.69786e+09
-2.69795e+09
-2.35454e+09
-2.40601e+09
-2.6428e+09
-2.64249e+09
-2.66905e+09
-3.89405e+09
-2.79812e+09
-2.35453e+09
-2.35454e+09
-3.14287e+09
2.16062e+09
-2.35453e+09
-2.64792e+09
-2.35453e+09
-2.93848e+09
-2.83525e+09
-2.71343e+09
-2.44324e+09
-2.63566e+09
-2.64385e+09
-3.84534e+09
-2.64104e+09
-2.35234e+09
-2.68064e+09
-2.64349e+09
-2.35451e+09
-2.64743e+09
-2.65531e+09
-2.35453e+09
-2.73552e+09
-2.64262e+09
-2.61393e+09
-2.67515e+09
-2.70042e+09
-2.66068e+09
-2.68229e+09
-2.66814e+09
-2.67439e+09
-2.9359e+09
-2.673e+09
-2.35214e+09
-2.65334e+09
-2.35421e+09
-2.64226e+09
-2.82961e+09
-2.66314e+09
-2.95271e+09
-2.35454e+09
-2.35454e+09
-1.30925e+09
-2.35454e+09
-2.64364e+09
-2.43665e+09
-2.64363e+09
-2.35452e+09
-2.68479e+09
-2.69102e+09
-2.68417e+09
-2.65674e+09
-2.3545e+09
-2.81149e+09
-2.3545e+09
-2.80169e+09
-2.6344e+09
-2.6434e+09
-2.70288e+09
-2.74582e+09
-2.48645e+09
-2.64907e+09
-2.87301e+09
-2.66747e+09
-2.35453e+09
-2.67316e+09
-2.48113e+08
-2.64804e+09
-2.83006e+09
-2.64931e+09
-2.64256e+09
-2.36048e+09
-2.71439e+09
-2.49884e+09
-2.6759e+09
-2.64281e+09
-2.64397e+09
-2.4638e+09
-2.81127e+09
-2.71868e+09
-2.35453e+09
-2.64247e+09
-2.66815e+09
-2.74237e+09
-2.65379e+09
-2.87607e+09
-2.68331e+09
-2.66727e+09
-2.64727e+09
-2.69064e+09
-2.35452e+09
-2.67375e+09
-2.69553e+09
-2.3539e+09
-2.66394e+09
-2.44559e+09
-2.35158e+09
-2.35462e+09
-2.74305e+09
-2.35453e+09
-2.37468e+09
-2.69459e+09
-2.6427e+09
-2.6472e+09
-2.83259e+09
-2.35453e+09
-2.35459e+09
-2.65938e+09
-2.65665e+09
-2.66441e+09
-2.69536e+09
-2.64224e+09
-2.65362e+09
-2.65146e+09
-2.93688e+09
-2.68485e+09
-2.65427e+09
-2.63443e+09
-2.64316e+09
-2.7249e+09
-2.67101e+09
-2.7071e+09
-2.49339e+09
-2.65696e+09
-2.62154e+09
-2.70144e+09
-2.6469e+09
-2.64695e+09
-2.35453e+09
-2.56853e+09
-2.67407e+09
-2.64011e+09
-2.71104e+09
-2.34925e+09
-2.96001e+09
-2.70814e+09
-2.65023e+09
-2.71129e+09
-2.7157e+09
-2.50199e+09
-2.70524e+09
-2.78156e+09
-2.8409e+09
-2.62779e+09
-2.66626e+09
-2.83593e+09
-2.64837e+09
-2.35453e+09
-2.64376e+09
-2.70191e+09
-2.6526e+09
-3.06348e+09
-1.00443e+09
-2.36876e+09
-2.35416e+09
-2.50792e+09
-2.35454e+09
-2.68434e+09
-2.35452e+09
-2.54427e+09
-2.72714e+09
-2.90533e+09
-2.64251e+09
-2.64035e+09
-2.35453e+09
-2.66741e+09
-2.63072e+09
-2.35453e+09
-2.79562e+09
-2.64214e+09
-2.64291e+09
-2.78477e+09
-2.66755e+09
-2.67393e+09
-2.51445e+09
-2.67763e+09
-2.66688e+09
-2.45988e+09
-2.79048e+09
-2.35453e+09
-2.86816e+09
-2.62693e+09
-2.67667e+09
-2.69572e+09
-2.68441e+09
-2.65269e+09
-1.26544e+09
-2.68493e+09
-2.71996e+09
-2.74902e+09
-2.35453e+09
-2.35232e+09
-2.88287e+09
-2.67896e+09
-2.69617e+09
-2.67955e+09
-2.55765e+09
-2.65281e+09
-1.54667e+09
-2.81118e+09
-2.64241e+09
-2.65877e+09
-2.67095e+09
-2.65036e+09
-2.99366e+09
-2.35454e+09
-2.35452e+09
-2.35456e+09
-2.66609e+09
-2.35453e+09
-2.35453e+09
-2.6421e+09
-2.72628e+09
-2.35453e+09
-2.64104e+09
-2.90271e+09
-2.64219e+09
-2.64395e+09
-2.35441e+09
-2.35454e+09
-2.65914e+09
-2.35453e+09
-2.65319e+09
-2.65414e+09
-2.55916e+09
-2.42627e+09
-2.67743e+09
-2.64262e+09
-2.34726e+09
-2.68286e+09
-2.65795e+09
-1.87888e+09
-2.64455e+09
-2.64259e+09
-3.74308e+09
-2.3523e+09
-2.68508e+09
-2.64278e+09
-2.68382e+09
-2.3497e+09
-2.74264e+09
-2.35458e+09
-2.45152e+09
-2.677e+09
-2.98554e+09
-2.79601e+09
-2.64637e+09
-2.6803e+09
-2.58806e+09
-2.67303e+09
-2.35453e+09
-2.64224e+09
-2.35454e+09
-2.45135e+09
-2.68509e+09
-2.35375e+09
-2.35453e+09
-1.77236e+09
-2.35455e+09
-2.35453e+09
-2.7485e+09
-2.63354e+09
2.96605e+10
-2.69206e+09
-2.58694e+09
-2.65472e+09
-2.67376e+09
-2.40493e+09
-2.66826e+09
-3.196e+09
-2.65593e+09
-2.64236e+09
-2.65501e+09
-2.65269e+09
-2.35453e+09
-2.66768e+09
-2.6428e+09
-2.65252e+09
-2.63336e+09
-2.66888e+09
-2.35451e+09
-2.35453e+09
-2.35632e+09
-3.06596e+09
-2.35452e+09
-2.44303e+09
-2.35454e+09
-2.69934e+09
-2.72097e+09
-2.73552e+09
-2.67686e+09
-2.78798e+09
-2.64674e+09
-2.35318e+09
-2.3545e+09
-2.35453e+09
-2.74336e+09
-2.88678e+09
-2.35454e+09
-2.35453e+09
-2.6637e+09
-2.46727e+09
-2.34926e+09
-2.64772e+09
-2.50237e+09
-2.64705e+09
-2.64761e+09
-2.34127e+09
-2.35454e+09
-2.65901e+09
-2.35389e+09
-2.64206e+09
-1.86123e+09
-2.64904e+09
-2.41604e+09
-2.64888e+09
-2.35927e+09
-2.35454e+09
-2.64491e+09
-2.34095e+09
-2.35453e+09
-2.35453e+09
-2.64647e+09
-2.80803e+09
-2.67745e+09
-2.65352e+09
-2.35453e+09
-2.56482e+09
-2.64276e+09
-2.644e+09
-2.5886e+09
-2.63133e+09
-2.67437e+09
-2.35449e+09
-2.67989e+09
-2.66778e+09
-2.667e+09
-2.35453e+09
-2.64004e+09
-2.35453e+09
-2.67755e+09
-2.35453e+09
-2.43739e+09
-2.66763e+09
-2.35733e+09
-2.71686e+09
-2.65506e+09
-2.6897e+09
-2.35455e+09
-2.63232e+09
-2.4265e+09
-2.35741e+09
-2.64718e+09
-2.41621e+09
-2.72349e+09
-2.35453e+09
-2.66742e+09
-2.35453e+09
-2.35453e+09
-3.06342e+09
-2.62559e+09
-2.62991e+09
-2.71972e+09
-2.70391e+09
-2.81845e+09
-2.35932e+09
-2.60821e+09
-2.50434e+09
-2.53477e+09
-2.35932e+09
-2.35454e+09
-2.35454e+09
-2.34118e+09
-2.35454e+09
-2.64884e+09
-2.35453e+09
-2.64359e+09
-2.68898e+09
-2.46471e+09
-2.70606e+09
-2.70424e+09
-2.64248e+09
2.86891e+09
-3.06905e+09
-2.65579e+09
-2.56521e+09
-2.35453e+09
-2.35453e+09
-2.6253e+09
-3.07962e+09
-2.35453e+09
-2.98933e+09
-2.35454e+09
-2.69164e+09
-2.70639e+09
-2.6526e+09
-2.644e+09
-2.69369e+09
-2.33052e+09
-2.96713e+09
-2.64749e+09
-2.64394e+09
-2.65043e+09
-2.35158e+09
-2.81559e+09
-2.63666e+09
-2.6545e+09
-2.35442e+09
-2.35453e+09
-2.64342e+09
-2.66775e+09
-2.65418e+09
-2.64676e+09
-2.67753e+09
-2.61734e+09
-2.64223e+09
-2.84678e+09
-2.66801e+09
-2.56856e+09
-2.70328e+09
-2.70193e+09
-2.65134e+09
-2.63442e+09
-2.77527e+09
-3.00424e+09
-2.6546e+09
-6.91884e+08
-2.64317e+09
-2.34915e+09
-2.35461e+09
-2.70613e+09
-2.54872e+09
-2.35455e+09
-2.82815e+09
-2.35453e+09
-2.64262e+09
-2.67372e+09
-2.3545e+09
-2.64211e+09
-2.64308e+09
-2.69663e+09
-2.94242e+09
-2.3462e+09
-2.76465e+09
-2.63234e+09
-2.6228e+09
-2.35433e+09
-2.70193e+09
-2.65393e+09
-2.64787e+09
-2.64268e+09
-2.67804e+09
-2.66742e+09
-2.35156e+09
-2.64245e+09
-2.6791e+09
-1.86455e+09
-2.64215e+09
-2.64172e+09
-2.35232e+09
-2.35453e+09
-2.64238e+09
-2.5421e+09
-2.54522e+09
-2.68243e+09
-2.6456e+09
-2.4262e+09
-2.64662e+09
-2.35455e+09
-2.35455e+09
-2.35453e+09
-2.64249e+09
-2.70611e+09
-2.35454e+09
-2.65306e+09
-2.35453e+09
-2.64251e+09
-2.3543e+09
-2.35548e+09
-3.04238e+09
-2.72837e+09
-2.64454e+09
-2.35453e+09
-2.35453e+09
-2.53346e+09
-2.64856e+09
-2.35453e+09
-2.35453e+09
-2.74405e+09
-2.35453e+09
-2.64407e+09
-2.64419e+09
-2.35633e+09
-2.70765e+09
-2.66249e+09
-2.3545e+09
-2.7377e+09
-2.66384e+09
-2.66864e+09
-2.65308e+09
-2.65497e+09
-2.67466e+09
-2.39387e+09
-2.67078e+09
-2.35158e+09
-2.66787e+09
-2.66309e+09
-2.63655e+09
-2.58889e+09
-2.35451e+09
-2.64771e+09
-2.6423e+09
-2.68454e+09
-2.53164e+09
-2.65318e+09
-2.67371e+09
-2.80009e+09
-2.40504e+09
-2.54271e+09
-2.67384e+09
-2.73989e+09
-2.35453e+09
-2.67902e+09
-2.64358e+09
-2.63272e+09
-2.68347e+09
-2.64259e+09
-2.64225e+09
-2.73516e+09
-2.64805e+09
-2.72092e+09
-2.55239e+09
-2.66724e+09
-2.71771e+09
-2.64529e+09
-2.64377e+09
-2.73942e+09
-2.69271e+09
-2.61294e+09
-2.6889e+09
-2.64467e+09
-2.64305e+09
-2.65923e+09
-2.65814e+09
-4.47406e+09
-2.35453e+09
-2.73213e+09
-2.68567e+09
-2.64347e+09
-2.67591e+09
-2.35453e+09
-2.35403e+09
-2.35454e+09
-2.64671e+09
-2.67443e+09
-2.38818e+09
-2.688e+09
-3.05898e+09
-2.65182e+09
-2.65338e+09
-2.77934e+09
-2.68313e+09
-2.6896e+09
-3.6528e+09
-2.69444e+09
-2.3545e+09
-2.75186e+09
-3.67736e+09
-2.64042e+09
-2.79027e+09
-2.96122e+09
-2.65979e+09
-2.64213e+09
-2.38777e+09
-2.69066e+09
3.12228e+09
-2.35512e+09
-2.68101e+09
-2.91156e+09
-2.35453e+09
-2.75806e+09
-2.6423e+09
-2.64102e+09
2.96152e+10
-2.48339e+09
-2.35453e+09
-2.35403e+09
-2.66715e+09
-2.35453e+09
-2.35453e+09
-2.35453e+09
-2.49752e+09
-2.65648e+09
-2.34094e+09
-2.69507e+09
-2.31151e+09
-2.65532e+09
-2.95551e+09
-2.64247e+09
-2.65483e+09
-2.68828e+09
-2.35453e+09
-2.70768e+09
-2.9601e+09
-2.67413e+09
-2.74256e+09
-2.68711e+09
-2.7856e+09
-1.5644e+09
-2.64271e+09
-2.35453e+09
3.29424e+09
-2.86156e+09
-2.79228e+09
-2.69558e+09
-3.06205e+09
-2.6778e+09
-2.35459e+09
-2.72787e+09
-2.81281e+09
-2.67321e+09
-2.48126e+09
-2.88681e+09
-2.47475e+09
-2.87032e+09
-2.34729e+09
-2.6887e+09
-2.67483e+09
-2.45895e+09
-2.29923e+09
-2.75276e+09
-2.66733e+09
-2.67283e+09
-2.69101e+09
-1.65165e+09
-2.6978e+09
-2.35979e+09
-2.84663e+09
-2.93772e+09
-2.79358e+09
-2.92536e+09
-2.64247e+09
-2.67608e+09
-2.88206e+09
-2.66757e+09
-2.68714e+09
-2.6888e+09
-2.69167e+09
-2.69174e+09
-3.00607e+09
-2.35453e+09
-2.65527e+09
-2.34109e+09
-2.71379e+09
-2.64039e+09
-2.75465e+09
-2.53266e+09
-2.69358e+09
-2.74079e+09
-3.01188e+09
-2.62275e+09
-2.64228e+09
-2.78345e+09
-2.69327e+09
-2.6228e+09
-2.67991e+09
-2.6746e+09
-2.35454e+09
-2.35452e+09
-2.70594e+09
-2.71271e+09
1.91124e+10
-2.35453e+09
-2.64189e+09
-2.64702e+09
-2.89729e+09
-2.6677e+09
-2.64039e+09
-2.75558e+09
-2.69358e+09
-2.64226e+09
-2.35455e+09
-2.01974e+08
-2.35453e+09
-2.67363e+09
-2.54584e+09
-2.71613e+09
-2.54499e+09
-2.3553e+09
-2.72735e+09
-2.35453e+09
-2.33052e+09
-2.68253e+09
-2.64658e+09
-2.66743e+09
-2.66016e+09
-2.87515e+09
-2.92327e+09
-2.9513e+09
-2.69467e+09
-2.66343e+09
-1.30987e+09
-2.57048e+09
-2.65638e+09
-2.73981e+09
-2.62185e+09
-2.81077e+09
-2.74456e+09
-2.70534e+09
-2.96869e+09
2.88372e+09
-2.67689e+09
-2.54509e+09
-2.64345e+09
-2.65654e+09
-2.65583e+09
-2.37457e+09
-2.35413e+09
-2.83132e+09
-2.64409e+09
-2.35457e+09
-2.64226e+09
-2.57299e+09
-2.66229e+09
-2.35453e+09
-2.77851e+09
-2.54843e+09
-2.34617e+09
-2.66895e+09
-2.72504e+09
-2.64227e+09
-4.44484e+09
-2.78489e+09
-2.37465e+09
-2.65368e+09
-2.65204e+09
-3.27957e+09
-2.6424e+09
-2.35458e+09
-2.38823e+09
-2.95223e+09
-2.6548e+09
-2.35453e+09
-2.35454e+09
-2.70105e+09
-2.35453e+09
-2.35452e+09
-2.36878e+09
-2.64781e+09
-2.4464e+09
-2.35452e+09
-2.35453e+09
-2.66102e+09
-2.35213e+09
-2.65541e+09
-2.67305e+09
-2.6849e+09
-2.35453e+09
-2.83327e+09
-2.65584e+09
-2.47407e+09
-2.70153e+09
-2.35211e+09
-2.64591e+09
-2.35453e+09
-2.65005e+09
-2.35453e+09
-2.35456e+09
-2.35454e+09
-2.64917e+09
-2.6585e+09
-2.35157e+09
-2.68776e+09
-2.73247e+09
-3.05086e+09
-2.66664e+09
-2.79925e+09
-2.66189e+09
-2.35453e+09
-2.70591e+09
-2.35454e+09
-2.64228e+09
-2.64289e+09
-2.35451e+09
-2.6522e+09
-2.9149e+09
-2.64239e+09
-2.88022e+09
-2.77383e+09
-2.68963e+09
-2.33052e+09
-2.52659e+09
-2.64003e+09
-2.354e+09
-2.67751e+09
-2.92504e+09
-2.70883e+09
-2.7006e+09
-2.88886e+09
-2.72114e+09
-2.36045e+09
-2.68309e+09
-2.7136e+09
-2.35453e+09
-2.83022e+09
-2.65302e+09
-2.68032e+09
2.94936e+09
-2.70802e+09
-2.71318e+09
-2.68223e+09
-2.35454e+09
-2.60178e+09
-2.72537e+09
-2.73186e+09
-2.35458e+09
-2.75123e+09
-2.35453e+09
-2.35454e+09
-2.35453e+09
-2.35454e+09
-2.37192e+09
-3.18223e+09
2.12976e+09
-2.64536e+09
-2.69603e+09
-2.53159e+09
-2.69742e+09
-2.70459e+09
-2.68268e+09
-2.61284e+09
-3.01183e+09
-2.67892e+09
-2.64466e+09
-2.68238e+09
-2.68588e+09
-2.68664e+09
-2.68958e+09
-2.35454e+09
-2.47435e+09
-2.727e+09
-2.92181e+09
-2.86213e+09
-2.64627e+09
-2.64773e+09
-2.6671e+09
-2.35452e+09
-2.35458e+09
-2.6432e+09
-2.35402e+09
-2.64176e+09
-2.7382e+09
-2.67528e+09
-2.91953e+09
-2.73673e+09
-2.6538e+09
-5.21102e+08
-2.64258e+09
-2.35458e+09
-3.00829e+09
-2.80859e+09
-2.70458e+09
-2.75076e+09
-2.64237e+09
-2.67381e+09
-2.70408e+09
-2.65508e+09
-2.35453e+09
-2.55467e+09
-2.7137e+09
-2.83795e+09
-2.78887e+09
-2.64887e+09
-2.65534e+09
-2.45975e+09
-2.6543e+09
-2.34916e+09
-2.80903e+09
-2.35454e+09
-2.65483e+09
-2.34917e+09
-2.78978e+09
-2.35455e+09
-2.35454e+09
-2.65423e+09
-2.66663e+09
-2.71645e+09
-2.66278e+09
-2.68724e+09
7.8897e+10
-2.35453e+09
-2.72179e+09
-2.47402e+09
-2.35399e+09
-2.64265e+09
-2.35441e+09
-2.68595e+09
-2.95535e+09
-2.35453e+09
-2.64504e+09
-2.64433e+09
-2.6416e+09
-2.71987e+09
-2.71804e+09
-2.35428e+09
-2.65256e+09
-2.35454e+09
-2.65739e+09
-2.93219e+09
-2.64227e+09
-2.69724e+09
-2.35432e+09
-1.82821e+09
-2.6495e+09
-2.64249e+09
-2.35454e+09
-2.72341e+09
-2.68145e+09
-2.6492e+09
-2.35374e+09
-2.73166e+09
-2.80965e+09
-2.65669e+09
-2.87289e+09
-2.68862e+09
-2.64788e+09
-2.67008e+09
-3.30233e+09
-2.35453e+09
-2.77978e+09
-2.66859e+09
-2.71949e+09
-2.65393e+09
-2.66911e+09
-2.65404e+09
-2.67727e+09
-2.3542e+09
-2.66935e+09
-2.94933e+09
-2.35454e+09
-2.65411e+09
-2.35413e+09
-2.70913e+09
-2.35453e+09
-2.67629e+09
-2.69689e+09
-2.6622e+09
-2.59549e+09
-2.78479e+09
-2.35443e+09
-2.71926e+09
-2.66689e+09
-2.68935e+09
-2.69981e+09
-2.70355e+09
-2.65409e+09
-2.71665e+09
-2.35454e+09
-2.35453e+09
-2.69004e+09
-2.68817e+09
-2.35453e+09
-2.35368e+09
-3.00609e+09
-2.66045e+09
-2.7478e+09
-2.70887e+09
-2.77801e+09
-2.69849e+09
3.05972e+09
-2.65408e+09
-2.74778e+09
-2.66848e+09
-2.67742e+09
-2.84158e+09
-2.64164e+09
-2.6742e+09
-2.67887e+09
-2.88728e+09
-2.44661e+09
-2.6675e+09
-2.65049e+09
-3.11227e+09
-2.93868e+09
-2.6766e+09
-2.63278e+09
-2.77477e+09
-2.69246e+09
-1.94328e+08
-2.64249e+09
-2.68366e+09
-2.44642e+09
-2.88642e+09
-2.65635e+09
-2.64277e+09
-2.86084e+09
-2.66029e+09
-2.35545e+09
-2.69447e+09
-2.66793e+09
-2.35453e+09
-2.6794e+09
-2.68616e+09
-2.68669e+09
-2.67916e+09
-2.60813e+09
-2.88425e+09
-2.62478e+09
-2.69709e+09
-2.66703e+09
-2.68539e+09
-2.70369e+09
-2.65137e+09
-2.64249e+09
-2.92695e+09
-2.64639e+09
-2.65858e+09
-2.35453e+09
-2.73354e+09
-2.64258e+09
-2.35452e+09
-2.65968e+09
-2.68858e+09
-2.74222e+09
-2.64008e+09
-3.92931e+09
-2.68896e+09
-3.04249e+09
-2.35474e+09
-2.64369e+09
-2.68684e+09
-2.59088e+09
-2.64263e+09
-2.64727e+09
-2.65012e+09
-2.68642e+09
-3.10503e+09
-2.95287e+09
-2.35395e+09
-2.64721e+09
-2.35454e+09
-3.95121e+09
-2.35454e+09
-2.64718e+09
-2.35453e+09
-2.67803e+09
7.96835e+10
-2.34616e+09
-2.35453e+09
-2.85585e+09
-2.35453e+09
-2.35458e+09
-2.64545e+09
-2.35453e+09
-2.66823e+09
-2.35319e+09
-2.66195e+09
-2.35453e+09
-2.77027e+09
-2.64218e+09
-2.66278e+09
-2.35453e+09
-2.72114e+09
-2.42172e+09
-2.64432e+09
-2.35454e+09
-2.79812e+09
-2.35455e+09
-4.43902e+09
-2.35454e+09
-3.01942e+09
-2.64432e+09
-2.35454e+09
-2.64226e+09
-2.64225e+09
-2.67181e+09
-2.69924e+09
-2.42174e+09
-2.56013e+09
1.91445e+10
-2.35456e+09
-2.84238e+09
-2.35458e+09
-2.35368e+09
-2.91661e+09
-2.6416e+09
-2.35458e+09
-3.04962e+09
-2.34971e+09
-2.7653e+09
-2.65538e+09
-2.90383e+09
-2.87576e+09
-2.64883e+09
-2.64227e+09
-2.71517e+09
-2.72532e+09
-2.71684e+09
-2.35453e+09
-2.35452e+09
-2.71625e+09
-3.81585e+09
-2.65181e+09
-3.22366e+09
-2.71642e+09
-2.35451e+09
-2.35454e+09
-3.26742e+09
-3.29131e+09
-2.7148e+09
-2.53489e+09
-2.71649e+09
-2.43054e+09
-2.73332e+09
-2.35215e+09
-2.35453e+09
-2.35453e+09
-2.68763e+09
-2.68314e+09
-1.0002e+08
-2.68047e+09
-2.68286e+09
-2.81109e+09
-2.73691e+09
-2.69901e+09
-2.77074e+09
-2.80964e+09
-2.35455e+09
-2.40503e+09
-2.66248e+09
-2.64723e+09
-2.67198e+09
7.88777e+10
-2.35454e+09
-2.6477e+09
-2.65451e+09
-2.64203e+09
-2.35454e+09
-2.6908e+09
-2.49539e+09
-3.11963e+09
-2.35454e+09
-2.84528e+09
-2.51449e+09
-2.35453e+09
-2.35448e+09
-2.35453e+09
-2.35453e+09
-2.35453e+09
-2.35453e+09
-4.9927e+08
-2.69229e+09
-2.82911e+09
-2.7634e+09
-2.73184e+09
-2.71334e+09
-2.69801e+09
-2.65331e+09
-2.35453e+09
-2.35454e+09
-2.82382e+09
-2.67744e+09
-2.35453e+09
-2.66897e+09
-2.47387e+09
-2.35454e+09
-2.64536e+09
-2.65245e+09
-2.48771e+09
-2.72958e+09
-2.53735e+09
-2.68451e+09
-2.91831e+09
-2.71891e+09
-2.65587e+09
-2.75236e+09
-2.64529e+09
-2.35453e+09
-2.36245e+09
-2.93896e+09
-2.64689e+09
-2.35456e+09
-2.61783e+09
-2.64215e+09
-2.6588e+09
-2.35454e+09
-2.70957e+09
-7.12885e+08
-2.91329e+09
-2.64779e+09
-2.92466e+09
-2.65843e+09
-2.35453e+09
-2.65476e+09
-2.62838e+09
-3.0217e+09
-2.70891e+09
-2.9185e+09
-2.85097e+09
-2.35452e+09
-2.65759e+09
-2.64549e+09
-2.66412e+09
-2.64345e+09
-2.65038e+09
2.89556e+09
-1.62771e+09
-2.70164e+09
-1.46139e+08
-2.66777e+09
-2.64759e+09
-2.50242e+09
-2.7097e+09
-2.65553e+09
-2.64609e+09
-2.66729e+09
-2.65021e+09
-2.68449e+09
-2.35319e+09
-2.35453e+09
-2.80034e+09
-2.67935e+09
-2.97274e+09
-2.65363e+09
2.39248e+10
-2.69725e+09
-2.70485e+09
-2.61093e+09
-2.35391e+09
-2.3305e+09
5.84949e+07
-2.31188e+09
-2.95067e+09
-2.65392e+09
-2.35453e+09
-2.64265e+09
-2.64223e+09
-2.36041e+09
2.9644e+10
-2.74518e+09
-2.35453e+09
-2.91867e+09
2.39486e+10
-2.67768e+09
-2.72929e+09
-2.74109e+09
-2.35453e+09
-2.66452e+09
-2.75381e+09
-2.68929e+09
-2.4517e+09
-2.65688e+09
-2.35453e+09
-2.65808e+09
-2.35454e+09
-2.69798e+09
-2.6603e+09
-3.03299e+09
-2.66774e+09
-2.65277e+09
-2.66751e+09
-2.35453e+09
-2.46759e+09
-3.01985e+09
-2.64594e+09
-2.43768e+09
-2.64227e+09
-2.43773e+09
-2.45169e+09
-2.65485e+09
-2.46743e+09
-2.77839e+09
-2.71476e+09
-2.65879e+09
-2.69798e+09
-2.64207e+09
-2.35453e+09
-2.34308e+09
-2.62441e+09
-2.69648e+09
-3.11352e+09
-2.3431e+09
-2.94052e+09
-2.71487e+09
-2.54951e+09
-2.42087e+09
-2.64219e+09
-2.6548e+09
-2.98349e+09
-2.65585e+09
-2.35452e+09
-2.35453e+09
-2.35453e+09
-2.35632e+09
-2.54866e+09
-2.35453e+09
-2.35454e+09
-2.63235e+09
-2.64177e+09
-2.35453e+09
-2.64229e+09
-2.64761e+09
-2.35447e+09
-2.65513e+09
-2.64274e+09
-2.74907e+09
-2.6426e+09
-2.80554e+09
-2.64216e+09
-3.04644e+09
-2.36882e+09
-2.45985e+09
-2.64366e+09
-2.65e+09
-2.60666e+09
-2.35442e+09
-2.6468e+09
-2.65591e+09
-2.66738e+09
-2.66936e+09
-2.66895e+09
-2.35453e+09
-2.35514e+09
-2.69692e+09
-2.35453e+09
-2.35454e+09
-2.44156e+09
-2.60708e+09
-2.35454e+09
-2.65033e+09
-2.35453e+09
-2.58731e+09
-2.76973e+09
-2.35452e+09
-2.65299e+09
-2.3744e+09
-3.83146e+09
-2.62763e+09
-2.71597e+09
-2.68389e+09
-2.67857e+09
-2.69779e+09
-2.71652e+09
-2.65484e+09
-2.82116e+09
-2.64895e+09
-2.85483e+09
-2.35453e+09
-2.698e+09
-2.35453e+09
-2.40597e+09
-2.72492e+09
-2.69065e+09
-2.69324e+09
-2.36244e+09
-2.6742e+09
-2.66931e+09
-2.70319e+09
-2.35453e+09
-2.35453e+09
-2.35453e+09
-2.35454e+09
-2.35454e+09
-2.35454e+09
-2.67548e+09
-2.67449e+09
-2.36096e+09
-2.18177e+09
-2.35658e+09
-2.35204e+09
-3.13893e+09
-3.51376e+09
-3.39527e+09
-3.2788e+09
-3.5225e+09
-3.22231e+09
-3.48404e+09
-3.27439e+09
-1.48388e+09
-1.48359e+09
-2.814e+09
-2.50191e+09
2.40001e+10
-5.21732e+09
-1.4826e+10
-1.07339e+10
-1.36653e+10
-5.87769e+09
-5.30612e+09
-1.036e+10
-6.23272e+09
-2.66815e+09
-2.64218e+09
-2.64201e+09
-2.64221e+09
-2.71871e+09
-2.35439e+09
-2.71841e+09
-2.35452e+09
-2.80872e+09
-2.7201e+09
-2.35452e+09
-2.35437e+09
-2.35454e+09
-2.35439e+09
-2.35451e+09
-2.35454e+09
-2.35454e+09
-2.35454e+09
-2.35453e+09
-2.35453e+09
-2.35453e+09
-2.35452e+09
-2.35453e+09
-2.35451e+09
-2.35452e+09
-2.3545e+09
-2.3545e+09
-2.3545e+09
-2.35452e+09
-2.35427e+09
-2.3544e+09
-2.3544e+09
-2.35426e+09
-2.3544e+09
-2.35154e+09
-2.35156e+09
-2.64269e+09
-2.64261e+09
-2.64208e+09
-2.64222e+09
-2.64227e+09
-2.64248e+09
-2.64903e+09
-2.64901e+09
-2.64406e+09
-2.64389e+09
-2.64279e+09
-2.64591e+09
-2.64649e+09
-2.64632e+09
-2.64582e+09
-2.64641e+09
-2.65012e+09
-2.64745e+09
-2.64758e+09
-2.65042e+09
-2.65057e+09
-2.6529e+09
-2.65129e+09
-2.65272e+09
-2.65291e+09
-2.65268e+09
-2.65281e+09
-2.65296e+09
-2.65831e+09
-2.65691e+09
-2.65832e+09
-2.66296e+09
-2.66061e+09
-2.66401e+09
-2.67905e+09
-2.71538e+09
-2.70911e+09
-2.72154e+09
-2.74875e+09
-2.76025e+09
-2.79921e+09
-2.84034e+09
-3.20928e+09
-3.31344e+09
-3.16005e+09
-3.21551e+09
-3.32246e+09
-3.22623e+09
-3.38966e+09
-3.40148e+09
-3.39345e+09
-3.58378e+09
-3.58989e+09
-3.49539e+09
-3.95721e+09
-3.69593e+09
-4.76316e+09
2.30404e+09
1.18089e+09
1.7597e+09
-2.9675e+09
-2.33052e+09
-5.63052e+09
-5.67835e+09
-5.22459e+08
-5.47883e+08
5.44338e+08
-3.2415e+08
-2.94055e+08
-3.47217e+08
-1.54625e+07
-1.6266e+09
-5.4576e+08
2.65302e+09
2.85452e+09
2.69783e+09
-1.55097e+09
2.2821e+09
-1.01059e+09
-3.11005e+09
-3.05087e+09
-2.58707e+09
-2.58943e+09
-2.58791e+09
-2.71027e+09
-2.82251e+09
-2.71167e+09
-2.70455e+09
-2.68249e+09
-2.60432e+09
-2.44969e+09
-2.59178e+09
-2.72038e+09
-2.81102e+09
-2.79113e+09
-2.78387e+09
-2.78962e+09
-2.70965e+09
-2.78207e+09
-2.69738e+09
-2.71409e+09
-2.70078e+09
-2.69964e+09
-2.88033e+09
-2.88061e+09
-3.27208e+09
-2.89028e+09
-2.61046e+09
-2.94338e+09
-2.81803e+09
-2.82206e+09
-2.92991e+09
-2.94055e+09
-2.90102e+09
-2.90748e+09
-2.85015e+09
-2.90431e+09
-2.69946e+09
-2.72369e+09
-2.72559e+09
-2.78005e+09
-2.8057e+09
-2.78346e+09
-2.75155e+09
-2.74697e+09
-2.74953e+09
-2.74084e+09
-2.82548e+09
-2.82401e+09
-2.77039e+09
-2.82497e+09
-2.83006e+09
-2.77259e+09
-2.83102e+09
-2.57249e+09
-2.43796e+09
-2.572e+09
-2.43666e+09
-2.4349e+09
-2.42679e+09
-2.55948e+09
-2.36743e+09
-2.32227e+09
-2.58155e+09
-2.38031e+09
-2.40693e+09
-2.59573e+09
-2.47643e+09
-2.49177e+09
-2.70414e+09
-2.68895e+09
-2.68034e+09
-2.67403e+09
-2.67698e+09
-2.67461e+09
-2.67555e+09
-2.67582e+09
-2.67316e+09
-2.67523e+09
-2.67469e+09
-2.67359e+09
-2.67356e+09
-2.6751e+09
-2.67365e+09
-2.66998e+09
-2.67144e+09
-2.66945e+09
-2.67337e+09
-2.67092e+09
-2.67001e+09
-2.66419e+09
-2.66382e+09
-2.6624e+09
-2.65924e+09
-2.65824e+09
-2.65948e+09
-2.65843e+09
-2.64767e+09
-2.64778e+09
-2.64704e+09
-2.65616e+09
-2.65719e+09
-2.36649e+09
-2.36649e+09
-2.35916e+09
-2.35915e+09
-2.35736e+09
-2.35739e+09
-2.35771e+09
-2.35689e+09
-2.35624e+09
-2.35617e+09
-2.3562e+09
-2.35479e+09
-2.35479e+09
-2.35481e+09
-2.35481e+09
-2.35456e+09
-2.35442e+09
-2.35474e+09
-2.35454e+09
-2.35455e+09
-2.35454e+09
-2.35458e+09
-2.35455e+09
-2.35453e+09
-2.35451e+09
-2.35453e+09
-2.3545e+09
-2.35449e+09
-2.35453e+09
-2.35453e+09
-2.35453e+09
-2.35453e+09
-2.35453e+09
-2.35453e+09
-2.35453e+09
-2.80664e+09
-2.35454e+09
-2.35454e+09
-2.35454e+09
-2.35454e+09
-2.35454e+09
-2.35453e+09
-2.35453e+09
-2.35453e+09
-2.35454e+09
-2.35452e+09
-2.35441e+09
-2.35439e+09
-2.35427e+09
-2.35164e+09
-2.35162e+09
-2.3497e+09
-2.35731e+09
-2.646e+09
-2.65272e+09
-2.6528e+09
-2.65695e+09
-2.65841e+09
-2.9226e+09
-3.46139e+09
-3.5968e+09
1.84946e+09
-1.48351e+10
1.71083e+09
-5.56753e+09
6.55459e+08
4.27455e+07
-4.84581e+08
3.01509e+09
2.92736e+09
-2.98308e+09
-2.30232e+09
-2.79548e+09
-2.48314e+09
-2.51063e+09
-2.8069e+09
-2.78875e+09
-3.49118e+09
-2.70043e+09
-2.95266e+09
-2.51563e+09
-2.92395e+09
-2.92351e+09
-2.85269e+09
-2.78059e+09
-2.77767e+09
-2.76579e+09
-2.79028e+09
-2.73033e+09
-2.79618e+09
-2.83474e+09
-2.83091e+09
-2.83151e+09
-2.57055e+09
-2.41236e+09
-2.44632e+09
-2.52575e+09
-2.42874e+09
-2.57546e+09
-2.71121e+09
-2.70359e+09
-2.67405e+09
-2.67586e+09
-2.67556e+09
-2.67321e+09
-2.67351e+09
-2.67049e+09
-2.66285e+09
-2.66955e+09
-2.66005e+09
-2.65836e+09
-2.65836e+09
-2.66076e+09
-2.65782e+09
-2.64694e+09
-2.65194e+09
-2.64729e+09
-2.36647e+09
-2.35777e+09
-2.35651e+09
-2.35472e+09
-2.35474e+09
-2.35447e+09
-2.35474e+09
-2.35455e+09
-2.35459e+09
-2.35452e+09
-2.35451e+09
-2.3545e+09
-2.35451e+09
-2.35744e+09
-2.35453e+09
-2.35453e+09
-2.35453e+09
-2.35453e+09
-2.35453e+09
-2.35454e+09
-2.35453e+09
-2.35454e+09
-2.35453e+09
-2.35453e+09
-2.35453e+09
-2.35453e+09
-2.35453e+09
-2.35453e+09
-2.35453e+09
-2.35453e+09
-2.35453e+09
-2.35453e+09
-2.35453e+09
-2.35453e+09
-2.35453e+09
-2.35453e+09
-2.35453e+09
-2.35453e+09
-2.35453e+09
-2.35453e+09
-2.35453e+09
-2.35453e+09
-2.35453e+09
-2.35453e+09
-2.35453e+09
-2.35453e+09
-2.35452e+09
-2.35453e+09
-2.35452e+09
-2.35452e+09
-2.35452e+09
-2.35454e+09
-2.35454e+09
-2.35455e+09
-2.35441e+09
-2.35448e+09
-2.3544e+09
-2.63365e+09
-2.63673e+09
-2.64204e+09
-2.64015e+09
-2.64017e+09
-2.64224e+09
-2.64231e+09
-2.64233e+09
-2.64232e+09
-2.6423e+09
-2.64228e+09
-2.64229e+09
-2.64208e+09
-2.64233e+09
-2.64786e+09
-2.64919e+09
-2.64885e+09
-2.65033e+09
-2.65168e+09
-2.64899e+09
-2.65175e+09
-2.65343e+09
-2.65256e+09
-2.65358e+09
-2.65903e+09
-2.66332e+09
-2.66459e+09
-2.66914e+09
-2.66962e+09
-2.67177e+09
-2.67088e+09
-2.67141e+09
-2.67345e+09
-2.67503e+09
-2.67476e+09
-2.67497e+09
-2.67846e+09
-2.679e+09
-2.67635e+09
-2.68102e+09
-2.6873e+09
-2.6851e+09
-2.69694e+09
-2.69822e+09
-2.70075e+09
-2.71042e+09
-2.71005e+09
-2.71488e+09
-2.71563e+09
-2.7129e+09
-2.72141e+09
-2.72265e+09
-2.72238e+09
-2.73332e+09
-2.73655e+09
-2.73739e+09
-2.79464e+09
-2.78465e+09
-2.78921e+09
-2.80601e+09
-2.80403e+09
-2.83712e+09
-2.79106e+09
-2.8238e+09
-2.79544e+09
-2.69457e+09
-2.91598e+09
-2.98876e+09
-3.02535e+09
-2.91408e+09
-3.03794e+09
-3.06268e+09
-2.81946e+09
-2.85319e+09
-2.97481e+09
-2.63818e+09
-2.78343e+09
-2.6835e+09
-2.62204e+09
-2.58461e+09
-1.6364e+09
-2.67759e+09
-2.71276e+09
-2.69317e+09
-2.64535e+09
-2.70382e+09
-2.65824e+09
-2.63761e+09
-2.62493e+09
-2.80544e+09
-2.63619e+09
-2.62165e+09
-2.62574e+09
-2.60561e+09
-2.60857e+09
-2.61186e+09
-2.56844e+09
-2.6162e+09
-2.56701e+09
-2.65267e+09
-2.68212e+09
-2.69332e+09
-2.70122e+09
-2.76797e+09
-2.76634e+09
-2.71753e+09
-2.71696e+09
-2.70341e+09
-2.69595e+09
-2.70679e+09
-2.87745e+09
-2.91153e+09
-2.33054e+09
-2.96036e+09
-2.91753e+09
-2.934e+09
-2.88565e+09
-2.9464e+09
-2.77264e+09
-2.74624e+09
-2.80622e+09
-2.73775e+09
-2.91462e+09
-2.93428e+09
-2.91576e+09
-2.92415e+09
-2.79405e+09
-2.79354e+09
-2.76265e+09
-2.78355e+09
-2.7858e+09
-2.78777e+09
-2.78253e+09
-2.79193e+09
-2.7807e+09
-2.77026e+09
-2.78659e+09
-2.75458e+09
-2.74979e+09
-2.76358e+09
-2.74909e+09
-2.33049e+09
-2.7547e+09
-2.82327e+09
-2.77189e+09
-2.58728e+09
-2.56563e+09
-2.43639e+09
-2.56154e+09
-2.54555e+09
-2.58809e+09
-2.49503e+09
-2.55032e+09
-2.59468e+09
-2.56742e+09
-2.65666e+09
-2.65713e+09
-2.65156e+09
-2.57572e+09
-2.71413e+09
-2.72355e+09
-2.69555e+09
-2.69904e+09
-2.69513e+09
-2.68713e+09
-2.68828e+09
-2.69131e+09
-2.68348e+09
-2.6813e+09
-2.68238e+09
-2.68128e+09
-2.68012e+09
-2.68007e+09
-2.67918e+09
-2.67785e+09
-2.67728e+09
-2.6778e+09
-2.67484e+09
-2.67375e+09
-2.67244e+09
-2.67409e+09
-2.67294e+09
-2.67174e+09
-2.67091e+09
-2.66791e+09
-2.66808e+09
-2.66734e+09
-2.66705e+09
-2.66654e+09
-2.66658e+09
-2.6642e+09
-2.66533e+09
-2.58709e+09
-2.66126e+09
-2.65145e+09
-2.6565e+09
-2.36033e+09
-2.35774e+09
-2.36033e+09
-2.35529e+09
-2.3553e+09
-2.35518e+09
-2.35483e+09
-2.35504e+09
-2.35495e+09
-2.35464e+09
-2.35481e+09
-2.35445e+09
-2.35452e+09
-2.58783e+09
-2.35454e+09
-2.35457e+09
-2.35452e+09
-2.35453e+09
-2.35453e+09
-2.35453e+09
-2.35453e+09
-2.72491e+09
-2.35453e+09
-2.35453e+09
-2.35453e+09
-2.35453e+09
-2.35453e+09
-2.35453e+09
-2.35453e+09
-2.35453e+09
-2.35453e+09
-2.35453e+09
-2.35453e+09
-2.35454e+09
-1.14338e+10
-2.9009e+09
-2.92465e+09
-2.64479e+09
-2.64514e+09
-2.64449e+09
-2.35453e+09
-2.35453e+09
-2.35453e+09
-2.35453e+09
-2.35453e+09
-2.35453e+09
-2.35453e+09
-2.35453e+09
-2.35453e+09
-2.35453e+09
-2.35453e+09
-2.35453e+09
-2.35453e+09
-2.35453e+09
-2.35453e+09
-2.35454e+09
-2.35453e+09
-2.35454e+09
-2.35453e+09
-2.65232e+09
-2.35453e+09
-2.35453e+09
-2.35453e+09
-2.35453e+09
-2.35454e+09
-2.35454e+09
-2.35455e+09
-2.35452e+09
-2.34926e+09
-2.34724e+09
-2.64775e+09
-2.64213e+09
-2.64321e+09
-2.64319e+09
-2.64162e+09
-2.64343e+09
-2.64189e+09
-2.64192e+09
-2.64344e+09
-2.64279e+09
-2.64244e+09
-2.9491e+09
-2.84376e+09
-2.81177e+09
-2.8487e+09
-2.82611e+09
-2.64543e+09
-2.64598e+09
-2.64976e+09
-2.64856e+09
-2.65264e+09
-2.6518e+09
-2.65265e+09
-2.65187e+09
-2.65363e+09
-2.65326e+09
-2.65915e+09
-2.65565e+09
-2.66321e+09
-2.66321e+09
-2.66396e+09
-2.66454e+09
-2.66587e+09
-2.6665e+09
-2.66707e+09
-2.66697e+09
-2.66705e+09
-2.6667e+09
-2.6676e+09
-2.66759e+09
-2.66814e+09
-2.66773e+09
-2.67417e+09
-2.67584e+09
-2.67228e+09
-2.66805e+09
-2.67516e+09
-2.67863e+09
-2.67401e+09
-2.68116e+09
-2.70768e+09
-2.68282e+09
-2.68292e+09
-2.68325e+09
-2.80116e+09
-2.71312e+09
-2.68429e+09
-2.68462e+09
-2.68398e+09
-2.68521e+09
-2.68656e+09
-2.68692e+09
-2.68679e+09
-2.70642e+09
-2.71982e+09
-2.84597e+09
-2.6968e+09
-2.73963e+09
-2.71832e+09
-2.71903e+09
-2.84128e+09
-2.80413e+09
-2.85364e+09
-2.85085e+09
-2.88405e+09
-2.74684e+09
-2.90601e+09
-2.92193e+09
-2.86557e+09
-2.8626e+09
-2.96892e+09
-3.03994e+09
-3.23093e+09
-3.17872e+09
-3.20671e+09
-3.06637e+09
-3.15835e+09
-2.60169e+09
-2.61741e+09
-2.64926e+09
-2.73635e+09
-2.69333e+09
-2.70302e+09
-2.71148e+09
-2.70191e+09
-2.69689e+09
-2.65338e+09
-1.63087e+09
-2.68861e+09
-2.68235e+09
-2.66622e+09
-2.68782e+09
-2.71372e+09
-2.66772e+09
-2.6767e+09
-2.68309e+09
-2.72487e+09
-2.66121e+09
-2.67222e+09
-2.68175e+09
-2.68006e+09
-2.6397e+09
-2.6493e+09
-2.65022e+09
-2.63101e+09
-2.62989e+09
-2.64839e+09
-2.6345e+09
-2.55736e+09
-2.63226e+09
-2.94279e+09
-2.89556e+09
-2.89293e+09
-2.65465e+09
-2.66444e+09
-2.66064e+09
-2.66821e+09
-2.69605e+09
-2.69574e+09
-2.69669e+09
-2.69773e+09
-2.69773e+09
-2.68113e+09
-2.68838e+09
-2.68786e+09
-2.69362e+09
-2.70688e+09
-2.68706e+09
-2.687e+09
-2.74676e+09
-2.6948e+09
-2.75388e+09
-2.74844e+09
-2.78991e+09
-2.85983e+09
-2.74126e+09
-2.80192e+09
-2.79048e+09
-2.91021e+09
-2.7189e+09
-2.79816e+09
-2.74603e+09
-2.82022e+09
-2.81106e+09
-2.80944e+09
-2.75704e+09
-2.81831e+09
-2.81814e+09
-2.78216e+09
-2.81485e+09
-2.80174e+09
-2.80541e+09
-2.77075e+09
-2.77378e+09
-2.76157e+09
-2.77491e+09
-2.74142e+09
-2.73237e+09
-2.72786e+09
-2.6884e+09
-2.66073e+09
-2.63828e+09
-2.61754e+09
-2.57874e+09
-2.6308e+09
-2.605e+09
-2.62564e+09
-2.62541e+09
-2.64763e+09
-2.64693e+09
-2.72373e+09
-2.71937e+09
-2.71205e+09
-2.64476e+09
-2.72744e+09
-2.72564e+09
-2.73144e+09
-2.72505e+09
-2.69473e+09
-2.69312e+09
-2.71474e+09
-2.69106e+09
-2.69345e+09
-2.68705e+09
-2.68331e+09
-2.68293e+09
-2.68235e+09
-2.6839e+09
-2.6816e+09
-2.68184e+09
-2.68229e+09
-2.6806e+09
-2.68102e+09
-2.67931e+09
-2.68072e+09
-2.68018e+09
-2.6777e+09
-2.67966e+09
-2.67313e+09
-2.67431e+09
-2.67309e+09
-2.67784e+09
-2.67215e+09
-2.75288e+09
-2.67005e+09
-2.67084e+09
-2.67224e+09
-2.66839e+09
-2.66801e+09
-2.66807e+09
-2.66818e+09
-2.6676e+09
-2.66788e+09
-2.66794e+09
-2.66691e+09
-2.66725e+09
-2.66684e+09
-2.66669e+09
-2.66669e+09
-2.66669e+09
-2.66577e+09
-2.66351e+09
-2.66205e+09
-2.66522e+09
-2.66157e+09
-2.65072e+09
-2.35452e+09
-2.41607e+09
-2.35446e+09
-2.35432e+09
-2.35542e+09
-2.35452e+09
-2.3551e+09
-2.3545e+09
-2.35458e+09
-2.35458e+09
-2.35457e+09
-2.35453e+09
-2.35457e+09
-2.35456e+09
-2.35455e+09
-2.35454e+09
-2.35454e+09
-2.35454e+09
-2.35454e+09
-2.35453e+09
-2.35454e+09
-2.35454e+09
-2.35453e+09
-2.35453e+09
-2.35453e+09
-2.35453e+09
-2.35453e+09
-2.35453e+09
-2.35453e+09
-2.35453e+09
-2.35453e+09
-2.35454e+09
-2.35453e+09
-2.35453e+09
-2.79256e+09
-2.74315e+09
-2.92879e+09
-2.9371e+09
-2.91209e+09
-2.91904e+09
-2.94962e+09
-2.91333e+09
-2.95308e+09
-2.64781e+09
-2.64761e+09
-2.69994e+09
-2.64621e+09
-2.64747e+09
-2.64781e+09
-2.64317e+09
-2.64414e+09
-2.64257e+09
-2.35453e+09
-2.35453e+09
-2.35453e+09
-2.35453e+09
-2.35455e+09
-2.35453e+09
-2.35455e+09
-2.35452e+09
-2.70137e+09
-2.69796e+09
-2.70164e+09
-2.70428e+09
-2.72127e+09
-2.35453e+09
-2.35453e+09
-2.35453e+09
-2.35453e+09
-2.35453e+09
-2.35454e+09
-2.35453e+09
-2.35453e+09
-2.35454e+09
-2.35453e+09
-2.35453e+09
-2.35454e+09
-2.35454e+09
-2.35454e+09
-2.35453e+09
-2.35455e+09
-2.35455e+09
-2.64503e+09
-2.64404e+09
-2.64243e+09
-2.64295e+09
-2.74521e+09
-2.76165e+09
-2.76979e+09
-2.72816e+09
-2.64852e+09
-2.6479e+09
-2.64916e+09
-2.65271e+09
-2.6529e+09
-2.65214e+09
-2.65413e+09
-2.65305e+09
-2.65468e+09
-2.65433e+09
-2.65427e+09
-2.65575e+09
-2.65563e+09
-2.65547e+09
-2.66293e+09
-2.66349e+09
-2.66762e+09
-2.66864e+09
-2.67125e+09
-2.66882e+09
-2.675e+09
-2.68013e+09
-2.67799e+09
-2.67971e+09
-2.68344e+09
-2.68159e+09
-2.68268e+09
-2.69199e+09
-2.69252e+09
-2.69377e+09
-2.35453e+09
-2.35453e+09
-2.85565e+09
-2.85454e+09
-2.85385e+09
-2.87861e+09
-2.77858e+09
-2.79673e+09
-2.90577e+09
-2.88253e+09
-2.97713e+09
-2.9699e+09
-2.96869e+09
-2.96593e+09
-2.97486e+09
-2.94296e+09
-3.16217e+09
-2.7359e+09
-2.60857e+09
-2.77007e+09
-2.793e+09
-2.69635e+09
-2.67898e+09
-2.70623e+09
-2.68771e+09
-2.71133e+09
-2.71739e+09
-2.68187e+09
-2.68922e+09
-2.65508e+09
-2.65e+09
-2.62956e+09
-2.65433e+09
-2.65643e+09
-2.69283e+09
-2.68455e+09
-2.66806e+09
-2.73092e+09
-2.71654e+09
-2.73475e+09
-2.68372e+09
-2.68698e+09
-2.69753e+09
-2.68996e+09
-2.69531e+09
-2.69528e+09
-2.73422e+09
-2.78567e+09
-2.7805e+09
-2.7695e+09
-2.75508e+09
-2.72381e+09
-2.65764e+09
-2.71869e+09
-2.72133e+09
-2.35456e+09
-2.35456e+09
-2.35457e+09
-2.35455e+09
-2.35457e+09
-2.35455e+09
-2.35456e+09
-2.35453e+09
-2.35454e+09
-2.35454e+09
-2.35453e+09
-2.35453e+09
-2.35453e+09
-2.35453e+09
-2.35453e+09
-2.69487e+09
-2.8406e+09
-2.87357e+09
-2.83612e+09
-2.64421e+09
-2.35453e+09
-2.80903e+09
-2.65978e+09
-2.35451e+09
-2.88128e+09
-2.66736e+09
-2.6798e+09
-2.35454e+09
-2.35454e+09
-2.70133e+09
-2.70316e+09
-2.68241e+09
-2.69125e+09
-2.71102e+09
-2.8011e+09
-2.78661e+09
-2.80254e+09
-2.58074e+09
-2.65956e+09
-2.66521e+09
-2.66647e+09
-2.65744e+09
-2.35508e+09
-2.35481e+09
-2.35463e+09
-2.35453e+09
-2.35453e+09
-2.35454e+09
-2.647e+09
-2.64413e+09
-2.35454e+09
-2.35453e+09
-2.35454e+09
-2.66927e+09
-2.67608e+09
-2.35453e+09
-2.69936e+09
-2.71234e+09
-3.01294e+09
-2.70397e+09
-2.71887e+09
-2.71185e+09
-2.61053e+09
-2.65301e+09
-2.71986e+09
-2.93243e+09
-2.92419e+09
-2.92758e+09
-2.80856e+09
-2.81191e+09
-2.81791e+09
-2.79676e+09
-2.72292e+09
-2.66799e+09
-2.66821e+09
-2.66627e+09
-2.35453e+09
-2.35456e+09
-2.35457e+09
-2.35453e+09
-2.35453e+09
-2.85391e+09
-2.82403e+09
-2.35455e+09
-2.77018e+09
-2.68044e+09
-2.66874e+09
-2.35453e+09
-2.6671e+09
-2.7554e+09
-2.69937e+09
-2.7353e+09
-2.35453e+09
-2.35454e+09
-2.74752e+09
-2.35454e+09
-2.35454e+09
-2.41987e+09
-3.56615e+09
-1.49439e+09
-2.35453e+09
-5.13262e+09
-5.29674e+09
-2.64215e+09
-2.35453e+09
-2.35452e+09
-2.72989e+09
-2.3544e+09
-2.35445e+09
-2.64397e+09
-2.35453e+09
-2.65273e+09
-2.35453e+09
-3.48218e+09
6.44125e+08
-2.32498e+09
-2.39091e+09
-2.78286e+09
-2.82439e+09
-2.84899e+09
-2.83374e+09
-2.77677e+09
-2.40042e+09
-2.67469e+09
-2.66617e+09
-2.67302e+09
-2.66711e+09
-2.66809e+09
-2.67243e+09
-2.65827e+09
-2.65904e+09
-2.64678e+09
-2.35916e+09
-2.6798e+09
-2.35727e+09
-2.35714e+09
-2.35663e+09
-2.35483e+09
-2.68211e+09
-2.35478e+09
-2.68299e+09
-2.35451e+09
-2.35454e+09
-2.3575e+09
-2.35452e+09
-2.35453e+09
-2.35736e+09
-2.35454e+09
-2.93266e+09
-2.64864e+09
-2.71877e+09
-2.66627e+09
-2.64635e+09
-2.35478e+09
-2.35488e+09
-2.35453e+09
-2.71577e+09
-2.35453e+09
-2.35454e+09
-2.35446e+09
-2.66451e+09
-2.7082e+09
-2.71067e+09
-3.05674e+09
-2.70063e+09
-2.73808e+09
-2.77116e+09
-2.78735e+09
-2.78623e+09
-2.59243e+09
-2.64916e+09
-2.69365e+09
-2.66657e+09
-2.65711e+09
-2.36033e+09
-2.35484e+09
-2.35464e+09
-2.3545e+09
-2.35454e+09
-2.76352e+09
-2.35453e+09
-2.35454e+09
-2.64455e+09
-2.35453e+09
-2.80137e+09
-2.35453e+09
-2.35454e+09
-2.65245e+09
-2.80388e+09
-2.66367e+09
-2.67307e+09
-2.68158e+09
-2.70366e+09
-2.71407e+09
-2.70236e+09
-2.92485e+09
-2.6547e+09
-2.69094e+09
-2.35454e+09
-2.35454e+09
-2.35454e+09
-2.35454e+09
-2.83907e+09
-2.85388e+09
-2.83814e+09
-2.83256e+09
)
;

boundaryField
{
    Wall
    {
        type            zeroGradient;
    }
    Inlet
    {
        type            zeroGradient;
    }
    Outlet
    {
        type            fixedValue;
        value           uniform 0;
    }
    Empty
    {
        type            empty;
    }
}


// ************************************************************************* //
