/*--------------------------------*- C++ -*----------------------------------*\
| =========                 |                                                 |
| \\      /  F ield         | OpenFOAM: The Open Source CFD Toolbox           |
|  \\    /   O peration     | Version:  2312                                  |
|   \\  /    A nd           | Website:  www.openfoam.com                      |
|    \\/     M anipulation  |                                                 |
\*---------------------------------------------------------------------------*/
FoamFile
{
    version     2.0;
    format      ascii;
    arch        "LSB;label=32;scalar=64";
    class       vectorField;
    location    "0.40005/lagrangian/kinematicCloud";
    object      U;
}
// * * * * * * * * * * * * * * * * * * * * * * * * * * * * * * * * * * * * * //


150
(
(0.169475 0.164147 -0.0285818)
(-0.318692 -0.24172 -0.227132)
(-0.0468134 -0.0455009 -0.0137392)
(-0.192967 -0.18993 -0.0302167)
(2.71604 -1.9065 -0.294383)
(0.614805 -0.59214 -0.00183918)
(3.25306 0.101106 -0.0497943)
(3.25306 0.101106 -0.0497943)
(3.28023 0.161967 -0.134653)
(3.40664 0.259264 -0.0758033)
(3.40664 0.259264 -0.0758033)
(3.38443 0.251533 -0.0687703)
(3.39182 0.275856 -0.0694041)
(3.38443 0.251533 -0.0687703)
(2.88804 0.102442 -0.118861)
(3.25306 0.101106 -0.0497943)
(3.39182 0.275856 -0.0694041)
(3.39182 0.275856 -0.0694041)
(3.09261 0.18337 -0.049627)
(3.40664 0.259264 -0.0758033)
(3.25306 0.101106 -0.0497943)
(2.88804 0.102442 -0.118861)
(3.39182 0.275856 -0.0694041)
(3.40664 0.259264 -0.0758033)
(3.06974 0.17626 -0.0387086)
(2.88804 0.102442 -0.118861)
(3.40664 0.259264 -0.0758033)
(3.06974 0.17626 -0.0387086)
(3.44124 0.382828 -0.0993107)
(2.88804 0.102442 -0.118861)
(3.30037 0.320129 -0.0750667)
(0.307786 0.308011 -0.020835)
(-0.183371 -0.0393853 0.18175)
(3.25306 0.101106 -0.0497943)
(3.25306 0.101106 -0.0497943)
(0.24177 -0.181243 0.0979279)
(2.36911 2.33424 0.0267038)
(2.31615 2.26541 0.00973807)
(0.173342 0.174121 0.00663138)
(0.164047 0.163265 0.0041417)
(0.170207 0.170849 0.00249933)
(0.337371 0.354654 -0.0424596)
(0.157547 -0.157057 -0.000796566)
(0.161187 -0.161675 -0.00292926)
(2.2662 -2.27435 -0.0262372)
(0.22055 -0.221648 -0.00560694)
(0.230394 -0.226817 -0.00739444)
(2.47325 -2.4716 -0.0370818)
(0.152345 -0.151053 0.00425935)
(2.56315 -2.55216 -0.0499105)
(0.222801 -0.223858 -0.0125937)
(2.80671 -2.81092 -0.140945)
(0.569199 -0.585121 -0.0303616)
(2.5881 -2.68193 -0.164164)
(0.661449 -0.649616 -0.0782404)
(2.85615 -2.85076 -0.207086)
(0.241406 -0.241053 -0.00908293)
(0.242693 -0.242927 -0.0112646)
(0.233845 -0.233674 -0.0067285)
(2.69514 -2.66 -0.314144)
(-0.400662 0.426462 0.227479)
(-0.731595 0.710131 0.323744)
(-0.752708 0.737175 0.398671)
(3.57364 0.337057 -0.083793)
(3.61535 0.787613 -0.0402888)
(2.99803 0.40019 -0.118546)
(3.08074 0.444867 -0.130186)
(3.20243 0.299262 -0.136413)
(3.16191 0.258911 -0.12644)
(3.16191 0.258911 -0.12644)
(3.23483 0.370689 -0.146189)
(3.59434 0.233197 -0.132781)
(3.23483 0.37069 -0.146189)
(3.23483 0.37069 -0.146189)
(2.99801 0.400198 -0.118544)
(3.29272 0.0551702 -0.0252196)
(0.158954 -0.0248075 -0.0645722)
(3.28441 0.0546216 -0.0256443)
(-0.193075 -0.190029 0.0299433)
(-0.210052 -0.218621 0.250746)
(-0.219795 -0.217688 0.0408359)
(-0.374624 -0.398825 0.41977)
(-0.195573 -0.137795 0.415418)
(0.1318 0.133879 -0.00409728)
(-0.192278 -0.188674 0.0408336)
(-0.374624 -0.398825 0.41977)
(0.131938 0.133916 0.00555869)
(-0.204673 0.0395373 -0.153515)
(0.193893 -0.551055 -0.00248327)
(3.25827 0.0986053 0.0399612)
(3.38435 0.251221 0.0668121)
(3.40603 0.258553 0.0742744)
(3.2787 0.160336 0.134693)
(3.2787 0.160336 0.134693)
(3.2787 0.160336 0.134693)
(3.09038 0.183371 0.0475742)
(2.88187 0.101856 0.118084)
(3.39059 0.275378 0.0679756)
(3.38435 0.251221 0.0668121)
(3.39059 0.275378 0.0679756)
(3.39059 0.275378 0.0679756)
(3.09038 0.183371 0.0475742)
(3.09038 0.183371 0.0475742)
(3.40603 0.258553 0.0742744)
(3.25827 0.0986053 0.0399612)
(3.09038 0.183371 0.0475742)
(3.09038 0.183371 0.0475742)
(2.88187 0.101856 0.118084)
(2.88187 0.101856 0.118084)
(3.36721 0.266231 0.0665506)
(0.393862 0.390555 0.0120473)
(0.339523 0.336496 0.0101335)
(3.25827 0.0986053 0.0399612)
(3.05096 0.168735 0.104138)
(3.05096 0.168735 0.104138)
(1.82425 1.77425 0.0723169)
(0.178513 0.175547 0.0053905)
(0.169951 0.170415 0.00919838)
(0.202254 -0.200534 0.00429571)
(0.207712 -0.206308 0.00355091)
(0.157508 -0.157121 0.00269209)
(0.223115 -0.224182 0.012263)
(2.83632 -2.80538 0.142849)
(0.23784 -0.239123 0.0157839)
(0.240341 -0.241986 0.00607212)
(2.69578 -2.66045 0.317001)
(2.9075 -2.92917 0.350374)
(3.49683 0.112602 0.0351399)
(3.49683 0.112602 0.0351399)
(3.49683 0.112602 0.0351399)
(3.49683 0.112602 0.0351399)
(3.49683 0.112602 0.0351399)
(3.49683 0.112602 0.0351399)
(3.57325 0.336693 0.0829871)
(3.55627 0.327115 0.0822484)
(3.55627 0.327115 0.0822484)
(3.55627 0.327115 0.0822484)
(3.55627 0.327115 0.0822484)
(3.55627 0.327115 0.0822484)
(3.12344 0.453558 0.141865)
(3.08056 0.44426 0.130283)
(3.62108 0.491963 0.119694)
(3.20364 0.299225 0.136469)
(3.59341 0.227524 0.134794)
(2.94548 0.34657 0.131203)
(2.94548 0.346573 0.131202)
(3.08055 0.444261 0.130282)
(3.04566 0.424615 0.136219)
(3.23119 0.401516 0.148166)
(3.21689 0.422543 0.147187)
)


// ************************************************************************* //
