/*--------------------------------*- C++ -*----------------------------------*\
| =========                 |                                                 |
| \\      /  F ield         | OpenFOAM: The Open Source CFD Toolbox           |
|  \\    /   O peration     | Version:  2312                                  |
|   \\  /    A nd           | Website:  www.openfoam.com                      |
|    \\/     M anipulation  |                                                 |
\*---------------------------------------------------------------------------*/
FoamFile
{
    version     2.0;
    format      ascii;
    arch        "LSB;label=32;scalar=64";
    class       volScalarField;
    location    "8.8";
    object      p;
}
// * * * * * * * * * * * * * * * * * * * * * * * * * * * * * * * * * * * * * //

dimensions      [0 2 -2 0 0 0 0];

internalField   nonuniform List<scalar> 
2958
(
-7.62994e+34
-2.42694e+29
-1.71946e+29
-2.52682e+34
-1.60886e+29
-1.7195e+29
3.56715e+32
-7.05869e+31
-1.68614e+29
-6.99631e+31
-1.13721e+33
-1.75997e+36
-5.14317e+32
-1.76284e+36
-2.88813e+31
-3.62107e+34
-1.59292e+29
-7.23434e+32
-1.76484e+36
-1.89001e+36
-1.75187e+36
-1.68286e+29
-1.72464e+36
-4.69834e+30
-5.75299e+32
1.15053e+32
-4.29362e+29
-3.51442e+32
-2.5474e+35
-1.36568e+33
7.6379e+32
-1.41813e+29
-1.53719e+36
-1.34202e+29
-2.46948e+31
1.19825e+32
-1.73241e+36
-1.72535e+36
-1.29763e+35
-3.7082e+30
2.57591e+32
1.54858e+32
4.22589e+32
2.69265e+34
-1.75897e+36
-1.71807e+29
-5.22349e+32
-1.41268e+29
-2.54117e+34
-7.38234e+35
-3.94701e+34
-5.4744e+29
-9.58955e+30
-5.15901e+32
-4.29257e+34
-4.19536e+30
-7.38862e+32
-8.79863e+30
-1.72817e+34
2.60809e+32
-3.49053e+34
-7.35354e+34
1.83837e+32
-1.28818e+33
-1.75966e+36
-1.7645e+36
-4.78769e+32
-4.49602e+29
-5.47516e+35
-8.61201e+34
-1.64924e+29
-1.76059e+36
-2.46403e+29
-1.31175e+34
-1.76709e+36
-4.07855e+32
-3.68998e+34
2.11552e+32
-1.72078e+36
-4.57249e+34
-5.42868e+32
-1.67685e+29
-3.12913e+32
-3.14302e+32
3.86784e+34
-4.6445e+32
-1.7146e+29
-4.78808e+32
-2.45337e+29
-1.51178e+36
2.88199e+31
-2.05888e+29
-1.39524e+32
-1.76523e+36
-2.23513e+29
3.13226e+30
-3.48892e+34
-2.90132e+34
-1.76233e+36
-1.76086e+36
-2.51529e+34
-3.16879e+34
8.47196e+29
-1.82072e+29
-1.69933e+36
-4.26564e+35
-1.76049e+36
-2.57649e+34
-1.76015e+36
3.2738e+30
-2.24795e+34
-4.74686e+34
-1.76668e+36
-3.08125e+32
-1.76268e+36
-1.76451e+36
-3.51372e+32
-4.70807e+34
-1.72402e+29
-3.81972e+34
-7.41429e+34
-1.7599e+36
-1.31289e+32
-2.99564e+30
-2.28326e+34
-3.3663e+34
-3.8277e+34
-1.98409e+29
-4.37171e+34
-1.76704e+36
-1.77206e+36
-1.79125e+36
-4.65351e+34
-1.76068e+36
-1.80575e+36
-1.76156e+36
-2.65723e+32
1.49049e+36
-1.76026e+36
-1.76225e+36
-1.70745e+35
-1.89482e+29
-1.74381e+36
-1.76421e+36
-3.52562e+34
-1.6325e+29
-1.7675e+36
-1.75672e+36
-1.84397e+29
-1.75981e+36
-1.88421e+36
-3.50601e+34
-1.97883e+32
-6.38356e+35
-1.24723e+33
-1.82321e+36
-1.65156e+36
-4.29376e+34
4.92528e+32
-4.42186e+30
-1.26188e+33
-1.619e+32
-2.65719e+33
-1.75952e+36
-2.33997e+30
-9.29082e+34
-1.11885e+36
-1.76326e+36
-2.45817e+30
-1.72341e+29
-1.358e+29
-1.76052e+36
-1.7333e+36
-2.62959e+29
-1.72087e+36
-1.72259e+29
-1.70384e+29
-2.40663e+29
-8.32963e+35
-5.47595e+35
-1.04078e+36
-1.79325e+29
-7.83531e+32
-2.47432e+34
-2.39901e+29
-1.79112e+29
2.4897e+29
-1.76013e+36
-1.69516e+29
-2.38797e+34
-1.55756e+29
-9.09686e+29
-1.70021e+29
-3.29415e+30
-4.62889e+29
-2.51133e+35
-2.32515e+29
-1.35941e+29
-2.13854e+34
-2.7331e+30
-2.27191e+31
-1.76068e+36
-9.79313e+34
-2.50959e+29
5.32463e+30
2.40323e+32
-1.29078e+35
2.43013e+32
-1.71698e+29
-2.54068e+34
-1.76294e+36
-1.51164e+36
-1.77784e+36
-2.18111e+29
-1.76904e+36
-1.67301e+29
-1.20051e+33
-1.76215e+36
-1.7623e+36
-1.76275e+36
-1.76357e+36
-2.47178e+29
5.70813e+32
-1.7416e+29
-2.33809e+34
-4.03868e+34
-3.46605e+32
-1.76232e+36
-1.74687e+29
-1.5359e+29
-6.91219e+29
-1.47316e+29
-1.80016e+29
-1.66229e+29
-2.53307e+35
-1.76362e+36
-1.76715e+36
-3.79799e+34
-1.76717e+36
-2.83876e+34
-1.76482e+36
-2.84689e+34
-3.53665e+34
-3.39054e+32
5.20641e+33
1.65996e+32
-3.5292e+31
-3.27133e+32
-8.78303e+32
-7.68615e+33
-1.30403e+32
-4.60087e+31
-1.53017e+33
-1.64996e+29
-2.69185e+34
-3.23722e+29
-1.14598e+34
-1.84336e+29
-4.60569e+33
-1.67404e+29
-3.64899e+34
-1.69742e+36
-1.59597e+29
2.59646e+32
-1.25316e+36
-3.23914e+32
-7.52618e+31
-9.66664e+33
-1.06051e+36
-1.67967e+36
-1.73024e+36
-1.72152e+29
-1.04759e+34
-1.73249e+36
-2.14666e+29
-1.04375e+34
-1.76369e+36
-1.63203e+29
-1.75473e+36
-1.94749e+29
-1.76011e+36
-1.7675e+36
-1.25283e+36
-3.27964e+32
-1.41801e+29
-1.76108e+36
-6.27258e+35
-3.40862e+34
-2.4291e+34
-1.98055e+33
-4.70497e+30
-1.22576e+29
-1.76316e+36
-1.75774e+36
-6.53592e+32
-1.68754e+29
-1.76222e+36
-3.64526e+34
-1.76231e+36
-7.9137e+32
-9.13084e+32
-1.59312e+29
-1.84344e+29
-1.67251e+29
-3.54405e+34
-2.27404e+29
-2.16369e+34
-1.6974e+36
-9.95561e+32
-3.42776e+34
-1.76276e+36
-3.57403e+34
-3.74257e+34
-1.76359e+36
-1.88471e+29
-2.33912e+34
-1.61569e+29
6.09215e+32
-1.73146e+29
-9.88754e+33
-1.62825e+29
-1.70767e+29
-3.11816e+33
-4.90717e+29
-1.7232e+29
-1.67961e+36
-4.85312e+34
-1.71452e+36
-2.45166e+34
3.46317e+32
-1.70988e+29
-7.73781e+32
-1.7486e+36
-1.76074e+36
-1.712e+29
-1.76049e+36
-2.74172e+34
2.43085e+32
-2.74253e+34
-1.7622e+36
-5.30766e+32
-1.84233e+29
-1.56076e+29
-1.65695e+29
-1.76045e+36
-7.58987e+29
-1.76044e+36
-5.73743e+30
-4.27555e+34
-3.48589e+34
-7.13757e+30
-4.70491e+30
-1.3931e+29
-3.11893e+34
-7.66614e+29
-4.59693e+33
-1.76274e+36
-4.93848e+33
-1.71493e+29
4.71755e+34
3.44016e+32
-4.09759e+34
-2.52734e+34
-7.221e+35
-1.54493e+33
-1.28014e+29
5.35665e+32
-3.40764e+34
-3.40464e+34
-1.40747e+29
-2.80102e+30
-1.59789e+29
-1.76272e+36
-2.66505e+34
-2.8362e+33
9.56402e+28
-4.35158e+34
-3.46329e+30
-1.56744e+29
-1.70651e+29
-3.58645e+34
-1.93078e+32
-1.76957e+36
-4.09958e+33
-1.68092e+29
-1.66461e+36
-9.60555e+33
-1.35978e+29
-1.58793e+36
-1.78621e+36
-6.6612e+31
-1.76172e+36
7.60576e+34
-1.67294e+29
-3.30991e+34
-2.86891e+34
3.46348e+32
-1.7629e+36
-1.77017e+36
-1.53178e+29
8.07355e+34
-1.0299e+34
-1.6675e+29
-2.44472e+34
-4.33067e+34
-3.53481e+34
-3.1228e+29
-5.22723e+32
-3.8149e+34
-4.27534e+34
-7.64537e+34
-5.92029e+32
-1.49838e+33
-8.88024e+28
-1.94982e+29
-1.52627e+29
-1.62031e+29
5.88688e+30
2.80462e+34
2.76154e+34
-1.759e+36
2.07703e+32
-1.59314e+29
1.82469e+32
-1.67794e+32
-1.58712e+36
-2.01685e+29
-1.69181e+32
-3.92207e+34
-1.95783e+29
-1.59772e+29
-5.14827e+34
-2.55752e+29
-3.79791e+30
-3.7821e+30
-1.66006e+29
-1.59541e+29
-2.85064e+30
-3.56677e+34
-1.75577e+36
-1.63508e+29
-1.81057e+29
-4.02828e+34
-7.18515e+34
-1.70116e+29
-1.56929e+36
-1.71226e+36
-1.35536e+29
-1.77254e+36
-1.7121e+29
-1.71712e+36
-1.50341e+29
-4.07029e+31
-5.20414e+29
-3.57961e+34
-3.01669e+34
-1.76324e+36
-8.94963e+33
-1.64585e+29
-1.76263e+36
-2.55723e+29
-2.3876e+34
-4.50927e+34
-1.01348e+33
-4.25774e+33
8.06974e+32
-1.4092e+29
-5.86032e+32
-6.15785e+33
-2.89556e+35
-1.00168e+33
-1.75998e+36
-8.80108e+32
-1.7166e+29
-1.96514e+33
-1.65289e+29
-1.36819e+32
-1.65719e+29
-1.71148e+29
-3.55605e+32
-7.07707e+32
-3.54519e+29
-1.75978e+36
-1.0408e+36
1.843e+29
-4.61429e+33
-1.21221e+33
-1.82415e+32
-1.38868e+29
-4.90164e+34
-1.7517e+29
-8.06129e+29
-2.52792e+34
3.17302e+33
-1.69108e+29
-3.67563e+34
-7.33244e+32
-1.76436e+36
-1.76536e+36
-1.76733e+36
-1.69701e+29
-1.76442e+36
-1.7597e+36
-3.57318e+34
-2.36228e+31
-1.76368e+36
-2.16533e+34
-8.18031e+29
-3.15862e+34
-3.49123e+34
-1.7639e+36
-1.76437e+36
-2.31821e+34
-1.76484e+36
-4.74087e+34
-4.62273e+34
-1.38778e+29
-2.91753e+35
-1.72901e+29
-3.54028e+34
-1.35848e+36
-1.72139e+29
9.8329e+34
-1.76643e+29
-3.45693e+34
-2.52558e+34
-2.27157e+29
-1.6976e+36
-3.53863e+32
-3.22757e+34
-3.67761e+32
-1.51126e+36
7.78173e+28
-1.77522e+36
-2.50608e+35
5.8377e+32
-1.27802e+29
-3.27789e+29
-3.54823e+34
-5.85749e+32
-1.43499e+35
-1.21518e+33
-1.76015e+36
-3.01322e+34
-1.76791e+36
-2.50631e+35
-3.59062e+32
-1.72363e+36
-1.76319e+36
-2.40572e+29
-1.76558e+36
-1.76378e+36
-2.2481e+29
-7.78233e+34
-1.66159e+29
-3.41424e+33
-1.43e+35
-4.54968e+34
-2.16426e+32
-2.76806e+35
-7.25005e+33
-2.78723e+29
-3.20797e+34
4.61669e+34
-4.12883e+34
-4.25228e+34
-1.76058e+36
-3.61634e+33
-2.82541e+34
-4.19539e+34
-7.83271e+34
-7.6991e+33
-1.76279e+36
-1.76472e+36
-1.76643e+36
-2.25218e+29
-1.76486e+36
-1.25522e+36
-1.75288e+36
-2.18562e+33
-1.93047e+29
-1.90528e+29
-5.06627e+32
-2.38992e+29
-3.54899e+34
-1.72751e+36
-1.76874e+36
-1.76381e+36
-1.95095e+29
-8.6479e+32
-1.76245e+36
-1.76255e+36
-4.56175e+31
-3.39683e+35
-1.58746e+36
-1.36797e+35
-5.00956e+34
-1.59317e+35
5.17568e+33
-1.2034e+36
-1.74911e+36
2.0283e+33
-1.66645e+36
-3.57595e+34
-1.76635e+29
-4.08787e+34
-2.40316e+35
-8.62855e+34
-1.60126e+36
-1.76059e+36
-3.4915e+34
-7.39008e+35
-1.75642e+36
-1.76219e+36
-3.52595e+34
-3.39227e+30
1.18976e+32
-2.2569e+29
-1.75891e+36
2.16079e+32
-3.30771e+34
-3.40517e+34
-1.43287e+35
-1.64645e+29
-3.69838e+33
-1.76744e+36
-1.69955e+29
-2.33097e+33
-1.7966e+33
-1.76203e+36
-3.82953e+34
-1.7619e+36
-1.67932e+29
-1.76251e+36
1.09936e+35
-4.13788e+33
-1.73354e+36
-1.72649e+29
-1.28805e+35
3.99545e+32
-1.7678e+36
-4.98913e+34
-2.90728e+35
-1.73305e+36
5.82041e+33
-2.40453e+35
-1.83691e+29
-1.79137e+36
-4.54442e+33
-1.76307e+36
-1.7581e+36
-7.33346e+34
-1.85721e+35
-1.67306e+29
-1.3334e+33
-1.41983e+29
-2.36753e+29
-1.6015e+36
-1.69576e+29
-1.37707e+29
-1.59469e+29
-1.60209e+36
-1.77281e+36
-1.76963e+36
-1.2016e+36
-1.76855e+36
-1.63429e+29
-1.76731e+36
-3.44189e+34
-1.8304e+32
-1.41176e+29
-1.40431e+29
8.71534e+30
-2.4272e+34
-1.70108e+29
-3.66907e+29
-4.39071e+34
2.17415e+32
-1.79146e+36
-1.76367e+36
-1.66943e+29
-2.18094e+30
-1.76378e+36
-2.01628e+29
-1.76125e+36
-1.69195e+29
-1.75248e+29
-4.19429e+34
-3.54859e+34
-2.15372e+29
-1.05769e+36
-3.00726e+29
-3.42133e+34
-3.54622e+34
-6.49201e+34
-1.58749e+36
-9.63185e+30
-4.58433e+34
-3.54618e+34
-1.75784e+36
-1.77263e+36
-3.48936e+34
-4.1776e+33
1.0183e+32
-3.54919e+34
-4.16251e+32
-1.64886e+29
-2.45513e+34
-2.83991e+30
-1.62739e+29
-1.50144e+29
-1.63727e+29
-1.63538e+29
4.20178e+34
-4.27705e+34
-2.93006e+32
-1.34656e+32
-4.43349e+34
-2.33777e+30
-1.65998e+29
-4.89861e+35
-1.83501e+36
-1.62037e+29
-1.24282e+35
-1.76539e+36
-3.24468e+29
-1.76067e+36
-2.36743e+34
6.08338e+32
-2.17293e+36
-2.4152e+34
-2.24572e+34
1.23652e+32
-2.44952e+29
-1.32225e+36
-2.0134e+31
-4.98975e+34
-6.39436e+34
-1.75168e+36
1.48271e+32
-4.55736e+34
1.55311e+32
-2.38209e+34
-2.17542e+33
-8.26286e+33
-1.58746e+36
-3.25011e+34
1.08782e+32
-2.39819e+29
-3.16016e+34
-2.90067e+34
-1.04039e+36
-1.75955e+36
-2.51799e+34
2.13308e+32
2.14363e+32
-6.80631e+32
3.72193e+34
-2.90767e+35
-3.6136e+34
-1.76785e+36
-1.76487e+36
-1.7637e+36
-3.24904e+34
-1.62148e+29
-1.76242e+36
-5.02082e+34
-1.76219e+36
-3.25004e+34
-1.74638e+36
-1.78182e+36
-3.61836e+29
2.41263e+32
-3.56711e+34
-1.76205e+36
-1.76273e+36
-1.70804e+35
-1.88019e+36
-1.7613e+36
-1.76257e+36
-2.02495e+29
-1.761e+36
-3.40036e+34
-3.487e+34
-1.76828e+36
-8.40253e+28
2.52968e+35
-1.777e+36
-2.32258e+29
-1.18155e+34
-7.06363e+33
-5.99952e+34
-3.66274e+34
-7.35259e+32
-5.47476e+35
-1.65719e+29
-1.58791e+36
-3.75679e+33
2.18736e+32
-4.59269e+34
-1.74584e+29
-1.71666e+36
-3.86178e+34
-2.52605e+34
-5.77556e+32
-1.70108e+35
1.54021e+36
-3.17186e+32
-2.42488e+29
-2.76701e+35
-1.60933e+29
6.31764e+32
-1.24956e+33
-1.76249e+36
-2.05597e+32
-3.51141e+34
-1.61392e+29
-6.26675e+32
-2.75496e+34
-2.45023e+34
-4.10301e+32
-3.62241e+34
-6.41129e+32
2.04676e+32
-2.11605e+33
-1.86642e+29
-3.48842e+34
-3.5307e+34
-2.12908e+29
-3.61896e+31
-4.84904e+29
-3.70797e+32
-3.47902e+34
-2.24767e+34
-1.68785e+34
-2.27513e+29
-3.1782e+32
-1.76158e+36
-4.48008e+30
-3.4858e+32
-3.51315e+34
-2.71554e+33
-1.75785e+36
-1.74057e+36
-1.74962e+36
-3.61629e+34
-3.79377e+33
-3.269e+35
-3.83046e+32
-2.18221e+30
4.11869e+34
1.5786e+36
-1.59728e+31
-1.67849e+29
-2.16453e+29
-4.05651e+32
-1.66104e+29
-1.76043e+36
-3.25434e+32
-4.01865e+32
-1.68926e+29
-1.22593e+29
-2.28238e+31
-3.16526e+34
-2.38844e+34
-3.27021e+35
-1.71624e+29
-1.02615e+31
-1.79458e+36
-1.37277e+32
-1.66803e+31
-1.75916e+36
-2.40957e+29
-2.4564e+34
-2.16615e+34
-1.6618e+29
-1.42924e+29
-1.76394e+36
-1.7405e+36
-1.55845e+33
-1.76428e+36
-1.76424e+36
-1.76246e+36
-1.28433e+29
-3.18532e+34
-7.39171e+35
-1.58988e+29
-8.33448e+35
-3.77269e+34
-3.81108e+29
-2.4281e+34
-3.95228e+34
-1.67377e+29
-1.76156e+36
-1.73279e+29
-4.52031e+31
-7.78691e+32
-3.45073e+32
-1.72017e+29
-3.70467e+30
-1.75129e+29
-2.38072e+34
-1.76451e+36
-1.01605e+31
-1.6453e+29
-1.22366e+29
-1.66148e+29
-2.25261e+29
-1.56547e+29
-1.77512e+36
-5.05189e+32
-2.56844e+29
-8.87926e+31
-1.36889e+29
-1.78488e+31
-1.38566e+29
-3.25438e+30
-1.35823e+36
-1.73588e+29
-8.89853e+32
-1.36195e+29
-1.96364e+29
6.6811e+29
-4.53193e+33
-6.17996e+32
-1.72497e+29
-2.51065e+29
-2.44757e+32
-1.80024e+29
-2.41324e+29
-3.33164e+29
-1.83303e+31
-3.18121e+29
-2.67785e+34
-9.31586e+32
-2.35656e+29
-4.10603e+33
-1.70931e+29
-3.32434e+32
-1.74419e+29
-3.29944e+32
-1.64673e+29
-1.76414e+36
-4.69087e+34
-1.20094e+36
-1.60444e+29
-3.01677e+34
-1.14393e+33
-1.70494e+35
-1.76671e+29
-1.01465e+31
-2.01554e+29
-6.39928e+34
-2.46251e+34
-2.23158e+30
-1.75397e+29
-6.3995e+34
-1.37863e+32
6.95191e+32
-1.76111e+36
-1.76443e+36
-1.59557e+29
-1.69458e+29
-1.65018e+29
-1.76107e+36
-3.60962e+34
-1.59938e+35
-5.20029e+29
-8.17528e+33
-3.01643e+34
-1.83991e+29
-3.1938e+32
-2.44696e+34
-1.76557e+36
-1.71476e+29
-1.76174e+36
-4.1328e+33
2.14903e+32
-8.08033e+31
2.25121e+32
-1.79676e+36
-5.13961e+32
-1.76063e+36
-1.05911e+36
3.7768e+30
-1.67008e+29
-1.51635e+33
-1.53136e+34
-3.22295e+29
-8.55437e+29
-4.13963e+29
-3.25558e+32
-1.07957e+34
-1.71185e+29
-1.47218e+29
-3.24395e+34
-3.70644e+32
-1.65086e+29
-1.21676e+29
6.56534e+28
-1.74767e+29
-2.45841e+29
-1.70106e+29
-2.13228e+33
-1.41881e+29
-3.50457e+34
-3.32923e+34
-3.49772e+34
6.57481e+34
-1.7439e+36
3.44363e+32
-1.66987e+29
-1.8023e+36
-2.45208e+34
-1.46786e+29
2.38429e+35
-1.76073e+36
-9.44558e+30
-1.24693e+35
-1.32178e+36
-2.34642e+33
-5.79538e+31
-2.44761e+34
-3.16537e+32
-1.21753e+29
7.04554e+34
-4.75387e+34
-4.34104e+34
-7.51608e+29
-2.5213e+34
-1.77009e+36
-3.26745e+35
1.08151e+30
-4.81006e+34
-1.76465e+36
-1.76366e+36
-2.2239e+33
-1.76131e+36
-1.76274e+36
-1.56948e+36
-3.62078e+34
-1.32439e+35
-1.76476e+36
-1.7607e+36
-1.70998e+29
-1.67946e+36
-4.36215e+34
-4.82439e+33
-2.33742e+34
-1.76376e+36
-9.15313e+32
-2.62034e+34
-2.82912e+35
-1.73448e+29
-1.653e+36
-3.53842e+34
-1.76376e+36
-3.99822e+34
-1.7607e+36
-1.76894e+36
-1.76507e+36
-8.65097e+34
3.34842e+33
-1.58747e+36
-3.88421e+32
-4.59318e+32
-2.25297e+29
-8.85212e+33
-2.80795e+30
-1.65767e+29
-1.76166e+36
-1.78703e+29
-1.77141e+36
-2.47859e+34
-3.40402e+34
-1.76462e+36
-7.14135e+30
-5.15459e+31
-2.57643e+34
1.38584e+30
-9.79436e+30
-3.5846e+32
-1.06025e+36
-1.4994e+29
-3.82869e+34
-1.73242e+36
-8.13553e+32
-2.48886e+29
-1.80184e+33
-2.19823e+33
-2.10515e+31
-1.32276e+33
-7.21643e+35
-3.12158e+30
-4.62369e+31
-1.76062e+36
3.44024e+32
-1.71058e+29
-2.24192e+34
-1.70072e+29
-1.83374e+33
-1.71984e+29
-1.71933e+29
-1.76167e+36
-1.66104e+29
-3.22375e+31
-1.42152e+29
-1.83438e+36
-7.74956e+30
-1.76076e+36
-1.76341e+36
-1.76093e+36
-1.76044e+36
-2.04964e+29
-2.24749e+29
-1.68794e+29
-3.58084e+34
-1.71671e+29
-1.48575e+29
-1.71456e+29
-1.6212e+29
-1.73441e+29
-1.82044e+29
-7.39953e+32
-1.08212e+33
-3.4679e+34
-7.92222e+32
-1.72796e+29
-1.72582e+29
-1.6334e+29
-1.76801e+36
-2.83054e+35
-3.05671e+31
-4.92589e+29
-4.15066e+30
1.00668e+32
-1.37256e+35
-6.38736e+33
-1.76464e+36
-1.77145e+36
-6.54157e+34
-1.7403e+36
4.74239e+34
-1.9191e+31
-2.78276e+33
-5.25867e+31
-2.11101e+31
-4.4967e+34
-2.72111e+29
-2.78379e+34
-1.78237e+36
-1.54922e+31
-5.46058e+30
-1.4567e+30
-6.98578e+30
-2.58662e+34
-4.19022e+33
-5.74446e+31
-4.25349e+34
-1.755e+36
1.73935e+32
-6.22235e+30
-1.74329e+31
-1.30867e+29
-4.32946e+34
-2.61554e+34
-2.89389e+35
-4.51088e+34
-4.89788e+35
-1.29562e+29
-1.76573e+36
-3.55418e+34
-4.8987e+35
-1.07325e+31
-1.77259e+36
-1.78097e+36
-4.53451e+34
-6.51255e+33
-1.49462e+32
-1.05273e+34
1.2094e+32
-1.58249e+29
-1.76134e+36
-1.59735e+32
-2.83089e+35
-1.73322e+36
-3.54185e+34
-1.758e+36
-4.54152e+32
-3.76414e+29
-1.76094e+36
-4.22985e+34
-2.65768e+34
-3.89748e+34
-9.41914e+31
-1.41923e+32
-1.74513e+36
-4.04512e+34
-1.76166e+36
-1.12421e+34
-1.39414e+31
-2.48532e+34
-3.16715e+32
-1.7509e+36
-1.7667e+29
-3.76916e+34
-2.50929e+34
-1.75336e+36
-2.08218e+31
-1.28265e+32
-3.71517e+34
-1.72422e+36
-4.70864e+32
-9.74256e+29
-1.99048e+34
-3.39823e+30
-3.2859e+32
-3.64497e+34
-1.40993e+33
-5.57291e+32
-1.76388e+36
-2.63022e+30
-1.5326e+33
-1.71331e+32
-4.59093e+34
-1.32753e+33
-1.52916e+29
-1.72907e+29
-1.71287e+36
-1.31232e+33
1.06827e+30
-1.76972e+36
-4.3126e+34
-1.74367e+36
-5.17743e+31
-1.77292e+36
-1.72905e+29
-1.8128e+29
1.06843e+32
-4.30353e+29
-3.77081e+30
-1.75792e+36
-1.87818e+29
-2.0556e+33
-3.26746e+32
-6.29588e+31
-1.56618e+29
-3.83975e+34
-7.85945e+32
-1.7685e+36
-1.76456e+36
5.59324e+31
7.41716e+31
-1.76436e+36
-1.72565e+36
-3.03911e+29
-9.81254e+33
-3.34408e+29
-1.5988e+29
-2.98003e+30
-1.72282e+29
-1.02888e+31
-4.61047e+34
-3.14382e+29
-1.72077e+29
-4.7887e+33
-4.27545e+30
-3.91559e+34
-1.11974e+33
-1.5979e+29
-2.5874e+30
-1.35858e+29
-1.8059e+33
-3.66518e+34
-2.30029e+31
-2.37103e+29
-1.67705e+29
-1.69637e+29
-1.70261e+29
2.08198e+32
-1.71454e+29
-2.50657e+34
-1.72948e+29
-1.34911e+35
-5.96557e+29
8.29608e+34
-2.53887e+34
-5.69151e+29
6.20813e+33
-1.78562e+36
-1.69527e+29
-8.22026e+33
-1.76271e+36
-1.09912e+33
-4.42641e+32
-4.14749e+32
-1.08922e+33
-1.68023e+29
-8.79534e+32
-1.68095e+29
-1.69766e+29
-1.60619e+33
-4.85088e+32
-1.60204e+29
-4.18627e+34
-3.53334e+34
1.04676e+30
-3.54229e+34
-1.69957e+29
-1.763e+36
-2.57794e+30
-2.76769e+34
-1.76451e+36
-3.04713e+34
-1.41085e+33
-2.10006e+29
-3.95793e+34
-3.71868e+32
-3.61286e+32
-2.38663e+29
-1.17684e+36
-3.45461e+34
-3.4583e+32
-1.47324e+29
-2.36818e+34
2.61932e+34
-3.71593e+34
-3.37997e+32
-1.71929e+29
-2.42711e+29
-1.73393e+36
-2.86859e+34
-1.76053e+36
-3.70779e+32
-1.76112e+36
-2.87032e+34
-1.76071e+36
-4.87264e+33
-1.58291e+29
-1.32146e+36
-1.7564e+36
-3.73562e+30
-1.76225e+36
-1.80877e+36
-4.56811e+34
-1.76174e+36
-1.72299e+29
-1.72923e+36
2.24535e+35
-1.76057e+36
-9.73083e+30
-2.43815e+34
-1.15956e+34
-1.76354e+36
-7.37032e+31
-4.23694e+35
-2.66087e+34
-1.76432e+36
-2.43622e+29
-1.76397e+36
-3.13383e+32
-1.7607e+36
-1.35844e+31
-2.66195e+34
-1.77077e+36
-2.48645e+34
-2.69904e+34
-5.34926e+33
-1.61144e+29
-4.201e+35
-1.61212e+29
-1.64981e+29
-1.77643e+36
-5.64441e+31
-1.77083e+36
-1.72564e+36
-4.39237e+29
4.63324e+34
-1.80713e+36
-1.62486e+31
-1.53715e+36
-8.82479e+30
-1.32957e+34
-2.57595e+29
-1.64651e+29
-4.07638e+34
-2.45036e+34
-1.65535e+29
-6.58683e+31
-1.55557e+29
-1.76343e+36
-1.75697e+36
-9.71755e+31
-2.27204e+29
-6.10235e+34
-2.04721e+29
-9.35108e+31
-2.18428e+36
-1.75611e+36
-2.04724e+29
-2.0477e+29
-1.56656e+33
-1.59302e+29
-1.54682e+32
-1.96655e+29
-1.65675e+29
-1.65267e+36
-1.76405e+36
-1.76407e+36
4.43204e+32
-1.68654e+29
-1.69717e+29
-1.97791e+32
-1.30304e+32
-9.34271e+30
-7.7554e+31
-3.48529e+31
-9.14824e+30
-2.80604e+30
-1.76774e+36
-2.76289e+35
-7.6604e+33
4.84232e+34
-1.68271e+29
-1.5825e+29
-1.761e+36
4.7141e+34
-1.28425e+35
-7.21244e+34
-1.76606e+36
-3.39687e+33
-1.28158e+29
-6.61798e+32
-1.76608e+36
-3.65865e+30
-2.76462e+30
-1.76501e+36
-1.76769e+36
-1.76469e+36
-1.76535e+36
-1.76271e+36
-1.76408e+36
-2.71948e+29
-3.34463e+33
-4.66377e+30
-8.52727e+31
-2.43788e+31
2.98634e+31
-1.66132e+29
-4.78091e+34
-1.75431e+36
-1.73123e+36
-5.90775e+31
-3.35445e+32
-1.76449e+36
-2.13324e+33
-1.41336e+29
-1.76164e+36
-1.77993e+35
-5.99593e+34
-1.43313e+29
-1.7583e+29
-1.41362e+29
1.23443e+32
-1.22195e+29
-4.47599e+30
-3.48781e+34
-9.31839e+29
4.28655e+34
-1.75645e+36
-1.69647e+36
-3.7446e+29
-3.60875e+34
-1.76942e+36
-7.14733e+30
-2.40643e+34
-2.24828e+34
-1.75984e+36
-8.22267e+31
-2.33611e+30
-2.4486e+29
-3.29572e+34
-3.90051e+29
-2.98035e+34
-1.76093e+36
-4.22614e+34
-1.62207e+29
-2.17729e+30
-8.208e+28
-4.55091e+29
-3.48535e+30
-1.76227e+36
9.75306e+34
-1.74417e+35
-6.22146e+33
-3.47977e+34
-3.50773e+34
-1.70081e+29
-1.71421e+29
-1.45967e+29
-1.69696e+29
-3.93388e+33
-3.41988e+34
-5.25997e+34
-1.73205e+29
-4.57023e+34
-1.65666e+29
-4.86953e+33
-3.50589e+34
-1.44695e+32
-1.72884e+36
-1.76443e+36
-1.22886e+29
-1.68154e+29
-1.26649e+29
-4.3371e+34
-1.50273e+29
-1.66199e+29
-2.46688e+29
-1.60014e+29
-1.66611e+36
-1.05948e+36
-1.69741e+29
-8.32761e+35
-2.42261e+29
-4.35053e+34
-1.73136e+36
-3.54219e+34
-3.00862e+34
-7.22001e+35
-1.66174e+29
-1.36227e+29
-1.76096e+36
-5.3977e+29
-1.50299e+29
-4.81493e+33
-6.46244e+31
-3.63165e+32
-1.75987e+36
-6.77928e+33
-1.36197e+29
-1.41167e+33
2.37103e+32
9.1184e+34
-1.76142e+36
-3.06107e+34
-1.76057e+36
-1.67147e+29
-1.65631e+29
-2.8722e+29
-1.61255e+33
-4.73516e+34
-4.06075e+33
-1.76505e+36
-3.41944e+35
-2.43435e+29
-3.53031e+34
1.07819e+35
-2.46945e+34
1.05772e+35
-2.51089e+35
-4.88115e+34
-3.40606e+35
-2.57133e+30
-1.79011e+29
3.04493e+33
-1.72788e+29
-7.22321e+34
-1.76335e+36
-1.11903e+36
-1.71901e+29
-2.79516e+33
-2.24562e+29
-1.11921e+36
-2.23786e+29
-1.78716e+29
-1.38899e+29
-2.05847e+29
-3.01743e+34
-3.5909e+34
-2.43307e+29
-3.44643e+34
-1.76381e+36
-1.76362e+36
-1.76339e+36
-1.76432e+36
-1.24708e+35
-1.76259e+36
-1.76118e+36
-4.99267e+34
-2.90273e+34
-1.7646e+36
-2.45155e+34
-3.18878e+34
-1.76675e+36
-3.79876e+34
-3.235e+34
-3.15934e+32
-2.33925e+34
-1.12667e+30
-3.15097e+34
-2.34848e+29
-1.5695e+36
-2.89285e+35
-2.73884e+34
-3.71714e+34
-1.60199e+29
-1.76363e+36
-3.58204e+34
-3.80022e+34
-5.11455e+33
-6.65685e+33
-7.68745e+33
-1.76529e+36
-1.79876e+36
-2.75277e+33
-1.76048e+36
-1.76824e+36
2.4284e+32
-1.66124e+29
-1.76402e+36
-3.9252e+34
-1.76141e+36
-1.43807e+35
-4.29543e+31
-1.76449e+36
-4.90797e+34
-1.80073e+29
-4.71524e+30
-1.66543e+29
-1.69043e+29
-1.67889e+29
-1.67954e+29
-1.69136e+29
-1.53597e+29
-3.84266e+34
-6.68701e+30
-4.29747e+34
-1.48499e+32
-1.76424e+36
-1.58724e+29
-1.75491e+36
-6.3318e+35
-2.94236e+30
-3.22569e+32
-3.18701e+32
-1.6974e+36
6.10587e+32
-1.68659e+29
-1.80873e+29
-1.67094e+36
-1.66541e+36
-1.67724e+36
-1.75314e+36
-1.75361e+36
-1.75387e+36
-3.69299e+32
-4.77859e+32
3.78564e+32
2.61781e+32
3.20913e+32
2.72009e+32
-4.80469e+29
-5.81585e+29
-5.82009e+29
-2.17444e+30
-6.33144e+29
-5.52416e+29
-6.19879e+29
-1.60856e+30
-1.49073e+29
-1.48446e+29
-1.18643e+29
-1.37563e+29
-1.50371e+29
-4.72897e+32
-8.71693e+31
-1.25051e+32
-9.02158e+31
-2.05789e+32
-4.26777e+32
-1.4454e+32
-2.21465e+32
-8.17524e+33
-2.39756e+34
-2.42383e+34
-2.4382e+34
-2.15527e+29
-1.76355e+36
-2.16316e+29
-1.78227e+36
-2.99272e+30
-2.24956e+29
-1.78042e+36
-1.7633e+36
-1.76954e+36
-1.76355e+36
-1.76646e+36
-1.75977e+36
-1.73376e+36
-1.75376e+36
-1.75966e+36
-1.76053e+36
-1.76159e+36
-1.75689e+36
-1.75774e+36
-1.7601e+36
-1.75712e+36
-1.76883e+36
-1.76911e+36
-1.767e+36
-1.76621e+36
-1.77015e+36
-1.76375e+36
-1.76225e+36
-1.76954e+36
-1.76355e+36
-1.58676e+36
-1.58758e+36
-2.38122e+34
-2.36688e+34
-2.42169e+34
-2.43949e+34
-2.4822e+34
-2.51021e+34
-3.12313e+34
-3.12452e+34
-3.64027e+34
-3.64855e+34
-3.30402e+34
-3.60324e+34
-3.85461e+34
-3.8676e+34
-3.60571e+34
-3.86343e+34
-3.70831e+34
-3.87391e+34
-3.86956e+34
-3.6747e+34
-3.50797e+34
-3.42536e+34
-3.53932e+34
-3.42825e+34
-3.41561e+34
-3.3594e+34
-2.49866e+34
-2.6243e+34
-1.57642e+34
-1.92641e+34
-1.62096e+34
-1.05452e+34
-9.40932e+33
-9.1976e+33
-4.57381e+33
-1.57593e+33
-1.72148e+33
-1.25173e+33
-1.16643e+33
-1.08522e+33
-1.00677e+33
-9.05343e+32
-6.04011e+32
-5.51826e+32
-6.39009e+32
-6.07808e+32
-5.42401e+32
-6.0887e+32
-5.03329e+32
-5.07231e+32
-5.05762e+32
-4.30619e+32
-4.29193e+32
-4.49922e+32
-3.73543e+32
-3.94706e+32
-3.18074e+32
-2.62547e+31
-3.18326e+31
-2.61979e+31
-2.26068e+31
-1.05803e+36
-1.47122e+30
-1.46898e+30
-5.94481e+29
-5.94423e+29
-7.30271e+29
-3.28156e+29
-3.28479e+29
-3.27819e+29
-4.28193e+29
-2.51276e+29
-2.70941e+29
-1.70262e+29
-1.70115e+29
-1.70213e+29
-1.75095e+29
-1.68726e+29
-1.69993e+29
-1.70548e+29
-1.70542e+29
-1.69559e+29
-1.69562e+29
-1.69566e+29
-1.68851e+29
-1.69583e+29
-1.68881e+29
-1.68928e+29
-1.68668e+29
-1.66146e+29
-1.3558e+29
-1.61526e+29
-1.6567e+29
-1.16606e+29
-1.20905e+29
-1.23768e+29
-1.21029e+29
-1.55026e+29
-1.23126e+29
-1.67879e+29
-1.5253e+29
-1.4337e+29
-1.43312e+29
1.69256e+30
1.54001e+30
-2.06588e+30
2.07496e+29
-4.60631e+29
1.02219e+30
-2.23539e+30
-2.39613e+30
1.07513e+30
1.06469e+30
-1.56997e+30
-1.73136e+30
-1.77402e+30
-1.68569e+30
-4.34619e+30
-4.41539e+30
-4.35265e+30
-4.44893e+30
-8.90545e+30
-8.8796e+30
-4.68984e+30
1.1545e+30
-4.91244e+30
3.35405e+30
3.43577e+32
3.43179e+32
2.97883e+32
3.43797e+32
3.46033e+32
2.97716e+32
3.47123e+32
2.08962e+32
2.55665e+32
2.05923e+32
2.55962e+32
2.56377e+32
2.36984e+32
2.57861e+32
2.55994e+32
2.54753e+32
2.32539e+32
1.43461e+32
1.45342e+32
1.74659e+32
1.5874e+32
1.6061e+32
1.50361e+32
4.63099e+32
9.74524e+31
5.50269e+32
4.22185e+32
7.56091e+32
6.78747e+32
4.65719e+32
6.90807e+32
7.6331e+32
2.56456e+32
-5.23309e+32
-2.26651e+32
-8.68237e+32
-3.16201e+32
-2.4533e+32
-4.45963e+32
-4.45874e+32
-1.86849e+33
-9.76389e+32
-4.79633e+32
-1.9897e+33
-1.56216e+33
6.37462e+32
2.6954e+33
3.79014e+33
3.34428e+32
3.38881e+33
2.52441e+34
5.50939e+33
2.71271e+34
-1.18065e+34
9.75714e+34
-1.92133e+35
-2.00982e+35
-1.75805e+35
-2.14665e+35
-1.60915e+35
-1.03655e+35
1.99899e+35
-8.05421e+35
-3.98818e+35
-3.58426e+35
-4.48483e+35
-1.17915e+36
-1.38714e+36
-1.87257e+36
-1.61796e+36
1.83116e+37
-3.76631e+36
-1.11867e+36
1.84314e+37
-1.74966e+36
-1.80428e+36
-1.80865e+36
-1.77577e+36
-1.70801e+36
-1.77154e+36
-1.71543e+36
-1.80309e+36
-1.80218e+36
-1.71619e+36
-1.73527e+36
-1.73316e+36
-1.76034e+36
-1.75438e+36
-1.7549e+36
-1.75403e+36
-3.1858e+30
-1.76273e+36
-1.7627e+36
-1.76349e+36
-1.76365e+36
-1.76189e+36
-1.76477e+36
-1.76478e+36
-1.76168e+36
-1.76056e+36
-1.76659e+36
-1.76206e+36
-1.76362e+36
-1.76962e+36
-1.59001e+36
-1.58929e+36
-1.53716e+36
-2.7091e+35
-3.59797e+34
-3.32596e+34
-2.54561e+34
-1.96802e+34
-1.61457e+34
-7.98083e+32
-4.65459e+32
-4.32225e+32
-3.33725e+31
-8.85123e+31
-2.64229e+31
-1.4751e+30
-7.32592e+29
-4.29208e+29
-5.95369e+29
-1.70029e+29
-1.70081e+29
-1.70526e+29
-1.70011e+29
-1.69565e+29
-1.40058e+29
-1.41517e+29
-1.20923e+29
-1.22672e+29
-6.08236e+29
-2.86013e+30
1.08739e+30
-2.78481e+30
1.18361e+30
1.18919e+30
-1.69109e+30
-4.74379e+30
-4.22574e+30
-4.72165e+30
-5.96622e+30
-4.52319e+30
-5.86485e+30
3.45051e+32
3.46119e+32
3.44822e+32
2.07204e+32
2.35162e+32
1.48333e+32
2.31719e+32
2.54436e+32
1.72416e+32
3.3837e+31
1.25763e+32
5.91616e+32
6.38375e+32
4.82236e+32
5.81952e+32
-2.40626e+32
-6.68039e+32
-7.9199e+32
-1.90746e+32
6.883e+31
3.53212e+33
3.47346e+33
4.48579e+33
4.09037e+33
2.79129e+34
4.025e+34
2.6546e+34
-1.8227e+35
2.04277e+35
-8.52561e+35
-1.35689e+36
-1.52139e+36
-3.63323e+36
-1.20914e+36
1.83094e+37
-1.81185e+36
-1.76398e+36
-1.73593e+36
-1.74287e+36
-1.76926e+36
-2.27026e+35
-1.76871e+36
-1.75613e+36
-1.75476e+36
-1.73547e+36
-1.75607e+36
-1.76603e+36
-1.76254e+36
-1.76185e+36
-1.76186e+36
-1.76222e+36
-1.75977e+36
-1.76083e+36
-1.76133e+36
-1.7615e+36
-1.76133e+36
-1.76124e+36
-1.76126e+36
-1.76121e+36
-1.76178e+36
-1.76217e+36
-1.76214e+36
-1.76213e+36
-1.76271e+36
-1.76273e+36
-1.7629e+36
-1.76264e+36
-1.76244e+36
-1.76236e+36
-1.76249e+36
-1.76256e+36
-1.76213e+36
-1.76217e+36
-1.76234e+36
-1.76232e+36
-1.76389e+36
-1.76578e+36
-1.76485e+36
-1.76758e+36
-1.76772e+36
-1.76771e+36
-1.76386e+36
-1.76662e+36
-1.7622e+36
-7.77112e+34
-4.59186e+34
-3.57265e+34
-3.96025e+34
-3.95201e+34
-2.65886e+34
-2.57902e+34
-2.5774e+34
-2.51269e+34
-2.45552e+34
-2.46333e+34
-2.46285e+34
-2.42144e+34
-2.48226e+34
-3.60775e+34
-3.83245e+34
-3.84361e+34
-3.91225e+34
-3.95397e+34
-3.84722e+34
-3.94915e+34
-3.80965e+34
-4.05361e+34
-3.81319e+34
-2.26019e+34
-1.16838e+34
-9.96959e+33
-6.93518e+33
-6.51827e+33
-5.52313e+33
-6.27346e+33
-5.45037e+33
-4.42308e+33
-3.16532e+33
-3.4387e+33
-3.08721e+33
-2.07182e+33
-1.89973e+33
-2.4337e+33
-1.61968e+33
-1.47954e+33
-1.48316e+33
-1.30607e+33
-1.18432e+33
-1.22905e+33
-9.41261e+32
-9.54927e+32
-8.12142e+32
-7.75795e+32
-8.67993e+32
-6.65128e+32
-6.42054e+32
-6.3439e+32
-4.34903e+32
-4.03508e+32
-4.10546e+32
-2.66937e+32
-2.75281e+32
-2.75181e+32
-1.97732e+32
-6.36916e+30
-4.14441e+30
-3.92195e+30
-3.90566e+30
-3.9069e+30
-4.54175e+29
-3.65701e+29
-3.65449e+29
-3.04283e+29
-2.42815e+29
-2.82953e+29
-2.2516e+29
-2.3892e+29
-2.40064e+29
-2.23359e+29
-1.82341e+29
-1.75935e+29
-1.76122e+29
-1.82298e+29
-1.74641e+29
-1.71377e+29
-1.70969e+29
-1.70028e+29
-1.69154e+29
-1.69646e+29
-1.70325e+29
-1.6917e+29
-1.68209e+29
-1.67667e+29
-1.69583e+29
-1.67715e+29
-1.65476e+29
-1.64728e+29
-1.60825e+29
-1.6203e+29
-1.61827e+29
-1.46192e+29
-1.47022e+29
-1.52449e+29
-1.65427e+29
-1.682e+29
-1.65945e+29
-1.53379e+29
-1.33262e+29
-1.37367e+29
-1.58914e+29
-1.62278e+29
-1.63497e+29
-1.67329e+29
-1.76689e+29
-2.35533e+29
-2.44154e+29
-1.0578e+36
-3.86639e+29
-2.44895e+29
-3.07324e+29
-3.97813e+29
-5.02247e+29
-9.40043e+29
-2.58133e+30
-2.60992e+30
-2.43923e+30
1.21406e+30
1.07769e+30
1.16872e+30
1.15394e+30
-2.71786e+30
-2.61957e+30
-2.62111e+30
-2.90772e+30
-2.63744e+30
-3.22842e+30
-6.17331e+30
-4.96885e+30
-9.46501e+30
-9.78564e+30
-8.63557e+30
-5.47324e+30
-7.23283e+30
-1.07086e+31
-6.96187e+30
-1.05859e+36
-5.98562e+30
3.44046e+32
2.97295e+32
-1.44125e+35
2.1804e+32
2.40302e+32
2.07329e+32
2.06158e+32
-1.43417e+35
2.18858e+32
2.3411e+32
1.91419e+32
1.70544e+32
1.03683e+32
1.05862e+32
1.2291e+32
1.71451e+32
-4.68191e+31
-7.17442e+31
-2.28578e+32
-2.3207e+32
-2.32249e+32
-1.76413e+32
-1.89551e+32
-1.84341e+32
-1.37153e+32
-1.64885e+32
-1.45614e+32
-1.23996e+32
-1.52358e+32
-2.24812e+32
-1.99641e+32
-4.00552e+32
-5.02779e+32
-7.21023e+32
-1.01783e+33
-9.96575e+32
-1.25994e+33
-9.70862e+32
-1.08492e+33
-1.18662e+33
-1.23206e+33
-1.72173e+33
-1.50921e+33
-1.50162e+33
-2.38039e+33
-3.60414e+33
-2.93418e+33
-7.45477e+33
-5.27918e+33
-1.43124e+35
-7.47512e+33
-1.9679e+34
-2.57862e+34
2.77414e+35
1.92971e+35
2.70801e+35
-1.80198e+36
-1.79651e+36
-1.79982e+36
-1.80564e+36
-1.79856e+36
-1.81e+36
-1.79767e+36
-1.23785e+36
-3.70878e+36
-1.7649e+36
-1.439e+35
-1.76441e+36
-1.76357e+36
-1.76492e+36
-1.76473e+36
-1.76359e+36
-1.7648e+36
-1.76498e+36
-2.20207e+29
-1.76445e+36
-1.76454e+36
-1.76453e+36
-1.76403e+36
-1.76358e+36
-1.76397e+36
-1.76393e+36
-1.76234e+36
-1.76372e+36
-1.76283e+36
-1.76264e+36
-1.76259e+36
-1.25478e+32
-2.6445e+29
-2.54162e+29
-3.66944e+34
-4.52729e+34
-3.68722e+34
-1.76251e+36
-1.76246e+36
-1.76251e+36
-1.76268e+36
-1.7615e+36
-1.7625e+36
-1.76264e+36
-1.76309e+36
-1.76314e+36
-1.7633e+36
-1.76321e+36
-1.76327e+36
-1.76329e+36
-1.76323e+36
-1.76357e+36
-1.76335e+36
-1.76364e+36
-1.76329e+36
-1.76228e+36
1.13238e+32
-1.76331e+36
-1.76342e+36
-1.7633e+36
-1.76462e+36
-1.76778e+36
-1.76795e+36
-1.76763e+36
-1.76573e+36
-1.58805e+36
-1.35886e+36
-1.3658e+35
-7.2557e+34
-6.45515e+34
-6.43782e+34
-3.93016e+34
-3.48649e+34
-3.62925e+34
-3.6459e+34
-3.49923e+34
-3.21091e+34
-2.63669e+34
-1.64149e+31
-3.81006e+30
-6.83529e+30
-3.02424e+30
-1.39826e+31
-3.49488e+34
-3.51801e+34
-4.05721e+34
-3.64707e+34
-4.23056e+34
-4.1612e+34
-4.23557e+34
-4.19278e+34
-4.34987e+34
-4.30056e+34
-3.22815e+34
-3.9549e+34
-1.43569e+34
-1.0334e+34
-9.28377e+33
-8.58389e+33
-7.28121e+33
-6.17849e+33
-4.81263e+33
-5.16218e+33
-5.02056e+33
-5.88863e+33
-3.89581e+33
-3.4708e+33
-2.77226e+33
-2.85973e+33
-1.55298e+33
-1.45338e+33
-1.83182e+33
-2.49171e+33
-1.38857e+33
-1.18223e+33
-1.61842e+33
-9.66308e+32
-1.08494e+33
-6.82357e+32
-7.186e+32
-6.55574e+32
-4.80022e+30
-8.86222e+32
-5.70752e+32
-5.50755e+32
-5.81436e+32
-4.87479e+32
-4.17812e+32
-4.09004e+32
-3.99317e+32
-2.92773e+32
-2.26854e+32
-2.1312e+31
-3.16013e+32
-1.532e+32
-1.57208e+29
-1.623e+29
-3.62551e+30
-3.90309e+30
-3.55953e+30
-6.02705e+29
-2.41717e+30
-9.66495e+29
-5.13037e+29
-4.65526e+29
-4.54484e+29
-5.15828e+29
-2.86988e+29
-3.33074e+29
-2.82348e+29
-2.71566e+29
-2.5073e+29
-2.38486e+29
-2.55787e+29
-2.29276e+29
-2.27023e+29
-2.25825e+29
-1.82823e+29
-1.81345e+29
-2.1086e+29
-2.1497e+29
-1.81389e+29
-1.75303e+29
-1.75098e+29
-1.71257e+29
-1.74756e+29
-1.73573e+29
-1.7225e+29
-1.71444e+29
-1.71147e+29
-1.71069e+29
-1.7163e+29
-1.71598e+29
-1.71702e+29
-1.69104e+29
-1.69768e+29
-1.70175e+29
-1.7073e+29
-1.66365e+29
-1.6788e+29
-1.6616e+29
-1.61158e+29
-1.64824e+29
-1.65705e+29
-1.61291e+29
-1.51873e+29
-1.59069e+29
-3.62889e+29
-3.91604e+29
-3.97171e+29
-1.65674e+29
-1.70511e+29
-1.70119e+29
-1.69615e+29
-1.67037e+29
-1.65626e+29
-1.67289e+29
-1.67898e+29
-1.67653e+29
-1.72218e+29
-1.71794e+29
-1.71075e+29
-1.67637e+29
-1.72504e+29
-1.73615e+29
-1.73477e+29
-2.12904e+29
-1.80061e+29
-2.37298e+29
-2.28672e+29
-2.43852e+29
-2.32712e+29
-2.36995e+29
-2.37783e+29
-9.66598e+29
-4.71924e+29
-2.52524e+30
-9.7737e+29
-5.45081e+31
-2.83945e+30
-3.13891e+30
-2.95743e+30
-2.46182e+30
-3.49157e+30
-3.23839e+30
-2.62601e+30
-3.70027e+30
-1.03068e+31
-1.02052e+31
-1.80117e+31
-7.54186e+30
-2.16809e+31
-1.85612e+31
-3.40998e+31
-3.00746e+31
-3.48765e+31
-9.68459e+30
1.24258e+32
1.59851e+32
1.80195e+32
1.83701e+32
1.85399e+32
1.83517e+32
-1.86011e+35
-1.86373e+35
-9.22504e+34
-1.60209e+35
-5.78872e+31
-7.10323e+31
-4.65978e+31
1.21923e+32
-7.99028e+31
-8.58393e+31
-6.98618e+31
-8.61937e+31
-3.02865e+32
-3.22317e+32
-1.54388e+32
-3.24359e+32
-2.04031e+32
-1.52544e+32
-3.7643e+32
-3.96723e+32
-1.25647e+32
-3.79897e+32
-4.7521e+32
-4.36596e+32
-4.47439e+32
-6.04851e+32
-5.5172e+32
-2.07481e+32
-5.74088e+32
-8.40026e+32
-8.23579e+32
-8.80881e+32
-1.17793e+33
-1.01395e+33
-1.11227e+33
-1.06694e+33
-1.20847e+33
-5.48616e+31
-1.65216e+33
-1.48475e+33
-1.31274e+33
-2.63291e+33
-3.19784e+33
-1.57131e+33
-2.96459e+33
-1.72955e+33
-3.78212e+33
-3.49094e+33
-1.55589e+33
-5.10923e+33
-2.86805e+33
-6.48446e+33
-6.59757e+33
-6.74533e+33
-7.98797e+33
-1.04355e+34
-1.23746e+34
-5.40705e+33
-7.55624e+33
-1.89534e+34
-1.7688e+36
-2.40577e+35
-1.76275e+36
-1.74983e+36
-1.78716e+36
-1.77661e+36
-1.79026e+36
-1.77034e+36
-1.78262e+36
-1.78296e+36
-1.82635e+36
-2.18047e+36
-1.77061e+36
-1.77036e+36
-1.76981e+36
-1.76806e+36
-1.76533e+36
-1.76527e+36
-1.76534e+36
-1.76459e+36
-1.76451e+36
-1.76488e+36
-1.76453e+36
-1.76454e+36
-1.7645e+36
-1.76391e+36
-1.76432e+36
-1.76412e+36
-1.76418e+36
-1.76375e+36
-1.7639e+36
-1.76357e+36
-1.76393e+36
-1.76385e+36
-5.28005e+31
-7.30793e+31
-3.90543e+29
-3.08248e+29
-3.87463e+29
-3.76655e+29
-2.35199e+29
-2.36152e+29
-2.353e+29
-3.57612e+34
-3.58588e+34
-1.85599e+29
-3.60339e+34
-3.47206e+34
-9.21206e+34
-7.71208e+34
-3.70872e+34
-4.07731e+34
-1.76299e+36
-1.7635e+36
-1.76284e+36
-1.76326e+36
-1.76774e+36
-1.77118e+36
-1.76698e+36
-1.77009e+36
-1.77721e+29
-1.75887e+29
-1.81249e+29
-1.77387e+29
-1.73375e+29
-1.76346e+36
-1.76362e+36
-1.76336e+36
-1.76384e+36
-1.76391e+36
-1.76339e+36
-1.76396e+36
-1.76321e+36
-1.76408e+36
-1.7641e+36
-1.76406e+36
-1.76408e+36
-1.76474e+36
-1.76508e+36
-1.76354e+36
-1.7654e+36
-1.76756e+36
-3.5896e+34
-3.54457e+34
-3.53829e+34
-4.02314e+34
-6.43826e+31
-6.79817e+31
-6.02551e+31
-6.99098e+31
-3.65007e+34
-3.56869e+34
-3.62676e+34
-4.66692e+34
-4.71547e+34
-4.3957e+34
-4.3306e+34
-4.76699e+34
-4.29421e+34
-4.49386e+34
-4.31631e+34
-3.38097e+34
-3.39481e+34
-3.68368e+34
-1.16183e+34
-1.02317e+34
-3.73901e+33
-2.24576e+33
-1.46371e+33
-1.98211e+33
-1.38095e+33
-7.98704e+32
-1.1013e+33
-6.16789e+32
-6.32813e+32
-4.60264e+32
-3.96068e+32
-3.31121e+32
-3.17007e+32
-3.22727e+32
-1.76375e+36
-1.7636e+36
-4.75773e+30
-5.07112e+30
-3.50302e+30
-2.76182e+30
-2.37992e+30
-1.11735e+30
-4.99609e+29
-4.87769e+29
-4.79366e+29
-4.34826e+29
-4.09791e+29
-3.97804e+29
-3.84403e+29
-3.5243e+29
-2.54267e+29
-2.32451e+29
-2.27863e+29
-2.3411e+29
-2.41109e+29
-1.75121e+29
-2.17147e+29
-1.91377e+29
-1.71802e+29
-1.72326e+29
-1.73811e+29
-1.7232e+29
-1.70686e+29
-1.70548e+29
-1.69814e+29
-1.67439e+29
-1.70889e+29
-1.70654e+29
-1.68783e+29
-1.72527e+29
-1.70408e+29
-7.12254e+31
-5.71721e+31
-5.86901e+31
-1.7299e+29
-1.73769e+29
-1.76884e+29
-1.72054e+29
-1.7422e+29
-1.81497e+29
-2.22899e+29
-5.14513e+31
-1.80472e+31
-4.79141e+31
-5.21616e+31
-5.63045e+31
1.1313e+32
-5.70589e+31
-1.77383e+32
-1.76862e+36
-1.77628e+36
-1.76938e+36
-1.76579e+36
-1.76929e+36
-1.76812e+36
-1.76787e+36
-1.76538e+36
-1.76579e+36
-1.76479e+36
-1.76441e+36
-1.76432e+36
-1.76456e+36
-1.76415e+36
-1.76393e+36
-1.72913e+29
-2.17255e+31
-5.31644e+31
-2.20236e+31
-3.56471e+34
-1.76388e+36
-1.62963e+31
1.20544e+32
-1.77264e+36
-1.22237e+31
-1.72066e+29
-1.72939e+29
-1.76644e+36
-1.76513e+36
-1.73967e+29
-1.85964e+29
-1.7303e+29
-1.72438e+29
-9.6531e+32
-6.3097e+30
-8.0451e+30
-4.26505e+30
1.77947e+32
1.05754e+32
-5.53558e+33
-3.25666e+33
-1.11676e+34
-1.83055e+36
-1.80036e+36
-1.79257e+36
-1.75501e+36
-1.76442e+36
-1.76385e+36
1.20384e+32
-3.66898e+34
-1.76332e+36
-1.76325e+36
-1.76754e+36
-2.38037e+33
-1.41635e+33
-1.76365e+36
-3.14668e+32
-2.5926e+32
-2.33764e+29
-1.81625e+29
-2.14509e+29
-1.72298e+29
-1.74569e+29
1.14031e+32
-6.47625e+31
-4.44175e+29
-5.4233e+29
-3.98325e+29
-3.22507e+30
-2.85067e+30
-3.11331e+30
-3.35735e+30
-1.66732e+32
-3.14461e+33
-2.85441e+33
-7.15028e+33
-1.76508e+36
-1.77982e+36
-1.77457e+36
-1.76417e+36
-1.7641e+36
-2.67633e+31
-4.71543e+31
-1.76746e+36
-2.45115e+30
-7.70608e+32
-2.19744e+33
-1.76417e+36
-5.80212e+33
-5.27638e+31
-1.80182e+29
-2.1943e+29
-1.76374e+36
-1.76385e+36
-6.57543e+31
-1.75528e+36
-1.75543e+36
2.33408e+32
-5.55685e+29
-1.47756e+29
-1.76387e+36
-2.08373e+32
-4.54558e+32
-2.43144e+34
-1.76425e+36
-1.78146e+36
-2.25315e+29
-1.76373e+36
-1.76428e+36
-3.64594e+34
-1.76498e+36
-3.389e+34
-1.76516e+36
-4.59479e+32
-7.32359e+29
-1.69968e+29
-1.69969e+29
-1.20798e+29
-2.4914e+30
-1.63498e+30
-1.71119e+30
-4.25507e+30
2.55722e+32
4.54698e+32
-6.98867e+33
-1.25608e+32
-5.33517e+33
-3.05332e+33
-1.53759e+33
3.19143e+33
5.07022e+32
2.60809e+34
-1.9777e+35
-7.08896e+32
-1.49946e+35
-2.37831e+35
-8.32062e+35
-1.80601e+36
-4.17932e+32
-1.78953e+36
-3.89457e+32
-1.77155e+36
-1.75526e+36
-1.01434e+35
-1.72079e+36
-1.75432e+36
-3.11209e+35
-1.76363e+36
1.23656e+30
1.1554e+32
-6.5042e+31
-3.59297e+33
2.87706e+34
-1.85667e+36
-1.81698e+36
-1.75442e+36
-5.59135e+31
-1.76447e+36
-1.76951e+36
-1.76451e+36
-9.03316e+33
-1.07966e+33
-9.61531e+32
-2.32874e+29
-1.81873e+29
-1.75036e+29
-2.62821e+30
-6.80888e+30
-7.37649e+30
1.84388e+32
1.22288e+32
-2.23555e+32
-3.76252e+33
-1.04835e+34
2.86212e+35
-1.80862e+36
-1.78949e+36
-1.80268e+36
-1.7645e+36
-5.56582e+31
-1.76252e+36
-1.76383e+36
-3.67718e+34
-1.76345e+36
-4.80738e+30
-1.76327e+36
-1.76356e+36
-4.20837e+34
-3.28881e+30
-1.02779e+34
-1.3713e+33
-8.54139e+32
-3.03085e+32
-2.40921e+32
-3.12966e+32
-5.44806e+29
-1.74645e+29
-1.73649e+29
-1.76016e+36
-1.76011e+36
-1.76035e+36
-1.76063e+36
-1.7913e+30
-1.62451e+30
-1.59027e+30
-1.68231e+30
)
;

boundaryField
{
    Wall
    {
        type            zeroGradient;
    }
    Inlet
    {
        type            zeroGradient;
    }
    Outlet
    {
        type            fixedValue;
        value           uniform 0;
    }
    Empty
    {
        type            empty;
    }
}


// ************************************************************************* //
