/*--------------------------------*- C++ -*----------------------------------*\
| =========                 |                                                 |
| \\      /  F ield         | OpenFOAM: The Open Source CFD Toolbox           |
|  \\    /   O peration     | Version:  2312                                  |
|   \\  /    A nd           | Website:  www.openfoam.com                      |
|    \\/     M anipulation  |                                                 |
\*---------------------------------------------------------------------------*/
FoamFile
{
    version     2.0;
    format      ascii;
    arch        "LSB;label=32;scalar=64";
    class       volScalarField;
    location    "3.9";
    object      p;
}
// * * * * * * * * * * * * * * * * * * * * * * * * * * * * * * * * * * * * * //

dimensions      [0 2 -2 0 0 0 0];

internalField   nonuniform List<scalar> 
2958
(
-42013
-27451.7
20248.4
-64820
-33106.6
21402.1
-31785.8
-43620.1
-9850.79
-47742.6
-40267.2
-34307
-45811.8
-34314.5
-46035.6
-41004.9
-30524.2
-45581
-34313.1
-43676.4
-33959.6
-29695.7
-33660.6
-45225.2
-45719
-42946.6
6088.71
-53033.7
-39226.4
-40799.6
-42746.2
-33275.5
-34207.3
-9568.83
-36018.3
-52644
-34313.7
-33927
-43568.9
-49395
-428513
-45873.7
-30179.6
-41827.5
-34305.5
-18954.1
-39849.6
-27200.6
-54573
-42828.3
-41493.7
-32772.3
-54597.5
-40481.8
-41609.9
-121944
-46729.9
-48055.4
-42277.8
15049.5
-44561.2
-43627.6
-28429.1
-40892.3
-34320.1
-34315.8
-40514.3
-27946.3
-24783
-47455.1
-29708.7
-34304.9
-25405.7
-42386.4
-34318
-38946.7
-44748.2
-28238.3
-34259.6
-41350.5
-45605.9
-31683.9
-54275.9
-55441.4
-43593.2
-42217.7
-32230.2
-42323
-27057.3
-34170.9
-33629.1
-27719.5
-38894.4
-34312.2
-22139.8
-44437.2
-47634
-65109.7
-34315.9
-34310.6
-64533.3
-42284.7
-48324.7
-29494.6
-34544.4
-35635.8
-34302.2
-55692.1
-34325.9
-37908.7
-101495
-41521.7
-34233.4
-46301.5
-34313.7
-34316
-42056.5
-41717.6
-30358.2
-41971
-48113.5
-34305.9
-38986.8
31752.4
-48404.2
-43958.8
-47839.7
-29488.8
-42174.3
-34311
-34278
-34272.5
-41790.6
-34321
-34304.5
-34319.2
-46601.7
-43190.7
-34313.3
-34314.8
-44117.1
-29807.1
-34016
-34332.4
-42020
-28827.1
-34300.2
-34308.4
-29769
-34307.1
-43709.2
-48095.7
-47151.3
-35380.8
-45151.6
-34337.7
-33566.8
-42187.2
-29617.5
-83066.1
-45978.2
-49153.6
-44072
-34310.5
-42209.9
-49166.3
-30178.4
-34316.6
-56581
7439.01
-33105.3
-34302.6
-34519.6
-30844.8
-34340.9
19540.1
-31894
98725.5
-26547.5
-25264.8
-33469.8
-29251.3
-44918.3
-131266
-27953.4
-29325.3
-27705.2
-34325.6
-31118.5
-59018.7
-31537.2
-33594.4
70889.1
-51047.4
-22910.8
-38851.7
-27023.5
-34107.7
-41175.2
-138309
-48582.2
-34320.1
-42067.2
87377.1
-154343
55835.8
-36870.4
53857.9
-31769.9
-56832.1
-34314.3
-34166.7
-34316.7
-28291.9
-34314.7
21325
-40864.6
-34315.6
-34316.8
-34314.7
-34301.9
-29969.1
-30350.7
-28844.9
-206174
-41291.8
-53482.8
-34317.1
-22744.3
-29627.9
-28342.5
-34997.3
-32861.2
-32518.5
-39115.4
-34299.4
-34350.9
-42131.1
-34354.1
-12657.5
-34350.9
-13550.5
-56894.2
-52982.1
-43169
-136936
-36621
-46228.2
-40923.5
-42270.4
-50416.2
-44889.1
-42461.4
100833
-64585.3
-18747.4
-41636.7
-30495.6
-42525.2
-31013
-41643.9
-34119.7
-33425.6
99098.4
-42327.3
-39768.3
-45434.8
-42339.9
-36225.9
-33716.7
-34313.4
-30373.1
-41835.6
-34300
-28393.1
-42369.6
-34314
-31089.7
-34321
-29110
-34313.7
-34355.3
-42142.3
-42646.1
-32393.6
-34311.3
-36039.6
-85231.2
-108538
-40505
-44596.7
-30096.4
-34312.5
-34308.3
-48344.9
60391.8
-34314.3
-41586.3
-34314.8
-46277.6
-44675.5
-32849.4
-30567.6
21524.3
-44315.1
30895.4
-70887.9
-34107.8
-41656.9
-41950
-34324.2
-41867.9
-41118
-34320.1
-28866.1
-205064
-34268.9
-30946.9
-31161.5
-42581.3
-30815.8
-32523.1
-42814.3
-22900.9
9480.48
-33724.1
-41531.9
-34316.9
-103931
-413330
-32080.6
-45545.7
-34303.7
-34313.2
6802.19
-34313.2
71284.6
-146296
73244.3
-34322.9
-42327.6
-30537.3
-32472.3
-32455.8
-34327.2
-28718.9
-34327.7
-38687.3
-45759.5
-44206.8
-50383.6
-46639.6
-37768.2
-45885.6
-21031.3
-41730.4
-34314.7
-42954.7
-45328.7
-41915.3
-414092
-42356.4
-52964.9
-19477.3
-44243.7
-34258.4
-31194.5
-85165
-59234.9
-33539.9
-49577.2
-33316.7
-34314.5
-55355.9
-41518.8
-26887.1
-41499.5
-47301.7
-32980.8
-31439.6
-44579.7
-38376.5
-34275.7
-42883
-31807.2
-34483
-42739.7
-34354.5
-33497.4
-34282.1
-47186.6
-34314.4
-33573.3
-29945.6
-39942.3
147719
-414044
-34314.2
-34309.1
-32706.5
-42511
-41535.5
-28622.8
-62971
-41290
-42011.2
-24767.6
-42302.5
-42096.5
-45665.3
-43398.5
-45572
-40498.2
-29568.7
-33187.3
-32480
-33362.1
-149664
-41878.5
-41883.2
-34305.7
-30800
-28512.3
-26588.8
-45464.1
-33908.5
-26707.3
-45272
-41872.5
-28114.9
-33254.1
-40980.2
-26255.4
-48134.1
-46725.3
-32570.5
-28803.8
-47489.3
-44206.5
-34320.8
-29614.5
-29805.9
-41627.3
-48078.3
68356.4
-35566.2
-34330.3
-21118.7
-34345
-32277.8
-34336.4
-34615.4
-35043.3
-24112
-43841.2
-48952.4
-34313.7
-41982.1
-28839.6
-34314.4
-29723.6
-64870.9
-45062.3
-43537.7
-41773.7
-31165.1
-16298.3
-38698.5
-41717.7
-32211.9
-43478.8
-34307.3
-44726.6
-17675.6
-41797.4
-29489.1
-38645.9
-32432
10411.7
-40480.3
-45545.3
-24057.9
-34319.5
-33316.6
-27038.5
-42342.3
-43760.2
-38992.6
3695.88
-41835.6
-24678.5
-28735.9
-57835.8
-42284.2
-30452.7
-40772.1
-46581.5
-34328.4
-34356.2
-34325.6
-32972.9
-34332.7
-34319.4
-44124.8
-48573
-34312.6
-70266.9
-19921.1
-49909.7
-46390.1
-34266.7
-34313.3
-42205.9
-34315.8
-41337.4
-41351.8
-2166.94
-50396.7
-30818
-44871.2
-34322.6
-31347
-42262.4
-16560.5
-41395.7
-41407.4
42034.5
-34097.6
-40475.4
-50624.5
-40486.5
-34193.1
-26528
-34300.9
-38852.2
-31011.5
-30433.2
-29549.8
-43969.1
-40507.1
-42503.1
-41216.5
-34307.9
-40852.9
-34333.2
-38682.2
-40313.4
-33686.9
-34313
109623
-34307.8
-34312.1
-28334.4
-43042.5
431627
-43727
-42501.4
-41866.8
-41242.8
-46294.2
-42359.2
-26401.9
-40880.8
-41892.9
-41884.8
-41423.8
-34321.2
-41752.9
-11136.8
-41528.1
-43263.9
-42116.2
-34326.3
-34324.9
-34466.4
-741.17
-34351.2
-42149
-34316.7
-44119.8
-29271.7
-28811.2
-39214.5
-15534.3
-44370.9
-34104.2
-34357.3
-34311.4
-28603.8
-44776.3
-34314.1
-34317.6
-42559.3
-46204.2
-33915.5
-52264.7
-40554.6
-50296.6
-41742.1
-36785.8
-34304.4
-42486.3
-34462.5
-44253.3
-16147
-42223.8
-50091.6
-47773.1
-32723.6
-34313.6
-41390.2
-42504.7
-34321.7
-34313.9
-40415.9
-47139.6
-28156.4
-28338.1
-34305.3
-16566.8
-41469.6
-60705.8
-42514.3
-28843
-42921.9
-34280.6
-35186.4
-42362.4
-41217.4
-34315.6
-47705
-34316.1
-30707.5
-34314.7
-39871.1
-41134.5
-34529.9
-22002.7
-43614.7
-25221.9
-34329.9
-42848
-50341.6
-34518.7
-41746.4
-50174.3
-30887.8
-34275.5
-41009.8
-34312.5
-34326.1
-48295.3
-49545.3
17378.7
-44036.1
-30000.3
-28129.2
-32643.7
-57631.8
-30987
-33157.5
-32652.4
-34292.8
-34298.3
-36797.2
-34321.3
-29204.2
-34342.7
-42395.4
-39427.2
-33646.3
-30981.3
-152826
-112412
105276
-22415.8
-41633.2
-110182
-34278.3
-34312.8
-32691.7
-42977.8
-34312.2
-27608.1
-34322.2
-30067.8
-28476.7
-41379.5
-43286.7
-29413.3
-36309.8
-16300.5
-44070.4
-44313.2
-41991.6
-33508.2
-49070.8
-43257
-42038.7
-34251.3
-34316.8
-43648.5
-41148.2
-47980.6
-43425.7
-39840.4
-33450.7
-78417.4
-47251
-32392.9
-35117.4
-30708.3
-30977.7
-42007.1
-45656.1
-47100.9
-49506.3
-41705.6
-40194.4
-32527.5
-26199.4
-34275.9
-30020.2
-43934.9
-34323.8
-16374.7
-34319.4
-178432
-29861.5
-34282
-45168.1
-101401
-51567.4
-27008.4
-30367.1
-50580
-42685.9
-41682.8
-33963.6
-29334.2
-41998.8
-33606.9
-163541
-43034.5
-42058.8
-33497
-48754
-28750.9
108349
-50936
-65548.5
-33762
-34306.4
-87808.5
83815.1
71399.6
-41600.2
-43479.1
-49989.2
-38361.5
-34315.4
-34315.7
-34312.9
-48198.2
-29040.6
-34315.9
-41896.7
-34315.6
-48429.8
-34200.5
-34387.3
-21633.1
55080.1
-44443.5
-34315.8
-34317.7
-47803.1
-43875.8
-34309.2
-34314.2
-28685.5
-34314.3
-63738.5
-44051.8
-34491.2
-29149.7
-41994.4
-34295.2
-27646.8
-41932
-42186.5
-47489.8
-41836.3
-43613.4
-25564.3
-32702.6
-33501.5
-41046.3
-42293
-43313.2
-22348.3
-34339.7
-44302.9
-55698.5
-42210
-47669.1
-43014
-37776.1
-27622.7
-46498.3
-31227.3
-32427.1
-45338.9
-34317.8
-38845.9
-45599.6
-33672.1
-42224.8
-16146.8
-76565.2
-45939.5
-40968.5
-45395.9
-61833.1
-41245.6
-21495.8
-40712.9
-44312.6
-21964.5
-47945.6
-25908.8
-42280.5
-42114
-102152
-42028.9
-28080.3
-54895.3
-34315.7
-77414.2
-40147.7
-46506.5
-43051.9
-34326.6
-33911.4
-34303.5
-40474.4
-42935
-28335.3
-42461.4
-43507.9
-42001.4
-42979.2
-48206.1
-8676.4
-29057.6
-51890.3
-29307.8
-34327.8
-46449.4
-52092.2
-31723.3
-10573.2
-46991.2
-41095.2
-56826.8
-28231.3
-35154.7
-40224.3
-34363.4
-38924.1
-48892.7
-34311
-27342.8
-116580
-71155.2
431765
-33620.5
-34314.1
-33914.2
-41088.5
-34314.2
-34314.1
-34312.6
-34205.7
-42011.1
-42373.5
-29787.4
-26245.4
-41098.3
-30692.4
-109623
-41729
-30440.8
-34316
-28710.6
-48645.8
-41328.6
-46066.2
-30380.8
-49265.8
-24452.4
-163087
-34316.8
-40869
-28187.3
-30960.4
-29460.4
-468.752
-32853.3
-34287.1
-45684.6
-30347.1
-40559.4
-33199.2
-48794.5
-34249.7
-47653.4
-34392.7
-29317.2
-40426.2
-33210
-33454.9
-48232.2
-41654.4
-40079
-31648.8
85996.2
-39443
-33176
-27939.8
-26840.7
-49670.1
-27913.6
-38214.9
-40770.6
-26146.7
-41661.1
-30605.5
-40285
-30024.8
-42703.6
-27889.2
-34315.3
-41834.2
-36789.7
-33301.4
-48158.7
-46716.7
-47972.2
-29122.6
-47581.8
-27876
-41579.2
-94285.5
-43473.7
-29464.1
-41713.2
-38904.4
-30435.5
-34311.2
-34317
-33138.9
-30888.8
101292
-34312
-43996.3
-50343.1
-23944.5
-41990.4
-48464.2
-30736.5
-42573.7
-73303.5
-34316.5
-41268
-34314
-42870.9
89016.1
-44595.3
-98701.6
-34378.8
-45692
-34307.4
-36239.3
-45680.2
-33774.8
-40943.2
-42437.6
-19746.8
-20164.3
-24686.5
-42694
-41862
5698.52
-36139.6
-42011
-46079.3
-31712.3
-28108
-26417.2
-28652.4
-24127.5
107260
-42446.4
-28208.6
-45577.3
-42131.7
-42064.3
-33647.5
-34025
-412601
-32100.2
-34333.6
-104041
-35267.7
-41880.2
-34316.1
-53907.4
-44110.8
-30619.2
-41448.2
-47201.2
-105223
-54111.8
-11643.5
-33622.1
-41368.6
-42217.6
-24540.3
-61904.1
-34305.8
-28279
-29408
-41844.2
-34317.2
-34313.7
-44208.1
-34310.3
-34321.1
-35496.9
-41630.3
-36522.1
-34339
-34320.9
-34889.3
-33708.2
-41627.4
-42901.3
-48287.1
-34312.5
-44088.3
-41407.3
-41620.3
-32965.5
-33507.1
-52573.7
-34316.1
-41408.3
-34321.3
-34321.5
-34315.5
-47730.9
-42154
-33488.6
-42448.2
-45977.4
1066.15
-42010.3
-51072.6
-32406.7
-34320.7
-28489.5
-34338.8
-119439
-86074.4
-34322.2
-49534.8
-47098.1
-54456.3
-27533.4
-49850.2
-42483.4
-36175.3
-34597.6
-47653.8
-34234
-40228.2
-26145.7
-44444.1
-44210.5
-46631.3
-44650.2
-19271.5
-43376.1
-47403.2
-34306.6
-411937
-31571.4
-48147.1
107769
-44356.9
-24717
-30501.4
-34326.3
-20643.8
-44686.9
-29626.8
-34322.4
-62214.7
-34306.8
-34314.1
-34310.8
-34314
-28415.2
-25998.2
56650.4
-44571.1
-31189.7
-34127.1
-32013.6
-30214.4
-27872.2
-31515
-47213.4
-40728.4
-39798.2
-40861.9
-28616.9
-31379.6
-31147.8
-34315.6
-42165.2
-46500.9
-29535.2
-48149.9
-48912.1
-51909
-41384.7
-34316.3
-34305.4
-43853.6
-33912.3
-41931.7
-46531.4
-42693.1
-49534.5
-48115.5
-42041.7
41110.2
-24038.9
-34358.1
-50694.9
-45916.7
-120084
-63436.7
-39137.9
-42892.6
-47904.7
-41530.3
-34320.8
-90836.3
-114085
-47549
-28365.1
-42017.5
-41455.9
-32067.7
-41321.8
-26201.8
-27406.1
-34317.4
-41986.5
-26372.5
-45792.6
-34322.5
-34349.2
-41272.1
-41522.1
-44635.4
-42383
-53269.3
232377
-34311
-46236.1
-42110.6
-34205.1
-44683.4
-34253.9
-42241.8
-23479.5
-34311.1
-44573.1
175991
-43533.5
-43279.7
-44709.9
-34278.6
-41489.4
-34328
-41242.6
-51307.1
-104441
-41108.2
-34012.1
-15531.8
-42383.2
-111183
-34316
-33754.4
-38708.9
-42355.2
-33693.2
-45842.6
-42526.8
-42182.8
-47026.4
-40474.9
-39354.5
-41372.6
-49736.6
-34323.8
-52012.5
-41100.7
-44823.1
-41967.7
-41300.6
-32662.8
-30859.2
-34306.7
-40931.5
-26414
-34314.2
-41678.3
-34035.5
-47248.4
-34348.2
-31340.3
-29159.8
-46927.5
-26315.3
-48251.1
-34173.4
-29644.6
-41167.1
-40600.1
-47366.3
-29559.6
-42056.2
-45309.5
-34321.6
-34317.1
-30600.9
-29554.9
-34318.1
-33926.8
-15088.9
-42542
-24333
-29719.5
-52197.5
21869.3
-40961
-41387.7
-24403.3
-32523.9
-42405.3
-47294.4
-43651.2
-40520.1
-28750.2
-47050.2
-32516.3
-41123
-40360.9
-47583.4
-27314.2
-30375.4
-51369.8
-38868.4
-27304.6
-39020
-106475
-31422.1
-36519.1
-36801.6
-42393.9
-52086.8
-34773.9
-42925.5
-34427.3
-31007.1
-41981.7
-34314.8
-41075.9
-42378.3
-42347.2
-41242
-39211.9
-45345.2
-35267.2
-31468.1
-41100.6
-42239.4
-33003.2
-41628.1
-44130.7
-71408.7
-45006.4
-31966.3
-34323.4
-65473.8
-23667.4
-34317.1
-41255.4
-43225.6
-28046.9
-43989.5
-52843.9
-42518
-26021.2
-34285.9
-43092.5
-40674.6
-34611
-176382
-41823.7
-40456.6
-40447.8
20099.5
-24156.6
-34222.1
150873
-34305.6
-52539.5
-34309.1
149027
-34320.7
-42701.6
229596
-30600.1
-34322.1
-47465.9
-34314.3
-34266.2
-44482.1
-34314.3
9757.37
-34087.3
-41804.9
-34319.3
-51133.4
-61930.5
-41603.1
-34320
-42243.1
-35867.1
163442
-34312.7
-27954.4
-34305.8
-54566.3
-34313.3
-51412.2
162118
-34317.5
-92260.9
-65492.6
-42799.9
-33291.2
-36092.8
-31230.6
103890
-34305
-48604.1
-34296.1
-33903.8
-30866.7
-41907.4
-34294.6
-49011
-34205.4
-47802.9
-42334.4
-27125.1
-28317.6
-42331.2
-131257
-29420.2
-43500
-31999.4
-34322.4
-34323.6
-44747
30726.2
-47032.1
-19370.5
-43074.3
-34267.7
-34307.1
-21018.9
-21163.7
-44466.4
-34392.4
-43655.6
-32168.4
-28846.7
-33537.2
-34314.5
-34314.1
-25022.6
-7727.64
50821
-39079.3
-38747
-50727.7
-45707.1
-47840.1
-51891.8
-50710.2
-34316
-46390.6
-41137
-41942.3
-30612.6
234055
-34321.2
-41943
-43198.8
-42687.3
-34323.8
-43505.4
-34155.5
-47854.2
-34324.3
-47086.6
-136152
-34316.3
-34258.8
-34316.6
-34314.7
-34314.7
-34313.8
43498.3
-43694
-46190.2
-47171.7
-48884.1
-34008.2
-29574.4
-41471.2
-34320.6
-34298.6
-46420.6
-39109.3
-34316.5
-40929.3
-33635
-34330
-44042.3
-47424.5
-33877.1
-17619.5
-30757.1
-28386.7
-31641.5
-87182
-42003.1
-34482.3
-43728.7
-34321.2
-34488.2
-30669.5
-40479.2
-34299.2
-48184.9
-48140.8
-42125.8
-34311.2
-44777
-41557.6
-28867.8
-44007.3
-26512.6
-42359.7
-34312.3
-41773.5
-34202.2
-42062.9
-29764.1
-26312.7
-47029.4
-34322.4
-42384.6
-43922.2
-41516.9
-47239.6
-41770.8
109349
42637
-22576.8
50983.5
-41002.9
-44166.1
-41041.2
-30010.7
-41935.3
-32263.7
-41090
-41706.4
-38700.2
-34086.3
-34315.4
-33426.6
-30468.3
-30485.3
-41497.3
532487
-29149.9
-25828
-31337.1
-34429.3
-36296.9
48435.3
-26880.5
-24783.3
-41618.3
-34313.7
-44567.6
-40963.6
-19757.8
430380
-30366
-34314.3
-25876.2
532412
-42357.2
-44001.7
-46283.3
-34307
-41746.9
-31597.1
-43342.3
-182840
-42306.2
-34311.9
-42299.2
-34304.6
-29789.5
-32205.2
-7169.59
-41163.5
-41504.1
-41671.8
-34315.7
-45939.8
-34739.7
-50790.5
-39798
-118841
-39574.8
-38933.6
-41817.4
-46120.8
-51017.7
-28931.4
-42234.9
-30095.7
-42737.4
-34312.8
-30295.2
-17013.1
-44112
-24100.1
-30148.1
-23701.7
-29449.2
7912.86
-27589.8
-41086.4
-42025.8
-26253.9
-41972.6
-34321.4
-34306.7
-34315.1
-34506.6
-44012.7
-34314
-34321.2
-42615.4
-64993.9
-34316.2
-124124
-44157.3
-34237.8
-41079.9
-51053.6
-46017.7
-197942
-42472.2
-50702.6
-25107
-35294.6
-31726.9
71831.5
-41024.6
-31755
-34265.3
-45835.6
-41863.5
-41646.4
-42374.8
-42347.5
-34314.6
-34421
-44111.2
-34304.1
-34320.2
-193278
-17877.2
-34314
-41696.2
-34309.2
-42493.1
-47592.1
-34322.6
-41928.1
-33230.6
-43288
-32713.4
-44253.9
-7788.64
-7835.98
-30114.5
-29272
-41767.8
-44341.8
-41979.7
-50094.8
-34316.6
-29844.4
-34321.8
-35722.3
31009.4
-40255.9
-41169.6
-34487.2
-31902.9
-31476.8
-27507.6
-34316.5
-34316.4
-34316.8
-34308.6
-34308.2
-34307.7
-36484.7
-37993.2
-189789
-172858
-190091
-233302
-30216
-19571.1
-20644.5
-32260
-16527.9
-25931.8
-21705.7
-27688
-13065.7
-13060.7
-24724.3
-39845.1
528015
-55081.6
-98868.3
-90890.6
-94790
-71555.5
-58988.6
-86886.7
-71025
-42365.5
-46140.6
-57549.2
-66462.4
-28419.1
-34240.9
-27694.9
-34314.2
-46738.5
-28360.5
-34318.7
-34220.6
-34307.6
-34232.3
-34332.8
-34305.5
-34297.5
-34315.5
-34313.7
-34319.8
-34315
-34323.2
-34326
-34325.2
-34323.2
-34353.7
-34356.3
-34343.5
-34337.7
-34104.7
-34240.1
-34142.8
-34131.5
-34234.3
-33490.1
-33493.9
-167168
-182134
-51871.3
-69068.4
-135430
-124692
-42154.3
-40460.7
-43342.2
-43764.4
-43216.2
-42205.6
-43623
-43623.7
-42755.7
-43615.3
-40419.9
-45231.6
-45027.1
-40417.8
-41361.7
-41799.6
-41942.9
-41849.5
-41763
-41626.5
-41813.6
-41890.7
-42312.6
-42132
-42302.2
-42448
-42586
-42810.3
-42359.9
-44541.9
-44388.1
-44181.4
-44944.7
-46451.1
-45429.2
-44104.4
-48634.3
-49819.7
-48112.3
-48848
-49714.6
-48980.9
-50116.7
-50360
-50378.6
-51462.3
-51333.7
-50756.9
-52927.3
-51965.6
-54157
-44258.8
-41807.6
-43578.6
-47642.8
-36193.4
-32745.1
-33549.8
-5959.15
-6761.31
-4613.61
39174.8
40314.3
38889.4
6091.17
89011.6
41706.3
91319.4
105212
93271.8
-25234.3
59513.4
70807.1
90585.9
89796
15235.5
11725.6
3219.91
-13817.9
-7391.01
-14286.7
-14651.6
-6380.85
-15159.9
-33882.4
-31195.8
-29298.5
-19435
-24648
-21711.6
-20328.4
-31563.4
-17229.2
-31589.2
-27894.7
-34372.3
-33760.3
-27905
-27705.5
-29914
-26949.5
-24259.7
-15578.5
-51642.8
-52744.8
-73769.4
-47076.1
-49192
-51082.8
-46434.4
-50245.7
-100056
-86909.2
-82391.8
-41920.2
-52277.5
-48216.8
-42843.5
-46430.5
-45762.1
-36352.1
-410832
-414146
-166572
-414321
-411517
-179783
-411754
-704990
459452
-694284
370981
292657
-126445
-487678
-308691
-335622
-48322.1
-274303
-272478
-68682.9
-117164
-127982
-30760.7
-25344.7
-28908.7
-30221.9
-29221
-31316.8
-30414.9
-29397.9
-31829.5
-31340.6
-30106.1
-42268.1
-40742.7
-45082.8
-43688.1
-42759.5
-43263.6
-42671.2
-42402.4
-42472.2
-42410.9
-42261.5
-42095.2
-42262.9
-42185.6
-42277.8
-42433.3
-42294
-41803.2
-41914.2
-41866.2
-42402.9
-42469.9
-34275.8
-34300.1
-34366.6
-34146.1
-34038.8
-34018
-33896.1
-33973.6
-34024.6
-34065.1
-34019.8
-34277.1
-34272.1
-34258.6
-34289.8
-34222.6
-34262.4
-34287.5
-34217.8
-34342.6
-34337.7
-34290.6
-34336.6
-34331
-34315.3
-34339.7
-34281.8
-34278.3
-34336.3
-34318.7
-34320
-34315.3
-34320.9
-34321.5
-34321.5
-46835
-34317.2
-34318.6
-34316.9
-34316.7
-34320.4
-34317.6
-34316.2
-34320.5
-34313.7
-34331.7
-34120.4
-34231.3
-34095.4
-33506.8
-33508.9
-34203.9
-34039.3
-41903.2
-41621.9
-41807.7
-42209
-42331.2
-45492.2
-50713.3
-51528.1
-38282.8
-101279
-43580.5
-31231.7
-3785.44
7262.43
-5379.77
115167
109455
91006.4
56926.9
-11582.6
-47872.3
-36496
-25911
-25049.5
-16639.4
38543
-28865.6
-146447
-51987
-71650.2
-46671.2
-47514.9
-48696.5
-52319.1
-41495.9
-78519.3
-40706.9
-412535
-414521
-414811
-684770
-154312
-272689
-85835.1
-109505
-74070.3
-32147.7
-30494.4
-30558.3
-30859
-29707.4
-29938
-43672.1
-42581.1
-42088.6
-42178.9
-42620
-42343.1
-42417.3
-43265.5
-42290.2
-41901.5
-42022.3
-41848.4
-34215.4
-33834.2
-34036.1
-34307.1
-34288.7
-34251.5
-34292.2
-34220.3
-34288.8
-34346.6
-34356
-34359.6
-34324.3
-34050.7
-34315.5
-34321.2
-34321.1
-34319.1
-34320.6
-34324.1
-34316.3
-34320.1
-34317.5
-34314.6
-34310.9
-34310.5
-34311.4
-34311.3
-34311.4
-34311.8
-34312.3
-34312.9
-34318.7
-34315.2
-34313.4
-34314.5
-34313.3
-34314.2
-34314.1
-34313.2
-34317.5
-34317.3
-34317.6
-34318
-34316.1
-34316.3
-34321.2
-34316.1
-34313.5
-34352.1
-34344.2
-34345.2
-34340.6
-34339.2
-34269
-34254.1
-34135.9
-43088
-43424.1
-44303.8
-43816.4
-43973.4
-66333
-53665.5
-54811.4
-60611.2
-115891
-98701.2
-110000
-52385.2
-118904
-41195.4
-40370.4
-40833.3
-41573.6
-41585.9
-41395.5
-41217.6
-42034.8
-41567.9
-42093.4
-42201.9
-41622.4
-41976.2
-42638.8
-42372.9
-42752.7
-42529.2
-42585.5
-42857.7
-42910.6
-42987.3
-42838
-42707.7
-43495.5
-43348.4
-43833.5
-43974.4
-42329.9
-43723.7
-43445
-43986
-44216.3
-43902.9
-44922.3
-45088.7
-45178
-45554.5
-45578.9
-45557.3
-45918.6
-45926.9
-46060.5
-47238.7
-46316.2
-45862.7
-48666.1
-46102.6
-47683
-46837.6
-47306.5
-46349.1
-24199.4
-19107.3
-20934.8
-16689.8
-17177.6
-6841.87
-23846.5
-19170
-21346.8
-24357.3
-31234
-17775.2
-17200.5
-30917.9
-23648
38771.9
-17476.5
-57071.8
-42584.2
-58756.6
-38665.4
-48420.6
-40257.1
-35306.2
-7008.43
-30995.8
-33854.7
-31221.5
-32012.8
-33879.9
-33216.3
-34859
-34156.8
-34718.2
-32154.4
-30886.9
-29146.2
-29487
-28716.2
-32991.2
-28866.4
-28535.5
-28963.3
-30521.4
-29678.6
-28502.6
-27001.3
-36278.6
-24875.4
-26261.2
-25128.5
-27675.7
-23977.9
-44498.3
-66496.5
-47188.7
-56561.7
-98916.3
-73171.2
-71828.9
-66095.5
-52584.9
-49728
-52325.1
-51070.7
-50660.6
-54411.6
-47898.4
-48988.7
-47402.4
-55078.1
-46952.5
-54519.3
-59084.7
-55539.2
-67168.4
-36208.3
-54135.4
-418769
-161447
-42513.7
-153163
-183393
-73322.6
-119526
-42502.9
-183699
-82329
-72182.5
-86109.3
-59814
-61355.1
-49334.1
-75865.3
-45259.4
-44741.6
-40153.3
-41471
-40000
-38837.2
-38773.4
-38614.8
-38642
-38935.2
-39224.4
-38757.7
-38948.5
-39160.1
-38703.8
-39591.5
-39108.8
-39566.1
-40802.9
-40338.1
-41465.5
-40386.1
-40690.9
-41094
-41350.8
-41108.8
-40945.1
-41108.7
-41228.9
-41314
-41216.2
-41709.9
-41465
-42469.8
-41352.3
-41187
-41405.7
-34932.4
-33846.3
-34966.3
-34383.8
-34409.3
-34393.6
-34385.7
-34386.9
-34381.5
-34320.3
-34269
-34258.9
-34322.9
-42542.3
-34311.1
-34297.3
-34320.2
-34316.7
-34315.4
-34315.6
-34316.3
-29285.7
-34316.9
-34316.2
-34316
-34317.5
-34313.6
-34312.9
-34323
-34313.8
-34314.2
-34310.9
-34316
-34317
-101587
-26007.1
-26769.2
-44912
-44540.4
-44101.1
-34314.5
-34314.3
-34315
-34314.7
-34311
-34313.4
-34314
-34313
-34312.8
-34313.2
-34314.7
-34314.5
-34314
-34313.8
-34313.7
-34314.9
-34314.5
-34313.1
-34316
-46381.2
-34316
-34315.7
-34315.8
-34323.3
-34340.6
-34336.7
-34327.3
-34350.8
-33906.1
-34261
-52207.7
-42879.2
-43671.3
-43839.6
-43648.8
-43616.7
-43674.8
-43930.4
-44448.1
-52767.6
-62118.2
-46834.1
-48771.3
-42931.1
-46772.1
-50426.1
-41369.6
-40745.8
-40926.3
-41607.2
-41667.2
-41840.5
-41810.4
-41865.7
-41198.4
-41723
-40910.2
-42111.5
-41997.5
-41670.6
-41626.6
-41801.3
-41649
-41393.9
-41596.5
-41611.9
-41622
-41553.5
-41688.8
-41991.4
-41418.5
-41611.8
-41594.8
-42114.2
-41634.6
-41454.4
-41841.9
-41215.8
-41688.4
-41951.5
-44050.9
-42153
-41578.5
-41905
-47119.5
-44288
-42266.7
-42233.2
-42310.5
-42254.5
-42285.6
-42392.3
-42245.3
-42065.8
-46091.5
-48990.1
-43649.1
-47253.3
-29131.3
-29994.5
-46916.9
-47271.5
-47921.2
-32601.4
-48665.4
-34095.5
-29345.8
-22300.9
-25593.1
-22633.5
-8301.76
-20071.6
-27285.6
-26056.8
-26127.4
-25448.2
-26239.3
-28474.8
-28229.1
-28039.2
-29867.6
-29273.3
-26625.5
-27174.1
-30373.9
-21726.9
-27829.2
37243.3
-22289.3
-20787.8
22574.2
-5351.25
-34939.4
-34792.5
-32968.9
-34160.8
-23971.9
-33578.1
-31645.1
-34674.4
-35381.6
-33296.9
-35742.3
-30855.3
-33849.7
-35122.1
-31911.8
-32934.3
-34647.1
-34451.1
-25444
-28715.3
-26279.8
-32305
-31244.6
-31030.9
-31293
-29448.3
-29474.6
-29654.4
-29176.5
-29764.3
-29489
-31366.2
-30809.8
-28919
-29337.5
-28829.9
-29354.1
-29236.8
-29133.2
-28296.1
-28584.9
-28174.2
-27404.3
-27615
-27795.5
-43539.2
-24045.9
-61700.6
-41754.1
-46845.6
-46804
-45608
-47198.5
-55915.5
-46371.1
-46724.6
-51464.6
-47099.8
-47574.5
-47252.7
-46730.7
-45044.9
-48978.6
-50905.3
-47616.2
-48127.7
-46346
-38021.3
-64722.5
-64247.9
-65945
-73917.9
-56422.3
-68889.5
-49801.5
-49882.8
-49201.5
-49966.5
-48298.1
-47376.9
-47072.2
-47986.9
-46326.3
-45071.2
-46862.6
-43636.7
-38343.8
-41412.6
-43421.4
-41265
-38415.7
-38655.4
-40392.8
-40403.3
-38672.4
-40415.5
-40495.7
-40383.9
-40550.2
-40874.1
-40476.6
-38950.6
-40467.6
-40751.8
-40514.8
-40777.7
-40544.4
-40734.9
-40698.4
-41584.9
-41369.5
-47322.3
-40731.3
-40336.9
-40959
-40926.6
-41135.7
-41140.6
-40953.2
-40997.9
-41126.6
-40960.2
-41273
-41278.9
-41493.7
-41447.2
-41492
-41201.9
-41382.4
-41350.2
-41539.2
-41715.7
-41177.5
-41120.7
-34283.3
-50112.7
-34237.2
-34189.2
-34361.5
-34269.6
-34380.6
-34224
-34304.4
-34313.9
-34304.1
-34253.1
-34318.1
-34327.5
-34318.8
-34314.8
-34313.4
-34313.9
-34314.2
-34314.3
-34318
-34314.9
-34316.8
-34314.8
-34317
-34314
-34313.5
-34316.1
-34313
-34323.4
-34311.4
-34314.9
-34314.1
-34311.6
-48533
-46958.8
-26522.2
-26173.7
-26202.7
-26382.6
-27162
-27184.4
-27250.7
-44179.4
-43899.1
-29265.7
-43536.3
-44012.7
-49300.1
-43232.1
-45189.5
-44549.2
-34311.9
-34313.4
-34314.2
-34312.7
-34329.3
-34285.9
-34324.4
-34270.5
-29252.1
-30064
-29860
-29785.9
-23327
-34314.3
-34313.6
-34312.6
-34312.6
-34308.3
-34315.2
-34314
-34313.9
-34311.7
-34313.2
-34314.6
-34313.9
-34313.2
-34310.9
-34316
-34317.1
-34334.5
-44003.6
-44670.5
-43844.1
-44887.5
-47577.5
-46551.5
-47224.4
-48070.7
-41866.1
-43936.8
-42878.2
-41526.9
-41669.4
-41798
-41819.1
-41772
-41707.1
-41359.9
-41706.6
-40835.9
-40862
-41677.6
-41533.6
-41338.6
-41642.8
-40452.7
-40630.1
-39860.2
-41102.3
-40875
-41287.9
-40137.4
-42213.2
-40496.3
-40348.2
-42711.5
-41720
-43381
-34312.8
-34313
-47424.8
-47421
-47472.7
-47245.1
-45123.8
-42226.7
-31063.8
-31744.3
-31924.7
-27283.5
-27051.9
-26508.7
-22345
-26355.6
-26407.1
-28269.5
-28165.3
-28011.1
-27883.8
-29152.6
-27145.4
-29112.4
-32916.6
-31906.8
-31044.9
-31677.3
-34014.1
-32221.9
-32650.4
-32611.6
-31338.2
-31357
-30147.2
-30568.3
-31380.2
-45949.7
-46457.1
-47230.5
-30961.4
-29987.3
-29958.7
-31726.4
-29236
-29004.9
-28582.8
-47979.2
-48224.3
-47865.7
-47044.5
-47673.9
-51324.6
-47965
-45703.1
-34337.2
-34309.1
-34324.4
-34324.4
-34318
-34317
-34315.3
-34314.3
-34316.5
-34314.9
-34314.5
-34316.5
-34316.3
-34313.3
-34312.4
-27055.8
-47385.4
-48499.4
-48411.1
-44396.6
-34311.7
-48483.2
-57480
-34255.7
-49393.9
-31848.2
-31383
-34315.1
-34317.2
-31369.8
-28843
-29466.7
-29791.5
-44222.2
-48204.1
-49073.2
-46207.1
-72006.9
-63131.7
-41732.7
-41420.5
-41244.5
-34374.8
-34362.7
-34331.9
-34320.1
-34317.2
-34319.9
-53669.2
-44836.8
-34315.8
-34316.2
-34322.6
-42387.8
-41639.3
-34314
-43972.7
-44070.4
-25123.6
-29383.3
-28194.4
-33840.3
-25132
-45173.7
-48219.9
-26823.2
-33173.8
-25620.1
-46819
-47925.2
-47628.4
-46001.6
-44302.6
-40939.7
-41006.8
-41530.2
-34315.1
-34308.2
-34313
-34315.6
-34314.4
-47435.9
-46883.3
-34320.9
-46026.7
-40604.9
-40469.8
-34314.3
-41083
-48243.6
-28608.7
-28221.5
-34314.5
-34313.1
-46473.9
-34308.1
-34307.3
-150980
-20307.3
-13157.3
-34312.6
-69985.6
-56166.5
-59687.4
-34314.2
-34315.2
-27304.3
-34242.3
-34276.3
-43506.6
-34314.4
-41660.5
-34313.4
-50902.1
-3672.03
47168.1
48593
-23085.8
-56432.1
-45845
-46675.4
-41660.5
-225097
-29031.5
-41274.1
-43244.9
-41065.2
-40950.1
-42302.1
-42137.2
-42462.9
-41803.4
-34252
-40344.3
-34021.7
-34039
-33996.5
-34241.2
-40486
-34279.4
-40475.9
-34320.5
-34306.1
-34026.4
-34340.3
-34321.1
-34048.9
-34317.8
-69351.3
-47012.7
-48363.7
-41271.1
-41881.1
-34281.2
-34391.8
-34321.8
-47044.1
-34318
-34310.1
-34289.4
-41690.4
-44538.7
-44720.9
-25332.6
-30146.9
-22708.1
-51870.2
-44244.2
-45806.4
-67021.9
-48810.2
-39078.9
-41464
-41230.6
-34998.9
-34395.4
-34301.9
-34281.1
-34317.5
-47567.2
-34314.1
-34317.5
-44635.6
-34313.2
-48288.9
-34313.9
-34315.7
-41474.3
-47121.9
-41636.1
-41878.2
-42039.9
-43641.9
-45285.6
-43324.6
-30562.1
-25243
-22618.9
-34312.7
-34312.4
-34312.6
-34313.7
-46052.2
-47883.5
-47416.8
-46986.6
)
;

boundaryField
{
    Wall
    {
        type            zeroGradient;
    }
    Inlet
    {
        type            zeroGradient;
    }
    Outlet
    {
        type            fixedValue;
        value           uniform 0;
    }
    Empty
    {
        type            empty;
    }
}


// ************************************************************************* //
