/*--------------------------------*- C++ -*----------------------------------*\
| =========                 |                                                 |
| \\      /  F ield         | OpenFOAM: The Open Source CFD Toolbox           |
|  \\    /   O peration     | Version:  2312                                  |
|   \\  /    A nd           | Website:  www.openfoam.com                      |
|    \\/     M anipulation  |                                                 |
\*---------------------------------------------------------------------------*/
FoamFile
{
    version     2.0;
    format      ascii;
    arch        "LSB;label=32;scalar=64";
    class       Cloud<passivePositionParticle>;
    location    "0.10005/lagrangian/kinematicCloud";
    object      coordinates;
}
// * * * * * * * * * * * * * * * * * * * * * * * * * * * * * * * * * * * * * //

150
(
(0 0.0822662 0.367816 0.549917) 175525 559194 2
(0 0.00400853 0.633566 0.362425) 175537 559200 1
(0 0.782071 0.17724 0.0406884) 175555 559207 1
(0 0.0574156 0.733032 0.209553) 147373 548789 1
(0 0.208457 0.151441 0.640102) 64946 529108 1
(0 0.800282 0.145245 0.0544731) 55425 525674 2
(0 0.215886 0.143445 0.640669) 175568 559212 2
(0 0.405037 0.149819 0.445144) 175513 559189 2
(0 0.339521 0.579492 0.0809862) 175648 559244 2
(0 0.187075 0.321886 0.491039) 159841 553732 1
(0 0.411624 0.322361 0.266015) 175568 559212 1
(0.380829 0.137974 0.290996 0.190201) 173271 400419 2
(0.035815 0.114283 0.431566 0.418336) 173268 515472 2
(0 0.18086 0.0450081 0.774132) 68837 529329 1
(0 0.269091 0.127832 0.603077) 103656 532591 1
(0 0.824646 0.0585599 0.116794) 109052 534523 1
(0 0.166485 0.576189 0.257326) 150203 550112 2
(0 0.288189 0.247194 0.464617) 159934 553763 1
(0 0.167986 0.100541 0.731473) 175852 559326 2
(0 0.425522 0.255404 0.319074) 125556 540829 1
(0 0.461693 0.433442 0.104865) 175844 559320 1
(0 0.92491 0.0188359 0.0562539) 48311 525591 2
(0 0.301157 0.317244 0.381599) 125417 540769 1
(0 0.780756 0.0750511 0.144193) 109274 534624 2
(0 0.320333 0.198812 0.480855) 109467 534706 1
(0.139301 0.0652112 0.0384463 0.757041) 142476 446252 2
(0 0.259777 0.28937 0.450852) 109279 534626 2
(0.346074 0.191124 0.331857 0.130944) 150426 446276 1
(0.688504 0.045834 0.0189744 0.246687) 27538 135706 1
(0.327556 0.0115268 0.593807 0.0671103) 27545 135721 1
(0.00463814 0.457073 0.379926 0.158363) 27551 135728 1
(0.429672 0.289938 0.110312 0.170078) 27548 24259 1
(0.408186 0.121565 0.248366 0.221882) 27545 135721 2
(0.0930363 0.0748449 0.43515 0.396969) 27659 24389 2
(0.0761837 0.221952 0.422383 0.279481) 88220 294746 1
(0.569747 0.290587 0.0190693 0.120597) 92223 135996 2
(0.220361 0.10105 0.564686 0.113903) 92225 135999 2
(0.165882 0.348112 0.3813 0.104706) 92220 135920 2
(0.636203 0.111108 0.243971 0.00871758) 20301 101738 2
(0 0.711064 0.135894 0.153041) 103884 532690 2
(0.221799 0.0935033 0.539104 0.145593) 27549 135686 1
(0 0.0036705 0.273743 0.722587) 109401 534682 2
(0.150198 0.543807 0.261886 0.0441084) 92230 302511 1
(0.129753 0.0498323 0.809926 0.0104882) 20291 57979 2
(0 0.652637 0.258425 0.0889372) 150494 550231 2
(0 0.442087 0.308218 0.249695) 109444 534698 1
(0.551412 0.139507 0.061179 0.247902) 92228 302507 1
(0.31797 0.300851 0.0876104 0.293569) 27838 136435 2
(0.0673782 0.525719 0.183916 0.222987) 92220 301219 1
(0.235372 0.269172 0.313655 0.181801) 92228 302512 1
(0.135785 0.135706 0.337957 0.390552) 92221 302494 2
(0.0985601 0.158149 0.695325 0.0479664) 2643 14116 3
(0.0629834 0.0643694 0.152448 0.720199) 4646 14117 3
(0.031942 0.0297263 0.059807 0.878525) 11137 24153 1
(0.352805 0.284782 0.11107 0.251343) 11141 61689 3
(0.0224759 0.471016 0.344745 0.161764) 525 3112 2
(0.524293 0.0951054 0.308133 0.0724683) 69906 248562 2
(0.510264 0.391881 0.0942677 0.00358786) 4619 24162 1
(0.0876913 0.717589 0.0194597 0.17526) 20269 101658 2
(0.316922 0.10771 0.470225 0.105143) 69907 100360 1
(0.00187908 0.272939 0.459852 0.26533) 10202 57937 1
(0.490858 0.0896293 0.182711 0.236802) 69907 248556 2
(0.00527621 0.600025 0.349667 0.0450314) 11142 61692 2
(0.22198 0.485086 0.255743 0.0371901) 70357 101682 2
(0.103371 0.11059 0.352373 0.433666) 70413 249724 2
(0.284926 0.367589 0.1686 0.178885) 2638 14050 2
(0.14313 0.0274711 0.142192 0.687207) 2638 14092 1
(0.191192 0.642312 0.135969 0.0305266) 2638 14071 3
(0.153856 0.209227 0.0765208 0.560396) 70412 249742 1
(0.278664 0.550336 0.144142 0.0268578) 69871 248479 2
(0.235499 0.421242 0.287461 0.0557981) 174337 249698 2
(0.189998 0.300061 0.348105 0.161835) 2636 14072 3
(0.158208 0.2995 0.0453616 0.496931) 2636 14072 3
(0.212166 0.500744 0.0441555 0.242934) 19988 100260 1
(0.236685 0.369851 0.31943 0.0740344) 88176 294632 2
(0.0733914 0.533271 0.138214 0.255123) 69804 100158 1
(0.277569 0.0663897 0.346834 0.309207) 57417 218469 2
(0.0683959 0.562585 0.059871 0.309148) 57414 57380 2
(0 0.343886 0.158566 0.497547) 142646 547136 1
(0 0.569321 0.206987 0.223692) 111496 535588 1
(0 0.217161 0.0503528 0.732486) 105521 533272 2
(0 0.355827 0.330104 0.314069) 32689 524335 2
(0 0.568586 0.177517 0.253898) 33661 528486 1
(0 0.365495 0.391274 0.243231) 33498 524428 1
(0 0.438725 0.0343232 0.526952) 147792 548964 1
(0 0.176984 0.437599 0.385417) 151873 550812 1
(0 0.740893 0.0474165 0.211691) 111494 535586 1
(0 0.46389 0.483782 0.0523273) 32689 524335 1
(0 0.522599 0.00905234 0.468348) 151875 550813 2
(0 0.294644 0.10172 0.603637) 138884 545515 2
(0.384209 0.420517 0.100798 0.0944754) 134298 424156 2
(0 0.624303 0.272062 0.103635) 97932 530216 1
(0 0.163112 0.442149 0.394739) 138969 545550 1
(0 0.243929 0.732662 0.0234089) 35804 524745 2
(0 0.119066 0.818277 0.0626574) 152261 550976 1
(0 0.2867 0.45632 0.25698) 112250 535921 1
(0 0.455205 0.096023 0.448772) 147856 548987 1
(0 0.283205 0.405762 0.311034) 147856 548987 1
(0 0.0212161 0.791524 0.18726) 143113 547297 2
(0 0.209878 0.0626874 0.727434) 143125 547301 2
(0 0.152565 0.638997 0.208438) 113999 536664 2
(0.03918 0.112512 0.00887631 0.839431) 143129 446275 2
(0.176008 0.367286 0.326502 0.130204) 39252 165443 2
(0.636135 0.145611 0.0428545 0.175399) 7510 41452 2
(0.165767 0.122495 0.576445 0.135292) 93659 304968 1
(0.231903 0.0802665 0.027698 0.660132) 93663 304972 1
(0.400937 0.0899442 0.158207 0.350911) 93663 304972 1
(0.407323 0.352124 0.0635831 0.176969) 93659 304968 2
(0.0219413 0.350932 0.278263 0.348863) 93664 304968 2
(0.041477 0.283351 0.463707 0.211465) 93659 304968 2
(0 0.311673 0.16722 0.521107) 139009 545566 2
(0.124891 0.365203 0.00738937 0.502517) 91518 301229 1
(0 0.153441 0.69564 0.150919) 148131 549086 2
(0.318667 0.0550574 0.0761982 0.550077) 25206 128246 2
(0.00384168 0.0656106 0.585558 0.344989) 25210 128244 1
(0.527346 0.0968162 0.0562841 0.319554) 91510 128247 1
(0.0313194 0.57235 0.244974 0.151356) 91517 301227 1
(0.651426 0.187044 0.122812 0.0387174) 91510 128247 1
(0.431906 0.216097 0.231313 0.120683) 91514 301223 2
(0.45945 0.195601 0.0376948 0.307254) 91510 301213 1
(0.46584 0.24387 0.0486844 0.241606) 7506 41421 2
(0.300775 0.255054 0.0207535 0.423418) 91523 301235 2
(0.0527369 0.154785 0.642997 0.14948) 93689 166304 2
(0.303394 0.0693902 0.459655 0.167561) 91523 301228 1
(0.0249032 0.470558 0.100862 0.403678) 39663 166328 1
(0.532334 0.125922 0.0320558 0.309688) 7481 41267 3
(0.435089 0.395985 0.0476839 0.121242) 7481 41267 2
(0.0292798 0.151177 0.753184 0.0663601) 13811 41269 2
(0.0262512 0.089352 0.224883 0.659513) 7484 41266 3
(0.473549 0.230812 0.0369524 0.258687) 39579 71459 1
(0.795999 0.0178073 0.000107514 0.186086) 81616 277576 2
(0.0339327 0.493259 0.132412 0.340397) 81624 277588 2
(0.0191343 0.217968 0.0823711 0.680527) 82285 129714 2
(0.0254061 0.0369814 0.283002 0.654611) 13812 61713 1
(0.0833121 0.19135 0.469796 0.255542) 81576 277483 1
(0.357648 0.0342913 0.0065439 0.601517) 83719 283662 1
(0.432894 0.523796 0.00856496 0.0347456) 83719 283663 2
(0.088972 0.0726129 0.00581447 0.832601) 83723 283662 2
(0.034443 0.0705354 0.299888 0.595133) 83724 283663 1
(0.249412 0.338788 0.355608 0.0561917) 82298 279257 1
(0.310792 0.182854 0.489327 0.0170264) 81587 277512 1
(0.0208596 0.0986313 0.0579932 0.822516) 91491 128121 1
(0.449139 0.0938237 0.198845 0.258192) 83725 283679 2
(0.127063 0.247463 0.536141 0.0893339) 91491 283679 1
(0.410561 0.281428 0.227468 0.0805432) 91491 301180 2
(0.067685 0.0718038 0.486096 0.374415) 81609 277548 1
(0.235719 0.275385 0.161702 0.327193) 81603 277536 2
(0.0208023 0.22139 0.535924 0.221884) 53624 207414 2
(0.469172 0.0551547 0.129192 0.346481) 81337 276877 2
(0.597748 0.0951306 0.286079 0.0210425) 81336 276828 2
)


// ************************************************************************* //
