/*--------------------------------*- C++ -*----------------------------------*\
| =========                 |                                                 |
| \\      /  F ield         | OpenFOAM: The Open Source CFD Toolbox           |
|  \\    /   O peration     | Version:  2312                                  |
|   \\  /    A nd           | Website:  www.openfoam.com                      |
|    \\/     M anipulation  |                                                 |
\*---------------------------------------------------------------------------*/
FoamFile
{
    version     2.0;
    format      ascii;
    arch        "LSB;label=32;scalar=64";
    class       Cloud<passivePositionParticle>;
    location    "0.10005/lagrangian/kinematicCloud";
    object      positions;
}
// * * * * * * * * * * * * * * * * * * * * * * * * * * * * * * * * * * * * * //

150
(
(0.138935 0.0139345 0.0227011) 175525
(0.134474 0.00947337 0.031275) 175537
(0.142488 0.0174876 0.0377543) 175555
(0.145523 0.0205235 0.0191089) 147373
(0.145812 0.0208119 0.0174607) 64946
(0.12494 0.000171217 0.00591835) 55425
(0.141762 0.0167623 0.0325993) 175568
(0.127875 0.00287446 0.0384364) 175513
(0.147739 0.022739 0.0348718) 175648
(0.123718 -0.00128223 0.040569) 159841
(0.14091 0.0159104 0.0358374) 175568
(0.177301 0.090476 0.000484051) 173271
(0.177606 0.0974552 0.000402301) 173268
(0.186607 0.0616069 0.0136835) 68837
(0.187858 0.0628577 0.0233182) 103656
(0.197277 0.0722765 0.042654) 109052
(0.185441 0.0604411 0.0348512) 150203
(0.182633 0.0576329 0.0470961) 159934
(0.176715 0.0517154 0.0493716) 175852
(0.169798 0.0447976 0.0285905) 125556
(0.168888 0.0438878 0.0346144) 175844
(0.160271 0.0352713 0.0124585) 48311
(0.15266 0.0276597 0.035115) 125417
(0.274328 0.100672 0.0379691) 109274
(0.273031 0.101969 0.0354979) 109467
(0.279668 0.0941574 0.0448332) 142476
(0.276539 0.0984603 0.0268085) 109279
(0.280107 0.0934685 0.0426712) 150426
(0.278178 0.0939314 0.0149714) 27538
(0.276675 0.0958907 0.0176924) 27545
(0.27517 0.0987025 0.0163322) 27551
(0.275157 0.0987921 0.0218315) 27548
(0.276036 0.0969997 0.0174402) 27545
(0.281018 0.0909874 0.0315392) 27659
(0.282353 0.0869594 0.0184115) 88220
(0.282308 0.0890338 0.0400348) 92223
(0.281848 0.0895775 0.0263917) 92225
(0.282848 0.0882817 0.0488275) 92220
(0.270779 0.103247 0.0160209) 20301
(0.269828 0.105172 0.0241506) 103884
(0.274871 0.0968347 0.0130718) 27549
(0.26703 0.10797 0.0392109) 109401
(0.282394 0.0880882 0.031715) 92230
(0.270323 0.10243 0.0119481) 20291
(0.262755 0.112245 0.0391151) 150494
(0.262553 0.112447 0.047237) 109444
(0.281893 0.0861279 0.0295012) 92228
(0.264406 0.10964 0.0197278) 27838
(0.282673 0.0886691 0.0497896) 92220
(0.281553 0.0861123 0.0288053) 92228
(0.282067 0.0850076 0.0441723) 92221
(0.280208 0.0838899 0.0147169) 2643
(0.281121 0.084336 0.0253112) 4646
(0.279544 0.084568 0.0250839) 11137
(0.278168 0.0854757 0.0334589) 11141
(0.27831 0.0844399 0.0439591) 525
(0.262255 0.0956498 0.00384061) 69906
(0.27579 0.0834611 0.0152246) 4619
(0.258432 0.10193 0.0115238) 20269
(0.261036 0.096824 0.0110761) 69907
(0.25623 0.105005 0.00749503) 10202
(0.261243 0.0966502 0.00894273) 69907
(0.274838 0.0845093 0.0494004) 11142
(0.253197 0.109041 0.0110617) 70357
(0.249921 0.112102 0.00279449) 70413
(0.271253 0.084206 0.0184862) 2638
(0.270654 0.0843546 0.0238397) 2638
(0.270203 0.0843302 0.0214025) 2638
(0.248832 0.114116 0.00606401) 70412
(0.261899 0.0867243 0.00209159) 69871
(0.242557 0.114551 0.000895416) 174337
(0.267906 0.0844481 0.0190705) 2636
(0.267813 0.0844885 0.0231421) 2636
(0.264548 0.0854324 0.0228123) 19988
(0.251441 0.0854064 0.0349668) 88176
(0.247616 0.0895626 0.0064971) 69804
(0.242413 0.0871525 0.00530006) 57417
(0.240672 0.0874144 0.00461281) 57414
(0.123066 -0.00193428 0.0583992) 142646
(0.1225 -0.00250048 0.0785583) 111496
(0.124156 -0.000844199 0.0673927) 105521
(0.123424 -0.00157643 0.0834536) 32689
(0.141553 0.0165526 0.0839184) 33661
(0.126574 0.00157358 0.0851745) 33498
(0.132944 0.00794411 0.0592066) 147792
(0.138308 0.0133077 0.0738938) 151873
(0.123667 -0.00133312 0.0641195) 111494
(0.123 -0.0020006 0.0871151) 32689
(0.140113 0.015113 0.0720162) 151875
(0.132646 0.00764622 0.0506358) 138884
(0.11619 0.0739829 0.0995451) 134298
(0.193891 0.0688903 0.0523481) 97932
(0.186281 0.0612812 0.0739806) 138969
(0.173601 0.048601 0.0829037) 35804
(0.168975 0.0439751 0.0680059) 152261
(0.157568 0.0325683 0.0642919) 112250
(0.150981 0.0259815 0.059095) 147856
(0.150718 0.0257178 0.0580201) 147856
(0.277081 0.0979191 0.051303) 143113
(0.275524 0.0994759 0.0621082) 143125
(0.274967 0.100033 0.0664937) 113999
(0.28118 0.0926463 0.0501224) 143129
(0.275039 0.0989266 0.0849302) 39252
(0.281181 0.0887756 0.0793355) 7510
(0.282048 0.0871982 0.0826605) 93659
(0.282032 0.0873129 0.0801084) 93663
(0.282126 0.086729 0.0795275) 93663
(0.282224 0.0866074 0.0860535) 93659
(0.281847 0.086104 0.085482) 93664
(0.281904 0.0859631 0.0846837) 93659
(0.265719 0.109281 0.0552049) 139009
(0.28225 0.088224 0.0691464) 91518
(0.267354 0.107646 0.0644023) 148131
(0.283197 0.086606 0.0610301) 25206
(0.282951 0.0859738 0.0562392) 25210
(0.28242 0.0861266 0.060503) 91510
(0.281499 0.0870157 0.0650817) 91517
(0.28231 0.0857395 0.0596999) 91510
(0.282072 0.0859049 0.0513488) 91514
(0.281958 0.0859578 0.0610686) 91510
(0.28132 0.0837878 0.0849509) 7506
(0.281662 0.0861794 0.0724987) 91523
(0.263876 0.110249 0.0801269) 93689
(0.281688 0.0856245 0.0697227) 91523
(0.262993 0.110604 0.0882421) 39663
(0.278699 0.0836788 0.0809756) 7481
(0.277794 0.0838342 0.0801559) 7481
(0.27953 0.0839707 0.0749447) 13811
(0.276459 0.0831995 0.076512) 7484
(0.257062 0.103671 0.0980297) 39579
(0.264025 0.0915055 0.0968908) 81616
(0.261634 0.0958893 0.0910547) 81624
(0.252058 0.110787 0.0942457) 82285
(0.27382 0.0847499 0.0501593) 13812
(0.263403 0.0869177 0.0972697) 81576
(0.27225 0.0857253 0.0648374) 83719
(0.272106 0.0857209 0.0654224) 83719
(0.272507 0.0851689 0.0620185) 83723
(0.272085 0.0847223 0.0741231) 83724
(0.248585 0.114592 0.0909948) 82298
(0.261408 0.0866546 0.0946336) 81587
(0.266315 0.085422 0.075143) 91491
(0.267172 0.0863481 0.0698962) 83725
(0.266152 0.0866986 0.066535) 91491
(0.263787 0.0869333 0.0687764) 91491
(0.256723 0.0922361 0.0909845) 81609
(0.255925 0.0922061 0.0902306) 81603
(0.224244 0.0969205 0.0986822) 53624
(0.222635 0.0882251 0.092086) 81337
(0.220502 0.0858034 0.0911098) 81336
)


// ************************************************************************* //
