/*--------------------------------*- C++ -*----------------------------------*\
| =========                 |                                                 |
| \\      /  F ield         | OpenFOAM: The Open Source CFD Toolbox           |
|  \\    /   O peration     | Version:  2312                                  |
|   \\  /    A nd           | Website:  www.openfoam.com                      |
|    \\/     M anipulation  |                                                 |
\*---------------------------------------------------------------------------*/
FoamFile
{
    version     2.0;
    format      ascii;
    arch        "LSB;label=32;scalar=64";
    class       vectorField;
    location    "0.10005/lagrangian/kinematicCloud";
    object      U;
}
// * * * * * * * * * * * * * * * * * * * * * * * * * * * * * * * * * * * * * //


150
(
(0.406371 0.416565 -0.0294315)
(0.281615 0.283039 -0.00416109)
(0.307459 0.308192 -0.000437669)
(0.430917 0.433354 -0.0169404)
(1.56172 1.53048 -0.0466308)
(0.804815 0.888087 0.00375462)
(0.281813 0.281776 -0.00443478)
(0.27781 0.27921 -0.000314513)
(0.287497 0.288644 -0.000951167)
(0.259829 0.259907 0.000840428)
(0.282305 0.282268 -0.0044336)
(0.919587 0.468868 -0.000802304)
(0.846273 0.316636 -0.00129997)
(1.90178 1.86999 0.0310645)
(0.503456 0.509913 0.0139546)
(0.7808 0.578038 0.0236632)
(0.324367 0.32294 0.0112959)
(0.340177 0.339312 -0.00244582)
(0.2967 0.295778 -0.0035018)
(0.296427 0.296239 0.00148189)
(0.276402 0.277086 0.00565422)
(1.53187 1.54878 -0.220599)
(0.288093 0.288721 0.000935101)
(0.0154742 -0.0155536 -0.000261437)
(0.0105347 -0.0106021 -3.59257e-05)
(2.46759 -1.70912 -0.0150023)
(0.0030819 -0.00306704 -0.000202611)
(2.50502 -1.73012 -0.0161851)
(2.43658 -1.67427 -0.0825654)
(2.40092 -1.64425 -0.0860275)
(2.35381 -1.61155 -0.0904188)
(2.35005 -1.61553 -0.106244)
(2.38159 -1.63096 -0.0879824)
(2.58485 -1.74426 -0.0587817)
(2.57538 -1.74683 -0.0683227)
(2.63031 -1.77678 -0.0106062)
(2.61505 -1.74892 -0.0602416)
(2.65721 -1.78139 -0.00884688)
(2.25817 -1.52417 -0.0998817)
(0.0226473 -0.0226332 -0.00275403)
(2.41899 -1.60082 -0.0886676)
(0.0350485 -0.0351695 -0.00104278)
(2.66505 -1.75082 -0.0564196)
(2.27362 -1.49028 -0.114605)
(0.0430401 -0.0432547 -0.0011931)
(0.0413342 -0.0415322 -0.000195016)
(2.7341 -1.72012 -0.0531412)
(2.13105 -1.38118 -0.123992)
(2.63971 -1.78055 -0.0139724)
(2.75175 -1.70985 -0.0521705)
(2.78988 -1.73692 -0.000328033)
(2.72352 -1.69614 -0.0557947)
(2.81207 -1.6844 -0.0474575)
(2.82817 -1.65469 -0.0397942)
(2.8567 -1.60082 -0.0460305)
(2.88378 -1.62964 0.00273322)
(2.36707 -1.47203 -0.0462366)
(2.8613 -1.60111 -0.0403166)
(2.29093 -1.33854 -0.0779008)
(2.43019 -1.40305 -0.0687756)
(2.21716 -1.27291 -0.0791284)
(2.43104 -1.41009 -0.0686677)
(2.98631 -1.53798 0.00534602)
(2.12565 -1.18064 -0.0878775)
(1.98497 -1.10563 -0.0398341)
(2.93564 -1.47823 -0.0348091)
(2.9456 -1.45913 -0.0351793)
(2.95452 -1.44774 -0.0341107)
(1.98664 -1.04662 -0.09541)
(2.6437 -1.51607 -0.0470237)
(1.41867 -0.856818 -0.0197121)
(2.99655 -1.38324 -0.026504)
(3.00053 -1.37784 -0.0294857)
(3.05477 -1.26827 -0.0229934)
(3.27895 -0.839561 -0.00781255)
(3.06426 -0.81453 -0.0178766)
(3.03517 -0.862629 -0.0286044)
(3.04824 -0.776981 -0.0252048)
(0.260163 0.260234 -0.000450743)
(0.339525 0.350238 0.0374765)
(0.247713 0.248506 0.00393929)
(1.04881 1.02769 0.10761)
(1.49571 1.46021 0.0639235)
(1.17576 1.1279 0.102281)
(0.299669 0.300051 0.000778743)
(0.296602 0.293802 0.0111436)
(0.251447 0.251573 0.00387528)
(1.04914 1.02801 0.107612)
(0.290759 0.288581 0.0109903)
(0.301781 0.302205 0.00132849)
(0.593051 0.80559 -0.0132786)
(0.512428 0.506739 -0.00196352)
(0.330042 0.331501 -0.0164377)
(1.75771 1.75511 -0.00145679)
(0.276941 0.277624 -0.00581164)
(0.282659 0.283592 -0.00259481)
(0.292598 0.292532 0.000568715)
(0.292775 0.292708 0.000567397)
(0.0136428 -0.0137256 9.89522e-05)
(0.0192027 -0.0192511 0.000454623)
(0.00280486 -0.00282097 2.09829e-05)
(2.52007 -1.72447 0.0130904)
(2.35332 -1.6094 0.095092)
(2.53564 -1.72921 0.0779228)
(2.57952 -1.73957 0.0683301)
(2.57724 -1.73947 0.0707831)
(2.58506 -1.74138 0.0691286)
(2.58709 -1.74288 0.0671565)
(2.6067 -1.73455 0.0659193)
(2.60842 -1.73548 0.0656051)
(0.0303384 -0.0304201 8.74303e-05)
(2.6636 -1.74528 0.0576655)
(0.0261186 -0.0263231 0.000408741)
(2.69405 -1.77678 0.00630831)
(2.7189 -1.76389 0.00449361)
(2.72744 -1.75105 0.00413277)
(2.70864 -1.71708 0.0541783)
(2.74553 -1.74484 0.00289795)
(2.75229 -1.73562 0.00263998)
(2.74831 -1.73655 0.00279963)
(2.70295 -1.7193 0.0555759)
(2.74179 -1.71364 0.0517883)
(2.11776 -1.36683 0.124551)
(2.77596 -1.71096 0.0494042)
(2.08621 -1.32229 0.133746)
(2.76649 -1.65473 0.0496835)
(2.78722 -1.63257 0.0481605)
(2.86134 -1.63987 0.0437314)
(2.85231 -1.61534 0.0405736)
(2.18032 -1.32052 0.0430867)
(2.45378 -1.5409 0.0482401)
(2.4535 -1.42375 0.0697529)
(2.06402 -1.15121 0.0946396)
(3.00431 -1.50397 -0.00626169)
(2.61294 -1.56107 0.0467333)
(3.0038 -1.4307 0.0341179)
(3.00653 -1.42603 0.0337647)
(3.01936 -1.46442 -0.0123911)
(3.01752 -1.4303 0.0316921)
(1.97231 -1.03852 0.0978913)
(2.65945 -1.50809 0.0449103)
(3.08173 -1.28727 0.0116206)
(3.09321 -1.26107 0.0248787)
(3.10758 -1.22156 0.0251927)
(3.1475 -1.14079 0.0195554)
(2.78036 -1.18084 0.0459408)
(2.80039 -1.14217 0.0432771)
(2.82647 0.107574 0.0337751)
(3.18154 0.678809 -0.0750156)
(3.04729 0.598902 -0.17771)
)


// ************************************************************************* //
