/*--------------------------------*- C++ -*----------------------------------*\
| =========                 |                                                 |
| \\      /  F ield         | OpenFOAM: The Open Source CFD Toolbox           |
|  \\    /   O peration     | Version:  2312                                  |
|   \\  /    A nd           | Website:  www.openfoam.com                      |
|    \\/     M anipulation  |                                                 |
\*---------------------------------------------------------------------------*/
FoamFile
{
    version     2.0;
    format      ascii;
    arch        "LSB;label=32;scalar=64";
    class       volScalarField;
    location    "5.6";
    object      p;
}
// * * * * * * * * * * * * * * * * * * * * * * * * * * * * * * * * * * * * * //

dimensions      [0 2 -2 0 0 0 0];

internalField   nonuniform List<scalar> 
2958
(
20937.2
38582
151272
-2094.94
28653.3
150359
37874.1
12418.1
-1922.38
5678.82
23194.8
-28220
8974.81
-28246.2
15762.9
21168.2
21044.6
9196.76
-27976.6
17716.6
-26229.7
26232.4
-13363.8
-8782.3
9165.69
18367.8
16143.7
-35891.8
10988.6
22233.3
18549.8
-238337
-29899.9
-193123
19236.5
10718.4
-28224.6
-25171.9
12706
16351.7
100816
11410.5
40362.8
19790
-28226.9
120610
23557.1
-62706.2
8256.3
-189920
21612
22985.6
-10971.5
22414.6
21309.5
4398.39
-9291.67
1366.39
20113.5
127393
17706.4
18385.4
33819.5
21917.6
-28359.3
-28108.6
22214.6
23707.3
352531
-1702.51
18513.1
-28208.1
267679
19919.2
-28170.5
30054.7
17258.9
34147.6
-27135.3
21828.1
9300.61
12253.2
-43865.9
-46133.5
19047.1
19183.2
21605.6
19024.7
26217.9
-40852
23465.9
29415.6
25585.4
-27856.3
6848.2
23835
15005.2
1576.76
-28260.6
-28232.4
149.977
20089.9
22123.5
28958.5
-31149.1
-9270.34
-28202.4
8481.01
-28708.1
22584.2
-36852.9
21606.7
-27618
7312.15
-28215.2
-28151.6
19401.3
21337.6
21330.2
20745
12827
-28216.7
25241.2
6694.83
9132.07
18260.8
25169.6
38936.7
20493.5
-27737.7
-27458.2
-28152.5
21240.7
-28214.7
-27890.6
-28282.1
5551.55
19434.8
-28201.8
-28256.1
18472.6
84189.2
-27325.4
-29245.6
20221.2
22595.4
-27801.3
-28236.3
35190.1
-28243.1
17762.6
14333
3569.47
-17372.5
9577.76
-28115.7
-38322.2
20744.3
37114
-25560.5
7747.01
494.683
13478.4
-28235.3
38021.1
-7520.8
2919.18
-28021.7
9685.21
70676.3
-202430
-28204.2
-28883.7
41918.2
-27916.5
154691
-14114.6
65122.9
-11534.5
349763
-205127
39208.7
11184.3
-68037.8
40257.3
25359.2
44709.9
-28737.4
26648.9
6301.41
21935.8
15156.3
96763.3
6003.89
29491.2
11864.8
36203.2
-179694
21679.9
5309.02
3540.2
-28144.6
20890.1
50441.2
4261.33
-38214.8
-15042.9
-40061.4
23946.1
5955.23
-28259.2
-40920.4
-28046.5
43610.2
-28164.2
-775.992
21970.4
-28411
-28405.9
-28252
-28051.4
45557.5
36518.3
22481.9
-144714
21698.5
-37371.1
-28471.4
36841.3
94056.5
55037
-92737.2
41987.6
17130.7
11241.6
-28030.2
-29105.3
20574.2
-29346.8
47738.3
-29487.9
46833.3
4475.69
-36376.8
17882.9
45814
48238.6
7694.88
22035.3
19388.9
-263.668
14342
19076.3
-10287.6
-1416.24
25171.2
21474
33954.6
17676
27095.5
21049.6
-33259
297886
136632
-22693.9
22962.9
10200
19254.5
-41484.1
-30225.3
-28223
22539.2
21100.8
-28222.3
45645.7
19255.2
-29136.9
-8675.28
-28075.1
44265.5
-28220.9
-27396.8
-22899.8
18099.4
61030
-28242.9
-17789.9
-25142.4
-45327.8
23245.5
-7808.07
7729.19
-28217.6
-28235.1
-18621.2
218752
-28250.8
21054.3
-28250.3
-6240.54
2064.7
30224.2
33537.2
-85.666
18426.5
-6237.41
-16297.1
-33021.9
20670.7
20170
-29256.3
20397.3
22478.4
-28722.6
48643.4
-143591
1674.51
36876.2
28131.8
18854.6
-430.446
20092.2
18871.1
12037.6
79560.7
-30271.4
21646.3
-29600.3
-40256.2
33048.2
21611
-4993.14
-28219.5
-28203.4
272568
-28205.1
141273
51260.7
143388
-29168.9
18940.8
39637.8
95972
14238.2
-28827.6
54055.3
-28749
20992.9
31028.4
20220.7
-37959.1
5974.19
-229680
15041.3
25108.4
21081.8
-28217.1
18371.6
122719
19961.8
31341.4
20336.8
9672.59
649335
13135.9
-158681
36576.8
-24974.2
2232.68
-424774
25247.6
2989.86
-28238.5
6838.03
21584.3
177041
21474.9
5927.08
135058
15824.4
17987
25965.7
-27544.5
18639.8
28113.7
-30582.4
18293.1
-198410
-35668.5
-27740
8535.2
-28118.8
-20667.4
20085.7
22435
211366
33662.4
-28242.2
-28109.7
185331
19898.1
21696.6
20513.5
1204.14
21834.5
20208.3
30610.8
19083
20537.8
30510.5
18017.4
9407.09
23138
226759
37646.7
179354
38619
3654.21
19789.1
19784.5
-28227
30767.9
18147.1
2077.77
13648.6
-32262.7
-6556.96
13732.7
21038.9
29997.6
28588.9
7563.61
282472
16630.8
6218.44
7064.39
15894.8
7249.96
18337.6
-28093.1
20626.2
21547.5
21424.6
13660.2
104629
-36736.7
-30307.7
-231545
-28099.5
19250.2
-27912.7
-245655
19433.8
30916.3
18436.6
2667.78
-28219.6
20863.2
12167.2
-28246.7
78801.4
393.77
16743.3
9675.13
21010.1
36893.2
19635.6
28093.2
21107.7
335798
8913.41
-28219.3
1921.44
164672
21149.1
18203.9
25880.9
16846.9
272388
22301.3
9524.69
95323.9
-28330.9
-201185
43629.6
18041.3
15594.3
25557.8
90194.5
21288.3
59909.1
51160.9
4899.8
18823.2
21382.2
20865.7
-8604.71
-29003.8
-30316.7
-27754.3
21812.4
-29184
-28313.7
19995
10688.8
-28209.9
-15975.8
24684.1
12420
16017.3
-31224.4
-28098
20255.3
-28071.1
21842.7
21799.5
54055.8
-69998.3
19401.4
19250.5
-61268.7
20500.2
20896.8
48903.9
21329.5
21110.3
-1275.6
-32899.8
22329.6
12137.1
22357.9
-40899.6
171077
-27902.6
-27351.4
36595.1
11252.3
71876.1
18314.9
22397
14747
21476.6
-28223.9
19314
-27270.1
-26955.2
22516
-14754.8
-28217.7
62518.3
-28364.5
-28181.8
34113.3
24455.8
1.97602e+06
14985.6
15442.4
21054.1
22030.7
-53052.8
19773.5
29559.6
22779.8
19998
20780.9
21417.6
-28332.5
21149.9
49145.1
21180.3
23990
19814.5
-29354.8
-29498
-28807.6
9102.23
-29632.2
-22209.2
-28283.9
13792.1
38432.7
49480.2
27880.9
30254.3
17770.1
-28890.9
-31636
-28166.4
41532.2
1705.77
-28262.6
-28538.8
17044
-11368.6
-32255.7
-80573.1
8391.69
-53576.2
19526.3
-44980.6
-28217.9
18878.1
-30605
19855.9
49913.3
20499.3
-72915.2
-3535.66
-30057.1
-28139.5
21026.1
-188667
-28372.6
-28252.4
22033.6
6721.11
38428.8
31887.2
-28230.6
14550.8
20830.7
678.719
15064
14238
18674.7
-27513.2
20379.7
19843.5
21455.6
-28253.2
25213.4
-28237.5
17415.6
-28249
-2388.9
22139.7
-29252.6
56241
13219.2
39396.2
-27412.7
24264.7
-69080
-28942.6
19552.1
-72641.8
38728.4
-28156.7
22522.9
-28202.2
-28167.5
12923.8
-26673.3
247.813
13518.7
17333.1
39984.7
-30094.8
-14228.8
-312895
300860
-30049.6
-27972.6
-36200.4
-45089
-28167.6
19255.2
-27997.6
19731.5
24303.5
-450443
16534.2
3067.14
-49156
113124
17265.5
21481
18617.2
-28160.3
-28110.8
21070.9
22674.5
-28106.8
-9861.96
-28191.9
23251.9
40971.8
21546
19488.7
31586.1
-41454.8
19817.6
18109.7
18650
20962.1
-36709.7
-20989.1
19545.1
20622.3
-28083.3
-28158.8
20986.8
22091.2
9002.5
18884.8
24014.5
25615.3
-14249.4
5851.82
37447.8
-164846
20311.8
19667.2
19798.9
30475.3
5557.79
-332.587
21335.3
39182.3
16125.8
94951.2
-28042.3
19199.8
-16403.7
-28281.5
26031.3
-28182.1
-116236
36981.3
-27973.9
19159.7
-36902.4
10572.5
25698.2
45192.2
4422.21
24712.7
60906.4
-26099.1
28127.6
21084.7
7614.8
-99380.6
18513.4
20519.2
-37475.7
14343.2
37427.2
60840.2
11279.1
1396.86
-208596
-28226.9
-24659.5
22426.5
22296.1
20421.4
19179.6
-67947.4
25077.7
-28129.3
-28099.7
-28259.9
15068
20004.2
-28276.4
21198.7
-28576.2
14888.8
-27975.9
-28290.2
22330.4
-39459.6
18447.4
-28244.5
-28471
-35420.2
17657.8
-28217.7
-28232.7
39625.3
-28214.5
-2494.19
18177
-28877.3
220553
21341.4
-28415.8
27211.3
20856.1
20057
12387.5
20945.9
15561.5
348942
13443.5
-35740.1
22310.5
18043.2
19555.1
40100.2
-27870
18972.9
8789.98
19074.3
-34876.4
19603.6
34208.2
41072.8
-52737.5
-18842.3
36801.7
9277.8
-28469.1
25795.7
17909.1
23495.8
19300.1
44998.8
-12554
8831.13
21465.3
9972.09
45464
21502.5
18787.5
21648
18750.9
19371.5
13858.1
42710.3
18987.1
20420.4
-37535.2
20689.1
30124.8
-42658.6
-28202
-20789.8
22882.1
16479.9
18446.5
-28203.3
-19744.2
-28214.5
22731.2
18520.8
57288.2
18753.5
21339.1
19823.2
19631.5
6325.62
-1451.22
30063.8
-30445.4
17741.1
-28725.3
7360.6
-31161
20971.8
31371.7
-25983.6
22557.4
8686.5
57745.8
38078.1
36061.4
-27868.4
25567.2
2164.1
-28236.3
29620.8
-53094.4
-16607.9
1.9615e+06
-307344
-28085.2
-20065.4
21723.7
-28132.3
-28126.3
-28229.7
-146036
20565.9
-187504
20958.2
-11525.4
22422.5
21076.1
-46420.7
21157.9
17390.3
-28231.2
37823.5
1192.86
21647.6
8345.51
21336.9
8461.89
58620.9
-98934.8
-28126.9
37178.9
19176
5512.57
18374.3
8855.97
105291
-27800
9284.26
44607.4
24280.8
-288490
2177.38
-191011
4594.77
-61738.2
23413.1
23462.2
-202877
40326.1
22190.2
21353.4
25316.5
24614.4
50597.2
23382.5
40717.6
27757.5
24763.9
4468.46
25345.7
23617.5
23345.5
25652.8
21244.9
19601.6
22340.6
21612.7
18196.7
19115.7
-28171.4
21247.9
-45156.8
26314.2
2408.9
4958.46
-35325.4
23601.3
7111.98
-12418
62208.8
-30500.4
9055.23
24282.1
60884.6
25663
36919.2
-28242.2
-30474.4
24776.2
26451.9
-24204.4
-28231.1
18280
-52720.1
31911.8
20506.2
2544.33
37438.7
18140.3
-9525.24
-28097.5
130247
-28097.1
18696.8
21587.6
11869.3
46672.8
-28117.6
9303.38
-28205.2
-41395.2
8328.71
18675.4
22033.2
19757.5
24108.5
24799
26703.9
18067.9
20906.3
262172
-82624.7
20530.8
8463.18
25560.8
14796
179171
40175.4
21549.1
111470
19803.3
-73074
17960.7
20360.9
20516.7
-20095.6
-28040.9
30557.8
20151.8
-28049.9
-40470.6
-91030.6
21542.6
-28228.6
-6966.47
-20422.2
44344.4
21365.1
9190.65
-42015.8
-41171.5
31085.6
-20087.5
21800.6
20721.6
-13521.4
864.446
-28008.6
57942.8
17224.7
21215.5
-28128.8
-28500.1
13547
-28224.2
-29205.5
-36933.8
20760.4
-14823.8
-29645.5
-28191.3
27705.8
-30083.9
21435.5
18661.3
8926.11
-28187.1
4124.88
21540.1
-44983.7
25814.4
-38133.7
9063.77
-28154.1
21528.7
-28220.1
-28483.6
-28181
-4332.39
18954.6
-36407.5
18707.8
8628.09
10575.6
20733.4
25967.3
19632.4
-28275.7
36518.7
-27980.1
-55937.3
-26098.7
-27964.7
-35632.9
4087.16
8244.75
42455.8
5846.58
18658
-41392
-231710
25195.6
-28594.9
22685.1
24897.8
12853.6
13525.9
8954.52
12010.5
656965
9454.5
11536.7
-28208.4
29653.3
17649.4
8682.27
111298
12976.2
80390.2
19887.9
-28440
-15478.1
8397.86
17653.7
-27979.3
4206.43
-28196.4
-28320.7
-28229.4
-28208.1
32181.9
-4858.09
223880
18057.4
27550.9
-252784
27987
19217.2
21123.8
40570.8
-11206.5
21892
22717.5
21649.2
21244
20333.2
-17813.7
-28183.6
-47390.4
7511.71
23218
9009.22
8935.26
-77778.1
21842.5
-28061.4
-27866.7
16050.5
-19254.7
19910.9
7865.42
19187.3
-3372.33
11852.3
21051.6
73489.7
37726.3
-28309
-4553.14
7852.99
4212.6
5118.93
23264.8
18680.9
11123.3
21567.3
-28087.4
41121.7
4008.89
4395.25
20395.9
20680.1
21412.6
339104
21884
94773.3
19845.7
-28180
20661.1
92339.7
8471.24
-28137.2
-28124
22090.1
21561.8
14762.5
19262.1
10014.8
2.01719e+06
-28220.9
12033.8
-46876.4
-28139
19493.5
-28047.2
19118.2
26520.5
-28229.9
17657.7
237177
18814
17347.6
14194.5
-28757.5
21594.2
-28494
21601.6
-6487.42
-41648.3
19854.6
-26673.5
51517.7
20311.9
-48272.9
-28311.5
21560.4
25853.8
20330.4
-14553.7
8860.09
9210.61
19713
5122.71
22218.6
23376.8
20844.5
-24573.5
-28284.2
7123.16
21601.5
14071.7
21143.8
21175.2
191004
18955.1
-29700.2
21589.6
16533.3
-28094
21174.5
-27172.6
12012.1
-27977.9
19135.7
24945.1
9764.15
43339.1
17594.3
-27291.3
40921.2
21635.9
21963.8
11447
19215.4
20598.1
10109.6
-28160.9
-28124.7
33030.8
34555.5
-28144.8
-24702.5
20169.4
18933
93142.8
19831.4
6302.95
153308
34729.9
21772.2
94919.7
21584.8
18794.6
4847.78
18727.3
22482
16919.3
4135.34
-195151
21728.5
21212.5
-27955.7
24569.6
16677
-12025.3
-14160.7
35829.8
133509
-43576.4
19128.2
-14830.8
9452.77
20126.6
10733.8
11430.2
18293.5
-28619.5
26091.9
20925
-28310.5
21862.2
18922.6
18943.4
21508.7
13157.9
-158.599
12766.2
26962.6
21741
19136.6
9643.18
21323.8
18272.6
15597.7
17080.1
21869
-28294.2
6222.22
37949.1
-30466.9
22232.5
17307.8
45393.1
18286
-34069
18558.9
27876
-27554.3
19047.9
21804.8
-82838.2
-114166
19788.7
22274.6
22384.3
153277
31879.2
-28337.4
214354
-28213
-33636.2
-28239.2
212578
-28317.1
17717.9
2.05504e+06
45524.7
-28337.4
5971.19
-28252.5
-27799.9
17831.3
-28131.3
85312.1
-28408.8
21711.3
-28254.3
4586.04
2270.83
21463.5
-28208.2
14080.4
-9291.62
224474
-28075.7
39638
-28036.5
-41567
-28165.9
-6753.82
222976
-28127.9
-29526.7
-2229.48
18847
29968.3
-9294.44
-24056.2
-15599.8
-27924.4
619.777
-27987.7
-24212.8
23772.3
19977.7
-27896.7
-110.219
-29859.2
5337.01
19930.2
40467.3
18012.3
20355.2
-68022
18675.2
16455
21702.4
-28263.2
-28376.9
15784.9
-4211.95
13079
-24886.2
17948.4
-27969.9
-28235.8
-27694.6
-30008.2
12712.7
308855
16567.7
38711.2
20355.6
-38178.7
-28137.2
-28106.2
40131.5
-6712.14
160652
25315.7
25745.9
-16653.6
9449.02
13988.5
1773.37
25242.7
-28222.7
-52874.7
21624.1
19889
16316.8
2.01515e+06
-28189.3
19904.5
14316.7
23288
-28162.7
15462.3
-152287
-16749.3
-28176.9
6651.99
4298.32
-28034.3
-28117.2
-28073.3
-28008.6
-28241.4
-28139.8
73197.7
15196.9
7665.29
7926.78
10776.7
22990.1
18660
21679.4
-28079.4
-28221.9
7071.36
25455.3
-28117.8
22519.4
-431562
-28509.5
18546.3
12243.5
-342056
38611.3
-98610.7
36717.2
7109.21
-29743.1
20568
15524.6
18943.2
-28336.8
-31494.1
22041.9
22482.1
-28083.4
-33185.9
15927.4
20418.7
-28248
11678.3
38463.2
21786.3
18293.2
28005.4
19879.9
-28233.3
21059.1
35156.9
21740.1
218573
20972
6252.96
-29118.3
20625.1
18664.9
21065.4
15786.9
20494.5
108814
105823
19870.8
158075
22478.5
18006.5
7342.48
37443.2
21138.1
17270.5
22273.7
20559.7
25929.8
-28542.5
-28141.6
-307.667
16105.9
10501.4
21496.5
569396
19950.6
266536
171856
-30652.1
-41500.9
160358
-11806.1
22964.5
21284.3
-28224
19531.1
19138.9
649657
1.96756e+06
19054.8
-28218.6
23417.4
574487
18705.3
15431.2
7997.12
-28226
20723.5
18063.5
17080.4
64941.5
20297.9
-28228.2
20056.6
-28209.8
20446
17902.5
20069.3
21506.7
21734.9
21303.9
-28069.2
-11565.1
30135
10893.5
-2728.79
-55345.4
-2680.42
-27121.6
21302.9
-11817
8182.56
38744.9
18814.1
27439.2
22324.2
-28205.5
1848.18
113868
13380
-1431.55
1114.07
1401.41
41165.7
129927
32453.4
19235
20626.3
23816.4
20614
-29097.4
-28260.6
-28292.2
-29186.2
-18345.3
-28236.8
-28178.1
25515.3
1415.38
-28126.3
-60612
18121.9
-27207
22618.4
11965.2
8388.8
-136454
10709.8
11242.3
26104.8
-37221.6
339055
141817
21807.4
203758
-29439.1
16630.3
20997.9
21199.7
19833.8
19246.7
-28122.3
-28509.5
13449.6
-28208.8
-28137
69082.9
-24071.8
-28125
21186.5
-28215
15301.1
9939.33
-30196.6
21159.4
39756.4
-6342
18657
-9726.4
2911.35
8274.34
26683.3
95963
21121.5
12641.5
20659.6
-2314.34
-28028.3
20930.6
-28059.7
-17607.4
7023.38
22537.3
20629.3
-31172.3
37320.6
17754.8
30811
-28064.9
-28063.6
-28089.2
-28089
-28089.1
-28068.5
33100.7
32117.8
59286.9
106168
66649.4
70203.9
-17956.9
-48963.7
-37304.3
10043.1
-55085.3
-18168.8
-41997.6
1500.26
-82242.2
-82440
33582.9
-297251
581787
-47703.2
-273129
-200181
-241426
-105337
-58388.3
-185649
-105291
19395.7
17429.8
6621.68
-2355.16
29910.2
-94113.6
30367.5
-43322.8
7781.49
28257.9
-45344.5
-109079
-32657.1
-99232.7
-32329.3
-28242.4
-28218.2
-28329.3
-28222.3
-28189
-28174.8
-28340.2
-28146.3
-28802.6
-28341.1
-30926.5
-31329.2
-29128.1
-32610.9
-3465.73
-91735.8
-1095.23
-3422.3
-94825.7
-39815
-37419.4
-102855
-120009
12301.6
-4975.45
-72639.5
-61765.1
18980
20744.1
19437.7
19287.7
19018.5
21597.9
19394
19636.6
21129.2
19542.7
22238.8
18373.6
18516.4
21191
20794.4
20485.8
20255
20418.4
20527.7
20634.6
20366.4
20271.3
19505.1
19798.5
19515.5
19097.2
18855.8
18051.9
17921.8
12578.3
12926.1
12861.3
9421.48
5153.9
3873.7
4221.98
-19469.9
-24872.2
-18499.5
-20489.8
-24719.4
-21179.5
-25199.1
-26098.2
-25996.5
-29152.3
-28908.5
-27426.9
-34627.5
-30940
-43522.9
10274.7
27295.3
11163.4
-27610.1
-41504.1
12684.4
12039.9
25331.7
24344.6
57117.7
67890.8
69133.8
68742.6
15977
51090.4
72775.2
131960
113620
127883
58084.1
219217
104377
196391
196204
-13974.7
-9605.78
-8658.95
7294.84
4128.66
10097.6
13488.4
-6827.51
-24536.7
-154268
-19495.1
18212
43900.2
30492.4
27678.7
29006.8
22535.8
27483.5
28389.2
97538.3
65730.7
67081.6
46463.3
44681.8
4860.97
38930.6
40526.1
16016.8
15566.2
14494.5
15805.9
17007.2
15772.8
14697.2
16614.2
15114.6
-41741.8
-29283.9
-25563.8
16286.1
-16257.7
-3337.28
3691.38
22871.3
4477.87
22916.8
27573.4
30512.2
-46583
30921.9
33614.6
-46190.7
31255.2
30645.7
45224.1
29770
44507.1
45043.7
54779.2
94585.7
93659.4
93033.7
44050.4
71558.5
70578.9
39029.5
43533
44601.2
25970.1
39496.2
37012.7
36499.9
37105.4
36625.1
36794.5
37133.7
37674.2
36496.7
40341.4
19039.8
22956.6
11878
15392.2
17404.8
16414
17710.4
18866
17998
18341.2
18159
18757.4
17967.5
18802.3
18984
18047.4
18933.9
19781.1
19391.4
19789.4
19923
20386.4
-23801.3
-23164.5
-24812.7
-21882.1
-21958.7
-21681.1
-19871.7
-21129.3
-21455.8
-22136.9
-21260.4
-27548.7
-27428.4
-27265.9
-27584.4
-28899.5
-27783.8
-27551
-28900
-27800.1
-27915.9
-27891.1
-27905.7
-27909.5
-27890.4
-27970.4
-27459.6
-27417.8
-27923.3
-28128.8
-28094
-28011.3
-28063.6
-28060.7
-28056.1
7187.42
-28168
-28174.3
-28262.2
-28278
-28265.8
-28144.7
-28147.7
-28282
-28207
-33068.3
6083.09
-99351.9
-2419.54
-29018.3
-30301.2
-29570.3
-21929.6
21733.8
20633.7
20392
19670.1
19460.1
-3312.81
-27108
-29492.2
40874.7
-274641
8114.01
13982
60398.7
17198.1
25478.8
101787
108395
194937
75349.8
9496.67
-269268
-142485
23723.2
26477.2
-52258.5
7744.76
16530.2
3766.89
15665.4
16734.9
16476.1
7110.77
8265.83
2010.62
15415.6
-21901.4
15400.7
30539.1
34389.6
32620.1
29568.7
60529.8
68597.2
56701
65713.6
40034
25203.3
25720
36397.6
36243.4
36926.7
37285.8
15389.5
17822.6
18661.3
18817.4
17284.7
18870.3
18781.9
17722.9
18907.1
19780.2
19803.7
19789
-23762.6
-19404.3
-21930.9
-27782.3
-27527.1
-27697.5
-27604.9
-28938.9
-27946.9
-27934.8
-27941.2
-27938.4
-27995.4
-22028.3
-28027.9
-28107
-28063.5
-28121.4
-28099
-28185
-28146
-28283.3
-28220.3
-28256.4
-28235.1
-28232
-28224.3
-28227.7
-28226.2
-28221.1
-28229.2
-28204.8
-28222.6
-28235.5
-28218.4
-28230
-28254.2
-28238.6
-28269.8
-28222.1
-28431.9
-28434
-28484.7
-28548.1
-28403.5
-28504.6
-29210.4
-28528
-29184.7
-29927.7
-29795.1
-25936
-26447.6
-27541.6
-32416.2
-27110.7
1689.14
24250.4
19237.3
19869.3
18442.4
18316.4
-3400.82
10476.8
9481.56
3674.34
-52486.7
-35153.7
-46409
11682.7
-55255.5
21180.8
22605.1
22347.3
21303.6
21494.7
21772.1
21808.1
20679.1
21406
20608.4
20262.1
21523
20744.6
19134.2
19692.9
18935
19229.1
19251.9
18592.1
18713.7
18461.5
18794.1
19164
17406.3
17763.1
16367.9
15802.4
19446.2
15775.2
16462.6
14925.5
13380.7
14129.7
10651.4
10597.8
10719
9283.34
9435.07
9430.47
8648.68
8743.21
8477.49
4637.42
6520.18
7356.53
1602.99
7916.01
9571.7
12376.3
10153.3
12349.4
27691.4
20864.1
19415.2
20790
30236.2
18205.4
-1325.56
31150.7
29559.1
-2101.94
38271.3
35482.7
38623.6
38826.7
38506.1
105256
59443.6
-23365.6
-11958
-17252.5
13551
-7240.05
10063.2
15650.1
6504.39
7881.15
28492.6
41449.4
166187
64094.5
34580.2
-60243.2
3.75568
-135923
20906.4
16250.2
18457.6
20056.5
20089
17999.2
21526.7
20462.2
20758.4
20497.8
45472.8
39570.8
27718.2
-41466.2
28276.4
31466.6
29133.1
21840.5
12730.7
15860.7
5583.27
6674.43
10641.6
18839.6
16399.9
16284
16170.9
6438.31
7533.45
8097.82
7959.96
8708.84
3816.3
7471.03
6736.81
788.292
823.312
8171.66
4127.7
4581.86
3545.24
3886.43
-41431.6
3976.06
36290.7
-46696.6
15512.2
16213.2
67696.7
42710.1
49893.5
15117.8
64091.3
52563.1
35627.3
38875.5
11490.7
10255.1
18824.7
39147.5
13083
14603.1
22903.7
20094
22777.4
25490.3
25330.7
25417
25832.2
25515.5
25024.5
25812.5
25498.7
25275.3
25789.5
24317.1
26010.2
24969.1
22726.2
24650.3
20629.6
23924.5
23180.8
21854.1
21226.3
21643.3
21988.7
21676.5
21567.5
21474.1
21563.5
20788.8
21205.8
15989.6
21353.8
21642.7
21534.3
-29880.5
-19414.9
-30584.2
-28258.1
-28463.6
-28113.7
-28473.8
-28133.2
-27992.2
-27816.1
-27406.6
-27734.9
-28046.1
14740.1
-28059.4
-27998.2
-27977.3
-28032
-28017.1
-28062.8
-28020
31292
-28105.1
-28088.6
-28108.9
-28143
-28103.3
-28092.3
-28283.2
-28214.2
-28280.8
-28184.3
-28293.3
-28278.4
-244305
35632.2
28218
16916.3
17850.9
18130.5
-28246.8
-28248.7
-28254.4
-28244
-28228.5
-28230.2
-28218.7
-28229.2
-28213.5
-28235.5
-28297.5
-28279.2
-28288.4
-28207.8
-28152.7
-28418.9
-28316.8
-28273.3
-28472.3
13881.9
-28435.6
-28590.2
-28600.5
-29644.2
-27554.1
-27463.3
-27451.8
-29959.3
-32338.7
-61155.8
-82311.4
22485.3
16285.8
16036.3
18700.6
21132.3
18609.7
18260.7
19713.4
10033.7
586.61
7116.81
1619.18
14959.2
6580.44
-4946.61
20770
21490.5
22090.6
20893.7
21291.5
20941.3
21101.2
20966.2
21867.8
21158
22916.4
20499.6
20644.5
21313.6
21471.6
20946.1
21253.7
21714.8
21330.9
21303.7
21384.5
21563.1
21204.9
20668.4
21834.1
21501.1
20781.1
19548.7
21019.7
21686.9
20488.9
21470.2
20881
20038.4
14463.9
19433.3
20320.4
19701.5
7323.42
12441
19146.1
19092
18921.9
19102.1
19030
18894.5
19178.2
18492.8
11200.6
2553.99
16482.7
8188.43
21893.4
19626
6836.27
9704.56
6586.36
15196.9
2544.26
16266.1
20068.2
32037.7
27882.7
31728.1
23042.6
19172.7
29732.3
29911.2
25661.7
26515.7
25424.4
32707.5
31354.2
33654.2
33109
45183.3
21273.1
27834.4
33274.9
37941
35541.3
101856
40307
64158.7
170526
93326
24206
23803
27715.1
26317.2
36209.4
19439.2
22219.2
19809.4
20304.3
19507.8
17048.9
18665.9
28597.7
15320.4
8234.33
38719.1
-165326
-22211.7
28405.3
20852.5
19156.2
17396.9
18558
16936.8
18122.8
18724.6
18208.9
18952
18754.2
19321.2
20086.8
22366.6
23697.7
20419.9
39710.4
21921.8
21752.7
35771.4
25032.2
35874.9
35497.6
38528.3
30239
30234.6
29584.8
14929.2
12328.5
6316.29
14612.2
8696.54
7642.94
7035.25
8603.27
9427.22
7231.82
6966.67
8387.31
7274.78
6618.88
5835.53
6416.09
8751.75
6121.74
3515.27
7852.84
7427.15
7760.83
10740.3
10821.9
14045.1
21834.3
44618
15012.2
30819.1
-27645.7
-29102.2
-8531.41
-50163.9
10358.3
9680.58
12955.2
23351.5
11889.7
13997.6
9895.62
16181.6
24831
20037.9
15942.4
20700.6
25210.5
25825.9
22500.3
22451.8
25854.9
22348
22316.5
22496.4
22196.8
21456.7
22196.2
25504.7
22389.5
21678.9
21240.2
22154.5
22836.1
23017.7
22462.3
20786.4
20970.6
8645.42
22796
23673.4
21808.4
22531.8
22127.1
21618.7
22539
21849.9
22137
22557.8
21289.9
21953.4
20939.2
21477.5
21487.4
22166.2
21740.3
21904.5
21560.1
20724.2
21605.3
21777.8
-27745.3
-73192.7
-27772.9
-27876.9
-28001.7
-28061.8
-27847.8
-27583.8
-27922
-27914.7
-27898.8
-27989.8
-28088.9
-28100.7
-28078.6
-28079.6
-28018.1
-28038.9
-28046.1
-28102.6
-28105.9
-28118
-28129.7
-28107.8
-28122.9
-28139.9
-28095.7
-28169
-28101.6
-28283.6
-28183.5
-28277.6
-28212.8
-28186.1
3294.25
8074.41
23166
32926.2
26047.2
24763.9
28401.8
25081.5
25590.5
18360.5
18758.6
26532
19291.2
17937.2
-8253.88
18859.4
16786.9
17352.2
-28207.3
-28253.4
-28256.3
-28224
-27553.7
-27191.8
-27772.6
-27714.9
29963.8
27849
18855.2
30108.3
48234.2
-28269.9
-28239.7
-28207.4
-28226.1
-28108.7
-28379
-28032.8
-28342.3
-28109.4
-28065.9
-28149.5
-28205.4
-27952.3
-27902.9
-28489.3
-28255.8
-27513.7
18808.7
18433.1
18243
17099.3
7327.43
8386.18
8590.63
9736.36
20750.2
18663.7
19719.6
21530.3
21443.8
21221.9
20985.7
21240.3
21137.9
21780.8
21176.8
22929.8
22861.6
21413.7
21617.1
21896.5
21299.2
23599.5
22831.9
24587.8
21840.6
21752.3
21291.3
23130.4
19014.1
22356.5
22568.7
18171.1
19708.9
17171.7
-28221.7
-28220
3843.79
4627.35
6387.11
5349.58
8553.01
8735.88
20915.6
22226.1
18028.5
21646.2
23403
22285.8
24013.5
24240.6
28796.3
32366.6
34187
27999.5
30541.7
26137.1
30259.2
28104.2
18272.4
25036.7
16923.2
24408.8
21959.4
20237.7
18753.6
21393.4
17973.6
17332.9
19627.6
20054.9
17718.4
9701.46
9743.64
8778.42
20265.5
22271.3
21791
18298.9
25885.1
26193
33126.7
5437
6053.68
4256.69
10103.5
7622.05
7482.09
8957.85
12851.8
-27859.3
-27902.1
-28424.2
-27978.1
-28194.8
-28308.3
-28179.6
-27985
-28167.7
-28099.5
-28137.5
-28157.2
-28133.2
-28111.4
-28152.1
56987.6
5897.73
2548.61
4141.98
18741
-28156.6
5202.58
7822.9
-27705.2
1061.02
19151.7
20083.6
-28156.7
-28329.6
24835.4
27633.5
21824.7
21968
13244.1
6108.4
8846.67
7904.3
40507.2
8592.46
20618.4
21162.3
21635.3
-27957.8
-28458.1
-27716.9
-28078.6
-28096.8
-28395.2
15331.2
17182
-28452
-28504
-27865.1
19581.9
20682
-28242.5
17196.1
17075
30892.4
20415.6
32022.6
37333.2
42207.3
9675.27
8258.71
22733
17342.2
27492.7
7816.52
7870
7189.13
9230.17
14927
22483.6
22303.8
21465.7
-28084.4
-27956
-28156
-28117.8
-28219.2
6060.5
7726.83
-27767.9
8768.8
22253
23567.6
-28110.6
22384.8
5827.01
28974.7
35762.5
-28247.5
-28214.9
10546.1
-28109.4
-28090.6
58256
-71088.2
-78088
-28188.8
-95757.2
-50119.6
4617.45
-28126.8
-42245.8
29833.4
-91202.2
-63644.9
19411.3
-28096.6
20607
-28076.2
-27749.4
58890.9
64604.2
55810.2
32073
13537.6
16912.2
17378.2
15680.7
82997.1
37614.6
21964.7
16309
22420.9
22527
18993.6
18945.2
17684.2
19799.2
-23344.2
22774.3
-21717.2
-21921.6
-21428.3
-27090.3
22366.7
-27465.9
22364.7
-27938.8
-28078.7
-21751.8
-27931
-28061.8
-22081.3
-28266.2
16631
18703.6
9071.98
21563.1
19777
-27570.9
-28439.2
-28060.3
9020.97
-28107
-28446.4
-54921.3
21248.9
13083
12124
28283.4
39816.2
29931.1
7977.89
9763.32
7634.71
37401.1
18795.9
24616.2
21283.5
21617
-30641.2
-28340.2
-27695.2
-27465.3
-28099.5
8494.98
-28228.2
-28353.6
17589.8
-28212.1
6110.68
-28210.6
-28447.3
21496.7
6669.98
21331.9
20386.9
19831.8
16788.9
14178
16737.5
21531.4
41186.9
56336.7
-28199.2
-28202
-28198.6
-28204.7
17381.8
16099.6
16925.8
17038.4
)
;

boundaryField
{
    Wall
    {
        type            zeroGradient;
    }
    Inlet
    {
        type            zeroGradient;
    }
    Outlet
    {
        type            fixedValue;
        value           uniform 0;
    }
    Empty
    {
        type            empty;
    }
}


// ************************************************************************* //
