/*--------------------------------*- C++ -*----------------------------------*\
| =========                 |                                                 |
| \\      /  F ield         | OpenFOAM: The Open Source CFD Toolbox           |
|  \\    /   O peration     | Version:  2312                                  |
|   \\  /    A nd           | Website:  www.openfoam.com                      |
|    \\/     M anipulation  |                                                 |
\*---------------------------------------------------------------------------*/
FoamFile
{
    version     2.0;
    format      ascii;
    arch        "LSB;label=32;scalar=64";
    class       vectorField;
    location    "1.00005/lagrangian/kinematicCloud";
    object      U;
}
// * * * * * * * * * * * * * * * * * * * * * * * * * * * * * * * * * * * * * //


150
(
(3.43434 1.02016 -0.131764)
(3.13497 0.904597 -0.0931777)
(3.43434 1.02016 -0.131764)
(3.36614 0.991105 -0.12309)
(3.45597 1.046 -0.139545)
(3.38749 1.00876 -0.150587)
(3.00604 0.905002 -0.162215)
(3.36614 0.991105 -0.12309)
(2.20593 0.761644 -0.0594034)
(2.59502 0.819597 -0.0941323)
(3.05242 0.922247 -0.18004)
(3.00604 0.905002 -0.162215)
(2.20593 0.761644 -0.0594034)
(3.00604 0.905002 -0.162215)
(2.59502 0.819597 -0.0941323)
(2.45669 0.755251 -0.197182)
(2.45669 0.755251 -0.197182)
(1.90967 0.712202 -0.0774534)
(2.8904 0.665109 -0.139204)
(1.90967 0.712202 -0.0774534)
(1.90967 0.712202 -0.0774534)
(3.10102 0.736755 -0.130222)
(2.20593 0.761644 -0.0594034)
(2.45669 0.755251 -0.197182)
(1.90967 0.712202 -0.0774534)
(2.52807 0.760469 -0.223865)
(2.52807 0.760469 -0.223865)
(2.36545 0.710048 -0.168946)
(1.88681 0.578535 -0.260754)
(2.20593 0.761644 -0.0594034)
(1.50524 0.638626 -0.0604451)
(2.79156 0.858078 -0.050991)
(2.20593 0.761644 -0.0594034)
(0.0252912 0.00925828 -1.46417e-05)
(3.54499 0.943071 -0.0332735)
(3.92225 1.12147 -0.0809221)
(3.7021 0.910469 -0.0285868)
(3.7021 0.910469 -0.0285868)
(3.98451 1.1139 -0.0631998)
(3.77305 0.978352 -0.10289)
(3.88813 1.11604 -0.083028)
(3.52361 0.709555 0.113425)
(3.24061 0.921796 -0.0405844)
(3.988 1.07156 -0.0444754)
(3.94153 1.11229 -0.0196579)
(3.7356 1.12493 -0.103499)
(4.00251 1.10843 -0.0567375)
(3.87089 0.895775 -0.130244)
(3.52697 0.849262 -0.188205)
(3.33393 0.545388 0.131749)
(3.87089 0.895775 -0.130244)
(3.99759 1.05747 -0.0310583)
(3.52697 0.849262 -0.188205)
(3.68595 1.07537 -0.1022)
(3.68407 0.959267 -0.190139)
(3.68407 0.959267 -0.190139)
(2.40672 0.221692 -0.333119)
(2.55455 0.531495 -0.370427)
(3.91691 0.990421 -0.013492)
(3.24061 0.921796 -0.0405844)
(3.24061 0.921796 -0.0405844)
(3.7255 0.831174 -0.0241097)
(3.34452 0.69155 -0.182068)
(3.54499 0.943071 -0.0332735)
(-0.00904908 -0.00139561 8.97444e-06)
(3.7021 0.910469 -0.0285868)
(3.7255 0.831174 -0.0241097)
(3.87089 0.895775 -0.130244)
(3.32781 0.465768 0.126936)
(2.44778 0.283461 -0.337651)
(2.44778 0.283461 -0.337651)
(3.12343 0.478154 -0.209246)
(-0.0169543 -0.00167378 -0.000123524)
(0.166498 -0.0114321 -0.00228598)
(1.43171 -0.521922 0.113551)
(2.03449 -0.394385 0.160921)
(3.24061 0.921796 -0.0405844)
(3.41225 1.02098 0.130264)
(3.41225 1.02098 0.130264)
(2.7451 0.851077 0.0594772)
(3.41225 1.02098 0.130264)
(2.54264 0.813907 0.0959237)
(2.54264 0.813907 0.0959237)
(3.41225 1.02098 0.130264)
(2.9797 0.903541 0.161381)
(2.89654 0.864127 0.144989)
(2.54264 0.813907 0.0959237)
(2.89654 0.864127 0.144989)
(2.89654 0.864127 0.144989)
(2.15263 0.75191 0.0640649)
(2.42495 0.751517 0.195923)
(2.42495 0.751517 0.195923)
(1.84687 0.705078 0.074358)
(2.9405 0.872405 0.191153)
(2.15263 0.75191 0.0640649)
(2.15263 0.75191 0.0640649)
(2.33406 0.705925 0.166861)
(2.33406 0.705925 0.166861)
(2.16373 0.448484 0.210561)
(2.6229 0.581028 0.131819)
(2.15263 0.75191 0.0640649)
(1.44945 0.62937 0.0601825)
(2.33406 0.705925 0.166861)
(1.84687 0.705078 0.074358)
(1.44945 0.62937 0.0601825)
(1.39142 0.18493 0.0950252)
(1.39142 0.18493 0.0950252)
(2.37859 0.503391 0.149655)
(2.7451 0.851077 0.0594772)
(2.40899 0.539596 0.286649)
(1.14673 -1.28159 -0.0940891)
(-0.164134 0.132021 -0.211911)
(3.51912 0.944494 0.0444014)
(3.73403 0.894509 -0.0702617)
(3.89574 1.16692 0.0678817)
(3.98379 1.12454 0.0585549)
(3.51912 0.944494 0.0444014)
(3.91428 1.12939 0.077171)
(3.98379 1.12454 0.0585549)
(3.51912 0.944494 0.0444014)
(3.89574 1.16692 0.0678817)
(3.89574 1.16692 0.0678817)
(3.20329 0.918687 0.0514854)
(3.87912 1.12309 0.0790949)
(3.20329 0.918687 0.0514854)
(3.72528 0.843538 0.0317445)
(3.87197 0.968461 0.114418)
(3.7204 1.12966 0.101429)
(3.49466 0.962221 0.0957149)
(3.87857 0.915777 0.126339)
(3.45075 0.773574 0.189497)
(3.66925 1.07888 0.0995335)
(2.47116 0.328845 0.351414)
(3.67917 0.955259 0.188929)
(3.51912 0.944494 0.0444014)
(3.87857 0.915777 0.126339)
(2.48513 0.378674 0.3566)
(3.66873 1.10407 0.112125)
(2.47116 0.328845 0.351414)
(3.72528 0.843538 0.0317445)
(3.12805 0.471109 0.214218)
(2.34787 0.143561 0.330287)
(3.12805 0.471109 0.214218)
(2.23975 0.0675738 0.340957)
(2.81535 0.174015 0.288905)
(2.54554 0.525428 0.370059)
(3.02298 0.222801 -0.114035)
(3.00651 0.165965 -0.101394)
(2.1081 -0.378314 -0.063319)
(3.20329 0.918687 0.0514854)
)


// ************************************************************************* //
