/*--------------------------------*- C++ -*----------------------------------*\
| =========                 |                                                 |
| \\      /  F ield         | OpenFOAM: The Open Source CFD Toolbox           |
|  \\    /   O peration     | Version:  2312                                  |
|   \\  /    A nd           | Website:  www.openfoam.com                      |
|    \\/     M anipulation  |                                                 |
\*---------------------------------------------------------------------------*/
FoamFile
{
    version     2.0;
    format      ascii;
    arch        "LSB;label=32;scalar=64";
    class       vectorField;
    location    "0.70005/lagrangian/kinematicCloud";
    object      U;
}
// * * * * * * * * * * * * * * * * * * * * * * * * * * * * * * * * * * * * * //


150
(
(0.172176 0.162944 -0.108303)
(-0.00935296 0.00983506 -0.0627994)
(0.0726016 0.073769 -0.10088)
(0.00647647 0.0072162 -0.152561)
(2.85732 -2.00318 -0.311546)
(0.676306 -0.650743 -0.00515133)
(1.49673 0.585892 -0.133188)
(1.49673 0.585892 -0.133188)
(2.40707 0.698269 -0.108068)
(3.18949 0.868099 -0.109519)
(3.18949 0.868099 -0.109519)
(3.11803 0.837267 -0.0951799)
(3.22837 0.900515 -0.146555)
(3.11803 0.837267 -0.0951799)
(1.70629 0.599963 -0.0936931)
(1.49673 0.585892 -0.133188)
(3.22837 0.900515 -0.146555)
(3.22837 0.900515 -0.146555)
(2.68546 0.733087 -0.132223)
(3.18949 0.868099 -0.109519)
(1.49673 0.585892 -0.133188)
(1.70629 0.599963 -0.0936931)
(3.22837 0.900515 -0.146555)
(3.18949 0.868099 -0.109519)
(2.61395 0.69641 -0.109492)
(1.70629 0.599963 -0.0936931)
(3.18949 0.868099 -0.109519)
(2.61395 0.69641 -0.109492)
(3.40257 0.858237 -0.134796)
(1.70629 0.599963 -0.0936931)
(3.18793 0.77656 -0.128061)
(0.322009 0.325705 0.022151)
(2.08848 0.322129 -0.0821716)
(1.49673 0.585892 -0.133188)
(1.49673 0.585892 -0.133188)
(0.884556 0.0320396 -0.10532)
(2.21598 2.17638 -0.21818)
(2.16039 2.09368 -0.237925)
(0.179386 0.180169 -0.00200626)
(0.165093 0.16443 -0.010635)
(0.175195 0.176198 -0.0146818)
(0.302702 0.315606 -0.179051)
(0.170138 -0.169924 -0.0042421)
(0.171257 -0.171797 -0.00473664)
(2.37008 -2.37726 -0.0941669)
(0.229958 -0.23121 -0.0160414)
(0.243088 -0.237536 -0.0367177)
(2.50901 -2.50823 -0.130119)
(0.177142 -0.174969 -0.00464714)
(2.56227 -2.54532 -0.160771)
(0.229818 -0.231172 -0.0225595)
(2.72055 -2.72559 -0.316427)
(0.569999 -0.584633 -0.108934)
(2.49527 -2.61591 -0.254829)
(0.657059 -0.639387 -0.232459)
(2.73611 -2.73326 -0.438706)
(0.249408 -0.249226 -0.0254978)
(0.253494 -0.253638 -0.030336)
(0.238992 -0.238941 -0.00932118)
(2.53412 -2.5133 -0.645621)
(-0.059169 0.0189472 0.168082)
(-0.198829 0.172801 0.303577)
(-0.230519 0.207361 0.404621)
(3.61113 0.999702 -0.113395)
(4.18131 1.01063 -0.190737)
(3.199 0.440304 -0.316506)
(3.21971 0.532222 -0.3181)
(3.08918 0.682041 -0.244673)
(3.03166 0.670432 -0.22818)
(3.03166 0.670432 -0.22818)
(3.17343 0.683377 -0.272032)
(3.46204 0.842125 -0.0830447)
(3.17343 0.683377 -0.272032)
(3.17343 0.683377 -0.272032)
(3.199 0.440304 -0.316506)
(3.74497 0.698369 -0.0981806)
(0.0133367 -0.00713429 -0.0180289)
(3.74497 0.698369 -0.0981806)
(0.00631167 0.00703508 0.152426)
(-0.0362086 -0.0571257 0.299134)
(-0.102773 -0.0963518 0.142896)
(-0.0840538 -0.0730326 0.355132)
(0.0395879 0.064971 0.385742)
(0.160852 0.162958 0.0475235)
(-0.0286377 -0.0257885 0.156173)
(-0.0840538 -0.0730326 0.355132)
(0.160688 0.16325 0.00261364)
(-0.00704268 -6.40547e-05 -0.0117298)
(0.0259499 0.0525405 -0.000631207)
(1.49921 0.576074 0.128839)
(3.10684 0.834322 0.0944691)
(3.17563 0.864683 0.108961)
(2.38999 0.694542 0.104962)
(2.38999 0.694542 0.104962)
(2.38999 0.694542 0.104962)
(2.67115 0.730796 0.130802)
(1.68623 0.59599 0.0868762)
(3.21554 0.89799 0.145945)
(3.10684 0.834322 0.0944691)
(3.21554 0.89799 0.145945)
(3.21554 0.89799 0.145945)
(2.67115 0.730796 0.130802)
(2.67115 0.730796 0.130802)
(3.17563 0.864683 0.108961)
(1.49921 0.576074 0.128839)
(2.67115 0.730796 0.130802)
(2.67115 0.730796 0.130802)
(1.68623 0.59599 0.0868762)
(1.68623 0.59599 0.0868762)
(3.13873 0.860899 0.153343)
(0.385654 0.382318 -0.0077677)
(0.332496 0.329339 -0.0119615)
(1.49921 0.576074 0.128839)
(2.87198 0.623257 0.189101)
(2.87198 0.623257 0.189101)
(1.57855 1.51453 0.412118)
(0.181092 0.175485 0.0478749)
(0.172778 0.169942 0.0650049)
(0.212138 -0.210581 0.00679676)
(0.21578 -0.214506 0.0112508)
(0.17119 -0.1712 0.00392986)
(0.230103 -0.231468 0.0223156)
(2.73689 -2.70473 0.321719)
(0.24509 -0.246732 0.0326078)
(0.250167 -0.252141 0.00911335)
(2.53491 -2.51409 0.641815)
(2.67681 -2.7269 0.538244)
(2.3242 0.657718 0.0986589)
(2.3242 0.657718 0.0986589)
(2.3242 0.657718 0.0986589)
(2.3242 0.657718 0.0986589)
(2.3242 0.657718 0.0986589)
(2.3242 0.657718 0.0986589)
(3.60028 0.997807 0.113741)
(3.53575 0.969215 0.122366)
(3.53575 0.969215 0.122366)
(3.53575 0.969215 0.122366)
(3.53575 0.969215 0.122366)
(3.53575 0.969215 0.122366)
(3.2164 0.571845 0.316634)
(3.21193 0.531303 0.318476)
(3.72826 0.989068 0.132345)
(3.07706 0.679923 0.243717)
(3.44775 0.835313 0.083989)
(3.16165 0.380604 0.320616)
(3.16165 0.380604 0.320616)
(3.21193 0.531303 0.318476)
(3.20963 0.48878 0.324444)
(3.18812 0.672475 0.283914)
(3.20625 0.655928 0.294414)
)


// ************************************************************************* //
