/*--------------------------------*- C++ -*----------------------------------*\
| =========                 |                                                 |
| \\      /  F ield         | OpenFOAM: The Open Source CFD Toolbox           |
|  \\    /   O peration     | Version:  2312                                  |
|   \\  /    A nd           | Website:  www.openfoam.com                      |
|    \\/     M anipulation  |                                                 |
\*---------------------------------------------------------------------------*/
FoamFile
{
    version     2.0;
    format      ascii;
    arch        "LSB;label=32;scalar=64";
    class       volScalarField;
    location    "3.3";
    object      p;
}
// * * * * * * * * * * * * * * * * * * * * * * * * * * * * * * * * * * * * * //

dimensions      [0 2 -2 0 0 0 0];

internalField   nonuniform List<scalar> 
2958
(
-35694.4
-29529.4
-3846.08
-58457.3
-33964.5
-3152.42
-32930.3
-34773.3
-13725
-36973.9
-34575.8
-28660.6
-36285.6
-28668.7
-35673.8
-34561.7
-31579.9
-36225.7
-28662.2
-37181.2
-28385.4
-30193.5
-28158.8
-37311.2
-36262.3
-35795.5
-22755.7
-37252.6
-32551.9
-34719.5
-35749
-34961.3
-28732.1
-15551.7
-32307.1
-39919.6
-28666.6
-28330.4
-37394.7
-40240.7
-255466
-35824.4
-32500.5
-35490.3
-28661.2
-22798.3
-34326.2
-29888.7
-48258.2
-32623
-35129.2
-31654.3
-39905.3
-34326.6
-35192.3
-70667.8
-36588.4
-37345.7
-35672.7
-82057.7
-38131.9
-37105.4
-31693.2
-34732.5
-28675.2
-28668.7
-34339.2
-30132.7
-24761.4
-40289.5
-30529.2
-28658
-27890.3
-35857.6
-28689.2
-34530.2
-38279.5
-31528.2
-28635.8
-35126.1
-36225.8
-32059.5
-37382.5
-37847.9
-37175.1
-34912
-32413
-34948.3
-29809.6
-28739.3
-31933.1
-31221.6
-33975.2
-28658.5
-29834
-37855.5
-41281.7
-58288.1
-28670.4
-28664.6
-58338.3
-35681.2
-37587.9
-30308
-28747.1
-30831.5
-28655.7
-49430.3
-28683.2
-34155.1
-95039.3
-35254.9
-28666.2
-36410.2
-28667.3
-28671.3
-34817.8
-35426.7
-30820.5
-35509.3
-42347.4
-28659.5
-33937.4
24287.1
-41881.8
-37476.3
-41353.5
-30204.7
-35789.4
-28651.9
-28666.3
-28623.9
-35452.4
-28675.3
-28659.2
-28675.3
-36461.5
-36819.1
-28666.5
-28669.1
-37831.3
-32109.9
-28420.7
-28697.8
-35829.9
-29113.5
-28677.8
-28662.5
-30194.3
-28661.3
-37228.8
-41725.7
-36900.6
-29518.5
-36656.7
-28686.9
-28090.1
-35900.6
-32364
-64768.6
-37006
-37472.6
-36386.9
-28664.6
-45221.2
-41908
-25699.6
-28670
-45477.1
-13758.2
-36502.8
-28656.2
-28919.3
-33105.2
-28703.6
-4082.75
-31730.7
40727.8
-19554.3
-25005.6
-27325.3
-30139.5
-36066.8
-124932
-30406.9
-30250.2
-30318.2
-28682.9
-31313.7
-52975.4
-32184.9
-31965.7
13202.5
-40917.9
-27819.4
-32189.2
-29165.5
-37151.6
-35075
-88825.2
-37998.3
-28673.2
-35754.4
32742.6
-82358.4
14569.3
-30633.7
13993.4
-31885.4
-50513.5
-28668.6
-28733.5
-28677.3
-29690.6
-28673.3
17252.6
-34748.9
-28671.1
-28672.2
-28669.3
-28646.8
-32132.3
-32444.2
-30031.2
-199462
-34946.7
-37371.7
-28673.4
-26423.2
-29298
-31201.6
-36801.1
-31547.5
-33142.5
-32432.6
-28642.2
-28721.5
-35693.9
-28726.8
-6032.53
-28704.5
-6924.38
-50394.9
-37180.7
-35892.8
-78135.2
-33551.6
-36407.6
-34758.6
-35657
-38634.5
-35536.3
-35400.4
33918.8
-58195.3
-27323.8
-35146.2
-30359.7
-35566.6
-31451.8
-35232
-28483.6
-36082
-45948.4
-34566.2
-33993.8
-35851.7
-35863.2
-27895.4
-28213.8
-28666.6
-31335.5
-35241.2
-28653.6
-30046.1
-35870.5
-28668.5
-31205
-28675.1
-30445.3
-28667.6
-28656.8
-34398
-34991.2
-32937.6
-28665.3
-29997.6
-78848.1
-102069
-34570.4
-37175.2
-29784.7
-28666.5
-28662.3
-36835.9
5826.11
-28668.5
-35185
-28669.1
-36557.4
-35902.1
-33724.4
-30266.2
17399.3
-37940.9
-2777.21
-63875.1
-28484.1
-34827.6
-35509.6
-28683.1
-35417
-34899
-28679.7
-30301.9
-198352
-36130
-32619.1
-31039.7
-36078.9
-30990.4
-32699.9
-35576.3
-26663.6
-11970.2
-28225.9
-35269.7
-28632.7
-97580.7
-186482
-32522.1
-36416.3
-28657.4
-28666.3
-12730.4
-28666.5
78188.6
-87362.1
80160
-28682
-34954.2
-31283.3
-33426.2
-32789.9
-28685.8
-31736.5
-28685.8
-33445.8
-39313.6
-37964
-46016.6
-35910.7
-41615.9
-39626.3
-23442.8
-35098.8
-28668.8
-35646.8
-43909.4
-35583.2
-186474
-35966.2
-46570.8
-23728
-36281.6
-38433.6
-32671
-78795.5
-52816.5
-36086.1
-41721.1
-34444.5
-28668.8
-48885
-35030.4
-30738
-35089.6
-37766.8
-33980.1
-32106.7
-38164.6
-33696.4
-28665
-35589.6
-32198.9
-28805.7
-36243.5
-37264.5
-27928.3
-28658.1
-36757.2
-28666.8
-28222.7
-30621.4
-33426.3
154474
-186474
-28668.2
-28662.6
-33966.1
-35840.9
-35072.7
-29969.3
-56648.5
-34944.4
-35835.6
-28693.8
-34942.7
-35642.6
-39224.3
-36822
-36222.3
-34616
-32415.3
-33496.8
-33789.3
-34666.5
-81231.4
-35507.1
-35517.9
-28661.5
-30219.4
-28382.3
-27544.9
-36056.2
-28308.9
-30457.5
-36079.1
-35506.6
-29559.9
-34398.1
-34312.6
-28716.5
-39304.5
-37530.7
-33172.3
-28775.4
-38252.1
-37778.3
-28674.8
-29962.9
-30548.3
-35223.7
-42390.3
12217.4
-29397.2
-28624.5
-25986
-28715.7
-32221.3
-28695.9
-36513.2
-31469
-27051.4
-37446.3
-41601.8
-28667.5
-35459
-30131.5
-28668.6
-32236.5
-58813.7
-38579.7
-35961.3
-35114.7
-32641.2
-18828.1
-34118.8
-35124.2
-30695.8
-35772.3
-28660.9
-36054
-21215.5
-35005.1
-30254.4
-33872
-32638
-10612.2
-34308.4
-36213.4
-30284.3
-28674.2
-27319.9
-29331.1
-35517.7
-35888.6
-34016.1
8448.96
-35587.9
-27835.8
-31755.7
-51411.2
-35455.4
-31339.3
-34498.2
-36547.4
-28685.7
-28704.8
-28655.5
-33103.3
-28695.3
-28673.9
-37895.7
-37277.2
-28666.7
-63250.2
-22162.9
-43502.8
-39972.8
-28671.9
-28664.6
-35620.9
-28669.1
-35092.3
-35125.7
7245.3
-36967.8
-31529.3
-38594.4
-28470.8
-31938.7
-35599
-24655.1
-35005.8
-34982.2
2700.1
-28470.2
-34292.3
-44247.2
-34300.6
-28750.3
-30615.9
-28658
-32113.2
-32611.1
-29935.8
-32387.8
-37529.3
-34341.7
-36157.3
-34755
-28661.5
-34438.2
-28646.4
-32007.4
-34257.3
-28172.1
-28666.9
47088.9
-28677.3
-28665.7
-29977
-36719.6
210511
-36229.9
-36142.8
-35497.5
-34832.8
-36765.8
-35420.9
-28591
-34798.3
-35714.2
-35356.4
-35167.1
-28675.7
-35105.9
-4497.69
-35213.7
-36951.8
-35441.5
-28686.8
-28702.9
-28853.4
-19660.9
-28709.8
-34450.4
-28670.9
-36357.2
-30169
-30282.4
-34413
-25147.8
-37921
-28494.4
-28742.3
-28664.9
-30423.9
-36184.5
-28668.3
-28674.2
-35463.3
-38979.4
-28318.6
-41957.9
-33915.3
-40863.9
-35487.2
-27720.4
-28658
-35653.1
-28798.2
-38040.8
-24484.3
-35844.7
-36242.5
-40521.4
-27657.2
-28665.9
-34965.8
-32415.4
-28676.4
-28668.1
-33988.4
-37668.3
-32180.1
-30307.6
-28661.2
-23800.5
-34960.2
-54281.9
-36162.5
-30155.8
-35604.5
-28671.3
-34098.6
-35409.5
-34923.6
-28670
-41224.6
-28670.3
-31273.8
-28669.2
-33176.6
-34878.9
-28915.3
-24773.4
-37461.5
-31224.4
-28642.6
-36811.8
-36879.1
-28916.3
-35478.2
-36351.7
-31239.2
-28627
-34826.1
-28666.2
-28676.9
-42551.7
-41988.9
13729.5
-36100.5
-31136.9
-30552.9
-27559.5
-48897.1
-35969.2
-35983
-27515.5
-28686.3
-28847.8
-27636
-28675.8
-29501.8
-28712.4
-35951.4
-34032.7
-35870.9
-31786.4
-83385.3
-105950
30487.6
-28170.1
-35333.9
-64644.9
-28629.9
-28665.9
-32812.3
-36153.7
-28665.2
-30726.3
-28676.9
-31347.7
-29413.5
-35145.1
-36908.5
-30546.4
-27963.2
-27519.9
-37601.7
-37952.6
-35672.1
-27939
-36513.9
-37169.1
-35568
-28611.9
-28675.6
-37416.9
-34892.1
-38266.5
-36991.2
-34241.2
-33879.6
-72106.3
-37621.1
-33787.9
-36399.2
-31702
-31551.5
-35630.9
-39221.3
-36661.8
-37950.2
-35379.7
-44032
-32650.3
-22428.4
-28612.5
-31223.1
-36500.9
-28675
-25946.5
-28672.7
-171873
-32347.5
-28647.3
-38834.7
-94945.6
-39191.4
-30103.9
-26826.7
-39140
-36683.4
-36047.1
-28393.3
-31439.9
-35689.3
-30289.6
-157180
-35633
-35456.4
-27930.9
-42403.2
-32234.8
46340.7
-44517.4
-58740.3
-27409.4
-28660.1
-81440.1
21747.7
15841.7
-34761.3
-37067.9
-36622.9
-32028.4
-28671.7
-28666.4
-28667.2
-41866.4
-30569.2
-28670.5
-35627.8
-28672.2
-42106.4
-28579.7
-28786.5
-26454.8
14789.1
-38072
-28670.1
-28674.4
-38882.8
-37398.4
-28663.2
-28668.1
-30538.7
-28667.8
-57324.5
-37623.5
-28880.8
-32183.1
-35570.6
-28646.3
-29636.7
-35338.1
-35296.3
-41067.3
-35302.1
-35550.3
-25146.2
-33134.5
-27932.5
-34848.4
-35325.3
-37267.7
-26236
-28701.4
-38003.8
-49485.7
-34935.9
-38833.2
-36639.6
-34335
-29931.1
-36863.6
-31360.9
-33083.1
-36690.6
-28673.5
-33988.5
-39293.2
-34838.4
-34924.3
-9564.46
-70232.6
-36322.3
-34543.3
-36170.7
-41555.7
-34953.2
-25547.8
-34281.2
-37956.9
-25851.1
-37007.6
-30580.7
-34925.8
-35707.8
-95698.8
-35490.6
-30227.4
-37745
-28669.2
-61062.5
-34194.4
-40166.6
-35666.6
-28677.9
-28328.5
-28657.1
-34121
-35619.6
-25231.3
-34981.4
-36529.9
-35619.2
-36599.4
-37700.7
-10706.9
-30558.3
-37191.7
-30097.5
-28685.9
-36459.5
-37239.1
-32092
-14382.9
-37075.6
-34827
-50816.8
-25143.9
-32982.3
-40509.6
-28774.4
-33977
-38204.4
-28665.1
-29635.1
-110228
-64148.6
210658
-35051.7
-28665.6
-28341.9
-34861.2
-28667.9
-28667.8
-28666.5
-38502.2
-35588
-32285.2
-30823
-19392.8
-34872.5
-31654.1
-103157
-35242.5
-31044.6
-28669.9
-29807
-37139.8
-34773.3
-36338.5
-31291.7
-39762.5
-27771.3
-156730
-28670.5
-40800.7
-28500.7
-30262.5
-30255.3
-18979.9
-33597.5
-28633.3
-36253
-32714.1
-34727.4
-38059.8
-38215.5
-38768.4
-37805.7
-28502.6
-30435.8
-34416.9
-37229.3
-33685.5
-36810.6
-35058.9
-34559.2
-31663.8
31630
-33670.5
-31529.9
-30143.4
-29238.9
-38764.6
-29985.7
-31709
-34644.3
-28771.7
-35072.5
-31600.1
-34216.3
-30667.8
-35048.7
-28215.3
-28669.6
-35468.9
-27555
-34002.7
-40776.3
-37329.7
-39088.1
-30147.8
-37093
-30736.2
-35984.5
-87967.1
-35480.4
-30439.3
-36041.4
-33981.2
-32475
-28665.2
-28681.5
-33826.5
-31289.1
34478
-28666
-37602
-40945.7
-27069.7
-35336.4
-41095.4
-31153.4
-35006.5
-66932.8
-28667.4
-41331.6
-28666.2
-35598.2
23426.3
-35756.7
-59744.2
-28783.8
-36256.7
-28661.6
-27916.4
-36340.7
-34221
-34795.9
-35803.1
-27731
-21671.8
-28216.2
-35027.2
-35278
-13671.9
-38527.9
-35597.7
-36375.8
-32508.9
-28606.8
-30496.8
-29867.9
-27126.1
31535.2
-35328.8
-31570
-39273.9
-35629.1
-35591.9
-28282.1
-28417.9
-185630
-32874.8
-28697.9
-97676.7
-37737.5
-35497.1
-28669.7
-40431.9
-36645.2
-26901.3
-35021.5
-36836.9
-98814.1
-37522
-15488.9
-28261.8
-35145.3
-35929
-28862.5
-55483.1
-28663
-25256.6
-34770.1
-35497.9
-28669.4
-28671.4
-36381.7
-28664.4
-28678.1
-29349.6
-35208.2
-30361.9
-28712.3
-28674.8
-33902.7
-28211.6
-35321
-35597.6
-41721.1
-28666.2
-35830
-35146.7
-30643.3
-32449.4
-28072
-46091
-28669.8
-35052.2
-28675.4
-28687.8
-28669.7
-40431
-35402.1
-27918.9
-34996.5
-36332.1
-19200.7
-35475
-43011.5
-32879.2
-28676.6
-29438.9
-28705.8
-113123
-79678
-28679.7
-45696.7
-36499.4
-48036.8
-29770.1
-38801.5
-34984.1
-27874.5
-35780.9
-41168.9
-28585.4
-34398
-29096
-36471.4
-36366.9
-37273.6
-36405.6
-23717.6
-34950.2
-36928.3
-28661.3
-185521
-31908.1
-41547.4
31761.8
-36437.8
-26008.9
-31345.5
-28683.1
-25485.9
-35288.9
-30939.6
-28683.1
-44900.2
-28660.6
-28668.9
-28664.7
-28667.3
-31577.5
-32326.5
4015.53
-38166.1
-31509.1
-35902.9
-32737.3
-31349.1
-29463.3
-31315.8
-36689.2
-34497.2
-33386.2
-34689.1
-30052.1
-31680
-31377.4
-28673.7
-30973.5
-36403.9
-29695
-38658.2
-38894
-41720.2
-34918.4
-28671.8
-28651.6
-37179.4
-28328.8
-35730.4
-36386.9
-35517
-37474
-36779.8
-35741.1
953.402
-17514.4
-28730.8
-39023.9
-37151.5
-70409.9
-46080.3
-32690.8
-35595.9
-37297.5
-35262.2
-28674.9
-57726.7
-67409.9
-37591.2
-29601.9
-35635.6
-35147.9
-30613.9
-35100.5
-22375.8
-28386.5
-28674.5
-35557.8
-22468.5
-36545.4
-28684.5
-28721.7
-35038.5
-35005.3
-35521.9
-35856.5
-39956.6
90063.9
-28665.1
-36080.1
-31000.3
-28581.6
-38405.9
-28614.7
-34928.2
-27656.8
-28665.1
-38115.7
182369
-37168.3
-34672.2
-35471.8
-28637.1
-35117.6
-28685.5
-35053.6
-39181.5
-97974
-34197.9
-28422.6
-24279
-36016.9
-104947
-28670.4
-31194.7
-33924.9
-35990.9
-28176.6
-36310.3
-34912.1
-35752.8
-37413.6
-34272.3
-32957.7
-34939.8
-36967.2
-28679.2
-42443.2
-34799.3
-35537.7
-35665.4
-34902.5
-33849.5
-31508.1
-28625.6
-34707.5
-31604.8
-28671
-35253.6
-28423.3
-36510.9
-28719.1
-31889.9
-30039.1
-37155.6
-31314.4
-39539.3
-28560
-30476.1
-34916.6
-34335.9
-37089.1
-30864.8
-35615.6
-36162.9
-28675.9
-28670.7
-32353.8
-32130.1
-28671.9
-28340.1
-26551.8
-36042.8
-30532.1
-31026.7
-42387.5
-1639.11
-40447.3
-35155.8
-30633.3
-32565.7
-35618.4
-37697.2
-37302.8
-34518.7
-28692.2
-37420.9
-35562.2
-34875.6
-34068.6
-36844.6
-30106.2
-30855.7
-44701
-36585.5
-31416.9
-39675.3
-100224
-31799
-30340.2
-33877.5
-35778.7
-45770.7
-32474
-35779.5
-28817.1
-31892.3
-35451.9
-28669.7
-34720.1
-34962.5
-34959.3
-34694.7
-37191
-36274.5
-34438.8
-32049
-34880.9
-34925.3
-34266.7
-35284.2
-37766
-57141
-38550.3
-32626.6
-28679
-50521.7
-17130
-28681.4
-34914.3
-35677.4
-29578
-37634.6
-37323.8
-35020.3
-29138.9
-28657.3
-36651.3
-34358.3
-37045.5
-169834
-35479.3
-34161.8
-34275.4
-3549.47
-30664.6
-28590.3
157659
-28658.8
-37241.4
-28663
155796
-28675.1
-35779.6
88739.4
-26897.9
-28676.1
-37862.8
-28668.5
-28605.1
-38036
-28667
-10684.4
-28489.5
-35466.4
-28672.9
-39447.4
-55602.6
-35177.7
-28674.6
-34525.4
-31007.3
169791
-28664.9
-30354.9
-28653.3
-37596.4
-28665.9
-39126.7
168445
-28676.2
-85775.8
-59114.2
-35598.8
-34038.7
-31196.8
-31353.7
35431.4
-28696.6
-37206
-28659.5
-28324.4
-31173.1
-35726.4
-28644
-38310.7
-28716.2
-37508.6
-35835.6
-29434.4
-28694.7
-35931.1
-124856
-29883.8
-34348.8
-32440.3
-28677.7
-28678.2
-35293.5
-3482.53
-40578.1
-26134.4
-34430.5
-28624.3
-28661.2
-26918.2
-26826.2
-36387
-37365.1
-34977.4
-33143.3
-29433.6
-28089.9
-28668.2
-28667.2
-31149
-12225.8
5694.85
-34025.7
-33913.8
-38148.9
-35820.9
-36980.2
-40372.8
-42585.4
-28675.4
-36856.9
-35020.8
-35591.2
-31089.5
91109.8
-28676
-35591.8
-37094.4
-36291
-28678
-36082.6
-38659.3
-36707.9
-28678.7
-37645
-87799
-28669.8
-28615.6
-28669.7
-28667.9
-28668.8
-28666.3
2676.49
-36234.1
-37078.9
-36897.1
-37425.5
-31991.7
-30306
-35210.6
-28674.7
-28652.2
-36312.3
-34102.1
-28669.9
-34792.8
-36055.4
-28687.7
-37758.6
-40962.2
-35423.1
-24383.8
-32839.9
-31952.8
-30959.2
-68092.6
-35591.6
-32755.5
-37312.3
-28675.5
-28708.4
-31846
-34101.6
-28651.5
-45081.6
-41770.9
-35570.5
-28665.5
-35725.1
-44821.2
-31219.1
-37540.6
-29218.1
-35763.6
-28666.4
-35252.9
-35246.2
-35504.2
-32652.9
-28587.4
-37494.9
-28681.1
-35687.9
-37656.2
-35150.2
-40921.6
-35549
32559.7
4756.38
-26342.5
6026.57
-34825
-37693.9
-34380.6
-30689.2
-35527
-32401.7
-34856.7
-35479.4
-33881.6
-28495.4
-28669.3
-31725
-31094.9
-30006.2
-35107.3
229442
-30014.3
-28124.7
-33640.4
-28778.4
-27946.8
5037.2
-19753.3
-28703.9
-35195.8
-28666.8
-38285.7
-34554
-23863.9
209660
-32009
-28668
-28605.4
229637
-35523
-34691.9
-36413.5
-28660.7
-35238.8
-32965.1
-35635.5
-108349
-35725.2
-28665.9
-35691.1
-28658
-30518.3
-32680.4
-20844.2
-34873
-35278
-35071.7
-28669.4
-38717.1
-37149.5
-44307.8
-33127.2
-112521
-32952
-32089.7
-35478.5
-38910.3
-41658.1
-29956.8
-35420
-30693.9
-36311.8
-28666.5
-25772.9
-22420.1
-36393.3
-31262.3
-25682.5
-30495.4
-30307.2
9068.14
-31268.2
-34683
-35559.3
-29288.9
-35573.3
-28676.8
-28663.2
-28670
-28884.4
-36557.5
-28668.1
-28675.7
-36637.5
-58166
-28670.1
-117755
-37684
-28668.3
-34867.8
-44699.8
-36298.5
-191233
-35094.7
-44264.7
-28688.4
-29169.2
-30455
78746.5
-34732.9
-33769.6
-28647.8
-39408.1
-35274.1
-35077
-35331.3
-35587
-28669
-28818
-36397.1
-28657.8
-28674.3
-112615
-23016.2
-28666.1
-35306
-28663.4
-36134
-36879.4
-28687
-35651.1
-31450.2
-36542.5
-32779.4
-40035.8
-10171.6
-10637.4
-31155.5
-29200.7
-35235.4
-36955
-35581.1
-38171.7
-28670
-30622.6
-28675.8
-29767.7
23612.8
-34161.5
-34420.5
-28714.1
-32917.7
-32055.2
-28872.9
-28670.5
-28670.3
-28671.3
-28658.6
-28658.1
-28657.1
-33944.2
-34185.7
-143279
-146807
-141492
-160432
-33746
-25393.1
-26099.4
-38617.2
-22241.6
-30108.9
-27411.4
-32591.1
-15621.2
-15650.2
-27086.2
-43886.3
227779
-37052.5
-51867.4
-50848.9
-51233.2
-44115.5
-39003.5
-49374.9
-43405.8
-35653.2
-39692.4
-51209.8
-60131.6
-29953.5
-29478.4
-29542.6
-28886.7
-37532.6
-30203.2
-28911.4
-29631.2
-28820.9
-29526.5
-28766.6
-28659.7
-28651
-28670
-28667.8
-28673.1
-28668.2
-28677.3
-28676.6
-28683.1
-28677.4
-28733.9
-28740.7
-28712.2
-28761.7
-28331.8
-29446.9
-28387.3
-28340.6
-29481.2
-27927.7
-27927.7
-160826
-175551
-45526.2
-62740
-129009
-118460
-35878.4
-34178.5
-36949.5
-37397.3
-36709.6
-35907.1
-37296.2
-37318.4
-36462.6
-37303.3
-34112.8
-38957.3
-38749.9
-34139.1
-35123.1
-35603.7
-35762.4
-35657.7
-35622.9
-35622
-35696.2
-35707.3
-35849.1
-35757.6
-35839.7
-35916.2
-36103.4
-36372.8
-35578.3
-36423
-36464.1
-36219.2
-36476.3
-37251.7
-36605.1
-35901.6
-36839.9
-36998.9
-36806.6
-36886
-36985.1
-36910.1
-36998.6
-37046.9
-37049.2
-37151.9
-37136.3
-37055.4
-37335.5
-37227.7
-37390.6
-36657.2
-35910.2
-36460.2
-37230.7
-27893.6
-35961.2
-36185.1
-22712.8
-22888
-28389.4
444.255
1023.89
188.261
-22688.6
33805.1
1334.6
23316.3
30423.9
24247.7
-28132
5394.47
13236.5
22021.6
22802.9
-3733.59
-5914.39
-10265.7
-17382.8
-12303
-17286.5
-16991.4
-10945.1
-20851.9
-36333
-31341.4
-29823.1
-23219.3
-27426.5
-26123.4
-23285.3
-32396.8
-20394.9
-31725.6
-27916.3
-34535.9
-34049.1
-29957.5
-29875
-35500.5
-29311
-29339
-22918.1
-44781.8
-44971.9
-58423
-43388.7
-41233.2
-41935.6
-41901.2
-41645.3
-77673.1
-68158.7
-65300
-34798.3
-39190.1
-37131.5
-33217.3
-36712.1
-35308.7
-33059.9
-185485
-187001
-34987.7
-187055
-185614
-43856.9
-186094
-278929
127854
-278098
94945.5
68006.5
-78265.3
-280788
-199247
-213000
-27205.8
-132894
-133451
-49599
-65044.9
-72556.8
-31873.6
-31180.6
-32225.3
-32423.9
-32273
-32707.7
-32466.7
-32312.8
-32939.3
-32642.8
-32417
-35158.7
-34644.7
-36009.1
-35689.4
-35335.4
-35553.9
-35259.2
-35249.8
-35256
-35153.4
-35385.9
-35279.6
-35332.2
-35386.3
-35461.2
-35489.9
-35474.3
-35462.9
-35512.1
-35500.6
-35869.6
-35764.2
-28708.5
-28728
-28782.1
-28641.2
-28565.8
-28551.4
-28467.4
-28512.4
-28583.1
-28597
-28590.1
-28634.6
-28634.1
-28616.8
-28659.3
-28635.9
-28618.4
-28661.5
-28636.6
-28717.5
-28711.3
-28638.3
-28707.7
-28686.2
-28668.7
-28701.1
-28626.2
-28621
-28695.8
-28672.9
-28674
-28667.9
-28674.8
-28675.7
-28675.6
-37477.4
-28671.8
-28673.1
-28672.6
-28672.7
-28675.8
-28670
-28668.8
-28676.4
-28667
-28780
-28300.5
-29526.9
-28319.4
-27924.7
-27928.8
-28735.4
-28563.4
-35586.1
-35636.7
-35689.9
-35776
-35852.1
-36406.8
-37046.5
-37174.2
-34529.8
-53116.5
-36576.6
-35472.2
-27900.3
-22171.6
-22527.4
35549.1
32644.2
23389
19371.8
-14914.2
-50748.4
-38793.1
-27469.5
-28288.5
-22626.4
30759.7
-35292.7
-96003.1
-54471.8
-64449.1
-41843.9
-39441.4
-39461.5
-42335.5
-35092.5
-61662.6
-34191.2
-185358
-186718
-186730
-270494
-97711.7
-136431
-55884.6
-65493.3
-50014.5
-31417.8
-31780.8
-32472.8
-32533.7
-32364.9
-32407.8
-35658.5
-35232
-35276.2
-35081.8
-35612.1
-35509.9
-35553.7
-35954
-35490.3
-35536.3
-35630.4
-35495.2
-28664.9
-28421.8
-28566
-28684
-28665.2
-28610.8
-28667.1
-28638.2
-28634.6
-28717.9
-28730.8
-28737.6
-28681.8
-28573
-28668.5
-28675.4
-28675.1
-28673.3
-28674.8
-28678.6
-28670.5
-28676
-28672.4
-28669
-28665
-28664.5
-28665.3
-28665.4
-28665.5
-28665.7
-28666.5
-28666.3
-28672.8
-28669.1
-28667
-28668.4
-28667.7
-28668.6
-28668.5
-28666.9
-28673.4
-28672.9
-28674.3
-28674.3
-28671.5
-28672.7
-28680.3
-28671.8
-28667.9
-28699.2
-28706
-28624.4
-28638.7
-28643.6
-28676.2
-28678.6
-28352.2
-36768
-37316.7
-38079.7
-37475.5
-37652.4
-59918.6
-47402.6
-48569.5
-54377
-109520
-92357.1
-103649
-46025
-112596
-34771
-34008.5
-34492
-35199.7
-35228.1
-35053.9
-34829.4
-35615.2
-35179.7
-35646.8
-35621.7
-35124.7
-35369.5
-35539.8
-35381.3
-35531.6
-35467.8
-35436.9
-35578.3
-35609.4
-35639.3
-35588.2
-35493.6
-35848.3
-35856.4
-36027.4
-36088.4
-35318.5
-35882.2
-35735.7
-35902.2
-35990.4
-35943
-36063
-36133.8
-36141.7
-36217.6
-36226.5
-36233.5
-36318
-36312.1
-36346.4
-36565.4
-36299.8
-35796.8
-37314.1
-38049.3
-38604.2
-38795.5
-38987.6
-38283.5
-28711
-26668.8
-27615.4
-28051.3
-27097.1
-20496.5
-31570.4
-26750.6
-27869.4
-30946.5
-31139.6
-24480.3
-24111.5
-31072.5
-26840.6
2824.73
-23008
-47564.6
-38808.8
-48719.6
-35959.7
-42764.8
-37598.6
-34485.7
-11906.7
-31363
-33900.8
-31734.7
-33697.4
-35160.4
-35084.5
-37114.3
-36896.2
-36468.7
-32410.8
-31429.9
-29975
-30718.2
-30436.3
-34397.5
-30487.7
-29819.6
-30327.4
-31430.8
-30928.6
-30670.8
-30135.3
-27947.5
-28480.1
-29613.7
-28736.8
-29525.7
-27585
-34065.7
-50564.8
-40170.4
-45284.9
-76201
-57715.7
-58732.8
-57375.3
-42851.1
-41700.4
-42182.1
-41675.8
-41626.7
-44000
-38308.1
-38903.9
-36966.1
-41660
-37277.5
-40582.6
-43125.9
-41889.2
-46861.2
-27887
-40221.1
-189096
-31979
-36146.3
-81893.6
-104525
-51695.1
-73906.9
-36153.6
-105737
-53265.3
-50221.5
-58118.4
-41580.1
-42309
-36961.7
-52033.9
-35953.8
-35156.5
-34149.9
-34453.5
-34077.8
-33882.9
-33860.1
-33760.1
-33906
-33992
-34000.4
-33940.7
-33986.1
-34070.2
-33939.6
-34223.9
-34166.5
-34202.2
-34731.7
-34625.2
-34917.4
-34682.1
-34676.6
-34789.5
-34973.2
-34842.1
-34773.3
-34857.6
-34939.1
-35003.5
-34959.1
-35213.5
-35101.9
-36120.6
-35109.8
-35078.4
-35155.9
-29162.5
-28432.1
-29184.4
-28782.8
-28803.5
-28802.6
-28768.3
-28794.7
-28783.7
-28710.1
-28629.8
-28613.7
-28682.3
-36192.4
-28662.6
-28638.1
-28676.9
-28669.8
-28668.2
-28669
-28669.7
-30696.8
-28670.4
-28669.5
-28669.5
-28671.3
-28666.7
-28666
-28678.3
-28667.6
-28669.6
-28664.3
-28670.8
-28671.7
-54827.4
-29722.5
-29849.9
-38437.3
-38110
-37607.4
-28668.7
-28668.5
-28669.2
-28668.8
-28665.1
-28667.3
-28667.8
-28667.2
-28666.7
-28667.3
-28669.5
-28669
-28668.9
-28667.5
-28666.3
-28671.7
-28670
-28667.9
-28671.6
-36095
-28673.9
-28677.2
-28676.2
-28703.7
-28642.5
-28647.1
-28636.6
-28709.3
-28300.9
-28424.4
-41818.4
-36494
-36979
-37129.2
-37276.7
-37400.7
-37274.8
-37527.4
-38186.6
-46390.8
-55701.9
-37063
-38562.8
-35897.3
-37427.2
-38958.4
-34918.3
-34299.9
-34561.8
-35176.5
-35301.8
-35459.2
-35450.7
-35498
-34821.7
-35318.4
-34725.1
-35438.8
-35341.4
-35170
-35121
-35273.9
-35107
-34939.7
-35032.6
-35034.8
-35042.7
-35007.4
-35093.1
-35191.6
-34990.6
-35040.8
-34921
-34933.6
-34980.9
-35005.1
-35139.7
-34722.5
-34982.1
-34824.4
-35995.8
-34909.2
-34794.3
-34829.6
-37545.3
-35949.1
-34932.7
-34919.2
-34925.7
-34925.7
-34941.2
-34963.6
-34915.5
-34650.4
-36341
-38300
-35289.2
-37034.8
-31041.7
-31064.4
-37636.6
-38801.7
-38242.7
-31195.8
-38328.2
-32615.4
-29167.4
-27121.8
-29165.7
-26130.1
-21135.8
-25802.5
-28596.1
-28963.7
-29247.6
-28948.5
-29701.9
-30101.2
-30341.8
-30050.6
-30509.5
-30036.2
-29154.9
-29399.5
-30753.7
-25845
-29370.8
1843.69
-26138.7
-23641.5
837.333
-15883.1
-33579.2
-33623.2
-32638.8
-33177.1
-27385.6
-33291.8
-32196.9
-33614.8
-34048
-33415.7
-34800.7
-31958.1
-34524.5
-34956.2
-32537.3
-34689.1
-36107.8
-34677.8
-29066.1
-30190.5
-28547.2
-32561.2
-31805.2
-31421.6
-31688.2
-30370.5
-30554.4
-30440.6
-30180.7
-30507.1
-30809.5
-32098.4
-31796.6
-29973.2
-30156.5
-30106.7
-30392.9
-30852.6
-29840
-30009.7
-30387.2
-30195.9
-29522.3
-29947.3
-29794.2
-34030.9
-27415.9
-47749
-32329.7
-36687.9
-37688
-36728.4
-38039.8
-44392.6
-37158.3
-37543.7
-42090.2
-37788.9
-37759.3
-37452
-36984.1
-36069.4
-38131.9
-39368.6
-37278.1
-37470.8
-36362
-32721.3
-44227.2
-44660.2
-47549.6
-48109.9
-42593.7
-48092.8
-42147.8
-42195.3
-41810.6
-40637.7
-37495.8
-37150.5
-36447.1
-35888.2
-36496.9
-35810.6
-36216.2
-34902.5
-33165.8
-34570
-34981.1
-34573.5
-33705
-33881.2
-34283.1
-34295.5
-33917.9
-34294
-34330
-34288.5
-34324.9
-34403.4
-34314.2
-34041.8
-34337
-34424.4
-34476.2
-34471.5
-34356.9
-34723.5
-34530.2
-34717.5
-34896.4
-37002
-34698.6
-34661
-34670.4
-34806.8
-34883.2
-34835.8
-34819.9
-34785.6
-34877
-34810.3
-34959.7
-34955.4
-35090.7
-35062.2
-35077.5
-34917.6
-35006.5
-35040.9
-35141.7
-35221.8
-35041.6
-35062.8
-28658.5
-36344.8
-28606.1
-28567.4
-28767.7
-28629.9
-28794.5
-28593.4
-28679.9
-28692.6
-28675.3
-28610
-28675.5
-28687.1
-28676
-28670.5
-28665.3
-28667.1
-28667.1
-28667.9
-28671.5
-28667.7
-28670.6
-28668.4
-28670.5
-28667.7
-28666.5
-28670.3
-28666.2
-28678.8
-28665.3
-28668.9
-28668.8
-28665.4
-37337.6
-36693.3
-28828.7
-29581.9
-28954.6
-29177.1
-29885.3
-29576.2
-30330.1
-37758.6
-37485.6
-30143
-37153.7
-37514
-41969.5
-36696.4
-38744.8
-38053.8
-28665.6
-28667.4
-28668.3
-28666.6
-28647.9
-28689.8
-28649.1
-28653.9
-29938
-30241.3
-30644
-30274.2
-25802.4
-28668.8
-28667.5
-28666.2
-28666.5
-28660.2
-28671.4
-28664.6
-28669.4
-28663
-28664.6
-28667.3
-28667
-28662.9
-28659.7
-28674.8
-28673.4
-28645.3
-37627.3
-38319.6
-37434
-38414.9
-36916.7
-36562.8
-37041.3
-36680.5
-35461.6
-37520.3
-36482
-35250.6
-35408.5
-35547.4
-35354.8
-35483.6
-35219.4
-35132.1
-35230.7
-34764.4
-34757.6
-35148.8
-35151.6
-35056.3
-35063.5
-34549.4
-34615.2
-34293.7
-34679.5
-34462.5
-34646.5
-34296.2
-34923.9
-34324.3
-34273.9
-35083.2
-34641.8
-35259.9
-28666.8
-28666.8
-37640.6
-37693.4
-37990.4
-37673.5
-36577.5
-34738.9
-30738.1
-31187.5
-31075.1
-29616.1
-29545.1
-29184.7
-26797.5
-28967.1
-29435.1
-30122.3
-30157.5
-30220.9
-30298.7
-30090.2
-29568.8
-30132.3
-32822.7
-32120.2
-30797.1
-31321.6
-33370.5
-32419.9
-32790.9
-32888.2
-31712.5
-31737.4
-30975.7
-31451.4
-31913.2
-35993.3
-36480.3
-36930.9
-31473.4
-30768.4
-30741
-31545.2
-30186.1
-30045.5
-30341.3
-37342.2
-37954.1
-37199.9
-36980.4
-37058.8
-38631.1
-37296.1
-35951.9
-28671.1
-28689.9
-28683
-28665.1
-28676.1
-28676.9
-28671.2
-28667.7
-28673.1
-28667.9
-28668.4
-28670.8
-28670.3
-28666.6
-28665.2
-28063.8
-37550.7
-37424.3
-38037
-38051.8
-28664.4
-38178.5
-41222.2
-28623.5
-38470
-32292.7
-32041
-28672.5
-28673.8
-31046.1
-29845
-30468.3
-30291.8
-35962.1
-38364.4
-38643.7
-36751.5
-48811.4
-43020.7
-35228.6
-35053.9
-35061
-28784.2
-28728.1
-28726.9
-28674
-28670.6
-28676.5
-39347.4
-38338.8
-28673.2
-28674.9
-28636.6
-35468.2
-34819.1
-28668.1
-35236.3
-34982.3
-28595.6
-30460.3
-29906.8
-32687.2
-27369.5
-35630.1
-37478.9
-28779.1
-31674.9
-28704.5
-37732.5
-38703.3
-38203.4
-37058.5
-35452
-34808
-34807.1
-35094.7
-28668.5
-28682.1
-28684.5
-28669.1
-28668.9
-37521.1
-37023.9
-28658.3
-36898.1
-34389.4
-34544.2
-28667.6
-34835.6
-37501.8
-29638.2
-30003.9
-28668.8
-28666.9
-36539.5
-28658.4
-28656.8
-91654.2
-25317
-16586.2
-28666.7
-43675.6
-37525.5
-53371.5
-28667.7
-28868.8
-29405.9
-29444.9
-29164.8
-37129
-28667.7
-35588.6
-28666.2
-37090.6
-27916.3
14083.5
16411.8
-25903.8
-46743.9
-41492
-41645.1
-34242.1
-139628
-32253.6
-34960
-35499.7
-34844.5
-34809.8
-35168.9
-35368.5
-35520.8
-35467.9
-28707.6
-34335.6
-28553.4
-28562.6
-28531.4
-28593.9
-34316.4
-28649.2
-34307.1
-28676.6
-28654.5
-28558.6
-28703.3
-28675.2
-28570.6
-28673.4
-63864.4
-36121
-37603.9
-34989.4
-35525.9
-28646.4
-28782.9
-28676.1
-36841.4
-28671.5
-28773.6
-29094.9
-35185.2
-36052.4
-36069.2
-28525.3
-30629.9
-26484.8
-42327.6
-35555.9
-36739.7
-46254
-36641.6
-33788.2
-35082.3
-35056.1
-29203.2
-28793.4
-28682.7
-28624.8
-28670.9
-37167.5
-28668
-28673.8
-38161.5
-28667
-38363.4
-28667.7
-28672.8
-35089.1
-37592.6
-35211.3
-35075.3
-34887.4
-35286.7
-35679.2
-35179.4
-30579.3
-27683.5
-24921.4
-28665.9
-28665.5
-28665.7
-28666.9
-41270.3
-42415.1
-42156.6
-41777
)
;

boundaryField
{
    Wall
    {
        type            zeroGradient;
    }
    Inlet
    {
        type            zeroGradient;
    }
    Outlet
    {
        type            fixedValue;
        value           uniform 0;
    }
    Empty
    {
        type            empty;
    }
}


// ************************************************************************* //
