/*--------------------------------*- C++ -*----------------------------------*\
| =========                 |                                                 |
| \\      /  F ield         | OpenFOAM: The Open Source CFD Toolbox           |
|  \\    /   O peration     | Version:  2312                                  |
|   \\  /    A nd           | Website:  www.openfoam.com                      |
|    \\/     M anipulation  |                                                 |
\*---------------------------------------------------------------------------*/
FoamFile
{
    version     2.0;
    format      ascii;
    arch        "LSB;label=32;scalar=64";
    class       vectorField;
    location    "0.70005/lagrangian/kinematicCloud";
    object      U;
}
// * * * * * * * * * * * * * * * * * * * * * * * * * * * * * * * * * * * * * //


150
(
(1.17205 -1.42087 0.264698)
(3.20142 0.868756 -0.110515)
(2.4183 0.695836 -0.111786)
(3.20142 0.868756 -0.110515)
(3.13093 0.838039 -0.0968851)
(3.24052 0.901633 -0.146674)
(3.16492 0.864638 -0.154894)
(2.70375 0.733734 -0.134498)
(3.13093 0.838039 -0.0968851)
(0.57464 0.495309 -0.196097)
(1.72327 0.598052 -0.100345)
(2.76889 0.765672 -0.177436)
(2.70375 0.733734 -0.134498)
(0.57464 0.495309 -0.196097)
(2.70375 0.733734 -0.134498)
(1.72327 0.598052 -0.100345)
(2.13938 0.580948 -0.149028)
(2.13938 0.580948 -0.149028)
(0.983417 0.49803 -0.00248902)
(3.00051 0.694889 -0.13609)
(0.983417 0.49803 -0.00248902)
(0.983417 0.49803 -0.00248902)
(3.20448 0.775941 -0.126393)
(0.57464 0.495309 -0.196097)
(2.13938 0.580948 -0.149028)
(0.983417 0.49803 -0.00248902)
(2.23027 0.613063 -0.197061)
(2.23027 0.613063 -0.197061)
(2.07354 0.544968 -0.115404)
(1.64242 0.468115 -0.195754)
(0.57464 0.495309 -0.196097)
(-0.18835 0.440917 -0.244785)
(1.48198 0.585322 -0.134049)
(0.57464 0.495309 -0.196097)
(0.0383347 0.0117501 -7.97337e-05)
(2.95822 0.729114 -0.0865685)
(3.88829 1.01874 -0.0637512)
(3.43463 0.743264 -0.0845232)
(3.43463 0.743264 -0.0845232)
(4.038 1.0254 -0.052943)
(3.46309 0.839374 -0.0814297)
(3.84316 1.00957 -0.0612334)
(3.86092 0.648568 0.0299422)
(2.30343 0.670376 -0.100353)
(4.13103 0.994672 -0.0558651)
(4.10451 1.0259 -0.0547559)
(3.6168 1.00084 -0.112136)
(4.06635 1.02298 -0.0535987)
(3.95002 0.835935 -0.0946794)
(4.15472 0.994622 -0.192123)
(3.7166 0.490233 0.100138)
(3.95002 0.835935 -0.0946794)
(4.15235 0.98183 -0.0509864)
(4.15472 0.994622 -0.192123)
(3.54037 0.94568 -0.077122)
(4.22198 1.08582 -0.180433)
(4.22198 1.08582 -0.180433)
(3.12561 0.360488 -0.324101)
(3.17895 0.640193 -0.300319)
(4.13452 0.917969 -0.0563573)
(2.30343 0.670376 -0.100353)
(2.30343 0.670376 -0.100353)
(3.72796 0.707016 -0.0922455)
(4.03681 0.854032 -0.194076)
(2.95822 0.729114 -0.0865685)
(-0.0109041 -0.00439822 0.000109672)
(3.43463 0.743264 -0.0845232)
(3.72796 0.707016 -0.0922455)
(3.95002 0.835935 -0.0946794)
(3.73356 0.423477 0.11215)
(3.15745 0.418637 -0.321011)
(3.15745 0.418637 -0.321011)
(3.8928 0.652691 -0.209476)
(-0.019369 -0.00769773 0.000116946)
(0.21731 -0.00349271 -0.00225193)
(1.82959 -0.639314 0.325926)
(2.45952 -0.537534 0.41065)
(3.18758 0.865007 0.110049)
(3.18758 0.865007 0.110049)
(1.48452 0.575096 0.130524)
(3.18758 0.865007 0.110049)
(1.70312 0.593623 0.0937621)
(1.70312 0.593623 0.0937621)
(3.18758 0.865007 0.110049)
(2.68943 0.731131 0.133196)
(2.61613 0.694732 0.110297)
(1.70312 0.593623 0.0937621)
(2.61613 0.694732 0.110297)
(2.61613 0.694732 0.110297)
(0.581536 0.486767 0.187499)
(2.11913 0.579397 0.145861)
(2.11913 0.579397 0.145861)
(0.951396 0.494784 -0.0109837)
(2.67378 0.723069 0.18016)
(0.581536 0.486767 0.187499)
(0.581536 0.486767 0.187499)
(2.05284 0.54403 0.112133)
(2.05284 0.54403 0.112133)
(2.54153 0.492205 0.141688)
(2.73077 0.600791 0.124755)
(0.581536 0.486767 0.187499)
(-0.176954 0.43586 0.232223)
(2.05284 0.54403 0.112133)
(0.951396 0.494784 -0.0109837)
(-0.176954 0.43586 0.232223)
(1.70387 0.181363 0.0511124)
(1.70387 0.181363 0.0511124)
(2.504 0.513971 0.136751)
(1.48452 0.575096 0.130524)
(2.85961 0.614594 0.193969)
(0.734379 -0.721207 0.00461644)
(-0.258092 0.245816 -0.168736)
(-0.777932 1.1144 -0.139355)
(2.96208 0.713786 0.0848934)
(4.01822 0.822527 0.0185051)
(3.88354 1.05447 0.0835724)
(4.03235 1.02448 0.0533725)
(2.96208 0.713786 0.0848934)
(3.87959 1.01662 0.0645785)
(4.03235 1.02448 0.0533725)
(2.96208 0.713786 0.0848934)
(3.88354 1.05447 0.0835724)
(3.88354 1.05447 0.0835724)
(2.30472 0.657328 0.0995265)
(3.83425 1.00718 0.0616331)
(2.30472 0.657328 0.0995265)
(3.72819 0.682792 0.0848872)
(3.76519 0.850372 0.0817034)
(3.6059 0.998675 0.112508)
(2.99168 0.776754 0.0968332)
(3.94042 0.826417 0.0974906)
(4.11055 0.940497 0.199985)
(3.52814 0.942285 0.0770642)
(3.16836 0.467175 0.329058)
(4.21551 1.08668 0.180241)
(2.96208 0.713786 0.0848934)
(3.94042 0.826417 0.0974906)
(3.17061 0.510076 0.323469)
(3.54221 0.970154 0.121547)
(3.16836 0.467175 0.329058)
(3.72819 0.682792 0.0848872)
(3.89158 0.655902 0.208877)
(3.06871 0.288327 0.325006)
(3.89158 0.655902 0.208877)
(2.98365 0.200269 0.342766)
(3.68563 0.325676 0.25673)
(3.16905 0.638778 0.300086)
(3.44233 0.163588 -0.250231)
(3.46129 0.141667 -0.0800315)
(2.42433 -0.526875 -0.0373657)
)


// ************************************************************************* //
