/*--------------------------------*- C++ -*----------------------------------*\
| =========                 |                                                 |
| \\      /  F ield         | OpenFOAM: The Open Source CFD Toolbox           |
|  \\    /   O peration     | Version:  2312                                  |
|   \\  /    A nd           | Website:  www.openfoam.com                      |
|    \\/     M anipulation  |                                                 |
\*---------------------------------------------------------------------------*/
FoamFile
{
    version     2.0;
    format      ascii;
    arch        "LSB;label=32;scalar=64";
    class       vectorField;
    location    "0.79995/lagrangian/kinematicCloud";
    object      U;
}
// * * * * * * * * * * * * * * * * * * * * * * * * * * * * * * * * * * * * * //


150
(
(-0.0700853 0.00909573 0.0227705)
(1.76531 0.693347 -0.146449)
(1.73171 0.683186 0.147909)
(1.76531 0.693347 -0.146449)
(1.76531 0.693347 -0.146449)
(2.78383 0.774921 0.189046)
(0.936225 0.583366 -0.174412)
(1.96922 0.640154 0.184314)
(3.20505 0.908556 0.186587)
(2.24023 0.612774 0.213678)
(3.26523 0.919688 -0.152149)
(3.20505 0.908556 0.186587)
(0.936225 0.583366 -0.174412)
(2.26919 0.617987 -0.215542)
(2.20377 0.576875 -0.181614)
(2.17548 0.572212 0.179011)
(2.8416 0.804108 0.218423)
(2.80789 0.779993 -0.188852)
(2.76355 0.758884 0.227591)
(0.488136 0.474247 -0.118121)
(1.66829 0.467948 -0.211314)
(2.35562 0.64353 -0.253006)
(1.58513 0.440377 0.162697)
(0.537147 0.475989 0.095492)
(-0.270517 0.46056 -0.127402)
(0.488136 0.474247 -0.118121)
(1.04618 0.372225 -0.195312)
(-0.279085 0.459606 0.120921)
(-0.279085 0.459606 0.120921)
(2.07272 0.334862 -0.182481)
(0.537147 0.475989 0.095492)
(-0.279085 0.459606 0.120921)
(0.266814 0.361707 -0.0112187)
(-0.266683 0.448028 -0.397656)
(-0.270517 0.46056 -0.127402)
(1.06679 0.327455 -0.21571)
(1.0362 0.326166 0.211336)
(1.51936 0.166496 0.170448)
(-0.433626 0.398575 0.00849561)
(0.746993 -0.0841388 -0.0249452)
(0.532416 -0.000999745 0.0343964)
(-0.433626 0.398575 0.00849561)
(-0.424668 0.398043 -0.0112594)
(0.0540514 0.31117 -0.232416)
(0.303986 0.359689 -0.00952238)
(0.369832 -0.0124622 0.0173565)
(-0.835336 0.123874 0.00703197)
(-0.433626 0.398575 0.00849561)
(-0.433626 0.398575 0.00849561)
(0.605123 -0.102776 0.0495444)
(0.367925 -0.00970065 -0.0239338)
(2.09634 0.305765 -0.116242)
(-0.433626 0.398575 0.00849561)
(0.303986 0.359689 -0.00952238)
(0.658446 -0.0149774 0.0694496)
(2.09634 0.305765 -0.116242)
(-0.424668 0.398043 -0.0112594)
(2.78348 2.62473 -0.194425)
(-0.271206 -0.143562 -0.195972)
(2.65459 0.554179 -0.225664)
(0.000402719 0.0876251 0.264235)
(0.931496 -0.244523 -0.0524022)
(1.3406 1.13373 0.101149)
(-0.883826 -1.17284 0.0267055)
(-0.624117 -0.650068 0.357503)
(1.7974 -0.671558 0.873082)
(0.163214 -0.614269 -0.367347)
(1.25721 -1.12554 0.130176)
(0.0920536 0.0239437 -0.00258583)
(4.33815 2.44179 0.0100521)
(0.633036 0.627743 0.0117704)
(3.74976 0.76491 -0.0311674)
(3.74323 0.755465 0.0281768)
(3.74976 0.76491 -0.0311674)
(3.74976 0.76491 -0.0311674)
(3.74323 0.755465 0.0281768)
(3.74323 0.755465 0.0281768)
(4.03236 0.968689 -0.00934171)
(4.0108 1.0806 -0.0472447)
(4.06933 1.03707 -0.0209866)
(4.03551 0.976317 0.00671045)
(3.74323 0.755465 0.0281768)
(3.90437 0.882873 -0.0872356)
(3.90973 0.806954 0.0910356)
(3.91369 0.804513 -0.091728)
(4.00381 1.08406 0.0457698)
(4.03551 0.976317 0.00671045)
(4.03236 0.968689 -0.00934171)
(3.95061 0.846905 0.0117913)
(3.76563 0.91018 0.094552)
(3.0251 0.85661 -0.0918401)
(4.00381 1.08406 0.0457698)
(3.7178 0.642131 -0.0180429)
(3.53709 0.898447 -0.112576)
(3.85309 1.07603 0.076903)
(3.71319 0.632579 0.00999105)
(3.0031 0.846802 0.0957657)
(3.96533 0.823687 -0.0281486)
(3.83324 0.699636 -0.0958232)
(3.83324 0.699636 -0.0958232)
(3.68472 0.538681 0.0894722)
(3.56653 0.447593 -0.00246112)
(3.8104 1.06559 0.0795165)
(2.44339 0.779783 0.121814)
(3.68052 0.535874 -0.0921066)
(3.68472 0.538681 0.0894722)
(3.15503 0.84171 -0.142804)
(3.59858 1.01799 0.11296)
(3.68472 0.538681 0.0894722)
(3.68472 0.538681 0.0894722)
(3.68052 0.535874 -0.0921066)
(3.53093 0.477797 0.0825401)
(3.68472 0.538681 0.0894722)
(3.15503 0.84171 -0.142804)
(3.61171 1.05568 0.126169)
(3.15503 0.84171 -0.142804)
(3.81406 1.097 -0.0943572)
(3.48683 0.401428 0.0822833)
(2.40311 -0.358797 -0.0123675)
(3.56132 0.4366 -0.0102546)
(3.92348 0.968183 0.193689)
(3.5441 0.996277 0.110994)
(3.81406 1.097 -0.0943572)
(4.05113 1.0964 -0.159034)
(2.60576 0.0820253 0.358709)
(3.30431 0.184932 0.0136564)
(3.3019 0.174017 0.0252303)
(3.3019 0.174017 0.0252303)
(3.11763 0.0624217 -0.0598971)
(2.42495 0.00165986 -0.366895)
(3.1574 0.0446527 -0.0628891)
(3.56132 0.4366 -0.0102546)
(3.11763 0.0624217 -0.0598971)
(3.56653 0.447593 -0.00246112)
(2.80431 0.427425 0.354204)
(2.80464 0.333409 -0.352311)
(2.70588 0.157565 -0.344903)
(3.1574 0.0446527 -0.0628891)
(3.56132 0.4366 -0.0102546)
(2.42698 -0.000970283 0.367865)
(3.11763 0.0624217 -0.0598971)
(2.42495 0.00165986 -0.366895)
(3.23317 -0.081007 -0.0172062)
(3.23317 -0.081007 -0.0172062)
(3.1574 0.0446527 -0.0628891)
(3.1574 0.0446527 -0.0628891)
(2.05511 0.0207162 0.1364)
(0.953516 0.608747 0.0437272)
(1.14191 0.719252 0.114393)
(1.29384 0.950695 0.130862)
)


// ************************************************************************* //
