/*--------------------------------*- C++ -*----------------------------------*\
| =========                 |                                                 |
| \\      /  F ield         | OpenFOAM: The Open Source CFD Toolbox           |
|  \\    /   O peration     | Version:  2312                                  |
|   \\  /    A nd           | Website:  www.openfoam.com                      |
|    \\/     M anipulation  |                                                 |
\*---------------------------------------------------------------------------*/
FoamFile
{
    version     2.0;
    format      ascii;
    arch        "LSB;label=32;scalar=64";
    class       Cloud<basicKinematicCollidingParcel>;
    location    "0.3/lagrangian/kinematicCloud";
    object      positions;
}
// * * * * * * * * * * * * * * * * * * * * * * * * * * * * * * * * * * * * * //

67
(
(0.6 0.0227241 0.0479513) 205
(0.6 0.0229808 0.0500012) 395
(0.6 0.0220159 0.0404919) 205
(0.6 0.0241367 0.044629) 205
(0.6 0.0189049 0.0747358) 2636
(0.6 0.0199467 0.0404552) 202
(0.6 0.0161519 0.0700349) 2610
(0.6 0.0222966 0.0813764) 33928
(0.6 0.0137498 0.0774508) 33922
(0.6 0.023762 0.0211648) 33514
(0.6 0.0210024 0.0821198) 33928
(0.6 0.0163599 0.0398479) 202
(0.6 0.0127406 0.0252362) 33507
(0.6 0.0113327 0.0251802) 1706
(0.6 0.0113905 0.0782699) 2639
(0.6 0.0183575 0.0851379) 33914
(0.6 0.0177889 0.0221091) 1704
(0.6 0.0170896 0.0817047) 33919
(0.6 0.00920907 0.0724704) 2606
(0.6 0.00870753 0.0251224) 1693
(0.6 0.0130499 0.0154696) 33508
(0.6 0.00594591 0.0796259) 33908
(0.6 0.00728631 0.0311502) 1713
(0.6 0.00974494 0.0449108) 1711
(0.6 0.00664904 0.0710463) 2606
(0.6 0.00270916 0.0251013) 33486
(0.6 0.00791019 0.0599621) 2602
(0.6 0.00705289 0.0571253) 2602
(0.600056 0.00507718 0.0101725) 9917
(0.6 0.0052268 0.033355) 1713
(0.6 0.0070655 0.0535081) 2602
(0.6 0.000100328 0.0752327) 2483
(0.6 0.00230928 0.0698044) 2603
(0.6 0.00692623 0.0468826) 1711
(0.6 0.000441113 0.0160819) 33484
(0.6 0.000130028 0.0824922) 33900
(0.600095 0.00237736 0.0922439) 5055
(0.6 0.00324099 0.059737) 379
(0.600028 -0.00848118 0.0926769) 2484
(0.600045 -0.00771664 0.0897783) 13171
(0.6 0.00243298 0.0577012) 379
(0.6 0.00263692 0.0440331) 200
(0.6 -0.00450018 0.0796226) 33831
(0.6 -0.000819233 0.0255687) 1669
(0.600075 -0.0104683 0.00778373) 9852
(0.6 -0.00747855 0.0814398) 33840
(0.6 0.0021688 0.0527432) 379
(0.6 0.00221091 0.0533757) 379
(0.592181 -0.00775971 0.00635408) 9878
(0.597647 -0.0108675 0.0890767) 13140
(0.590388 0.0105521 0.00329786) 9942
(0.583173 0.0045398 0.0544951) 33393
(0.573 0.00192697 0.0228117) 7479
(0.575642 -0.00149282 0.0896561) 19136
(0.557905 -0.00353464 0.00546474) 17545
(0.461027 -0.00407795 0.00310863) 23929
(0.564679 0.00555019 0.0411791) 32139
(0.461333 -0.0268276 0.00126548) 22923
(0.418573 -0.0653291 0.0012626) 60771
(0.453573 -0.0708832 0.0208368) 6063
(0.411953 -0.0781728 0.00124944) 50870
(0.402887 -0.106445 0.00738306) 20951
(0.399517 -0.110803 0.0411721) 2716
(0.394058 -0.1095 0.072594) 30463
(0.599706 0.0206558 0.00614456) 203
(0.366166 -0.067415 0.097988) 25567
(0.324984 -0.0491341 0.0132202) 14524
)


// ************************************************************************* //
