/*--------------------------------*- C++ -*----------------------------------*\
| =========                 |                                                 |
| \\      /  F ield         | OpenFOAM: The Open Source CFD Toolbox           |
|  \\    /   O peration     | Version:  2312                                  |
|   \\  /    A nd           | Website:  www.openfoam.com                      |
|    \\/     M anipulation  |                                                 |
\*---------------------------------------------------------------------------*/
FoamFile
{
    version     2.0;
    format      ascii;
    arch        "LSB;label=32;scalar=64";
    class       vectorField;
    location    "0.3/lagrangian/kinematicCloud";
    object      U;
}
// * * * * * * * * * * * * * * * * * * * * * * * * * * * * * * * * * * * * * //


67
(
(2.9886 0.0428777 0.0262734)
(2.9895 0.0429071 -0.026959)
(2.9886 0.0428777 0.0262734)
(2.9886 0.0428777 0.0262734)
(2.85321 -0.0246544 7.70401e-05)
(2.86896 -0.012867 0.0255193)
(2.86534 -0.0536978 0.0477941)
(2.9234 0.0537553 -0.0195769)
(2.66115 -0.103227 -0.00660318)
(2.9456 0.0486952 0.00246245)
(2.9234 0.0537553 -0.0195769)
(2.86896 -0.012867 0.0255193)
(2.66109 -0.104808 0.00686292)
(2.65577 -0.114919 0.014233)
(2.65575 -0.113446 -0.0137851)
(2.8384 -0.0192389 -0.0183741)
(2.85242 -0.0265556 -0.00126565)
(2.83318 -0.0274526 -0.0172655)
(2.29955 -0.181198 0.0179783)
(2.35048 -0.181748 0.0204023)
(2.64648 -0.104639 0.0255461)
(2.34251 -0.195929 -0.0387579)
(2.30525 -0.182786 -0.0150033)
(2.26416 -0.132172 0.0176304)
(2.29955 -0.181198 0.0179783)
(1.92061 -0.245219 0.0254839)
(2.2628 -0.130318 -0.0173695)
(2.2628 -0.130318 -0.0173695)
(2.34249 -0.271334 -0.00109156)
(2.30525 -0.182786 -0.0150033)
(2.2628 -0.130318 -0.0173695)
(1.39819 -0.28632 -0.0229491)
(1.82518 -0.231634 -0.00773506)
(2.26416 -0.132172 0.0176304)
(1.88901 -0.261095 0.0477887)
(1.88639 -0.26055 -0.0480487)
(2.00733 -0.370372 -0.0103349)
(1.76874 -0.179014 -0.0154267)
(1.08761 -0.66361 -0.00322863)
(1.18168 -0.476321 -0.0653847)
(1.76874 -0.179014 -0.0154267)
(1.76958 -0.18036 0.0165205)
(1.36305 -0.289671 -0.0580455)
(1.40131 -0.286869 0.0226608)
(0.972427 -0.47997 0.0931388)
(0.849244 -0.28295 -0.0503404)
(1.76874 -0.179014 -0.0154267)
(1.76874 -0.179014 -0.0154267)
(1.21488 -0.486903 0.136027)
(0.968635 -0.478381 -0.124594)
(2.15079 -0.565446 0.0314265)
(1.93849 -0.145942 -0.0134931)
(2.3632 -0.0588733 0.0408488)
(2.24386 -0.217473 -0.039493)
(2.30268 -0.31786 0.133769)
(2.08427 3.17529 0.10304)
(2.80288 0.2819 -0.00606591)
(2.16994 3.52439 0.00855236)
(0.54748 1.11503 0.0225015)
(1.86669 1.7973 -0.667492)
(0.336854 1.09811 -0.00316062)
(0.283503 0.237895 -0.421747)
(0.300497 -0.106593 -0.131525)
(0.533556 -0.255415 0.242838)
(2.22638 -0.302464 -0.104855)
(0.974027 -0.36637 -0.0317541)
(1.20524 -1.20172 0.227025)
)


// ************************************************************************* //
