/*--------------------------------*- C++ -*----------------------------------*\
| =========                 |                                                 |
| \\      /  F ield         | OpenFOAM: The Open Source CFD Toolbox           |
|  \\    /   O peration     | Version:  2312                                  |
|   \\  /    A nd           | Website:  www.openfoam.com                      |
|    \\/     M anipulation  |                                                 |
\*---------------------------------------------------------------------------*/
FoamFile
{
    version     2.0;
    format      ascii;
    arch        "LSB;label=32;scalar=64";
    class       Cloud<passivePositionParticle>;
    location    "0.3/lagrangian/kinematicCloud";
    object      coordinates;
}
// * * * * * * * * * * * * * * * * * * * * * * * * * * * * * * * * * * * * * //

150
(
(2.81281e-06 0.229952 0.137928 0.632117) 20921 104423 2
(0.122155 0.221658 0.583701 0.0724855) 70881 139559 2
(0.327257 0.420167 0.0512619 0.201314) 29164 139644 2
(0.290259 0.162749 0.0865934 0.460398) 54178 209108 2
(0.0365356 0.778949 0.0368562 0.147659) 29156 139651 2
(0.583776 0.150924 0.257264 0.00803585) 40749 169016 2
(0.23305 0.0251381 0.194899 0.546912) 29155 139674 1
(0.13513 0.575145 0.289177 0.000546978) 2817 15074 2
(0.221422 0.115735 0.165684 0.497158) 15108 43433 1
(0.450883 0.511506 0.0189802 0.0186302) 2819 15089 3
(0.00972573 0.664348 0.215354 0.110573) 7842 43425 3
(0.330556 0.247223 0.197271 0.224949) 94751 75947 1
(0.0545232 0.261643 0.392873 0.290961) 15153 75734 1
(0.244285 0.0860415 0.616672 0.0530016) 20803 103751 1
(0.00738919 0.802493 0.158615 0.0315027) 29669 140944 1
(0.501689 0.060796 0.299513 0.138002) 71204 251657 2
(0.379033 0.347939 0.0321526 0.240876) 156964 481330 2
(0 0.34835 0.172467 0.479183) 92919 521473 2
(0 0.307816 0.123308 0.568875) 33315 521362 2
(0.0546752 0.0408574 0.397337 0.507131) 4180 21670 3
(0.32376 0.175481 0.476859 0.0238992) 74345 259480 1
(0.309234 0.62627 0.00344072 0.0610548) 62477 84560 2
(0.275468 0.0203722 0.0281617 0.675998) 62492 230882 2
(0.326663 0.461931 0.205918 0.00548782) 74294 259355 2
(0.441705 0.286883 0.117869 0.153542) 47401 187714 1
(0 0.0460926 0.263196 0.690712) 5999 521564 2
(0 0.0423864 0.285084 0.672529) 5999 521564 2
(0 0.533464 0.24633 0.220206) 10841 521270 2
(0.392064 0.204264 0.05013 0.353543) 31210 64678 1
(0 0.0992545 0.360362 0.540384) 33314 521585 2
(0 0.008362 0.203602 0.788036) 92912 521471 2
(0.24214 0.201743 0.218237 0.33788) 110287 333270 1
(0 0.834895 0.0293723 0.135733) 5972 521224 2
(0 0.111595 0.00498567 0.883419) 4181 521559 1
(0.329401 0.546988 0.0748819 0.0487293) 61872 187032 1
(0.317317 0.347266 0.309942 0.0254751) 105410 345543 2
(0 0.000391588 0.242288 0.757321) 6052 522292 2
(0.0753806 0.333531 0.311271 0.279817) 136945 314614 1
(0.274318 0.5008 0.209555 0.0153278) 103097 337600 2
(0.197502 0.692083 0.00953953 0.100876) 22564 33065 2
(0.312119 0.414995 0.180792 0.0920949) 36060 157156 1
(0.895265 0.0200746 0.000428449 0.0842322) 63364 232983 1
(0.267897 0.0996026 0.401096 0.231405) 152349 471119 2
(0 0.363767 0.592683 0.0435507) 886 521163 1
(0 0.267561 0.498895 0.233544) 933 521530 2
(0 0.0367901 0.159931 0.803279) 6530 521240 1
(0 0.0183248 6.60475e-05 0.981609) 4343 521198 2
(0 0.666609 0.0242618 0.309129) 6532 521241 2
(0 0.595032 0.274621 0.130347) 6532 521241 3
(0 0.617474 0.0543819 0.328144) 93403 521501 2
(0 0.0832871 0.756383 0.160329) 6532 521241 2
(0 0.124263 0.311428 0.564309) 6862 521542 2
(0 0.308568 0.154868 0.536564) 93227 521497 2
(0 0.0267872 0.259011 0.714202) 4342 521197 2
(0 0.57547 0.12787 0.29666) 4345 521199 2
(0 0.186576 0.125534 0.68789) 4332 521193 2
(0 0.0723879 0.0947811 0.832831) 93227 521497 2
(0 0.210601 0.349059 0.44034) 4407 521207 2
(0 0.519731 0.407819 0.0724499) 4339 521196 1
(0 0.839084 0.134884 0.026032) 4339 521196 3
(0 0.611073 0.244335 0.144592) 92002 521432 2
(0 0.498576 0.364566 0.136858) 93409 521503 1
(0 0.00826693 0.713568 0.278165) 4330 521192 1
(0 0.369575 0.171025 0.4594) 6865 521543 3
(0 0.00287147 0.1163 0.880828) 92052 521441 2
(0 0.0663781 0.905492 0.0281298) 93213 521491 1
(0 0.346075 0.362311 0.291614) 6528 521540 2
(0 0.471686 0.184911 0.343404) 91996 521429 2
(0 0.786807 0.0202356 0.192957) 93213 521491 2
(0 0.101136 0.761718 0.137145) 93409 521503 2
(0 0.488417 0.490375 0.0212085) 6548 521244 1
(0 0.720743 0.0405353 0.238721) 4335 521194 2
(0 0.742194 0.218805 0.039001) 4260 521182 2
(0 0.206678 0.576508 0.216814) 481 521154 1
(0 0.638509 0.123002 0.238488) 6263 521232 3
(0 0.171186 0.411466 0.417348) 93207 521489 2
(0 0.530886 0.361945 0.107169) 91960 521420 2
(0 0.135063 0.435094 0.429842) 93210 521490 1
(0 0.37087 0.281539 0.347591) 91987 521425 2
(0 0.221354 0.26607 0.512576) 91959 521419 1
(0 0.0229636 0.526378 0.450658) 4260 521182 2
(0 0.129436 0.826838 0.0437256) 833 521161 2
(0 0.551234 0.369902 0.0788637) 6265 521233 2
(0 0.675863 0.32403 0.000107765) 6261 521231 1
(0 0.504036 0.102408 0.393555) 26668 521339 1
(0 0.560696 0.272612 0.166693) 36640 521377 2
(0 0.601735 0.387758 0.0105061) 4269 521186 2
(0 0.807206 0.0836219 0.109172) 6255 521535 1
(0 0.962404 0.0109265 0.0266696) 92001 521431 2
(0 0.0616233 0.581455 0.356921) 13087 521306 1
(0 0.718925 0.210565 0.0705103) 91967 521422 1
(0 0.440325 0.191342 0.368333) 35268 521369 1
(0 0.338215 0.231219 0.430566) 10960 521282 1
(0 0.253717 0.568563 0.177721) 6255 521535 1
(0 0.649281 0.126944 0.223774) 6255 521535 1
(0 0.590524 0.369523 0.039953) 13335 521307 2
(0 0.0511008 0.0889827 0.859916) 4269 521186 2
(0 0.117204 0.750732 0.132064) 91947 521414 1
(0 0.302819 0.0218522 0.675329) 91948 521415 1
(0 0.798682 0.183689 0.017629) 91948 521415 1
(0 0.034258 0.62542 0.340322) 6290 521238 1
(0 0.105431 0.645644 0.248924) 26344 521582 2
(0 0.344969 0.54947 0.10556) 34362 521587 2
(0 0.244157 0.0967801 0.659063) 34362 521587 1
(0 0.830795 0.0381918 0.131013) 4265 521184 2
(0 0.348382 0.197818 0.4538) 12799 521577 2
(0 0.14897 0.238219 0.612811) 467 521151 1
(0 0.58984 0.0218507 0.388309) 10942 521573 1
(0 0.320819 0.231097 0.448084) 467 521151 1
(0 0.622056 0.231286 0.146658) 831 521528 1
(0 0.243539 0.33094 0.42552) 467 521151 1
(0 0.206705 0.454574 0.338721) 92065 521446 1
(0.281057 0.0166491 0.0716435 0.63065) 24287 123216 2
(0.383335 0.32554 0.162371 0.128754) 24271 123129 1
(0.0148804 0.10534 0.668759 0.211021) 24408 123941 1
(0.0174926 0.134281 0.381506 0.466721) 83238 1797 1
(0.0649738 0.464679 0.468692 0.00165589) 90049 17889 1
(0.230527 0.0736103 0.131505 0.564358) 86285 53091 1
(0.43207 0.138199 0.148214 0.281517) 86262 289949 1
(0 0.0210128 0.46772 0.511267) 150194 550109 1
(0.0102128 0.3994 0.0900328 0.500354) 7091 38921 3
(0.0977127 0.126568 0.645064 0.130656) 3834 19982 4
(0 0.0517138 0.592562 0.355724) 14040 526942 1
(0 0.363009 0.562394 0.0745975) 92141 521449 2
(0 0.0222471 0.655151 0.322602) 92057 521443 2
(0 0.156973 0.242541 0.600487) 92058 521444 2
(0 0.107614 0.096731 0.795655) 93423 521509 2
(0 0.691841 0.0683955 0.239764) 6867 521247 1
(0 0.263992 0.0823695 0.653639) 6869 521248 1
(0.150945 0.277075 0.0128949 0.559085) 44055 177111 1
(0.0305651 0.143255 0.0648343 0.761345) 37817 161512 2
(0 0.695398 0.137152 0.167451) 6867 521247 2
(0.177035 0.446148 0.365156 0.0116604) 3873 20154 1
(0 0.68432 0.306806 0.00887432) 935 521165 2
(0.0408135 0.477435 0.38871 0.0930413) 38392 163147 1
(0 0.0139828 0.188496 0.797521) 93597 521518 2
(0 0.315832 0.0386503 0.645517) 4410 521208 2
(0 0.145023 0.625468 0.229509) 93427 521511 1
(0.566564 0.118485 0.23468 0.0802709) 4536 23680 1
(0 0.0187597 0.539023 0.442217) 36644 521378 2
(0.0163788 0.505669 0.188589 0.289363) 44076 177155 1
(0.336255 0.545131 0.0337011 0.0849125) 90903 300066 1
(0 0.437178 0.510463 0.0523584) 513 521158 1
(0 0.199932 0.198187 0.601882) 7372 521545 1
(0.495033 0.260233 0.0316442 0.21309) 87453 23598 1
(0.285643 0.391426 0.291008 0.0319231) 10619 40096 2
(0.166638 0.387467 0.184203 0.261691) 8597 47922 1
(0.186626 0.537003 0.0510581 0.225313) 87515 293023 2
(0.340545 0.0471645 0.295574 0.316717) 19600 98584 1
(0.259963 0.0130456 0.600087 0.126905) 19014 95715 1
)


// ************************************************************************* //
