/*--------------------------------*- C++ -*----------------------------------*\
| =========                 |                                                 |
| \\      /  F ield         | OpenFOAM: The Open Source CFD Toolbox           |
|  \\    /   O peration     | Version:  2312                                  |
|   \\  /    A nd           | Website:  www.openfoam.com                      |
|    \\/     M anipulation  |                                                 |
\*---------------------------------------------------------------------------*/
FoamFile
{
    version     2.0;
    format      ascii;
    arch        "LSB;label=32;scalar=64";
    class       Cloud<passivePositionParticle>;
    location    "0.3/lagrangian/kinematicCloud";
    object      positions;
}
// * * * * * * * * * * * * * * * * * * * * * * * * * * * * * * * * * * * * * //

150
(
(0.40023 -0.0680749 0.0987361) 20921
(0.403555 -0.0998472 0.0952215) 70881
(0.416117 -0.105795 0.072728) 29164
(0.404614 -0.0978631 0.00467594) 54178
(0.41621 -0.104939 0.0612334) 29156
(0.389338 -0.108784 0.0086683) 40749
(0.417736 -0.102953 0.0555224) 29155
(0.406299 -0.11092 0.0724099) 2817
(0.400371 -0.10907 0.01488) 15108
(0.402533 -0.111159 0.0592029) 2819
(0.396699 -0.104397 0.020552) 7842
(0.37852 -0.0986473 0.0474214) 94751
(0.368283 -0.089666 0.0480112) 15153
(0.34916 -0.0715077 0.0554859) 20803
(0.338847 -0.061582 0.0622802) 29669
(0.39575 -0.0617205 0.0974272) 71204
(0.357037 -0.0154738 0.00103262) 156964
(0.6 -0.00643763 0.0751392) 92919
(0.600057 -0.00963702 0.0907977) 33315
(0.593513 -0.00527993 0.0180381) 4180
(0.578063 -0.0108945 0.0918033) 74345
(0.573698 -0.00803981 0.00712184) 62477
(0.576897 -0.00789611 0.00730509) 62492
(0.566385 -0.00290743 0.0915969) 74294
(0.557964 -0.00126771 0.0101481) 47401
(0.600012 -0.00814874 0.0927405) 5999
(0.600017 -0.00820308 0.0927175) 5999
(0.600022 -0.00381504 0.0116723) 10841
(0.502972 -0.0224852 0.0609608) 31210
(0.599926 -0.00589749 0.0930764) 33314
(0.6 -0.00446655 0.080823) 92912
(0.456807 -0.0557143 0.0998185) 110287
(0.6 -0.000622364 0.071466) 5972
(0.599897 -0.0077744 0.00681179) 4181
(0.450407 -0.00541968 0.0107198) 61872
(0.0741568 0.00953967 0.0997079) 105410
(0.126605 0.00160544 0.0930854) 6052
(0.320619 9.42257e-05 0.0989105) 136945
(0.371558 0.00191691 0.0427992) 103097
(0.273649 0.00995683 0.0612678) 22564
(0.232449 0.0494389 0.0894301) 36060
(0.274216 0.0138707 0.00272076) 63364
(0.329312 0.0450132 0.0740727) 152349
(0.6 0.0396496 0.0577652) 886
(0.6 0.042333 0.0589405) 933
(0.6 0.034783 0.0598304) 6530
(0.6 0.0347214 0.0499992) 4343
(0.6 0.038333 0.0696732) 6532
(0.6 0.0386177 0.0686412) 6532
(0.6 0.044043 0.0739018) 93403
(0.599999 0.0354145 0.0711361) 6532
(0.6 0.0443299 0.0696439) 6862
(0.6 0.0332705 0.0748181) 93227
(0.6 0.0351322 0.0299185) 4342
(0.6 0.0321216 0.0304019) 4345
(0.6 0.0320332 0.0252084) 4332
(0.6 0.0326806 0.0747964) 93227
(0.6 0.0459851 0.0307728) 4407
(0.6 0.029638 0.0323467) 4339
(0.6 0.0292597 0.0272891) 4339
(0.6 0.0359706 0.0250321) 92002
(0.6 0.0462412 0.0745868) 93409
(0.6 0.0375199 0.0238257) 4330
(0.6 0.0489513 0.0661864) 6865
(0.6 0.0474646 0.0248132) 92052
(0.6 0.0273341 0.0742658) 93213
(0.6 0.0267304 0.0696264) 6528
(0.600001 0.0263214 0.0253846) 91996
(0.6 0.0250514 0.0743111) 93213
(0.599999 0.0468985 0.0798729) 93409
(0.6 0.0299464 0.076676) 6548
(0.6 0.0214003 0.0299166) 4335
(0.6 0.0194542 0.0253843) 4260
(0.6 0.0211268 0.0404662) 481
(0.599999 0.0193859 0.0688919) 6263
(0.6 0.0229282 0.0764848) 93207
(0.6 0.0161753 0.0243569) 91960
(0.599999 0.0228376 0.0839715) 93210
(0.6 0.0207038 0.0172601) 91987
(0.6 0.0187186 0.018168) 91959
(0.6 0.0186841 0.0197325) 4260
(0.6 0.0156678 0.0601187) 833
(0.6 0.0122549 0.0688126) 6265
(0.6 0.0118621 0.0500014) 6261
(0.600043 0.0509823 0.0103465) 26668
(0.60004 0.05068 0.0893397) 36640
(0.599999 0.00812068 0.0313914) 4269
(0.6 0.0097033 0.0523498) 6255
(0.6 0.039906 0.0132703) 92001
(0.60004 0.0373459 0.0887333) 13087
(0.6 0.0107027 0.0137057) 91967
(0.600066 0.0290792 0.0897875) 35268
(0.600046 0.0433455 0.0108354) 10960
(0.600001 0.00928425 0.0590933) 6255
(0.599999 0.00912071 0.0542748) 6255
(0.600044 0.0409238 0.0890425) 13335
(0.6 0.0053065 0.0282578) 4269
(0.6 0.00286235 0.0251007) 91947
(0.6 0.00331861 0.0175787) 91948
(0.6 0.00495646 0.0144537) 91948
(0.599553 0.0124144 0.094482) 6290
(0.599932 0.0066141 0.00701339) 26344
(0.599545 0.0136263 0.0945099) 34362
(0.599552 0.0131104 0.094485) 34362
(0.6 0.00101665 0.0285018) 4265
(0.599542 0.0170055 0.0945198) 12799
(0.6 0.00336733 0.0396189) 467
(0.599105 0.0360254 0.00371263) 10942
(0.6 0.00257028 0.0417138) 467
(0.6 0.002261 0.0517882) 831
(0.599999 0.00245434 0.0407686) 467
(0.6 0.0519406 0.0151996) 92065
(0.510468 0.0490359 0.0858783) 24287
(0.50582 0.0466831 0.0854655) 24271
(0.567031 0.0424814 0.098156) 24408
(0.573811 0.00536484 0.0549252) 83238
(0.571663 0.00545786 0.0562746) 90049
(0.565844 0.00408311 0.0260737) 86285
(0.555008 0.00420043 0.0418519) 86262
(0.198086 0.0730855 0.0188813) 150194
(0.216693 0.0679867 0.0788524) 7091
(0.216303 0.0667525 0.0744613) 3834
(0.251397 0.123603 0.0932971) 14040
(0.6 0.0613366 0.0167645) 92141
(0.6 0.0575333 0.0169507) 92057
(0.600001 0.0569286 0.0241061) 92058
(0.6 0.0526079 0.0749765) 93423
(0.6 0.0511467 0.052935) 6867
(0.6 0.0562845 0.0731456) 6869
(0.543207 0.0707878 0.0334478) 44055
(0.501603 0.0708335 0.0823231) 37817
(0.600001 0.0503188 0.053726) 6867
(0.500071 0.0686029 0.0744091) 3873
(0.6 0.0578114 0.0537557) 935
(0.557496 0.0673688 0.096658) 38392
(0.6 0.0624537 0.0862176) 93597
(0.6 0.0563272 0.027398) 4410
(0.6 0.0528265 0.0855101) 93427
(0.599436 0.0690901 0.0213086) 4536
(0.600047 0.0525417 0.0899152) 36644
(0.556995 0.0673775 0.00387523) 44076
(0.496485 0.0583593 0.0661742) 90903
(0.6 0.0595768 0.0430698) 513
(0.600001 0.061991 0.0645257) 7372
(0.499378 0.0584528 0.0310141) 87453
(0.551781 0.0684469 0.0732723) 10619
(0.521528 0.0702545 0.0035176) 8597
(0.529689 0.0577982 0.0333579) 87515
(0.508048 0.0662185 0.00499519) 19600
(0.5229 0.0557136 0.0214022) 19014
)


// ************************************************************************* //
