/*--------------------------------*- C++ -*----------------------------------*\
| =========                 |                                                 |
| \\      /  F ield         | OpenFOAM: The Open Source CFD Toolbox           |
|  \\    /   O peration     | Version:  2312                                  |
|   \\  /    A nd           | Website:  www.openfoam.com                      |
|    \\/     M anipulation  |                                                 |
\*---------------------------------------------------------------------------*/
FoamFile
{
    version     2.0;
    format      ascii;
    arch        "LSB;label=32;scalar=64";
    class       vectorField;
    location    "0.3/lagrangian/kinematicCloud";
    object      U;
}
// * * * * * * * * * * * * * * * * * * * * * * * * * * * * * * * * * * * * * //


150
(
(0.83869 0.934516 0.0183853)
(0.197231 0.671853 0.166279)
(0.355089 0.255957 0.518534)
(0.197226 0.675265 -0.167256)
(0.336388 0.27935 0.181756)
(-0.0170984 0.151163 -0.362658)
(0.519971 0.284187 0.091834)
(0.272645 -0.0441711 0.380443)
(0.452277 0.00616321 -0.457641)
(0.28296 -0.0873592 0.138068)
(0.654033 -0.104356 -0.339787)
(0.787131 -0.71157 -0.00307314)
(0.92645 -0.887501 0.0222269)
(1.11829 -1.08011 -0.0455876)
(1.05505 -1.04952 -0.0974201)
(1.63672 0.51313 -0.028231)
(0.58802 -0.400053 -0.000744453)
(0.867688 -0.282726 -0.0255514)
(1.18167 -0.476355 -0.0655078)
(0.829424 -0.298917 0.0790101)
(0.972904 -0.417575 -0.210447)
(1.36786 -0.363715 0.173948)
(1.324 -0.398786 0.171186)
(2.23629 -0.0894924 -0.00742465)
(2.72257 0.249061 -0.0928141)
(1.08771 -0.663645 -0.00331242)
(1.08771 -0.663645 -0.00331242)
(1.61169 -0.447894 0.0321675)
(2.40125 1.46955 0.0273317)
(1.22921 -0.664081 -0.0014986)
(1.36306 -0.289691 -0.0581252)
(0.0905611 0.123627 -0.00661693)
(1.27086 -0.265751 -0.0309457)
(1.09012 -0.664836 0.00313578)
(2.33608 2.30751 0.284858)
(0.134887 0.076072 0.000214087)
(-0.353485 -0.107558 0.200938)
(0.355916 -0.458354 0.00156678)
(1.00617 -1.00349 -0.00788378)
(-0.367651 0.198347 -0.16559)
(-0.420056 0.887081 -0.186502)
(0.615774 -1.50616 0.00580929)
(0.706443 -0.683945 -0.0203287)
(2.90755 0.152956 -0.048156)
(2.79913 0.174709 -0.0533004)
(2.98816 0.129875 -0.0427818)
(2.98809 0.130272 0.0455413)
(2.84475 0.127338 -0.0133879)
(2.84475 0.127338 -0.0133879)
(2.79635 0.238737 -0.162917)
(2.84475 0.127338 -0.0133879)
(2.73593 0.150998 -0.0463332)
(2.93588 0.171845 -0.0623623)
(2.83968 0.12394 0.0151113)
(2.93681 0.095802 -0.011065)
(2.92553 0.163374 0.0525241)
(2.93588 0.171845 -0.0623623)
(2.61927 0.148326 0.0759904)
(2.98692 0.0531812 -0.0295155)
(2.98692 0.0531812 -0.0295155)
(2.86281 0.203551 0.0988727)
(2.69698 0.238876 -0.198772)
(2.8647 0.209001 0.109255)
(2.62502 0.152216 -0.0774346)
(2.69064 0.235399 0.197091)
(2.95788 0.11114 -0.0229124)
(2.98872 0.0552712 0.0326862)
(2.95517 0.108555 0.0224845)
(2.95788 0.11114 -0.0229124)
(2.69698 0.238876 -0.198772)
(2.96234 0.115868 -0.0273191)
(2.97252 0.0064031 -0.0479194)
(2.85258 -0.0265599 -0.00115685)
(2.98883 0.0429343 0.0262923)
(2.86533 -0.0536969 0.0476737)
(2.94755 0.050735 -0.003173)
(2.84858 -0.0324655 0.000632729)
(2.93127 0.0613077 -0.0214997)
(2.92237 0.0515255 0.0187416)
(2.83835 -0.0212734 0.0177029)
(2.85258 -0.0265599 -0.00115685)
(2.86996 -0.0124215 -0.0279867)
(2.64284 -0.114137 0.0404657)
(2.6268 -0.0710737 -0.0209221)
(2.53456 0.186395 0.0349557)
(2.53652 0.186238 -0.032326)
(2.30525 -0.182787 -0.0148706)
(2.2628 -0.130278 -0.017328)
(2.83283 0.230785 0.127934)
(2.85262 0.251119 -0.0433749)
(2.6408 -0.116018 0.0252915)
(2.90863 0.184029 -0.0115133)
(2.72662 0.248877 0.0623293)
(2.2628 -0.130278 -0.017328)
(2.2628 -0.130278 -0.017328)
(2.77451 0.260003 -0.0605822)
(2.30525 -0.182787 -0.0148706)
(1.92064 -0.245239 0.0255539)
(1.90486 -0.247846 0.0473527)
(1.90486 -0.247846 0.0473527)
(2.03453 -0.457062 0.0748558)
(1.86549 -0.53546 -0.0534299)
(2.08882 -0.416148 0.0805639)
(2.08882 -0.416148 0.0805639)
(1.83355 -0.233536 0.00975932)
(2.15416 -0.377209 0.0925878)
(1.76971 -0.180349 0.0164655)
(2.21984 -0.160193 -0.105561)
(1.76971 -0.180349 0.0164655)
(1.7687 -0.17899 -0.0153921)
(1.76971 -0.180349 0.0164655)
(2.53233 0.240937 0.235097)
(1.1619 0.908209 -0.0718414)
(0.906792 0.831416 -0.10837)
(2.3158 0.22697 -0.00686818)
(2.6188 0.0394182 -0.00909374)
(2.67967 0.107697 -0.00491768)
(2.29822 0.133345 -0.0768931)
(2.49715 0.536271 -0.0188099)
(0.356089 0.35575 0.00152257)
(-0.243813 0.524597 0.557444)
(-0.543298 0.502013 0.516692)
(2.01358 -0.825633 -0.599449)
(2.32987 0.0756918 0.108845)
(2.413 0.161376 0.204485)
(2.50067 0.164297 0.198982)
(2.61988 0.221389 -0.225243)
(2.56221 0.168445 -0.0641634)
(2.44402 0.120852 -0.0756169)
(0.956126 0.0543764 0.226954)
(-0.204754 0.00151129 -0.350293)
(2.56221 0.168445 -0.0641634)
(-0.194577 -0.161275 -0.402155)
(2.44784 0.122509 -0.0559763)
(1.41003 -0.0310938 0.0264995)
(2.33324 0.0770436 -0.107751)
(2.4391 0.117405 0.0744837)
(2.54276 0.234287 -0.236246)
(2.22168 -0.218129 -0.136148)
(2.47805 0.13683 0.00815922)
(1.41699 -0.0248251 -0.0251367)
(-0.180259 -0.195293 -0.424174)
(2.3543 0.0868909 0.0231578)
(2.36484 0.0987386 -0.0124633)
(-0.0648494 -0.0641985 0.419919)
(1.35096 0.120841 -0.280822)
(0.273095 0.160739 -0.0581134)
(0.927165 0.316274 0.263393)
(0.191579 0.547636 0.0666139)
(1.04104 0.660691 0.364278)
)


// ************************************************************************* //
