/*--------------------------------*- C++ -*----------------------------------*\
| =========                 |                                                 |
| \\      /  F ield         | OpenFOAM: The Open Source CFD Toolbox           |
|  \\    /   O peration     | Version:  2312                                  |
|   \\  /    A nd           | Website:  www.openfoam.com                      |
|    \\/     M anipulation  |                                                 |
\*---------------------------------------------------------------------------*/
FoamFile
{
    version     2.0;
    format      ascii;
    arch        "LSB;label=32;scalar=64";
    class       volScalarField;
    location    "6.8";
    object      p;
}
// * * * * * * * * * * * * * * * * * * * * * * * * * * * * * * * * * * * * * //

dimensions      [0 2 -2 0 0 0 0];

internalField   nonuniform List<scalar> 
2958
(
-2.43843e+08
-2.18612e+08
-2.1741e+08
-2.43369e+08
-2.06577e+08
-2.18104e+08
-2.45752e+08
-2.54018e+08
-2.0087e+08
-2.62051e+08
-2.46066e+08
-2.42741e+08
-2.53915e+08
-2.42742e+08
-2.52959e+08
-2.43691e+08
-2.05536e+08
-2.52647e+08
-2.42743e+08
-2.43428e+08
-2.42742e+08
-2.06026e+08
-2.42734e+08
-2.48738e+08
-2.5339e+08
-2.44604e+08
2.12998e+07
-3.78014e+08
-2.43725e+08
-2.45286e+08
-2.44535e+08
-1.96223e+08
-2.42753e+08
-1.9259e+08
-2.49764e+08
-2.52713e+08
-2.42742e+08
-2.42748e+08
-2.44263e+08
-2.82749e+08
-2.12989e+08
-2.48274e+08
-2.45755e+08
-2.43351e+08
-2.42742e+08
-1.96999e+08
-2.461e+08
-1.93058e+08
-2.43366e+08
-2.42701e+08
-2.43943e+08
-2.50379e+08
-2.61269e+08
-2.46783e+08
-2.44165e+08
-2.56302e+08
-2.77376e+08
-2.61597e+08
-2.44702e+08
-1.18264e+08
-2.43381e+08
-2.43203e+08
-2.45968e+08
-2.45411e+08
-2.42743e+08
-2.42743e+08
-2.46834e+08
-2.6037e+08
-2.42638e+08
-2.4321e+08
-2.05492e+08
-2.42741e+08
-2.08928e+08
-2.44187e+08
-2.42746e+08
-2.46056e+08
-2.43292e+08
-2.45857e+08
-2.42742e+08
-2.44159e+08
-2.53515e+08
-2.01434e+08
-4.32121e+08
-4.38678e+08
-2.43429e+08
-2.48031e+08
-2.01577e+08
-2.4802e+08
-2.37618e+08
-2.42713e+08
-2.49109e+08
-2.07504e+08
-2.45818e+08
-2.42743e+08
-2.44325e+08
-2.58151e+08
-2.43337e+08
-2.4331e+08
-2.42742e+08
-2.42742e+08
-2.43383e+08
-2.44442e+08
-2.59502e+08
-2.04329e+08
-2.42728e+08
-2.42703e+08
-2.42741e+08
-2.43375e+08
-2.42742e+08
-2.58528e+08
-2.43532e+08
-2.44089e+08
-2.42747e+08
-2.58947e+08
-2.42743e+08
-2.42743e+08
-2.49097e+08
-2.44097e+08
-2.02361e+08
-2.44168e+08
-2.45053e+08
-2.42741e+08
-2.45983e+08
-2.4718e+08
-2.4419e+08
-2.43636e+08
-2.43302e+08
-2.08038e+08
-2.43672e+08
-2.42743e+08
-2.42745e+08
-2.42757e+08
-2.44169e+08
-2.42742e+08
-2.42743e+08
-2.42743e+08
-2.63098e+08
-2.43919e+08
-2.42742e+08
-2.42742e+08
-2.43033e+08
-2.15449e+08
-2.42742e+08
-2.42743e+08
-2.43896e+08
-1.98755e+08
-2.42746e+08
-2.42741e+08
-1.94387e+08
-2.42742e+08
-2.43407e+08
-2.43326e+08
-2.66172e+08
-2.42738e+08
-2.52143e+08
-2.42743e+08
-2.42713e+08
-2.4402e+08
-2.44445e+08
-2.66088e+08
-2.52257e+08
-2.68786e+08
-2.47903e+08
-2.42742e+08
-7.62471e+07
-2.4295e+08
-2.42683e+08
-2.42743e+08
-2.61079e+08
-1.98895e+08
-1.88978e+08
-2.42741e+08
-2.42737e+08
-2.17201e+08
-2.42744e+08
-2.02388e+08
-2.07143e+08
-1.52627e+08
-2.4259e+08
-2.42639e+08
-2.42725e+08
-2.07042e+08
-2.51887e+08
-2.43426e+08
-2.25482e+08
-2.03793e+08
-2.24853e+08
-2.42742e+08
-2.06527e+08
-2.43369e+08
-2.06924e+08
-2.41466e+08
-1.05855e+08
-2.63695e+08
-2.44128e+08
-2.43728e+08
-2.17239e+08
-1.89912e+08
-2.43979e+08
-2.49766e+08
-2.64435e+08
-2.42742e+08
-2.43822e+08
-1.54645e+08
-2.55696e+08
-2.5434e+08
-2.42705e+08
-2.55444e+08
-2.0152e+08
-2.43364e+08
-2.42743e+08
-2.42713e+08
-2.42743e+08
-2.09479e+08
-2.42743e+08
-2.02473e+08
-2.45594e+08
-2.42743e+08
-2.42743e+08
-2.42742e+08
-2.42744e+08
-2.17107e+08
-2.44467e+08
-2.03176e+08
-2.43536e+08
-2.43852e+08
-3.83165e+08
-2.42743e+08
-1.93259e+08
-2.06179e+08
-2.1735e+08
-1.99291e+08
-1.93077e+08
-2.03573e+08
-2.43727e+08
-2.42744e+08
-2.42743e+08
-2.44082e+08
-2.42743e+08
-2.43326e+08
-2.42743e+08
-2.43321e+08
-2.43537e+08
-3.86929e+08
-2.44603e+08
-2.29698e+08
2.09577e+08
-2.57137e+08
-2.47064e+08
-2.45438e+08
-2.63745e+08
-2.54455e+08
-2.47551e+08
9.08457e+08
-2.43393e+08
-2.49988e+08
-2.44924e+08
-1.96351e+08
-2.46323e+08
-2.05052e+08
-2.43722e+08
-2.42739e+08
-1.95728e+08
-1.09745e+08
-2.42724e+08
-2.47891e+08
-2.54121e+08
-2.44951e+08
-2.42613e+08
-2.42734e+08
-2.42742e+08
-2.03661e+08
-2.45005e+08
-2.42741e+08
-2.09568e+08
-2.44876e+08
-2.42743e+08
-2.07362e+08
-2.42744e+08
-2.09044e+08
-2.42742e+08
-2.42746e+08
-2.42724e+08
-2.50854e+08
-2.05226e+08
-2.42742e+08
-2.42738e+08
-2.43295e+08
-2.43484e+08
-2.45428e+08
-2.46254e+08
-2.13525e+08
-2.42742e+08
-2.42741e+08
-2.90661e+08
6.11614e+07
-2.42742e+08
-2.43674e+08
-2.42742e+08
-2.71386e+08
-2.61429e+08
-2.09796e+08
-1.97556e+08
-2.02758e+08
-2.43378e+08
-3.02509e+08
-2.43424e+08
-2.4274e+08
-2.47061e+08
-2.43332e+08
-2.42743e+08
-2.43616e+08
-2.44265e+08
-2.42743e+08
-2.09045e+08
-2.43535e+08
-2.01506e+08
-2.45175e+08
-2.018e+08
-2.44702e+08
-2.07299e+08
-2.01987e+08
-2.46185e+08
-2.52991e+08
-1.99005e+08
-2.42734e+08
-2.44109e+08
-2.42735e+08
-2.43417e+08
-2.19386e+08
-2.02258e+08
-2.72581e+08
-2.42742e+08
-2.42741e+08
-1.24705e+08
-2.42742e+08
-2.43356e+08
-2.12463e+08
-2.43356e+08
-2.42743e+08
-2.47868e+08
-2.04618e+08
-2.09652e+08
-2.03777e+08
-2.42742e+08
-2.17414e+08
-2.42742e+08
-2.62694e+08
-2.43293e+08
-2.43341e+08
-2.1313e+08
-2.60783e+08
-1.91389e+08
-2.43766e+08
-2.36884e+08
-2.45236e+08
-2.42742e+08
-2.45938e+08
-7.13235e+07
-2.43471e+08
-2.19351e+08
-2.43749e+08
-2.43364e+08
-2.42623e+08
-2.49651e+08
-1.91141e+08
-2.45244e+08
-2.4331e+08
-2.43269e+08
-1.95614e+08
-2.85756e+08
-2.08073e+08
-2.42742e+08
-2.4336e+08
-2.45329e+08
-2.1084e+08
-2.44138e+08
-2.69443e+08
-2.09904e+08
-2.03343e+08
-2.43567e+08
-2.46376e+08
-2.42745e+08
-2.46046e+08
-2.05258e+08
-2.42727e+08
-2.44984e+08
-1.89446e+08
-2.42742e+08
-2.42743e+08
-2.58615e+08
-2.42742e+08
-2.42746e+08
-2.04966e+08
-2.43134e+08
-2.43532e+08
-2.19663e+08
-2.42743e+08
-2.42743e+08
-2.13613e+08
-2.44348e+08
-2.44994e+08
-2.04963e+08
-2.43389e+08
-2.44109e+08
-2.43875e+08
-2.41007e+08
-2.47894e+08
-2.44179e+08
-2.43293e+08
-2.43206e+08
-2.53264e+08
-2.4568e+08
-2.08711e+08
-2.06187e+08
-2.1425e+08
-2.0272e+08
-2.55708e+08
-2.43319e+08
-2.43344e+08
-2.42742e+08
-2.35995e+08
-1.96924e+08
-2.48818e+08
-2.53084e+08
-2.42737e+08
-2.3699e+08
-2.52622e+08
-2.43817e+08
-2.06459e+08
-2.09929e+08
-2.4441e+08
-2.08913e+08
-2.80934e+08
-2.68815e+08
-2.02901e+08
-1.96095e+08
-2.61263e+08
-2.43645e+08
-2.42743e+08
-1.97266e+08
-2.04487e+08
-2.4404e+08
-2.45168e+08
-1.03641e+08
-2.42714e+08
-2.42735e+08
-1.92862e+08
-2.42743e+08
-2.01462e+08
-2.42745e+08
-1.98875e+08
-2.49855e+08
-2.41899e+08
-2.4334e+08
-2.433e+08
-2.42743e+08
-2.44929e+08
-2.01712e+08
-2.42742e+08
-2.15482e+08
-2.43375e+08
-2.43251e+08
-2.56611e+08
-2.45246e+08
-2.4527e+08
-1.93407e+08
-2.46194e+08
-2.45176e+08
-2.42769e+08
-2.57158e+08
-2.42741e+08
-2.6435e+08
-1.97421e+08
-2.46489e+08
-2.05186e+08
-2.45757e+08
-2.03454e+08
-1.22618e+08
-2.46983e+08
-2.5259e+08
-2.12461e+08
-2.42743e+08
-2.42725e+08
-2.24315e+08
-2.46293e+08
-2.49095e+08
-2.45922e+08
-1.96411e+08
-2.44062e+08
-1.38781e+08
-2.17389e+08
-2.43373e+08
-2.44477e+08
-2.02123e+08
-2.43733e+08
-2.76884e+08
-2.42743e+08
-2.42743e+08
-2.42743e+08
-2.01548e+08
-2.42743e+08
-2.42743e+08
-2.43312e+08
-2.54339e+08
-2.42742e+08
-2.43424e+08
-2.3944e+08
-2.43352e+08
-2.43383e+08
-2.42748e+08
-2.42743e+08
-2.44612e+08
-2.42743e+08
-2.44093e+08
-2.44153e+08
-1.96781e+08
-2.42623e+08
-2.02249e+08
-2.43306e+08
-2.4271e+08
-2.03166e+08
-2.44479e+08
-1.55401e+08
-2.43412e+08
-2.43359e+08
-2.95147e+08
-2.42739e+08
-2.4705e+08
-2.43316e+08
-2.46898e+08
-2.42713e+08
-2.10838e+08
-2.42744e+08
-2.42538e+08
-2.45338e+08
-2.25e+08
-2.15512e+08
-2.43522e+08
-2.46767e+08
-2.43059e+08
-2.45724e+08
-2.42741e+08
-2.43475e+08
-2.42744e+08
-2.42537e+08
-2.47073e+08
-2.42735e+08
-2.42742e+08
-1.55192e+08
-2.42743e+08
-2.42742e+08
-2.10012e+08
-2.43132e+08
1.43926e+09
-2.4731e+08
-2.43058e+08
-2.44195e+08
-2.45934e+08
-2.42694e+08
-2.45406e+08
-2.3407e+08
-2.44294e+08
-2.43048e+08
-2.44278e+08
-2.44061e+08
-2.42743e+08
-2.45273e+08
-2.43329e+08
-2.4405e+08
-2.43133e+08
-2.45441e+08
-2.42743e+08
-2.42743e+08
-2.42739e+08
-2.55175e+08
-2.42743e+08
-2.42723e+08
-2.42742e+08
-2.48304e+08
-2.07778e+08
-2.09028e+08
-2.46144e+08
-2.11439e+08
-2.43556e+08
-2.42737e+08
-2.42742e+08
-2.42742e+08
-2.09697e+08
-2.65694e+08
-2.42742e+08
-2.42743e+08
-2.44967e+08
-2.42582e+08
-2.42737e+08
-2.42802e+08
-2.4441e+08
-2.42807e+08
-2.43481e+08
-2.42579e+08
-2.42742e+08
-2.44431e+08
-2.42726e+08
-2.43311e+08
-1.5425e+08
-2.43704e+08
-2.42499e+08
-2.43193e+08
-2.42707e+08
-2.42741e+08
-2.43438e+08
-2.427e+08
-2.42743e+08
-2.42742e+08
-2.43534e+08
-2.63824e+08
-2.44142e+08
-2.09628e+08
-2.42742e+08
-2.35838e+08
-2.43141e+08
-2.43285e+08
-2.43059e+08
-2.01714e+08
-2.46153e+08
-2.42746e+08
-2.01996e+08
-2.45343e+08
-2.45168e+08
-2.42742e+08
-2.43301e+08
-2.42742e+08
-2.03926e+08
-2.42742e+08
-2.42851e+08
-2.45238e+08
-2.42737e+08
-2.0244e+08
-2.44282e+08
-2.45597e+08
-2.42744e+08
-2.43256e+08
-2.42624e+08
-2.42737e+08
-2.43431e+08
-2.42502e+08
-2.06578e+08
-2.42757e+08
-2.45224e+08
-2.42742e+08
-2.42743e+08
-2.45114e+08
-2.42785e+08
-2.01833e+08
-2.50144e+08
-2.05894e+08
-2.1759e+08
-2.42707e+08
-1.99208e+08
-1.92419e+08
-1.96253e+08
-2.42706e+08
-2.42744e+08
-2.42762e+08
-2.42578e+08
-2.42743e+08
-1.98237e+08
-2.42743e+08
-2.43345e+08
-2.46402e+08
-1.95458e+08
-2.05495e+08
-2.55997e+08
-2.43486e+08
8.44596e+07
-2.82017e+08
-2.44238e+08
-2.35975e+08
-2.42757e+08
-2.42743e+08
-2.02358e+08
-3.05209e+08
-2.42743e+08
-2.39271e+08
-2.42743e+08
-2.0435e+08
-2.06265e+08
-2.44053e+08
-2.434e+08
-2.07795e+08
-2.42613e+08
-2.37151e+08
-2.43586e+08
-2.43398e+08
-2.43847e+08
-2.42741e+08
-2.59776e+08
-2.43306e+08
-2.44197e+08
-2.42742e+08
-2.42743e+08
-2.43353e+08
-2.45253e+08
-2.5169e+08
-2.43559e+08
-2.461e+08
-2.0078e+08
-2.43398e+08
-2.68262e+08
-2.05147e+08
-1.99313e+08
-2.05605e+08
-2.05553e+08
-2.4363e+08
-2.43293e+08
-2.60818e+08
-2.85439e+08
-2.44162e+08
-7.76766e+07
-2.03323e+08
-2.42695e+08
-2.42744e+08
-2.05642e+08
-2.43021e+08
-2.42743e+08
-2.48726e+08
-2.42742e+08
-2.43506e+08
-2.44352e+08
-2.42744e+08
-2.43378e+08
-2.43533e+08
-2.54497e+08
-2.35194e+08
-2.42746e+08
-2.61225e+08
-2.43256e+08
-2.43204e+08
-2.42743e+08
-2.48435e+08
-2.44121e+08
-2.49191e+08
-2.43504e+08
-2.4664e+08
-2.45297e+08
-2.42741e+08
-2.43383e+08
-2.44427e+08
-1.60586e+08
-2.43349e+08
-2.43311e+08
-2.42725e+08
-2.42741e+08
-2.43396e+08
-2.31239e+08
-2.31938e+08
-2.47468e+08
-2.43439e+08
-2.42624e+08
-2.43672e+08
-2.42743e+08
-2.42743e+08
-2.42742e+08
-2.43388e+08
-2.0581e+08
-2.42742e+08
-2.44083e+08
-2.42743e+08
-2.43389e+08
-2.42741e+08
-2.42741e+08
-2.56128e+08
-2.55033e+08
-2.4342e+08
-2.42742e+08
-2.42743e+08
-2.42265e+08
-2.43364e+08
-2.42742e+08
-2.42742e+08
-2.0971e+08
-2.42742e+08
-2.43297e+08
-2.43383e+08
-2.42739e+08
-2.08751e+08
-2.44752e+08
-2.42743e+08
-2.09858e+08
-2.44959e+08
-2.45439e+08
-2.43197e+08
-2.44287e+08
-2.45963e+08
-2.42639e+08
-2.03524e+08
-2.42742e+08
-2.45266e+08
-2.44925e+08
-2.43306e+08
-1.93457e+08
-2.42744e+08
-2.43407e+08
-2.43371e+08
-2.47817e+08
-2.42263e+08
-2.43957e+08
-2.46001e+08
-2.1605e+08
-2.42696e+08
-1.99848e+08
-2.45639e+08
-2.52071e+08
-2.42743e+08
-2.45994e+08
-2.43366e+08
-2.02574e+08
-2.47667e+08
-2.43316e+08
-2.43398e+08
-2.54931e+08
-2.43679e+08
-2.52763e+08
-2.32442e+08
-2.45187e+08
-2.39513e+08
-2.43449e+08
-2.43388e+08
-2.41302e+08
-2.52687e+08
-2.18025e+08
-2.48853e+08
-2.43422e+08
-2.43532e+08
-2.44637e+08
-2.11406e+08
-4.13362e+08
-2.42742e+08
-2.65155e+08
-2.47049e+08
-2.43345e+08
-2.46367e+08
-2.42743e+08
-2.42741e+08
-2.42741e+08
-2.43671e+08
-2.46137e+08
-2.42727e+08
-2.48649e+08
-3.04472e+08
-2.43671e+08
-2.43976e+08
-2.62353e+08
-2.03566e+08
-2.08891e+08
-3.40596e+08
-2.05154e+08
-2.42742e+08
-2.57312e+08
-3.42761e+08
-2.02909e+08
-2.11865e+08
-1.87721e+08
-2.44665e+08
-2.43365e+08
-2.42726e+08
-2.015e+08
2.58382e+08
-2.42742e+08
-2.45747e+08
-2.72917e+08
-2.42742e+08
-2.1431e+08
-2.43423e+08
-2.43425e+08
1.43711e+09
-1.9577e+08
-2.42743e+08
-2.42741e+08
-2.45179e+08
-2.42743e+08
-2.42743e+08
-2.42742e+08
-1.91203e+08
-2.44349e+08
-2.427e+08
-2.05338e+08
-2.42589e+08
-2.44267e+08
-2.5791e+08
-2.43484e+08
-2.44271e+08
-2.04176e+08
-2.42743e+08
-2.06614e+08
-2.74949e+08
-2.45917e+08
-2.56001e+08
-2.03764e+08
-2.63528e+08
-1.40059e+08
-2.43503e+08
-2.42743e+08
2.69912e+08
-2.15207e+08
-2.13618e+08
-2.05115e+08
-2.55457e+08
-2.09563e+08
-2.42744e+08
-2.53797e+08
-2.17151e+08
-2.45865e+08
-1.91301e+08
-2.70396e+08
-1.90586e+08
-2.69919e+08
-2.42709e+08
-2.0341e+08
-2.45961e+08
-1.89141e+08
-2.06413e+08
-2.59761e+08
-2.45227e+08
-2.45827e+08
-2.02191e+08
-1.53177e+08
-2.48291e+08
-1.94934e+08
-2.21262e+08
-2.5063e+08
-2.63575e+08
-2.47489e+08
-2.43342e+08
-2.46073e+08
-2.25189e+08
-2.45248e+08
-2.04128e+08
-2.47702e+08
-2.0385e+08
-2.49759e+08
-2.23476e+08
-2.42743e+08
-2.44249e+08
-2.42577e+08
-2.07839e+08
-2.43299e+08
-2.53525e+08
-2.42273e+08
-2.03556e+08
-2.58958e+08
-2.41088e+08
-2.43204e+08
-2.43406e+08
-2.56442e+08
-2.035e+08
-2.43204e+08
-2.4578e+08
-2.44788e+08
-2.42742e+08
-2.42742e+08
-2.09019e+08
-2.06306e+08
9.06695e+08
-2.42742e+08
-2.43337e+08
-2.42804e+08
-2.41963e+08
-2.45327e+08
-2.43299e+08
-2.0837e+08
-2.50156e+08
-2.43398e+08
-2.42743e+08
-6.9956e+07
-2.42742e+08
-2.46018e+08
-2.32177e+08
-2.52459e+08
-2.31061e+08
-2.42741e+08
-2.53724e+08
-2.42742e+08
-2.42612e+08
-2.52583e+08
-2.02036e+08
-2.45196e+08
-2.44708e+08
-2.52186e+08
-2.41387e+08
-2.57872e+08
-2.50353e+08
-2.44924e+08
-1.24525e+08
-1.98247e+08
-2.44344e+08
-2.55506e+08
-2.0098e+08
-2.14859e+08
-2.10855e+08
-2.06155e+08
-2.32698e+08
8.55234e+07
-2.46507e+08
-1.95684e+08
-2.43361e+08
-2.44359e+08
-2.44303e+08
-2.42746e+08
-2.42741e+08
-2.19333e+08
-2.01858e+08
-2.42743e+08
-2.43417e+08
-1.98294e+08
-2.44734e+08
-2.42742e+08
-2.61644e+08
-2.43021e+08
-2.42747e+08
-2.45415e+08
-2.57508e+08
-2.43419e+08
-4.11305e+08
-2.11574e+08
-2.42746e+08
-2.44116e+08
-2.44021e+08
-2.60065e+08
-2.43376e+08
-2.42743e+08
-2.42727e+08
-2.77698e+08
-2.44198e+08
-2.42742e+08
-2.42743e+08
-2.48428e+08
-2.42742e+08
-2.42743e+08
-2.42714e+08
-2.43682e+08
-2.42705e+08
-2.42743e+08
-2.42742e+08
-2.01137e+08
-2.42734e+08
-2.44207e+08
-2.45958e+08
-2.44108e+08
-2.42742e+08
-2.61129e+08
-2.44258e+08
-2.42728e+08
-2.02117e+08
-2.42713e+08
-2.43536e+08
-2.42743e+08
-2.4383e+08
-2.42742e+08
-2.42743e+08
-2.42743e+08
-2.43173e+08
-2.44457e+08
-2.42742e+08
-2.48512e+08
-2.54431e+08
-2.5355e+08
-2.44867e+08
-2.84384e+08
-2.03752e+08
-2.42743e+08
-2.03808e+08
-2.42743e+08
-2.43419e+08
-2.43304e+08
-2.42743e+08
-2.07356e+08
-2.70305e+08
-2.43366e+08
-2.23878e+08
-2.61728e+08
-2.49077e+08
-2.42613e+08
-1.97894e+08
-2.43301e+08
-2.42739e+08
-2.46381e+08
-2.29155e+08
-2.49082e+08
-2.48388e+08
-2.68859e+08
-2.50296e+08
-2.42622e+08
-2.52717e+08
-2.55256e+08
-2.42742e+08
-2.19456e+08
-2.02356e+08
-2.43995e+08
8.80208e+07
-2.49004e+08
-2.01972e+08
-2.03047e+08
-2.42743e+08
-1.98524e+08
-2.57451e+08
-2.08301e+08
-2.42743e+08
-2.6019e+08
-2.42742e+08
-2.42743e+08
-2.42742e+08
-2.42742e+08
-2.02806e+08
-2.63132e+08
6.01336e+07
-2.43465e+08
-2.05058e+08
-1.98171e+08
-2.05177e+08
-2.05514e+08
-2.02933e+08
-2.01077e+08
-2.7843e+08
-2.46637e+08
-2.43421e+08
-2.4731e+08
-2.03419e+08
-2.02515e+08
-2.08175e+08
-2.42743e+08
-2.42728e+08
-2.57755e+08
-2.48674e+08
-2.75637e+08
-2.51174e+08
-2.42803e+08
-2.45155e+08
-2.42743e+08
-2.42744e+08
-2.43178e+08
-2.42741e+08
-2.43003e+08
-2.58644e+08
-2.46268e+08
-2.74558e+08
-2.54883e+08
-2.44112e+08
-9.08983e+07
-2.43321e+08
-2.42743e+08
-2.82632e+08
-2.67288e+08
-2.55746e+08
-2.60146e+08
-2.43352e+08
-2.46062e+08
-2.5411e+08
-2.44179e+08
-2.42743e+08
-2.35834e+08
-2.5701e+08
-2.67536e+08
-2.11286e+08
-2.43676e+08
-2.4423e+08
-2.42769e+08
-2.44169e+08
-2.42696e+08
-2.12831e+08
-2.42743e+08
-2.44196e+08
-2.42696e+08
-2.63149e+08
-2.42743e+08
-2.42743e+08
-2.44164e+08
-2.45138e+08
-2.5392e+08
-2.44878e+08
-2.53861e+08
3.80262e+09
-2.42742e+08
-2.5515e+08
-2.42727e+08
-2.42738e+08
-2.43314e+08
-2.42742e+08
-2.481e+08
-2.41629e+08
-2.42742e+08
-2.43396e+08
-2.43065e+08
-2.43338e+08
-2.54325e+08
-2.54415e+08
-2.42742e+08
-2.44032e+08
-2.42743e+08
-2.44404e+08
-2.73841e+08
-2.43421e+08
-2.51124e+08
-2.42744e+08
-1.5223e+08
-2.43723e+08
-2.43391e+08
-2.42742e+08
-2.49264e+08
-2.45705e+08
-2.43696e+08
-2.42735e+08
-2.54251e+08
-2.52334e+08
-2.44371e+08
-2.69848e+08
-2.47641e+08
-2.4368e+08
-2.45471e+08
-3.06419e+08
-2.42743e+08
-2.6252e+08
-2.45321e+08
-2.54785e+08
-2.44116e+08
-2.45405e+08
-2.13386e+08
-2.02341e+08
-2.42735e+08
-2.45396e+08
-2.77668e+08
-2.42743e+08
-2.44171e+08
-2.42742e+08
-2.54517e+08
-2.42743e+08
-2.02212e+08
-2.03778e+08
-2.52054e+08
-2.16648e+08
-2.81036e+08
-2.42742e+08
-2.07852e+08
-2.45154e+08
-2.47589e+08
-2.53688e+08
-2.05429e+08
-2.44163e+08
-2.52117e+08
-2.42743e+08
-2.42743e+08
-2.46214e+08
-2.45908e+08
-2.42743e+08
-2.42748e+08
-2.38578e+08
-2.44681e+08
-2.12438e+08
-2.05919e+08
-2.62915e+08
-2.00995e+08
2.53809e+08
-2.44168e+08
-2.12496e+08
-2.01675e+08
-2.46113e+08
-2.68756e+08
-2.43334e+08
-2.46045e+08
-1.97495e+08
-2.68431e+08
-1.88738e+08
-2.45208e+08
-2.43742e+08
-1.98411e+08
-2.36703e+08
-2.03623e+08
-2.00352e+08
-2.05647e+08
-2.45509e+08
-7.03515e+07
-2.4339e+08
-2.02616e+08
-2.42705e+08
-2.47025e+08
-2.4433e+08
-2.43364e+08
-2.45063e+08
-2.44567e+08
-2.42741e+08
-2.04681e+08
-2.44972e+08
-2.42743e+08
-2.4683e+08
-2.48177e+08
-2.48309e+08
-2.46764e+08
-1.99615e+08
-2.65663e+08
-2.00305e+08
-2.0504e+08
-2.45163e+08
-2.47994e+08
-2.06712e+08
-2.43976e+08
-2.43341e+08
-2.75903e+08
-2.43542e+08
-2.02449e+08
-2.42743e+08
-2.60695e+08
-2.43323e+08
-2.42742e+08
-2.44656e+08
-2.48096e+08
-2.09664e+08
-2.43324e+08
-3.64675e+08
-2.48948e+08
-2.29371e+08
-2.42742e+08
-2.43351e+08
-2.47341e+08
-1.99445e+08
-2.43504e+08
-2.43362e+08
-2.43669e+08
-2.4722e+08
-2.15354e+08
-2.19718e+08
-2.42738e+08
-2.43534e+08
-2.42741e+08
-3.66283e+08
-2.42742e+08
-2.43525e+08
-2.42743e+08
-2.46183e+08
3.84051e+09
-2.42747e+08
-2.42743e+08
-2.6985e+08
-2.42742e+08
-2.42744e+08
-2.43426e+08
-2.42742e+08
-1.99112e+08
-2.42737e+08
-2.44706e+08
-2.42743e+08
-2.61541e+08
-2.4339e+08
-2.44864e+08
-2.42743e+08
-2.52239e+08
-2.42704e+08
-2.43069e+08
-2.42744e+08
-2.15817e+08
-2.42744e+08
-4.10485e+08
-2.42741e+08
-2.79014e+08
-2.4306e+08
-2.42743e+08
-2.43408e+08
-2.43395e+08
-2.45792e+08
-2.05193e+08
-2.42705e+08
-2.00986e+08
9.07053e+08
-2.42743e+08
-2.67199e+08
-2.42743e+08
-2.42747e+08
-2.54345e+08
-2.42998e+08
-2.42744e+08
-2.88233e+08
-2.42752e+08
-2.62366e+08
-2.4415e+08
-2.26378e+08
-2.15714e+08
-2.437e+08
-2.43438e+08
-2.06388e+08
-2.54713e+08
-2.07205e+08
-2.42743e+08
-2.42743e+08
-2.5422e+08
-3.00216e+08
-2.4311e+08
-2.60586e+08
-2.53674e+08
-2.42744e+08
-2.42741e+08
-2.63659e+08
-2.65483e+08
-2.49691e+08
-1.96424e+08
-2.53653e+08
-2.05996e+08
-2.07561e+08
-2.42713e+08
-2.42743e+08
-2.42743e+08
-2.45169e+08
-2.014e+08
-5.84783e+07
-2.46015e+08
-2.457e+08
-2.59609e+08
-2.5413e+08
-2.52939e+08
-2.62042e+08
-2.8493e+08
-2.42743e+08
-2.42695e+08
-2.44692e+08
-2.43403e+08
-2.03687e+08
3.80169e+09
-2.42743e+08
-2.43444e+08
-2.44278e+08
-2.43168e+08
-2.42743e+08
-2.4723e+08
-1.91107e+08
-2.88479e+08
-2.42743e+08
-2.69176e+08
-2.5054e+08
-2.42743e+08
-2.42743e+08
-2.42743e+08
-2.42743e+08
-2.42742e+08
-2.42743e+08
-8.9412e+07
-2.47281e+08
-2.67713e+08
-2.59586e+08
-2.54792e+08
-2.4913e+08
-2.05396e+08
-2.44106e+08
-2.42744e+08
-2.42741e+08
-2.64268e+08
-2.46071e+08
-2.42743e+08
-2.45424e+08
-1.96325e+08
-2.42743e+08
-2.43074e+08
-2.43159e+08
-1.95935e+08
-2.00647e+08
-1.95097e+08
-2.45315e+08
-2.2067e+08
-2.65807e+08
-2.44295e+08
-2.40163e+08
-2.43406e+08
-2.42743e+08
-2.42728e+08
-2.56751e+08
-2.43675e+08
-2.42743e+08
-2.03228e+08
-2.43382e+08
-2.44583e+08
-2.42742e+08
-2.52342e+08
-7.93411e+07
-2.38415e+08
-2.43612e+08
-2.49191e+08
-2.4452e+08
-2.42742e+08
-2.44245e+08
-2.02588e+08
-3.01606e+08
-2.08855e+08
-2.50916e+08
-2.69348e+08
-2.42743e+08
-2.44457e+08
-2.43087e+08
-2.44929e+08
-2.43342e+08
-2.43765e+08
8.56312e+07
-1.38698e+08
-2.38479e+08
-6.09332e+07
-2.45256e+08
-2.43591e+08
-2.44411e+08
-2.06876e+08
-2.44275e+08
-2.0349e+08
-2.45217e+08
-2.43743e+08
-2.45657e+08
-2.42737e+08
-2.42743e+08
-2.14066e+08
-2.04559e+08
-2.23885e+08
-2.44115e+08
1.12741e+09
-2.05193e+08
-2.09064e+08
-2.01144e+08
-2.42727e+08
-2.42613e+08
-5.05599e+07
-2.4259e+08
-2.33983e+08
-2.44149e+08
-2.42742e+08
-2.43309e+08
-2.43476e+08
-2.42623e+08
1.43843e+09
-2.07937e+08
-2.42742e+08
-2.50375e+08
1.12896e+09
-2.46145e+08
-2.55428e+08
-2.55851e+08
-2.42741e+08
-2.44974e+08
-2.08738e+08
-2.48172e+08
-2.15566e+08
-2.44372e+08
-2.42742e+08
-2.44497e+08
-2.42741e+08
-2.0532e+08
-2.03649e+08
-2.37981e+08
-2.45236e+08
-2.44079e+08
-2.45249e+08
-2.42743e+08
-2.42575e+08
-2.23894e+08
-2.43549e+08
-2.42849e+08
-2.43419e+08
-2.42848e+08
-2.42538e+08
-2.44219e+08
-2.42579e+08
-2.62194e+08
-2.07074e+08
-2.44474e+08
-2.03727e+08
-2.43172e+08
-2.42742e+08
-2.42684e+08
-1.97267e+08
-2.47837e+08
-2.5927e+08
-2.42683e+08
-2.47019e+08
-2.07141e+08
-1.95566e+08
-2.04328e+08
-2.43476e+08
-2.44208e+08
-2.35271e+08
-2.44286e+08
-2.42743e+08
-2.42743e+08
-2.42743e+08
-2.42739e+08
-2.43021e+08
-2.42742e+08
-2.42743e+08
-2.43255e+08
-2.4331e+08
-2.42743e+08
-2.43433e+08
-2.43601e+08
-2.42747e+08
-2.4424e+08
-2.43315e+08
-2.56959e+08
-2.43528e+08
-2.51871e+08
-2.43346e+08
-2.28262e+08
-2.42714e+08
-2.42768e+08
-2.43363e+08
-2.43672e+08
-2.00771e+08
-2.42746e+08
-2.43537e+08
-2.44413e+08
-2.45218e+08
-2.455e+08
-2.45458e+08
-2.42743e+08
-2.42742e+08
-2.47898e+08
-2.42741e+08
-2.42743e+08
-2.13424e+08
-1.9899e+08
-2.42743e+08
-2.43836e+08
-2.42742e+08
-2.43058e+08
-2.56692e+08
-2.42742e+08
-2.44081e+08
-1.95869e+08
-2.40729e+08
-2.03317e+08
-2.03692e+08
-2.0332e+08
-2.02759e+08
-2.05119e+08
-2.06061e+08
-2.44287e+08
-2.66336e+08
-2.43682e+08
-2.71515e+08
-2.42743e+08
-2.05578e+08
-2.42743e+08
-2.42738e+08
-2.45978e+08
-2.48124e+08
-2.49427e+08
-2.42728e+08
-2.45669e+08
-2.02324e+08
-2.04604e+08
-2.42743e+08
-2.42743e+08
-2.42743e+08
-2.42744e+08
-2.42744e+08
-2.42744e+08
-2.46047e+08
-2.46069e+08
-1.94469e+08
-1.55812e+08
-1.93152e+08
-1.91512e+08
-2.48847e+08
-2.73787e+08
-2.67895e+08
-2.6026e+08
-2.78664e+08
-2.5509e+08
-2.71772e+08
-2.59956e+08
-1.17255e+08
-1.17538e+08
-2.14772e+08
-1.92467e+08
1.13196e+09
-4.8355e+08
-1.26728e+09
-9.36913e+08
-1.1657e+09
-5.45905e+08
-4.91797e+08
-9.00554e+08
-5.79252e+08
-2.45367e+08
-2.43384e+08
-2.43388e+08
-2.43393e+08
-2.06208e+08
-2.42832e+08
-2.06954e+08
-2.4274e+08
-2.62377e+08
-2.07542e+08
-2.42742e+08
-2.42849e+08
-2.42762e+08
-2.42836e+08
-2.42742e+08
-2.42742e+08
-2.42741e+08
-2.42742e+08
-2.42742e+08
-2.42742e+08
-2.42742e+08
-2.42743e+08
-2.42743e+08
-2.42743e+08
-2.42743e+08
-2.42742e+08
-2.42742e+08
-2.42743e+08
-2.42742e+08
-2.42697e+08
-2.42828e+08
-2.42705e+08
-2.42695e+08
-2.42833e+08
-2.42741e+08
-2.42741e+08
-2.43506e+08
-2.43511e+08
-2.43384e+08
-2.43394e+08
-2.43441e+08
-2.43406e+08
-2.4376e+08
-2.43755e+08
-2.43799e+08
-2.43772e+08
-2.43149e+08
-2.43688e+08
-2.43043e+08
-2.43006e+08
-2.43667e+08
-2.4303e+08
-2.43676e+08
-2.43361e+08
-2.43382e+08
-2.43724e+08
-2.43783e+08
-2.43989e+08
-2.43858e+08
-2.43979e+08
-2.43983e+08
-2.44014e+08
-2.44059e+08
-2.44066e+08
-2.44526e+08
-2.44378e+08
-2.44532e+08
-2.44891e+08
-2.44686e+08
-2.4498e+08
-2.46284e+08
-2.49738e+08
-2.49098e+08
-2.50292e+08
-2.52883e+08
-2.5401e+08
-2.57954e+08
-2.61732e+08
-2.97477e+08
-3.07501e+08
-2.92258e+08
-2.97969e+08
-3.08439e+08
-2.98915e+08
-3.15319e+08
-3.16313e+08
-3.15634e+08
-3.33954e+08
-3.34409e+08
-3.25572e+08
-3.66817e+08
-3.44487e+08
-4.42289e+08
1.41483e+08
1.38517e+08
1.1868e+08
-1.91344e+08
-2.42613e+08
-4.44942e+08
-4.4872e+08
-1.23569e+07
-1.55306e+07
1.30796e+08
-6.46325e+07
-6.16682e+07
-6.56199e+07
1.90252e+07
-1.50959e+08
-9.38868e+07
7.60307e+07
8.38734e+07
7.74339e+07
-1.39567e+08
6.6701e+07
-1.03712e+08
-2.13639e+08
-2.11572e+08
-2.01347e+08
-2.01177e+08
-2.00701e+08
-2.03812e+08
-2.06092e+08
-2.03611e+08
-2.02992e+08
-2.01473e+08
-1.98985e+08
-1.89916e+08
-2.02439e+08
-2.0663e+08
-2.14711e+08
-2.12656e+08
-2.11015e+08
-2.11802e+08
-2.06516e+08
-2.11252e+08
-2.05425e+08
-2.05922e+08
-2.0537e+08
-2.05328e+08
-2.23895e+08
-2.23907e+08
-2.59752e+08
-2.25054e+08
-2.17671e+08
-2.7895e+08
-2.63309e+08
-2.63093e+08
-2.75321e+08
-2.7739e+08
-2.64722e+08
-2.6456e+08
-2.64874e+08
-2.6462e+08
-2.66003e+08
-2.65561e+08
-2.65488e+08
-2.65196e+08
-2.59335e+08
-2.61158e+08
-2.60621e+08
-2.59139e+08
-2.60773e+08
-2.58936e+08
-2.21311e+08
-2.20262e+08
-2.66097e+08
-2.20571e+08
-2.19668e+08
-2.66559e+08
-2.19952e+08
-2.3791e+08
-2.13203e+08
-2.37891e+08
-2.12977e+08
-2.12594e+08
-2.1078e+08
-2.33893e+08
-1.98757e+08
-1.91613e+08
-2.36637e+08
-2.20431e+08
-2.23879e+08
-2.40793e+08
-2.27105e+08
-2.28496e+08
-2.48802e+08
-2.45418e+08
-2.44624e+08
-2.4443e+08
-2.44553e+08
-2.45327e+08
-2.44914e+08
-2.44489e+08
-2.45585e+08
-2.454e+08
-2.45869e+08
-2.4587e+08
-2.45935e+08
-2.46002e+08
-2.45888e+08
-2.45551e+08
-2.45679e+08
-2.45529e+08
-2.45739e+08
-2.45549e+08
-2.45526e+08
-2.44967e+08
-2.44945e+08
-2.44862e+08
-2.44504e+08
-2.44424e+08
-2.44534e+08
-2.44459e+08
-2.43388e+08
-2.4349e+08
-2.43353e+08
-2.44214e+08
-2.44426e+08
-2.42753e+08
-2.42753e+08
-2.42748e+08
-2.42746e+08
-2.42742e+08
-2.42742e+08
-2.42742e+08
-2.42743e+08
-2.42736e+08
-2.42737e+08
-2.42735e+08
-2.42742e+08
-2.42742e+08
-2.42742e+08
-2.42742e+08
-2.42714e+08
-2.42743e+08
-2.42742e+08
-2.42714e+08
-2.42743e+08
-2.42743e+08
-2.42744e+08
-2.42743e+08
-2.42745e+08
-2.42744e+08
-2.42744e+08
-2.42742e+08
-2.42742e+08
-2.42744e+08
-2.42743e+08
-2.42743e+08
-2.42743e+08
-2.42744e+08
-2.42743e+08
-2.42743e+08
-2.62696e+08
-2.42743e+08
-2.42743e+08
-2.42743e+08
-2.42743e+08
-2.42743e+08
-2.42742e+08
-2.42742e+08
-2.42743e+08
-2.42742e+08
-2.42743e+08
-2.42698e+08
-2.42837e+08
-2.42694e+08
-2.42743e+08
-2.42743e+08
-2.42753e+08
-2.42742e+08
-2.43693e+08
-2.44013e+08
-2.44055e+08
-2.44387e+08
-2.44536e+08
-2.69835e+08
-3.22445e+08
-3.34992e+08
1.89241e+08
-1.26246e+09
1.12658e+08
-4.39025e+08
1.39056e+08
2.37651e+07
-9.36087e+06
9.03178e+07
8.68739e+07
-2.09017e+08
-1.88352e+08
-2.04676e+08
-1.91535e+08
-1.93399e+08
-2.14347e+08
-2.1157e+08
-2.75526e+08
-2.44179e+08
-2.77288e+08
-2.50834e+08
-2.71224e+08
-2.71828e+08
-2.64654e+08
-2.63145e+08
-2.64113e+08
-2.64154e+08
-2.63319e+08
-2.65397e+08
-2.63097e+08
-2.19072e+08
-2.19342e+08
-2.19129e+08
-2.37418e+08
-2.0672e+08
-2.28463e+08
-2.26316e+08
-2.10498e+08
-2.3856e+08
-2.4864e+08
-2.4921e+08
-2.44549e+08
-2.44877e+08
-2.44499e+08
-2.44386e+08
-2.45873e+08
-2.45584e+08
-2.44868e+08
-2.45475e+08
-2.44575e+08
-2.44454e+08
-2.44467e+08
-2.44631e+08
-2.44395e+08
-2.43356e+08
-2.43689e+08
-2.43369e+08
-2.42753e+08
-2.42741e+08
-2.42742e+08
-2.42742e+08
-2.42742e+08
-2.42743e+08
-2.42742e+08
-2.42715e+08
-2.42744e+08
-2.42743e+08
-2.42743e+08
-2.42743e+08
-2.42744e+08
-2.42742e+08
-2.42743e+08
-2.42743e+08
-2.42743e+08
-2.42744e+08
-2.42743e+08
-2.42743e+08
-2.42743e+08
-2.42743e+08
-2.42743e+08
-2.42742e+08
-2.42742e+08
-2.42742e+08
-2.42742e+08
-2.42742e+08
-2.42742e+08
-2.42742e+08
-2.42742e+08
-2.42742e+08
-2.42742e+08
-2.42742e+08
-2.42742e+08
-2.42742e+08
-2.42742e+08
-2.42742e+08
-2.42743e+08
-2.42743e+08
-2.42743e+08
-2.42743e+08
-2.42743e+08
-2.42743e+08
-2.42743e+08
-2.42743e+08
-2.42743e+08
-2.42743e+08
-2.42742e+08
-2.42743e+08
-2.42743e+08
-2.42744e+08
-2.42744e+08
-2.42744e+08
-2.42749e+08
-2.42747e+08
-2.42704e+08
-2.43132e+08
-2.43307e+08
-2.43314e+08
-2.43323e+08
-2.43322e+08
-2.43394e+08
-2.43374e+08
-2.43375e+08
-2.43374e+08
-2.43425e+08
-2.43408e+08
-2.43421e+08
-2.43385e+08
-2.43421e+08
-2.43676e+08
-2.437e+08
-2.43644e+08
-2.43818e+08
-2.43947e+08
-2.43667e+08
-2.43958e+08
-2.44103e+08
-2.44033e+08
-2.44123e+08
-2.44598e+08
-2.44908e+08
-2.45009e+08
-2.45487e+08
-2.45517e+08
-2.45798e+08
-2.45645e+08
-2.45753e+08
-2.46007e+08
-2.46245e+08
-2.46193e+08
-2.46237e+08
-2.46677e+08
-2.46831e+08
-2.46416e+08
-2.47093e+08
-2.47859e+08
-2.47563e+08
-2.49155e+08
-2.49363e+08
-2.49608e+08
-2.51002e+08
-2.50778e+08
-2.51874e+08
-2.51985e+08
-2.51552e+08
-2.52799e+08
-2.52973e+08
-2.5295e+08
-2.5454e+08
-2.55129e+08
-2.55204e+08
-2.64596e+08
-2.62323e+08
-2.63662e+08
-2.67416e+08
-2.67434e+08
-2.72928e+08
-2.67405e+08
-2.6954e+08
-2.6725e+08
-2.39377e+08
-2.71036e+08
-2.7628e+08
-2.40831e+08
-2.17129e+08
-2.3777e+08
-2.56151e+08
-2.13246e+08
-2.1511e+08
-2.50145e+08
-2.01907e+08
-2.03199e+08
-1.98753e+08
-2.01314e+08
-1.93224e+08
-1.38795e+08
-2.00769e+08
-2.03266e+08
-2.02925e+08
-2.01008e+08
-2.02205e+08
-2.01511e+08
-2.00593e+08
-2.00772e+08
-2.05382e+08
-2.01264e+08
-2.00799e+08
-2.01374e+08
-2.00571e+08
-2.0125e+08
-2.01312e+08
-1.9816e+08
-1.99849e+08
-1.99611e+08
-2.03805e+08
-2.04717e+08
-2.05458e+08
-2.05569e+08
-2.10418e+08
-2.09852e+08
-2.07282e+08
-2.06923e+08
-2.05572e+08
-2.05318e+08
-2.06213e+08
-2.23818e+08
-2.2774e+08
-2.42613e+08
-2.41933e+08
-2.35569e+08
-2.40622e+08
-2.48417e+08
-2.53643e+08
-2.48758e+08
-2.61295e+08
-2.6381e+08
-2.60128e+08
-2.72702e+08
-2.76127e+08
-2.74792e+08
-2.74586e+08
-2.62626e+08
-2.6303e+08
-2.61983e+08
-2.62951e+08
-2.62754e+08
-2.6358e+08
-2.63403e+08
-2.63807e+08
-2.6167e+08
-2.61283e+08
-2.63071e+08
-2.60479e+08
-2.59961e+08
-2.61242e+08
-2.60061e+08
-2.42613e+08
-2.6027e+08
-2.19194e+08
-2.66308e+08
-2.43057e+08
-2.36127e+08
-2.12256e+08
-2.34451e+08
-2.31475e+08
-2.43058e+08
-2.22476e+08
-2.31125e+08
-2.3998e+08
-2.36987e+08
-2.50937e+08
-2.50964e+08
-2.49005e+08
-2.37653e+08
-2.55133e+08
-2.54861e+08
-2.47803e+08
-2.48778e+08
-2.47624e+08
-2.45998e+08
-2.4622e+08
-2.46471e+08
-2.45807e+08
-2.45809e+08
-2.45896e+08
-2.45617e+08
-2.45892e+08
-2.45984e+08
-2.4609e+08
-2.46126e+08
-2.46167e+08
-2.46335e+08
-2.46014e+08
-2.45902e+08
-2.45716e+08
-2.45924e+08
-2.45808e+08
-2.45654e+08
-2.45564e+08
-2.45262e+08
-2.45261e+08
-2.45197e+08
-2.45171e+08
-2.45117e+08
-2.45122e+08
-2.44952e+08
-2.45016e+08
-2.43057e+08
-2.44638e+08
-2.43966e+08
-2.44306e+08
-2.42749e+08
-2.42741e+08
-2.42749e+08
-2.42741e+08
-2.42741e+08
-2.42742e+08
-2.42743e+08
-2.42742e+08
-2.42743e+08
-2.42743e+08
-2.42742e+08
-2.42743e+08
-2.42743e+08
-2.43057e+08
-2.42744e+08
-2.42745e+08
-2.42743e+08
-2.42743e+08
-2.42743e+08
-2.42743e+08
-2.42743e+08
-2.07605e+08
-2.42743e+08
-2.42743e+08
-2.42743e+08
-2.42743e+08
-2.42743e+08
-2.42743e+08
-2.42743e+08
-2.42743e+08
-2.42742e+08
-2.42742e+08
-2.42743e+08
-2.42742e+08
-9.96697e+08
-2.35535e+08
-2.36899e+08
-2.433e+08
-2.43401e+08
-2.43357e+08
-2.42742e+08
-2.42742e+08
-2.42742e+08
-2.42742e+08
-2.42742e+08
-2.42742e+08
-2.42742e+08
-2.42742e+08
-2.42743e+08
-2.42743e+08
-2.42743e+08
-2.42743e+08
-2.42743e+08
-2.42743e+08
-2.42743e+08
-2.42743e+08
-2.42743e+08
-2.42743e+08
-2.42743e+08
-2.48943e+08
-2.42743e+08
-2.42743e+08
-2.42743e+08
-2.42743e+08
-2.42743e+08
-2.42744e+08
-2.42743e+08
-2.42743e+08
-2.42737e+08
-2.42709e+08
-2.42802e+08
-2.43175e+08
-2.43174e+08
-2.43169e+08
-2.43343e+08
-2.43361e+08
-2.43337e+08
-2.43326e+08
-2.43374e+08
-2.4332e+08
-2.4337e+08
-2.75485e+08
-2.68655e+08
-2.68227e+08
-2.68754e+08
-2.68758e+08
-2.43454e+08
-2.43492e+08
-2.4385e+08
-2.43736e+08
-2.44049e+08
-2.43996e+08
-2.44045e+08
-2.44008e+08
-2.44112e+08
-2.44097e+08
-2.44647e+08
-2.44416e+08
-2.44896e+08
-2.44911e+08
-2.44979e+08
-2.45022e+08
-2.45125e+08
-2.45132e+08
-2.45201e+08
-2.45193e+08
-2.45201e+08
-2.45163e+08
-2.45252e+08
-2.45267e+08
-2.45319e+08
-2.45288e+08
-2.46332e+08
-2.46535e+08
-2.46037e+08
-2.45334e+08
-2.46397e+08
-2.46794e+08
-2.46269e+08
-2.47173e+08
-2.50383e+08
-2.47556e+08
-2.4752e+08
-2.47607e+08
-2.64187e+08
-2.51383e+08
-2.47795e+08
-2.47833e+08
-2.47745e+08
-2.47956e+08
-2.48259e+08
-2.48359e+08
-2.48337e+08
-2.51421e+08
-2.55489e+08
-2.67873e+08
-2.51658e+08
-2.58083e+08
-2.07344e+08
-2.07016e+08
-2.68737e+08
-2.68619e+08
-2.69155e+08
-2.42155e+08
-2.69132e+08
-2.3997e+08
-2.46306e+08
-2.48207e+08
-2.59606e+08
-2.3777e+08
-2.37252e+08
-2.53873e+08
-2.36411e+08
-2.33792e+08
-2.31273e+08
-2.28839e+08
-2.30472e+08
-2.14089e+08
-2.11963e+08
-2.10014e+08
-2.06807e+08
-2.04149e+08
-2.06775e+08
-2.06249e+08
-2.04101e+08
-1.99507e+08
-1.97363e+08
-1.38446e+08
-1.99025e+08
-2.01674e+08
-1.99642e+08
-2.01122e+08
-2.02418e+08
-2.01594e+08
-2.00936e+08
-2.00899e+08
-2.02925e+08
-2.01713e+08
-2.01773e+08
-2.0172e+08
-2.01873e+08
-2.02205e+08
-2.01479e+08
-2.02444e+08
-2.02505e+08
-2.02382e+08
-2.0246e+08
-2.02749e+08
-1.99242e+08
-2.02378e+08
-2.40594e+08
-2.49563e+08
-2.49337e+08
-2.03615e+08
-2.03816e+08
-2.02606e+08
-2.03333e+08
-2.05148e+08
-2.04995e+08
-2.05253e+08
-2.05301e+08
-2.05317e+08
-2.02841e+08
-2.03699e+08
-2.03601e+08
-2.04776e+08
-2.06633e+08
-2.03186e+08
-2.03283e+08
-2.09884e+08
-2.0369e+08
-2.10486e+08
-2.09832e+08
-2.15069e+08
-2.22069e+08
-2.13832e+08
-2.17384e+08
-2.50065e+08
-2.51141e+08
-2.59707e+08
-2.50551e+08
-2.59444e+08
-2.61008e+08
-2.63224e+08
-2.6139e+08
-2.61322e+08
-2.64271e+08
-2.63695e+08
-2.62849e+08
-2.64399e+08
-2.6423e+08
-2.65008e+08
-2.6178e+08
-2.61822e+08
-2.60934e+08
-2.62201e+08
-2.59279e+08
-2.5836e+08
-2.57781e+08
-2.53285e+08
-2.5034e+08
-2.47345e+08
-2.44326e+08
-2.36967e+08
-2.46771e+08
-2.41967e+08
-2.42789e+08
-2.42789e+08
-2.42924e+08
-2.428e+08
-2.57348e+08
-2.56451e+08
-2.54976e+08
-2.47492e+08
-2.57012e+08
-2.562e+08
-2.58006e+08
-2.55914e+08
-2.4877e+08
-2.49318e+08
-2.53475e+08
-2.48338e+08
-2.47139e+08
-2.45941e+08
-2.46838e+08
-2.46863e+08
-2.45684e+08
-2.46969e+08
-2.46816e+08
-2.4679e+08
-2.4687e+08
-2.4681e+08
-2.4683e+08
-2.46009e+08
-2.46812e+08
-2.46861e+08
-2.46411e+08
-2.46653e+08
-2.45884e+08
-2.45952e+08
-2.45929e+08
-2.46472e+08
-2.45678e+08
-2.59964e+08
-2.45556e+08
-2.45682e+08
-2.45852e+08
-2.45329e+08
-2.45287e+08
-2.45285e+08
-2.45297e+08
-2.45219e+08
-2.45272e+08
-2.45274e+08
-2.45162e+08
-2.4522e+08
-2.45151e+08
-2.4516e+08
-2.45164e+08
-2.45143e+08
-2.45075e+08
-2.44891e+08
-2.44793e+08
-2.45027e+08
-2.44633e+08
-2.43916e+08
-2.42745e+08
-2.425e+08
-2.42743e+08
-2.42741e+08
-2.4274e+08
-2.42743e+08
-2.42742e+08
-2.42743e+08
-2.42743e+08
-2.42743e+08
-2.42743e+08
-2.42744e+08
-2.42743e+08
-2.42743e+08
-2.42743e+08
-2.42743e+08
-2.42743e+08
-2.42743e+08
-2.42743e+08
-2.42743e+08
-2.42743e+08
-2.42743e+08
-2.42743e+08
-2.42743e+08
-2.42743e+08
-2.42743e+08
-2.42743e+08
-2.42743e+08
-2.42743e+08
-2.42743e+08
-2.42743e+08
-2.42742e+08
-2.42743e+08
-2.42743e+08
-2.62773e+08
-2.5876e+08
-2.51096e+08
-2.4111e+08
-2.50427e+08
-2.4734e+08
-2.31863e+08
-2.28528e+08
-2.33418e+08
-2.43601e+08
-2.436e+08
-2.0417e+08
-2.43528e+08
-2.43588e+08
-2.4294e+08
-2.43212e+08
-2.4329e+08
-2.4323e+08
-2.42742e+08
-2.42742e+08
-2.42742e+08
-2.42742e+08
-2.42743e+08
-2.42745e+08
-2.42743e+08
-2.42745e+08
-2.03932e+08
-2.03154e+08
-2.04361e+08
-2.03703e+08
-2.02251e+08
-2.42743e+08
-2.42743e+08
-2.42743e+08
-2.42743e+08
-2.42743e+08
-2.42743e+08
-2.42743e+08
-2.42743e+08
-2.42743e+08
-2.42743e+08
-2.42743e+08
-2.42743e+08
-2.42743e+08
-2.42743e+08
-2.42743e+08
-2.42743e+08
-2.42743e+08
-2.43438e+08
-2.43416e+08
-2.43339e+08
-2.43242e+08
-2.58606e+08
-2.59551e+08
-2.6008e+08
-2.57635e+08
-2.4371e+08
-2.43608e+08
-2.43703e+08
-2.44081e+08
-2.44097e+08
-2.44007e+08
-2.44152e+08
-2.44105e+08
-2.44213e+08
-2.44173e+08
-2.44178e+08
-2.44283e+08
-2.44288e+08
-2.44376e+08
-2.44869e+08
-2.44881e+08
-2.4526e+08
-2.45364e+08
-2.45688e+08
-2.45364e+08
-2.46412e+08
-2.46784e+08
-2.46468e+08
-2.46754e+08
-2.47658e+08
-2.46798e+08
-2.46803e+08
-2.49529e+08
-2.49642e+08
-2.51151e+08
-2.42742e+08
-2.42742e+08
-2.6938e+08
-2.69317e+08
-2.69464e+08
-2.68097e+08
-2.57311e+08
-2.50658e+08
-2.50453e+08
-2.50024e+08
-2.53713e+08
-2.59029e+08
-2.5861e+08
-2.5741e+08
-2.56581e+08
-2.51329e+08
-2.30046e+08
-2.09949e+08
-2.12096e+08
-2.1698e+08
-2.16182e+08
-2.03837e+08
-2.08401e+08
-2.04912e+08
-2.02733e+08
-2.02766e+08
-2.02087e+08
-2.01897e+08
-2.02453e+08
-2.01886e+08
-2.02391e+08
-2.03838e+08
-2.02569e+08
-2.02538e+08
-2.04716e+08
-2.03387e+08
-2.03267e+08
-2.58061e+08
-2.56598e+08
-2.58583e+08
-2.02484e+08
-2.03371e+08
-2.04224e+08
-2.02504e+08
-2.0371e+08
-2.03429e+08
-2.08459e+08
-2.62895e+08
-2.62596e+08
-2.61824e+08
-2.60025e+08
-2.57518e+08
-2.49771e+08
-2.56728e+08
-2.54871e+08
-2.42743e+08
-2.42743e+08
-2.42743e+08
-2.42743e+08
-2.42743e+08
-2.42743e+08
-2.42743e+08
-2.42743e+08
-2.42743e+08
-2.42743e+08
-2.42743e+08
-2.42743e+08
-2.42743e+08
-2.42743e+08
-2.42743e+08
-2.01633e+08
-2.67561e+08
-2.69628e+08
-2.66883e+08
-2.43417e+08
-2.42743e+08
-2.65247e+08
-2.50222e+08
-2.42744e+08
-2.70784e+08
-2.02377e+08
-2.02617e+08
-2.42743e+08
-2.42743e+08
-2.02113e+08
-2.04722e+08
-2.023e+08
-2.02116e+08
-2.51001e+08
-2.63862e+08
-2.62904e+08
-2.63953e+08
-2.37774e+08
-2.513e+08
-2.45023e+08
-2.45131e+08
-2.4443e+08
-2.42742e+08
-2.42743e+08
-2.42743e+08
-2.42743e+08
-2.42743e+08
-2.42743e+08
-2.48279e+08
-2.43361e+08
-2.42743e+08
-2.42743e+08
-2.42743e+08
-2.4552e+08
-2.46533e+08
-2.42743e+08
-2.52154e+08
-2.5374e+08
-2.26319e+08
-2.04631e+08
-2.04525e+08
-2.02411e+08
-1.95552e+08
-2.49153e+08
-2.56611e+08
-2.51793e+08
-2.53007e+08
-2.50567e+08
-2.62952e+08
-2.61932e+08
-2.63963e+08
-2.61934e+08
-2.54925e+08
-2.4528e+08
-2.45308e+08
-2.45134e+08
-2.42743e+08
-2.42743e+08
-2.42743e+08
-2.42743e+08
-2.42743e+08
-2.68154e+08
-2.6555e+08
-2.42743e+08
-2.57046e+08
-2.46844e+08
-2.45386e+08
-2.42743e+08
-2.45178e+08
-2.60488e+08
-2.04046e+08
-2.08677e+08
-2.42743e+08
-2.42743e+08
-2.58724e+08
-2.42743e+08
-2.42743e+08
-2.08589e+08
-2.78022e+08
-1.19336e+08
-2.42743e+08
-4.87052e+08
-4.9072e+08
-2.43388e+08
-2.42743e+08
-2.4274e+08
-2.08781e+08
-2.42828e+08
-2.42799e+08
-2.43784e+08
-2.42743e+08
-2.44025e+08
-2.42743e+08
-3.24272e+08
1.38698e+08
-1.88972e+08
-1.91701e+08
-2.11802e+08
-2.62897e+08
-2.648e+08
-2.64891e+08
-2.64556e+08
-2.0502e+08
-2.44329e+08
-2.45122e+08
-2.45814e+08
-2.45196e+08
-2.45293e+08
-2.45671e+08
-2.44416e+08
-2.44488e+08
-2.43308e+08
-2.42747e+08
-2.46756e+08
-2.42742e+08
-2.42742e+08
-2.42742e+08
-2.42742e+08
-2.46794e+08
-2.42742e+08
-2.46846e+08
-2.42744e+08
-2.42744e+08
-2.42742e+08
-2.42744e+08
-2.42743e+08
-2.42742e+08
-2.42743e+08
-2.72585e+08
-2.48179e+08
-2.56447e+08
-2.45096e+08
-2.43283e+08
-2.42742e+08
-2.42742e+08
-2.42743e+08
-2.567e+08
-2.42743e+08
-2.42759e+08
-2.42795e+08
-2.45018e+08
-2.50549e+08
-2.51063e+08
-2.29577e+08
-2.05026e+08
-2.00973e+08
-2.62431e+08
-2.63176e+08
-2.62796e+08
-2.39764e+08
-2.48537e+08
-2.47182e+08
-2.45134e+08
-2.44384e+08
-2.4275e+08
-2.42742e+08
-2.42744e+08
-2.42742e+08
-2.42743e+08
-2.60956e+08
-2.42743e+08
-2.42743e+08
-2.43373e+08
-2.42743e+08
-2.6417e+08
-2.42743e+08
-2.42743e+08
-2.44042e+08
-2.62777e+08
-2.44913e+08
-2.46242e+08
-2.47277e+08
-2.52829e+08
-2.542e+08
-2.52127e+08
-2.52655e+08
-1.97773e+08
-2.02061e+08
-2.42742e+08
-2.42742e+08
-2.42742e+08
-2.42742e+08
-2.64926e+08
-2.64436e+08
-2.64825e+08
-2.6488e+08
)
;

boundaryField
{
    Wall
    {
        type            zeroGradient;
    }
    Inlet
    {
        type            zeroGradient;
    }
    Outlet
    {
        type            fixedValue;
        value           uniform 0;
    }
    Empty
    {
        type            empty;
    }
}


// ************************************************************************* //
