/*--------------------------------*- C++ -*----------------------------------*\
| =========                 |                                                 |
| \\      /  F ield         | OpenFOAM: The Open Source CFD Toolbox           |
|  \\    /   O peration     | Version:  2312                                  |
|   \\  /    A nd           | Website:  www.openfoam.com                      |
|    \\/     M anipulation  |                                                 |
\*---------------------------------------------------------------------------*/
FoamFile
{
    version     2.0;
    format      ascii;
    arch        "LSB;label=32;scalar=64";
    class       volScalarField;
    location    "5.7";
    object      p;
}
// * * * * * * * * * * * * * * * * * * * * * * * * * * * * * * * * * * * * * //

dimensions      [0 2 -2 0 0 0 0];

internalField   nonuniform List<scalar> 
2958
(
-163354
-142017
-14778
-186417
-148498
-15923.4
-145960
-173340
-181800
-180195
-161182
-225831
-176920
-225867
-168930
-163167
-164134
-176696
-225496
-166617
-223115
-157765
-209030
-196274
-176712
-166135
-172592
-229689
-175257
-162002
-165934
-487114
-230819
-469600
-166871
-172815
-225830
-220077
-171867
-168208
-78148.8
-172791
-143446
-164586
-225849
-47813.9
-160953
-282559
-176114
-390325
-162668
-160819
-197296
-162194
-162992
-179953
-198481
-184571
-164239
-48992.6
-166747
-166067
-151387
-162364
-226038
-225678
-162428
-159923
180674
-185962
-168725
-225811
151533
-164404
-225474
-153123
-167109
-151026
-223541
-162436
-176576
-173183
-238961
-241325
-165320
-165560
-161875
-165724
-157051
-236646
-162474
-153680
-158940
-225339
-178730
-154969
-169198
-180718
-225889
-225848
-183553
-164263
-157952
-154147
-225423
-195429
-225805
-175320
-226387
-156763
-219908
-162661
-224821
-178804
-225812
-225730
-165364
-162937
-163492
-163573
-172294
-225826
-159358
-177968
-175573
-166119
-158731
-140159
-163836
-225249
-224600
-225723
-163039
-225807
-225375
-225934
-180741
-164889
-225797
-225882
-165873
-87070.3
-224793
-227387
-164100
-160340
-224891
-225854
-146683
-225865
-166573
-169916
-182944
-207882
-176007
-225750
-231583
-163550
-147196
-211801
-177993
-185959
-171526
-225854
-144943
-191456
-191023
-225543
-176159
-101946
-445244
-225808
-224316
-138525
-225223
-21048.3
-196500
-113005
-196764
177918
-413050
-140177
-174461
-252148
-140278
-159039
-134711
-226431
-157928
-177461
-163933
-169535
-70996.8
-179953
-153294
-174367
-144613
-426663
-162574
-181107
-182689
-225697
-163398
-129707
-179702
-243167
-202724
-245694
-159647
-178421
-225885
-236748
-225543
-135062
-225742
-174893
-162270
-226081
-226101
-225871
-225704
-134353
-147747
-162492
-329012
-162584
-231337
-226202
-143398
-72177.3
-122751
-322090
-138774
-176645
-174968
-225696
-227638
-163741
-227985
-137142
-228005
-138043
-180184
-230309
-166655
-135696
-129027
-178343
-162442
-165041
-186583
-170812
-165497
-165298
-185463
-158283
-162834
-148087
-166966
-156321
-163272
-231814
94564.6
-39354.7
-211162
-161763
-175575
-165148
-230474
-229637
-225829
-162363
-163231
-225834
-132815
-165146
-226969
-268633
-225629
-134324
-225827
-224975
-211400
-166739
-111886
-225862
-208226
-210437
-229221
-161017
-195216
-170061
-225819
-225853
-209474
68420.6
-225873
-163273
-225874
-194857
-185131
-144421
-148587
-174788
-165921
-194467
-201729
-231763
-163872
-164331
-227236
-163967
-161752
-226580
-129634
-327876
-180094
-147220
-155044
-165555
-242434
-164365
-165647
-172497
-93802.6
-229679
-162619
-226470
-224102
-127851
-163307
-193540
-225832
-225800
131126
-225803
-40454.5
-129754
-38284
-227124
-165824
-142502
-34284.6
-189229
-226551
-123996
-226426
-164783
-151525
-163919
-231351
-179174
-486961
-170254
-158226
-163286
-225817
-166186
-42985.5
-164399
-129997
-163991
-174642
500326
-172006
-408324
-147528
-210243
-182595
-757898
-158319
-204812
-225852
-177509
-162730
30848.1
-162821
-180507
32575.1
-172786
-166383
-158702
-224759
-165900
-155138
-227213
-166144
-444131
-229933
-224903
-176976
-225669
-213631
-166066
-161985
27803.7
-127008
-225857
-225730
165367
-164476
-162602
-166017
-182409
-162447
-164111
-152463
-165659
-163783
-151869
-166477
-176458
-161165
97258.1
-144569
152080
-140674
-180378
-164588
-164593
-225849
-151364
-181913
-182441
-171379
-230127
-192711
-171261
-163259
-153007
-156568
-177631
169702
-168076
-180145
-184605
-185979
-178739
-166028
-225656
-162486
-162723
-162867
-171515
-62141.1
-231080
-227352
-507341
-225463
-164398
-225245
-530659
-166759
-151609
-166055
-181149
-225823
-163415
-163391
-225868
-93432.4
-183359
-167572
-176213
-163360
-147164
-189523
-155653
-163249
175977
-177170
-225829
-185330
3507.56
-163262
-168442
-158682
-180214
130671
-162354
-176314
-71978.7
-225994
-408987
-135586
-166565
-169386
-158940
-106515
-162975
-116903
-127192
-179301
-165627
-162866
-163466
-197658
-227092
-229282
-225380
-161940
-227346
-225967
-164162
-174311
-225811
-201480
-158731
-171957
-168406
-231194
-225662
-164090
-225620
-162423
-162468
-142101
-258028
-166128
-164890
-257929
-164990
-163422
-129910
-163037
-163204
-188912
-231523
-162320
-172163
-162280
-236706
23484.9
-225392
-215903
-147540
-165512
-101216
-166079
-162198
-169097
-162734
-225836
-165311
-225031
-215464
-162128
-210394
-225821
-115963
-225955
-225765
-147181
-158909
2.07468e+06
-169870
-168344
-163235
-161305
-238609
-164664
-153289
-161425
-164334
-163550
-162879
-226002
-163220
-135769
-163133
-159401
-164608
-227395
-227671
-224743
-176755
-228265
-210616
-225916
-171204
-140957
-128870
-155687
-152266
-166650
-226613
-230978
-225744
-137976
-185586
-225895
-226301
-167522
-197189
-230202
-268463
-176807
-240014
-164873
-240115
-225829
-165575
-227366
-164286
-128740
-163825
-261450
-187864
-220768
-225697
-163384
-389244
-226034
-225877
-162322
-179264
-145923
-150772
-225856
-168483
-163618
-184176
-168761
-162789
-165867
-224642
-162142
-164619
-162827
-225876
-158575
-225850
-173515
-225868
-187661
-162156
-224721
-123111
-171295
-145529
-225123
-162005
-257074
-224288
-164845
-261199
-143547
-225730
-161745
-225797
-225733
-172207
-211676
-173844
-171627
-167942
-140653
-220811
-199678
-602132
97262.6
-220614
-225182
-241296
-240148
-225774
-168090
-225311
-164742
-160376
-788747
-168065
-180966
-233033
-52535.9
-166794
-162787
-164450
-225735
-225667
-164817
-161583
-225661
-196314
-225805
-161388
-138674
-162742
-164832
-151262
-230476
-164006
-166279
-165665
-163330
-230751
-208393
-164615
-163700
-225247
-225726
-163130
-162208
-174685
-165505
-160484
-156434
-197891
-180363
-141384
-402717
-165030
-165671
-164587
-151790
-180640
-187034
-162945
-143700
-179282
-93395.8
-225887
-167297
-204655
-225989
-157266
-225755
-300556
-147288
-225231
-164354
-220046
-173087
-157544
-148573
-181353
-161427
-120880
-223006
-157907
-163183
-176688
-282917
-166071
-163835
-231452
-169979
-146995
-117875
-173112
-180856
-416487
-225842
-208740
-158714
-158957
-164236
-165186
-255926
-159141
-225698
-225687
-225884
-169211
-166773
-225915
-163069
-226325
-169354
-225038
-224487
-161319
-244943
-165854
-225862
-226207
-222317
-166684
-225827
-225846
-140352
-225817
-187415
-166294
-224754
89623.4
-162916
-225728
-156079
-163484
-164372
-172118
-163374
-168916
177108
-175661
-229975
-161975
-166446
-164562
-139893
-225157
-165304
-174974
-165689
-221816
-164719
-148414
-139302
-238363
-328359
-147031
-176337
-226193
-158688
-166268
-152198
-165418
-139635
-196244
-177063
-162874
-175815
-135908
-162780
-165380
-162756
-165559
-164843
-170715
-138733
-165779
-163979
-220614
-163634
-152694
-237287
-225795
-207041
-161748
-167729
-166124
-225790
-213621
-225823
-161534
-166025
-134105
-166015
-163001
-164563
-164692
-179482
-181953
-152896
-223263
-167208
-226391
-178682
-224068
-162321
-160003
-214600
-161678
-175036
-133751
-144016
-145334
-224347
-158958
-184339
-225855
-153115
-237058
-202008
2.05828e+06
-575303
-225633
-214231
-162539
-225706
-225695
-225841
-392431
-163761
-388167
-163981
-196826
-161816
-162761
-230323
-163152
-173344
-225841
-142444
-185482
-162288
-177620
-163690
-177337
-118406
-282481
-225699
-143875
-163801
-170527
-170137
-177030
-12702.1
-225368
-176578
-135543
-158553
-568468
-184388
-441592
-181942
-258364
-161882
-160616
-445808
-141647
-158068
-162997
-158021
-158937
-129535
-161509
-140249
-155025
-158739
-181538
-158010
-160844
-161072
-157049
-163110
-166410
-162347
-163651
-166612
-162584
-225757
-163025
-240086
-162790
-181573
-181125
-222210
-161003
-178300
-199101
-119449
-214327
-176863
-160113
-121199
-158843
-147241
-225861
-228836
-164614
-157888
-180670
-225846
-166210
-239154
-150540
-163866
-181401
-145009
-166711
-193276
-225697
-34183.9
-225634
-165835
-159876
-173746
-134475
-224414
-176551
-225810
-230406
-176302
-166625
-162207
-164610
-159497
-158671
-156454
-166792
-163429
118763
-315071
-163797
-177477
-155561
-167349
32879.1
-139722
-161831
-54289
-164686
-288650
-166214
-163975
-163811
-212951
-225664
-131106
-165239
-225484
-224350
-319955
-162701
-225839
-193331
-208529
-149147
-163013
-176265
-226015
-235681
-159829
-212933
-162465
-163572
-201131
-183323
-225526
-133377
-169006
-163059
-225691
-226226
-171481
-225837
-227158
-231358
-163562
-202482
-228052
-225770
-154216
-229467
-162841
-165878
-175768
-225773
-182774
-162743
-232473
-157348
-231467
-175505
-225736
-162756
-225813
-226185
-225782
-188719
-165484
-230639
-166071
-177296
-175109
-163555
-157517
-175881
-225922
-145828
-225302
-239923
-211415
-225395
-228797
-182478
-175974
-137201
-179881
-166124
-230358
-508741
-158697
-225542
-161909
-157965
-172244
-171502
-176957
-173267
508342
-175104
-173184
-225817
-132400
-170528
-176007
-54671.2
-172102
-96570.3
-165967
-226163
-184590
-176862
-168385
-225475
-181224
-225795
-225976
-225843
-225807
-150662
-191742
74270.4
-166291
-156355
-537490
-155690
-166703
-164953
-141488
-200663
-162699
-161672
-162937
-164406
-164818
-294967
-225775
-234862
-177727
-160410
-177143
-174694
-265512
-162473
-225585
-225441
-168490
-213211
-164430
-177552
-165304
-190683
-173161
-163210
-105901
-146727
-225769
-192030
-178310
-180152
-180121
-161064
-165858
-173612
-162706
-225648
-140662
-180635
-181955
-165662
-163646
-162882
179370
-162378
-93648.9
-165762
-225767
-163657
-96123.5
-177373
-225660
-225482
-162157
-162769
-170244
-165142
-173583
2.15969e+06
-225831
-173019
-234410
-224939
-164663
-225166
-165630
-156979
-225844
-166672
52517.8
-165689
-167460
-170871
-225979
-162692
-226248
-162659
-194143
-225765
-165049
-223623
-126846
-164009
-232760
-225959
-164620
-158663
-163997
-210185
-177050
-176171
-164659
-181394
-162458
-160909
-163537
-216475
-225935
-178709
-162707
-170930
-163122
-163154
177113
-166281
-226625
-162808
-169763
-225644
-163131
-224538
-172772
-225259
-166191
-159213
-174016
-138035
-166932
-224300
-138260
-162634
-162741
-173273
-167078
-163720
-175660
-225764
-225698
-151860
-150270
-225729
-219681
-163636
-165475
-74466.4
-167441
-179555
-22916.3
-146759
-162492
-72895.6
-162659
-165722
-181667
-165787
-161984
-185978
-182451
-437820
-162531
-163117
-216789
-158889
-173241
-197191
-197333
-149289
-30239.1
-228045
-165900
-202434
-175927
-164229
-173645
-173729
-166215
-224911
-157849
-163345
-225960
-162614
-165834
-165817
-163046
-173228
-187694
-173301
-156722
-162520
-165610
-193655
-162967
-166181
-170846
-167354
-163320
-225950
-179726
-146548
-228807
-162023
-167442
-132956
-166234
-227457
-166237
-155108
-224042
-165427
-162889
-310518
-298517
-164588
-161991
-162267
-13073.3
-150585
-225070
30777.6
-225819
-227015
-225857
28996.8
-225979
-166880
2.20227e+06
-147848
-225979
-180378
-225875
-225481
-166489
-225688
-88235.3
-225675
-162517
-225880
-181170
-181314
-162830
-225816
-171668
-195383
39737.5
-225639
-141223
-225645
-236079
-225739
-194420
38166.9
-225676
-213645
-186254
-165666
-152866
-195373
-344648
-171068
-225105
-186090
-225448
-219208
-159805
-164360
-225464
-187178
-231012
-180538
-164395
-139757
-164340
-163975
-252015
-163777
-168521
-164366
-225902
-226038
-169044
-192217
-171408
-212485
-166822
-225236
-225854
-215574
-218061
-172455
103579
-168361
-143431
-161273
-231613
-225712
-225661
-144710
-185897
707.323
-159210
-158802
-203641
-176396
-170631
-184484
-158317
-225822
-238500
-162627
-164478
-175125
2.15732e+06
-225801
-164464
-170196
-160643
-225766
-169362
-400974
-207333
-225790
-179638
-182167
-225568
-225396
-225621
-225524
-225860
-225717
-106131
-169629
-178582
-177694
-174206
-162936
-167770
-162589
-225635
-225834
-178998
-158955
-225684
-161771
-762549
-226272
-165792
-172261
-621173
-141640
-323115
-147958
-169402
-216036
-163757
-169125
-165427
-225977
-225864
-161750
-161793
-225711
-226142
-167665
-163919
-225871
-173908
-144462
-162150
-166080
-155241
-164481
-225850
-163257
-144190
-162572
87002.8
-162754
-180086
-227047
-163710
-165675
-163238
-168372
-163818
-57427.9
-62657.4
-164199
-2306.43
-161796
-166384
-177879
-143045
-163139
-178878
-162011
-163750
-158621
-226052
-225721
-173304
-178729
-167047
-162796
494594
-166016
150007
-21591.2
-227442
-230547
337.918
-196999
-160525
-163018
-225830
-164634
-165478
500768
2.06506e+06
-165803
-225823
-160211
500189
-165835
-169613
-177970
-225840
-163613
-167035
-167727
-115676
-164045
-225842
-164297
-225815
-165359
-176248
-163412
-162787
-162525
-163050
-225621
-197401
-152547
-173649
-188006
-239334
-188020
-215702
-162963
-197658
-177621
-140896
-165632
-156406
-161676
-225803
-192053
-53330
-171633
-187955
-192945
-184661
-137986
-66176.4
-150358
-165377
-163695
-159651
-163709
-227020
-225838
-225940
-225150
-206562
-225853
-225782
-160589
-180890
-225701
-244515
-166254
-224275
-161600
-172269
-177579
-320740
-174648
-173219
-157000
-231693
179293
-39897.5
-162461
11181.1
-228517
-167767
-163321
-163159
-164619
-165210
-225691
-224952
-171561
-225815
-225725
-111327
-191800
-225699
-163112
-225824
-168531
-175300
-228525
-163110
-141312
-193633
-169630
-193882
-178003
-173101
-157420
-69794.2
-163190
-173044
-163675
-189130
-225557
-164452
-225605
-208087
-177591
-162142
-164147
-225515
-146548
-165470
-152796
-225618
-225615
-225656
-225694
-225697
-225667
-150155
-150937
-120838
-71407.8
-113113
-109181
-205418
-239429
-227065
-177207
-246874
-205765
-231889
-186024
-145044
-144955
-157862
-572333
508343
-243250
-502862
-416309
-465027
-307011
-254784
-399944
-307425
-165032
-166301
-176964
-185987
-153041
-347689
-152512
-249440
-178170
-154833
-253403
-375277
-234847
-357108
-232240
-225864
-225828
-225987
-225830
-225764
-225752
-225978
-225701
-226535
-225982
-229997
-230572
-227594
-232697
-186020
-343382
-182910
-186015
-349441
-233459
-231419
-286352
-304307
-171273
-188620
-256839
-246251
-166241
-164450
-164896
-165033
-165458
-162648
-164896
-164634
-163117
-164737
-162031
-165891
-165752
-163136
-163521
-163835
-164064
-163903
-163788
-163675
-163958
-164057
-164874
-164566
-164864
-165313
-165552
-166386
-166687
-172607
-172155
-172346
-176275
-180935
-182699
-182652
-210473
-216819
-209385
-211669
-216655
-212474
-217188
-218231
-218099
-221763
-221494
-219810
-228113
-223832
-238554
-172581
-152852
-171625
-216369
-230489
-173985
-174683
-160192
-161281
-123762
-110658
-109258
-109688
-172726
-128930
-106634
-30878.5
-51936.8
-35628.4
-119017
68927.6
-62562.7
25528
25596.7
-197449
-192805
-191755
-170717
-172203
-168278
-165349
-185782
-191582
-397879
-327206
-164128
-152503
-159413
-161646
-160591
-162919
-162367
-154749
-67768.6
-105956
-104571
-132855
-134913
-182447
-140900
-141043
-170335
-170747
-171927
-170585
-169305
-170819
-171995
-169673
-171527
-228092
-215541
-211752
-169215
-202867
-189498
-181818
-156855
-180947
-156370
-135529
-131427
-228833
-130882
-127092
-228548
-130369
-151411
-136231
-152353
-136915
-136235
-125982
-84853.4
-85518
-86121.7
-137259
-108695
-109824
-142902
-137963
-136882
-160132
-145380
-147459
-147797
-147289
-147449
-147390
-147215
-146132
-147605
-143546
-164986
-160405
-173050
-169099
-166938
-168042
-166635
-165499
-166458
-166058
-166322
-165691
-166527
-165643
-165457
-166451
-165514
-164596
-165025
-164588
-164395
-163960
-217486
-216722
-218874
-215523
-216791
-216440
-214225
-216064
-215968
-216830
-215588
-224142
-223970
-223807
-224074
-225267
-225063
-224029
-225160
-224829
-225032
-225466
-225054
-225275
-225311
-225317
-224889
-224840
-225262
-225712
-225655
-225535
-225611
-225607
-225599
-178787
-225767
-225777
-225911
-225936
-225912
-225717
-225722
-225933
-225805
-233264
-171208
-357374
-184931
-224300
-225366
-230426
-216775
-162519
-163675
-163931
-164701
-164921
-191520
-219430
-222159
-137355
-503691
-175164
-172585
-120129
-171368
-160045
-65542.9
-57952.1
24968.1
-99231.6
-167042
-528295
-376109
-163080
-162172
-243560
-176809
-169743
-182739
-170623
-169543
-169806
-178964
-177575
-184179
-170430
-208174
-170394
-131103
-125960
-128315
-152480
-119887
-111973
-124059
-114478
-141818
-160782
-160391
-147851
-147969
-147398
-146908
-169126
-166604
-165803
-165516
-167281
-165583
-165679
-166827
-165541
-164597
-164585
-164588
-217533
-213529
-216768
-224214
-223952
-224947
-224060
-225251
-225596
-225198
-225163
-225132
-225428
-216851
-225561
-225679
-225611
-225699
-225666
-225803
-225732
-225941
-225840
-225881
-225853
-225848
-225836
-225842
-225839
-225830
-225844
-225802
-225824
-225849
-225823
-225840
-225878
-225851
-225900
-225821
-226145
-226142
-226227
-226316
-226069
-226227
-227186
-226254
-227013
-228686
-228428
-222544
-223666
-225509
-232983
-223738
-178192
-159146
-164979
-164299
-166078
-166216
-187505
-173345
-174303
-180140
-236451
-219104
-230303
-171923
-239181
-163133
-161665
-161912
-162992
-162788
-162497
-162475
-163635
-162885
-163709
-164082
-162785
-163600
-165349
-164761
-165582
-165262
-165243
-165956
-165824
-166092
-165730
-165366
-167272
-166833
-168402
-169034
-165100
-169157
-168447
-170158
-171984
-171169
-175105
-175118
-174962
-176598
-176417
-176419
-177285
-177175
-177458
-181677
-179732
-178817
-184843
-178255
-176511
-173419
-175940
-173531
-155219
-162711
-164385
-163030
-152390
-165420
-187751
-151299
-152975
-188575
-143901
-145109
-141509
-143379
-141543
-63103.2
-121537
-207147
-196252
-202567
-168824
-191515
-176005
-169560
-169733
-177251
-153503
-139571
-18690.4
-117417
-146030
-287437
-211403
-372923
-170855
-176732
-166439
-166623
-165785
-167613
-165128
-165437
-164268
-165108
-133067
-141122
-155257
-230470
-155233
-151463
-153976
-161819
-171841
-168914
-180351
-179166
-175102
-167383
-169987
-170118
-170254
-179432
-178317
-177663
-177875
-177090
-182196
-178455
-179262
-185299
-184958
-177766
-181418
-180824
-182183
-181529
-230434
-181582
-123353
-228987
-168283
-166852
-112729
-139097
-131660
-168718
-116633
-128361
-146483
-142957
-172009
-173329
-164073
-142690
-171617
-170452
-161868
-164947
-162059
-159122
-159319
-159285
-158713
-159008
-159555
-158704
-159028
-159237
-158742
-160151
-158279
-159394
-161626
-159418
-163711
-160163
-161030
-162397
-163042
-162643
-162263
-162585
-162706
-162809
-162711
-163545
-163093
-167757
-162921
-162614
-162748
-223536
-213613
-224296
-224615
-224851
-224443
-225137
-224565
-224623
-224947
-223965
-225038
-225506
-169081
-225632
-225664
-225427
-225562
-225545
-225608
-225545
-151236
-225669
-225645
-225672
-225725
-225658
-225639
-225932
-225818
-225922
-225767
-225941
-225918
-466015
-146910
-154861
-167492
-166464
-166186
-225868
-225871
-225879
-225863
-225843
-225843
-225824
-225840
-225814
-225850
-225945
-225917
-225934
-225809
-225730
-226130
-225974
-225912
-226167
-169617
-226126
-226344
-226366
-227897
-225314
-225213
-225035
-228770
-230400
-257932
-270281
-161519
-168242
-168476
-165771
-162952
-165898
-166262
-164417
-174239
-183625
-178954
-185142
-170632
-179712
-192474
-163678
-162920
-162186
-163445
-163001
-163360
-163195
-163333
-162416
-163143
-161298
-163845
-163703
-162998
-162839
-163394
-163087
-162610
-163021
-163050
-162963
-162770
-163149
-163741
-162458
-162843
-163700
-165125
-163416
-162622
-163961
-163031
-163579
-164550
-170674
-165274
-164341
-165011
-178605
-173123
-165592
-165661
-165843
-165648
-165726
-165865
-165566
-166431
-174051
-183916
-168416
-177320
-165277
-166916
-179454
-176449
-179754
-169561
-184191
-168392
-163977
-150469
-155264
-150728
-160061
-164840
-153100
-152988
-157568
-156904
-157864
-149932
-151385
-148852
-149740
-136123
-162810
-155435
-149447
-142104
-144030
-66717
-139722
-113078
-6264.5
-86729.7
-158528
-158907
-153489
-155739
-145229
-164022
-161779
-164079
-162887
-161197
-167193
-165628
-140279
-167939
-172519
-138386
-412501
-201053
-154907
-162968
-164697
-176565
-168355
-172887
-171244
-167838
-168102
-168000
-168171
-167367
-165467
-162613
-161298
-165874
-140322
-163445
-163610
-144778
-159115
-145277
-145662
-142479
-152310
-152423
-153007
-169904
-172137
-179586
-170197
-176944
-178330
-178974
-177270
-176411
-178775
-179049
-177457
-178690
-179340
-180380
-179493
-177044
-179527
-182384
-177512
-177860
-177523
-173658
-173216
-169980
-161348
-136950
-168739
-151481
-212662
-214116
-192468
-236421
-174969
-175320
-171756
-159051
-173111
-170921
-175389
-168612
-159908
-164754
-169150
-164050
-159559
-158754
-162131
-162177
-158676
-162301
-162312
-162126
-162450
-163220
-162456
-158988
-162218
-163005
-163535
-162495
-161539
-161241
-161943
-163782
-163360
-177003
-161482
-160540
-162635
-161753
-162174
-162662
-161723
-162403
-162164
-161716
-162997
-162349
-163377
-162847
-162833
-162113
-162565
-162367
-162729
-163610
-162647
-162468
-225082
-261790
-224929
-224899
-224237
-225326
-224168
-224788
-225124
-225113
-225312
-225224
-225632
-225601
-225606
-225630
-225559
-225578
-225591
-225668
-225671
-225700
-225706
-225673
-225693
-225716
-225640
-225756
-225651
-225934
-225773
-225910
-225821
-225777
-182956
-177561
-160390
-149965
-157339
-158751
-154583
-157861
-157813
-166008
-165594
-157278
-165000
-166470
-192259
-165644
-167598
-167036
-225803
-225873
-225884
-225833
-225198
-224168
-225415
-224903
-153201
-155663
-165567
-152927
-131223
-225908
-225861
-225805
-225839
-225665
-226070
-225554
-226015
-225677
-225614
-225732
-225816
-225456
-225374
-226209
-225902
-225204
-165488
-165883
-166261
-167243
-178287
-177249
-176948
-175404
-163582
-165695
-164621
-162740
-162826
-163058
-163325
-163039
-163176
-162488
-163131
-161268
-161348
-162884
-162659
-162373
-163046
-160600
-161510
-159582
-162587
-162937
-163230
-161396
-165771
-162265
-162052
-166650
-165132
-167699
-225826
-225824
-182765
-181823
-179948
-181152
-177458
-176805
-162954
-161433
-166164
-162179
-160184
-161354
-159364
-159276
-154106
-149959
-148294
-155033
-151992
-157832
-152718
-155244
-165223
-157994
-168127
-159522
-160811
-164146
-165944
-163312
-169547
-171472
-166769
-164235
-170759
-175713
-175653
-176767
-164815
-162883
-162609
-166932
-158160
-158039
-148863
-180604
-179913
-181817
-175500
-177854
-176264
-176142
-172175
-225474
-225145
-226169
-225606
-225794
-225961
-225789
-225491
-225750
-225667
-225712
-225743
-225709
-225670
-225735
-121321
-180341
-183912
-182108
-165517
-225739
-180931
-176232
-224938
-185500
-166489
-164902
-225724
-225999
-158808
-155985
-163205
-163083
-172131
-179848
-176900
-177988
-141193
-175205
-163724
-163140
-162622
-224396
-225136
-224847
-225633
-225655
-226101
-167666
-167151
-226178
-226230
-225614
-164884
-163871
-225865
-167507
-167529
-152002
-163893
-150950
-143765
-137536
-173999
-176632
-160874
-167004
-155847
-178140
-178157
-178866
-176536
-170037
-161783
-161991
-162853
-225641
-225240
-225580
-225677
-225831
-180142
-178177
-225291
-177165
-162397
-160641
-225664
-161892
-180045
-154427
-145603
-225876
-225829
-174831
-225731
-225708
-122247
-263162
-142633
-225782
-295686
-245841
-178934
-225689
-247863
-152951
-342320
-291612
-164915
-225661
-163707
-225633
-220163
-121801
-111126
-121013
-158515
-172973
-169333
-168801
-169870
-96524.5
-146711
-162324
-168093
-161850
-161750
-165388
-165488
-166845
-164575
-217162
-161792
-216473
-216753
-216335
-223670
-162259
-223920
-162269
-225357
-225699
-216510
-225247
-225609
-216976
-225917
-169622
-164233
-175789
-162712
-164600
-224053
-224985
-225607
-176420
-225673
-227611
-275912
-163075
-172261
-173377
-154899
-142345
-151210
-177844
-176117
-178365
-144639
-164077
-160134
-163012
-162640
-224423
-224977
-224824
-224905
-225662
-177185
-225839
-226037
-166730
-225814
-179769
-225814
-226159
-162795
-179302
-162971
-164128
-164804
-168055
-170676
-168178
-162385
-138251
-122520
-225793
-225798
-225792
-225802
-168829
-170215
-169307
-169159
)
;

boundaryField
{
    Wall
    {
        type            zeroGradient;
    }
    Inlet
    {
        type            zeroGradient;
    }
    Outlet
    {
        type            fixedValue;
        value           uniform 0;
    }
    Empty
    {
        type            empty;
    }
}


// ************************************************************************* //
