/*--------------------------------*- C++ -*----------------------------------*\
| =========                 |                                                 |
| \\      /  F ield         | OpenFOAM: The Open Source CFD Toolbox           |
|  \\    /   O peration     | Version:  2312                                  |
|   \\  /    A nd           | Website:  www.openfoam.com                      |
|    \\/     M anipulation  |                                                 |
\*---------------------------------------------------------------------------*/
FoamFile
{
    version     2.0;
    format      ascii;
    arch        "LSB;label=32;scalar=64";
    class       volScalarField;
    location    "2.5";
    object      p;
}
// * * * * * * * * * * * * * * * * * * * * * * * * * * * * * * * * * * * * * //

dimensions      [0 2 -2 0 0 0 0];

internalField   nonuniform List<scalar> 
2958
(
-39367
-33109.8
28747.1
-62123.9
-41924.8
29990.5
-32023
-41234.5
-33543
-40465.4
-38031
-33483.8
-40184
-33491.8
-39638.3
-38218.4
-42052.4
-40274.1
-33483.3
-40702.2
-33319.8
-42128.6
-33213.7
-39305.7
-40210.9
-40089.6
3593.53
-42374.5
-37652.4
-38492.3
-39999.9
-39501.6
-33605.3
-13651.5
-39289.4
-42868.1
-33489.7
-33233.6
-41944.2
-41095.4
-19886.7
-42134.1
-30643
-39406.4
-33483.7
-27891.6
-37756.6
-33313.7
-51859.4
-34800.3
-38867
-33502.9
-40555
-38145.8
-38924.3
-47304.7
-41073.7
-40343.8
-39473.8
-7912.51
-41818.3
-40764
-36071.1
-38548.2
-33494
-33490
-38157.5
-30586
-36126.8
-43248.7
-41127.9
-33481.8
-38027.7
-39526.5
-33515.2
-37382.1
-41921.5
-35932.6
-33507.7
-38823
-40134.3
-43731.5
-42466.2
-42875.1
-40886.7
-38783
-43136.1
-38842.3
-30704.1
-33745.5
-38231.7
-19422.7
-37333
-33479.1
-23884.7
-37606.5
-44991.5
-61580.2
-33493.7
-33487.2
-62178.9
-39487.1
-38656.9
-39422.2
-33704.3
-36496.9
-33479.6
-53245.6
-33502.5
-36686.9
-98596.8
-38933.4
-33533.1
-40164.3
-33490.9
-33491.6
-38649.9
-39108.7
-42243.4
-39296.2
-45988.6
-33482.9
-37455.8
-34229.3
-45212.7
-41152.4
-44957.3
-40977.5
-39455.9
-33470.5
-33508.8
-33451.8
-39168.4
-33498.5
-33485.9
-33498.2
-40190.3
-40477.6
-33490.4
-33492.5
-41590
-35208.1
-33332.4
-33514.6
-39392.3
-38809.6
-33513.2
-33485.4
-9160.06
-33484.6
-40738.3
-45416
-40573.6
-34476.8
-41135.8
-33494.3
-32949.8
-39569.5
-34095.3
-18185.4
-41611.8
-41249.5
-40632.6
-33487
-31089.5
-44546.5
-31889.7
-33491.3
-40057
13489.2
-40344.1
-33480
-33762.4
-36278.2
-33517
26001.9
-43923.2
-24260.6
-26531.7
-36094.5
-34907.1
-40830.9
-39934.3
-128591
-32852.5
-40857.8
-32434.9
-33502.8
-43508.9
-56794.2
-41325.4
-34970.8
138746
-41841.4
-27710.9
-37451.4
-32742.6
-39535.6
-38894.4
-38718.6
-40691
-33497
-39424.6
-20854.2
-49225.4
-73789.8
-35592.4
-73510.2
-43368
-54111.8
-33491.6
-33720.4
-33499.1
-35976.8
-33495.6
-50537.7
-38560.2
-33494.8
-33494.2
-33493
-33465.4
-35346.8
-33972.3
-40912.7
-202970
-38620.2
-42501.4
-33495.3
-29020.2
-45267.3
-32273.7
-43410.2
-4659.53
-42687.8
-37592.7
-33461.1
-33516.1
-39472.6
-33521.5
-9587.57
-33505.9
-10486.2
-53860.7
-42300.7
-40299
-38713.6
-32707.6
-40172.2
-38139.3
-39409.7
-42284.9
-38608.4
-39045.6
171614
-61956.9
-28705
-38987.8
-14759.9
-39535.6
-42753.7
-38980.6
-33338
-23327.8
-1478.8
-37603.4
-37852.8
-42108
-39782.1
-31700.5
-33340.2
-33489.6
-41419.5
-39080.8
-33476.9
-34766
-39749.1
-33499.1
-41348.6
-33495.9
-37569.7
-33490.7
-33435.9
-37510.8
-38810.7
-42505.9
-33488.8
-34747.2
-82275.3
-105589
-38151.7
-39022.9
-48959.9
-33490.5
-33485.2
-41885
129199
-33492.2
-38897
-33492
-41047.7
-40132.5
-41383.2
-17765.7
-51143.5
-41665.4
-14631.7
-66594.4
-33346
-38624.3
-39178.7
-33507.1
-39072.5
-38571.6
-33501.7
-36104.6
-201864
-41891
-33450.3
-43612.4
-40046.9
-39657
-43543.4
-39421.3
-31315.1
15302.5
-33357.1
-38947
-33421.3
-101303
-74596.6
-42622.3
-40553.6
-33480.4
-33490.5
23325.8
-33490.4
68911.7
-35960.9
70760.2
-33506.2
-38867
-31035.8
-39342.9
-43853.5
-33505.6
-32121.5
-33504.7
-38975.6
-42443.3
-41813.4
-32068.5
-37173.1
-44792.2
-43475
-31711.4
-38924
-33492.9
-39569.1
-46417.9
-39395.6
-74624.7
-39660.9
-50243.4
-34521
-40591.6
-37052
-33461.2
-82249.8
-56734.8
-35816.2
-40452.5
-42058.4
-33492.5
-52540.8
-38791.7
-33202.8
-38824.3
-39667.4
-41005.3
-42374.5
-41850.4
-37354.2
-33508.6
-39485.8
-42904.8
-33499.3
-40166.4
-40606.8
-33192.5
-33501.5
-40274.2
-33490
-33622.1
-41941.5
-37471.1
149421
-74478.3
-33491.4
-33485.2
-37325.4
-39804
-38905.8
-41264.6
-60450.3
-38684.2
-39365.6
-29999.2
-38851.1
-39417.7
-42361.2
-40436.9
-40157.1
-38148.3
-36260.9
-21305.6
-36727
-41385.2
-48491
-39444.6
-39446
-33484
-40568.1
-39740.6
-46121.5
-40018.9
-33227.9
49193
-39936.7
-39200.5
-37709.9
-41902.4
-38478.9
-37757.4
-40450.8
-39135.8
-43244.6
-40456.1
-39269.7
-41471.5
-33495.3
-40296.7
-40185.4
-39010.3
-46014.4
133520
-34176.1
-33410.3
-28165.9
-33528.1
-44125
-33511.5
-42558.7
-38790.6
-29746.5
-41123.5
-43461.5
-33490.9
-39230.5
-44851.5
-33491.6
-34723.6
-62632.7
-42209.1
-39875.4
-38957
-32964.5
-19191.5
-36789.9
-38924.1
-37333.2
-39671
-33484.1
-40130.3
-26662.7
-38675.9
-41009.8
-37381.2
-44077.5
28719.3
-38177
-40254.8
-25582.7
-33493.6
-34941.8
-32687.1
-39456.8
-39688
-37325.5
1816.14
-39249.1
-17714.7
-32508.9
-55101.1
-39815.3
-41002.8
-37804.8
-41064.4
-33502.4
-33508
-33462.4
-43439
-33510.5
-33493.3
-41720.2
-42365.7
-33490.3
-65936.4
-31155.7
-47176
-43671.9
-33513.9
-33486.8
-39404.8
-33490.3
-38787.3
-38827.7
-9494.84
-38064.8
-42314.3
-42396.9
-34186.3
-42864.3
-39762.1
-18473.6
-38738.7
-38652.6
-12726.4
-33325.3
-38162.2
-47964.8
-38166
-33701.8
-33340.1
-33485
-36491.2
-33538.7
-47686.7
-34485.7
-41181.5
-38168.8
-39549.8
-38717.3
-33484.8
-37924.7
-33438.2
-36420.1
-38101.6
-33223.2
-33490.7
-23334.4
-33507.4
-33489.3
-34598.2
-40310.6
636674
-40324.1
-39538.4
-39209.9
-38942.5
-39725.6
-39232.6
-30600.2
-38423.7
-39398.5
-39109.9
-38948
-33493.6
-38897.8
-8037.04
-39035
-40507
-39229.4
-33509.8
-33528.7
-33697.6
-18049.4
-33511.8
-37525.1
-33493.7
-40585.6
-41049.7
-35798.7
-37462.2
-25308.7
-41531.4
-33338.3
-33557.6
-33488.1
-34175
-40254.6
-33490.6
-33496.3
-40090
-42185.2
-33243.4
-43690.1
-38162.2
-42865.8
-39414.8
-30618.3
-33481.1
-39850.5
-33514.4
-41866.1
-16013.8
-39535.9
-36811.8
-43445.6
-32795.7
-33490
-38666.3
-34691.9
-33495
-33491.4
-37676.9
-39960.5
-34422.6
-31092.5
-33483.6
-56954
-38990.5
-58155.2
-39560.3
-44493.7
-39466.5
-33513
-46847.3
-39299
-38794.4
-33493.3
-44821.6
-33493.5
-42435.6
-33492.8
-38245.6
-38570.8
-33757.4
-31943.4
-41999.1
-34606.4
-33438.5
-40706.7
-38010.2
-33760.4
-39410.6
-36952
-34574.3
-33454.6
-38446.2
-33490
-33491.3
-46173.1
-44493
-51489
-40466.4
-43278.5
-32860.3
-32747.1
-73000.8
-40540.1
-18622.9
-32693.6
-33530.9
-33741.9
-30511
-33495.8
-40284
-33525.8
-39628.2
-37641.5
-37219.4
-43928.1
-48283.5
-109464
125708
-29600.7
-39051.8
-59893
-33457.2
-33488
-44570.4
-38882.2
-33487.2
45269.1
-33496.7
-40640
-41342.3
-38905.6
-40650.9
-34231.6
-31742
-27500.4
-41261.1
-41698.5
-39358.5
-33200.8
-40517.2
-40910.4
-39343.3
-33465.4
-33497.1
-41282.7
-38567.1
-41163
-40634.1
-37802.7
-45795.6
-75891.6
-39626.1
-40574.5
-45400.6
-42181.4
-43027.1
-39499.6
-42334.7
-40370
-41431.1
-39112.2
-29763.3
-44330.7
-31754
-33444.2
-42190.7
-39700
-33490.5
-27433.8
-33496.3
-175406
-34039.2
-33501.1
-42683
-98492.4
-42466.2
-30936.7
-33213.9
-40919.9
-40614.5
-40504.1
-33326.8
-37152
-39378.6
-43176.9
-160826
-39468.6
-39156.5
-33202.5
-46139.2
-34555
-24202.3
-48180.7
-62041.4
-34917.4
-33483.3
-85133.5
-47542.6
-48674.6
-38470.8
-40769.4
-37786.1
-35907.6
-33492.6
-33487.4
-33490.9
-45617.6
-41635.5
-33493
-39299.6
-33496.9
-45861.2
-33443.3
-33646.5
-27255.3
-73388.9
-41813.3
-33493.3
-33495.7
-41328.1
-40904.6
-33486
-33491.3
-34270.9
-33490.8
-61146.8
-41301.3
-33715.3
-36302.6
-39315.8
-33487.1
-33435.2
-39192.8
-39124
-44593.4
-39046.1
-40381
-36094.9
-43119.8
-33194.2
-38511.5
-39795.9
-41013.7
-28077.2
-33515.2
-41444.6
-53312.6
-38791.4
-41297.1
-40306.5
-36713.3
-32560.9
-39840.6
-39890.2
-33056.3
-41191.5
-33495.2
-37115.6
-43075.6
-39988.3
-38851.9
-13173.2
-74012.1
-40126.9
-38218.5
-40087.4
-33074.7
-38796.6
-31749.6
-37981.8
-41709.1
-32390.2
-40041.3
-32009.8
-38749.1
-39409.6
-99255
-39283.8
-30843.7
-42803.1
-33491.8
-21102.5
-38035.4
-43908.2
-39509.3
-33491.7
-33260
-33480.2
-37945.8
-39517.1
-32665.2
-38839.7
-39301.3
-39491.5
-40285
-40709.8
-25956.3
-32711.2
-42282.5
-40754.5
-33504.6
-40202.8
-42364
-43032.1
-44965.8
-36051.1
-38496.2
-54650.1
-32620
-47922.3
-31429.1
-33629.2
-37375.1
-41091.1
-33487.5
-31911.7
-113919
-66853
635448
-41028.8
-33487.6
-33278.6
-38690.9
-33489.6
-33489.5
-33489.9
-36368.4
-39339.5
-34690.4
-42190.8
-26362
-38543.8
-32005.5
-106674
-38990.8
-42467.7
-33492.2
-41140.9
-40685.2
-38747.4
-40087.3
-41653.1
-40988.6
-18769.6
-160377
-33491.1
-31898.1
-41469.4
-50044.9
-40796.4
-18153.5
-40956.3
-33462.2
-40112.8
-35055.1
-38614.7
-40932.4
-40818.4
-37652.6
-39904.5
-34176.9
-40750.4
-37860.8
-39774.4
-19883.1
-38367.4
-38845.8
-37986.6
-43249.2
-21321
-37699
-8603.7
-31857.3
-31815.4
-40836.5
-31926
-35341.3
-38408
-30593.4
-38877.9
-42186.2
-38074.6
-42798.7
-38884.7
-41104.1
-33490.9
-39153.3
-30419.4
-43363.8
-42605.1
-42136.3
-41495.4
-41179.8
-40399.9
44316.3
-40447.7
-91705
-39393.4
-40655.5
-40556.4
-37327.7
-33598.4
-33488.6
-33522.3
-42754.2
-42698.9
171079
-33488.6
-41280.1
-43014.3
-29678.8
-39070.3
-42958.1
-36146.8
-38817.1
-70704.6
-33486.8
-41020.2
-33489.6
-39489.4
-48770
-41380.8
-35468.4
-33643.6
-40131
-33484.6
-31710.5
-42234.1
-43516.5
-38583.6
-39610.8
-29208.1
-31890.5
-29582.9
-38900.4
-39077.3
21819.5
-46824
-39354
-40155.8
-45029.3
-45662.9
-32777.4
-40625.9
-29874.4
123666
-39103
-34052.7
-43057.4
-39394.4
-39356.2
-33661.9
-33324.6
-74429.6
-42465.3
-33513
-101389
-45320.7
-39183
-33492.3
-40502.8
-39723.8
-33212.5
-38754.7
-39703.5
-102499
-42589.2
-43944.1
-33648.1
-38841.9
-39600.4
-28872.6
-59175.4
-33489.1
-32688.8
-27325.4
-39190
-33490.5
-33496.6
-40618.1
-33487.2
-33504.1
-34147.5
-38879.2
-35427.4
-33526.6
-33498.3
-46172.5
-33341.5
-39060
-39488.4
-45052.8
-33490
-39818.7
-39003.1
-33313.8
-44526.1
-32994.6
-49611.9
-33491.5
-38718.9
-33498.7
-33508.4
-33491.1
-43338.3
-39746.4
-33191.7
-38858.2
-40199.2
-16879.4
-39247
-40390.1
-43225.5
-33499.1
-38681.7
-33521.2
-116813
-83076
-33499.2
-31762.1
-39826.8
-51724.9
-33651.6
-40100.2
-38829.3
-31688.6
-43518.1
-44787.5
-33434.6
-37807
-30497.9
-40806.2
-40634.4
-39754.4
-40856.7
-34551.4
-41753.6
-40344.6
-33484.1
-74413.4
-43411.1
-44882.7
126849
-40774.2
-35517
-42008.9
-33505
-46521.4
-40930.3
-42996.3
-33501.5
-41121.6
-33483.8
-33492.1
-33487.4
-33491.1
-20994.9
-25239.9
123729
-41872.6
-42907.8
-40865
-41930.2
-42069.1
-39944.8
-37700.4
-41455.7
-38263.3
-37103.7
-38063.3
-40304.3
-42681
-41393.9
-33495.5
-33580.9
-41365.7
-32463.5
-40417.8
-41104
-43488.8
-38714.7
-33491.4
-33472.9
-40706.6
-33257.6
-39429.4
-39764.2
-39328.7
-41266.6
-42168.9
-39426.5
-23533.9
-21179.2
-33536.5
-41905
-38919.6
-47548.7
-42029.4
-36359
-39474.8
-40556.3
-39000.3
-33495.5
-37587.1
-46663.7
-40357.9
-42941.1
-39307.4
-39020.3
-37326.2
-38788
-31716.4
-43540.5
-33495.6
-39287
-31675.5
-40077
-33504.2
-33532.3
-38705.6
-38792.9
-39524.5
-39731.3
-42760.7
404279
-33487.8
-40221.8
-33613.7
-33444.2
-42216.6
-33468.5
-38796.1
-29509.5
-33487.7
-41798.8
179582
-40872.9
-38421.2
-39520.7
-33476
-38871.5
-33507.3
-38871.9
-42153
-101640
-38121
-33339.1
-11719.6
-39704.2
-108594
-33493.1
-38463.4
-37312.2
-39670.6
-33224.8
-40166.6
-38346.8
-39581.7
-39763.7
-38149.6
-36677.9
-38838.4
-42186.3
-33500.6
-40135.1
-38618.2
-39537
-39363.7
-38766.3
-37877.6
-42201.3
-33420
-38528
-27815.2
-33493
-38982.3
-33320.9
-40055.2
-33529.9
-42691.9
-41335.3
-40881.7
-31880.7
-40607.8
-33439.6
-40441.1
-38754.9
-38231
-40308.4
-42399.4
-39382.7
-40192.9
-33495.6
-33491.4
-35353.3
-35186.3
-33492.3
-33250.2
-26883.5
-40009.9
-26264.7
-42401.1
-40804.7
27068.7
-32038.7
-38851.9
-25600.2
-44216.5
-39480.6
-39487.8
-41014.7
-38149.2
-40267.3
-39708.3
-39604.1
-38696.9
-37385.1
-36542.9
-30394.9
-42504.7
-66076.7
-51231.8
-35690
-38054.4
-103885
-42673.4
-35403.9
-36315.3
-39672.4
-49368.4
-35419.6
-40135.3
-33664.7
-41619.2
-39221.4
-33492.6
-38249
-38848.4
-38818.7
-38396.6
-51213.9
-40592.3
-48047.5
-42180
-38707.9
-38798.6
-42186.2
-38979.3
-41462.3
-28414.2
-42161.2
-42020.7
-33500.8
-37896.1
-20777.2
-33522.4
-38621.6
-39407.2
-34937.4
-41317.1
-42403.1
-38879.5
-30570.3
-33529.6
-40324
-38237.9
-42924.9
-173363
-39403.4
-37790.5
-38151.2
28202.6
-26059.1
-33448.1
152641
-33482.5
-42343.8
-33486.5
150762
-33493.4
-39686.8
399759
-33208.2
-33494.4
-39582.8
-33492.4
-33443.2
-41725.5
-33490.2
13935.8
-33345.3
-39107.4
-33492.1
-40384.6
-59415.3
-38862.9
-33496.7
-40734
-36610.6
167159
-33484.2
-32815.1
-33472.3
-42634.2
-33490.1
-42197.7
165970
-33497.3
-89444.1
-62878.5
-39488.1
-43525.8
-36741.7
-40854.7
177324
-33536.7
-40799.4
-33492.7
-33235.3
-32528.7
-39428.3
-33472.7
-41203
-33592
-40260.4
-39493.3
-32540.4
-41434.4
-39629.2
-128507
-40661
-38567.3
-41351.7
-33499.5
-33495.3
-39147.6
-14241.1
-44122.8
45185.6
-38345.8
-33485.7
-33484.1
42409.9
40490.5
-40730.8
-19761.3
-38978.8
-18402.3
-39715
-32987.6
-33489.7
-33489.2
-34605.3
-30917.7
102421
-37365.5
-37379.8
-40974.8
-42228.4
-40311.5
-40351.7
-40533
-33496.5
-39840.2
-38858.8
-39409.4
-42581.4
406946
-33496.2
-39408.1
-41725.5
-39959.4
-33497.2
-40175.2
-35984
-41559.3
-33497.6
-39369.4
-38232.9
-33491.3
-33466.6
-33490.7
-33488.6
-33492.1
-33488.4
-22612.3
-40326
-38989.4
-40451.3
-42451.4
-38392.4
-40982
-38899.9
-33495.6
-33475.6
-39596.7
-37255.9
-33490.9
-38423.4
-36486.9
-33509.4
-41506.5
-44481.4
-41635.5
-18365.5
-38594.5
-34910.1
-49680.3
-16051.8
-39346.9
-35382.2
-41012.7
-33494.4
-33680.3
-31534
-37871.1
-33479.1
-31229
-45601.7
-39369.2
-33488.7
-41189.9
-30640.7
-29978
-41223.1
-31524.9
-39566.1
-33489.1
-39000.9
-41832.4
-38654.8
-36408.4
-31853.1
-39444.6
-33505.2
-39896.8
-41399.5
-39027.9
-44656.1
-39027.2
124487
78025.6
-32264.3
102088
-38456
-41357.7
-38491.2
-42161.8
-39216.9
-44024.7
-38518.5
-38922.2
-37406.4
-33353.2
-33490.5
-52775.2
-41996.3
-48259.1
-38845.7
863304
-41938.2
-38308.4
-23763.7
-33511.8
-31730.3
96634.5
-26712.9
-29517.2
-38933
-33489.8
-42093.5
-38037.6
-34513.3
634389
-42553
-33491.1
-31456.3
863522
-39410.9
-38793
-40188.9
-33483.9
-39154.9
-43354.4
-39443.8
-31989.2
-39559.3
-33488.5
-39483.6
-33481.7
-42067.3
-43190.6
-25427.8
-38720.9
-38959.1
-38858.9
-33490.6
-41994.8
-27272.7
-47822
-38214.5
-116212
-38100.7
-36464.6
-39144.1
-42136.1
-39533.1
-40922.9
-39796.2
-40039.9
-39961.3
-33490.2
-31923.8
-24207.5
-40653.6
-24790.1
-31866.9
-24043.9
-40959.2
6832.5
-18140.3
-38172.2
-39318.6
-30589.7
-39331.9
-33500.5
-33491.8
-33492.7
-33715.7
-39706.2
-33491.3
-33496
-40566.2
-61436.5
-33490.4
-121444
-41360.5
-33531.3
-38532.7
-48440.7
-40017.9
-194749
-38407.2
-47905.1
-29933.3
-34046.8
-37364.7
69451.7
-38398.9
-23803.8
-33473.9
-43078.2
-39034.6
-38879.8
-39204.1
-39397.9
-33490.5
-33663.5
-40631.6
-33481.4
-33494.6
-30408.7
-46583.5
-33487.9
-39019
-33486.2
-39537.7
-40272.5
-33519.9
-39322.9
-9951.6
-38436
-44697.4
-57460.1
-24259.6
-24314
-41225.2
-44372.7
-38975
-37884.1
-39248.1
-41833.3
-33491.6
-42658.7
-33496.9
-34619.5
-33705.6
-38032.4
-38346.6
-33687.1
-32702.8
-42058.8
-37757.2
-33490.2
-33489.4
-33490.1
-33474.4
-33474.5
-33475
-35517.9
-36517.6
-36603.1
-18807.1
-31429.5
-31445.6
-31355.2
-26846.1
-27859.2
-30877.7
-26057.1
-29414.8
-27489.4
-30028.1
12208.8
12162.8
-37416.5
-48476.1
855675
-41993.3
-60559.4
-59128.7
-59450.8
-50144.5
-44280.1
-56937.7
-49554.8
-39417.5
-43498.5
-55030.3
-63931.7
-34485.6
-34670.1
-34038.8
-33828.9
-39616.7
-34341.7
-33856.5
-34902.9
-33693.8
-34746.8
-33609
-33483
-33474.5
-33492.6
-33490.9
-33496.7
-33491.2
-33494.8
-33490.8
-33503.8
-33494.8
-33544.9
-33553.7
-33513.3
-33602.3
-33113.9
-34629.1
-33190.8
-33107.7
-34680.8
-33212.6
-33201.5
-164472
-179081
-49354.2
-66533.8
-132647
-122105
-39857.4
-38178.1
-40613.6
-41118
-40693.5
-39784.7
-40763.1
-40836
-40327.9
-40822.8
-37730.5
-42431.8
-42231.5
-37451.1
-38642.6
-39223.2
-39277.4
-39272
-39202.6
-39203.7
-39343.4
-39337.4
-39694.6
-39538.3
-39667.7
-39803.6
-40072
-40250.6
-39506.2
-40763.5
-40804.8
-40614.2
-40981.7
-42065.7
-40895.6
-39852.6
-41832.5
-42244.1
-41726.2
-41895.7
-42188.2
-42024.4
-42124.8
-42231.6
-42208.8
-42257
-42251.3
-42174
-42453.1
-42331.6
-42389.3
-36569.4
-35635.1
-35929.9
-36577
-31701.1
-28012.6
-28809
-12873.4
-13251.2
-4738.24
-15450.7
-15027.5
-15746.2
3055.64
-20317
-23368.3
128989
125423
128696
-20522.2
127241
138761
127576
124557
11622
9454.04
426.454
-24497.6
-20665.2
-24781.3
-26311.9
-28735.7
-44197.4
-38645.3
-40393.6
-40730.8
-33972.1
-38656.3
-39620.1
-41801.8
-40112.1
-44208
-43846.6
-44209.4
-43648.2
-43124.3
-33906.2
-33537.9
-30720.6
-32458.5
-31090
-28325.1
-33806.2
-34476.3
-28572.1
-28142.3
-35497.8
-36860.4
-35972.9
-36026.5
-7948.41
-15592
-17448
-44088.1
-41167
-40435.5
-36699.7
-37744.7
-37552.2
-36253.7
-74406.5
-74736.3
-53348.4
-74723.7
-74437.1
-54331.1
-74523
-82941
-9054.02
-83129.5
-17494.7
-24273.3
-36843.6
-21511
-22933.8
-23392.8
-33116.5
-47281.8
-47574.7
-37127
-37471.7
-38284.3
-37720.4
-34709.2
-34661.3
-34103.1
-34392.9
-33083.1
-33681.4
-34280
-32673.8
-33069.4
-30461.5
-39513.3
-38533.4
-41395.9
-40464.7
-39886
-40193.7
-39744.9
-39492.3
-39644.5
-39491.3
-39795.7
-39595.2
-39838.4
-39780.5
-39810.5
-40002.3
-39812.7
-39390.3
-39475.4
-39430.4
-39525.3
-40002.3
-33773.4
-33784.7
-33682.9
-33594.9
-33507.6
-33500
-33452.2
-33457.2
-33520.5
-33533.4
-33528.6
-33506.9
-33506.1
-33489.7
-33531.7
-33610.7
-33473.4
-33532.5
-33620.3
-33537.4
-33534.6
-33468.5
-33529.5
-33504.5
-33489.9
-33515.4
-33452
-33445.7
-33511.5
-33492.4
-33493.9
-33488.8
-33495.8
-33497.1
-33497
-39667.8
-33492.6
-33493.5
-33493.7
-33493.9
-33497.6
-33491.1
-33490.1
-33498.9
-33490.9
-33630.9
-33075.5
-34748.8
-33096.6
-33153.8
-33162.8
-33605.2
-33503.8
-39409.4
-39210.5
-39319.5
-39580.7
-39675.4
-40500.6
-42164.7
-42317.1
-33602
-62366.6
-35770.4
-26661.4
-4546.73
3760.26
-12124.9
123208
124996
125498
57201.2
-26809.1
-56724.9
-43930.7
-41901.7
-40460.4
-25898.8
-34054.3
-27537.3
-37619.8
-27302.6
-27537.4
-35976.3
-38374.8
-42641.4
-36579.8
-38764
-21603.3
-38829.5
-74350.4
-74594.7
-74636.4
-81964
-32588.1
-47243.3
-30622.9
-30297.5
-37154.3
-37851.8
-37528.3
-33840.4
-33759.6
-34204
-33777.4
-40456.3
-39641.2
-39653.3
-39376.5
-40277.5
-39853.9
-39899.4
-40370.1
-39828.9
-39460.8
-39502.7
-39419
-33743.4
-33428.9
-33509.1
-33557.7
-33537.9
-33466.8
-33539.8
-33619.3
-33464.3
-33528.7
-33536.7
-33541.9
-33499.8
-33512.1
-33489.5
-33495.9
-33496.1
-33492.6
-33495.3
-33497.7
-33491.4
-33497.9
-33494.6
-33492.9
-33487.1
-33486.9
-33488.2
-33488.1
-33488.3
-33488.7
-33489
-33489.7
-33496
-33492.4
-33490.4
-33491.7
-33491.2
-33492.7
-33491.6
-33491
-33495.1
-33494.6
-33495.8
-33496.4
-33494.6
-33496
-33505.9
-33495.8
-33499.5
-33502
-33515.4
-33397.3
-33418.5
-33432.5
-33518.4
-33536.8
-33144.8
-40357.8
-41028.1
-41894.7
-41168.9
-41343.4
-63663.2
-51214.5
-52383.4
-58182.3
-113207
-96065.1
-107357
-49846.5
-116301
-38437.2
-37719.1
-38210
-38895.6
-38951.4
-38777
-38583.8
-39392.5
-38922.4
-39443.4
-39391.4
-38967.2
-39233.1
-39409.7
-39236.1
-39427
-39338.9
-39322.9
-39486.5
-39453
-39536
-39429.9
-39293.9
-39721.8
-39746.8
-39932.4
-39921.7
-38930.2
-39593.4
-39352.7
-39745.6
-39698.2
-39549.3
-39980.8
-40057.2
-40216.8
-40231.6
-40202.5
-40189.3
-40156.8
-40109.3
-40166.2
-40268.3
-40038
-39510
-40919.6
-38969.2
-39919.3
-39265.4
-39400.4
-38973.1
-28514.5
-28108.5
-28913.1
-27603.3
-24206.1
-25771.1
-23076.1
-26833.1
-26982
-23856.2
-38339.8
-19482.8
-17380.8
-35836.7
-30760
71361.8
-24615.8
-72098
-56590.6
-74623.3
-49904.2
-62678.9
-53822.5
-48206.8
-22061.9
-44255.7
-47784.4
-44416.2
-30042.7
-38498.7
-38395.6
-42807.1
-41052.4
-44894.6
-43393.5
-42600.6
-40557.2
-42364
-42389.6
-43475.4
-41271
-41983.9
-41559.4
-41772.6
-40273.1
-34038.5
-30980.4
-31727.6
-29982.1
-30555.9
-30403.3
-32407.6
-31635.8
-38898.5
-37352.6
-39233.4
-40347.5
-27710.5
-28410.2
-28154.4
-27777.3
-40083
-39408.6
-40663.2
-40412.8
-40086.7
-42510.6
-39017.1
-40382.3
-40409.6
-40687.2
-39810.7
-39782.8
-40340.3
-40439.2
-40945.3
-31695.3
-39906
-75112.5
-52831.8
-39544.2
-63387.4
-32035.4
-36922.2
-34992.5
-39554.3
-32377.9
-31557.4
-37012.6
-38476.7
-41613.6
-42182.9
-39493.7
-36929.4
-39687.5
-39279.4
-37941.7
-38601
-38012.3
-37481.3
-37458.3
-37444.7
-37334
-37372.7
-37493.1
-37350.1
-37328.4
-37471.8
-36910.2
-37590
-37243.8
-37447
-38475.5
-38180.5
-38931.1
-38258.8
-38360
-38652.2
-38820.3
-38665.9
-38562
-38695.1
-38776
-38842.1
-38797.6
-39125
-38959.8
-39532
-38958.6
-38905.3
-39007.9
-33962.2
-33433.5
-33978.4
-33638.3
-33652.6
-33657.2
-33617.8
-33648.2
-33625.2
-33541.7
-33501.1
-33465.8
-33502.5
-39572.4
-33481.7
-33456.4
-33496.8
-33491.2
-33489.5
-33490.6
-33491.6
-36116.7
-33491.7
-33490.2
-33490.4
-33492
-33488.4
-33488.1
-33499.9
-33490.3
-33493.8
-33488
-33493.6
-33494.5
-64660.8
-30124.1
-30792.5
-42054.5
-41804.8
-41305.1
-33491.9
-33491.6
-33492.6
-33491.9
-33487.8
-33490.6
-33491.2
-33491
-33490.4
-33490.7
-33492.4
-33492
-33491.9
-33490
-33488.1
-33494.7
-33492.7
-33490.7
-33495.3
-40931
-33497.2
-33502.1
-33501
-33530.9
-33434.7
-33440
-33438.7
-33513.4
-33228.4
-34165.1
-43544.2
-40126.8
-40495.5
-40628
-40977.7
-41274
-40954.8
-41197.1
-42018.5
-50113.2
-59391.2
-40031.2
-40399.7
-37058.3
-39514.8
-41572.6
-38577.8
-37972.2
-38262
-38888.4
-39018.1
-39157.6
-39161.8
-39190.2
-38558.8
-39048.6
-38341.9
-39229.2
-39118.8
-38976.6
-38912.8
-39084.2
-38886
-38717.3
-38844.7
-38859.8
-38836.4
-38793.4
-38900.6
-39051.5
-38735.5
-38813.6
-38669.4
-38974.7
-38716.9
-38742.8
-38827
-38344
-38699.3
-38796.4
-39743.1
-38838.8
-38468.4
-38651.6
-40389.7
-39684.9
-38849.9
-38821.9
-38882.6
-38819.4
-38802.8
-38832.9
-38761.6
-38506.9
-40117.3
-41027
-39228.4
-40666.1
-40609.8
-42293.9
-39142
-39385.1
-39361.6
-34453.9
-40063.1
-35058.8
-32433.9
-27535.4
-29423.4
-28657.5
-25952.8
-27173.9
-30925.6
-29458.1
-29985.3
-28051.4
-29546.5
-32597.7
-30174.1
-30846.6
-38257.4
-37491.5
-31848
-32592
-40464.5
-28446.9
-37238.1
69342.2
-28382.2
-30677.5
25096
-9319.25
-46806.6
-47064.1
-44016.1
-45814.5
-32530.5
-45019.8
-41922.7
-47142.1
-47944
-44525.7
-47650
-42001.3
-42876.5
-45621.1
-43646.3
-39690.2
-44208.1
-45099.7
-30221.5
-32559.2
-31884.2
-43214
-42527.3
-43164.3
-43267.3
-41205.8
-41324.5
-41204.5
-41215.4
-41444.3
-41118.5
-41891
-41524.5
-41389.2
-41824.7
-40612.2
-41360.6
-35870
-41533.4
-34498.7
-34189.1
-34466.4
-32403.6
-31760
-31910.6
-38358.1
-32008.6
-37976.5
-37732.7
-40045.7
-39508.4
-39309.7
-39561.2
-39712.9
-39598.4
-39605.9
-39937.3
-39584.9
-40464.8
-40521.3
-40453.6
-39709.9
-40980.4
-41071.5
-41696.5
-41283.8
-40794.3
-40881.3
-42323.3
-42090.1
-40962.6
-33076.7
-42372.4
-37905.7
-44594.5
-44550.2
-44338
-42724.6
-39328.1
-40509.5
-39545.2
-38149.6
-40267.1
-39646.4
-39906.7
-38854.1
-37022.6
-38505.6
-39027.9
-38482.5
-37357.9
-37395.9
-38128.3
-38140.9
-37328.5
-38140.6
-38182.3
-38110.9
-38173
-38381.4
-38111.4
-37223
-38132.4
-38193.9
-37873.9
-38151
-38214.5
-38430
-38292.7
-38760.8
-38835.2
-40027.8
-38286.3
-38017.7
-38410.6
-38431.6
-38572.9
-38673.4
-38469.6
-38630.6
-38556.9
-38430.9
-38858.8
-38635
-39008.1
-38763.3
-38787
-38569.7
-38701.4
-38693.7
-38819.1
-39149.2
-38864.2
-38889.6
-33498.9
-36928.5
-33464.5
-33434.6
-33634.5
-33478.4
-33650.6
-33453.3
-33516.9
-33525.1
-33505.4
-33480.1
-33495.2
-33503.1
-33496.2
-33492.2
-33485.7
-33487.7
-33488
-33488.3
-33492.6
-33487.9
-33491.1
-33488.9
-33491.7
-33489.2
-33488.4
-33492.5
-33488.3
-33500.3
-33489
-33492
-33492.7
-33488.4
-40797.6
-40229.4
-31963.8
-30408.8
-31213.3
-30888.4
-31473
-31414.4
-31194.1
-41445.6
-41179.4
-39895.5
-40888.6
-41153.3
-44586.3
-40351.7
-42376.5
-41677.5
-33489.4
-33490.8
-33491.1
-33489.8
-33448.6
-33530.5
-33456.7
-33502.7
-40000.8
-42005.3
-40389.8
-40692.4
-33193.9
-33491.6
-33489.9
-33489.8
-33489.7
-33484.2
-33493.9
-33486.2
-33492.6
-33485.9
-33485.9
-33489.1
-33490.1
-33483.5
-33481.8
-33498.5
-33494
-33441.4
-41364.6
-42067.2
-41083.4
-42054
-40512.7
-40215.7
-40378.4
-40328.2
-39176.1
-41221.9
-40171.5
-38914.9
-39092.7
-39200.3
-39093
-39163.9
-38978.5
-38833.1
-38971.5
-38411.6
-38427.5
-38902
-38799.9
-38734.5
-38866
-38111.9
-38254.3
-37781.6
-38336.7
-38234.6
-38630.1
-37951.1
-38786.2
-38164.5
-38098.4
-38937.7
-38607
-39204
-33490.6
-33489.9
-40144
-39924.9
-39378.8
-39643.9
-39546
-38599.3
-32937.5
-32976.3
-33373.1
-30331.2
-30437.4
-29285.1
-27298.5
-31832.1
-30446.1
-33367.4
-31478.1
-31255.9
-31704.7
-39660.3
-30533
-39014.7
-44292.5
-42835.4
-43991
-44267.4
-45193.6
-43490.3
-43446.1
-43176.7
-42636.9
-43421.3
-42014
-41169.7
-42807.1
-39743.6
-39577.1
-40148.3
-42330.8
-41938.7
-40962.1
-44416.4
-39403.2
-39992.6
-34061.4
-40572.7
-40347.1
-40876.6
-39712.5
-40189.5
-44144.4
-40639.1
-40025.4
-33474.9
-33523.7
-33499.4
-33477.3
-33496.1
-33497.9
-33491.6
-33488.6
-33494
-33488.6
-33489.5
-33491.7
-33490.8
-33488.4
-33488.4
-37719.9
-40357.5
-40805.1
-40681.4
-41815.9
-33487.8
-40719.6
-43593.7
-33473.8
-41039.9
-42762.2
-42207.1
-33492.9
-33494.9
-43965.2
-39087.7
-40645.3
-42132.6
-39722.6
-40228.3
-39964
-40342
-35478.5
-42480.8
-39184.9
-38929.7
-38869
-33639.7
-33589.3
-33550
-33494.4
-33491.8
-33500
-41319.9
-41999.1
-33496.2
-33498.7
-33442.7
-39314.4
-38656.5
-33490.7
-39257
-39056.7
-29515.4
-38923.4
-34197.5
-45995.7
-34424
-42488.6
-41216
-32265.9
-33750.9
-31262.7
-39269.1
-39521.9
-39658.8
-39508.6
-39390.2
-38466.1
-38490.3
-38810.8
-33488.9
-33514.4
-33514
-33490.5
-33492.1
-40298.9
-40094.7
-33472.5
-39555.4
-38115.8
-38117.9
-33489.2
-38498.4
-40683.7
-39443.2
-33797.8
-33492.1
-33490.4
-39946.2
-33477
-33476.1
-34929
-27432.2
14293.4
-33490.4
-49405.5
-42491
-57195.5
-33489.8
-33799.8
-33051.2
-34623.3
-34197.6
-40836.9
-33488
-39193.6
-33486.4
-42249
-4183.52
44168
43863.7
-38140.1
-35380.6
-35997.3
-36163.6
-43803.2
-25575.4
-34243.9
-38601.1
-40250.2
-38483.4
-38441.6
-39372.4
-39743.4
-40128.7
-39393.1
-33637.3
-38035.6
-33500.6
-33503.2
-33475.9
-33467
-38164.2
-33523.3
-38163.2
-33496
-33473.4
-33505.9
-33517
-33496.2
-33508.2
-33494.3
-27267.5
-39562.2
-41078.1
-38818.3
-39449.5
-33523.3
-33634.5
-33497.6
-39791.2
-33492.4
-33620.6
-34082.1
-38991.5
-40013.6
-40038.4
-30232.6
-38320.4
-29529
-40114.6
-39364.2
-39575.8
-35584.2
-39532.1
-37593.2
-38946.1
-38868.5
-33985.1
-33633.6
-33521.1
-33449.4
-33492
-40159
-33490.8
-33497.6
-41846.8
-33490.5
-40494.1
-33489.9
-33496.1
-38812.2
-39858.7
-38937.4
-38796.5
-38831.7
-39203.4
-39661.3
-39041
-32982.7
-33783.6
-33206.2
-33489.8
-33489.5
-33489.7
-33490.8
-36279.9
-35954.6
-36014.9
-36166.3
)
;

boundaryField
{
    Wall
    {
        type            zeroGradient;
    }
    Inlet
    {
        type            zeroGradient;
    }
    Outlet
    {
        type            fixedValue;
        value           uniform 0;
    }
    Empty
    {
        type            empty;
    }
}


// ************************************************************************* //
