/*--------------------------------*- C++ -*----------------------------------*\
| =========                 |                                                 |
| \\      /  F ield         | OpenFOAM: The Open Source CFD Toolbox           |
|  \\    /   O peration     | Version:  2312                                  |
|   \\  /    A nd           | Website:  www.openfoam.com                      |
|    \\/     M anipulation  |                                                 |
\*---------------------------------------------------------------------------*/
FoamFile
{
    version     2.0;
    format      ascii;
    arch        "LSB;label=32;scalar=64";
    class       volScalarField;
    location    "4.1";
    object      p;
}
// * * * * * * * * * * * * * * * * * * * * * * * * * * * * * * * * * * * * * //

dimensions      [0 2 -2 0 0 0 0];

internalField   nonuniform List<scalar> 
2958
(
-53985.5
-25303.6
18131.3
-76831.2
-31120.2
19281.8
-41152.5
-58116.3
-8327.95
-61136.8
-52113.8
-46233.8
-59224
-46241.6
-58582.4
-53073
-29445.9
-59087.2
-46241.8
-55813.7
-45867.9
-28426.4
-45488
-59632.4
-59141
-55364.7
-21043.8
-71991.8
-51588.3
-52783.7
-55130.2
-30797.4
-45894
-5974.94
-51786.5
-62076.2
-46240.9
-45833.6
-55576
-63661
-444133
-54678
-39112.8
-54008.4
-46232
-17701.3
-51931.9
-24888.1
-66568.5
-57475.6
-53489.3
-39236.7
-77548.6
-52697.7
-53628.2
-136982
-62449.4
-65023.3
-54416.2
19393.2
-56604.2
-55712.1
-42443.4
-52940.1
-46246.6
-46243.3
-52764.3
-31856.3
-34222
-59900.3
-28378.6
-46231.9
-25415.6
-54493.6
-46237.8
-49045.9
-56810.5
-42236.7
-46184.2
-53294.8
-59010.3
-30048.4
-74110.6
-75262.3
-55651.1
-54520.6
-30426.3
-54640.3
-27096.6
-46147.7
-49034
-19939
-50948.6
-46241.8
-7570.81
-45009.3
-59628.2
-77370.8
-46243
-46237.6
-76445.3
-54426.5
-51823.8
-27624
-46567.4
-47353.3
-46229.2
-67635
-46251.8
-39379.2
-113615
-53474.4
-46136.9
-59835.4
-46240.9
-46242.4
-54339.3
-53682.5
-28767.9
-54034.7
-59856.1
-46232.7
-51176.7
36060.3
-60503.6
-56048.7
-60010.6
-28661
-54175.1
-46241.5
-46194.5
-46201.4
-53775.6
-46247.8
-46231.3
-46245.8
-60297.8
-55184.4
-46240.5
-46241.9
-56110.7
-28160.5
-45928.3
-46255.6
-53998.9
-27143.8
-46218.9
-46235.3
-23123.9
-46234.2
-55836.7
-60097.6
-61086.2
-47583.7
-58657.3
-46266.2
-45452.4
-54151.9
-41128
-108344
-59708
-63030.2
-57050.8
-46237.5
-56365.4
-61635.4
-41658.6
-46243.5
-73688.7
5603.43
-30141
-46229.5
-46479.1
-29783.5
-46266.1
17378.8
-30396.4
104850
-39305.8
-34771.5
-46606.4
-28141.4
-58093.4
-143274
-26457.1
-27802.2
-26329.3
-46251.5
-29873.2
-70868.3
-30322.7
-39806.5
65781.1
-66144
-26576.4
-51219.9
-24647.5
-31037.1
-53174.2
-199803
-62436.5
-46247.2
-54036.9
73949.5
-172001
6406.02
-49330
2582.94
-30011
-68830
-46241.3
-46140
-46242
-26359.2
-46241
23018
-52879.1
-46242.5
-46243.5
-46241.6
-46229.9
-28277.9
-41647.1
-27489.6
-218376
-53278.9
-72522.1
-46243.7
-20957.5
-28476.4
-26814.7
-32710.9
-30318.4
-30673.4
-51484.3
-46227.6
-46271.1
-54189.3
-46273.9
-24777.8
-46276.4
-25671.3
-68987.7
-71985.6
-55655
-148959
-46743.1
-59703
-52717
-54467.7
-64572.6
-57629.2
-54642.8
91727.7
-76590.1
-20404
-53665.3
-24178.8
-54978.3
-29716.9
-53671
-46045.7
-31427.7
106920
-55572.2
-52047.6
-59919.5
-54592.1
-49494.7
-45570.7
-46240.5
-28966.4
-53898.7
-46227.1
-26342.3
-54609.9
-46241.6
-29131.4
-46247.8
-27459.5
-46240.7
-46296
-55379.1
-54940.5
-31412.1
-46238.5
-48323.2
-97370.1
-120652
-52324.4
-58796.5
-29608.1
-46239.5
-46235.2
-65404
56044.3
-46241.4
-53602.7
-46241.8
-61654.8
-59058.6
-30861.1
-24236.4
23195.1
-56332.2
90602.6
-83116
-46028.5
-53752.7
-54001.2
-46250.1
-53936.7
-53012
-46245.6
-26831.8
-217265
-32240.6
-41637.1
-29369.4
-54866.9
-28819.8
-30736.7
-55077.6
-26987.7
7644.78
-45578.7
-53478.2
-46257.1
-115932
-473426
-30312
-60640.9
-46230.6
-46240.5
6459.63
-46240.5
59284.8
-156810
61243.5
-46248.8
-54683.2
-26239.1
-30316
-30556.8
-46252.7
-27306
-46253.3
-42330.5
-57734
-56183.5
-72734.2
-60397.9
-34558.2
-57977.5
-22591.4
-53812.6
-46241.8
-55297.7
-43980.3
-54057.6
-473343
-54367.2
-64985.4
-26058.5
-57337.7
-30879.2
-41853.7
-97298.2
-71331.5
-30624.4
-63938.1
-31219
-46241.5
-67407.1
-53523.7
-27583.5
-53511.3
-61676.4
-30762.2
-29778.8
-56613.4
-50678.3
-46191.3
-55190
-30505.7
-46441.9
-55076.1
-31281.6
-45398.5
-46204.7
-59965.9
-46241.6
-45485.6
-28711.3
-52007.6
135688
-473818
-46241.3
-46236
-30223
-54699.3
-53541.8
-27263.9
-74940.6
-53272.3
-53979.9
-24341.6
-54625.2
-54165.1
-57627.6
-55508
-58980.7
-52308.3
-30367
-25901.4
-29981.3
-31415.2
-165924
-54066.7
-54068.6
-46232.2
-38902.2
-26469.6
-33994.3
-57997.2
-45737.3
-14011.5
-57762
-53871
-26404.5
-31190
-53212.9
-26179.1
-62217.1
-61198.4
-30721.5
-26845.4
-61177.8
-56248
-46247.6
-27935.4
-28048.4
-53647.1
-59779.2
63428.5
-47733.2
-46274.6
-17743.8
-46268.9
-30505.5
-46262.2
-32258.7
-51033.4
-27753.3
-55873.1
-60930.7
-46240.9
-54040.8
-27054.2
-46241.5
-28270
-76726.3
-57126.4
-56861.4
-53866.6
-41567.3
-14158.9
-49799.1
-53786
-42581.1
-56918.2
-46234.1
-59010.1
-16277.2
-53803.4
-28250.5
-50807
-30565.6
9961.6
-52737.4
-58986.9
-24774.9
-46246
-46361.2
-25435.5
-54753.7
-56350
-51001.2
4110.45
-53774.9
-22608.2
-27655.9
-69864.7
-54682.4
-28746.5
-52783.6
-62209.3
-46253.6
-46283.2
-46258.3
-31125
-46256.5
-46246
-56081.6
-61871
-46239.6
-82493.4
-21607
-61931.5
-58427.5
-46176.4
-46241.4
-54326.8
-46242.8
-53284.3
-53299.7
-2683.59
-66046.7
-29283.6
-56853.5
-46226.7
-29817.9
-54422
-13177.8
-53426.3
-53437.4
109879
-46022.5
-52716
-62641.8
-52720
-46166
-27407.9
-46225.8
-51102.7
-41805.6
-29924.4
-28547.3
-56022
-52725.4
-54358.5
-53428.8
-46234.8
-52851.7
-46270.1
-50905.5
-52551.9
-45522.4
-46240.1
123100
-46231.7
-46239.1
-26435.3
-54956.2
413815
-56497.4
-54359.8
-53872.3
-53020.6
-60150
-54537.8
-29630.3
-52734.6
-53973.4
-53961.4
-53424.7
-46247.6
-53812.1
-23263.6
-53568.3
-55174.8
-54286.6
-46251.7
-46245.3
-46421.4
35212.9
-46275.2
-55370.6
-46243.6
-57079
-28396.7
-26725.7
-50145.1
-13655.4
-56436.1
-46015.3
-46274.9
-46238.5
-26395.7
-59084.3
-46241.1
-46244.1
-55289.4
-58746.9
-45746.7
-66463.8
-52780.4
-63994.3
-53936.1
-50328.8
-46231.2
-54825.1
-46415.7
-56203.3
-12825.4
-54230.8
-66125.2
-60264.1
-44393.6
-46240.9
-53431.1
-57076.9
-46248.1
-46240.9
-52462.7
-60839.4
-40114.9
-25478.4
-46231.7
-28351.4
-53537.7
-72804.8
-54373.6
-27156.2
-55212.4
-46195.5
-33111.5
-54577.4
-53294.1
-46242.5
-59870.3
-46243.1
-29090.4
-46241.7
-52306.7
-53075.8
-46493.3
-20606.8
-55607.1
-38504.1
-46267.2
-54695.1
-65999
-46478.8
-53940
-66197.8
-27048.3
-46204.3
-52891.5
-46239.7
-46252.8
-60023.3
-62307.3
19131.8
-57144.5
-28778.1
-25950.9
-44315.7
-54442.7
-27503.3
-31123.2
-44345.1
-46212.2
-46176
-50380.7
-46248.3
-27584.4
-46266.8
-54445.4
-51704.3
-30840.7
-29936.7
-169050
-124524
100646
-26353.6
-53598.6
-126671
-46207
-46239.9
-30875.3
-54345.1
-46239.3
-15173.8
-46249
-28897
-27342.4
-53360.9
-55303.2
-27225.8
-49585
-15827.9
-56132
-56324.9
-53965.5
-45422.9
-77146.5
-55142.7
-54107.6
-46174.3
-46242.9
-55621.3
-53091.7
-56796.4
-55479.4
-52041.3
-31591.1
-90387.9
-61356.9
-30479.4
-32805.6
-29709.7
-29993.5
-54180.3
-57608.5
-60625.7
-63378.2
-53687
-53946.8
-30692.3
-37147.4
-46204.6
-28758.7
-56035.2
-46251.3
-17493.5
-46246.4
-190568
-41278.9
-46208.6
-57131.1
-113520
-61039.9
-26109.5
-41124.5
-64228.8
-54518.2
-53473.4
-45870.7
-44989.8
-53969.2
-41700.1
-175567
-55327
-54136.1
-45418.6
-60754.8
-40785.7
128030
-62962.5
-77811.3
-47042.1
-46233.2
-99818.2
78084
63477.2
-53762.1
-55537.5
-65579.9
-50338.9
-46241.7
-46243.7
-46239.9
-60190.9
-27699.2
-46242.9
-53846.7
-46242.3
-60417.8
-46115.6
-46335.6
-24943.9
4097.88
-56460.7
-46242.9
-46244.2
-61081.8
-55994.3
-46236.2
-46241.3
-26429.5
-46241.5
-75840.5
-56095.2
-46446.5
-30054.1
-53980.3
-46222
-26140.5
-54020.7
-54345.2
-59548.3
-53895.5
-56645.8
-35089.7
-30785.9
-45403.1
-52964
-54882.7
-55180.3
-20559.7
-46265.3
-56219
-67618.6
-54539.4
-60915.6
-55017.9
-46896.3
-25323.5
-60407.9
-28837.1
-42114.5
-58890.7
-46244.5
-50781.4
-57588.7
-31677.3
-54542.4
-28244.9
-88545.7
-59315.6
-53015.2
-58728.6
-70750.1
-53304.9
-25975.5
-52758.9
-56324.2
-27145.1
-60116.5
-25941.7
-54564
-54149.6
-114269
-54113.3
-25073.5
-74278.4
-46242.8
-100544
-52367.9
-58502
-55352.6
-46253.2
-45812.3
-46230.4
-52462.7
-55254.2
-38362.7
-54758.9
-54899.1
-54174.3
-54988.6
-61334.3
-7267.03
-27076.6
-70265.6
-28183.5
-46253.4
-59894
-70536.7
-29940.2
-7272.12
-65229.2
-52985.8
-68659.4
-38246.2
-32854.1
-54372.6
-46303
-50986
-62991.5
-46238
-25267.8
-128590
-83378.1
414038
-31169.4
-46241.9
-45811.7
-53132.4
-46241.3
-46241.2
-46239.7
-30797.5
-54079
-56938.2
-28689.6
-38925.5
-53000.6
-35095.6
-121735
-53767.3
-28838.5
-46242.9
-27680.2
-62835.9
-53438.2
-59453.6
-28924.6
-63564.4
-22491.2
-175110
-46243.6
-54928.2
-27019.6
-30684.1
-28217.3
35114.7
-30714.5
-46212
-59058.8
-28832.9
-51840.5
-29718.3
-63070.9
-30868
-62159.7
-46305.3
-27890.9
-52266.8
-30162.9
-26001.3
-52030.1
-53696.4
-51337.4
-29852.6
68629.9
-52069.8
-30913.4
-25868.8
-29656.7
-63193
-30641.3
-50282.3
-52740.8
-24062.5
-53718.4
-29058.5
-52532.1
-28608.4
-55002.2
-26704.2
-46242.1
-53819.8
-50404.6
-31310.3
-60131.2
-60807.5
-61231.7
-27719.9
-60314.3
-15380.8
-53356.2
-106269
-55219.3
-27995.6
-53524.4
-50936
-41390.8
-46238.4
-46242.6
-31162.7
-29639.6
92211
-46238.9
-56027.3
-64027.1
-27456.4
-54081.9
-60444.3
-26869.2
-54879.9
-85301.3
-46244.6
-40047.3
-46241.4
-55170.6
80296.9
-58715.5
-109057
-46324.5
-59067.8
-46234.3
-49504.5
-56632.2
-31888.4
-52946.1
-54607.9
-21669.7
-22924.8
-27900.7
-55078.7
-53934.1
5375.2
-33790.2
-54082.2
-59482.7
-29954.5
-27033.1
-27139.1
-27588.1
-21908.8
102603
-54605
-25819.8
-57565.1
-54230.2
-54146
-45566.6
-45941.1
-472281
-30320.6
-46258.2
-116050
-32964.6
-53832.3
-46243.2
-73500.2
-56203.3
-41492.8
-53476.3
-59812.5
-117256
-73502.3
-8350.39
-45537.3
-53312.4
-54181.6
-20999.3
-73931.1
-46231.8
-38261
-35454.6
-53826.2
-46244.3
-46240
-57196
-46237.3
-46247.6
-47658.5
-53677.9
-48951.7
-46259.5
-46247.8
-32748.4
-45564.7
-53603.2
-55206.6
-60407.4
-46239.5
-58122.1
-53432.4
-56129.9
-30972.8
-45373.9
-64658.4
-46243.1
-53405.7
-46248.1
-46244.7
-46242.5
-60250.1
-54536.1
-45397.6
-54773.1
-59398.2
38890.1
-54081.2
-66096.8
-30471.9
-46247.3
-26680.3
-46263.3
-131432
-98218.8
-46248.4
-71537.9
-60934.8
-66482.5
-26417.4
-63737
-54779.5
-49430.6
-32325.2
-59825.2
-46159.3
-52391.4
-24086.1
-57547.5
-57211.9
-59639.3
-57930.3
-25727.8
-54393.7
-59543.4
-46233.4
-471742
-29912.7
-60287.4
102987
-57449.5
-23024.7
-29037.4
-46252.6
-18995.4
-57089.3
-28282
-46248.5
-76412.5
-46233.9
-46241.1
-46237.8
-46241.2
-20366.1
-12704.9
52499.5
-56605.4
-29831.8
-31805.2
-30729.5
-29022
-26590.7
-28467.6
-63253.6
-52908.6
-51836.2
-52753.7
-27292.2
-29715.5
-29190.5
-46241.7
-56809.6
-59159.7
-34405.5
-62492.8
-57544.7
-66038.5
-53382.2
-46242.9
-46232.7
-56009.7
-45812.7
-54027.1
-59227.5
-54912.4
-64248.1
-61477.3
-54009.7
20053.7
-36108.1
-46281.2
-65579.1
-59931.6
-134755
-76954
-51177.4
-55190.3
-59956.6
-53487.7
-46247.6
-101370
-129705
-61103
-26925.2
-54014.8
-53503.1
-42429.4
-53261
-37180.7
-25896.4
-46243.4
-54043.4
-37401.4
-58397.9
-46248.1
-46272.7
-53188.5
-53543.6
-57153.7
-54622.1
-62655.7
216600
-46237.9
-58818.4
-56703.3
-46123
-56666.7
-46177.3
-54547.8
-23006.6
-46238.1
-56637.2
163965
-55556.5
-55367.5
-57361
-46199.6
-53489.1
-46254.2
-53256.9
-66490
-116493
-53454.1
-45924.2
-12047
-54385
-123162
-46242.8
-49812.5
-50765.1
-54352.7
-45527.5
-59257.1
-55595.5
-54363.7
-61288.1
-52720.1
-51373.9
-53536.4
-67546
-46250.4
-66694.3
-53169.1
-57216.8
-53935.8
-53414.1
-30219.4
-29294.8
-46245.3
-53070.5
-32138.4
-46240.6
-53705.7
-45952.9
-59344.3
-46271.9
-29736.8
-27781.1
-56036.2
-25313
-62242.3
-46090.2
-28598.8
-53210.6
-52887.6
-59427.1
-28238
-54117.2
-58682.5
-46248.5
-46244.1
-43373.8
-42366.1
-46245.1
-45829.2
-14767.8
-54820.7
-25164.7
-28387.6
-66983.3
19726.6
-55252.2
-53337.4
-25004.4
-30791.4
-54724.4
-61702.8
-55669.6
-52553.6
-26730.8
-61211
-29587.7
-53167.4
-52391.4
-66023.7
-27124.9
-28831
-48528.4
-36935.1
-41204.4
-37883.3
-118458
-29793.8
-48962.6
-43995.5
-54540.3
-64082.7
-41543.8
-55361.1
-46378.2
-29737.6
-54035.4
-46241.7
-52963.4
-54691.4
-54655.3
-53275.6
-37264.7
-59955
-33488
-30145.1
-53134
-54549.4
-30991.6
-53611.1
-56149.9
-103988
-57077.8
-30189.1
-46250
-87276.1
-35743.5
-46242.8
-53184.3
-55600
-26056.8
-56001.6
-71534
-54848.5
-24642.6
-46218.8
-55142.6
-52958.4
-32312.4
-188514
-54008
-52453.2
-52682.6
18007.1
-28185.6
-46141.8
138833
-46232.7
-71218.3
-46236.3
136991
-46247.2
-55133.1
213915
-41458.7
-46248.6
-62025
-46241.4
-46195.5
-56542.5
-46241.5
8054.66
-45996.9
-53722.8
-46246
-65691.8
-73898.5
-53594.2
-46246.7
-56843.2
-47603.5
151420
-46239.7
-25661.5
-46233.4
-73884.1
-46240.6
-66641.5
150099
-46243.6
-104318
-77492.2
-55088.6
-31327.3
-47834.7
-28966.1
94634.3
-46228.1
-62740.1
-46220.6
-45803.8
-35106.4
-53995.5
-46221.9
-63523.5
-45892.8
-62236.4
-54431.6
-25279.4
-27204.6
-54352.2
-143297
-28458.6
-55930.2
-30820.6
-46249
-46249.9
-56881.7
91125.3
-59103.3
350.315
-55170.1
-46196.3
-46234.1
-2626.45
-2532.93
-57606.5
-32360.7
-56028.7
-24733.4
-27861.9
-45408.6
-46241.5
-46241.2
-38291.2
-6417.43
47414.1
-51135.9
-50868.9
-76615.8
-60347.3
-60158.8
-66138.3
-65506.8
-46241.5
-60253.9
-53151.1
-54095.1
-29038.4
218188
-46248
-54094.1
-55174.2
-54679.8
-46250.7
-56233.6
-30661.7
-64625.4
-46251.2
-61491.8
-196033
-46243.2
-46182.3
-46243.5
-46241.5
-46241.7
-46241.3
22442.5
-56442.8
-60297.6
-60116.8
-62128.8
-49441.1
-28319.3
-53422.4
-46247.4
-46225.7
-59850
-50985
-46243.5
-52816.3
-30772.5
-46256.1
-56036.6
-59500.1
-31367.3
-15820.9
-28549.5
-41051.7
-31384.6
-113987
-54071.9
-40839.5
-55779.9
-46247.8
-46506.5
-34365.1
-52487.1
-46226.7
-69786.5
-60122.3
-54233.7
-46238.2
-58786.9
-55554.9
-28978.9
-56086.4
-30101.7
-54514.3
-46239.2
-53825.6
-32182.7
-53097.7
-30624.9
-29899
-61469.2
-46248.4
-54580
-55912.4
-53602.7
-59223
-53757.2
104523
39635.3
-27316.5
47567.2
-52892.6
-56226.3
-53267.9
-28875.2
-53933.5
-30405.5
-53010.4
-53693.6
-50843.6
-45992.9
-46242.3
-33754.1
-28902.6
-29960.2
-53502.9
499599
-27943.9
-25783.3
-29401.7
-46375
-49574.5
45136.6
-39713.2
-23240.9
-53641
-46240.9
-56551
-52958.6
-26348.6
412644
-29073.5
-46241.3
-29125.6
499538
-54691.8
-56559
-59686.7
-46233.8
-53875.9
-30491.4
-55787.4
-193201
-54419.4
-46238.9
-54441.5
-46231.7
-28587.8
-30339.7
-4880.94
-53244.4
-53435.1
-53716.3
-46242.6
-58485.5
-40618.8
-62875.3
-52223.7
-130836
-51984.5
-51232.5
-53789.6
-58657.8
-66032.8
-27876.7
-54641.8
-28298.2
-54748.8
-46239.9
-41791.3
-16004.6
-57105.1
-9255.57
-41595.4
-11075
-28268.8
9015.1
-19533.1
-53085.4
-54094
-24637.7
-54038.3
-46248.2
-46234
-46242
-46465.1
-56110.1
-46241
-46248
-54439.3
-77248.6
-46243
-136142
-56238.4
-46141.3
-52959.5
-63059.5
-59401.8
-210141
-54928.8
-62738.4
-23559.6
-47445.3
-42027.1
59829.6
-53016.1
-29751.1
-46180.9
-57877.2
-53924.8
-53710.1
-54568.7
-54576.3
-46241.8
-46369.3
-57090.4
-46231
-46247.2
-203521
-16278.7
-46241.7
-53715.4
-46236.2
-54352
-60415.4
-46247.5
-53880.2
-31059.9
-57173.4
-30882.1
-41922.9
-6359.57
-6357.66
-28885.6
-28189.4
-53813.7
-57973.5
-53983.3
-64356.4
-46243.5
-28711.6
-46248.6
-47967.5
35680.5
-52486.5
-53510.6
-46503.7
-41619
-29679.3
-25911
-46243.2
-46243.1
-46243.3
-46235.6
-46235.3
-46235.1
-46227.4
-47757.4
-195786
-177937
-196462
-241668
-27511.9
-15711.2
-18220.6
-28068.8
-14426.1
-22823.3
-18235.5
-23765
-10050.3
-10033.1
-21762.4
-36550.8
495405
-74887
-143831
-128311
-136605
-98122
-80107.9
-122492
-97452
-54567.1
-58158.9
-69520.6
-78435.2
-26772.9
-45931.6
-25956.8
-46186.6
-60270
-26330.3
-46186
-45865.5
-46194.3
-45908.4
-46237
-46232.6
-46224.7
-46242.3
-46240.7
-46246.8
-46242.2
-46249.7
-46252.8
-46251
-46249.6
-46272.5
-46274.1
-46264.7
-46244.8
-46060
-45939.7
-46086.6
-46090.6
-45923.6
-45437.5
-45415.4
-179188
-194280
-63843.4
-81041.9
-147473
-136671
-54245.1
-52549.5
-55353.3
-55756.4
-55285
-54143.2
-55575.8
-55559.1
-54685.1
-55559.6
-52424.8
-57118
-56919.5
-52439.1
-53370.4
-53812.9
-53913.3
-53857.6
-53756.2
-53594.8
-53835.4
-53926.2
-54510.1
-54284.6
-54496.7
-54704.8
-54868.4
-55155.9
-54776.7
-57693.6
-57484.7
-57371
-58521.5
-60524.2
-59494.9
-58063.1
-65730.5
-67663
-65107.6
-66084.1
-67532.7
-66327.2
-67924.4
-68280.9
-68287.9
-69686
-69541.8
-68823.6
-71676.6
-70401.4
-73897.7
-58661.5
-54081.1
-57861.9
-66016.3
-49449.8
-47173.9
-48140
-20081
-20978.5
-12158.3
23541.4
25100.5
23499
-20733.7
73426.7
20275.2
87478.1
100592
89257
-23261.9
55217
65737.5
79216.6
78643.1
12336.5
9021.95
1216.17
-13335.2
-7052.86
-13588.2
-13680.2
-5071.84
-13587.9
-30875.6
-28905.5
-28382.3
-15182.9
-21560.8
-18883.8
-17345.2
-30202.9
-14523.9
-30271.4
-26889.1
-33233.9
-32659.4
-26136.4
-26151.5
-26040.2
-25679.5
-23475.5
-18603.3
-72482.4
-73021.6
-108225
-64512.6
-66061
-69453.2
-61251.8
-67838
-131429
-113269
-107174
-52712.8
-78535.4
-67815.3
-57831.1
-49494.1
-60236.5
-37802.3
-471203
-473859
-235819
-473736
-471938
-249386
-472629
-764261
483490
-752697
390340
307558
-136633
-506187
-320079
-347375
-57472.7
-293531
-291481
-78228.8
-129044
-139856
-46499.5
-38674.7
-41045.7
-41643
-41063
-41737.5
-41441.5
-41088.5
-41408.6
-41847.2
-39102.3
-54655.4
-52366.5
-58818.6
-56651.4
-55452.7
-56092.7
-55313.9
-54855.1
-55044.5
-54937.1
-54846.1
-54582.2
-54852.3
-54600.4
-54650.4
-54959
-54668.3
-53988.8
-54136.6
-54052.6
-54505.9
-54687.9
-46229.7
-46252.5
-46295.1
-46046.8
-45920.4
-45897.8
-45764.7
-45842.5
-45891.4
-45946.1
-45883.1
-46209.8
-46202.5
-46186.7
-46224.4
-46172.7
-46186.8
-46219.4
-46169.6
-46267.1
-46262.5
-46218.7
-46261.5
-46257.6
-46242.4
-46265
-46211.1
-46207.7
-46262
-46245.4
-46246.7
-46242.3
-46247.7
-46248.3
-46248.4
-60487.8
-46244.1
-46245.4
-46243.7
-46243.4
-46247.2
-46244.6
-46243.2
-46247.1
-46241
-46232.4
-46081.3
-45907.1
-46050
-45328.2
-45346.1
-45883.2
-45920.6
-53851.3
-53586.3
-53822.4
-54387.1
-54530.7
-60374.3
-68741.4
-69794.5
-49215.8
-146619
-58240.9
-45427.4
-10992.9
-19306.3
-19401.3
110069
104619
79730.3
51039.8
-10889.8
-44856.9
-33984.7
-23798.3
-22439.3
-13960.3
43709.5
-32184.5
-208550
-58040.6
-91383.5
-61453.8
-59452.5
-63127.4
-66843.6
-48996.8
-102435
-48800.9
-472309
-473926
-473829
-742711
-164220
-291263
-94473.6
-118662
-84241.8
-47761.9
-46246.6
-41740.4
-41892.9
-41278
-41094.9
-56675.9
-55175.4
-54574.5
-54637.4
-55242.7
-54722
-54803.9
-55764.6
-54665.9
-54085.7
-54198.4
-54032.7
-46165.1
-45700.9
-45918.3
-46245.6
-46221.7
-46170.9
-46226.5
-46171.5
-46216.7
-46270.5
-46279.2
-46282.3
-46250.5
-45933.3
-46242.5
-46248.1
-46247.9
-46245.8
-46247.5
-46251.1
-46243.2
-46246.8
-46244.4
-46241.7
-46237.9
-46237.4
-46238.3
-46238.2
-46238.4
-46238.8
-46239.2
-46240.1
-46245.7
-46242.3
-46240.6
-46241.6
-46240.3
-46241.2
-46241.1
-46240.4
-46244.1
-46244
-46244.1
-46244.6
-46242.9
-46242.9
-46247.2
-46242.9
-46241.2
-46279.6
-46267.7
-46291.5
-46281.7
-46278.8
-46179
-46159.1
-46087.6
-55003.1
-55318.6
-56255.3
-55824.1
-55974.6
-78350
-65609.1
-66745.9
-72543.8
-127909
-110703
-122006
-64364.8
-130893
-53246.3
-52370.2
-52812.6
-53580
-53575.9
-53373.2
-53232.8
-54085
-53583.5
-54159.7
-54317.7
-53647.5
-54072.7
-54892.7
-54573.1
-55035.8
-54776.2
-54834.7
-55177.7
-55188
-55310.6
-55107.3
-54928.9
-55898.2
-55720.3
-56339.4
-56506.7
-54460.8
-56222.7
-55852
-56670.3
-57057
-56607
-58227.3
-58369.6
-58492.3
-59030.9
-58995.5
-58976.7
-59343.8
-59318.2
-59465.2
-60824.9
-59909.4
-59271.2
-62472.1
-60143
-62030.1
-60909.1
-61780
-60487.7
-28250
-21874.5
-24254.3
-16800.6
-18297.4
-3967.99
-8129.3
-17484.5
-19980.8
-12767.2
-28274.8
-15958.7
-15297.2
-27804.1
-21797.8
35899.2
-16592.7
-53676
-40322.5
-55215.1
-36381.7
-45788.6
-38101.6
-33443.6
-6600.27
-29419.3
-31925
-29441.2
-30029.3
-31830
-31242
-32472.3
-31840.8
-32442.6
-30276.6
-29254.3
-27981.6
-28080.6
-27438.5
-32070.9
-27404.4
-27283
-27937.1
-29376.7
-28591.3
-27266.3
-25188.6
-49547.9
-24532.1
-25413.1
-24574.1
-31846.1
-27779.5
-62561.7
-89885.1
-58299.1
-73684.6
-142094
-107708
-103354
-91083.4
-67182.3
-62550.9
-67472.2
-65767.2
-64744.3
-70308.1
-61031
-62917.3
-64731
-71593.5
-58940.8
-68986.5
-73267.3
-69800.3
-80911.5
-49473.4
-69049.4
-476707
-230278
-54377.1
-172359
-194151
-81541.5
-129267
-54359.5
-194838
-91257.8
-80782.2
-96177.2
-69522.3
-71017.7
-58952.2
-85585.7
-57405
-57298.4
-52534.9
-54262
-52538.4
-51059.2
-51018.3
-50953.6
-50743.8
-50980.9
-51367.2
-50818.9
-51004.7
-51205.6
-50655.2
-51681.5
-50727.1
-51414.5
-52698.9
-51884.2
-53704.7
-52029.7
-52537
-53168.5
-53402.3
-53160.1
-52955.5
-53163
-53282.2
-53361.9
-53259.8
-53832.8
-53536.7
-54326
-53396.6
-53190.4
-53428.4
-46928.4
-45712.2
-46967.8
-46329.6
-46357
-46339.8
-46332.2
-46330.7
-46320.3
-46243.1
-46198.5
-46180.5
-46249
-54399.8
-46238.2
-46225.7
-46246.6
-46243.6
-46242.4
-46242.5
-46243.3
-27014.3
-46243.9
-46243.2
-46243
-46244.5
-46240.7
-46240.1
-46249.6
-46240.8
-46241.1
-46238
-46242.9
-46243.9
-144474
-25221.3
-25870.5
-56974.7
-56592.4
-56175.9
-46241.6
-46241.3
-46242
-46241.7
-46238
-46240.4
-46241.1
-46240.2
-46240
-46240.3
-46241.6
-46241.5
-46241
-46241.1
-46241.3
-46241.4
-46241.2
-46240.2
-46242.8
-56764.9
-46242.1
-46240.8
-46241.4
-46242.6
-46281.6
-46274.6
-46266.7
-46275
-45739.9
-46159.6
-66450.8
-54873.7
-55833
-56008.9
-55672.8
-55584.8
-55708.9
-55967.1
-56426.1
-64783.2
-74143.1
-60351.4
-63403.6
-56378
-60707.8
-65506.2
-53427.5
-52804.5
-52932.9
-53649.4
-53661.5
-53853.9
-53804.9
-53868.5
-53197.5
-53740
-52754.9
-54222.7
-54088.6
-53704.1
-53645.4
-53873.5
-53692.3
-53401.1
-53651.4
-53672.4
-53664.7
-53576.1
-53749.7
-54119.9
-53392.7
-53633.6
-53691.9
-54502.2
-53693.8
-53438.5
-53886.5
-53194.6
-53750.3
-54192.5
-56719.2
-54468.5
-53713.6
-54172.2
-60692.6
-57297.5
-54596.5
-54578.2
-54718
-54578.8
-54593.3
-54695.3
-54529.1
-54412.2
-58901
-62761.4
-56144.2
-60277
-27577.4
-28729.4
-61319.2
-61742.7
-62768.5
-38739.4
-63666.5
-40428.5
-34662.6
-25655.4
-28393.4
-26091.5
-7287.09
-23712.6
-32463.1
-28074.8
-25543.9
-23958.9
-25742.7
-25352.7
-24950.8
-24943.3
-27850.8
-27160.5
-24909.9
-25104.7
-28403.1
-20218.6
-25988.4
34393.6
-20656.2
-19284.2
20722.4
-5310.14
-32796
-32761.1
-30918.5
-32067.4
-22683.3
-31726.7
-29868.2
-32739
-33367.2
-31451.6
-33791.5
-29143.9
-31858.5
-33150.4
-30074
-31002.5
-32393.4
-32355.5
-25109
-32802.6
-30255.5
-30457.6
-29567.1
-29427.2
-29610.2
-28232.2
-28250.5
-28404.4
-28013.7
-28496.3
-28101.8
-29973
-29542.2
-27732.5
-28204.8
-27467.8
-27917.3
-27111.6
-27818.1
-26345.9
-26474.4
-26071.1
-25855.6
-25153.1
-25893.5
-60650.4
-28287.3
-82676.6
-59704.2
-59418.2
-60282.3
-59195.4
-60928
-74069.5
-59994.1
-60527.2
-66353.4
-60631.3
-61317.7
-60958.6
-59489.6
-57530.5
-62303.1
-64811.5
-60146.5
-60792.8
-58947.6
-47840.6
-74556.8
-74502.1
-74168.1
-82810.2
-64592.1
-76995.1
-62600.1
-62699.5
-61728.5
-63604.4
-60784.5
-59835.4
-59297.2
-57489.5
-58533
-57123.7
-59346.8
-55383.3
-50733.6
-53755.9
-56094.7
-53571.4
-50801.3
-50820
-52623.9
-52632.3
-50755.4
-52664.8
-52738
-52607.6
-52804
-53309.3
-52752.6
-50912.3
-52685.2
-53045
-52923.7
-53043.6
-52614.9
-52555.1
-52725
-53948.1
-53542.3
-59928.1
-52569.2
-51948.7
-53057.1
-52812.7
-53080.8
-53197.7
-52840.9
-53036.8
-53067.8
-52839.8
-53374.1
-53231.9
-53620.4
-53449.6
-53494.7
-53126.4
-53357.5
-53294.4
-53520
-53848.7
-53189.9
-53105.9
-46203.6
-66125.1
-46159.3
-46104.4
-46306.4
-46192.7
-46323.2
-46142
-46229
-46238.7
-46227.2
-46181.3
-46244
-46252.4
-46245.1
-46241.4
-46240.5
-46240.8
-46241.2
-46241.2
-46244.9
-46242
-46243.8
-46241.8
-46244
-46241.1
-46240.5
-46242.9
-46239.9
-46250
-46238.4
-46241.9
-46241.1
-46238.6
-62217.8
-60073.3
-30128.9
-25630.9
-29282
-29680.2
-26356.6
-25705.1
-26537.1
-56216.3
-55931.3
-27538.9
-55559.5
-56090.8
-61806.7
-55323.2
-57240.4
-56619.7
-46238.9
-46240.4
-46241.3
-46239.8
-46264.8
-46200.3
-46259.1
-46187.6
-27481.8
-28285.2
-28065.8
-27984.5
-21834
-46241.3
-46240.7
-46239.9
-46239.8
-46236.3
-46241.8
-46242
-46240.7
-46239.9
-46241.1
-46242.2
-46241.3
-46241.7
-46240
-46241.9
-46243.9
-46272.4
-56023.8
-56678.5
-55883
-56947.4
-60622.6
-59397.9
-59862.6
-60393.9
-53885.3
-55970
-54894.3
-53488.3
-53621.6
-53747.3
-53859.7
-53740.3
-53753.6
-53310.9
-53742.1
-52679.1
-52720.5
-53700.1
-53500.9
-53285.4
-53691.9
-52216.1
-52554.1
-51549.8
-53057
-53189.6
-53555.3
-52176.7
-54578.7
-52725.6
-52566.1
-55043.1
-54171.7
-55850.2
-46239.8
-46240.1
-61672.5
-61624.4
-62179.6
-61642.8
-57798.2
-54330.3
-36668.6
-37364
-37998.3
-31395.3
-30953.1
-30073.1
-25287.9
-29877.5
-25727
-25783.4
-24551.3
-26066.9
-25409.2
-27442.1
-24983.7
-27312.3
-31090.9
-30075.4
-29288.2
-29895.5
-32008.8
-30485.9
-30876.7
-30762.7
-29709.3
-29715.3
-28738.1
-29043.7
-29766.5
-58676
-58987
-59794.6
-29358.2
-28522
-28236.3
-30063.8
-27521.4
-27492.1
-26391.4
-61138.3
-61424.5
-61410.3
-59278.4
-60536.8
-61204.3
-60315.3
-58234.5
-46270.9
-46232.9
-46249.8
-46255.2
-46243.7
-46242.5
-46241.6
-46241.3
-46242.6
-46241.9
-46241.3
-46243.3
-46243
-46240.3
-46240
-25282.9
-60656
-62117.1
-62125.9
-56400.3
-46239.4
-62048.1
-67718.6
-46174.8
-63892.3
-30143.1
-29756.7
-46241.2
-46243.4
-29519.5
-27113
-27953.2
-28234.7
-57109.5
-61708.2
-61083.5
-59658.5
-81724.4
-72903.4
-53883.4
-53511.7
-53253.6
-46316.6
-46311.6
-46253.3
-46246.9
-46244.1
-46246.5
-63096.9
-56914.8
-46242.1
-46242.1
-46258.9
-54594
-53802.4
-46241.1
-56139.4
-56084.3
-22399.2
-27561.7
-25806.7
-31727.3
-23476.7
-56004.5
-60658.3
-30166
-40244
-29205.4
-60511.9
-61698.3
-61677.2
-59350.1
-56693.4
-52837.5
-52933.5
-53536
-46241.9
-46232.2
-46237.8
-46242.5
-46241.3
-60775.3
-59749.6
-46253.9
-59777.7
-52816.7
-52248.7
-46241.2
-52991.2
-61301.2
-27100.4
-26216.7
-46241.7
-46240.6
-58961.2
-46235.4
-46234.7
-161551
-16056.8
-9898.87
-46239.6
-95515.4
-76081.4
-71648.5
-46241.1
-46192.4
-25618.9
-45942.9
-46061.4
-55508.6
-46241.3
-53647
-46240.3
-69004
-10959.7
42050.5
43555.3
-19305.4
-77823.9
-60078.7
-62733
-52916.7
-235934
-40731.7
-53216.7
-56145.4
-52962.2
-52837
-54734.8
-54531.8
-55039.5
-53986.6
-46167.1
-52455.6
-45901.9
-45920.5
-45870.5
-46165.9
-52716
-46211.8
-52710.2
-46247
-46233.6
-45906.9
-46265.6
-46247.9
-45931.3
-46244.5
-87089.5
-56776.7
-60672.7
-53307
-54064.4
-46216.2
-46338.8
-46248.7
-59551.9
-46244.9
-46209.1
-46096.6
-53733.6
-57497.6
-57811.9
-23015.1
-27970.6
-21182.6
-66888.3
-56145.3
-57607.5
-75675.8
-58394.3
-51479.4
-53532.6
-53241
-47003.4
-46338.2
-46224.7
-46210.3
-46244.5
-60173.1
-46241.1
-46244.2
-56702.4
-46240.4
-62405.8
-46241.2
-46242
-53478.6
-60830.1
-53648.6
-53973
-54300.3
-56036.9
-57707.7
-55733.8
-35932
-23521.5
-21133
-46240
-46239.7
-46239.9
-46240.9
-61146.1
-63699.9
-63274.2
-62904
)
;

boundaryField
{
    Wall
    {
        type            zeroGradient;
    }
    Inlet
    {
        type            zeroGradient;
    }
    Outlet
    {
        type            fixedValue;
        value           uniform 0;
    }
    Empty
    {
        type            empty;
    }
}


// ************************************************************************* //
