/*--------------------------------*- C++ -*----------------------------------*\
| =========                 |                                                 |
| \\      /  F ield         | OpenFOAM: The Open Source CFD Toolbox           |
|  \\    /   O peration     | Version:  2312                                  |
|   \\  /    A nd           | Website:  www.openfoam.com                      |
|    \\/     M anipulation  |                                                 |
\*---------------------------------------------------------------------------*/
FoamFile
{
    version     2.0;
    format      ascii;
    arch        "LSB;label=32;scalar=64";
    class       volScalarField;
    location    "0.49995";
    object      p;
}
// * * * * * * * * * * * * * * * * * * * * * * * * * * * * * * * * * * * * * //

dimensions      [0 2 -2 0 0 0 0];

internalField   nonuniform List<scalar> 
10855
(
4.20164
4.74685
5.40806
5.65291
5.36317
4.56923
3.32979
1.56141
4.09265
4.29464
4.50727
4.6341
4.44893
3.82587
2.84849
1.58315
1.47322
0.147187
1.54209
0.845016
4.64732
4.07241
4.21997
0.206873
1.57891
1.00161
3.83353
4.02296
1.51888
0.839943
1.46934
0.146674
4.13032
4.1464
4.24733
4.17586
4.62032
4.46351
4.71904
5.30435
4.62058
5.38027
5.62346
4.53458
5.63176
5.40824
4.01901
5.34888
4.67945
3.12488
4.55992
3.49916
2.01499
3.32367
1.79606
0.995439
1.5583
0.20604
4.04265
3.81648
4.17267
4.12153
5.33249
4.272
4.44287
5.64556
4.48784
4.61043
5.42339
4.62926
4.52963
4.68938
4.44249
4.01388
3.50572
3.8194
3.12039
1.79936
2.84277
2.01163
4.14168
4.5565
3.8869
4.06655
4.64114
5.17382
4.12618
4.32025
5.24505
5.46802
4.39634
4.58397
5.47489
5.24286
4.59725
4.49837
5.18297
4.51571
4.40851
3.97411
4.397
3.3467
3.78038
3.07806
3.17474
1.70724
2.80514
1.93195
4.3051
4.32418
4.21161
3.96953
4.64536
4.03652
4.22616
5.0041
5.1081
4.43703
5.48807
4.54177
4.67687
4.56719
5.55503
5.99111
6.1378
5.1489
4.94083
5.02754
5.06249
5.60111
6.20658
6.13215
5.22983
5.14331
5.12558
5.25351
5.11647
5.84181
5.56194
4.83989
4.89576
4.75995
4.98167
4.15213
4.94789
4.48771
4.00025
4.18734
3.94597
4.25069
2.7357
3.56219
2.86764
2.76492
3.10758
2.78783
3.13131
1.11025
0.834087
1.33079
1.84486
0.978997
1.35183
1.86925
3.90113
4.08471
4.11771
4.53031
4.13689
4.32673
4.61429
5.1474
4.39746
4.59016
5.21904
5.447
4.60677
4.49457
5.45474
5.22802
4.40689
3.96557
5.16893
4.50525
3.7724
3.06222
4.38717
3.33956
2.79057
1.9097
3.16804
1.70314
4.03112
4.13676
4.36771
3.83396
4.61249
3.88095
3.89688
1.00734
0.795054
1.47226
1.41162
1.00416
0.757091
0.432041
0.420382
0.875839
0.571142
0.622147
0.841495
0.676661
0.609494
0.719602
0.569833
4.29653
4.43621
4.99192
4.27836
4.67299
4.18685
4.39268
4.4222
4.80313
4.58441
5.11999
4.85284
4.70271
4.02369
3.82474
4.11475
4.35249
3.87181
3.88889
4.59579
3.93455
4.53262
3.97654
4.72792
3.93808
4.65781
1.73897
0.526991
0.236028
0.504871
1.10814
1.26715
1.95119
2.31205
1.42032
1.4038
2.69666
2.00336
0.649078
0.880952
4.05945
1.64832
1.00982
0.685589
1.62646
0.782713
1.59187
1.44823
1.74031
2.28958
1.83724
2.10681
1.08643
2.63512
2.83058
1.38739
3.46504
3.3595
3.3275
3.78105
3.5241
3.43342
3.47236
3.50229
3.88172
3.47879
3.68879
3.6052
3.50071
3.77372
3.75853
3.8988
3.69708
3.72578
3.67782
0.569734
0.84105
0.663231
0.620126
0.576641
0.599547
0.723766
1.00819
1.46724
0.79224
1.4111
1.00193
0.755749
0.41466
0.429187
0.871349
3.92757
3.61322
3.56331
4.04062
4.01691
3.90449
3.94401
4.54527
3.98675
4.73841
4.67096
3.94399
4.29207
3.96468
4.30194
4.17855
4.01894
4.21469
4.6177
4.27852
4.25945
4.41018
4.95483
4.16948
4.37022
4.64207
4.41165
4.77579
4.57559
5.08296
4.6775
4.82454
4.07959
4.80236
4.90208
4.02398
4.18003
5.06917
4.96524
4.28493
4.65396
4.41741
4.97539
5.06909
4.54807
4.51694
5.44612
4.80239
4.8143
5.07287
5.8656
4.69222
4.9289
5.58302
5.06489
5.21889
4.85482
5.52111
5.20351
5.92095
5.42159
5.64556
4.4723
5.12344
5.20478
4.36695
4.52807
5.28413
5.24254
4.5922
5.13063
4.92501
5.52941
5.95185
5.01231
5.04271
6.10223
5.19554
5.11808
5.57266
6.17608
5.0788
5.23122
6.1408
5.67725
6.01198
5.51164
6.17352
5.72388
6.2621
5.80911
6.21487
4.61509
5.29604
5.26808
4.61568
4.60157
5.15063
5.24866
4.52477
5.2164
5.13108
5.58261
6.17617
5.11429
5.23914
6.10501
5.16438
4.9929
5.55688
5.89225
5.06884
5.08203
6.06828
5.80884
6.26606
5.81266
6.20774
5.77062
6.01098
5.67599
6.17474
4.3148
5.09818
4.92617
4.4721
4.2246
4.59475
4.83966
3.99105
4.8293
4.88769
5.10416
5.81975
4.75249
4.97062
5.54252
4.66066
4.39822
5.01303
5.06748
4.58948
4.46322
5.43714
5.4163
5.94241
5.59829
5.67587
5.30269
5.2102
5.04082
5.57351
3.56815
4.47722
4.16881
3.8672
3.41705
3.66707
4.02498
3.07015
3.99142
4.1821
4.14394
4.93205
3.9411
4.2416
4.47423
3.72442
3.39718
3.99711
3.75581
3.68042
3.42225
4.30855
4.56616
5.07661
4.89555
4.6225
4.39509
3.91378
4.01627
4.45916
2.5372
3.50138
3.11465
2.89929
2.3511
2.54773
2.92389
2.05712
2.75802
3.10402
2.73059
3.55205
2.78463
3.1238
2.85943
2.46825
2.11542
2.51831
1.61101
2.47919
1.98251
2.56549
3.42906
3.7153
3.82676
3.06551
3.23083
2.05316
2.87383
2.79707
1.64255
0.687049
1.60958
1.00099
1.43648
0.785097
1.57277
1.7276
2.28144
2.09664
1.82501
1.07618
2.61178
1.37904
2.80422
1.10688
1.84156
0.832133
1.32769
1.35094
1.86374
0.974322
1.73284
0.50103
0.524531
0.234573
1.26272
1.9449
1.10121
2.30984
1.41798
2.6941
1.39829
2.00006
0.644857
4.04831
0.875951
3.47503
3.35438
3.51717
3.90195
3.47025
3.69483
3.92274
3.78817
3.51283
3.68513
3.73057
3.76962
3.50183
3.32191
3.42727
4.03806
4.04942
3.90902
3.61239
3.91733
3.55855
5.10189
5.9058
5.62466
4.82496
4.83147
4.71022
4.94963
5.25837
5.56238
4.87899
5.09555
5.96134
5.68608
5.23152
5.44985
4.79501
4.02366
4.89759
4.08961
5.06881
4.96347
4.19267
4.3048
5.59746
6.20748
6.17538
5.21249
5.13139
5.09285
5.24683
6.05131
6.20845
5.70199
5.53809
6.29269
6.24864
5.74713
5.82981
5.12494
5.20795
4.49579
4.38624
5.29156
5.2479
4.55153
4.61788
5.57437
5.91515
6.09436
5.17683
5.00202
5.07883
5.09389
6.29557
6.23382
5.82526
5.83186
6.03229
6.19969
5.78575
5.68846
5.30381
5.27623
4.64154
4.64115
5.15843
5.25653
4.62739
4.55094
5.02458
5.08397
5.45584
4.67057
4.40423
4.59596
4.47281
5.96269
5.69312
5.42554
5.60981
5.22437
5.5899
5.3112
5.04727
5.10543
4.93333
4.33997
4.4975
4.60195
4.84627
4.24875
4.01456
4.00478
3.76654
4.32137
3.73278
3.40117
3.68471
3.43023
5.09047
4.63467
4.57056
4.90158
3.9237
4.47077
4.39932
4.01938
4.48379
4.17619
3.58966
3.88953
3.67469
4.03157
3.43736
3.08943
2.52301
1.61549
2.1178
2.57281
1.98784
2.47472
2.48232
3.72466
3.07304
3.43145
3.82988
2.05782
2.80343
2.876
3.23341
3.50803
3.12211
2.55435
2.91748
2.55667
2.07112
2.93086
2.36718
4.26045
4.24313
4.23476
4.15459
4.11533
4.38436
4.20107
4.85446
4.82449
4.88664
4.5203
4.58092
4.97992
4.78393
5.50982
5.4595
5.65452
5.04412
5.09822
5.70792
5.46467
5.75387
5.64008
5.89116
5.29198
5.29544
5.87515
5.77367
5.4605
5.28574
5.5663
5.0751
5.01824
5.48353
5.54706
4.66623
4.43429
4.7245
4.37608
4.26696
4.58286
4.80718
3.50617
3.13848
3.41246
3.30989
3.16808
3.20777
3.68199
2.13623
1.29792
1.46826
2.00431
1.13868
1.84187
2.32154
4.29258
4.34967
4.4732
4.07308
4.51504
4.16638
4.21641
4.66447
4.55088
4.64505
4.44289
4.68673
4.52343
4.5807
4.81981
4.62478
4.74953
4.6581
4.72697
4.65202
4.81779
4.54606
4.33167
4.51493
4.4656
4.39086
4.34506
4.6586
3.83522
3.61027
3.87821
3.83025
3.66139
3.61375
4.05002
2.79773
2.58496
2.91819
2.85795
2.62514
2.59756
3.09261
1.37859
1.45142
1.8316
1.64148
1.25474
1.49586
2.00887
1.524
1.44231
1.23813
1.9612
1.22408
1.67495
1.7988
0.305029
0.133545
-0.314341
0.705307
-0.332885
0.618407
0.395927
4.60633
4.58087
4.77907
4.43682
4.39356
4.67295
4.69542
4.09569
4.00284
4.17951
4.41744
3.9229
4.1323
4.3803
0.500606
-0.275723
0.242484
0.788067
1.03393
-0.255802
0.37976
1.38002
1.63893
1.44917
1.84622
1.49686
2.01149
1.26461
3.41452
3.62756
3.39833
3.69017
3.79991
3.63475
3.56487
3.4672
3.47552
3.65852
3.72321
3.83589
3.96733
3.96136
4.03421
3.84431
3.97531
3.90568
1.52361
1.95986
1.4392
1.23468
1.67455
1.22137
1.79734
0.30484
0.707103
0.13325
-0.316219
-0.334668
0.620344
0.395486
3.90717
4.04754
4.15618
3.82325
3.90971
3.83267
4.07302
4.1099
4.04126
4.07702
4.19205
4.00533
4.1517
4.21212
4.10878
4.20187
4.43769
4.00705
4.39888
3.92679
4.13932
4.2335
4.1327
4.22208
4.21399
4.09711
4.35816
4.18463
4.58141
4.42027
4.55392
4.74751
4.37692
4.64728
4.66374
4.38755
4.40217
4.60538
4.35382
4.55633
4.25905
4.48315
4.82755
4.5027
4.79659
4.85349
4.56341
4.9464
4.75698
5.28411
4.96874
5.23843
5.54037
4.90577
5.34278
5.46874
4.73769
4.59693
4.74726
4.63539
4.72608
4.59031
4.78826
5.48368
5.02603
5.43234
5.62151
5.08119
5.67571
5.43733
5.72301
5.27391
5.61984
5.86037
5.25621
5.72072
5.85851
4.79549
4.5954
4.61051
4.55625
4.68297
4.61979
4.74094
5.73531
5.2797
5.61977
5.86575
5.28409
5.85065
5.75385
5.64196
5.12847
5.4692
5.61314
5.16966
5.57246
5.67888
4.40709
4.19029
4.07109
4.02625
4.24445
4.1993
4.23995
5.4498
5.06895
5.27203
5.54821
5.01266
5.46619
5.53546
5.02729
4.49103
4.80043
4.83845
4.588
4.89898
4.96551
3.6044
3.37376
3.17499
3.12935
3.43019
3.37711
3.34935
4.66118
4.37402
4.42527
4.71196
4.26515
4.57083
4.8017
3.98801
3.46557
3.67483
3.59258
3.60173
3.81889
3.77845
2.54384
2.26029
2.00861
2.04586
2.3688
2.28698
2.17413
3.50381
3.31
3.13264
3.40415
3.16828
3.19988
3.67956
2.67789
2.20644
2.05279
1.71123
2.36071
2.49148
2.00081
2.13483
2.00525
1.29533
1.46449
1.13554
1.8426
2.32003
0.500121
0.790142
-0.277412
0.241253
0.379958
1.0356
-0.258003
3.67901
3.74242
3.8526
3.98216
4.05667
3.98093
3.85441
3.92515
4.00527
3.39334
3.61972
3.62699
3.66516
3.7907
3.54803
3.38842
3.46458
3.46956
4.13254
4.09918
4.21688
4.06925
4.17451
4.23035
4.01792
3.88341
3.79614
4.03835
4.14426
3.88596
4.05937
3.80889
5.31243
5.26711
5.57414
4.98677
4.92459
5.37022
5.50292
4.07646
4.32651
4.45764
4.21194
4.50039
4.29116
4.17163
4.38199
4.5962
4.54477
4.38906
4.36333
4.26527
4.48849
5.74483
5.64279
5.88677
5.28673
5.27003
5.74126
5.88587
4.53643
4.63695
4.68179
4.67217
4.45369
4.53563
4.58568
4.58401
4.74357
4.72384
4.7457
4.64619
4.60155
4.79796
5.6555
5.485
5.63211
5.13538
5.1773
5.58499
5.69865
4.62011
4.74648
4.72555
4.83099
4.66634
4.65962
4.8281
4.58998
4.61165
4.68167
4.80646
4.56129
4.625
4.75217
5.03407
4.81077
4.85167
4.49362
4.59092
4.90517
4.97925
4.326
4.51627
4.39458
4.55647
4.46889
4.34805
4.66909
4.1827
4.07754
4.24827
4.41629
4.0266
4.19999
4.24866
3.99095
3.68167
3.60143
3.46578
3.60201
3.82171
3.78772
3.60554
3.88517
3.67067
3.84174
3.82909
3.61257
4.05718
3.36714
3.18702
3.43997
3.60941
3.12714
3.37444
3.35391
2.67954
2.05676
1.7155
2.20573
2.35987
2.49319
2.00566
2.58068
2.93067
2.63903
2.80105
2.85488
2.59509
3.09605
2.04383
2.25476
2.02273
2.17686
2.38294
2.54648
2.28364
4.28046
3.88787
3.92489
3.68055
3.81626
4.35057
4.11178
4.03423
3.89686
3.99999
4.8742
4.22789
4.31897
4.21504
4.09677
4.9632
4.52781
4.43264
4.31592
4.41348
5.38385
4.61808
4.68844
4.56315
4.49462
5.42493
4.76971
4.74144
4.61285
4.64228
5.42151
4.77333
4.74951
4.6249
4.64723
5.39496
4.61956
4.69841
4.57497
4.49657
4.93819
4.5132
4.37884
4.25568
4.38997
4.84779
4.03038
4.21836
4.09488
3.90849
3.98398
3.81814
3.57988
3.466
3.69854
3.83896
3.04003
3.32411
3.21468
2.94322
2.59145
2.75164
2.42203
2.35556
2.66051
2.38805
1.73721
1.71274
2.12236
2.05358
4.34898
4.31877
4.49555
4.20187
4.19584
4.40483
4.36675
4.3448
4.40903
4.62406
4.41218
4.43121
4.43641
4.32369
4.38611
4.54706
4.52242
4.54865
4.51348
4.42282
4.46425
3.96475
4.25936
4.08087
4.21029
4.13592
4.18814
4.04874
4.96531
4.92458
5.20115
4.72249
4.65584
5.10299
5.03352
4.90172
4.99733
5.22264
5.00357
5.10024
4.82886
5.10136
5.01105
5.32004
5.36811
5.31916
5.22163
5.08429
5.22585
5.59019
5.51912
5.80443
5.18756
5.1446
5.76873
5.6195
5.57226
5.78383
6.04454
5.8295
5.83962
5.52286
5.89415
5.65248
5.94042
6.10433
6.02151
5.90243
5.68499
5.97611
5.76912
5.63044
5.82854
5.27414
5.28531
5.86165
5.73232
5.82241
6.03591
6.18784
6.18525
6.0222
5.84216
6.17304
5.83866
5.97861
6.16828
6.14921
6.00953
5.80131
6.18039
5.40616
5.20941
5.30305
4.87113
4.94231
5.40138
5.30445
5.53333
5.72119
5.75488
5.94549
5.63995
5.62201
5.86046
5.48338
5.46094
5.66476
5.69629
5.55795
5.37893
5.79757
4.55598
4.30044
4.28559
4.01835
4.13777
4.44135
4.40442
4.74431
4.88368
4.80066
5.17218
4.74267
4.88955
5.02964
4.63968
4.44544
4.64957
4.75824
4.6005
4.4838
4.91159
3.35889
2.94523
2.76957
2.86005
3.00507
2.99671
3.17772
3.6027
3.57459
3.34711
4.00913
3.37306
3.77883
3.82893
3.469
2.93632
3.11064
3.48424
3.16156
3.29151
3.67322
1.92258
1.0544
0.811197
1.4589
1.11636
1.60453
1.75317
2.27088
1.58837
1.0681
2.62625
1.24272
2.3879
2.50491
2.12482
2.21401
0.770992
1.60017
1.21069
1.92331
2.38246
3.85195
3.80548
4.25675
3.67107
3.92229
3.81572
3.94631
4.10318
4.32516
4.01016
3.88596
4.15491
3.99004
3.99814
4.21221
4.84705
4.31009
4.20384
4.21778
4.08615
4.37644
4.51736
4.93596
4.4208
4.3114
4.58957
4.40438
4.4408
4.6072
5.35968
4.67808
4.55517
4.64384
4.48815
4.7479
4.76035
5.40153
4.7317
4.60633
4.81555
4.635
4.78231
4.76459
5.40365
4.74066
4.61881
4.64099
4.61113
5.37799
4.69012
4.56985
4.49137
4.50525
4.92576
4.3707
4.25158
4.38565
4.02265
4.83598
4.21072
4.09178
3.90534
3.81083
3.97534
3.57251
3.46403
3.69633
3.03317
3.83082
3.31715
3.21354
2.94201
2.74514
2.58566
2.41588
2.35487
2.65975
1.73243
2.38269
1.71273
2.11649
2.05322
4.02074
4.3048
4.46076
4.14107
4.37015
4.05005
4.21002
4.12372
3.94117
4.10293
3.82461
4.0972
4.17166
3.75305
1.52226
1.3582
1.15174
1.68625
1.31569
0.987467
0.772482
1.41266
0.952876
1.56979
1.17789
1.33719
0.715772
0.884822
1.18997
0.349214
0.114328
-0.376676
0.637503
0.838119
0.438888
0.394665
1.11026
0.409659
0.910081
1.00242
0.865458
0.334702
0.363106
0.940903
4.50294
4.48417
4.54274
4.28432
4.30892
4.44533
4.61477
4.65087
4.88152
4.89894
4.8797
4.71075
4.79806
4.76332
4.53336
4.56766
4.63412
4.79052
4.50631
4.69606
4.6777
4.27068
4.50444
4.7825
4.30817
4.56707
4.64201
4.83976
4.87012
4.65121
4.98024
4.51706
4.40654
4.49347
4.66222
4.29014
4.47239
4.70152
4.94893
5.19293
5.00738
5.0182
5.03828
4.93493
5.07691
4.93959
4.73745
4.89463
4.89353
4.94581
4.76942
4.84405
4.52301
4.69734
4.45415
4.74059
4.48457
4.72945
4.57727
3.98953
4.29394
4.11309
4.44459
4.36004
4.17919
4.02507
4.10956
3.93172
3.81734
4.0888
3.74424
4.15532
4.08529
4.00532
4.24418
4.28322
4.35929
4.52203
4.18276
4.61928
4.77416
4.24063
4.44227
4.4659
3.92106
4.12338
4.43001
4.16761
4.39377
4.43367
4.36258
4.72059
4.21239
4.71881
4.22888
4.69632
4.37908
4.46047
3.97673
4.15725
4.4799
4.14433
4.50041
4.47484
4.39123
4.22653
4.64701
4.67777
4.20667
4.34979
4.71455
1.39423
0.521325
0.619315
1.11758
1.40223
0.584513
1.07962
0.566188
0.31972
-0.350424
2.23965
1.50426
-0.142279
0.698956
1.72221
1.92379
1.01451
0.905763
1.61109
0.750203
2.21483
1.591
1.55282
2.42344
2.21723
1.77916
1.36287
2.17273
2.16274
1.20794
1.58388
3.00318
2.61414
1.48668
2.58892
2.99052
2.59685
1.88882
1.44832
2.80492
1.81523
2.60438
1.57496
2.65154
1.97906
2.43183
1.83183
2.19392
1.95278
2.95311
1.68457
2.87852
2.40113
2.43324
2.4557
3.34402
1.34239
0.946177
-0.579318
4.64861
-2.49786
1.37715
6.28258
3.88204
2.40785
1.23009
0.618334
1.76217
3.17535
2.82976
0.72273
0.971277
3.63602
5.27922
0.73276
1.12958
4.94352
1.89566
1.54727
2.02653
2.12862
1.76939
1.89044
2.22705
1.89587
2.17394
1.63258
2.30032
1.66937
2.20058
1.85461
2.27701
1.92261
1.99787
2.25469
1.93538
2.29057
2.23484
1.5231
1.54986
1.90541
2.09823
1.31522
1.83448
1.80696
2.64896
1.95636
1.4036
1.39165
2.59279
2.23383
1.44814
0.403223
3.85401
2.32722
0.57866
0.217823
3.68589
0.622638
0.663764
0.400909
4.32974
2.96668
0.597181
0.585863
4.40008
2.17094
0.887385
2.10249
1.34597
1.66641
1.09622
2.38527
3.39314
3.26202
3.11639
3.2656
3.50193
3.42269
3.38245
3.47571
3.35695
3.27032
3.25846
3.31769
3.35262
3.46538
3.35967
3.5177
3.48583
3.70251
3.74587
3.61491
3.54681
3.49647
3.67553
3.52178
3.27213
3.3783
3.19491
3.32836
3.19224
3.56051
3.31196
3.61258
3.38859
3.55357
3.62496
3.32695
3.47273
3.63996
3.55585
3.59304
3.42596
3.55352
3.54023
3.52054
3.61039
3.72607
3.74855
3.81714
3.77745
3.70451
3.77059
3.76353
3.37304
3.50945
3.42868
3.3472
3.37657
3.42869
3.3827
3.52962
3.68317
3.66567
3.60876
3.66977
3.4899
3.56457
3.61109
3.54124
3.58322
3.70957
3.50695
3.66906
3.64749
3.79363
3.87414
3.66463
3.74337
3.81484
3.64993
3.85999
3.80576
3.89598
3.87095
3.8604
3.80232
3.86828
3.85776
3.7305
3.58341
3.63672
3.747
3.59491
3.69989
3.80211
1.52033
1.35466
1.68411
1.14863
1.31572
0.984064
1.41198
0.770394
0.95032
1.17813
1.56898
1.33548
0.71324
0.881953
1.18872
0.348274
0.114099
-0.378554
0.638859
0.838941
0.436734
1.10988
0.392401
0.408194
0.910244
1.0029
0.86517
0.332277
0.361494
0.939698
3.81407
3.97335
3.72821
3.75027
4.01875
4.28177
3.98494
3.86047
3.92859
3.63409
3.69381
3.92403
3.87751
3.69165
3.81203
3.77302
3.56738
3.80422
3.621
3.75938
4.05202
3.86742
3.86319
3.99191
3.98418
3.8322
3.95836
3.85719
4.06198
4.0558
3.94029
4
3.95951
4.37567
4.24274
3.80487
3.89314
3.75101
3.77017
3.90677
4.16382
3.95304
4.29546
4.01553
4.25283
4.37229
4.53237
4.21535
4.63737
4.79399
4.27497
4.47797
4.47538
4.4392
3.93084
4.13244
4.40278
4.44347
4.17656
4.39831
4.73466
4.72898
4.25632
4.71038
4.26961
4.41627
4.42701
4.26323
4.65912
4.69368
4.73099
4.24557
4.38392
4.46736
3.98352
4.48626
4.16319
4.50729
4.15071
4.48142
4.33181
4.29329
4.18373
4.47014
4.17618
4.37975
4.34135
4.32769
4.38554
4.39122
4.5981
4.40763
4.29816
4.41311
3.94222
4.24878
4.20068
4.06262
4.17619
4.0287
4.11901
4.36091
4.52646
4.49501
4.52088
4.48751
4.39694
4.43855
4.47834
4.4585
4.26753
4.51335
4.29239
4.42327
4.58541
4.62852
4.84841
4.85161
4.86288
4.73613
4.68737
4.76611
4.51144
4.54349
4.60546
4.75814
4.48535
4.65328
4.66569
4.497
4.7678
4.25198
4.29207
4.54903
4.61843
4.81558
4.84037
4.63051
4.95793
4.49737
4.4785
4.64721
4.38922
4.68426
4.26909
4.45304
4.91922
5.15465
4.98755
4.97239
4.90686
5.04537
5.00058
4.49776
4.67838
4.7166
4.42667
4.70663
4.46048
4.5507
4.91334
4.71564
4.86251
4.86272
4.74314
4.82007
4.91157
4.59115
4.67622
4.09303
4.27339
4.67952
4.60343
4.26416
4.432
4.75705
4.8186
4.28173
4.27047
4.42407
4.77916
4.45773
4.29149
4.88215
4.844
4.30027
4.46323
4.8216
4.52689
3.99609
4.58989
4.18792
4.57872
4.51794
4.20025
4.69562
4.7734
4.1783
4.35375
4.7761
4.68046
4.36647
4.54041
4.98832
5.0474
4.34619
4.34977
4.54575
4.96749
4.50258
4.32365
4.98663
4.89389
4.31754
4.49733
4.91589
4.77557
4.27156
4.8766
4.46517
4.86601
4.4481
4.79242
4.93738
4.89599
4.70421
5.16601
4.63739
5.06815
5.00575
4.87641
4.96312
4.97277
5.18196
5.06534
4.80433
5.07065
4.98485
5.28613
5.28368
5.32624
5.18544
5.05781
5.19293
5.18013
5.14887
4.77412
5.28193
4.84103
5.11436
5.36949
5.33869
5.66501
5.69596
5.78989
5.61425
5.40217
5.59134
5.23524
5.40799
5.40076
5.67937
5.16468
5.49905
5.48818
4.84738
5.03368
5.01963
4.74342
4.98188
4.72111
4.89969
5.28382
5.22754
5.14641
5.30204
5.19398
5.24112
5.37235
4.7186
4.87409
4.81922
4.58588
4.6707
4.85965
4.58531
5.42674
5.45529
5.43674
5.63168
5.35763
5.51968
5.52599
5.07209
5.25471
5.14785
4.86474
5.1919
4.89817
5.02604
5.87451
6.0474
5.86143
5.84372
5.77807
5.96534
5.97292
5.17838
5.36711
5.34714
5.03668
5.30262
4.99848
5.22296
5.74658
5.57267
5.73084
5.77061
5.66263
5.65094
5.86031
4.94998
5.05609
4.45376
4.64588
5.03808
4.96925
4.62673
4.5867
5.0367
5.14277
4.37513
4.37204
4.58171
5.05523
4.61891
4.40029
5.19042
5.11334
4.40005
4.62316
5.09809
4.88585
4.38504
4.95415
4.53927
4.97408
4.86834
4.56003
5.03514
5.10531
4.54284
4.6983
5.11811
5.02073
4.71418
4.67367
5.18285
5.28106
4.42909
4.43621
4.67191
5.18129
4.65525
4.42382
5.25434
5.14698
4.42141
4.65281
5.15604
5.07013
4.58304
5.1572
4.7614
5.15178
4.7509
5.07843
5.56441
5.4927
5.17182
5.77406
5.12769
5.73731
5.59512
5.5474
5.74939
5.79687
6.00669
5.80617
5.49681
5.86271
5.62818
5.99225
5.90905
6.06737
5.86993
5.66216
5.94536
5.67386
5.59346
5.20544
5.8164
5.23641
5.66002
5.83525
5.79226
6.0033
6.13505
6.17652
6.12684
5.7911
5.99901
5.74312
6.05521
5.95256
6.15761
5.72704
6.0822
5.9742
5.41504
5.63194
5.59358
5.244
5.55771
5.21444
5.44402
6.14973
6.13622
5.9641
6.07068
6.07475
6.03318
6.19146
5.3483
5.56359
5.4418
5.11747
5.31105
5.48557
5.15324
6.23641
6.16665
6.13574
6.28188
6.11617
6.29174
6.25115
5.51027
5.75943
5.64344
5.28561
5.67025
5.30694
5.49051
6.43146
6.35014
6.31416
6.258
6.30105
6.44813
6.35176
5.53612
5.78432
5.71442
5.34059
5.69815
5.32902
5.54538
6.38981
6.22812
6.23546
6.31856
6.2595
6.35437
6.33426
5.09554
5.15731
4.62227
4.78046
5.16983
5.08762
4.78591
4.66973
5.19126
5.28924
4.43406
4.42023
4.67714
5.18454
4.66031
4.39168
5.28503
5.16117
4.41329
4.64582
5.17509
5.09656
4.61734
5.17411
4.78101
5.17101
5.09576
4.78426
5.0506
5.13788
4.58476
4.76394
5.11585
5.06819
4.74853
4.55894
5.03674
5.1864
4.26833
4.30691
4.52711
5.07021
4.59888
4.37181
5.22218
5.13566
4.34174
4.62158
5.11262
5.01293
4.5516
5.04626
4.68733
5.07776
4.71347
4.98508
5.75138
5.61112
5.26429
5.80596
5.27457
5.83815
5.71581
5.80614
6.00983
6.1617
6.15851
5.99722
5.82447
6.15114
5.82319
6.12988
5.95578
6.14
5.98562
5.78727
6.15942
5.6615
5.51197
5.23838
5.77577
5.21255
5.71426
5.72661
5.71725
5.76805
5.97749
5.96136
6.04374
5.64642
5.83193
5.73393
6.11998
5.92628
6.01597
5.78759
6.0717
5.87922
5.53392
5.80806
5.70447
5.31544
5.71182
5.32659
5.51871
6.46724
6.34856
6.33676
6.25298
6.46951
6.33201
6.32963
5.54849
5.82582
5.72101
5.34316
5.55097
5.72592
5.34379
6.4683
6.3127
6.23825
6.27242
6.33574
6.44677
6.30901
5.45674
5.75877
5.67038
5.27902
5.65029
5.25562
5.48483
6.34956
6.04982
6.16329
6.07582
6.22243
6.2907
6.12139
5.40388
5.70042
5.56388
5.16478
5.59679
5.20034
5.36259
6.38762
6.29767
6.12681
6.23317
6.25626
6.42807
6.17899
4.81833
4.82366
4.36273
4.4773
4.87442
4.76871
4.52614
4.43029
4.97723
5.05219
4.21841
4.17102
4.47175
4.93283
4.3596
4.04918
4.98238
4.80133
4.10548
4.30813
4.8567
4.89084
4.43466
4.98988
4.63424
4.94876
4.9296
4.59689
4.61967
4.73211
4.16662
4.38982
4.67204
4.67997
4.32975
4.06175
4.46007
4.67053
3.73523
3.80843
3.99057
4.53683
4.16126
3.96871
4.77334
4.70969
3.90365
4.22275
4.64347
4.51546
4.05874
4.49508
4.15537
4.56403
4.22642
4.44472
5.39633
5.19657
4.86664
5.28724
4.93733
5.38491
5.29541
5.52554
5.7034
5.93202
5.73378
5.62305
5.61311
5.84837
5.47634
5.68632
5.44575
5.6445
5.54193
5.37286
5.78635
5.11119
4.90614
4.77642
5.19022
4.69228
5.22624
5.07766
5.11122
4.9988
5.2722
5.19933
5.4012
4.97914
5.12484
5.19015
5.6086
5.34864
5.31998
5.30839
5.49353
5.23729
5.14782
5.46528
5.29785
4.89025
5.35639
4.95087
5.07998
6.15715
5.97446
6.11163
5.86038
6.23388
6.03538
5.88579
5.23675
5.5614
5.49189
5.09094
5.29137
5.4461
5.04286
6.0827
5.87425
5.77462
5.68829
5.96677
5.98914
5.79329
4.89355
5.24229
5.19143
4.78065
5.12079
4.70786
4.97417
5.68327
5.19822
5.45941
5.34053
5.58164
5.56025
5.33448
4.77154
5.11203
4.91632
4.49631
4.99863
4.58115
4.67831
5.78925
5.78947
5.45875
5.57958
5.68166
5.89823
5.45882
4.11532
4.07417
3.65235
3.73551
4.15833
4.02609
3.82586
3.79816
4.34
4.39256
3.62679
3.54596
3.87843
4.2535
3.67423
3.3377
4.26118
4.0255
3.42505
3.58571
4.12091
4.24614
3.79062
4.37217
4.0378
4.29504
4.32658
3.95651
3.78779
3.92529
3.32654
3.59397
3.83522
3.88447
3.49615
3.21229
3.51689
3.7709
2.87492
2.97123
3.1112
3.62592
3.35596
3.20577
3.926
3.88216
3.11308
3.45141
3.77919
3.63631
3.16479
3.58123
3.2413
3.67561
3.34495
3.53365
4.55156
4.29195
4.01719
4.27463
4.13641
4.42991
4.40031
4.74241
4.87191
5.16678
4.78563
4.73142
4.88704
5.02514
4.63829
4.75489
4.43524
4.6353
4.58977
4.48287
4.90759
4.11861
3.83545
3.878
4.11919
3.74965
4.27949
3.94925
4.08049
3.7552
4.15404
3.94947
4.3257
3.90879
3.93919
4.20366
4.62654
4.27919
4.13217
4.36833
4.46378
4.11038
4.28414
4.65546
4.43442
3.99261
4.53736
4.09948
4.16736
5.30483
5.05909
5.34559
4.93114
5.44078
5.21017
4.9082
4.43583
4.81463
4.78002
4.35371
4.54115
4.6869
4.25742
5.17312
4.93669
4.78267
4.58843
5.08369
5.02574
4.7542
3.87514
4.29904
4.2735
3.82095
4.16208
3.70468
4.0026
4.57313
3.85488
4.33141
4.10459
4.49591
4.40591
4.05163
3.69726
4.11705
3.87144
3.3956
3.99024
3.51967
3.55954
4.72547
4.79917
4.28401
4.41913
4.64221
4.88309
4.23801
3.10036
3.04607
2.62638
2.70671
3.13805
2.99467
2.81238
2.8564
3.35575
3.39557
2.72396
2.62731
2.96025
3.24337
2.69676
2.37439
3.21947
2.96093
2.46783
2.59373
3.07312
3.26856
2.80496
3.41206
3.08332
3.31708
3.37425
2.97704
2.72364
2.85531
2.28163
2.53913
2.77781
2.8191
2.44296
2.14728
2.40791
2.61598
1.88529
1.93508
2.08851
2.47808
2.3351
2.20412
2.82935
2.78211
2.12424
2.42676
2.68006
2.52667
2.08224
2.51796
2.18019
2.56496
2.26414
2.46245
3.35678
2.9398
2.86045
2.76257
3.00547
2.98934
3.17574
3.60347
3.56692
4.00726
3.33764
3.36586
3.77944
3.82732
3.46994
3.48279
2.93012
3.10172
3.15492
3.29244
3.67166
2.83793
2.28607
2.68983
2.52522
2.542
3.02208
2.26901
2.84325
1.77499
2.74864
1.85485
2.95877
2.65435
2.12704
2.97995
3.32086
2.68685
2.27676
3.15939
3.12052
2.42068
3.02307
3.52722
3.2524
2.74193
3.38024
2.86695
2.86461
4.06675
3.64814
4.17972
3.50937
4.24388
4.01106
3.43673
3.2246
3.72545
3.69203
3.20065
3.3711
3.56851
3.07331
3.89275
3.68867
3.28448
2.98014
3.85976
3.69971
3.19924
2.47664
3.1449
3.06571
2.53448
2.93692
2.42753
2.65863
3.01268
1.79026
3.04321
2.19798
3.26936
2.85774
1.90385
2.2721
2.93602
2.59476
2.14792
2.74808
2.20717
1.96465
3.28268
3.5508
2.582
2.67087
3.3658
3.49946
2.45682
1.89209
2.12627
1.53522
2.01625
1.88975
2.22146
1.76111
1.9028
2.16498
2.28999
1.65201
1.68564
2.1905
1.86339
1.53012
1.5621
1.89691
2.0868
1.33167
1.79807
1.83873
2.27277
1.90849
2.25609
1.98892
2.28992
2.23126
1.92746
2.63921
1.39085
1.9399
1.39507
2.22795
1.44514
2.57739
0.408266
3.8195
0.569952
2.32297
0.616213
0.22606
3.67225
2.17014
0.900239
2.08745
1.3377
2.36851
1.67173
1.10177
0.664416
0.38963
2.95328
4.30002
0.586624
0.592245
4.37727
1.92148
1.05192
1.45984
0.808103
1.11243
1.60553
1.75239
2.27138
1.58526
2.6247
1.06435
1.2402
2.50556
2.38658
2.12511
2.21316
0.769262
1.59317
1.2075
1.92352
2.38124
1.39457
0.519473
1.11858
0.61526
1.08107
1.40181
0.581719
0.566052
0.318112
2.24063
-0.353146
0.698027
1.50589
-0.144931
1.72305
1.9228
1.00979
0.9017
1.6115
2.21427
0.747207
1.58647
2.42053
2.21379
1.54929
2.16909
1.77439
1.35838
2.16345
1.2042
3.00312
1.57907
2.58906
2.61535
1.47964
1.57093
2.64905
2.42847
1.97425
1.94806
2.19115
1.82771
2.9892
2.59682
1.8818
1.44519
2.80426
2.60303
1.80963
2.94521
2.87295
2.39496
1.67885
3.33539
2.42647
2.44795
1.34209
0.941072
4.64673
-0.580866
1.37565
6.2828
-2.49356
0.720186
0.970025
5.26242
3.62589
1.12714
0.730225
4.93039
3.88084
2.40619
1.22528
0.615193
3.17373
2.82781
1.75746
3.52922
3.42694
3.39322
3.49094
3.28191
3.35483
3.2681
3.33232
3.38051
3.24268
3.11251
3.2514
3.57599
3.6036
3.56373
3.43936
3.52208
3.62815
3.54765
3.73813
3.77622
3.79637
3.83663
3.78983
3.77707
3.7221
3.6343
3.59631
3.72542
3.547
3.52031
3.66709
3.67568
3.48283
3.63756
3.38876
3.35861
3.50481
3.42815
3.39358
3.38627
3.42742
3.54548
3.62682
3.68683
3.67105
3.58332
3.50364
3.67262
3.82016
3.89469
3.83749
3.88229
3.81099
3.92249
3.87703
3.88832
3.87816
3.82569
3.89076
3.74724
3.76913
3.5938
3.82279
3.72357
3.33448
3.45135
3.50821
3.33945
3.46634
3.69084
3.74064
3.59327
3.66794
3.47327
3.52667
3.51043
3.26696
3.3612
3.18804
3.31504
3.19022
3.54998
3.59966
3.3034
3.38456
3.32133
3.61246
3.54367
4.07984
4.08095
3.96195
3.99727
4.02484
4.39431
4.26205
3.88497
3.89141
3.9916
3.99885
3.88029
3.85235
3.96506
4.17302
3.97315
3.8271
3.77193
3.89778
3.79389
3.91384
3.84717
3.9161
3.69048
3.62823
3.90747
3.86773
3.68493
3.7908
3.96494
3.70591
4.00664
3.72895
4.27049
3.95701
3.75319
4.03804
3.79802
3.56341
3.76295
3.79197
3.61709
5.20814
5.17773
5.31702
4.79303
4.85946
5.14279
5.40413
5.36574
5.70017
5.83071
5.72902
5.42849
5.62726
5.64805
5.26209
5.437
5.72093
5.44171
5.19175
5.52441
5.53268
5.31976
5.26972
5.34234
5.17721
5.2749
5.41682
5.22902
5.46362
5.47728
5.67736
5.49047
5.39237
5.57084
5.55715
4.7475
4.61138
4.8459
4.90299
4.61237
4.69885
4.88726
4.87569
4.77119
5.05925
5.04793
4.74555
4.9285
5.00795
5.91194
6.09096
5.88499
5.89626
6.01672
5.81338
6.00186
5.78396
5.77208
5.8153
5.60814
5.90506
5.69806
5.68769
5.09878
4.88842
5.28425
5.17365
4.92348
5.05295
5.2193
5.20381
5.05988
5.39452
5.3731
5.02119
5.32741
5.24915
4.39391
4.74523
4.23833
4.81099
4.38755
4.76785
4.22383
4.52379
4.18548
4.58558
3.99969
4.51399
4.19886
4.57554
4.41993
4.87755
4.83513
4.24275
4.8123
4.25377
4.42404
4.59081
4.09982
4.67488
4.27726
4.26641
4.67798
4.60378
4.50093
4.98391
5.04703
4.29594
4.96271
4.29979
4.5058
4.46266
4.98492
4.88698
4.27478
4.90939
4.26721
4.45852
4.70015
4.77402
4.19375
4.36054
4.37494
4.7801
4.68383
4.7823
4.88423
4.28798
4.47675
4.45843
4.87143
4.79959
5.6963
5.6174
5.84585
5.22081
5.25069
5.68382
5.86364
5.81214
6.03042
6.20903
6.15954
5.80951
6.02719
6.15295
5.76373
5.98278
6.19104
6.0837
5.74917
6.00337
6.10913
6.18409
6.1793
6.10834
5.99823
6.06626
6.23191
6.11026
6.2696
6.17215
6.31985
6.19736
6.14821
6.29072
6.32361
5.43738
5.26364
5.65703
5.61609
5.2342
5.46619
5.58074
5.37237
5.13881
5.59012
5.46679
5.17457
5.33494
5.50987
6.45932
6.38403
6.28974
6.33948
6.38674
6.32789
6.47445
6.41899
6.2682
6.35568
6.25766
6.37011
6.28758
6.38491
5.5307
5.3039
5.78217
5.66453
5.32505
5.51126
5.69082
5.55537
5.35734
5.80561
5.73299
5.34596
5.71733
5.56421
4.54762
5.03411
5.14408
4.32517
5.05273
4.54268
4.3228
4.58111
5.19419
5.11285
4.35308
5.09796
4.35295
4.58633
4.96041
5.06662
4.47569
4.66191
4.64149
5.04757
4.98114
4.89541
4.96229
4.40661
4.55216
4.87706
4.57477
4.98452
4.63879
5.18455
5.28743
4.38533
5.18266
4.3918
4.63747
4.6198
5.26093
5.14804
4.37794
5.1577
4.37598
4.61691
5.04732
5.11542
4.56756
4.71449
4.73124
5.12896
5.03215
5.08211
5.16803
4.60777
4.77911
4.76803
5.16209
5.09091
5.67592
5.52869
5.79738
5.24753
5.22091
5.72981
5.74736
5.72823
5.78681
5.98526
5.99188
5.65614
5.85166
6.05964
5.74575
5.94808
6.04096
6.13836
5.80079
5.89999
6.0885
6.4905
6.38138
6.28134
6.36079
6.35448
6.36133
6.4944
6.49009
6.26548
6.30186
6.33227
6.35689
6.33962
6.46695
5.5503
5.32967
5.82521
5.71927
5.3411
5.53459
5.72733
5.5658
5.35885
5.84433
5.73832
5.35923
5.56876
5.74258
6.36534
6.07475
6.09847
6.17728
6.14749
6.23783
6.30496
6.40478
6.15062
6.2615
6.3159
6.20615
6.27293
6.44681
5.47129
5.29239
5.77315
5.68414
5.26873
5.49991
5.6633
5.41772
5.17685
5.71366
5.57529
5.21273
5.6089
5.37592
4.63592
5.19247
5.29744
4.39165
5.18615
4.6431
4.37832
4.627
5.29323
5.16289
4.3512
5.17685
4.3723
4.61291
5.10768
5.16731
4.64814
4.79901
4.80411
5.17955
5.09991
5.10905
5.18423
4.64354
4.7987
5.10798
4.80248
5.18147
4.52798
5.0391
5.19428
4.23033
5.07261
4.26816
4.49687
4.56714
5.23017
5.1378
4.33185
5.11481
4.30242
4.58924
5.06243
5.14682
4.61114
4.78228
4.76702
5.12485
5.08012
5.02423
5.05437
4.57738
4.70562
4.73168
5.08581
4.99613
5.11873
4.9172
5.20526
4.78028
4.69575
5.23444
5.0921
5.11506
5.01116
5.21647
5.27833
4.98225
5.13782
5.40841
5.19465
5.36305
5.33788
5.61774
5.31374
5.25097
5.50151
6.16868
5.9983
5.8796
6.12442
6.04685
5.90858
6.24683
6.093
5.79286
5.70928
5.88343
5.97717
5.81522
5.99811
5.15957
4.90049
5.47529
5.3064
4.96147
5.0913
5.36557
5.24898
5.10238
5.5722
5.50248
5.05396
5.30409
5.45597
5.68855
5.21664
5.35536
5.46457
5.3534
5.58784
5.56416
5.79572
5.47428
5.59984
5.79767
5.4783
5.68875
5.906
4.90411
4.79048
5.25003
5.19938
4.71733
4.98511
5.12816
4.78186
4.50511
5.11924
4.92268
4.59034
5.00551
4.68833
4.4016
4.97975
5.05954
4.1807
4.93554
4.44227
4.13427
4.33179
4.98932
4.80458
4.01393
4.8597
4.06912
4.28118
4.82821
4.8293
4.38767
4.49465
4.54356
4.8802
4.77849
4.90127
4.99686
4.46034
4.65213
4.94015
4.61478
4.95565
4.03745
4.46434
4.67725
3.703
4.54073
3.77489
3.96723
4.13603
4.78049
4.71301
3.93351
4.64706
3.86981
4.19659
4.62849
4.73663
4.19099
4.40657
4.34635
4.67646
4.68889
4.52339
4.49844
4.0821
4.17112
4.24238
4.56751
4.45252
4.122
3.84284
4.1295
3.87875
3.75032
4.28308
3.95913
4.08036
3.76341
3.96091
4.15603
3.90843
3.94787
4.32804
4.20384
4.28887
4.14424
4.62956
4.36883
4.11953
4.46632
5.30678
5.07662
4.9445
5.3499
5.21355
4.92456
5.44369
5.17441
4.79552
4.60281
4.93873
5.08644
4.7697
5.0265
4.29367
4.00024
4.6605
4.43921
4.10754
4.17657
4.54255
4.44549
4.3623
4.81996
4.78596
4.26562
4.55107
4.69239
4.57315
3.86577
4.11501
4.33175
4.06351
4.49666
4.40576
4.72559
4.29496
4.43269
4.80075
4.2506
4.64325
4.88355
3.88383
3.82845
4.30271
4.2781
3.71174
4.01163
4.16635
3.70575
3.40209
4.12065
3.8753
3.52663
3.99441
3.56764
3.7766
4.34446
4.3998
3.59461
4.25835
3.85588
3.51525
3.6534
4.26788
4.03104
3.30862
4.12598
3.3945
3.56591
4.12117
4.07562
3.67374
3.74932
3.83987
4.15982
4.03184
4.2529
4.37456
3.81312
4.05279
4.33347
3.97126
4.29738
3.19528
3.52376
3.77769
2.84898
3.63228
2.94369
3.09536
3.338
3.93351
3.88782
3.17653
3.78533
3.08552
3.43241
3.79254
3.9257
3.34708
3.60689
3.50868
3.83573
3.88939
3.64062
3.58084
3.18406
3.25286
3.35679
3.67513
3.53778
2.83958
2.29046
2.53149
2.68923
2.54134
3.0239
2.27488
2.84241
1.77829
1.85973
2.75012
2.65366
2.13093
2.96036
2.979
2.69219
2.28316
3.32232
3.15839
2.42564
3.12198
4.06628
3.65847
3.51812
4.17986
4.01091
3.44629
4.24366
3.89228
3.29258
2.98852
3.68825
3.8595
3.2083
3.69928
3.0302
2.74729
3.52998
3.25574
2.87279
2.87132
3.38378
3.232
3.20705
3.72813
3.69583
3.07922
3.37894
3.57206
3.01342
1.79488
2.20267
3.04283
1.90857
2.85797
3.26908
3.28292
2.5881
2.67923
3.5503
2.46399
3.36517
3.49911
2.27771
2.15258
2.59791
2.93845
1.96939
2.21192
2.75138
2.48262
2.53977
3.14715
3.06911
2.43236
2.66506
2.94017
2.84254
3.36268
3.40328
2.69782
3.2508
2.94519
2.60293
2.68347
3.22592
2.96886
2.35164
3.08062
2.4433
2.58156
3.10378
3.04413
2.64361
2.71655
2.82237
3.13606
2.99822
3.27224
3.41068
2.82315
3.0941
3.37801
2.98766
3.3158
2.13706
2.41687
1.86636
2.62357
2.07919
2.48671
1.91367
2.53047
2.18914
2.51649
2.09685
2.46625
2.27281
2.5624
2.32489
2.83801
2.79021
2.18088
2.68868
2.10309
2.4154
2.72766
2.29757
2.85274
2.54833
2.45201
2.77534
2.82258
3.975
4.18567
4.07397
4.08636
3.92051
3.9176
4.06415
4.49146
4.4955
4.43641
4.15283
4.40775
4.35338
4.20294
4.71133
4.57999
4.64522
4.31877
4.48503
4.54578
4.25917
5.11393
5.0522
4.99504
4.59004
4.94714
4.89452
4.64455
5.29292
5.11108
5.15902
4.72899
5.01164
5.05464
4.68162
5.4667
5.33156
5.31986
4.84159
5.22279
5.22059
4.85914
5.461
5.33676
5.33598
4.85798
5.23146
5.21841
4.85043
5.305
5.16331
5.20596
4.72552
5.01714
5.07594
4.69358
5.10557
5.09795
5.04143
4.57883
4.9613
4.88732
4.62412
4.63627
4.5015
4.59575
4.15288
4.32508
4.44073
4.07087
4.26295
4.37548
4.27021
3.85267
4.21246
4.08324
3.94537
3.52076
3.45345
3.58489
3.19884
3.20774
3.3756
3.08143
2.98537
3.28598
3.14905
2.79327
3.04705
2.86671
2.91705
1.67249
1.9426
2.16133
1.86039
2.31527
2.00403
1.89031
4.04824
3.95641
4.16217
3.91032
4.06408
3.90896
4.04445
4.47031
4.46507
4.41051
4.14529
4.38767
4.19432
4.33331
4.55448
4.68455
4.6206
4.30858
4.46437
4.2493
4.52504
5.02988
5.08713
4.97163
4.57789
4.92592
4.63317
4.87313
5.08886
5.26753
5.13793
4.71811
4.99066
4.66993
5.03398
5.31504
5.44486
5.30241
4.83222
5.2056
4.85034
5.20278
5.32083
5.44155
5.32093
4.8498
5.21506
4.84176
5.20255
5.15263
5.28955
5.19483
4.71942
5.00526
4.68777
5.06362
5.08817
5.09204
5.03201
4.57363
4.95023
4.61888
4.87666
4.49513
4.62546
4.58928
4.14933
4.31696
4.06724
4.43244
4.36986
4.25345
4.26464
3.84942
4.2049
3.9423
4.07587
3.4497
3.51338
3.58129
3.19686
3.20221
3.0793
3.36994
3.28291
2.97887
3.14578
2.7915
3.04194
2.91541
2.86174
2.15932
1.66925
1.9378
1.85958
2.31353
2.00332
1.88666
3.94417
3.92174
3.95344
3.98659
4.23267
4.20868
4.18028
3.9902
4.15354
4.10611
3.99971
4.02984
4.09104
4.04759
4.06569
4.41524
4.30766
4.34795
4.09572
4.22406
4.26895
4.05924
4.25446
4.31941
4.26704
4.30683
4.18639
4.15123
4.20029
4.14043
4.80123
4.7895
4.7233
4.37329
4.68547
4.62372
4.43525
4.42039
4.38911
4.44392
4.36917
4.4733
4.57189
4.5159
4.52351
5.03204
4.86379
4.92711
4.54531
4.76288
4.82186
4.48598
4.67549
4.81014
4.76362
4.72003
4.62625
4.64354
4.69633
4.57691
5.34994
5.24245
5.20593
4.75593
5.13872
5.10789
4.79429
4.79882
4.87013
4.90776
4.76172
4.83035
4.98452
4.95768
4.8581
5.44237
5.2759
5.30026
4.83803
5.17861
5.19573
4.80986
4.90222
5.05889
5.05909
4.90826
4.89496
5.02185
5.03568
4.8778
5.45167
5.31075
5.32547
4.83634
5.18306
5.21114
4.83301
4.89858
5.06647
5.05189
4.90293
4.88087
5.0153
5.04478
4.86448
5.34854
5.28204
5.25329
4.7784
5.15936
5.11578
4.79584
4.75896
4.84817
4.90813
4.71391
4.80333
4.99206
4.94716
4.83408
5.03029
4.88921
4.9591
4.49394
4.72807
4.81628
4.4357
4.59437
4.79377
4.71919
4.65499
4.52205
4.5612
4.65005
4.44659
4.74128
4.79091
4.70872
4.26584
4.64242
4.5404
4.33632
4.17525
4.16194
4.27843
4.07376
4.27233
4.47787
4.37524
4.36146
4.13102
4.01688
4.13188
3.71567
3.81621
3.95811
3.61355
3.85207
4.05298
3.92375
3.96515
3.73294
3.66117
3.80268
3.60986
3.67886
3.86774
3.74369
3.35579
3.67914
3.52408
3.46594
3.21267
3.06505
3.22981
3.07296
3.34936
3.52835
3.37475
3.48099
2.79779
2.83206
2.9736
2.62355
2.49801
2.69166
2.49325
2.78276
2.90745
2.73177
2.92992
2.6348
2.37339
2.56089
2.48119
1.58059
1.84969
2.01358
1.78849
2.16484
2.65055
2.50368
2.18283
2.30667
2.10018
2.32006
2.17027
2.1885
1.98951
2.32918
3.92193
3.73596
3.88802
3.92331
3.84735
3.74375
3.96597
4.20868
4.18267
4.15507
3.98364
4.13473
3.99354
4.08619
3.98934
3.88841
4.07067
3.82372
3.82055
4.02354
4.02567
4.38981
4.28159
4.32186
4.0883
4.20412
4.05437
4.2497
4.22338
4.29839
3.98953
4.10666
3.94791
4.27775
4.24553
4.15132
4.12962
3.87793
4.04602
3.89017
4.1008
4.1793
4.77397
4.76558
4.69863
4.36205
4.66434
4.424
4.60258
4.396
4.36791
4.04468
4.26697
4.34257
4.10044
4.42296
4.45088
4.55103
4.21498
4.32879
4.17764
4.50252
4.49489
5.00508
4.83965
4.90383
4.53373
4.74146
4.47397
4.80053
4.65691
4.79004
4.38185
4.54824
4.35903
4.70267
4.74326
4.60735
4.6228
4.27443
4.48774
4.30269
4.55666
4.67589
5.32506
5.22288
5.18521
4.74493
5.11897
4.78407
5.08768
4.7828
4.85034
4.43205
4.67771
4.74472
4.44744
4.88829
4.81481
4.96589
4.72359
4.48923
4.84326
4.93862
5.4197
5.25689
5.28224
4.82854
5.15948
4.79976
5.17717
4.88907
5.04269
4.81611
4.89558
5.04232
4.88125
5.00386
4.79455
4.86359
5.0182
5.43312
5.29721
5.31115
4.82842
5.16859
4.82559
5.19612
4.88688
5.05103
4.89092
5.0369
4.86991
5.00156
4.85376
5.03051
5.33224
5.26939
5.24124
4.77176
5.14575
4.78892
5.10264
4.74997
4.83676
4.70492
4.89634
4.79359
4.97916
4.82418
4.93461
5.01744
4.88095
4.95051
4.48936
4.71836
4.43105
4.80626
4.58633
4.78301
4.64683
4.70875
4.51461
4.55165
4.43916
4.64027
4.72987
4.78349
4.70146
4.26167
4.63337
4.33226
4.53158
4.16906
4.15391
4.06751
4.27023
4.26559
4.46894
4.35474
4.3665
4.12209
4.01202
4.12702
3.71296
3.80951
3.61067
3.95126
3.84644
4.04539
3.95955
3.91632
3.72797
3.6543
3.60475
3.7957
3.67098
3.86362
3.73944
3.35328
3.67294
3.4636
3.51796
3.20856
3.05932
3.06879
3.22389
3.34473
3.52191
3.47652
3.36847
2.79176
2.82927
2.97099
2.62224
2.49362
2.49178
2.68706
2.77908
2.90201
2.92623
2.72654
2.63152
2.36864
2.47796
2.55593
1.57695
1.84727
2.01108
1.78451
2.15981
2.64835
2.50126
2.18167
2.30257
2.31906
2.09636
2.16744
2.18403
2.32635
1.98529
1.13679
1.48286
1.4699
1.30847
1.33804
1.19128
1.28565
1.12951
1.49378
1.29154
1.48457
1.30344
1.33392
1.19216
3.66157
3.71835
3.96369
3.74647
3.55189
3.60291
3.79725
3.87614
4.01311
3.79691
3.69
3.93681
3.77528
3.85654
3.96733
4.19173
4.04964
3.95878
3.99484
3.86144
4.08369
4.25146
4.23325
4.14417
4.04965
4.28288
4.13958
4.17474
4.47076
4.31931
4.39289
4.30095
4.32932
4.22158
4.38813
4.53919
4.49363
4.45368
4.3626
4.50833
4.40046
4.45479
4.59345
4.51719
4.51308
4.39391
4.54847
4.41003
4.54881
4.55884
4.42345
4.48315
4.34933
4.46138
4.2762
4.52299
4.29027
4.33517
4.21744
4.04697
4.37023
4.17542
4.24763
4.14454
3.89953
4.07249
3.89371
3.91897
3.71616
4.0969
3.5653
3.70247
3.48278
3.29837
3.7165
3.51645
3.49534
3.32924
2.98782
3.24407
3.06047
3.00122
2.81221
3.25186
2.5289
2.71596
2.4321
2.27932
2.72244
2.54264
2.45459
1.82879
1.87438
2.21621
1.71545
2.13132
1.97336
2.13045
4.13136
4.19536
4.26436
4.26479
4.08092
4.1591
4.30692
3.73697
3.9831
3.67517
3.55353
3.74563
3.60779
3.82596
4.02775
3.87346
3.81361
3.67883
3.96479
3.87435
3.78094
4.20759
3.97269
4.04959
3.95707
4.01605
4.10846
3.8566
4.26121
4.23171
4.14608
4.04498
4.31027
4.18846
4.13231
4.46948
4.31878
4.38947
4.28652
4.3598
4.40734
4.20873
4.53838
4.48652
4.45077
4.35221
4.51675
4.47599
4.38772
4.59272
4.5045
4.49843
4.38433
4.55985
4.56726
4.40132
4.56164
4.40637
4.46835
4.34663
4.487
4.55183
4.26842
4.28489
4.31911
4.19983
4.0393
4.39908
4.2745
4.16957
4.14216
3.8834
4.05672
3.89184
3.94782
4.13415
3.70798
3.55318
3.69006
3.47063
3.28977
3.74857
3.52355
3.51013
3.31849
2.97896
3.2353
3.05801
3.02866
3.28962
2.80494
2.511
2.71023
2.42667
2.27196
2.75242
2.48076
2.53773
1.90063
2.1989
1.82641
1.70883
2.12886
1.97105
2.16415
4.19751
4.25246
3.78372
3.93653
4.19356
4.15539
3.89764
4.14655
4.31896
4.47994
4.41093
4.41955
4.05529
4.19366
0.0470031
0.271505
0.354551
0.743304
0.17379
0.590435
0.197734
0.23592
0.290078
0.210096
0.693092
4.18528
3.77929
3.92758
4.22978
3.88875
4.17771
4.14217
4.11895
4.28524
4.47111
4.39635
4.40872
4.02019
4.16657
0.333159
0.261983
0.589866
0.812799
0.516524
-0.0770566
1.07035
0.0343828
0.934462
1.3025
1.15248
0.845486
-0.155477
0.718088
-0.202452
1.22811
1.26819
0.844702
-0.17302
0.754897
0.797806
0.161336
0.364756
1.03587
1.73355
0.272169
0.485584
1.05257
3.63336
3.79778
3.66614
3.64752
3.78128
3.63266
3.65126
0.0441923
0.269494
0.355686
0.751694
0.595766
0.171683
0.196588
0.232872
0.287936
0.701771
0.207959
4.11703
4.25433
4.25294
4.17559
4.30342
4.05256
4.13929
-0.171307
1.21445
0.823757
1.26769
0.763711
0.769087
-0.149047
0.193659
0.343642
1.72858
1.01748
1.05846
0.512768
0.242686
0.334199
0.259844
0.594245
0.803965
-0.0777353
1.07527
0.514974
0.0347728
0.933226
1.14459
1.29948
0.71522
-0.154995
0.843181
3.65847
3.66843
3.67852
3.7861
3.63893
3.76994
3.67889
3.8837
3.78308
3.64694
3.58605
3.69315
3.57324
3.85565
3.41858
3.64642
3.49393
3.67341
3.38877
3.64778
3.70669
3.87108
3.77661
3.62806
3.565
3.67112
3.55023
3.85138
3.4902
3.63503
3.41186
3.38204
3.66371
3.63029
3.6923
4.65948
4.66546
4.662
5.20758
5.22575
5.21842
5.47082
5.48633
5.48199
5.24344
5.25307
5.24936
4.49363
4.49851
4.4952
3.31627
3.31566
3.3136
1.72698
1.71312
1.71536
1.60897
1.59644
1.59932
1.60692
1.5943
1.59721
4.56308
4.56586
4.56389
5.11588
5.13327
5.12575
5.4393
5.45633
5.45096
5.2903
5.29975
5.29639
4.60419
4.60925
4.60601
3.48056
3.48057
3.47845
1.94894
1.93525
1.93767
4.15526
4.21848
4.86603
4.87678
4.87202
5.03041
5.34139
5.3506
5.35493
5.35519
5.37358
5.36599
5.84758
5.85907
5.85656
6.01694
6.02723
6.02579
5.45155
5.46388
5.46029
6.12232
6.13041
6.13195
6.07728
6.08332
6.08453
5.01385
5.02177
5.01806
5.82596
5.82806
5.82903
5.56623
5.56613
5.56727
4.09717
4.10022
4.09737
4.98634
4.98275
4.98457
4.55221
4.54663
4.54897
2.7716
2.76739
2.76646
3.697
3.68557
3.68953
3.09817
3.07755
3.08406
1.01015
0.991742
0.999727
2.17775
2.0437
1.28244
4.4761
4.48025
4.47745
4.55289
4.55748
4.55472
5.0258
5.0364
5.03136
5.08718
5.09881
5.09312
5.29189
5.3058
5.3004
5.3024
5.31493
5.31079
5.13262
5.13984
5.13686
5.07612
5.08296
5.0799
4.441
4.44554
4.44224
4.32503
4.32927
4.32608
3.32084
3.32111
3.31961
3.15541
3.15505
3.15386
1.82846
1.8173
1.81954
4.36783
4.36855
4.36862
3.88196
3.89072
0.958455
0.944724
0.949699
0.586991
0.572395
0.580432
4.35354
4.35366
4.35398
3.87333
3.88244
3.6824
0.957273
0.943423
0.948431
0.58613
0.571406
0.579448
3.90661
3.90954
3.90707
4.3175
4.82658
4.91905
4.93174
4.92619
5.71858
5.72962
5.72829
5.42142
5.43336
5.43394
5.13742
5.39953
5.4038
5.40705
5.76499
5.77998
5.78097
5.50085
5.51539
5.51494
5.3777
5.39548
5.3884
6.08513
6.09379
6.09541
6.0294
6.03888
6.03805
5.86669
5.88113
5.88124
6.07326
6.08694
6.08581
6.20965
6.22405
6.2254
6.12959
6.1437
6.14282
5.41729
5.42865
5.42523
5.87338
5.87601
5.87712
6.02582
6.03091
6.03215
6.22872
6.24303
6.24442
6.21667
6.22899
6.22987
6.07424
6.08203
6.08277
6.19866
6.20995
6.21069
4.91795
4.92503
4.92148
5.10343
5.1003
5.10208
5.45285
5.45173
5.4531
6.01782
6.02429
6.02508
5.78711
5.78939
5.79044
5.3698
5.36643
5.3681
5.69679
5.6976
5.69876
3.95051
3.95281
3.95018
3.87537
3.8654
3.86903
4.38792
4.38127
4.38396
5.24833
5.24362
5.24549
4.8353
4.82681
4.82943
4.20474
4.19122
4.19457
4.68701
4.67728
4.68017
2.57376
2.56783
2.56744
2.17279
2.14019
2.88433
2.85685
2.86462
4.03429
4.01901
4.02252
3.53996
3.51327
3.51695
3.10607
2.98307
3.34518
3.3094
3.31581
0.701719
0.681556
0.691943
2.27819
3.76719
3.77219
3.76978
3.40444
3.41172
3.89663
3.89971
3.89717
3.54463
3.55089
4.72552
4.73247
4.72903
4.81685
4.81958
4.8181
4.89631
4.90044
4.89751
5.25947
5.2778
5.27036
5.45192
5.46913
5.46435
5.51133
5.52797
5.52361
5.47106
5.48536
5.48139
5.73276
5.74602
5.74416
5.72908
5.74116
5.73953
5.17283
5.18193
5.17821
5.47732
5.4837
5.48232
5.40279
5.40843
5.40717
4.36675
4.37094
4.3678
4.69061
4.69147
4.69058
4.55697
4.55731
4.55644
3.14038
3.13865
3.13685
3.45347
3.44823
3.44876
3.26762
3.26072
3.26183
1.4704
1.45698
1.46041
1.8232
1.79277
1.80231
1.72909
1.54757
1.65017
1.49967
1.49393
1.49557
1.40949
1.39427
1.39875
1.30801
1.30111
1.30316
-0.105204
-0.114548
-0.0968114
-0.134508
-0.144488
-0.127372
3.42792
3.42309
3.4235
3.81934
1.49803
1.49224
1.49385
1.40772
1.39237
1.39686
1.30656
1.29956
1.3016
-0.104991
-0.114466
-0.096727
-0.134342
-0.144439
-0.127319
3.89566
3.90007
3.89769
4.07782
4.08684
4.08382
4.4924
4.49452
4.70876
4.70818
4.6473
4.64064
5.05672
5.0732
5.06593
5.34125
5.35832
5.35285
5.26722
5.28458
5.2787
5.42821
5.44663
5.44018
5.6968
5.71088
5.70878
5.68423
5.69949
5.69694
5.34324
5.35334
5.34997
5.52296
5.52979
5.52851
5.58025
5.58777
5.58645
4.71707
4.72286
4.71947
4.80341
4.80454
4.80378
4.92226
4.92398
4.92318
3.64418
3.64514
3.64281
3.62443
3.62011
3.62037
3.79693
3.79367
3.79354
2.1617
2.15172
2.15267
2.02862
2.00119
2.00891
2.25084
2.22917
2.23398
-0.0756634
-0.0860146
-0.0652429
-0.038509
-0.0394095
3.40781
3.40272
3.40322
3.87297
3.87686
3.8746
4.06623
4.07486
4.07199
4.1522
4.26264
4.80226
4.81154
4.80734
5.04037
5.05297
5.0486
4.97123
4.9803
4.97707
4.91342
4.92042
5.15421
5.15491
4.99109
5.00245
5.13851
5.1535
5.15019
5.25948
5.27163
5.08076
5.09006
5.08933
5.31597
5.33467
5.32689
5.61556
5.63197
5.62713
5.57484
5.59144
5.58684
5.58878
5.60529
5.60109
5.9088
5.91955
5.91728
5.65321
5.66899
5.66542
5.76807
5.78339
5.7795
5.97709
5.98701
5.98506
5.72365
5.73896
5.73566
5.46903
5.48243
5.47866
5.70291
5.71304
5.7116
5.72486
5.73585
5.73431
5.90324
5.91541
5.91434
6.11383
6.12125
6.12271
5.90165
5.91277
5.91175
5.88035
5.88927
5.8881
6.10412
6.11078
6.11212
5.89982
5.90981
5.90881
5.0987
5.1075
5.10368
5.23626
5.24027
5.23925
5.32622
5.33096
5.32983
5.67019
5.67445
5.67237
5.7457
5.74709
5.74808
5.59811
5.60159
5.59939
5.43553
5.43744
5.43515
5.66239
5.66298
5.66404
5.52385
5.52649
5.52425
4.23688
4.24061
4.23756
4.27412
4.27331
4.27255
4.4212
4.42098
4.42015
4.89278
4.89146
4.88913
4.84691
4.84263
4.84465
4.75925
4.75736
4.75503
4.47831
4.47497
4.47281
4.70464
4.69967
4.70187
4.62437
4.62171
4.61948
2.95938
2.95655
2.95504
2.87748
2.86635
2.86886
3.07796
3.06913
3.0708
3.6684
3.6595
3.65843
3.50637
3.49256
3.49712
3.48964
3.479
3.47828
3.11687
3.10082
3.10128
3.30695
3.28968
3.29495
3.30043
3.28716
3.28717
1.27899
1.25654
1.26411
1.0462
1.02002
1.44527
1.43979
2.04281
2.03043
1.63142
1.58558
1.55137
0.981213
2.16989
1.90792
1.77214
3.7555
4.17723
4.18205
3.90052
3.9044
3.90187
4.27776
4.27615
4.12314
4.12548
4.12402
3.96263
3.96502
3.96342
4.75943
4.76652
4.76325
4.18426
4.18692
4.18529
4.34851
4.35124
4.34948
4.83573
4.84418
4.84009
4.54605
4.55088
4.54809
4.4077
4.41099
4.40902
5.21051
5.22445
5.21778
4.59219
4.59772
4.59449
4.67873
4.68594
4.68178
5.24479
5.25962
5.253
4.71493
4.72512
4.71988
4.70345
4.71147
4.70688
5.28201
5.29155
5.28865
4.71104
4.72161
4.71684
5.26192
5.27091
5.26801
4.84708
4.85273
4.8495
4.75809
4.76374
4.76034
3.93066
3.93319
3.93067
3.78939
3.79153
3.78922
2.61668
2.61312
2.61325
2.42784
2.42303
2.42354
4.46912
4.48236
4.48109
4.12852
4.13211
4.13037
4.19386
4.20362
4.20064
3.92429
3.93408
4.10691
4.10986
4.10646
4.19719
4.20729
4.20217
1.41468
1.40983
1.4123
1.23842
1.23251
1.23535
1.14821
1.13283
1.13834
0.894515
0.883615
0.887891
1.04975
1.03983
1.04347
0.850275
0.839269
0.843996
0.980448
0.97108
0.975615
-0.160808
-0.171868
-0.154383
0.518083
0.500838
0.509613
0.511583
0.500024
0.507493
0.486118
0.469177
0.477058
0.466028
0.453202
0.461207
0.470198
0.451529
0.459925
4.46676
4.78824
4.60165
4.66846
4.10056
4.10411
4.10228
4.45473
4.467
4.46594
4.16407
4.17327
4.17031
3.91395
3.9241
4.09265
4.09593
4.09223
4.18172
4.192
4.18663
3.96714
3.98559
4.20871
4.22884
4.76623
4.77581
4.77847
4.45213
4.46222
4.45337
4.0117
4.04365
4.10194
4.12155
4.3809
4.39763
4.39023
1.85973
1.79856
2.20268
1.19027
2.56741
2.41554
2.25848
3.22831
1.85333
1.86308
1.8555
1.93842
1.96109
1.68783
1.72597
2.25412
2.27247
2.25763
2.60579
2.62957
2.6212
1.10946
1.18426
2.3874
2.43985
1.25921
1.27724
1.27103
3.38562
3.38921
3.38601
3.29423
3.29283
3.0425
3.04712
3.35984
3.49121
3.4997
3.4943
3.8136
3.74587
1.4124
1.40747
1.40994
1.23617
1.23022
1.23306
1.14672
1.13122
1.13675
0.893513
0.882545
0.886845
1.04851
1.03854
1.04218
0.848705
0.837638
0.842369
0.978726
0.969281
0.973815
-0.160931
-0.172117
-0.15466
0.517473
0.500186
0.508954
0.51083
0.499192
0.506672
0.485729
0.468738
0.476623
0.464848
0.451962
0.459962
0.469365
0.450704
0.459087
3.81456
3.81433
3.81318
4.25132
4.2601
4.25675
3.87567
3.88154
3.87718
3.67942
3.68385
3.76418
3.76643
3.97116
4.14683
3.97802
3.9961
4.21759
4.23724
4.51574
4.53007
4.5249
4.4605
4.47039
4.46177
4.0214
4.05293
4.39027
4.40681
4.39964
4.11028
4.12969
4.25327
4.40146
4.40041
4.36861
4.53098
4.78562
4.78397
4.66597
4.69548
4.47871
4.45899
4.77353
4.5872
4.65093
4.63439
4.62664
4.62742
4.25095
4.25907
4.25475
4.64763
4.64057
4.64114
4.24281
4.24973
4.24563
4.74395
4.73635
4.73732
4.33607
4.3431
4.33953
4.72816
4.72008
4.72118
4.34943
4.35683
4.3534
4.98264
4.99702
4.9907
5.09814
5.11391
5.10856
5.17554
5.19252
5.18671
5.46695
5.48383
5.47968
5.63287
5.64364
5.64348
5.38738
5.40464
5.40067
5.20493
5.22144
5.21794
5.51772
5.52889
5.52948
5.28311
5.30017
5.29643
4.88126
4.87895
4.88734
5.09206
5.08627
5.0905
5.05097
5.04435
5.04843
4.92798
4.93456
4.93696
5.2858
5.25355
5.38058
5.37638
5.64687
5.64787
5.66613
5.57548
5.5656
5.09832
5.10792
5.11086
5.22069
5.21559
5.22018
5.26961
5.26451
5.26951
5.04902
5.05827
5.06097
5.68332
5.69876
5.7002
5.97581
5.98608
6.00036
5.57093
5.58672
5.58844
5.86247
5.87468
5.88874
5.00103
4.99357
4.9949
4.63422
4.64078
4.63842
5.02012
5.01301
5.01429
4.6139
4.62063
4.61819
5.08483
5.07783
5.07931
4.68581
4.69229
4.69006
5.06973
5.06282
5.06406
4.70218
4.70869
4.70648
5.40249
5.42028
5.41369
5.63392
5.65016
5.64565
5.65651
5.67269
5.66911
5.86482
5.87775
5.87652
6.07592
6.08521
6.08678
5.85031
5.8639
5.86243
5.79173
5.80604
5.8027
6.04962
6.0591
6.06009
5.81898
5.83301
5.83068
5.44187
5.45213
5.45573
5.6844
5.67748
5.68375
5.64444
5.63859
5.64431
5.47273
5.48259
5.48615
6.14453
6.15223
6.16303
5.94031
5.95444
5.95344
6.02182
6.03618
6.03443
5.54046
5.54995
5.55256
5.73393
5.72697
5.73304
5.76327
5.75584
5.76144
5.51859
5.52868
5.53143
6.19422
6.20827
6.20895
6.16059
6.17478
6.1743
6.35273
6.3609
6.37253
5.14055
5.13403
5.13557
4.76426
4.77083
4.76848
5.13128
5.12486
5.12645
4.77066
4.77723
4.77485
5.09187
5.08564
5.08732
4.74738
4.75387
4.75155
5.11174
5.10526
5.10695
4.73024
4.73681
4.73448
5.38211
5.39265
5.38932
5.66158
5.67057
5.66922
5.62199
5.63027
5.62896
5.71396
5.71874
5.71692
5.93542
5.9389
5.94007
5.76796
5.77361
5.77197
5.84283
5.85033
5.84911
5.98206
5.98649
5.98768
5.80624
5.81286
5.81139
5.56597
5.57226
5.57426
5.80114
5.78957
5.79555
5.80818
5.79739
5.80333
5.55045
5.55601
5.55791
6.23105
6.24488
6.24612
6.23226
6.24537
6.24642
6.3373
6.34463
6.35199
5.48776
5.49222
5.49388
5.76792
5.75579
5.76176
5.74758
5.73474
5.74074
5.51666
5.52175
5.52352
6.08254
6.08519
6.09108
6.12737
6.13622
6.13687
6.1534
6.15702
6.16304
6.16499
6.17507
6.1757
4.85475
4.84904
4.85071
4.45049
4.45741
4.45494
4.80194
4.79636
4.79797
4.50232
4.50929
4.50682
4.65016
4.64486
4.6463
4.36339
4.37044
4.36788
4.71394
4.70854
4.71008
4.29938
4.30653
4.30391
4.81921
4.82551
4.82209
5.13308
5.13609
5.13519
5.02881
5.03119
5.03035
5.008
5.00673
5.00453
5.22858
5.22607
5.2277
5.12685
5.1261
5.12392
5.33601
5.33669
5.33452
5.34228
5.3405
5.34198
5.23265
5.23264
5.23045
5.17656
5.17873
5.17993
5.39447
5.37935
5.38502
5.45537
5.4406
5.44631
5.10525
5.10706
5.10809
6.00733
6.00896
6.01477
5.94764
5.95278
5.95363
5.87387
5.87759
5.87853
5.82658
5.82635
5.8322
4.91494
4.91636
4.91717
5.29039
5.27511
5.2807
5.21672
5.20119
5.20673
4.99986
5.00151
5.00247
5.48782
5.4858
5.48728
5.59403
5.59343
5.59475
5.61303
5.61116
5.61721
5.49252
5.48997
5.49617
4.14279
4.13838
4.13924
3.69326
3.70161
3.69826
4.04935
4.04497
4.04571
3.78842
3.79672
3.79343
3.80896
3.80486
3.80535
3.5526
3.56135
3.55775
3.90975
3.90566
3.90629
3.45001
3.45872
3.45504
3.79877
3.80034
3.79788
4.11856
4.11685
4.1163
3.95884
3.95641
3.95605
3.83898
3.83128
3.82995
4.05325
4.04461
4.04788
4.00823
4.00163
4.00005
4.32619
4.32158
4.31967
4.22279
4.21528
4.21822
4.16846
4.16301
4.16122
4.29694
4.29877
4.29902
4.52841
4.51228
4.5174
4.63509
4.61883
4.62416
4.17438
4.17632
4.1764
5.09228
5.08804
5.09475
5.11595
5.10997
5.11207
4.98073
4.97349
4.97584
3.87748
3.87988
3.87974
4.37134
4.35481
4.36011
4.2565
4.2401
4.24521
4.0106
4.01288
4.01289
4.37038
4.35835
4.36161
4.53017
4.51934
4.52243
3.12116
3.11747
3.1175
2.65246
2.66254
2.65775
3.01301
3.00915
3.00897
2.76107
2.77149
2.76684
2.7425
2.73878
2.73834
2.48437
2.4951
2.49011
2.83776
2.83402
2.83384
2.38773
2.39839
2.39334
2.37385
2.36581
2.3662
2.6706
2.65701
2.65994
2.45653
2.43977
2.44341
2.3946
2.21605
2.31066
2.56537
2.39292
2.48761
2.46126
2.43549
2.44398
2.90313
2.8826
2.8844
2.63559
2.61034
2.62007
2.72472
2.69713
2.70161
3.02976
3.0317
3.0316
3.36114
3.34125
3.34725
3.49021
3.47101
3.47683
2.87384
2.87377
2.87408
3.68505
3.67881
3.6883
3.86706
3.84955
3.85302
3.68811
3.66727
3.67107
3.02887
3.02038
3.03108
3.24125
3.23363
3.24433
2.5156
2.50501
2.50946
3.18355
3.16225
3.16858
3.0522
3.02967
3.03672
2.67983
2.67728
2.67821
3.01076
2.876
2.94619
2.10468
1.95226
2.04578
3.23447
3.19653
3.20125
1.85136
1.86073
1.85328
1.92675
1.94954
2.24958
2.26751
2.25278
1.67752
1.71576
2.59654
2.62011
2.61178
1.10145
1.17594
1.25813
1.2758
1.26969
2.37166
2.42386
0.571263
0.552068
0.563709
0.856524
0.838806
0.61722
0.615783
0.101301
1.22557
0.757829
1.85523
1.79404
2.19996
2.56337
2.41179
1.18721
1.34152
3.21888
2.25309
3.22004
3.3662
3.37398
3.37728
3.37413
3.28289
3.2813
3.57576
3.58197
3.57858
3.48009
3.4887
3.48318
3.60524
3.61147
3.60684
3.54018
3.54433
3.54041
3.9774
3.86383
3.86952
3.8651
3.67232
3.67703
3.79188
3.79135
3.79031
3.7035
3.70315
3.70208
3.79897
3.80238
3.79853
3.73666
3.74513
3.73925
4.90876
4.90726
4.91529
5.12156
5.11575
5.12004
4.95696
4.96394
4.96645
5.07842
5.07246
5.07646
5.12611
5.13566
5.13861
5.24777
5.24277
5.24741
5.07617
5.08565
5.08852
5.29822
5.29324
5.29836
4.63496
4.62735
4.62813
4.25847
4.26595
4.2621
4.24831
4.25472
4.25103
4.64911
4.6421
4.64275
4.74968
4.74236
4.74354
4.34633
4.35277
4.34966
4.36162
4.36836
4.36543
4.73221
4.72424
4.72545
5.46462
5.47499
5.47855
5.70797
5.70106
5.70732
5.49531
5.50524
5.50876
5.66862
5.66266
5.66844
5.56137
5.57088
5.57347
5.75608
5.74906
5.75511
5.53982
5.54997
5.55269
5.78477
5.77725
5.78287
5.0127
5.00521
5.00674
4.65365
4.65972
4.6577
4.63177
4.63803
4.63596
5.03305
5.02581
5.02729
5.09826
5.09112
5.0928
4.70512
4.71119
4.7093
4.72249
4.72854
4.7267
5.08245
5.0754
5.07687
5.58263
5.58887
5.59083
5.81659
5.80475
5.81072
5.56651
5.57204
5.57389
5.82442
5.81335
5.81928
5.50246
5.50687
5.50847
5.78228
5.76989
5.77584
5.53192
5.53698
5.53869
5.76111
5.74802
5.754
5.15345
5.14702
5.14864
4.78601
4.79206
4.79014
4.79208
4.79812
4.79617
5.14408
5.13787
5.13951
5.1046
5.09846
5.10021
4.76881
4.7748
4.77291
4.75191
4.75795
4.75606
5.12418
5.1179
5.11964
5.18807
5.19022
5.19136
5.403
5.38788
5.39357
5.11624
5.11804
5.11901
5.46467
5.44988
5.4556
4.92501
4.92645
4.9272
5.29824
5.283
5.2886
5.01039
5.01205
5.01295
5.22387
5.20838
5.21393
4.86486
4.85933
4.86105
4.47102
4.47736
4.47536
4.52307
4.5294
4.52744
4.81163
4.80631
4.80794
4.65874
4.65377
4.65518
4.38337
4.38981
4.38775
4.31917
4.32577
4.32359
4.72308
4.71784
4.71941
4.30552
4.30747
4.30765
4.53269
4.51671
4.52181
4.1826
4.1847
4.18471
4.6398
4.62368
4.629
3.88511
3.8877
3.88749
4.37542
4.35904
4.36432
4.0186
4.02106
4.021
4.26023
4.24399
4.24909
4.14887
4.14454
4.14544
3.71053
3.71832
3.71537
3.80599
3.81369
3.81085
4.0548
4.05061
4.05137
3.81352
3.8096
3.81009
3.56933
3.57751
3.57439
3.46635
3.47458
3.47139
3.91485
3.91089
3.91151
3.03596
3.03807
3.03793
3.36403
3.34431
3.35028
2.87964
2.87974
2.88001
3.49324
3.47421
3.48002
2.52067
2.51026
2.51468
3.18653
3.16537
3.17169
2.68539
2.68301
2.68389
3.05512
3.03271
3.03976
3.12372
3.12032
3.1203
2.66626
2.67556
2.67117
2.77506
2.78475
2.78053
3.01554
3.01198
3.01174
2.74472
2.74138
2.74085
2.49768
2.50769
2.50305
2.40081
2.41071
2.40598
2.83997
2.83655
2.83629
3.79803
4.03154
3.94651
4.41559
4.41789
4.41686
4.33588
4.3405
4.33793
4.27333
4.27804
4.27576
4.61839
4.62326
4.62073
4.40352
4.40883
4.40596
4.4643
4.46965
4.46655
4.97042
4.98068
4.9756
4.82985
4.83797
4.83401
4.78118
4.78882
4.78534
5.13126
5.1436
5.13714
4.88503
4.89393
4.88939
4.92428
4.93362
4.92905
5.28651
5.3012
5.29492
5.0551
5.06914
5.06326
5.05486
5.0685
5.06232
5.30108
5.31222
5.30883
5.05863
5.07259
5.0675
5.05349
5.06597
5.06197
5.18655
5.19438
5.1914
4.88933
4.89894
4.89498
4.94242
4.95215
4.94841
5.00617
5.01241
5.00936
4.8334
4.84308
4.83893
4.76525
4.77447
4.77033
4.55462
4.55973
4.5563
4.22299
4.23011
4.22608
4.3327
4.34028
4.33614
4.19853
4.20209
4.19913
4.11136
4.11829
4.11427
3.98915
3.99552
3.99166
3.48416
3.48526
3.48339
3.14637
3.15021
3.14736
3.30342
3.30786
3.3047
2.98031
2.97894
2.9782
2.9884
2.99199
2.98933
2.82031
2.82324
2.82097
1.7139
1.71014
1.71062
2.03116
2.02224
2.02399
1.90753
1.90533
1.90512
3.83526
3.84234
3.78986
3.79455
3.79186
3.92077
3.91916
4.14296
4.07891
4.08255
4.01219
4.01496
3.87011
3.86087
3.86658
4.02174
4.02483
4.02295
3.9663
3.97119
4.3341
4.33687
4.13789
4.14268
4.14126
4.21631
4.21114
4.21384
4.26236
4.26557
4.26323
4.07137
4.07398
4.07216
4.20652
4.21007
4.20777
4.0861
4.08901
4.08658
4.0114
4.01382
4.01197
4.13847
4.14179
4.13944
4.69518
4.70139
4.69851
4.59349
4.59993
4.59626
4.53408
4.5402
4.5367
4.33125
4.33431
4.33193
4.23672
4.23932
4.23758
4.38944
4.39205
4.38972
4.51484
4.51746
4.51557
4.29853
4.30123
4.29945
4.45849
4.46112
4.45904
4.89855
4.90783
4.90322
4.66189
4.66903
4.66507
4.71778
4.72484
4.72131
4.73542
4.7407
4.73761
4.50714
4.51152
4.50901
4.69114
4.69602
4.693
4.58008
4.58362
4.58112
4.45323
4.45692
4.45475
4.63147
4.63555
4.63269
5.18026
5.19336
5.18664
4.99458
5.00547
5.00044
4.96715
4.97759
4.97274
4.78609
4.79224
4.78887
4.62229
4.62828
4.62474
4.82093
4.82737
4.82388
4.88429
4.89197
4.88795
4.65869
4.66544
4.66147
4.86111
4.8684
4.86456
5.26422
5.27875
5.27239
5.02431
5.03638
5.03082
5.03861
5.05121
5.04538
4.93021
4.94082
4.93639
4.72231
4.73168
4.72648
4.93542
4.94548
4.94071
4.9117
4.9203
4.91594
4.71112
4.71962
4.7148
4.92209
4.93109
4.92661
5.29984
5.31034
5.30719
5.03403
5.04505
5.04165
5.051
5.06284
5.05923
4.93167
4.94188
4.93824
4.69687
4.70679
4.70272
4.92195
4.93123
4.92821
4.8968
4.90491
4.90228
4.69835
4.69463
4.91695
4.92571
4.9229
5.22569
5.2339
5.23104
5.01506
5.02551
5.02207
4.98051
4.99029
4.98681
4.74734
4.75398
4.75159
4.80124
4.80823
4.80582
4.87629
4.884
4.88143
4.83931
4.84647
4.84408
4.93302
4.93906
4.9359
4.61259
4.62105
4.6169
4.69491
4.70388
4.69968
4.69219
4.69888
4.69635
4.62206
4.6286
4.62603
4.46679
4.47321
4.4705
4.55149
4.5581
4.55541
4.6575
4.66278
4.65936
4.52784
4.53607
4.53188
4.43148
4.43925
4.43512
4.07528
4.08117
4.07842
4.18616
4.19232
4.18951
4.38206
4.38852
4.38573
4.28391
4.29013
4.28736
4.06971
4.07295
4.07015
3.73124
3.73679
3.73319
3.8654
3.87155
3.86774
3.96519
3.971
3.96823
3.84226
3.8478
3.84511
3.58673
3.59173
3.58921
3.72073
3.7261
3.72343
3.63773
3.63927
3.63719
3.59588
3.60118
3.59767
3.45014
3.45479
3.45153
3.01153
3.01501
3.01295
3.1662
3.17016
3.16793
3.45426
3.45897
3.45652
3.30963
3.31393
3.31166
2.80311
2.80083
2.80052
2.47215
2.47373
2.47207
2.65041
2.65295
2.65098
2.85771
2.86085
2.85894
2.69326
2.69577
2.69415
2.355
2.35611
2.35521
2.52866
2.53057
2.52929
1.62297
1.61998
1.62139
1.80831
1.80644
1.80715
2.23198
2.22521
2.22632
2.29034
2.2909
2.28962
2.10341
2.1026
2.10183
2.17914
2.17942
2.17895
1.99757
1.99693
1.99694
4.63726
4.64278
4.63947
5.18498
5.20272
5.19558
5.45408
5.46927
5.46505
5.23323
5.24252
5.23896
4.48802
4.49263
4.48945
3.31338
3.31257
3.31062
1.72576
1.71176
1.71411
4.58419
4.58755
4.58542
5.13918
5.15689
5.1493
5.45662
5.47399
5.46851
5.3013
5.31109
5.30757
4.61028
4.61561
4.61225
3.48373
3.48396
3.48173
1.95005
1.93655
1.93887
4.49872
4.50329
4.5002
4.57622
4.5812
4.57832
5.04852
5.05951
5.05441
5.10932
5.12135
5.11537
5.3088
5.32302
5.3175
5.3188
5.33157
5.32733
5.1443
5.15176
5.14867
5.08709
5.09417
5.091
4.44834
4.45311
4.44974
4.33188
4.33634
4.33308
3.32522
3.32569
3.32417
3.15943
3.15927
3.15806
1.83076
1.81975
1.82189
3.68736
3.88784
3.77637
3.78189
3.77928
3.41171
3.4186
3.54958
3.55569
4.13997
4.84234
4.85275
4.84816
4.99686
5.30636
5.31506
5.31958
5.33488
5.35286
5.34546
5.81264
5.82379
5.82153
5.98577
5.99588
5.9946
5.43719
5.44923
5.44577
6.09554
6.10344
6.10501
6.05396
6.05978
6.06107
5.00563
5.01324
5.00967
5.80809
5.80995
5.81102
5.55128
5.55093
5.55218
4.09268
4.09546
4.09272
4.97528
4.97142
4.97337
4.54322
4.53733
4.53982
2.76961
2.76514
2.76424
3.69124
3.67951
3.68359
3.09409
3.07318
3.07978
1.00955
0.991153
0.99908
2.17603
2.04214
1.28205
4.33671
4.85361
4.94323
4.95632
4.95056
5.75466
5.76609
5.76425
5.45737
5.46948
5.46998
5.16378
5.43308
5.43782
5.4408
5.79904
5.81415
5.81478
5.53411
5.54884
5.54839
5.39714
5.41539
5.40813
6.11285
6.1217
6.12331
6.05968
6.06949
6.06867
5.90061
5.9154
5.91516
6.1028
6.11678
6.11558
6.23446
6.24916
6.2505
6.15772
6.17216
6.17121
5.43076
5.44242
5.43888
5.89236
5.89531
5.8963
6.04799
6.05331
6.05445
6.25256
6.26712
6.26848
6.23662
6.24911
6.24993
6.08915
6.09701
6.09763
6.21731
6.22879
6.22945
4.92551
4.93289
4.92921
5.11517
5.1123
5.11395
5.46694
5.46607
5.46732
6.0313
6.03792
6.03861
5.79701
5.79943
5.80037
5.3758
5.37262
5.37417
5.70567
5.70663
5.70769
3.9546
3.95716
3.95443
3.88164
3.87197
3.87549
4.39615
4.38979
4.39234
5.25372
5.24923
5.25098
4.83869
4.83047
4.83296
4.20591
4.19265
4.19592
4.68995
4.68048
4.68324
2.57555
2.56984
2.56942
2.17475
2.14253
2.88809
2.86087
2.86855
4.03497
4.01994
4.02339
3.5393
3.51288
3.51649
3.10398
2.98118
3.34366
3.30822
3.31458
0.70259
0.682368
0.69283
2.27516
3.88215
4.20739
4.15494
4.23964
4.2485
4.2452
3.7562
3.75912
4.70256
4.70919
4.7059
4.78927
4.79163
4.79034
4.86789
4.87173
4.86887
5.23763
5.25542
5.24837
5.42391
5.44082
5.43599
5.48415
5.50043
5.49614
5.45503
5.46901
5.46514
5.71152
5.72447
5.72265
5.70875
5.72051
5.71895
5.1633
5.17208
5.16849
5.4635
5.46955
5.4683
5.38971
5.39502
5.39389
4.3615
4.36542
4.3624
4.68218
4.68276
4.68198
4.54904
4.54911
4.54836
3.13788
3.13591
3.13423
3.44903
3.44352
3.44413
3.26343
3.25629
3.25749
1.46954
1.45597
1.45949
1.82125
1.79078
1.80024
1.72697
1.54603
1.64821
3.83263
4.51264
4.51544
4.73495
4.73487
4.67227
4.66609
5.08044
5.09734
5.0899
5.36976
5.38724
5.38174
5.29646
5.31396
5.30804
5.44614
5.46497
5.45837
5.71884
5.73325
5.73112
5.70707
5.72266
5.72008
5.35503
5.36544
5.36194
5.53773
5.54489
5.54348
5.59588
5.60371
5.60227
4.72357
4.72964
4.72613
4.81244
4.81386
4.81297
4.93184
4.93384
4.93293
3.64762
3.6488
3.64636
3.62937
3.62532
3.62549
3.80227
3.79927
3.79905
2.16314
2.15333
2.15421
2.03067
2.00335
2.01102
2.25322
2.23174
2.23648
-0.0758409
-0.086171
-0.065346
-0.0386731
-0.0393704
5.05048
5.22899
4.2975
4.31101
4.30344
4.715
4.71478
4.71423
4.68194
4.68257
4.6815
4.32017
4.33316
4.32554
2.43674
1.34484
1.61825
3.07931
2.91256
1.827
1.84119
1.82962
2.20642
2.19234
2.19374
2.25501
2.2443
2.24249
1.75581
1.76902
1.75948
-0.0896354
-0.0148806
-0.0247082
3.9427
4.05917
4.15938
3.72044
3.83443
3.92562
0.156702
0.217333
0.212349
3.60682
3.60922
3.60714
3.46165
3.46842
3.46531
3.69584
3.69775
3.69561
3.5399
3.54308
3.54008
3.34143
3.34529
3.34247
4.33273
4.34636
4.33883
4.72935
4.72946
4.72876
4.69606
4.69678
4.69558
4.35727
4.37016
4.36264
5.01791
5.19452
4.37358
4.3862
4.37881
4.75526
4.75338
4.75402
4.36469
4.37699
4.36982
4.78052
4.77838
4.77952
4.47664
4.49032
4.48256
4.99915
4.99363
4.99709
4.48022
4.49443
4.48644
4.97702
4.97206
4.97536
5.47885
5.44392
5.33628
5.42908
6.02497
6.031
6.0439
6.05415
6.06202
6.07491
6.11905
6.1258
6.13997
4.5179
4.53286
4.5245
5.04883
5.0426
5.04621
4.51454
4.52904
4.52089
5.06878
5.06199
5.06576
4.5952
4.61183
4.60288
5.20515
5.19603
5.19924
4.59139
4.60835
4.59936
5.20217
5.19345
5.19672
6.31093
6.31795
6.33099
6.23194
6.2392
6.25332
6.20075
6.20861
6.21872
6.60752
6.61054
6.62196
6.37336
6.38221
6.39176
6.62614
6.62817
6.63952
6.37249
6.38137
6.39194
4.5856
4.6027
4.59373
5.21481
5.20534
5.20843
4.59551
4.61247
4.60354
5.20793
5.19793
5.20139
4.47139
4.48837
4.47969
5.06226
5.05259
5.0571
4.43621
4.45344
4.44465
5.09715
5.08741
5.09214
6.64849
6.64829
6.65932
6.37367
6.38223
6.39091
6.6492
6.65012
6.6613
6.35661
6.36465
6.37261
6.53507
6.52818
6.5389
6.47689
6.46882
6.47953
4.33759
4.35491
4.34611
5.00677
4.99647
5.00098
4.3824
4.39941
4.39069
4.96104
4.95074
4.95501
3.96893
3.98574
3.97648
4.49691
4.48453
4.48817
3.89399
3.91086
3.90143
4.57577
4.56354
4.5674
6.34357
6.33294
6.34369
6.41993
6.41047
6.42118
5.91908
5.91978
5.92558
5.8643
5.84831
5.85919
5.23197
5.22824
5.23479
5.73977
5.72321
5.7341
5.36792
5.36473
5.37109
3.701
3.71774
3.70812
4.38172
4.36889
4.3725
3.78502
3.80169
3.79221
4.29286
4.27992
4.28332
3.11904
3.13489
3.12485
3.56255
3.5481
3.5508
3.0148
3.03056
3.02038
3.67457
3.66023
3.66309
5.47906
5.46157
5.47238
5.61712
5.5999
5.61075
4.94157
4.93693
4.94386
4.72983
4.71182
4.72217
3.89087
3.88501
3.89399
4.5616
4.54358
4.55388
4.08577
4.0801
4.08878
2.76105
2.77633
2.76609
3.40571
3.39104
3.39371
2.86758
2.88301
2.8729
3.2903
3.27558
3.27806
2.06094
2.07376
2.06382
2.46325
2.4489
2.4495
2.01308
2.02582
2.01516
2.52652
2.51132
2.51314
4.22497
4.20558
4.21599
4.3988
4.38035
4.39061
3.47713
3.47076
3.48056
3.47833
3.237
3.37918
2.11163
1.96241
3.01742
3.02449
1.83805
1.85128
1.83968
2.19814
2.18343
2.18491
2.24522
2.23388
2.23217
1.76889
1.781
1.77147
-0.0807444
-0.00682198
-0.0167603
3.90961
4.02422
4.12337
0.156537
0.216333
0.211074
3.70962
3.82254
3.91349
2.43805
3.07963
2.91294
1.61153
3.59812
3.60104
3.59881
3.44975
3.45638
3.45329
3.6854
3.6868
3.68488
3.32227
3.32584
3.32307
3.52007
3.52309
3.52014
5.5173
5.48274
5.32977
5.37323
6.06386
6.0703
6.0835
6.0196
6.02941
6.04399
6.1574
6.1645
6.17877
4.33465
4.34762
4.34008
4.74351
4.74119
4.74197
4.32799
4.34044
4.33315
4.76914
4.76666
4.76784
4.43513
4.44926
4.44141
4.99466
4.98854
4.99193
4.97241
4.96679
4.96996
4.43825
4.45289
4.44484
6.34731
6.35459
6.36775
6.18709
6.19532
6.20599
6.24107
6.24898
6.2593
6.26933
6.27693
6.29099
6.63705
6.64019
6.65175
6.40758
6.41663
6.42724
6.65398
6.65611
6.66756
4.47685
4.49221
4.48386
5.04628
5.03944
5.04302
5.06644
5.059
5.06273
4.47321
4.48817
4.47998
4.55835
4.57566
4.56657
5.20782
5.19898
5.20188
5.20403
5.19554
5.19852
4.55504
4.5727
4.56351
6.67303
6.67281
6.68392
6.67545
6.67643
6.68771
6.55123
6.54428
6.55504
6.17929
6.18301
6.18893
6.49139
6.48325
6.494
4.55074
4.56848
4.55937
5.21772
5.20861
5.21136
5.21138
5.20188
5.20494
4.56005
4.57767
4.56857
4.4388
4.45638
4.44766
5.06493
5.05556
5.05992
5.09973
5.09025
5.09485
4.40421
4.42206
4.41325
6.35503
6.34435
6.35511
6.03097
6.03269
6.03836
6.43295
6.42342
6.43416
5.86926
5.85326
5.86413
5.38624
5.38313
5.38927
5.74354
5.72697
5.73784
4.30673
4.32466
4.31584
5.00944
4.99947
5.00384
4.96391
4.95397
4.95812
4.35088
4.3685
4.35975
3.9413
3.95894
3.94974
4.50101
4.48908
4.49267
4.57949
4.56771
4.57152
3.86729
3.88502
3.87568
5.48107
5.46359
5.47437
4.95757
4.95296
4.95969
5.62001
5.60275
5.61358
4.72957
4.7116
4.72197
4.09759
4.09183
4.1004
4.56113
4.54315
4.55345
3.67576
3.69341
3.68389
4.38582
4.37351
4.37705
4.29739
4.28495
4.28829
3.75881
3.77639
3.767
3.09785
3.11486
3.10488
3.56854
3.55474
3.55734
3.68006
3.66641
3.66914
2.99462
3.01154
3.00144
4.22423
4.2049
4.2153
4.39825
4.37984
4.3901
3.47813
3.23645
3.37904
3.01632
3.02382
2.74279
2.75936
2.74912
3.41163
3.39769
3.4002
3.29673
3.28269
3.28506
2.8482
2.86495
2.85482
2.04617
2.06028
2.05032
2.47182
2.45808
2.4586
1.99951
2.01346
2.00281
2.53431
2.51976
2.5215
4.19756
4.20271
4.29965
4.29811
4.78329
4.79063
4.78722
4.85973
4.86846
4.86423
5.23036
5.24472
5.23787
5.26401
5.27918
5.27238
5.2965
5.30631
5.30327
5.27557
5.28483
5.2818
4.85649
4.86237
4.85903
4.76683
4.77272
4.76921
3.93642
3.93916
3.9366
3.79468
3.79705
3.79468
2.61997
2.61663
2.6167
2.43087
2.42626
2.4267
3.66309
3.59666
3.60313
3.59968
3.72491
3.72477
3.72365
3.61776
3.62377
3.6193
3.74691
3.75509
3.74941
4.13167
4.77871
4.78762
4.78361
5.01171
5.02372
5.01965
4.94266
4.95132
4.94825
4.88389
4.89046
5.12125
5.12131
4.96282
4.97352
5.10939
5.12399
5.12083
5.22466
5.23621
5.05211
5.06062
5.06022
5.29491
5.31315
5.30559
5.59018
5.60624
5.60148
5.54854
5.56473
5.56039
5.5595
5.57568
5.57162
5.87506
5.88555
5.88338
5.62505
5.64054
5.63689
5.74235
5.75715
5.75356
5.9447
5.95448
5.95271
5.69654
5.71147
5.70822
5.45393
5.46701
5.46336
5.68438
5.6942
5.69285
5.70535
5.71605
5.71458
5.88202
5.89387
5.89283
6.0882
6.09542
6.09691
5.88151
5.8923
5.89135
5.86253
5.87109
5.87
6.07961
6.08608
6.08748
5.88082
5.89046
5.88952
5.08994
5.09841
5.09472
5.22463
5.22834
5.22742
5.31393
5.31836
5.31735
5.65784
5.66169
5.65976
5.72885
5.73
5.7311
5.58671
5.58979
5.58772
5.42586
5.42736
5.4252
5.64653
5.64688
5.64805
5.51335
5.51557
5.51346
4.23207
4.23554
4.23261
4.26724
4.26616
4.26551
4.41385
4.41336
4.41264
4.88641
4.88468
4.88246
4.83659
4.83204
4.83418
4.7535
4.75118
4.74897
4.47346
4.46972
4.46767
4.69492
4.68964
4.69199
4.61909
4.61602
4.6139
2.95712
2.95404
2.9526
2.87415
2.86276
2.86535
3.07432
3.06522
3.06697
3.66542
3.65612
3.65518
3.50121
3.48709
3.49175
3.48684
3.47585
3.47526
3.11471
3.09834
3.0989
3.30229
3.28469
3.29009
3.29806
3.28441
3.2845
1.27782
1.25536
1.26291
1.04505
1.01872
1.44366
1.43782
2.04203
2.02922
1.63018
1.58462
1.55025
0.981733
2.1664
1.90593
1.77032
3.83191
3.76451
4.41947
4.41907
4.39149
4.55413
4.81089
4.80982
4.69571
4.72028
4.49861
5.00638
5.02122
5.01461
5.12758
5.14391
5.13824
5.20456
5.22184
5.21578
5.49667
5.51388
5.50966
5.66915
5.68029
5.67978
5.41757
5.43528
5.43099
5.23461
5.25148
5.24779
5.55406
5.56543
5.56581
5.31307
5.33046
5.32658
5.2852
5.47455
5.41159
5.40814
5.69159
5.6928
5.71171
5.61922
5.61019
6.09781
6.10526
6.11771
5.71741
5.733
5.73424
5.60501
5.62097
5.6226
5.81759
5.83121
5.84437
5.90678
5.91875
5.93333
5.42102
5.43933
5.43255
5.65816
5.67485
5.67028
5.67995
5.69655
5.69294
5.88693
5.9002
5.89896
6.10469
6.11417
6.11573
5.8732
5.88724
5.88577
5.81651
5.83117
5.82782
6.07888
6.08863
6.08965
5.84253
5.85697
5.85469
5.97289
5.98738
5.98625
6.05278
6.06737
6.06554
6.33544
6.34175
6.35331
6.3027
6.31017
6.32083
6.40734
6.41634
6.42589
6.22013
6.23451
6.23522
6.18758
6.20203
6.20154
5.39476
5.40561
5.40214
5.67917
5.68844
5.68699
5.63868
5.64724
5.64582
5.72728
5.73247
5.73052
5.95533
5.95913
5.96017
5.78237
5.78842
5.78666
5.85952
5.86738
5.86606
6.00298
6.00766
6.00874
5.82176
5.82876
5.82719
6.40655
6.41524
6.42393
6.25362
6.26766
6.26886
6.38833
6.3965
6.40445
6.25358
6.26688
6.26786
6.10726
6.10999
6.11577
6.14353
6.15253
6.15306
6.18223
6.1925
6.19304
6.29184
6.29754
6.30398
6.23746
6.24219
6.24833
4.82628
4.83286
4.82931
5.14394
5.14725
5.14624
5.03906
5.04173
5.04079
5.01491
5.01403
5.01172
5.24106
5.2388
5.2403
5.13433
5.13399
5.13169
5.34489
5.34599
5.3437
5.35555
5.35402
5.35539
5.24079
5.2412
5.23888
5.9598
5.96509
5.96584
5.94169
5.94245
5.94812
5.88492
5.88877
5.88961
5.74266
5.74163
5.7474
5.84829
5.84811
5.85381
5.24963
5.246
5.25232
5.49474
5.4929
5.49426
5.60185
5.60142
5.60262
5.63295
5.63113
5.63699
5.51156
5.50907
5.51507
3.80257
3.80439
3.80183
4.12487
4.12343
4.12278
3.96471
3.96254
3.9621
3.84238
3.83508
3.83361
4.06016
4.05182
4.05497
4.01195
4.00577
4.00407
4.33062
4.32642
4.3244
4.2303
4.22308
4.2259
4.17253
4.16751
4.16559
5.10923
5.10508
5.11157
5.12057
5.1148
5.11677
4.9848
4.97779
4.98002
4.8023
4.79731
4.80429
3.90173
3.89588
3.90479
4.37222
4.36044
4.36359
4.53251
4.52191
4.52487
2.37537
2.36757
2.36794
2.67365
2.66029
2.66313
2.45934
2.44277
2.44634
2.39655
2.21756
2.3126
2.56851
2.39559
2.49065
2.46229
2.43691
2.44532
2.90481
2.8847
2.88632
2.63859
2.61357
2.62326
2.72641
2.69914
2.70344
3.69524
3.68901
3.69844
3.86728
3.85005
3.85344
3.48656
3.48022
3.48998
3.68775
3.66717
3.67086
2.11728
1.96756
3.00906
2.8742
2.94461
2.10997
1.95716
2.05088
3.23233
3.19492
3.19954
2.73528
2.71981
2.73354
2.53665
2.52595
2.53767
0.571627
0.552379
0.564077
0.858049
0.840588
0.617932
0.6167
0.101192
1.22742
0.758175
3.21465
4.52798
4.83103
4.79953
4.7412
4.62533
4.61954
4.29343
4.31659
4.30768
4.50643
4.52093
4.51577
4.55203
4.57152
4.57056
4.21234
4.22255
4.22036
4.41282
4.4234
4.42019
4.45904
4.46698
4.45934
4.11948
4.12808
4.0815
4.09999
4.48279
4.49098
4.4826
4.33183
4.3452
4.33716
4.62357
4.63448
4.63209
4.2542
4.2759
4.26817
4.69864
4.70174
4.69855
3.29458
2.59044
1.59858
1.6008
2.58434
2.57817
2.57758
2.46767
2.31416
2.40277
2.03075
2.05466
5.57427
0.584396
2.30273
2.30126
2.29964
1.94485
1.95031
1.95124
2.09141
1.93576
2.032
2.23818
2.2347
2.23464
1.40939
1.42077
1.4127
2.16409
2.15905
2.15258
1.79312
1.81056
1.79541
1.81134
1.79753
1.79904
0.0660275
0.150442
0.140005
4.24255
4.52534
-0.085601
0.077292
4.44595
4.60041
4.71248
2.09768
2.11304
2.10577
1.22656
1.21948
1.22305
0.879215
0.894893
0.889573
2.39504
2.40011
2.39639
3.17544
3.17478
3.26197
3.26202
3.26029
3.11321
3.11625
3.26681
3.26973
3.26599
3.20236
3.20915
3.2039
3.36828
3.17631
3.18116
3.2744
3.27592
3.37487
3.38212
3.55063
3.55439
3.5507
3.33775
3.34416
3.33971
3.62591
3.44368
3.65767
3.812
3.81547
3.81168
3.61756
3.62139
4.00934
4.01304
4.00998
3.99427
3.99324
3.99321
4.02463
4.03423
4.02822
3.91026
4.30671
4.32942
4.32087
4.56878
4.5891
4.58821
4.24506
4.25574
4.25369
4.78704
4.79707
4.79993
4.44833
4.45891
4.45595
4.36704
4.38053
4.37249
4.63882
4.64976
4.64734
4.71562
4.7187
4.71537
4.28784
4.3096
4.3019
4.4651
4.47291
4.46535
4.12377
4.13261
4.08747
4.10568
4.48822
4.49627
4.48796
4.49951
4.80555
4.77436
4.71743
4.5978
4.59175
4.39909
4.41134
4.4042
4.8495
4.8461
4.84835
4.40348
4.4163
4.40892
4.82576
4.82245
4.82438
4.56118
4.55587
4.55561
4.17161
4.16234
4.16881
4.54747
4.54165
4.54177
4.16884
4.17788
4.17278
4.44061
4.45401
4.4464
4.90134
4.89724
4.89995
4.43703
4.44983
4.44248
4.92421
4.91996
4.92294
4.82446
4.81646
4.8177
4.45252
4.45919
4.45643
4.43356
4.44036
4.43734
4.84304
4.83563
4.83689
4.76332
4.7619
4.87944
4.86171
4.87142
4.69546
4.69633
4.91759
4.91945
4.91773
5.57541
5.56823
5.67035
5.66305
5.67979
5.2042
5.21447
5.21761
5.43325
5.42757
5.43305
5.38255
5.3776
5.38274
5.24929
5.26004
5.26313
5.89713
5.90094
5.91365
5.77359
5.78724
5.79988
5.797
5.79929
5.81115
4.5489
4.564
4.55552
5.13024
5.12228
5.12577
4.55174
4.56715
4.55857
5.11312
5.10553
5.10936
4.93774
4.93027
4.93164
4.52835
4.53476
4.53221
4.91752
4.90988
4.91113
4.54933
4.5559
4.55336
4.57881
4.59518
4.58631
5.16665
5.15841
5.16165
4.57787
4.59387
4.58512
5.17705
5.16852
5.17182
5.11841
5.1116
5.11305
4.74796
4.75478
4.75211
4.73751
4.74429
4.74163
5.12611
5.11956
5.12072
5.3754
5.38599
5.38943
5.52586
5.52081
5.52627
5.3354
5.34667
5.34994
5.57284
5.56721
5.5729
6.40157
6.40778
6.42078
6.29728
6.30353
6.31495
6.45992
6.46556
6.47801
6.26317
6.27039
6.28088
5.56635
5.5753
5.5778
5.80928
5.80045
5.80627
5.79107
5.78314
5.78875
5.57681
5.58497
5.58742
6.56346
6.56749
6.57891
6.33527
6.34211
6.35421
6.5255
6.5305
6.54201
4.57653
4.59338
4.58456
5.18261
5.17351
5.17816
4.55957
4.57672
4.56788
5.19883
5.18868
5.19312
5.14208
5.13563
5.137
4.7666
4.77333
4.77077
5.14243
5.13582
5.13711
4.76941
4.7761
4.77366
4.51024
4.52747
4.5187
5.16006
5.15062
5.15542
4.53603
4.55294
4.54422
5.13595
5.12675
5.13141
5.05409
5.04789
5.04962
4.66621
4.67294
4.67061
4.69484
4.70146
4.69912
5.02347
5.01751
5.01922
5.58032
5.58718
5.58932
5.81607
5.80668
5.81259
5.5824
5.59001
5.59225
5.82192
5.81173
5.81772
6.65089
6.64929
6.66019
6.30204
6.30855
6.31543
6.63073
6.62781
6.63863
5.43558
5.43953
5.4411
5.66125
5.64748
5.65342
5.69527
5.68205
5.68798
5.39274
5.39612
5.39757
6.573
6.56747
6.57822
6.26361
6.2692
6.2757
6.61265
6.60833
6.61911
6.21043
6.21505
6.22127
4.26903
4.28613
4.27732
4.83285
4.82176
4.8259
4.21388
4.23113
4.22215
4.88969
4.87869
4.88305
4.92677
4.92094
4.92264
4.6129
4.61972
4.61732
4.9683
4.96236
4.96409
4.57286
4.57972
4.57731
4.06558
4.08263
4.07343
4.74577
4.73415
4.73829
4.13083
4.1478
4.13879
4.67767
4.66593
4.66984
4.54723
4.54216
4.54351
4.12098
4.12848
4.12562
4.19655
4.20393
4.20117
4.47262
4.46765
4.46889
5.26495
5.26743
5.26868
5.59071
5.57667
5.58251
5.32216
5.3251
5.32649
5.54314
5.52859
5.5344
6.26833
6.25636
6.26715
5.72193
5.72085
5.72679
6.17467
6.16166
6.17249
4.79345
4.7949
4.79564
5.01141
4.99563
5.00102
5.09728
5.0816
5.08707
4.69525
4.69661
4.69719
5.97255
5.95751
5.9684
6.08229
6.06809
6.07894
3.58053
3.59703
3.58735
4.06711
4.05357
4.05672
3.48817
3.50466
3.49482
4.16526
4.1519
4.15523
4.27168
4.26705
4.26805
4.00407
4.0119
4.00889
4.35622
4.35147
4.35257
3.91811
3.92608
3.92299
3.25859
3.27478
3.26476
3.92866
3.91479
3.91787
3.35763
3.37387
3.36398
3.82276
3.80877
3.81167
3.65991
3.65599
3.6564
3.19198
3.20114
3.19714
3.30027
3.30958
3.30572
3.55311
3.54923
3.54949
4.44777
4.44933
4.44965
4.87792
4.8619
4.86728
4.55857
4.56009
4.56059
4.78116
4.76522
4.77046
5.34344
5.32557
5.33628
4.62175
4.61649
4.624
5.19345
5.17557
5.18621
4.7871
4.7821
4.78928
3.70171
3.70439
3.70421
3.96817
3.95119
3.95638
4.08988
4.07289
4.07824
3.55894
3.56163
3.56135
4.88618
4.86832
4.87875
4.4522
4.44672
4.45459
5.04646
5.02844
5.03895
4.27203
4.26642
4.27471
2.60606
2.62084
2.61074
3.01026
2.99528
2.99745
2.50219
2.51663
2.50634
3.12432
3.10938
3.11187
3.28631
3.28259
3.28265
3.03481
3.04479
3.04056
3.39606
3.39235
3.39255
2.92415
2.93386
2.92951
2.24757
2.26141
2.25104
2.83199
2.81701
2.81916
2.33719
2.35122
2.3411
2.72994
2.7153
2.71692
2.54562
2.54132
2.54115
2.15291
2.15642
2.15407
2.20876
2.21895
2.21405
2.49097
2.48673
2.48585
3.22331
3.22582
3.22558
3.79451
3.77684
3.78229
3.3731
3.37602
3.37576
3.66895
3.65104
3.65653
4.06147
4.03969
4.05051
3.88181
3.8542
3.86636
2.30327
2.29931
2.30622
2.72845
2.70192
2.71163
2.87666
2.85558
2.86178
2.21268
2.01676
2.13703
3.49261
3.45003
3.47174
2.72758
2.71206
2.72578
3.73605
3.69395
3.71009
2.52975
2.51898
2.53072
1.42061
1.43098
1.42288
2.15248
2.147
2.14048
1.80281
1.78847
1.79007
1.80074
1.81723
1.80206
2.2999
2.29809
2.29653
1.9339
1.9397
1.94036
2.23638
2.2325
2.23255
2.07972
1.92549
2.02089
2.09988
2.1149
2.10724
1.21981
1.21243
1.21574
2.37939
2.38401
2.37979
0.888943
0.903681
0.898347
0.0693032
0.153212
0.14278
4.21082
4.49162
-0.0869719
0.0749622
4.42357
4.57707
4.68865
1.59501
1.597
2.58132
2.57495
2.57439
2.02638
2.05004
2.46468
2.31166
2.39984
3.29394
2.59069
5.55593
0.584174
3.357
3.15656
3.15591
3.24304
3.24298
3.24124
3.03476
3.03949
3.1979
3.1924
3.10802
3.11163
3.2538
3.25649
3.25279
3.6227
3.44375
3.1695
3.17453
3.26783
3.2699
3.36979
3.37748
3.32657
3.33278
3.32834
3.91667
3.99826
4.00158
3.99868
3.96751
3.96613
3.96619
4.01118
4.02081
4.01463
3.61235
3.61677
5.61422
5.60738
5.70921
5.70238
5.71896
4.79219
4.79095
4.90519
4.88801
4.89761
4.72374
4.72524
4.94573
4.94769
4.94604
5.9363
5.94055
5.95329
5.83601
5.83862
5.85066
5.22994
5.24042
5.24354
5.46055
5.45484
5.4604
5.40922
5.40418
5.40943
5.27539
5.28634
5.28953
4.55918
4.55392
4.55368
4.17135
4.16174
4.16859
4.54481
4.53895
4.53911
4.17065
4.17918
4.1745
4.36027
4.37291
4.36561
4.84055
4.83669
4.83903
4.81655
4.8128
4.81481
4.36293
4.37625
4.3687
4.39893
4.41284
4.40508
4.89447
4.88986
4.89263
4.91782
4.91293
4.91587
4.39648
4.40979
4.40227
4.8321
4.82414
4.8255
4.46793
4.47397
4.47166
4.4472
4.45343
4.45087
4.85174
4.84427
4.84571
6.43676
6.44323
6.45633
6.49379
6.49967
6.51216
5.39991
5.4106
5.41397
5.55148
5.5465
5.552
5.35976
5.37108
5.37439
5.59829
5.59259
5.59836
6.59447
6.59865
6.61021
6.37221
6.37917
6.39158
6.38864
6.39706
6.40881
6.55803
6.5632
6.57485
5.58603
5.59497
5.59746
5.82873
5.81975
5.82563
5.81124
5.80317
5.80883
5.59603
5.60419
5.60659
4.50907
4.52463
4.51615
5.13061
5.12285
5.12592
5.11344
5.10565
5.10915
4.51259
4.5287
4.52001
4.94912
4.94143
4.94301
4.54428
4.55021
4.54807
4.92757
4.91996
4.9214
4.56691
4.57301
4.57092
4.54129
4.55837
4.54934
5.16779
5.15981
5.16269
5.17881
5.17061
5.17357
4.53973
4.55647
4.54755
5.13154
5.12462
5.12626
4.76914
4.77533
4.77313
4.75789
4.76415
4.76188
5.13976
5.13309
5.13444
6.67381
6.67215
6.68312
6.33142
6.33806
6.34489
6.36788
6.37534
6.38267
6.65184
6.64887
6.65977
5.59793
5.60476
5.60686
5.83415
5.82451
5.83042
5.60054
5.60813
5.61033
5.83928
5.82883
5.83482
6.59067
6.5851
6.5959
6.63208
6.62772
6.63856
5.44951
5.45341
5.45493
5.67293
5.65899
5.6649
5.70775
5.69432
5.70023
5.40606
5.4094
5.41079
4.54206
4.55945
4.55054
5.1859
5.1767
5.1812
5.20219
5.19221
5.1963
4.52549
4.54317
4.53427
5.15557
5.14909
5.15062
4.78775
4.79383
4.79176
5.15568
5.14902
5.15048
4.79097
4.7971
4.7951
4.47712
4.49491
4.48609
5.16294
5.15364
5.15835
5.13868
5.12966
5.13422
4.50241
4.51986
4.51109
5.0662
5.0601
5.0619
4.6877
4.69388
4.69199
4.71617
4.72224
4.72037
5.03559
5.02962
5.03143
6.27843
6.26642
6.2772
6.18334
6.1703
6.18113
5.27702
5.27947
5.28066
5.60156
5.58739
5.59322
5.3348
5.33771
5.33904
5.5532
5.5386
5.54441
5.97864
5.9636
5.97447
6.08969
6.07547
6.08632
4.8032
4.80469
4.80536
5.0174
5.00169
5.00709
5.10389
5.0883
5.09377
4.70461
4.70602
4.70654
4.23869
4.25648
4.24768
4.83605
4.82542
4.82945
4.89261
4.88203
4.88626
4.18439
4.20231
4.19336
4.93773
4.93201
4.93378
4.63399
4.64022
4.63831
4.9796
4.97371
4.97555
4.59407
4.60032
4.59838
4.0374
4.05522
4.04607
4.74908
4.73786
4.74193
4.68133
4.66996
4.67384
4.10177
4.11951
4.11053
4.55536
4.55044
4.55181
4.14004
4.14697
4.14454
4.21578
4.22256
4.22029
4.48021
4.47554
4.47673
5.34473
5.32691
5.33761
4.63594
4.63065
4.63796
5.19406
5.17628
5.18693
4.45656
4.45822
4.45847
4.8835
4.8676
4.87296
4.5677
4.56929
4.56973
4.78619
4.77035
4.7756
4.88598
4.86821
4.87867
4.4656
4.46008
4.46775
4.2845
4.27882
4.28696
5.04666
5.02874
5.03928
3.70913
3.71198
3.71175
3.97149
3.95468
3.95986
4.09349
4.07664
4.08199
3.56599
3.56885
3.56851
3.55582
3.57327
3.56369
4.07213
4.05914
4.06224
4.16984
4.15702
4.1603
3.46444
3.48188
3.47216
4.2781
4.27375
4.27471
4.0225
4.02973
4.02718
4.36322
4.35862
4.35976
3.93633
3.94371
3.94103
3.23649
3.25372
3.24381
3.93367
3.92044
3.92341
3.82826
3.81485
3.8177
3.33462
3.35189
3.3421
3.66384
3.66016
3.66055
3.20724
3.21573
3.21217
3.31584
3.32447
3.32101
3.55683
3.55318
3.55341
4.06063
4.03892
4.04973
3.03706
3.02861
3.0393
3.25012
3.24252
3.2532
3.88089
3.85338
3.86552
3.22976
3.23243
3.23215
3.79775
3.78025
3.7857
3.37994
3.38301
3.38271
3.672
3.65426
3.65973
3.49151
3.44919
3.47087
3.7351
3.69313
3.70924
2.30803
2.30426
2.31115
2.73125
2.70481
2.71454
2.21747
2.02098
2.14173
2.87976
2.85876
2.86497
2.58834
2.60452
2.59435
3.01713
3.00285
3.00488
3.13071
3.1165
3.11882
2.48558
2.50137
2.49102
3.28931
3.28586
3.28588
3.04961
3.05883
3.05507
3.39921
3.39577
3.39593
2.93868
2.94761
2.9437
2.54743
2.54356
2.54327
2.16468
2.16769
2.16563
2.493
2.48917
2.48818
2.22115
2.23066
2.22607
2.23276
2.24788
2.23747
2.83896
2.82469
2.82671
2.73767
2.72368
2.7252
2.3211
2.33653
2.32635
3.80906
4.05156
3.96155
4.43795
4.44065
4.43946
4.35309
4.35807
4.35529
4.29019
4.29517
4.29274
4.64212
4.64724
4.64467
4.42115
4.42682
4.42375
4.48224
4.4879
4.48462
4.99376
5.00427
4.99922
4.84781
4.85625
4.85201
4.79961
4.80754
4.80392
5.15292
5.16556
5.15892
4.90268
4.91185
4.90717
4.94134
4.95098
4.94626
5.30414
5.3192
5.31275
5.0685
5.08285
5.0769
5.06896
5.08292
5.07664
5.31697
5.32839
5.32486
5.07157
5.08578
5.08065
5.06614
5.0789
5.07481
5.19876
5.20685
5.20374
4.89823
4.90811
4.90402
4.95184
4.96186
4.95796
5.01664
5.02312
5.01996
4.84182
4.85172
4.84748
4.77331
4.78273
4.77851
4.5623
4.56767
4.56414
4.22895
4.23618
4.23212
4.33894
4.34664
4.34247
4.20507
4.20885
4.20583
4.11678
4.12384
4.1198
3.99429
4.00081
3.99692
3.48879
3.49009
3.48818
3.14971
3.15372
3.15085
3.30692
3.31154
3.30835
2.98415
2.98297
2.98222
2.99144
2.9952
2.99252
2.82316
2.82626
2.82397
1.71568
1.71201
1.7125
2.03369
2.02496
2.0266
1.90954
1.90744
1.9072
3.85358
3.86102
3.94048
3.93856
4.16391
4.09445
4.0986
4.02585
4.02938
4.0413
4.04471
4.04267
3.98617
3.99121
4.35593
4.35904
4.15356
4.15877
4.15708
4.233
4.22776
4.23047
4.28257
4.28587
4.28346
4.22673
4.23041
4.22802
4.10631
4.10943
4.10705
4.15878
4.16211
4.15976
4.71902
4.72556
4.72251
4.61203
4.61872
4.6149
4.55259
4.55897
4.55531
4.35137
4.35455
4.35208
4.40943
4.4121
4.40979
4.53436
4.5372
4.53513
4.47854
4.48122
4.4792
4.92219
4.93176
4.92698
4.68066
4.68804
4.68393
4.73639
4.74362
4.7401
4.75361
4.75906
4.75588
4.70981
4.71485
4.71174
4.59948
4.6032
4.60051
4.6505
4.65471
4.65176
5.20096
5.21447
5.20756
5.01054
5.02176
5.01659
4.98372
4.99446
4.98948
4.80381
4.81014
4.80667
4.83813
4.84478
4.84121
4.90036
4.90829
4.90417
4.87771
4.88523
4.8813
5.28267
5.29757
5.29102
5.03965
5.05206
5.04636
5.05332
5.06625
5.06031
4.94395
4.95477
4.9503
4.94966
4.95997
4.95512
4.92715
4.93599
4.93154
4.93701
4.94625
4.94168
5.31494
5.32571
5.32242
5.04536
5.05666
5.05315
5.063
5.07512
5.0714
4.94487
4.95527
4.95159
4.93486
4.94432
4.94125
4.9087
4.91698
4.91431
4.92931
4.93827
4.93541
5.23872
5.2472
5.2442
5.02573
5.03645
5.0329
4.99071
5.00074
4.99712
4.75705
4.76383
4.76135
4.81141
4.81853
4.81604
4.88751
4.89537
4.89273
4.85011
4.85742
4.85495
4.94281
4.9491
4.94582
4.61989
4.62853
4.62431
4.70252
4.71167
4.7074
4.7013
4.70813
4.7055
4.63082
4.6375
4.63483
4.47477
4.48132
4.47852
4.55973
4.56647
4.56369
4.66574
4.67128
4.66776
4.53469
4.54308
4.53884
4.43803
4.44596
4.44178
4.08201
4.088
4.08517
4.19309
4.19935
4.19646
4.38958
4.39615
4.39328
4.29121
4.29754
4.29469
4.07577
4.07921
4.07636
3.73574
3.74144
3.73781
3.87014
3.87642
3.87259
3.97163
3.97751
3.97468
3.84853
3.85413
3.85138
3.59227
3.59737
3.59478
3.7265
3.73196
3.72922
3.64277
3.64453
3.6424
3.60002
3.60545
3.60193
3.45406
3.45884
3.45556
3.01596
3.01954
3.01741
3.17079
3.17486
3.17254
3.4594
3.46422
3.46169
3.31455
3.31895
3.31659
2.80665
2.80458
2.80424
2.47465
2.47635
2.47461
2.65305
2.65572
2.65372
2.86183
2.86508
2.86311
2.69722
2.69981
2.69817
2.35849
2.35969
2.35877
2.53235
2.53433
2.53303
1.62551
1.62259
1.62404
1.8112
1.80937
1.81011
2.23468
2.22813
2.22915
2.29271
2.29336
2.29204
2.10555
2.10484
2.10402
2.1824
2.18276
2.18228
2.00058
2.00003
2.00003
)
;

boundaryField
{
    Inlet
    {
        type            zeroGradient;
    }
    Outlet
    {
        type            fixedValue;
        value           uniform 0;
    }
    Wall
    {
        type            zeroGradient;
    }
    procBoundary8to5
    {
        type            processor;
        value           nonuniform List<scalar> 
1132
(
3.44703
3.38106
3.28674
3.28674
3.28674
0.817961
1.15934
0.581762
1.00915
1.14847
1.27753
0.663917
1.46983
1.30674
0.790976
0.741904
0.43224
0.0238453
0.10824
0.287665
0.273424
0.273424
0.505271
0.6712
0.471679
0.485821
0.43224
3.34861
3.06
3.06
3.36539
3.1223
3.45253
3.38042
3.18472
3.13255
3.37932
3.42525
3.35225
3.47678
3.28698
3.1308
3.1308
3.36146
3.43407
3.27555
3.27555
3.27555
3.27555
3.56944
3.43027
3.70542
3.51153
3.59542
3.67765
3.54243
0.50547
0.681074
0.480919
0.467274
0.275899
0.439866
0.817209
1.15702
0.579781
1.00782
1.14674
1.27458
1.46766
1.30478
0.66176
0.789738
0.741558
0.439866
0.0216662
0.108176
0.275899
0.285838
3.37951
3.1274
3.46826
3.05315
3.47838
3.37563
3.33951
3.05315
3.43293
3.51739
3.61735
3.61735
3.61735
3.47838
3.47838
3.47838
3.77215
3.69256
3.69256
3.59573
3.65206
3.65312
3.41553
3.33677
3.4672
3.26711
3.16634
3.12788
3.3639
3.1221
3.59459
3.67516
3.98635
3.92645
4.2822
4.2264
4.30026
4.33142
3.91015
4.04786
3.12193
3.35156
2.04483
2.33653
3.25359
3.52378
3.4318
3.37221
3.50417
3.41508
3.25153
3.35424
3.48209
3.38275
3.41443
3.55201
3.49964
3.47696
3.75072
3.83334
3.82137
3.7116
3.71817
3.79907
3.7749
3.96042
3.84765
3.88802
4.16868
4.01323
3.9888
3.93791
4.07388
4.15524
4.22202
4.18385
4.2321
4.39129
4.04649
4.10546
4.28255
4.31045
4.60514
4.45596
4.38989
4.36776
4.32041
4.33702
4.50371
4.49757
4.65944
4.7631
4.44073
4.45546
4.53564
4.53218
4.82878
4.7969
4.53943
4.55307
4.24301
4.15896
4.48756
4.52249
4.83579
4.78533
4.54849
4.52504
4.47205
4.42444
4.62325
4.76263
4.33443
4.39456
3.74745
3.56039
4.07451
4.16135
4.57027
4.34513
4.2913
4.21747
4.00563
3.90664
3.95958
4.26459
3.71563
3.82577
2.87532
2.61069
3.27199
3.40189
3.85362
3.47692
3.62401
3.50335
3.16189
3.02316
2.90463
3.34717
2.76034
2.90661
1.44236
1.756
2.20125
2.35914
2.75175
2.24477
2.6384
2.48575
1.49299
1.60949
1.77499
2.07092
1.90882
2.06773
3.75164
3.56489
3.6677
3.87136
3.75898
4.07044
3.84271
3.92373
3.75132
3.98305
4.1291
3.92514
4.27695
4.07549
4.46696
4.15018
4.33094
4.27706
4.51529
4.22307
4.60699
4.31632
4.66198
4.33208
4.63611
4.49584
4.49584
4.52767
4.52457
4.82312
4.53203
4.53203
4.54531
4.52767
4.29522
4.32673
4.23846
4.15392
4.48113
4.51569
4.82312
4.82312
4.54124
4.5181
4.77412
4.46602
4.41846
4.61393
4.32877
4.38895
4.75209
3.90531
4.04326
3.74312
3.55575
4.06943
4.15621
4.56146
4.28595
4.21219
4.33731
4.00084
3.90182
3.95302
3.71088
3.82107
4.25725
3.11756
3.34734
2.87148
2.60684
3.26779
3.39754
3.84746
3.61952
3.4988
3.47133
3.15784
3.01917
2.89993
2.75661
2.90269
3.3419
2.04144
2.33305
1.43998
1.75293
2.19812
2.35585
2.74728
2.63474
2.48229
2.24085
1.4899
1.60712
1.77246
2.06807
1.90604
2.06404
1.30674
1.08337
1.46983
1.14847
1.00915
0.820747
0.279278
-0.404799
0.580347
0.741904
0.790976
0.333138
3.20144
3.05337
3.25084
3.22712
3.32115
3.28562
3.45253
3.38042
3.38042
3.14982
3.13611
3.28698
3.47678
3.27984
3.37932
3.13255
3.13255
3.34015
3.37432
3.46694
3.40038
3.4856
3.53615
3.46264
3.65794
3.66889
3.66018
3.55568
3.61837
3.56972
3.647
3.46572
1.30478
1.46766
1.08071
1.14674
1.00782
0.818375
0.278383
0.581568
-0.406323
0.741558
0.789738
0.331784
3.3309
3.29897
3.46826
3.16578
3.37563
3.37563
3.15009
3.18439
3.23669
3.04572
3.57388
3.12788
3.65312
3.75845
3.65206
3.59573
3.64877
3.59573
3.26711
3.4672
3.25975
3.3639
3.32939
3.12788
3.7116
3.71817
3.86188
3.7749
3.9054
3.79907
3.93791
4.12077
3.9888
3.88802
3.84765
4.0592
4.10546
4.28133
4.04649
4.18385
4.22202
4.34347
4.36776
4.56379
4.38989
4.31045
4.28255
4.50303
4.45546
4.69336
4.44073
4.49757
4.50371
4.73908
4.55307
4.82978
4.53943
4.53218
4.53564
4.80873
4.52504
4.82136
4.54849
4.52249
4.48756
4.81391
4.39456
4.6811
4.33443
4.42444
4.47205
4.7192
4.21747
4.49818
4.2913
4.16135
4.07451
4.43117
3.82577
4.07177
3.71563
3.90664
4.00563
4.16538
3.50335
3.72969
3.62401
3.40189
3.27199
3.61173
2.90661
3.06027
2.76034
3.02316
3.16189
3.20179
2.48575
2.58588
2.6384
2.35914
2.20125
2.42128
1.60949
1.77499
1.68817
1.90882
1.88104
2.07092
3.73531
3.78574
3.7522
3.83213
3.85457
3.83353
4.04969
4.02488
4.01382
3.92203
3.96861
3.95165
4.10875
4.17743
4.13375
4.23917
4.23366
4.21153
4.39579
4.42895
4.38645
4.31167
4.3747
4.3244
4.45098
4.54583
4.45374
4.58561
4.49946
4.66347
4.64655
4.49584
4.49584
4.54531
4.53203
4.54531
4.52457
4.52767
4.52457
4.5181
4.54124
4.80909
4.80909
4.51569
4.48113
4.80228
4.38895
4.32877
4.67146
4.41846
4.46602
4.70898
4.21219
4.28595
4.48963
4.15621
4.06943
4.42315
3.82107
3.71088
4.06501
3.90182
4.00084
4.15818
3.4988
3.61952
3.72365
3.39754
3.26779
3.60602
2.90269
2.75661
3.05542
3.01917
3.15784
3.19664
2.48229
2.63474
2.58158
2.35585
2.19812
2.41718
1.60712
1.77246
1.68484
1.90604
1.87749
2.06807
3.58321
3.39812
3.51217
3.68254
3.85982
3.90093
4.04823
3.76521
4.16897
4.25998
4.33924
4.10849
4.20781
4.44803
4.41789
4.23541
3.83502
4.17176
4.02859
3.97151
3.07267
3.46754
3.23543
3.29631
2.06015
2.46081
2.18786
2.32817
0.955122
1.25045
1.07979
1.1852
0.957622
1.2526
1.1856
1.07415
3.56742
3.39184
3.51501
3.65868
3.57107
3.79694
3.68201
3.71948
3.8593
3.90346
3.75645
4.00526
3.94618
4.11567
4.04071
4.03135
4.17605
4.25531
4.11543
4.33507
4.22114
4.42606
4.24479
4.40271
4.22089
4.43109
4.24602
4.40522
4.16933
4.27078
4.08935
4.35315
3.84857
4.16082
3.98264
4.02224
3.69023
3.67009
3.50745
3.85866
3.083
3.46156
3.30462
3.23394
2.84571
2.73442
2.59509
2.98993
2.06634
2.45958
2.33243
2.19001
1.62763
1.51381
1.78077
1.88389
3.58045
3.82493
3.73376
3.6785
3.94229
4.11892
4.06228
4.03306
4.21788
4.44334
4.42645
4.23082
4.16402
4.27505
4.37508
4.07149
3.6854
3.66813
3.87609
3.49099
2.84322
2.72743
3.00132
2.5831
1.62015
1.50698
1.78013
1.88955
0.0238453
0.43224
0.132227
0.0216662
0.439866
0.130374
1.3025
1.30042
1.30224
0.778539
0.76943
0.773405
0.401985
0.390371
0.397765
3.67765
3.68382
3.68382
1.30038
1.29825
1.30004
0.77683
0.767753
0.771704
0.400769
0.389107
0.3965
4.05017
4.05226
4.05139
3.89533
3.89786
3.89668
3.75132
3.75132
3.75132
3.75132
3.69947
3.84001
3.84286
3.8417
4.44535
4.44854
4.44732
4.31772
4.31994
4.31912
4.10939
4.11154
4.11069
4.26306
4.26527
4.26446
4.59134
4.59891
4.59511
4.58677
4.59222
4.58948
4.48784
4.49147
4.49005
4.56531
4.57017
4.56782
4.58583
4.59326
4.59014
4.66723
4.67603
4.67603
4.67242
4.67242
4.51561
4.52375
4.52025
4.64554
4.65419
4.65067
4.46142
4.46952
4.46597
4.24161
4.24953
4.2458
3.86084
3.86843
3.86462
4.15934
4.16721
4.16344
3.75371
3.76117
3.75739
3.38621
3.39318
3.3896
2.82988
2.83562
2.83286
3.25694
3.26374
3.26027
2.68102
2.68628
2.68389
2.19981
2.20321
2.20226
1.50278
1.50256
1.5035
2.03123
2.03378
2.03334
1.13924
1.13603
1.13809
0.889496
0.882518
0.886316
-0.198502
-0.208028
-0.192355
0.433989
0.417218
0.424839
2.89435
2.90036
3.06286
3.06894
3.0641
3.18306
3.18018
3.06776
3.06387
3.29463
3.29463
3.14535
3.647
1.13693
1.13374
1.13579
0.887918
0.880823
0.884614
-0.198776
-0.208376
-0.192744
0.433229
0.416455
0.424061
3.14329
3.17058
3.16782
3.04886
3.04502
2.88267
2.88892
3.05367
3.0487
3.28301
3.28301
4.00083
4.00312
4.00214
3.94264
3.94505
3.94398
3.74257
3.74585
3.74408
3.79453
3.79746
3.79617
4.40957
4.41244
4.41138
4.35985
4.36234
4.36142
4.15831
4.16063
4.15976
4.21655
4.21881
4.21798
4.60046
4.60704
4.60353
4.59201
4.5979
4.59479
4.51523
4.51919
4.51756
4.54815
4.55265
4.55065
4.68907
4.56943
4.57612
4.57382
4.68907
4.68907
4.5644
4.56242
4.5693
4.57758
4.57411
4.60774
4.6161
4.61265
4.39281
4.40084
4.39722
4.32414
4.33212
4.32845
3.96865
3.97635
3.97254
4.06374
4.07153
4.06773
3.63454
3.64184
3.6381
3.51598
3.52313
3.51947
2.97841
2.98457
2.98153
3.11762
3.12412
3.12081
2.52369
2.52842
2.52644
2.36527
2.36935
2.36789
1.67755
1.67818
1.67875
1.85903
1.86082
1.86081
3.68395
3.69109
3.76031
3.7653
3.91146
3.9156
3.91288
4.13536
4.13788
4.13639
3.97392
3.97672
3.97496
4.19693
4.19983
4.19804
4.36217
4.36504
4.36323
4.55992
4.56491
4.56204
4.42168
4.4251
4.42308
4.60595
4.61164
4.60833
4.69179
4.69918
4.69492
4.72647
4.73676
4.73145
4.71609
4.72427
4.71959
4.72209
4.73279
4.72794
4.67717
4.6861
4.68244
4.52396
4.53218
4.5286
4.65499
4.66373
4.66016
4.46939
4.47755
4.47393
4.24873
4.25669
4.2529
3.86694
3.87455
3.8707
4.1661
4.17402
4.17019
3.75952
3.76699
3.76319
3.39151
3.39846
3.39487
2.83409
2.83983
2.8371
3.26196
3.26873
3.26527
2.685
2.69026
2.68791
2.20318
2.2066
2.20569
1.50528
1.50512
1.50606
2.03438
2.03696
2.03653
3.65586
3.17747
3.17747
3.17747
3.15875
3.15875
3.19065
3.19065
3.19065
3.79876
3.80417
3.80113
3.88126
3.87216
3.87783
4.08337
4.08617
4.08441
4.02307
4.02561
4.02388
4.24961
4.25241
4.25052
4.3121
4.31493
4.3131
4.52116
4.5257
4.52312
4.46716
4.47099
4.46877
4.63586
4.64202
4.63839
4.67203
4.67897
4.6749
4.73417
4.74367
4.73839
4.7234
4.73205
4.72713
4.70769
4.71771
4.71354
4.69941
4.70878
4.70498
4.57796
4.58633
4.58279
4.61688
4.62533
4.62181
4.40051
4.4086
4.40491
4.33147
4.33951
4.33578
3.97492
3.98265
3.9788
4.0703
4.07814
4.07428
3.64021
3.64752
3.64376
3.52137
3.52852
3.52485
2.98284
2.989
2.98599
3.12234
3.12886
3.12555
2.52745
2.53219
2.53025
2.36881
2.37291
2.37148
1.68029
1.68095
1.68152
1.86197
1.8638
1.86379
)
;
    }
}


// ************************************************************************* //
