/*--------------------------------*- C++ -*----------------------------------*\
| =========                 |                                                 |
| \\      /  F ield         | OpenFOAM: The Open Source CFD Toolbox           |
|  \\    /   O peration     | Version:  2312                                  |
|   \\  /    A nd           | Website:  www.openfoam.com                      |
|    \\/     M anipulation  |                                                 |
\*---------------------------------------------------------------------------*/
FoamFile
{
    version     2.0;
    format      ascii;
    arch        "LSB;label=32;scalar=64";
    class       volScalarField;
    location    "1.3";
    object      p;
}
// * * * * * * * * * * * * * * * * * * * * * * * * * * * * * * * * * * * * * //

dimensions      [0 2 -2 0 0 0 0];

internalField   nonuniform List<scalar> 
2958
(
1853.7
517.061
2821.38
-16462.1
301.712
2814.65
2797.74
4022.99
416.744
852.422
2306.32
4839.7
1209.09
4833.12
2419.87
2626.76
398.114
1316.86
4832.53
1675.24
4842.74
410.706
4833.43
1302.53
1248.05
1799.6
344.554
1065.7
205.834
2268.46
1844.33
322.772
4716.6
93.2376
5656.63
-4331.08
4841.76
4851.15
-223.14
724.633
35703.2
-7351.8
2958.69
2040.19
4842.56
894.283
2495.81
309.176
-3383.4
2393.47
2020.92
439.677
1427.61
2557.23
2061.22
-2201.68
1901.49
1099.05
1874.9
36421.1
-1329.73
2211.19
5093.9
2268.75
4833.48
4831.8
2552.98
452.435
2037.42
-608.329
399.85
4840.06
502.927
1805.38
4834.44
2272.09
626.706
5284.53
4826.34
1991.71
1256.71
21.5322
1274.09
902.785
2255.7
2023.13
357.337
2009.74
488.96
5082.76
5669.27
515.305
2757.56
4832.3
518.242
4208.34
-2557.73
-10477.4
4831.2
4839.79
-21980.1
1880.15
4879.94
539.934
4782.86
1805.38
4841.48
-12975.2
4835.78
5231.54
-43268.8
1964.85
4833.48
1120.15
4832.64
4834.27
2100.81
1888.59
496.265
1905.49
800.458
4840.08
2830.37
500.886
453.424
1874.42
1357.58
467.567
2191.19
4832.7
4832.61
4876.62
1834.64
4816.29
4833.37
4829.11
1262.61
963.321
4833.38
4832.25
1868.11
490.278
4842.14
4833.65
1713.17
433.193
4834
4840.67
519.295
4840.08
1776.18
-3160.63
1278.01
4058.93
1615.36
4832.85
5041.96
1341.2
3762.89
1175.35
1463.9
876.742
1745.83
4839.93
863.4
-1391.62
4954.68
4830.33
472.005
2410.51
323.89
4841.47
4786.36
465.852
4821.95
3598.4
-115.659
478.38
8968.04
2084.64
3613.38
450.907
1393.3
-70162.3
488.334
471.509
489.706
4835.53
416.557
-1156.16
387.383
474.371
770.789
399.449
461.188
225.164
523.751
318.313
2079.56
571.198
438.347
4822.25
1794.49
466.069
-2621.92
-30500.9
3441.66
-29816.7
425.255
-4931.97
4831.81
5083.79
4832.15
502.128
4834.05
157.038
2277.5
4832.31
4833.2
4829.52
4843.53
474.852
3640.52
459.245
-163973
2362.76
970.747
4833.49
563.731
466.886
511.55
334.431
540.024
333.78
212.062
4844.31
4835.25
1854.18
4835.2
23922.8
4834.02
22707.2
-4932.64
1092.89
1754.64
2.63496
3009.09
1121.63
2085.49
1942.49
675.787
869.56
1824.81
970.019
-19790.3
424.942
1950.1
527.202
1909.22
416.02
2362.14
4886.64
170.651
42556.2
3424.49
2847.25
3185
1937.52
6356.88
4839.07
4840.41
424.4
1913.2
4849.81
490.111
1918.43
4834.89
364.114
4826.87
473.821
4835.72
4833.18
3432.58
1974.38
421.114
4835.95
4004.81
-18295.2
-49709.2
2243.89
1310.17
431.556
4832.69
4841.18
1809.48
754.126
4833.12
2229.92
4833.28
1975.67
2210.37
300.288
525.013
204.009
482.086
511.812
-18723.1
4883.86
2072.24
903.331
4835.07
3490.97
2084.84
4832.92
470.572
-162970
218.273
3349.53
527.145
1877.94
359.643
406.772
1693.97
470.054
2567.18
4837.9
1913.55
4858.94
-52515.6
-34192
379.094
2064.9
4843.77
4833.16
1287.65
4833.44
-58788.7
3367.54
-61361.8
4834.29
2006.39
521.8
268.21
360.665
4835.35
497.536
4835.55
-125.718
891.698
1666.74
1593.15
2251.63
353.924
24326.6
437.576
1980.21
4829.59
1708.23
1013.48
2011.14
-34149.5
1973.92
-9272.47
3518.7
1720.2
229.865
3296.07
-17778.9
-9281.11
204.494
859.543
288.416
4830.84
-13232
2011.12
510.031
2110.13
573.669
268.631
388.19
1128.32
3050.15
4832.88
1697.7
410.603
4832.69
1909.88
331.282
4791.98
4832.05
977.693
4829.08
4476.22
415.904
-2315.5
133963
-34042.1
4832.52
4835.29
259.286
1594.81
1957.92
398.027
-18682.6
2140.2
1755.38
493.114
2013.67
1874.5
968.471
2747.46
1268.46
2259.16
472.613
517.115
262.925
270.292
-1973.58
2026.79
2026.28
4841.89
-10163
454.392
-12171.1
1513.08
4858.25
525.276
1503.4
1439.28
511.621
289.83
-44.8578
498.177
738.417
760.195
333.399
442.99
416.734
1346.11
4827.75
427.39
536.366
1887.34
963.65
777.872
4839.94
4856.92
285.784
4823.16
363.727
4821.85
347.057
6554.54
455.221
1216.17
-4010.71
4833.02
1827.06
165.472
4833.66
484.513
-7567.7
300.552
2130.18
1968.42
3185.85
102.097
2500.53
1979.53
2882.27
2177.78
4839.69
2092.1
842.984
1864.77
408.764
2879.56
361.505
1350.89
2595.56
1320.58
539.429
4833.32
3594.84
524.461
1955.46
1571.02
2714.79
-157.41
1812.73
564.33
504.542
-14539.7
2000.6
325.98
1941.57
1921.97
4833.15
4835.19
4833.19
348.737
4833.51
4832.97
1298.17
1748.67
4833.47
-17940.5
443.533
-2556.86
-3667.74
4834.09
4832.59
1892.89
4831.81
1990.47
1991.03
20.9669
4266.79
414.36
1349.03
4568.55
399.759
1290.23
553.941
2794.83
-1940
511.484
4885.43
2613.12
-4570.88
2602.77
5079.51
516.73
4834.39
4010.01
3374.78
441.378
487.34
2520.78
2540.02
2774.15
2271.11
4838.47
4497.32
4832.1
4037.95
2634.58
4832.15
4833.33
473.455
4832.62
4833.58
499.556
2375.67
2229.05
1760.5
2771.71
1843.18
2174.36
3069.46
1830.22
484.687
2124.12
2013.24
2017.61
1996.25
4834.29
1962.89
25325.3
2004.28
2320.06
1927.89
4835.12
4833.45
4792.07
522.416
4833.9
3449.1
4839.05
1705.46
469.958
472.844
2389.41
487.119
1957.29
4881.37
4835.43
4834.81
478.61
2066.34
4836.3
4833.61
2016.78
-153.552
4857.2
211.502
-3.27425
1179
2079.5
6980.6
4843.24
1903.25
4835.55
1262.73
556.864
2168.67
5443.59
-692.055
4764.75
4831.34
3412.17
2452.63
4834.92
4833.41
4789.59
336.429
4035.25
500.363
4842.58
-25408.2
-2738.5
-9135.58
2765.42
147.528
1676.86
4833.59
256.229
1860.93
2165.35
4829.25
1521.91
4829.31
415.668
4830.31
985.636
2102.61
4781.79
709.08
-192.865
5182.04
4832.44
2277.75
4194.06
4782.89
2074.38
5327.73
524.632
4873.52
2119.11
4833.45
4836.55
858.166
-1408.12
146.228
1779.04
393.776
498.085
4792.88
-1083.45
343.572
170.865
4817.07
4829.62
4829.09
7036.22
4828.49
429.802
4822.13
756.019
2785.12
235.747
398.668
-1317.68
-52016.4
669.838
451.817
1838.4
-21633.4
4870.61
4834.5
339.929
711.991
4835.34
534.359
4828.49
407.325
440.118
1994.02
895.872
506.081
6357.54
461.424
1645.54
452.996
1819.28
4794.15
1711.3
1668.83
1909
4837.28
4833.35
2354.04
2109.68
-4949.4
2685.58
2539.78
66.3678
-31358.1
575.474
292.089
352.888
399.861
408.966
2002.4
1007.84
912.209
563.778
1833.06
858.706
357.42
3606.5
4847.75
394.894
2683.79
4832.61
441.691
4826.8
-129073
3770.06
4826.34
-7858.55
-43238.1
-3916.7
481.64
4536.36
260.307
2336.39
2152.86
4842.13
5684.3
1699.91
-8087.2
-108882
1625.05
1922
4793.97
-2124.16
4006.57
472.467
-3673.31
-10672.4
3604.86
4839.29
-36890.5
-24864.2
-24927.9
2115.28
2422.09
4281.3
2505.79
4833.98
4831.24
4833.76
-1358.06
391.509
4833.18
1751.13
4832.85
-1507.3
4844.1
4798.98
476.443
-29919.2
589.971
4830.65
4832.79
-136.756
1675.66
4840.49
4833.29
480.558
4837.09
-9607.32
-365.645
4791.94
478.896
1670.11
4836.59
496.006
1902.04
1849.68
526.516
2026.56
1858.12
2052.38
333.544
4792.23
2124.91
2040.97
1662.53
561.311
4821.41
-479.074
-12031.6
2021.52
-198.062
1079.76
2345.24
503.023
2929.06
373.154
2912.56
1569.2
4833.31
2697.14
-29.8529
263.822
2022.65
22031.1
-30849.8
1136.27
3278.4
1296.4
840.889
2149.61
456.813
4539.63
382.263
448.057
1111.79
403.171
2018.49
3140.11
-44028
1898.04
502.068
750.842
4830.18
985.814
2683.32
-1410.29
1629.41
4837.02
4844.72
4844.6
1590.94
1688.18
469.79
1988.22
705.178
2001.75
1038.51
-106.556
397.915
505.545
1126.59
403.364
4835.68
1040.28
1123.4
336.366
421.106
2294.43
2116.38
3123.74
431.531
759.437
1798.21
4804.98
2774.63
408.728
4839.78
502.097
-61791.6
-18747.6
2191.1
349.784
4832.94
4843.5
2193.68
4833.43
4833.7
4834.76
201.323
1908.52
2398.27
401.182
9109.45
2090.58
430.265
-50813.3
2027.7
418.141
4829.66
445.708
648.502
2212.65
1095.67
419.149
561.01
563.821
-107649
4832.35
1792.44
418.003
440.136
411.053
520.404
288.11
4838.27
1212.52
462.695
2228.75
402.622
533.862
287.304
504.6
4561.27
441.005
2330.57
299.601
516.871
5197.7
1981.65
2295.98
443.933
458.426
3178.26
542.734
504.573
479.018
245.554
488.252
3004.07
2325.01
512.669
1990.22
387.945
2680.88
453.656
1938.36
413.487
4833.55
1850.75
7073.28
308.212
-3534.5
1390.16
-178.146
473.856
-88.8362
533.887
2187.29
-41244
347.181
465.975
2123.82
2751.71
3510.2
4835.99
4833.87
314.465
410.941
963.455
4838.18
949.698
864.641
447.466
1919.42
-3730.07
523.409
1949.5
-30969.8
4832.63
1046.28
4828.95
1707.44
-25755.9
2941.47
-1270.26
4799.96
1216.86
4843.33
6366.18
-3673.17
256.13
2225.44
1860.17
419.161
427.017
455.845
1984.34
1963.37
1156.84
362.399
1909.64
1097.07
90.4783
417.153
516.327
438.358
533.403
667.747
1738.16
322.584
-148.358
1905.97
1914.22
4485.82
4843.01
-33876.1
297.232
4828.09
-53552.3
345.997
1763.25
4834.82
1081
2667.13
4528.64
2053.09
731.174
-56646.5
1075.24
417.919
4491.32
1970.39
1370.96
533.604
-17616.5
4833.58
416.804
1942.99
1850.3
4830.63
4832.74
1689.53
4838.98
4834.63
4824.81
1869.67
3475.03
4833.77
4818.84
265.4
4839.47
1829.97
1699.42
377.987
4833.09
2265.21
2026.86
6295.02
517.341
5035.7
-2891.77
4831.92
2353.92
4821.4
4833.6
4833.01
-650.994
2034.87
4792.09
1976.19
1166.25
520.799
1823.1
878.995
336.737
4827.44
537.289
4821.24
-60271.4
-18197.8
4827.89
1603.48
925.04
-10909.4
488.761
415.533
1988.88
6359.49
373.24
1475.7
4840.77
2404.42
506.796
1661.46
1687.62
500.625
1683.76
3503.02
-3646.16
180.82
4843.35
-33859.2
400.643
314.542
672.039
1682.94
726.341
409.44
4823.35
238.839
-1271.1
389.709
4830.86
931.525
4844.84
4832.67
4839.59
4832.74
509.352
521.334
758.47
409.457
418.927
347.756
409.688
398.021
433.835
525.535
1880.32
2389.7
5171.19
2120.58
430.064
468.088
356.669
4833.61
6275.35
-1501
487.26
590.495
-5204.92
404.524
2021.51
4833.72
4834.75
2568.15
4844.04
2009.35
605.223
1698.32
789.72
2221.38
1638.4
352.658
14671.5
4824.39
327.638
1010.09
-2173.9
50.3556
2229.44
1695.32
-206.204
1818.8
4827.5
-421.626
-1593.99
530.356
404.071
2310.58
2022.04
2892.88
2002.5
3634.82
414.078
4832.3
1952.42
3715.57
250.812
4831.1
4823.24
2004.66
2000.39
1972.29
1909.09
-4679.11
1099.48
4839.29
1391.74
6165.77
4843.81
1408.8
4836.24
2018.35
492.237
4838.84
1130.62
210187
1565.37
2783.26
2108.75
4841.97
1933.82
4822.58
2092.15
293.15
-59361.1
2670.69
4842.29
555.341
1567.77
-45587.5
4843.14
6692.27
2810.42
1785.09
4832.56
1175.07
389.134
1893.36
543.359
2636.72
3761.72
2169.08
1571.34
4825.65
459.305
2200.37
1824.78
1653.82
2168.45
271.039
438.227
4860.28
2272.79
1939.2
4832.96
2051.83
4842.1
531.424
4820.69
406.565
491.343
-3868.57
401.777
731.963
4837.64
461.757
2163.79
2585.89
32.4101
392.445
1889.47
1369.84
4828.32
4831.48
4098.95
4317.43
4831.15
4849.96
461.831
1880.16
536.765
397.081
339.75
4274.08
1738.23
1990.07
531.916
441.841
1943.29
691.459
1436.03
2340.51
451.313
568.394
338.613
2183.1
2123.16
2208.36
487.338
422.974
-1044.63
-22.0985
5286.08
1095.29
-43346.8
460.413
3479.18
461.104
1678.25
-1275.19
464.232
1806.79
4797.73
411.121
1829.18
4832.64
2100.5
2002.54
1995.61
2076.62
-219.318
2027.76
-178.802
413.414
2183.96
2016.05
279.638
2063.75
855.776
1956.61
1957.64
337.934
4825.79
532.721
15096.3
4833.85
2084.41
1661.19
502.288
1423.36
1004.06
1973.76
485.185
4822.02
486.292
2564.65
314.024
-126077
2041.66
2261.92
2631.03
2851.79
486.53
4842
137720
4839.19
1113.13
4838.21
135046
4834.06
1898.62
1081.12
4527.54
4834.79
575.974
4832.31
4844.95
1326.49
4828.61
2887.28
4883.91
1765.91
4833.66
522.884
-19325.7
2004.79
4827.67
4086.03
1784.08
204967
4836.44
498.506
4840.36
812.915
4832.26
262.23
208087
4832.75
-51731.8
-19455.7
1742.04
306.291
1761.13
366.303
991.375
4826.88
762.407
4833.15
4851.46
455.675
2010.96
4837.43
584.609
4717.15
831.42
1799.33
502.775
411.065
2190.3
-76344.9
412.276
3381.42
388.395
4826.18
4835.73
2125.97
513.947
371.059
521.89
2897.59
4828.9
4841.93
524.838
523.969
1659.02
213.218
2310.27
512.894
411.618
5036.1
4833.56
4833.26
5263.24
462.547
804.529
2711.32
2841.48
1356.09
3350.45
1200.69
518.474
861.77
4834.98
2971.03
2132.42
2008.46
414.572
1096.11
4829.31
2006.36
-148.759
2868.05
4826.51
1786.67
203.102
1827.69
4826.36
631.022
568.234
4830.61
4837.61
4830.99
4832.66
4832.54
4833.19
360.68
1768.59
818.45
774.873
1495.27
5707.8
413.754
1944.01
4827.42
4851.1
908.523
2610.19
4831.8
2149.67
217.142
4820.56
2018.8
401.04
368.068
561.044
391.552
4441.7
437.933
1149.59
1910.66
468.789
2210.86
4834.5
4772.39
434.648
1641.12
4837.21
1616.47
-12471.3
1898.65
4835.91
2991.18
867.009
490.967
1817.89
471.026
1880.47
4837.51
2042.01
241.368
690.818
471.758
478.745
618.188
4834.36
1212.52
2240.21
2057.22
-2008.92
1876.83
669.734
645.015
448.743
792.751
2123.76
1426.94
-49.1333
438.716
1853.76
376.109
2111.39
1941.7
2874.99
4882.1
4833.08
453.655
406.221
435.479
2086.09
798.316
414.496
498.44
169.514
4835.22
6356.8
772.787
8824.88
475.482
2066.68
4840.84
1497.85
4431.62
3492.3
2195.37
397.058
4835.1
483.481
795.895
1932.86
3456.83
1063.23
4838.84
2011.12
400.894
1611.28
9567.79
1767.78
4838.6
1888.08
4839.99
415.918
346.441
474.675
2183.56
1891.25
1979.72
4832.21
-102.908
484.85
-1380.55
1002.6
-60015.9
1024.69
3980.88
1858.77
-128.502
518.884
456.208
2020.95
512.195
2897.9
4833.21
4938.61
948.68
1735.53
524.461
4970.27
523.988
450.241
-293.159
508.218
4383.46
1929.37
494.845
1907.72
4834.7
4832.71
4833.23
4790.23
2673.5
4833.45
4828.84
2374.57
-10363.2
4832.85
-70013.1
1713.67
4832.9
2098.07
-5516.89
1137.28
-156698
393.997
-3506.21
482.628
4839.65
2838.2
-58026.7
1713.19
178.549
4835.3
-10.9141
2014.59
2001.29
1790.46
1894.68
4833.2
4799.17
1734.44
4840.92
4828.87
12566.4
237.999
4832.76
1526.85
4841.11
2770.51
367.9
4834.27
1772.19
540.79
1304.78
345.877
-574.697
366.646
356.028
416.877
461.699
2036.57
1397.54
2402.19
626.78
4830.02
404.177
4825.56
4028.79
508.728
2727.71
2553.52
4774.08
2977.56
320.929
529.919
4833.2
4833.88
4834.58
4843.36
4842.94
4841.17
2549.27
2389.82
6018.86
26473.8
11163
10777.5
504.067
572.261
514.247
398.701
557.127
527.345
557.938
490.047
-15.5776
-15.3584
360.747
479.298
795.14
1046.51
-256.853
-469.022
88.3901
417.703
938.926
-211.007
451.656
1890.94
-16091.7
-17063.7
-22568.2
505.553
4820.01
504.404
4832.36
373.805
501.125
4832.61
4817.76
4829.73
4819.31
4832.15
4841.75
4852.39
4845.49
4834.46
4828.55
4829.7
4835.28
4836.31
4835.48
4835.3
4835.35
4834.97
4835.15
4832.51
4840.27
4820.52
4838.49
4841.15
4820.12
4796.18
4793.75
-111207
-133896
-12865.6
-24364.8
-79389.2
-55675.1
22753.5
23264.1
2176.79
1735.08
-2958.45
624.514
413.624
197.2
475.092
225.423
2311.32
-1359.03
-1197.94
2033.42
2007.84
1814.69
1806.09
1817.9
1814.47
1803.58
1824.96
1835.15
1887.64
1895.12
1894.35
1903.28
1878.83
1931.32
1970.29
1646.01
1674.91
1811.19
1707.2
1460.91
1822.04
2205.33
1711.18
1581.71
1840.47
1689.28
1598.29
1692.53
1476.63
1449.33
1429.96
1216.06
1254.58
1350.9
1016.31
1142.89
1302
2125.3
2400.32
2213.75
2177.72
6361.64
795.643
789.03
446.894
445.776
458.223
417.382
422.71
415.075
344.86
465.716
351.757
668.342
669.505
668.763
561.737
752.023
772.593
-678.974
-312.034
1875.95
1824.07
1963.04
988.687
1141.52
926.627
913.099
464.328
211.011
310.301
363.487
404.33
340.111
366.955
374.229
391.505
382.066
412.606
417.475
469.307
421.741
419.828
494.797
479.423
455.172
513.826
420.038
1916.69
2337.88
2305.45
1931.61
1949.41
2185.79
2492.64
2462.04
2308.31
1351.74
1143.75
1239.67
154.906
1460.98
1312.87
2869.27
4897.8
2454.02
5711.98
-33892.3
-34327.4
-28320.8
-34320.2
-34048.4
-27181.2
-34078.6
-16517.3
11756.3
-15956.8
6097.29
1598.47
1578.83
35940.9
28169.2
27472
-2233
4193.86
5692.94
-516.167
-1033.05
-874.493
5371.16
5273.31
4050.75
3698.26
3937.23
3162.09
3542.53
3865.65
2970.11
3194.75
2977.2
2031.44
2247.47
1681.27
1786.66
1964.96
1865.8
1968.13
1984.84
1988.27
1977.93
2044.15
2056.91
2051.46
2040.61
1987.42
2013.36
1985.54
2047.34
2037.48
2031.19
1807.57
1132.58
4630.13
4650.98
4779.6
4800.96
4823.42
4824.05
4830.71
4833.86
4824.59
4820.74
4823.54
4825.61
4825.92
4828.4
4821.04
4806.46
4831.54
4821.87
4803.45
4812.35
4813.53
4838.41
4815.31
4821.64
4829.04
4822.2
4841.03
4843.92
4821.96
4831.91
4829.55
4831.59
4826.79
4825.71
4825.53
359.721
4832.73
4831.66
4834.59
4834.98
4829.31
4830.6
4832.11
4828.07
4832.96
4831.67
4841.1
4819.29
4841.08
4784.93
4786.39
4715.43
4824.32
913.634
1803.68
1828.39
1893.8
1891.34
2015.77
1338.75
1232.3
2934.58
-525.835
2288.71
799.167
451.162
350.788
450.288
670.299
670.133
-519.303
1574.44
1066.15
567.767
457.368
391.187
378.255
560.068
511.711
1952.17
571.168
1973.03
1987.81
2387.57
563.302
375.985
669.701
112.496
1046.48
151.586
-33772.9
-34200.4
-34178.6
-16769.6
7888.49
6956.57
3999.44
5483.92
-241.747
6111.33
5443.38
3576.27
3478.91
3789.42
3635.68
1806.77
1952.92
2064.82
2024.66
1999.58
1970.29
1949.71
1732.53
1984.38
2021.3
1998.97
2035.39
4616.89
4828.7
4823.22
4816.55
4820.44
4833.56
4820.12
4804.52
4840.49
4821.95
4822.48
4822.58
4828.57
4822.85
4831.56
4827.44
4826.52
4831.65
4827.96
4826.55
4833.16
4829.83
4831.21
4832.26
4840.35
4840.12
4838.39
4838.1
4838.42
4838.42
4838.03
4838.55
4824.69
4833.32
4836.36
4833.92
4833.4
4830.18
4832.57
4832.29
4833.32
4833.38
4833.33
4833.34
4832.7
4833.16
4834.08
4833.07
4835.09
4834.73
4833.99
4833.2
4832.73
4832.29
4834.46
4833.29
4839.46
2354.82
1577.22
1075.68
1578.45
1561.56
-21436.9
-11661.9
-11880.8
-15744.9
-62701.8
-47141.9
-56810.7
-14332.5
-60045.6
2146.19
2740.36
2340.45
1681.19
1923.7
1831.8
2139.68
1863.81
1957.04
1841.99
1896.1
1951.08
1904.05
1772.25
1813.95
1735.26
1795.09
1754.01
1716.62
1670.96
1672.33
1692.36
1698.47
1535.81
1574.87
1505.76
1501.63
1833.13
1564.86
1557.36
1527.69
1499.3
1525.4
1451.72
1394.62
1395.63
1316.01
1289.06
1287.83
1163.12
1150.86
1130.82
948.156
1180.96
1251.81
706.209
1186.26
725.029
869.768
781.313
814.657
463.09
465.429
452.054
450.372
482.932
469.971
522.374
489.689
488.297
524.748
527.539
562.369
562.433
528.251
564.879
692.788
1834.36
-1066.28
-571.146
-1287.91
289.626
-720.204
-297.339
-94.4812
1143.72
11.5375
39.5414
125.087
178.698
211.464
209.481
332.527
297.132
354.929
365.611
400.515
409.763
405.392
396.539
398.282
398.86
404.418
396.534
404.092
435.746
494.843
485.081
6363.01
485.6
472.448
489.237
468.334
461.512
398.649
529.485
506.832
418.263
2006.42
1957.42
1989.08
2009.64
485.212
576.454
387.893
599.473
485.398
332.149
92.7036
193.676
1024.9
772.304
326.18
1242.92
1060.36
856.402
1150.33
6365.5
1533.71
-34880.6
-27981.1
2776.43
-22379.8
8786.89
-3446.36
1886.06
2760.31
7802.06
2055.51
-792.97
-2406.77
-4608.74
-5246.01
-2134.97
-958.124
1073.03
2812.96
2738.03
2543.07
2836.64
2892.87
2917.74
3005.88
2843.49
2763.52
2768.73
2808.62
2740.97
2698.72
2687.08
2525.46
2569.71
2539.63
2267.41
2318.39
2194.42
2309.61
2302.17
2252.22
2147.28
2198.33
2230.1
2194.2
2147.76
2118.1
2147.13
2017.67
2074.63
2765.49
2091.41
2078.65
2029.09
4728.11
4830.31
4720.91
4802.18
4800.61
4797.9
4807.73
4801.06
4808.63
4823.13
4827.11
4833.75
4828.31
2766.64
4837.36
4845.56
4829.06
4830.27
4831.19
4831.67
4830.05
500.977
4830.99
4831.9
4832.19
4831.47
4833.95
4833.91
4826.52
4833.17
4831.97
4835.34
4832.01
4831.05
-674.411
472.022
482.763
467.558
1339.03
1257.06
4832.93
4832.8
4832.06
4833.17
4838.88
4833.76
4832.82
4833.31
4832.9
4833.79
4833.42
4833.31
4833.06
4832.71
4833.26
4832.72
4833.19
4833.3
4833.09
-3015.3
4832.92
4832.86
4832.62
4833.85
4832.28
4832.25
4832.04
4834.49
4859.88
4579.67
270.709
2848.89
2836.09
2730.91
1340.92
2239.96
1456.54
1212.64
1237.61
-6418.4
-18912.4
607.213
515.711
1600.09
650.316
583.598
4995.16
5236.22
2628.75
2611.95
1942.68
2063.75
1860.13
1978.9
2266.4
2027.43
2149.41
1974.64
1952.96
1980.48
1981.44
1965.6
1986.76
2030.77
2001.41
1994.49
1989.29
1994.7
1986.16
1923.38
2027.53
1990.59
2058.9
2016.43
2011.89
2018.17
2012.04
2117.81
1989.12
2102.99
1531.53
2034.58
2105.65
2079.49
435.067
1508.27
2019.12
2024.36
2016.54
2022.99
2008.75
1999.71
2019.13
2188.08
1263.32
377.37
1873.66
947.296
387.923
403.858
688.074
780.809
650.832
468.243
561.231
462.008
488.372
451.542
463.85
460.132
480.076
461.103
482.142
483.139
490.005
485.529
486.043
496.162
499.704
494.911
532.171
522.12
505.804
501.403
530.527
552.697
548.525
752.185
552.828
776.731
4936.6
3090.12
499.739
363.35
578.252
559.8
1478.69
317.785
349.75
479.085
383.832
284.167
281.81
289.35
295.801
285.515
269.525
253.092
348.759
325.685
480.82
470.774
478.106
344.489
389.131
414.438
405.765
407.406
400.087
407.027
409.843
413.154
410.774
410.059
398.251
413.044
440.03
446.054
443.44
484.925
495.186
502.119
495.776
500.965
501.007
503.504
504.728
410.962
459.668
540.132
425.418
431.988
397.585
424.85
416.519
476.729
468.739
436.112
568.508
324.869
433.238
407.916
406.065
380.466
-278.951
99.3748
-1426.14
-913.321
-715.835
-2811.53
-6126.64
-7208.4
-5808.54
832.378
-8260.48
-2328.88
-1335.16
-1064.46
-828.049
1197.63
1236.25
193.668
1060.92
-819.199
691.162
1089.42
1066.82
1343.44
3629.97
2431.98
2450.04
2407.22
3063.7
2875.18
2603.01
2596.87
2821.54
2599.07
2566.16
2588.09
2567.63
2485.53
2556.5
2675.02
2541.81
2455.28
2319.17
2393.46
2441.92
2273.49
2339.71
2291.77
2198.27
643.854
2190.02
2218.33
2253.99
2150.58
2109.3
2187.87
2140.93
2215.77
2109.12
2134.52
2164.09
2076.41
2104.59
2049.6
2035.26
2080.23
2051.63
2057.85
2015.09
2022.88
2122.04
2080.96
4833.14
5445.94
4835.86
4844.59
4800.7
4836.4
4800.33
4839.33
4827.36
4826.13
4830.32
4830.47
4832.82
4830.63
4831.4
4832.62
4833.6
4833.75
4833.09
4834.48
4829.86
4833.8
4832
4833.91
4831.28
4834.12
4833.76
4831.2
4834.01
4826.11
4834.68
4833.03
4831.78
4835.62
590.949
1054.52
470.724
499.696
484.048
473.637
485.973
513.118
489.772
1552.62
1233.06
510.382
989.12
1682.95
-1350.03
2849.33
413.195
1106.92
4834
4833.75
4834.17
4834.14
4832.73
4829.63
4832.93
4834.26
549.417
540.66
538.65
546.928
615.124
4832.98
4834.01
4833.11
4834.03
4834.67
4832.49
4833.24
4833.87
4833.2
4833.72
4832.5
4832.27
4833.04
4833.04
4832.77
4833.18
4832.46
1055.16
472.954
1303.84
503.635
1028.77
1032.17
355.339
473.377
2306.63
1286.03
1126.73
1991.32
1850
1639.29
2007.58
1831.55
2051.79
2001.48
2056.69
2128.09
2127.68
2044.27
2015.27
2058.02
1989.27
2234.05
2275.26
2382.04
2107.76
2420.57
2323.02
2575.19
2022.47
2568.53
2601.11
1917.41
2404.39
1852.75
4833.04
4834.07
730.67
640.748
653.943
576.687
362.084
398.409
462.372
467.106
461.558
445.009
443.72
461.975
481.868
463.837
488.944
505.689
496.148
499.146
502.171
497.312
497.77
509.307
386.743
378.406
692.389
500.45
216.312
385.453
400.71
360.037
414.384
404.802
400.519
422.664
397.94
1436.05
524.834
428.669
460.553
442.872
488.04
485.914
488.215
485.843
500.841
310.483
762.093
34.8419
896.105
267.475
-7066.67
-469.064
1526.73
4830.86
4827.67
4834.83
4831.86
4833.79
4834.73
4834.46
4832.55
4833.31
4833.05
4834.12
4832.61
4832.93
4834.11
4833.03
520.353
511.12
412.357
362.617
468.507
4833.11
333.688
-6908.21
4837.21
417.534
366.355
394.983
4835.81
4833.42
631.618
521.571
481.927
523.735
1534.58
500.668
180.386
544.465
292.04
-5392.39
2021.43
2107.02
2090.58
4802.27
4810.75
4822.67
4828.45
4830.65
4827.91
-4356.31
1412.9
4832.56
4832.41
4834.97
1848.8
2051.93
4833.48
1579.08
1839.66
488.06
539.101
495.475
473.753
589.549
-4230.86
-606.635
482.464
431.306
474.993
482.437
457.603
387.264
561.545
2010.8
2146.56
2135.56
2027.8
4833.07
4828.54
4830.25
4832.4
4832.59
587.274
338.476
4830.79
342.245
2484.98
2235.31
4833.5
2101.11
164.751
506.894
496.331
4831.89
4832.3
1065.7
4841.14
4840.49
4513.24
602.6
-28.6012
4833.38
356.381
800.498
-17146.5
4832.92
4832.81
500.852
4820.6
4825.12
1806.4
4834.25
1810.19
4835.1
1336.62
455.789
1580.65
2360.05
366.408
2299.82
2369.27
2294.81
268.444
18716.5
3923.28
2084.16
1909.34
2107.03
2141.38
1992.92
2045.72
2025.62
2045.9
4789.31
2532.61
4824.03
4824.42
4829.93
4832.37
2579.98
4822.57
2592.47
4828.68
4841.42
4823.22
4822.15
4826.44
4823.8
4833.8
1983.66
-1896.39
-549.76
2125.9
2025.79
4821.94
4804.43
4825.22
235.965
4830.11
4830.21
4826.68
1972.48
1465.46
1455.41
487.603
527.108
561.225
526.135
263.505
317.3
-393.575
-2321
3018.33
2083.54
2094.84
4723.96
4806.67
4825.52
4842.88
4830.33
466.259
4833.01
4829.65
1325.72
4833.05
155.767
4832.93
4832.56
2132.9
320.465
2005.45
1924.32
2044.02
1844.97
1590.04
1896.01
456.359
567.602
691.144
4833.89
4834.36
4834.04
4833
2362.08
2422.42
2375.77
2299.82
)
;

boundaryField
{
    Wall
    {
        type            zeroGradient;
    }
    Inlet
    {
        type            zeroGradient;
    }
    Outlet
    {
        type            fixedValue;
        value           uniform 0;
    }
    Empty
    {
        type            empty;
    }
}


// ************************************************************************* //
