/*--------------------------------*- C++ -*----------------------------------*\
| =========                 |                                                 |
| \\      /  F ield         | OpenFOAM: The Open Source CFD Toolbox           |
|  \\    /   O peration     | Version:  2312                                  |
|   \\  /    A nd           | Website:  www.openfoam.com                      |
|    \\/     M anipulation  |                                                 |
\*---------------------------------------------------------------------------*/
FoamFile
{
    version     2.0;
    format      ascii;
    arch        "LSB;label=32;scalar=64";
    class       Cloud<basicKinematicCollidingParcel>;
    location    "0.40005/lagrangian/kinematicCloud";
    object      coordinates;
}
// * * * * * * * * * * * * * * * * * * * * * * * * * * * * * * * * * * * * * //

29
(
(0 0.363009 0.562394 0.0745975) 5043 31527 2
(0 0.0222471 0.655151 0.322602) 5018 31522 2
(0 0.156973 0.242541 0.600487) 5019 31523 2
(0 0.107614 0.096731 0.795655) 5085 31542 2
(0 0.691841 0.0683955 0.239764) 291 31473 1
(0 0.263992 0.0823695 0.653639) 293 31474 1
(0 0.152041 0.568669 0.279291) 1822 31502 1
(0 0.695398 0.137152 0.167451) 291 31473 2
(0 0.68432 0.306806 0.00887432) 29 31461 2
(0 0.230539 0.750709 0.0187527) 1064 31490 2
(0 0.0139828 0.188496 0.797521) 5110 31550 2
(0 0.315832 0.0386503 0.645517) 209 31463 2
(0 0.145023 0.625468 0.229509) 5087 31543 1
(0 0.398777 0.292592 0.30863) 247 31559 2
(0 0.0187597 0.539023 0.442217) 1953 31508 2
(0 0.197416 0.490636 0.311947) 849 31572 1
(0 0.437178 0.510463 0.0523584) 25 31460 1
(0 0.199932 0.198187 0.601882) 521 31561 1
(0 0.00896905 0.254658 0.736373) 3107 31512 2
(0.334481 0.303149 0.155295 0.207075) 8890 27405 1
(0 0.252233 0.467626 0.280141) 25 31460 2
(0 0.680877 0.0607847 0.258339) 5061 31535 1
(0 0.161145 0.453387 0.385468) 5099 31546 2
(0 0.0415893 0.382554 0.575857) 5096 31544 2
(0.109301 0.60828 0.207577 0.0748417) 4809 15909 2
(0.385855 0.293969 0.105875 0.2143) 866 1611 1
(0.00996519 0.145295 0.324532 0.520209) 1890 8167 2
(0.0471658 0.044294 0.021993 0.886547) 1613 7376 1
(0.25194 0.0168982 0.156319 0.574843) 320 1799 2
)


// ************************************************************************* //
