/*--------------------------------*- C++ -*----------------------------------*\
| =========                 |                                                 |
| \\      /  F ield         | OpenFOAM: The Open Source CFD Toolbox           |
|  \\    /   O peration     | Version:  2312                                  |
|   \\  /    A nd           | Website:  www.openfoam.com                      |
|    \\/     M anipulation  |                                                 |
\*---------------------------------------------------------------------------*/
FoamFile
{
    version     2.0;
    format      ascii;
    arch        "LSB;label=32;scalar=64";
    class       Cloud<basicKinematicCollidingParcel>;
    location    "1.39995/lagrangian/kinematicCloud";
    object      coordinates;
}
// * * * * * * * * * * * * * * * * * * * * * * * * * * * * * * * * * * * * * //

84
(
(0 0.434198 0.538265 0.027537) 494 67214 1
(0 0.0816312 0.272293 0.646076) 722 67387 2
(0 0.450994 0.379868 0.169138) 494 67214 1
(0 0.495975 0.0714877 0.432537) 494 67214 1
(0 0.459718 0.278579 0.261702) 722 67387 2
(0 0.671249 0.0896486 0.239103) 722 67387 2
(0 0.801857 0.169283 0.0288602) 11285 67327 1
(0 0.752018 0.0258189 0.222164) 455 67201 2
(0 0.543742 0.390422 0.0658365) 11278 67324 1
(0 0.80653 0.100176 0.093294) 11438 67359 1
(0 0.317147 0.646813 0.0360394) 722 67387 1
(0 0.570863 0.289258 0.139879) 492 67213 3
(0 0.420572 0.179945 0.399483) 726 67389 2
(0 0.45203 0.315084 0.232887) 496 67215 2
(0 0.227096 0.138599 0.634306) 636 67230 2
(0 0.169035 0.225158 0.605807) 11438 67359 1
(0 0.223026 0.267963 0.509012) 11285 67327 2
(0 0.839422 0.156132 0.00444507) 489 67212 2
(0 0.0389274 0.46666 0.494413) 616 67227 1
(0 0.111203 0.300219 0.588578) 465 67206 2
(0 0.730604 0.0844894 0.184906) 636 67230 1
(0 0.43435 0.484843 0.0808067) 500 67217 2
(0 0.322512 0.505289 0.1722) 467 67207 2
(0 0.163897 0.117509 0.718594) 11389 67353 2
(0 0.134658 0.356283 0.509059) 728 67232 1
(0 0.718319 0.281618 6.29627e-05) 614 67226 1
(0 0.911024 0.0645828 0.0243928) 11452 67365 2
(0 0.082478 0.390983 0.526539) 502 67218 1
(0 0.0568311 0.219112 0.724057) 502 67218 2
(0 0.0910886 0.510198 0.398714) 730 67233 2
(0 0.264986 0.550962 0.184052) 48 67196 1
(0 0.438616 0.155367 0.406017) 639 67231 2
(0 0.768561 0.221816 0.00962334) 610 67385 2
(0 0.163579 0.0579005 0.77852) 499 67216 2
(0 0.523805 0.441612 0.0345827) 730 67233 2
(0 0.527796 0.180626 0.291578) 461 67204 1
(0 0.215508 0.124509 0.659983) 626 67229 2
(0 0.409783 0.481348 0.108869) 730 67233 3
(0 0.620699 0.17001 0.209291) 730 67233 2
(0 0.368233 0.210656 0.421111) 499 67216 1
(0 0.453416 0.201587 0.344997) 11318 67335 1
(0 0.678867 0.236123 0.0850099) 730 67233 2
(0 0.544558 0.425998 0.0294446) 461 67204 2
(0 0.297024 0.12215 0.580826) 11376 67348 1
(0 0.51644 0.206039 0.277521) 461 67204 2
(0 0.26818 0.599298 0.132522) 11270 67320 1
(0 0.783233 0.0789472 0.13782) 977 67391 1
(0 0.102599 0.132374 0.765027) 3602 67281 2
(0 0.918888 2.19123e-05 0.0810897) 78 67199 2
(0 0.641183 0.19714 0.161677) 4350 67296 1
(0 0.619262 0.33925 0.0414879) 11375 67347 1
(0 0.840553 0.145406 0.0140414) 11270 67320 1
(0 0.16257 0.372976 0.464454) 1516 67245 1
(0 0.129386 0.3376 0.533014) 1887 67264 2
(0 0.00409134 0.694758 0.301151) 11474 67372 1
(0 0.157692 0.0911735 0.751135) 11475 67373 1
(0 0.220877 0.522176 0.256947) 11475 67373 1
(0 0.590667 0.276981 0.132352) 11468 67370 1
(0 0.381364 0.526633 0.0920031) 3538 67415 1
(0 0.0278406 0.401174 0.570986) 11465 67368 1
(0 0.712623 0.222105 0.0652724) 78 67199 2
(0 0.129869 0.824012 0.0461197) 11468 67370 2
(0 0.47757 0.407213 0.115218) 48 67196 2
(0 0.651238 0.348203 0.000559401) 744 67404 2
(0 0.338637 0.0196812 0.641682) 3399 67274 2
(0 0.762542 0.186252 0.0512054) 52 67413 1
(0 0.31133 0.243556 0.445114) 11465 67368 2
(0 0.492764 0.000277232 0.506959) 78 67199 2
(0 0.648496 0.111957 0.239547) 5580 67411 1
(0 0.235061 0.317769 0.44717) 11468 67370 2
(0 0.0305568 0.870538 0.0989056) 3538 67415 1
(0 0.242399 0.552264 0.205337) 11341 67345 1
(0 0.764848 0.0249262 0.210226) 11341 67345 2
(0 0.344013 0.655188 0.000799667) 11465 67368 1
(0 0.512104 0.486358 0.00153823) 11465 67368 1
(0 0.000467583 0.052032 0.9475) 3644 67285 2
(0 0.301491 0.688056 0.0104532) 11333 67342 2
(0 0.341901 0.280785 0.377314) 3652 67288 2
(0 0.498364 0.277943 0.223693) 3652 67288 2
(0 0.388921 0.364697 0.246382) 976 67390 2
(0 0.110018 0.600441 0.289541) 11332 67341 1
(0 0.620628 0.212174 0.167198) 614 67226 1
(0 0.761028 0.0453017 0.19367) 3644 67285 2
(0 0.945136 0.000144546 0.054719) 11332 67341 2
)


// ************************************************************************* //
