/*--------------------------------*- C++ -*----------------------------------*\
| =========                 |                                                 |
| \\      /  F ield         | OpenFOAM: The Open Source CFD Toolbox           |
|  \\    /   O peration     | Version:  2312                                  |
|   \\  /    A nd           | Website:  www.openfoam.com                      |
|    \\/     M anipulation  |                                                 |
\*---------------------------------------------------------------------------*/
FoamFile
{
    version     2.0;
    format      ascii;
    arch        "LSB;label=32;scalar=64";
    class       vectorField;
    location    "1.39995/lagrangian/kinematicCloud";
    object      U;
}
// * * * * * * * * * * * * * * * * * * * * * * * * * * * * * * * * * * * * * //


84
(
(3.55192 0.716536 0.00378237)
(3.56684 0.731446 -0.0030684)
(3.55192 0.716536 0.00378237)
(3.55192 0.716536 0.00378237)
(3.56684 0.731446 -0.0030684)
(3.56684 0.731446 -0.0030684)
(3.63522 0.841138 -0.0223233)
(3.83605 0.981548 -0.012433)
(3.7652 0.916464 -0.0109684)
(3.64618 0.853512 0.019185)
(3.56684 0.731446 -0.0030684)
(3.75443 0.828955 -0.0959864)
(3.6152 0.75573 0.0944601)
(3.58977 0.731876 -0.098605)
(3.83586 0.99176 0.00845562)
(3.64618 0.853512 0.019185)
(3.63522 0.841138 -0.0223233)
(3.44859 0.724818 -0.0307124)
(3.85145 0.908323 0.0788014)
(3.70063 0.938207 0.0222264)
(3.83586 0.99176 0.00845562)
(3.34217 0.585289 0.00296958)
(3.85107 0.924075 -0.0655668)
(3.81359 1.02166 0.0174923)
(3.36264 0.601416 -0.00648601)
(3.69075 0.943698 -0.0195595)
(3.44137 0.703348 0.0207331)
(3.38099 0.6209 -0.0888978)
(3.38099 0.6209 -0.0888978)
(3.16854 0.482393 0.0600332)
(3.06844 0.404653 0.00501483)
(3.78652 1.01936 0.018314)
(3.51945 0.931162 -0.0225255)
(3.13128 0.457777 -0.0636639)
(3.16854 0.482393 0.0600332)
(3.74126 0.923345 -0.0455425)
(3.68794 1.0139 0.0292821)
(3.16854 0.482393 0.0600332)
(3.16854 0.482393 0.0600332)
(3.13128 0.457777 -0.0636639)
(2.90289 0.399012 -0.045116)
(3.16854 0.482393 0.0600332)
(3.74126 0.923345 -0.0455425)
(3.65819 1.03297 0.010072)
(3.74126 0.923345 -0.0455425)
(3.75536 1.02902 -0.00581854)
(2.89116 0.357761 0.0520014)
(1.75534 -0.233999 -0.143854)
(3.09299 0.420629 -0.0158467)
(2.8808 0.525504 0.210151)
(3.64362 1.00132 0.0257391)
(3.75536 1.02902 -0.00581854)
(3.11244 0.661197 -0.19233)
(1.66641 -0.00724872 0.323567)
(2.5836 0.164322 0.0237576)
(2.61903 0.146723 0.0126136)
(2.61903 0.146723 0.0126136)
(2.51335 0.114122 -0.0302708)
(1.47019 -0.0560003 -0.317515)
(2.53082 0.107264 -0.0336748)
(3.09299 0.420629 -0.0158467)
(2.51335 0.114122 -0.0302708)
(3.06844 0.404653 0.00501483)
(1.99291 0.227397 0.347542)
(1.95929 0.170205 -0.336476)
(1.78519 0.0467092 -0.314003)
(2.53082 0.107264 -0.0336748)
(3.09299 0.420629 -0.0158467)
(1.48116 -0.0594555 0.319931)
(2.51335 0.114122 -0.0302708)
(1.47019 -0.0560003 -0.317515)
(2.46983 -0.0652774 -0.0149131)
(2.46983 -0.0652774 -0.0149131)
(2.53082 0.107264 -0.0336748)
(2.53082 0.107264 -0.0336748)
(1.7878 -0.304128 0.0186336)
(2.36321 -0.100471 0.0109762)
(1.8725 -0.295715 -0.00731421)
(1.8725 -0.295715 -0.00731421)
(2.4019 -0.0917863 -0.0326087)
(2.50275 0.0986648 0.00717927)
(3.69075 0.943698 -0.0195595)
(1.7878 -0.304128 0.0186336)
(2.50275 0.0986648 0.00717927)
)


// ************************************************************************* //
