/*--------------------------------*- C++ -*----------------------------------*\
| =========                 |                                                 |
| \\      /  F ield         | OpenFOAM: The Open Source CFD Toolbox           |
|  \\    /   O peration     | Version:  2312                                  |
|   \\  /    A nd           | Website:  www.openfoam.com                      |
|    \\/     M anipulation  |                                                 |
\*---------------------------------------------------------------------------*/
FoamFile
{
    version     2.0;
    format      ascii;
    arch        "LSB;label=32;scalar=64";
    class       volScalarField;
    location    "3";
    object      p;
}
// * * * * * * * * * * * * * * * * * * * * * * * * * * * * * * * * * * * * * //

dimensions      [0 2 -2 0 0 0 0];

internalField   nonuniform List<scalar> 
2958
(
-36213.5
-30833.5
-14404.9
-58989
-33773.4
-13866.8
-33093.8
-36840
-15289
-36464.9
-35167.7
-29510.8
-36226.8
-29519.1
-35952.3
-35091.9
-31152.1
-36296.4
-29510.3
-37665.1
-29279.7
-29694.7
-29094.3
-37254.3
-36248.9
-36462.2
7695.24
-37184.3
-33257.7
-35333.6
-36429.9
-37592.4
-29634.8
-15723.8
-35922.8
-36389.7
-29516.5
-29209.9
-38168
-40606.6
-166470
-33759.6
-32548.7
-36149.7
-29511.9
-26476.2
-34987.7
-30229.7
-48779.7
-32149.1
-35668
-31979.1
-40748.4
-35068.2
-35721.9
-53307.1
-37302.7
-37880.4
-36227.1
-82781.6
-38669.1
-37618.6
-34900.1
-35355.5
-29525
-29518
-35078.7
-30246.3
-28989.1
-40534.5
-29780.9
-29508.3
-27628.8
-36379.8
-29545.2
-35058.1
-38797.4
-34843.9
-29510.9
-35665.6
-36207.7
-31364.9
-37235.4
-37431.2
-37753.2
-35311.3
-32490.9
-35344.3
-30676.9
-29727.8
-35506.6
-33639
-34762.6
-29505.6
-33574.3
-34312.5
-41821.6
-58705
-29520.9
-29514.8
-58911
-36240.6
-34355.3
-31566.1
-29668.9
-32028.9
-29506.1
-49991.2
-29532.9
-32350.1
-95587.3
-35779.9
-29548.6
-36247.7
-29517.6
-29520.8
-35259.7
-35952.1
-31509.4
-36066
-43026.9
-29509.8
-34805.3
26524.6
-42348
-38026.6
-41925.5
-31022.3
-36306.1
-29496.8
-29530
-29474.3
-35985.7
-29526
-29510.6
-29526.3
-36319.9
-37313.1
-29516.7
-29519.7
-38403.8
-33625.1
-29303.6
-29550.2
-36344.8
-27727.5
-29537.6
-29512.8
-31775.9
-29511.8
-37715
-42260.5
-36799.5
-30443.7
-37455.2
-29531.5
-28936.9
-36423.5
-33946.7
-67061.3
-37798
-37077
-37149.7
-29514.8
-47825.2
-42058.2
-27141
-29519.3
-45355.1
-24232
-40259.3
-29506.6
-29810.9
-34408.9
-29552.1
-18579.2
-29248.2
61904.6
-20587.5
-29096
-29637.9
-30718.9
-36157.9
-125480
-31622
-30943.2
-31459.3
-29532.8
-31321
-53544.5
-31778.4
-33483.2
6221.39
-40588.2
-26733
-32925.9
-30430.5
-40985.5
-35704.2
-90793.1
-37290.9
-29523.2
-36272.6
65550.2
-59018.3
-17615.4
-31546.5
-18401.6
-32304.7
-51034.4
-29519.1
-29711.7
-29528.7
-31151.9
-29524.5
16642.7
-35383.7
-29522.3
-29523
-29520
-29493.5
-33459.3
-33827.8
-30711.1
-200006
-35468.4
-37211.2
-29524.6
-28447.3
-28778.9
-32739.8
-37848.5
-32217.2
-33087.4
-33148.1
-29488.5
-29566.7
-36253.8
-29572.9
-6509.97
-29549
-7403.65
-50880
-37104.8
-36588
-53707.1
-33875.5
-36248.1
-35171.8
-36223.5
-38236.2
-34893.7
-35734
65144.3
-58738.8
-25249.3
-35681.5
-31607.8
-36216.2
-31302.9
-35775.5
-29343.8
-33600.1
-64071.5
-34835.1
-34945
-37509.5
-36538.4
-28115.1
-29168.6
-29516.5
-31818.9
-35763.3
-29504
-31649.7
-36522.5
-29521.9
-30877.7
-29524.5
-31756
-29517.9
-29480.1
-34690
-35324.1
-32471.3
-29515.8
-30850.2
-79359.5
-102606
-35132
-37157.5
-26760
-29517
-29512.7
-37583.9
-4728.5
-29519
-35716.5
-29519.5
-37353.2
-36670.3
-33093.5
-31363.4
17879
-38491.1
-11271.3
-64124.5
-29347.8
-35274.1
-36043.9
-29535.8
-35948.6
-35411.4
-29531.6
-31615.8
-198896
-35324.5
-33596.6
-31843.8
-36774.1
-30411
-32815
-35976.9
-25906.1
-23147.9
-29183.5
-35793.2
-29449.3
-98138.9
-104527
-32705.7
-37199.9
-29507.7
-29516.6
-18978.2
-29516.7
76470
-62254.6
78414
-29534.9
-35354.9
-33402.3
-33884.8
-32691.7
-29535.9
-33323.6
-29535.3
-30978.4
-39674.7
-38561.3
-48446.1
-36128.3
-45704.3
-40241.4
-21890.8
-35604.2
-29519.4
-36093.8
-38016.7
-36197.1
-104122
-36492.3
-47100.3
-27724.3
-37049.5
-42927
-33588.8
-79313
-53419.2
-39868.4
-42788
-34462.9
-29519.4
-49404.2
-35532.5
-30621.7
-35619.8
-37366.5
-34966.9
-32345.8
-38699.7
-34755.9
-29529.4
-36010.8
-32163.6
-29595.5
-36959.9
-41128.1
-28947.3
-29519.8
-36380.9
-29516.6
-29297.1
-30073.8
-34035.2
153749
-104282
-29518.6
-29512.7
-34170.1
-36464.8
-35602
-29433
-57209.3
-35479.7
-36340
-29471.3
-35345.9
-36200.7
-39579.4
-37316.3
-36223.9
-35183.5
-31642.7
-36702
-33861.1
-34227.5
-58551
-36168.7
-36178.3
-29512.3
-31037.3
-26202.5
-30037.5
-36207.4
-29191.5
-34551.4
-36183
-36036.4
-30903.9
-34217.2
-34834.6
-28358.4
-39539
-37172.9
-33280.6
-26892.4
-37705.7
-38316.4
-29524.2
-28651.1
-31616
-35776.4
-43081.9
4979.36
-30271.8
-29436.1
-27487.5
-29565.9
-32200.5
-29544.3
-38081.5
-35604
-26932.2
-37990.9
-41414.4
-29517.8
-35980.1
-30069.9
-29518.9
-33730.3
-59382.3
-39089.8
-36724.9
-35619.9
-33349.7
-17933.4
-34624.9
-35632.5
-32888.2
-36505.5
-29511.1
-36772.3
-25337.6
-35377.7
-29573.3
-34791.9
-32743.9
-17713.9
-35099.5
-36282.8
-30181.6
-29524
-29640.9
-30397.4
-36181.8
-36134.2
-34763.9
7651.49
-36107.9
-29806.1
-33306
-51943.6
-36211.2
-31571.3
-34934.4
-37281.3
-29535.7
-29549.3
-29494
-33047.1
-29546.3
-29523.6
-38479.7
-37672.8
-29517.1
-63491.6
-20446.6
-44032.5
-40514
-29540
-29513.8
-36168.5
-29518.4
-35626.7
-35667.3
2792.25
-35844.6
-32010.8
-39174.4
-29735.8
-32188
-36271.7
-26893.3
-35558.2
-35507.1
-7799.11
-29331.7
-35087.9
-44794.1
-35085.6
-29710.3
-30419.9
-29509.5
-32753.7
-33626.8
-26305.1
-33823.6
-38056.3
-35075.1
-36597.9
-35377.6
-29511.8
-34908.4
-29475.3
-32661.6
-35071.6
-29104.5
-29517.4
65876
-29533.9
-29515.9
-31245.1
-37196.2
142860
-36907.2
-36579.7
-36031.3
-35450
-36785.8
-35885.4
-29192.8
-35316.3
-36306
-35888.9
-35746.7
-29525.1
-35587.6
-4970.04
-35809.2
-37424.2
-35981.5
-29539.6
-29561.5
-29738.5
-24385.5
-29555.8
-34734
-29521
-37095.7
-31043.7
-31572.1
-34996.1
-25078.6
-38439.8
-29347.5
-29600.4
-29514.9
-31685
-36925.7
-29518.6
-29525.7
-36267.2
-39151.8
-29204.3
-41477.7
-34456.6
-40560.9
-36185.7
-27546.3
-29508.2
-36341.2
-29597.6
-38626.2
-26846.3
-36372
-34955
-40745
-28619.1
-29515.7
-35504.7
-31992.9
-29525.8
-29518.6
-34524.2
-37203
-34197.2
-31909.1
-29512
-28847.5
-35567.1
-54874.1
-36603.3
-30015.8
-36000.2
-29535.6
-33109.9
-35886.8
-35539.7
-29520.5
-41791.1
-29520.6
-31158.4
-29519.8
-33978.7
-35414.3
-29804.1
-27607
-38232.3
-34448.2
-29472.6
-37508.9
-35755.5
-29807.2
-36172.3
-35076.9
-32905
-29477.3
-35338.8
-29516.6
-29523.5
-43233.1
-42117.7
12518.3
-36917.3
-30299.7
-32004.9
-28535.8
-42532.6
-38199.1
-33438.8
-28481.9
-29553.7
-29779
-27443.4
-29525.3
-28340.1
-29562.4
-36484.8
-34879.9
-39198.4
-30591
-60008.5
-106488
34743.9
-27684.1
-35867.7
-50166.7
-29480.2
-29515.4
-32747
-35608.3
-29514.7
-34665.6
-29526.4
-31335.8
-29605.9
-35715.1
-37460.7
-31833.7
-28172.4
-26903.4
-38127.3
-38508.8
-36194.7
-28960.4
-38598.1
-37775.8
-36121.9
-29470.1
-29526.6
-38019.7
-35423.7
-35015.1
-37517.1
-34917.3
-33320.4
-72669
-37333.7
-33569.8
-37846.7
-30769.4
-30410.6
-36267.3
-39566
-36310.7
-37432.6
-35918.9
-46229.2
-32652.9
-24442.4
-29461.8
-30510.2
-36753.3
-29522.3
-23715.6
-29522.7
-172423
-33890.3
-29509.2
-39398
-95491.3
-35811.7
-31295.9
-28220.4
-38169.6
-37394.5
-37032.5
-29288.3
-35272.9
-36215.5
-31041.3
-157751
-35987.2
-35954.1
-28958.2
-42953
-34211.6
61330.2
-45044.2
-59165.2
-29692.5
-29510.4
-81982.5
-3022.37
-6910.66
-35192.2
-37649.2
-35514.1
-32607.3
-29521.8
-29515.1
-29517.8
-42420.5
-29990.4
-29520.9
-36149.2
-29524.3
-42661.4
-29442.3
-29676.4
-25751.6
-17687.9
-38625.2
-29520.5
-29525.6
-38717.2
-37886.5
-29513.5
-29518.4
-31957.9
-29518
-57908.2
-38159.5
-29763.6
-31404
-36086.6
-29500.2
-30834.7
-35878.3
-35767.7
-41582.9
-35822.6
-36223.8
-29152.6
-33330.7
-28950.8
-35384.5
-36074.7
-37883.2
-28276.7
-29549.8
-38451.9
-50052
-35337.9
-38681
-37142.8
-34832.9
-31215.4
-36872.6
-29997.3
-33538.2
-37469.8
-29524.5
-34678
-39861.7
-34516.2
-35343.1
-10059.2
-70793.7
-36187.6
-35072.9
-36191
-35185.7
-35559.6
-24863
-34818.9
-38516
-25135.9
-36441.2
-30977.7
-35312
-36250.3
-96246.2
-36035.3
-31857.4
-37300
-29519.3
-62859.5
-35044.6
-40718.7
-36033.4
-29524.5
-29213.9
-29507.3
-34685.2
-36038.1
-26915.1
-35348.9
-36142.4
-36253.8
-37108.1
-36848.9
-7816.9
-31933.3
-37262.8
-29321.8
-29535.3
-36219.6
-37305.3
-32306
-11895
-38096.3
-35320.7
-51386.7
-26838.2
-32396.2
-42130.9
-29661.4
-34784.6
-37649.4
-29515.3
-31022
-110785
-64394.9
142598
-37548.5
-29514.6
-29231.7
-35470
-29517.5
-29517.4
-29516.8
-43100.4
-36149.1
-31904.2
-30111.6
-20444.3
-35384.1
-31605.4
-103693
-35767
-30941.7
-29520.1
-30199.6
-36573.5
-35391.9
-36148.9
-31633.6
-39513.9
-29555.6
-157300
-29519.8
-42369.7
-26438.5
-26737.6
-29455.3
-23949.5
-34095
-29481.9
-36189.1
-34089.3
-35334.1
-41064.2
-37674.2
-42783.3
-37481.8
-29745.7
-31119.6
-34954.3
-40899.9
-36810.8
-33691.6
-35547.2
-35127.2
-32147.7
66352.9
-34809.2
-31887.4
-31611.6
-29621.9
-37867.6
-30382.4
-32219.2
-35288.5
-30063.4
-35575.3
-31674.1
-35058.3
-31088.2
-35372.2
-26054.8
-29519.3
-35985.3
-27350.3
-33775.7
-40568.5
-38207
-38917.4
-30907.5
-36451.8
-34704.4
-36980.8
-88522
-35412
-31253.2
-37044.1
-34761.2
-33658.3
-29515.6
-29542.1
-33481.2
-31109.4
65402.2
-29516.2
-38145.8
-40662.9
-26719.8
-35831.4
-40903.3
-32748.1
-35335.2
-67492.3
-29515.6
-36566.6
-29515.9
-36022.9
-3451.85
-37158.1
-44957.4
-29673.6
-36204.1
-29511.9
-28131.9
-34822.5
-33958.9
-35401.2
-36368.4
-25787.8
-19710.8
-27638.7
-35411.5
-35799.5
-19493.7
-39313.6
-36164
-36211
-32086.7
-26254.5
-30379.5
-30145.4
-28063.6
36156.9
-35696.9
-32105.8
-39843.2
-36185.8
-36149
-29352.8
-29296.9
-103775
-32875.1
-29547.7
-98234.3
-38461.4
-35987.5
-29519.8
-40372.3
-36841.3
-28259.8
-35546.9
-35965.6
-99367.6
-37299.4
-13222.3
-29334.2
-35684.9
-36451.7
-30836.7
-56015.5
-29514.8
-26950.8
-34573.9
-36020.8
-29518.4
-29523.5
-37117.5
-29514.7
-29530.9
-30229.7
-35739.9
-31310.5
-29566.2
-29525.2
-33169.7
-29169.2
-35864.2
-36018.1
-42176.6
-29516.5
-36602.6
-35761.6
-30266.5
-32685.7
-28947.5
-46589.7
-29519.5
-35574.9
-29525.9
-29540.7
-29519.5
-40646
-36166.6
-28942.8
-35368.7
-36229.4
-24264.5
-35998.1
-44118.5
-33075.8
-29527.4
-30918
-29555.5
-113673
-80181.2
-29529
-48128
-35971.7
-48567
-30502.6
-37918.8
-35348.9
-28097.2
-37091.8
-41742.9
-29437.1
-34962.6
-30446.1
-37252.9
-37111.8
-36507.4
-37226.1
-27722.7
-33885.5
-36545.4
-29511.8
-103855
-32120.5
-41996.4
36222.8
-37229.9
-28592.2
-31642.6
-29534.2
-27995.9
-35084.6
-30627.9
-29533.8
-41312.6
-29510.8
-29519.7
-29514.9
-29517.5
-33947.1
-35273.3
-7005.44
-38707.8
-31479.3
-37221.9
-32760.2
-30530.9
-30071.6
-32948.1
-37456.2
-35140.3
-33930.7
-35107.4
-30537.3
-32236.3
-31118
-29524.7
-30560.2
-36126.4
-30338.3
-38392.5
-35258.7
-41261.6
-35428.5
-29521
-29498.6
-37636.5
-29212.9
-36328.8
-36061.6
-35906
-37018
-37391.8
-36266.7
38396
-18026.3
-29579.8
-38417.3
-36968.3
-53037.1
-41912.9
-33214.2
-36008.8
-36682.8
-35805.9
-29524.3
-45209.5
-52030.1
-36800
-28548.8
-36152
-35764.4
-32847.2
-35635.3
-24386.5
-27054.7
-29524.9
-36106.3
-24425.2
-35820.9
-29535.6
-29571.9
-35553.2
-35509.3
-35895.2
-36498.2
-36050.4
123676
-29515.4
-36091.1
-30597
-29442.6
-38988.7
-29472.9
-35326.9
-28062.2
-29515.3
-38644.2
182045
-37725
-35322.9
-35905.9
-29489.2
-35658.5
-29537
-35661.3
-38539.4
-98513
-34965.4
-29309.1
-26941.9
-36538.4
-105491
-29520.4
-35475.6
-34764.9
-36510.7
-29107.4
-36223.2
-35406.8
-36376.8
-37019.8
-35087.6
-33494.2
-35550.8
-37521.5
-29529.6
-42044.3
-35385.4
-35778.4
-36193.9
-35494.1
-34072.5
-32022.1
-29444.6
-35326.5
-31377.3
-29521.5
-35785
-29298.1
-36116.5
-29568.4
-32290.8
-30900.2
-34463.6
-32045.5
-39853.5
-29430.7
-31415.5
-35525.2
-35134.1
-36543.8
-30095.6
-36171.4
-36272.1
-29525.2
-29520
-34417.6
-34424.8
-29521.2
-29224
-25166.7
-36736.1
-30413.7
-30145.4
-41985.7
-17339.5
-41949.8
-35696.8
-30547.5
-33068.1
-36227.5
-37315
-37865.2
-35126.7
-26727
-37093.1
-39315.9
-35476.6
-34513
-37725.7
-31202
-30890.4
-39050.5
-33476.4
-34770
-35567.9
-100770
-32374.6
-31286.9
-34436.1
-36373.6
-46291.1
-32960.1
-36471.8
-29701.9
-31882.4
-35966.8
-29520.4
-35147.1
-35349.8
-35341.8
-35133
-34971.9
-37034.2
-32965.2
-32018
-35490.3
-35322.7
-34241.4
-35806.9
-38319.6
-58932
-39070.1
-32783.3
-29529.6
-49799.9
-17637.2
-29541.9
-35415.8
-35960.8
-31080.7
-38186.6
-37226.8
-35396.4
-30468.5
-29533.6
-37185
-35125.3
-37911.4
-170385
-36139.7
-34685.9
-35084.8
-14271.3
-28812.1
-29448.1
156946
-29509.1
-37230.8
-29513.4
155075
-29524.6
-36416.9
122511
-28252.3
-29525
-37471.8
-29519.2
-29456.9
-38567.4
-29516.9
-22402
-29349.5
-35935
-29522.2
-38560.2
-56162.3
-35683.3
-29524.8
-36734.4
-32178.6
169499
-29513.4
-31773.4
-29500.6
-37187.8
-29516
-38471.9
168186
-29527
-86314.5
-59658.9
-36047.9
-33809.7
-32344.5
-30352.3
66901.4
-29563.3
-36685
-29514.9
-29210.4
-31654.7
-36329.1
-29494.9
-37860.2
-29619.3
-37508
-36356.9
-30618.1
-26633.1
-36463.5
-125413
-27830.6
-35300.4
-32267.6
-29528.1
-29527
-35653.9
-11954.6
-41089.1
-30933.4
-35158.7
-29486.5
-29511.6
-31175.8
-31093.1
-37147.4
-33748.2
-35491.6
-36375.5
-27467.3
-28953.7
-29517.8
-29516.7
-34453.7
-13758.2
-4703
-34774.6
-34791.1
-39662.7
-37556.2
-36579.6
-39424.5
-43672.5
-29526.4
-36882.1
-35650.1
-36206.8
-31185.1
124878
-29525.7
-36206.6
-37891.9
-36805.1
-29527.2
-36762.2
-43589.9
-37419.8
-29527.8
-37264.8
-89675.3
-29519.2
-29472.4
-29518.9
-29516.9
-29519.2
-29515.8
40857.2
-36911.3
-36732.2
-36500.2
-37703.4
-35565.5
-29500.4
-35740.9
-29524.1
-29502.7
-35798
-34750.9
-29519.2
-35332.9
-39469.4
-29539.3
-38327.9
-41466.6
-38083
-26275
-34094.4
-34381.9
-27123
-70714.2
-36157.2
-34301.8
-37885.7
-29524.8
-29634.5
-31851.8
-34653.8
-29503.1
-47518.6
-42332
-36124.2
-29516
-37051.7
-47258.2
-32579.8
-38090
-29108
-36330.8
-29516.7
-35774
-34763.7
-34837.5
-31817.8
-28481.3
-37071.2
-29533.7
-36385.8
-38228
-35756.1
-41472.6
-36043.2
37417.2
-6112.87
-25650.2
-4221.08
-35346.4
-38217.3
-34893
-31058.4
-36039.3
-32352.3
-35380.7
-35965.5
-34794.3
-29357.4
-29518.8
-27052.8
-31088.1
-26555.3
-35641.3
326104
-29271.9
-27853.7
-32444.3
-29585.2
-28158.7
-5103.73
-20765.2
-29727.3
-35727.8
-29516.7
-38865.8
-35022.7
-27773.6
142222
-30989.2
-29518.3
-28577.5
325987
-36130.1
-35644.7
-36202.2
-29511
-35838.2
-32144.2
-35886.6
-73864.9
-36292.4
-29516.2
-36245.1
-29508.3
-29943.9
-32824.9
-18085.3
-35479.6
-35804.6
-35560.4
-29518.9
-38915.6
-35428.2
-44805
-33943.5
-113072
-33793.2
-32713.1
-35990.3
-39096.5
-41344.7
-30575.4
-36185
-31470.9
-36819.7
-29516.8
-27194.1
-26382
-37157.2
-34657.8
-27124.6
-33926.3
-30939.5
11829.7
-33764.8
-35158.3
-36110.2
-30442.1
-36142.6
-29528.2
-29515.7
-29520.6
-29764.6
-36783.7
-29518.5
-29525.3
-37354.4
-58572.9
-29519.3
-118315
-38231.4
-29548.5
-35373.7
-45254
-36118.9
-191776
-35609.2
-44785.7
-30048.6
-30074.3
-32783.9
77026.1
-35265.8
-32801.2
-29504.4
-39938.5
-35784
-35588.9
-35781.2
-36137.2
-29518.7
-29702.4
-37150.3
-29508.1
-29523.7
-75756.2
-24903.2
-29515.4
-35846.8
-29513.7
-36573.7
-36123.5
-29544.6
-36171.9
-31661.1
-36481.3
-32751.9
-36136.9
-8774.88
-10814.1
-30876.1
-28557.4
-35747.9
-36987.8
-36096.1
-37726.9
-29519.4
-30238.1
-29525.3
-30656.1
25759
-35029.6
-35178.3
-29642
-33374
-32130.7
-30476.1
-29519.6
-29519.2
-29520.3
-29505.6
-29505.3
-29504.7
-34392.5
-34628.2
-104659
-110736
-103249
-113398
-36715.8
-26424.8
-26381.2
-42913.4
-21251.1
-32266.3
-28877.2
-35493.6
-22130.2
-22207.1
-27789.1
-47714.1
323260
-36422.6
-51241.3
-50373.9
-50986.4
-43565.2
-38474.7
-48873.8
-42721.8
-36195.9
-40250
-51770.4
-60690.8
-31277.8
-30698.2
-30852.1
-29841.4
-37165.4
-31640
-29873.4
-30925.8
-29734.9
-30771.8
-29646.4
-29510.3
-29501.4
-29520
-29518.2
-29523
-29518.2
-29526.1
-29522.9
-29533.6
-29526.1
-29588.6
-29597.6
-29559.1
-29638.8
-29126.8
-30655.5
-29189.2
-29125.4
-30707
-28966.7
-28955.7
-161400
-176102
-46087
-63299.3
-129549
-119004
-36521.8
-34825.4
-37480.5
-37941.2
-37307.1
-36481.3
-37763.4
-37796.3
-37033.1
-37783.3
-34634.6
-39408.5
-39204.5
-34581
-35633.4
-36157.3
-36262.7
-36206.8
-36171.8
-36196.7
-36283.3
-36277.7
-36480.3
-36370.9
-36464.3
-36568.3
-36804.2
-37101.2
-36257.8
-37176.9
-37258.7
-37073.8
-37317.4
-38179.9
-37370.9
-36667.4
-37483
-37566.2
-37551.5
-37511.6
-37556.6
-37566.1
-37428.9
-37467.1
-37448.3
-37309.8
-37331.5
-37355.5
-37251.1
-37313.8
-37220.3
-37128.6
-36347.8
-36971.1
-38204.7
-28115.7
-33465.2
-33823.5
-9422.88
-9933.51
-16692.9
30772.3
31707.4
30572.6
7666.63
68865.2
39360.3
25636.3
34677.9
26808.5
-29809.6
-5337.74
6024.26
-13512.6
-12717
-13435.5
-14207.4
-15050.5
-12609.4
-6808.56
-12600.1
-12451.7
-12500.8
-23434.5
-40257
-30261
-27975.4
-25704.9
-28417.2
-27314.2
-22414.8
-31705.2
-18475.7
-31789.7
-27161.5
-34070
-33547.5
-30734.3
-30616.5
-39054.4
-30337.5
-29569.9
-22195.9
-45126
-45114.8
-60382.9
-44122.4
-41080.5
-41927.6
-41958.1
-41551.4
-81396.3
-70743
-67711
-34118.2
-40729.5
-38129.9
-34370.2
-33696.8
-35782.5
-31647.4
-104245
-104739
28891.5
-104680
-104173
23118
-104746
-150520
33289.3
-151669
19105
7946.09
-57154.7
-180391
-135035
-140991
-23846.2
-78318.6
-79656.2
-42712.7
-46820.6
-50865.9
-35488.3
-34491.8
-34252.2
-33898.1
-34103.8
-33421.4
-33701.4
-34041.3
-33387.4
-33366.3
-32434.5
-35793.3
-35236.3
-36751.2
-36343
-36004.2
-36217
-35897.1
-35861.1
-35903.2
-35748.5
-36147.5
-35998.9
-36102.7
-36161.2
-36210.6
-36297.8
-36220.5
-36124.9
-36191
-36160.7
-36383.2
-36480.4
-29666.4
-29685.2
-29688.4
-29572.6
-29493.4
-29482
-29414.5
-29438.2
-29517.5
-29526.8
-29528.2
-29505.9
-29506.2
-29486.9
-29535.4
-29563.3
-29477.1
-29538
-29569
-29570
-29564.7
-29489.4
-29560.1
-29534.4
-29517.7
-29549.5
-29474.9
-29469
-29544.2
-29522.1
-29523.2
-29516.9
-29524.3
-29525.4
-29525.2
-37065.9
-29521.5
-29522.7
-29523.1
-29523.3
-29526.4
-29519.1
-29518.1
-29527.2
-29517.3
-29667.1
-29073.9
-30773.2
-29110.6
-28909.1
-28919.3
-29634.4
-29489.5
-36146.3
-36212.3
-36268.9
-36390.9
-36472.7
-37147.9
-37344
-37351.5
-35032.5
-52608.3
-37249.4
-32771.5
-16380
8495.95
-8964.47
41262.7
37481.1
-13410
-324.279
-8565.78
-56025
-41637.9
-26714
-28690
-22027.9
32992.9
-35108
-98235.5
-55142.6
-66081.1
-41834.1
-38801.6
-39186.3
-42094.2
-33722
-63619.2
-32916.5
-103570
-104266
-104136
-146264
-70361.1
-83433.5
-43318.6
-47434.7
-42338.2
-35335.5
-35449.6
-33756.4
-33691.3
-33985.6
-33776.6
-36322.3
-35844
-36022.1
-35684.7
-36487
-36257.4
-36298
-36651.1
-36242.4
-36196.1
-36265.4
-36154.6
-29626.5
-29378.7
-29494.4
-29564.4
-29543.4
-29469.5
-29545.2
-29569.4
-29485.1
-29567.5
-29579.8
-29587
-29530.6
-29499
-29517.6
-29524.9
-29524.6
-29522.4
-29524.2
-29527.9
-29520.1
-29526.7
-29522.7
-29519.6
-29515.1
-29514.6
-29515.6
-29515.6
-29515.8
-29516
-29516.7
-29516.4
-29523.2
-29519.4
-29517.3
-29518.7
-29518.3
-29519.4
-29519
-29517.4
-29524.4
-29523.8
-29525.6
-29525.8
-29522.3
-29524.2
-29533.6
-29523.4
-29521.5
-29542.8
-29555.3
-29437.8
-29459.6
-29469.8
-29545.5
-29556.7
-29142.5
-37245
-37912.7
-38661.9
-38034.1
-38215.4
-60457.3
-47962.9
-49132.1
-54939.5
-110076
-92913.5
-104207
-46585
-113151
-35303.7
-34544.8
-35027.5
-35732.4
-35760.7
-35589.1
-35376.6
-36173.9
-35722.6
-36213.1
-36165.2
-35655.8
-35911.9
-36008.1
-35848.3
-35972.5
-35940.1
-35881.1
-36015.8
-35996.3
-36049.1
-35984.9
-35866.4
-36179.9
-36240.8
-36373.1
-36386.9
-35650.3
-36121.3
-35924.8
-36125.2
-36151.5
-36122.4
-36199.1
-36237.7
-36289.8
-36275.2
-36254.6
-36258.1
-36211.5
-36179.1
-36200
-36178.3
-36138.7
-35529
-36780.7
-38082.9
-38436.2
-38804
-38993
-38235
-27842.1
-25337.4
-26647.9
-26868.6
-25331.9
-18430.2
-35200.3
-26912.3
-28081.9
-34308.3
-32698.3
-26242.3
-26237.1
-32801.1
-28732.5
-7516.12
-26689.8
-39994.6
-35003.8
-41061.5
-33186.6
-37844.5
-34922.4
-33232.2
-6873.48
-30704.3
-33152
-31722.8
-32850.5
-34477.3
-34176.7
-38089.7
-37858.2
-37337.4
-32069.5
-31404.1
-29177
-29885.3
-29454.8
-34046.4
-30000.4
-28797
-29101.5
-30986.9
-31278.8
-31846
-31532.5
-28158.5
-28998.3
-30542
-29552
-29534.5
-26972.9
-35073.1
-49705
-39519.2
-45200.9
-79270.3
-59676.5
-60569.6
-59003.1
-42532.7
-41229.2
-41752.8
-41375.6
-41138.6
-43726
-37294.1
-38060.6
-37685.2
-40827
-36002.4
-38707.5
-40131.8
-39925
-42008.9
-28107.8
-38672.1
-105128
30862.1
-36583.2
-59310.5
-70256.1
-42105.5
-53985.8
-36594.6
-70750.8
-41577.9
-41861.7
-47964.1
-35945.9
-36223.6
-33972.2
-43745.3
-36157.6
-35922
-34981.9
-35230
-34997.2
-34818.3
-34809.3
-34791.1
-34786.8
-34793
-34801.3
-34783
-34755.1
-34835.7
-34577.3
-34862.5
-34791
-34795.9
-35369.8
-35239.7
-35550.2
-35320.6
-35291.9
-35408.2
-35566
-35442.2
-35373
-35463.5
-35539.7
-35600.9
-35566.2
-35811.8
-35697.9
-36562.6
-35724
-35709.4
-35771.5
-30021.5
-29386.7
-30040.3
-29669.5
-29688
-29692.3
-29646.6
-29682.2
-29663.6
-29573.3
-29501
-29470.4
-29532.4
-36629.1
-29510.8
-29483.7
-29526.1
-29519.1
-29517.4
-29518.5
-29519.2
-32100.3
-29519.8
-29518.6
-29518.8
-29520.7
-29516.2
-29515.4
-29528.7
-29517.7
-29520.8
-29514.5
-29521.4
-29522.2
-54684.6
-30719.9
-31018.8
-38949.9
-38644.6
-38129.7
-29519.1
-29518.9
-29519.7
-29519.1
-29515.4
-29517.7
-29518.1
-29517.7
-29517.1
-29517.7
-29520.1
-29519.5
-29519.5
-29517.5
-29515.7
-29523.3
-29520.8
-29518.5
-29522.8
-34288
-29525.5
-29530.4
-29529.1
-29563.1
-29469.4
-29476.1
-29468.3
-29556.1
-29187.9
-29703.4
-41324.7
-37006.8
-37430.2
-37572
-37828.8
-38008.1
-37818.8
-38069.7
-38775
-46938.6
-56232.7
-36522.3
-38143.7
-35937.2
-37041.4
-38462.6
-35445.5
-34830.6
-35096.9
-35712.6
-35830.3
-35990.4
-35979
-36024
-35357
-35851.3
-35206.4
-35958.5
-35848.8
-35698
-35633.9
-35810.8
-35614.9
-35453.1
-35542.5
-35546.7
-35537.6
-35500.6
-35596.9
-35672.7
-35495.9
-35527
-35385.4
-35394.8
-35430.8
-35505.1
-35615.1
-35166.1
-35414.4
-35293.4
-36208.2
-35339.2
-35222.7
-35256.8
-37090.1
-36107.2
-35343.2
-35328.5
-35338.1
-35330.9
-35333
-35344.1
-35308
-35086.8
-36257.6
-37580.1
-35622.4
-36769.9
-31084
-30512.4
-37284.7
-38763.6
-37807.2
-31871.1
-38048.8
-33943.9
-29989
-26081.6
-29236.1
-25801.9
-18318.4
-24867.5
-29056.9
-29594.6
-30463.3
-30042.7
-31188.7
-31594.5
-31908.7
-31613.3
-31741.8
-31612.4
-30529.2
-30822.6
-32003.5
-28130.8
-30795.7
-8083.24
-28292.2
-27067
-15818.6
-23832
-32967.2
-32901
-32206.1
-32678.7
-29219.4
-33051.9
-32285.6
-33437.2
-33384.1
-33211.6
-34158.8
-32184.3
-34133.8
-34414.3
-32693.6
-34060.9
-37211.6
-34793.9
-29858.1
-30323.2
-28298.9
-32503.3
-32022.6
-31595.7
-31714.5
-29827.6
-30093.2
-29853.5
-29757.4
-29955
-31343.3
-32561.1
-32063.8
-29458.5
-30409.1
-30733.4
-30900.4
-32064
-30548.6
-31321.3
-31882.1
-31428.3
-30688.2
-31536.5
-31147.3
-35124.4
-26606.8
-46836.6
-33304
-35966.7
-37308.3
-36390.2
-37692.9
-44383.1
-36821.4
-37174.2
-41710.9
-37269.4
-37233.1
-36920.3
-36425.2
-35539.3
-37233.2
-38396.1
-36386.3
-36659.8
-35947.7
-32502.7
-38000.4
-38920
-40713.7
-38422
-37669.3
-40288.7
-42249
-42274
-41911.9
-40363.6
-36383.2
-36686.1
-36175
-33213
-36221.7
-35701.4
-35700.9
-34856.4
-34515.5
-35259.2
-35632.7
-35250.5
-34770.5
-34801.7
-35070.3
-35077.3
-34774.8
-35078.4
-35090.4
-35054.6
-35075.7
-35121.1
-35043.6
-34740.7
-35066.1
-35075
-34989.1
-35063.6
-35020.4
-35352.6
-35152.7
-35318.1
-35511.7
-36187.8
-35247.4
-35197.9
-35251.3
-35344.9
-35420.4
-35429.4
-35361.6
-35398.9
-35410.1
-35334.7
-35588.3
-35475.1
-35714.8
-35589.7
-35598.3
-35424.5
-35521.1
-35548.8
-35647.1
-35828.1
-35661.6
-35699.5
-29518.7
-35078.6
-29467.9
-29430.5
-29659.8
-29487.5
-29684.8
-29454.6
-29540.3
-29552.7
-29531.9
-29474.9
-29525.2
-29536
-29525.8
-29520.6
-29513.9
-29516.1
-29516.2
-29517
-29520.8
-29516.6
-29519.9
-29517.6
-29520
-29517.3
-29515.8
-29520.3
-29515.7
-29529.2
-29515.7
-29519.3
-29519.5
-29515.6
-36711.6
-36344.6
-28807.4
-30726.9
-29078.4
-29258.2
-31074.4
-30785.5
-31492.8
-38295.5
-38021.6
-31463.3
-37702.2
-38032.4
-42104.1
-37207.1
-39266.3
-38563.1
-29515.9
-29517.8
-29518.6
-29516.9
-29481.4
-29557.5
-29486.6
-29518.2
-31278.1
-31303.4
-31691
-31400.7
-28218.1
-29519.3
-29517.6
-29516.5
-29516.8
-29510
-29522.6
-29513.2
-29520.5
-29512.4
-29513.5
-29516.7
-29517.1
-29510.9
-29508
-29526.8
-29523.6
-29475.5
-38179.2
-38877.5
-37970.8
-38930.3
-36578
-36299.2
-36424.9
-35891.4
-35993.2
-38057.5
-37005.4
-35774.2
-35936.7
-36068.8
-35884.3
-36011
-35750.6
-35674.9
-35754.6
-35288.3
-35285.4
-35655.6
-35647.4
-35582.7
-35564.5
-35101
-35194.5
-34885.6
-35133
-35088.4
-35276.4
-35032.3
-35321.5
-35079.5
-35051.8
-35417
-35330.3
-35599.6
-29517.3
-29517
-37289.9
-37284.4
-37596.2
-37481.3
-36694.6
-35048.6
-31044.7
-31522.5
-31435.2
-29297.5
-29181.4
-28965.6
-26320.6
-29026.1
-30757.6
-31685.9
-31774.3
-31698.7
-31963.8
-31332.1
-30964.6
-31280.5
-32650.5
-32474.6
-31523.4
-31811.6
-32503.3
-32720.6
-33090.6
-32980.9
-32025
-31928.2
-30677.5
-31995.2
-32051.5
-35689.8
-35611.2
-36109.9
-32067.9
-31345.5
-31752.2
-31781.8
-31394.2
-31196.9
-31894.3
-36603.9
-37151
-36533.1
-36118.3
-36282.6
-35755.6
-36365.3
-36054.4
-29510.3
-29551.1
-29532.8
-29508.4
-29526.4
-29528.3
-29521.1
-29516.7
-29523.3
-29517
-29517.9
-29520.3
-29519.6
-29516.1
-29515.1
-29657.4
-36789.4
-36711.2
-37285.5
-38612.8
-29514.4
-37458.8
-36941.5
-29482.8
-38010.9
-32476.3
-32428.1
-29522.7
-29524.3
-31673.9
-31221.8
-31246.6
-31251.2
-36145.7
-37722.1
-37080.6
-36348.5
-40587.5
-36480.1
-35845.7
-35661.6
-35665.9
-29671.9
-29604.6
-29589.1
-29523.2
-29520
-29528.1
-35346.6
-38853.1
-29524.9
-29527
-29470.6
-35938.7
-35266.9
-29518.3
-35365.9
-35208.5
-29968.3
-31618.5
-31388.8
-32428.6
-29404.7
-34346.6
-36882.7
-29156
-31704.6
-28480.6
-37328.3
-38442.7
-37797.5
-36713.5
-35806.8
-35354.9
-35350.3
-35613.3
-29517.6
-29540.5
-29541.7
-29518.5
-29519.4
-36805.3
-36264.4
-29501.3
-36990.1
-35053.4
-35096.3
-29517
-35349.6
-36669.2
-30769.8
-31353
-29519.3
-29517.3
-36159.5
-29506.5
-29504.9
-65218.1
-26744.5
-23895.9
-29517.1
-43034.3
-36757.1
-53932.7
-29517.4
-29814.1
-30668
-30651.1
-30236.2
-37670
-29516.7
-36160.2
-29515.1
-37387.7
-16195.4
-2797.16
368.83
-27544.2
-46810.6
-41444.2
-41671.1
-33593.3
-95241.9
-34048.6
-35464.8
-36197.9
-35356.2
-35343.4
-35753.3
-36139.2
-36376.1
-36129.5
-29627.5
-35041.9
-29483.2
-29488.7
-29458.1
-29460.9
-35082
-29525.3
-35084.1
-29525.5
-29502.2
-29489
-29552
-29524.7
-29495.7
-29523.8
-65315.6
-33937.6
-36967.9
-35586.8
-36186.8
-29522.5
-29665.5
-29525.8
-35919.3
-29520.8
-29664.1
-30128.6
-35713
-36254.8
-36251.2
-30001
-32014
-28363.8
-41942.1
-34668.1
-35550.3
-38771.9
-33803.4
-34822.7
-35679.5
-35664.8
-30053.9
-29673.3
-29544.7
-29473
-29520.2
-36387.6
-29518.2
-29525.2
-38685.5
-29517.3
-37917.8
-29517.7
-29524.2
-35620.6
-37156.7
-35738.7
-35478.4
-35333.2
-35594.7
-35764.6
-35467.2
-30866.5
-29567.8
-27790.2
-29516.1
-29515.8
-29515.9
-29517.2
-41290.1
-42446.7
-42190.4
-41803.7
)
;

boundaryField
{
    Wall
    {
        type            zeroGradient;
    }
    Inlet
    {
        type            zeroGradient;
    }
    Outlet
    {
        type            fixedValue;
        value           uniform 0;
    }
    Empty
    {
        type            empty;
    }
}


// ************************************************************************* //
