/*--------------------------------*- C++ -*----------------------------------*\
| =========                 |                                                 |
| \\      /  F ield         | OpenFOAM: The Open Source CFD Toolbox           |
|  \\    /   O peration     | Version:  2312                                  |
|   \\  /    A nd           | Website:  www.openfoam.com                      |
|    \\/     M anipulation  |                                                 |
\*---------------------------------------------------------------------------*/
FoamFile
{
    version     2.0;
    format      ascii;
    arch        "LSB;label=32;scalar=64";
    class       Cloud<basicKinematicCollidingParcel>;
    location    "0.19995/lagrangian/kinematicCloud";
    object      coordinates;
}
// * * * * * * * * * * * * * * * * * * * * * * * * * * * * * * * * * * * * * //

41
(
(0.75457 0.00361724 0.0152395 0.226573) 12917 83004 1
(0.0825937 0.169661 0.477958 0.269788) 1343 7524 1
(0.196409 0.335048 0.0755403 0.393003) 2699 13195 2
(0.52941 0.0491476 0.0500083 0.371434) 92 535 3
(0.397748 0.487265 0.0313047 0.0836822) 12004 40199 1
(0.2735 0.280246 0.118477 0.327778) 12004 40202 1
(0.356636 0.195411 0.0198905 0.428063) 1094 5943 2
(0.374683 0.286466 0.0791319 0.259719) 2456 11990 2
(0.47482 0.503665 0.0165565 0.00495894) 2061 5809 3
(0.35985 0.393857 0.193957 0.0523356) 1065 5788 4
(0.0524493 0.491853 0.373039 0.0826589) 3179 15764 2
(0.0479005 0.227687 0.446414 0.277999) 219 1163 3
(0.00226682 0.333072 0.390658 0.274004) 3151 15607 1
(0.0265162 0.270504 0.344932 0.358047) 2430 11848 1
(0.163811 0.425409 0.179092 0.231688) 10738 37036 2
(0.00437988 0.833989 0.0952806 0.0663506) 8716 32041 1
(0.352948 0.0666454 0.0567964 0.52361) 7799 29728 2
(0.667886 0.0832203 0.0546683 0.194225) 8709 32038 1
(0.0415649 0.198988 0.15963 0.599817) 10742 37048 1
(0.160865 0.423409 0.0369935 0.378732) 7166 14942 2
(0.468425 0.375002 0.0870563 0.0695174) 12113 40447 2
(0.616285 0.0488598 0.178452 0.156403) 2218 10784 2
(0.461147 0.402387 0.0160024 0.120463) 10715 36970 2
(0.485534 0.00099638 0.138899 0.37457) 2184 10603 1
(0.0908323 0.126274 0.211555 0.571339) 10178 35631 2
(0.389282 0.197725 0.127974 0.285019) 10592 15379 1
(0.213725 0.37571 0.228253 0.182311) 12721 41815 2
(0.00525943 0.297045 0.163092 0.534604) 242 1288 2
(0.0153306 0.705667 0.15701 0.121993) 10164 35601 1
(0.173464 0.577024 0.0219378 0.227574) 8619 31824 1
(0.116974 0.152474 0.375224 0.355328) 188 1004 2
(0.180363 0.221969 0.34893 0.248737) 10164 14380 2
(0.350981 0.440464 0.0326251 0.175929) 10534 27918 2
(0.0380908 0.2843 0.576958 0.100651) 2915 14157 1
(0.266035 0.375382 0.17812 0.180463) 10523 15246 2
(0.763986 0.0463679 0.0988464 0.0907999) 10307 35960 2
(0.3817 0.218436 0.3757 0.0241636) 2892 14155 3
(0.513249 0.0098131 0.378523 0.0984144) 11978 40137 2
(0.101432 0.346961 0.388126 0.163481) 651 3354 1
(0.159326 0.279173 0.357446 0.204055) 12021 40239 2
(0.71699 0.0133288 0.169995 0.0996856) 7689 6391 2
)


// ************************************************************************* //
