/*--------------------------------*- C++ -*----------------------------------*\
| =========                 |                                                 |
| \\      /  F ield         | OpenFOAM: The Open Source CFD Toolbox           |
|  \\    /   O peration     | Version:  2312                                  |
|   \\  /    A nd           | Website:  www.openfoam.com                      |
|    \\/     M anipulation  |                                                 |
\*---------------------------------------------------------------------------*/
FoamFile
{
    version     2.0;
    format      ascii;
    arch        "LSB;label=32;scalar=64";
    class       volScalarField;
    location    "6.9";
    object      p;
}
// * * * * * * * * * * * * * * * * * * * * * * * * * * * * * * * * * * * * * //

dimensions      [0 2 -2 0 0 0 0];

internalField   nonuniform List<scalar> 
2958
(
-1.17663e+09
-1.14259e+09
-1.16134e+09
-1.17505e+09
-1.10981e+09
-1.16461e+09
-1.18672e+09
-1.21192e+09
-1.06724e+09
-1.22575e+09
-1.18789e+09
-1.14467e+09
-1.20815e+09
-1.14467e+09
-1.19935e+09
-1.1757e+09
-1.08042e+09
-1.20531e+09
-1.14467e+09
-1.17464e+09
-1.14471e+09
-1.08455e+09
-1.14479e+09
-1.54557e+09
-1.20696e+09
-1.18072e+09
7.52719e+06
-1.6723e+09
-1.18813e+09
-1.18493e+09
-1.18031e+09
-1.01344e+09
-1.14549e+09
-9.93872e+08
-1.20545e+09
-1.19041e+09
-1.14467e+09
-1.14478e+09
-1.19536e+09
-1.3563e+09
-1.10273e+09
-1.17876e+09
-1.18693e+09
-1.17279e+09
-1.14467e+09
-1.05793e+09
-1.18865e+09
-1.00555e+09
-1.17511e+09
-1.14984e+09
-1.17691e+09
-1.17288e+09
-1.22608e+09
-1.19046e+09
-1.17759e+09
-1.19776e+09
-1.30429e+09
-1.22555e+09
-1.18027e+09
-9.25774e+08
-1.17509e+09
-1.17515e+09
-1.19548e+09
-1.18555e+09
-1.14467e+09
-1.14467e+09
-1.19069e+09
-1.20411e+09
-1.15316e+09
-1.17774e+09
-1.07914e+09
-1.14467e+09
-1.09356e+09
-1.17739e+09
-1.14468e+09
-1.18723e+09
-1.17497e+09
-1.19591e+09
-1.14461e+09
-1.17756e+09
-1.20726e+09
-1.06396e+09
-1.8622e+09
-1.87992e+09
-1.17523e+09
-1.192e+09
-1.07518e+09
-1.19197e+09
-1.1729e+09
-1.14547e+09
-1.20301e+09
-1.10868e+09
-1.19063e+09
-1.14467e+09
-1.33221e+09
-1.21615e+09
-1.17491e+09
-1.17393e+09
-1.14467e+09
-1.14467e+09
-1.17498e+09
-1.17903e+09
-1.2191e+09
-1.09743e+09
-1.14381e+09
-1.15985e+09
-1.14467e+09
-1.17497e+09
-1.14467e+09
-1.21737e+09
-1.17498e+09
-1.1772e+09
-1.14468e+09
-1.22003e+09
-1.14467e+09
-1.14467e+09
-1.19364e+09
-1.17721e+09
-1.08231e+09
-1.17774e+09
-1.18254e+09
-1.14467e+09
-1.19202e+09
-1.20056e+09
-1.17822e+09
-1.17571e+09
-1.17326e+09
-1.09951e+09
-1.17574e+09
-1.14467e+09
-1.14468e+09
-1.14465e+09
-1.17752e+09
-1.14467e+09
-1.14467e+09
-1.14467e+09
-1.22698e+09
-1.17679e+09
-1.14466e+09
-1.14467e+09
-1.17353e+09
-1.12675e+09
-1.14472e+09
-1.14467e+09
-1.17721e+09
-1.05786e+09
-1.14468e+09
-1.14467e+09
-1.02332e+09
-1.14467e+09
-1.1746e+09
-1.1749e+09
-1.23236e+09
-1.14703e+09
-1.20999e+09
-1.14467e+09
-1.14516e+09
-1.17688e+09
-1.18826e+09
-1.21252e+09
-1.21038e+09
-1.23665e+09
-1.19322e+09
-1.14467e+09
-5.79746e+08
-1.1759e+09
-1.14794e+09
-1.14467e+09
-1.23755e+09
-1.06155e+09
-9.78778e+08
-1.14467e+09
-1.1444e+09
-1.13734e+09
-1.14467e+09
-1.08559e+09
-1.10762e+09
-7.41061e+08
-1.14395e+09
-1.15317e+09
-1.14779e+09
-1.09509e+09
-1.20306e+09
-1.17505e+09
-1.16372e+09
-1.08529e+09
-1.16186e+09
-1.14467e+09
-1.08635e+09
-1.17498e+09
-1.08548e+09
-1.13004e+09
-5.55362e+08
-1.23471e+09
-1.16341e+09
-1.18825e+09
-1.13813e+09
-9.87402e+08
-1.1767e+09
-1.15094e+09
-1.23637e+09
-1.14467e+09
-1.17658e+09
-8.06498e+08
-1.19492e+09
-1.20947e+09
-1.1541e+09
-1.21191e+09
-1.07647e+09
-1.17511e+09
-1.14467e+09
-1.14547e+09
-1.14467e+09
-1.10885e+09
-1.14467e+09
-1.06136e+09
-1.18634e+09
-1.14467e+09
-1.14467e+09
-1.14467e+09
-1.14467e+09
-1.13646e+09
-1.18755e+09
-1.08299e+09
-1.17514e+09
-1.17641e+09
-1.69283e+09
-1.14467e+09
-1.03831e+09
-1.08641e+09
-1.1357e+09
-1.03861e+09
-1.00485e+09
-1.05922e+09
-1.18817e+09
-1.14467e+09
-1.14467e+09
-1.17756e+09
-1.14467e+09
-1.17501e+09
-1.14467e+09
-1.17501e+09
-1.17536e+09
-1.70783e+09
-1.18023e+09
-1.12924e+09
4.68422e+08
-1.215e+09
-1.19004e+09
-1.18378e+09
-1.22529e+09
-1.19038e+09
-1.19121e+09
5.21971e+09
-1.17488e+09
-1.19914e+09
-1.18163e+09
-1.03444e+09
-1.18732e+09
-1.08121e+09
-1.17587e+09
-1.14487e+09
-1.03398e+09
-9.09121e+08
-1.14252e+09
-1.19422e+09
-1.21094e+09
-1.18135e+09
-1.14593e+09
-1.14501e+09
-1.14467e+09
-1.07956e+09
-1.1821e+09
-1.14467e+09
-1.10912e+09
-1.18104e+09
-1.14467e+09
-1.06799e+09
-1.14467e+09
-1.10626e+09
-1.14467e+09
-1.14468e+09
-1.14252e+09
-1.19618e+09
-1.08344e+09
-1.14467e+09
-1.147e+09
-1.17476e+09
-1.175e+09
-1.18536e+09
-1.535e+09
-1.09819e+09
-1.14467e+09
-1.14467e+09
-1.35614e+09
2.5599e+08
-1.14467e+09
-1.1757e+09
-1.14467e+09
-1.2822e+09
-1.24431e+09
-1.10708e+09
-1.04075e+09
-1.06228e+09
-1.17494e+09
-1.6477e+09
-1.17429e+09
-1.14487e+09
-1.18994e+09
-1.17501e+09
-1.14467e+09
-1.17563e+09
-1.17814e+09
-1.14467e+09
-1.10552e+09
-1.17513e+09
-1.05493e+09
-1.18782e+09
-1.08467e+09
-1.18018e+09
-1.06778e+09
-1.07223e+09
-1.18696e+09
-1.18779e+09
-1.06231e+09
-1.14501e+09
-1.17732e+09
-1.14481e+09
-1.17504e+09
-1.27653e+09
-1.07151e+09
-1.28724e+09
-1.14467e+09
-1.14466e+09
-6.69155e+08
-1.14466e+09
-1.17426e+09
-1.10169e+09
-1.17426e+09
-1.14467e+09
-1.19168e+09
-1.09467e+09
-1.09428e+09
-1.06375e+09
-1.14467e+09
-1.13618e+09
-1.14467e+09
-1.23795e+09
-1.17316e+09
-1.17499e+09
-1.21545e+09
-1.21492e+09
-9.9251e+08
-1.17394e+09
-1.18795e+09
-1.18427e+09
-1.14467e+09
-1.18574e+09
-3.70659e+08
-1.17515e+09
-1.27588e+09
-1.17592e+09
-1.17505e+09
-1.14887e+09
-1.20029e+09
-1.00537e+09
-1.18812e+09
-1.1748e+09
-1.17461e+09
-9.99985e+08
-1.38558e+09
-1.10543e+09
-1.14467e+09
-1.175e+09
-1.18496e+09
-1.10761e+09
-1.17749e+09
-1.268e+09
-1.09536e+09
-1.07038e+09
-1.17558e+09
-1.19421e+09
-1.14468e+09
-1.18631e+09
-1.0819e+09
-1.14481e+09
-1.1815e+09
-9.83588e+08
-1.14513e+09
-1.14467e+09
-1.21167e+09
-1.14467e+09
-1.14511e+09
-1.07929e+09
-1.17393e+09
-1.17555e+09
-1.27766e+09
-1.14467e+09
-1.14467e+09
-1.09147e+09
-1.17823e+09
-1.18212e+09
-1.07915e+09
-1.17503e+09
-1.17738e+09
-1.17718e+09
-1.17981e+09
-1.19171e+09
-1.17779e+09
-1.17318e+09
-1.17516e+09
-1.20677e+09
-1.18624e+09
-1.09022e+09
-1.0938e+09
-1.0928e+09
-1.05993e+09
-1.19554e+09
-1.17293e+09
-1.17304e+09
-1.14467e+09
-1.15114e+09
-1.05607e+09
-1.17824e+09
-1.20088e+09
-1.1453e+09
-1.25637e+09
-1.19975e+09
-1.17638e+09
-1.10642e+09
-1.10846e+09
-1.19485e+09
-1.0938e+09
-1.35128e+09
-1.26741e+09
-1.0578e+09
-1.05467e+09
-1.24067e+09
-1.17577e+09
-1.14467e+09
-1.05681e+09
-1.09754e+09
-1.17712e+09
-1.18267e+09
-5.47249e+08
-1.1428e+09
-1.14481e+09
-9.95688e+08
-1.14467e+09
-1.07384e+09
-1.14467e+09
-1.02554e+09
-1.20807e+09
-1.14416e+09
-1.17453e+09
-1.17398e+09
-1.14467e+09
-1.18091e+09
-1.06046e+09
-1.14467e+09
-1.12714e+09
-1.17499e+09
-1.1748e+09
-1.22577e+09
-1.18441e+09
-1.18739e+09
-1.00856e+09
-1.18881e+09
-1.18368e+09
-1.1559e+09
-1.2279e+09
-1.14467e+09
-1.25577e+09
-1.06045e+09
-1.18828e+09
-1.07804e+09
-1.19192e+09
-1.06259e+09
-6.57282e+08
-1.19183e+09
-1.20499e+09
-1.11114e+09
-1.14467e+09
-1.14778e+09
-1.15986e+09
-1.18727e+09
-1.19558e+09
-1.19007e+09
-1.02033e+09
-1.17708e+09
-7.10879e+08
-1.13632e+09
-1.17502e+09
-1.17827e+09
-1.07315e+09
-1.17662e+09
-1.3019e+09
-1.14467e+09
-1.14467e+09
-1.14467e+09
-1.07157e+09
-1.14467e+09
-1.14467e+09
-1.17455e+09
-1.20673e+09
-1.14467e+09
-1.17428e+09
-1.1962e+09
-1.17481e+09
-1.17509e+09
-1.14469e+09
-1.14467e+09
-1.1798e+09
-1.14467e+09
-1.17728e+09
-1.17755e+09
-1.0216e+09
-1.16116e+09
-1.07553e+09
-1.17467e+09
-1.14632e+09
-1.0766e+09
-1.17891e+09
-8.21324e+08
-1.17521e+09
-1.17505e+09
-1.61159e+09
-1.14486e+09
-1.19187e+09
-1.17493e+09
-1.19146e+09
-1.14547e+09
-1.10797e+09
-1.14467e+09
-1.14659e+09
-1.18862e+09
-1.14592e+09
-1.12764e+09
-1.17545e+09
-1.19021e+09
-1.17233e+09
-1.18711e+09
-1.14467e+09
-1.1748e+09
-1.14467e+09
-1.14658e+09
-1.19185e+09
-1.14479e+09
-1.14467e+09
-7.67098e+08
-1.14467e+09
-1.14467e+09
-1.1158e+09
-1.17459e+09
7.24823e+09
-1.19141e+09
-1.17203e+09
-1.17762e+09
-1.18678e+09
-1.15004e+09
-1.18378e+09
-1.18794e+09
-1.17842e+09
-1.17323e+09
-1.17797e+09
-1.17718e+09
-1.14467e+09
-1.1847e+09
-1.17502e+09
-1.17714e+09
-1.17453e+09
-1.18377e+09
-1.14467e+09
-1.14467e+09
-1.14444e+09
-1.37395e+09
-1.14467e+09
-1.14253e+09
-1.14467e+09
-1.1947e+09
-1.09873e+09
-1.10537e+09
-1.18843e+09
-1.13588e+09
-1.1755e+09
-1.14481e+09
-1.14467e+09
-1.14467e+09
-1.11184e+09
-1.26204e+09
-1.14467e+09
-1.14467e+09
-1.18186e+09
-1.16404e+09
-1.1453e+09
-1.17628e+09
-1.19481e+09
-1.17647e+09
-1.17254e+09
-1.14388e+09
-1.14467e+09
-1.17965e+09
-1.14482e+09
-1.17454e+09
-8.1493e+08
-1.17583e+09
-1.15834e+09
-1.17748e+09
-1.14484e+09
-1.14466e+09
-1.17524e+09
-1.14984e+09
-1.14467e+09
-1.14467e+09
-1.17548e+09
-1.24458e+09
-1.18925e+09
-1.09506e+09
-1.14467e+09
-1.14892e+09
-1.17396e+09
-1.17465e+09
-1.17245e+09
-1.06096e+09
-1.18675e+09
-1.14468e+09
-1.07766e+09
-1.18496e+09
-1.18384e+09
-1.14467e+09
-1.17329e+09
-1.14467e+09
-1.07151e+09
-1.14467e+09
-1.17602e+09
-1.18434e+09
-1.1444e+09
-1.08974e+09
-1.19538e+09
-1.19368e+09
-1.14467e+09
-1.17267e+09
-1.16125e+09
-1.1444e+09
-1.17231e+09
-1.15828e+09
-1.10618e+09
-1.14465e+09
-1.18418e+09
-1.14467e+09
-1.14467e+09
-1.18263e+09
-1.17555e+09
-1.05866e+09
-1.20236e+09
-1.07792e+09
-1.13936e+09
-1.14483e+09
-1.05609e+09
-9.93128e+08
-1.03659e+09
-1.14483e+09
-1.14467e+09
-1.14466e+09
-1.14385e+09
-1.14467e+09
-1.0583e+09
-1.14467e+09
-1.17503e+09
-1.19357e+09
-1.00005e+09
-1.07783e+09
-1.1966e+09
-1.175e+09
6.97082e+08
-1.28136e+09
-1.17784e+09
-1.14878e+09
-1.14465e+09
-1.14467e+09
-1.05737e+09
-1.41376e+09
-1.14467e+09
-1.26711e+09
-1.14467e+09
-1.07998e+09
-1.0908e+09
-1.17714e+09
-1.17501e+09
-1.09657e+09
-1.14593e+09
-1.20141e+09
-1.1756e+09
-1.17501e+09
-1.17665e+09
-1.14513e+09
-1.2383e+09
-1.17394e+09
-1.17791e+09
-1.1447e+09
-1.14467e+09
-1.17495e+09
-1.18434e+09
-1.18276e+09
-1.17551e+09
-1.18914e+09
-1.05708e+09
-1.17503e+09
-1.26351e+09
-1.07798e+09
-1.03534e+09
-1.08147e+09
-1.08123e+09
-1.17601e+09
-1.17319e+09
-1.22321e+09
-1.29833e+09
-1.17753e+09
-5.84275e+08
-1.06012e+09
-1.14564e+09
-1.14467e+09
-1.0805e+09
-1.1633e+09
-1.14467e+09
-1.19762e+09
-1.14467e+09
-1.1751e+09
-1.18743e+09
-1.14466e+09
-1.17502e+09
-1.17498e+09
-1.19758e+09
-1.17625e+09
-1.14613e+09
-1.2214e+09
-1.17269e+09
-1.1723e+09
-1.14471e+09
-1.19783e+09
-1.17726e+09
-1.18048e+09
-1.17511e+09
-1.18867e+09
-1.18323e+09
-1.14513e+09
-1.17474e+09
-1.18982e+09
-7.97713e+08
-1.1748e+09
-1.17391e+09
-1.14779e+09
-1.14467e+09
-1.17503e+09
-1.14033e+09
-1.14142e+09
-1.19076e+09
-1.17525e+09
-1.16118e+09
-1.17531e+09
-1.14467e+09
-1.14467e+09
-1.14467e+09
-1.17475e+09
-1.08098e+09
-1.14467e+09
-1.17714e+09
-1.14467e+09
-1.17476e+09
-1.14472e+09
-1.14456e+09
-1.19876e+09
-1.2114e+09
-1.17511e+09
-1.14467e+09
-1.14467e+09
-1.1691e+09
-1.17452e+09
-1.14467e+09
-1.14467e+09
-1.11249e+09
-1.14467e+09
-1.17468e+09
-1.17511e+09
-1.14445e+09
-1.09077e+09
-1.17921e+09
-1.14468e+09
-1.11588e+09
-1.18178e+09
-1.18393e+09
-1.17614e+09
-1.17803e+09
-1.18726e+09
-1.15318e+09
-1.066e+09
-1.14513e+09
-1.1845e+09
-1.18155e+09
-1.17391e+09
-1.04092e+09
-1.14467e+09
-1.17571e+09
-1.17497e+09
-1.19158e+09
-1.16892e+09
-1.17687e+09
-1.18695e+09
-1.13361e+09
-1.15001e+09
-1.00991e+09
-1.18719e+09
-1.20963e+09
-1.14467e+09
-1.18985e+09
-1.17489e+09
-1.06067e+09
-1.19119e+09
-1.17497e+09
-1.17503e+09
-1.21003e+09
-1.17573e+09
-1.20523e+09
-1.14475e+09
-1.18396e+09
-1.12429e+09
-1.17529e+09
-1.17499e+09
-1.12981e+09
-1.19509e+09
-1.1105e+09
-1.19317e+09
-1.1752e+09
-1.17497e+09
-1.17995e+09
-1.09981e+09
-1.79652e+09
-1.14467e+09
-1.21664e+09
-1.19203e+09
-1.17489e+09
-1.18774e+09
-1.14467e+09
-1.14475e+09
-1.14467e+09
-1.17536e+09
-1.18662e+09
-1.152e+09
-1.19288e+09
-1.40822e+09
-1.17617e+09
-1.1769e+09
-1.22668e+09
-1.07505e+09
-1.09726e+09
-1.53184e+09
-1.07717e+09
-1.14467e+09
-1.21538e+09
-1.53974e+09
-1.06424e+09
-1.09636e+09
-1.19962e+09
-1.18021e+09
-1.17498e+09
-1.15192e+09
-1.08165e+09
7.57867e+08
-1.14461e+09
-1.19069e+09
-1.27318e+09
-1.14467e+09
-1.12601e+09
-1.17502e+09
-1.17428e+09
7.23767e+09
-1.00908e+09
-1.14467e+09
-1.14475e+09
-1.1841e+09
-1.14467e+09
-1.14467e+09
-1.14467e+09
-1.00503e+09
-1.17858e+09
-1.14984e+09
-1.07972e+09
-1.14391e+09
-1.17814e+09
-1.15277e+09
-1.17499e+09
-1.17797e+09
-1.07345e+09
-1.14467e+09
-1.092e+09
-1.27373e+09
-1.18724e+09
-1.21234e+09
-1.07916e+09
-1.23638e+09
-7.1842e+08
-1.17511e+09
-1.14467e+09
8.14459e+08
-1.11269e+09
-1.09797e+09
-1.0779e+09
-1.37288e+09
-1.09301e+09
-1.14467e+09
-1.20769e+09
-1.13688e+09
-1.18644e+09
-9.88551e+08
-1.26525e+09
-9.88381e+08
-1.26983e+09
-1.14632e+09
-1.0814e+09
-1.1876e+09
-9.79721e+08
-1.09706e+09
-1.2196e+09
-1.18431e+09
-1.18656e+09
-1.08194e+09
-7.97264e+08
-1.19662e+09
-1.0147e+09
-1.15022e+09
-1.17212e+09
-1.23224e+09
-1.16953e+09
-1.17499e+09
-1.1884e+09
-1.15895e+09
-1.18446e+09
-1.07747e+09
-1.19307e+09
-1.08421e+09
-1.19416e+09
-1.14384e+09
-1.14467e+09
-1.17771e+09
-1.14384e+09
-1.10565e+09
-1.17402e+09
-1.21513e+09
-1.16904e+09
-1.0855e+09
-1.21231e+09
-1.27483e+09
-1.1723e+09
-1.17504e+09
-1.23507e+09
-1.08437e+09
-1.1723e+09
-1.19025e+09
-1.18765e+09
-1.14467e+09
-1.14467e+09
-1.10397e+09
-1.08563e+09
5.21463e+09
-1.14467e+09
-1.17443e+09
-1.1765e+09
-1.14035e+09
-1.18333e+09
-1.17401e+09
-1.11701e+09
-1.19472e+09
-1.17503e+09
-1.14467e+09
-3.61157e+08
-1.14467e+09
-1.18623e+09
-1.14159e+09
-1.203e+09
-1.1418e+09
-1.14457e+09
-1.20748e+09
-1.14467e+09
-1.14594e+09
-1.19278e+09
-1.06555e+09
-1.18433e+09
-1.1803e+09
-1.21275e+09
-1.20227e+09
-1.13706e+09
-1.19503e+09
-1.18175e+09
-6.69528e+08
-1.0334e+09
-1.17856e+09
-1.21154e+09
-1.05855e+09
-1.1037e+09
-1.10854e+09
-1.09007e+09
-1.18718e+09
7.02657e+08
-1.1882e+09
-1.01797e+09
-1.17489e+09
-1.17861e+09
-1.17835e+09
-1.14508e+09
-1.14472e+09
-1.27654e+09
-1.06545e+09
-1.14467e+09
-1.17504e+09
-1.03367e+09
-1.17916e+09
-1.14467e+09
-1.22468e+09
-1.16326e+09
-1.14613e+09
-1.18539e+09
-1.20663e+09
-1.17504e+09
-1.78713e+09
-1.09521e+09
-1.14511e+09
-1.1774e+09
-1.17693e+09
-1.27702e+09
-1.17502e+09
-1.14467e+09
-1.15204e+09
-1.28733e+09
-1.17759e+09
-1.14466e+09
-1.14467e+09
-1.1952e+09
-1.14467e+09
-1.14467e+09
-1.14282e+09
-1.17567e+09
-1.15411e+09
-1.14467e+09
-1.14467e+09
-1.07269e+09
-1.14501e+09
-1.17774e+09
-1.18589e+09
-1.17814e+09
-1.14467e+09
-1.24334e+09
-1.17809e+09
-1.16802e+09
-1.08571e+09
-1.14517e+09
-1.17536e+09
-1.14467e+09
-1.17637e+09
-1.14467e+09
-1.14467e+09
-1.14467e+09
-1.17726e+09
-1.17802e+09
-1.14513e+09
-1.19278e+09
-1.20929e+09
-1.36829e+09
-1.18069e+09
-1.38421e+09
-1.06456e+09
-1.14467e+09
-1.0954e+09
-1.14467e+09
-1.17505e+09
-1.17479e+09
-1.14467e+09
-1.19636e+09
-1.25817e+09
-1.175e+09
-1.1585e+09
-1.22543e+09
-1.19345e+09
-1.14593e+09
-1.02177e+09
-1.17328e+09
-1.14475e+09
-1.189e+09
-1.17325e+09
-1.19783e+09
-1.19502e+09
-1.26428e+09
-1.20296e+09
-1.14886e+09
-1.19283e+09
-1.20241e+09
-1.14467e+09
-1.27594e+09
-1.06649e+09
-1.1779e+09
7.23355e+08
-1.19749e+09
-1.08745e+09
-1.07672e+09
-1.14466e+09
-1.04952e+09
-1.20697e+09
-1.08553e+09
-1.14467e+09
-1.21588e+09
-1.14467e+09
-1.14467e+09
-1.14467e+09
-1.14466e+09
-1.08214e+09
-1.4255e+09
2.48461e+08
-1.17526e+09
-1.08175e+09
-1.0226e+09
-1.08213e+09
-1.08006e+09
-1.07897e+09
-1.07632e+09
-1.30864e+09
-1.18971e+09
-1.17521e+09
-1.1908e+09
-1.07925e+09
-1.07991e+09
-1.0716e+09
-1.14467e+09
-1.16811e+09
-1.20768e+09
-1.16759e+09
-1.30762e+09
-1.17998e+09
-1.17628e+09
-1.18367e+09
-1.14467e+09
-1.14467e+09
-1.17506e+09
-1.14475e+09
-1.17305e+09
-1.21132e+09
-1.1874e+09
-1.26438e+09
-1.21016e+09
-1.17723e+09
-3.9418e+08
-1.17496e+09
-1.14467e+09
-1.30758e+09
-1.25545e+09
-1.19676e+09
-1.21579e+09
-1.17499e+09
-1.18637e+09
-1.1987e+09
-1.17764e+09
-1.14467e+09
-1.14675e+09
-1.20036e+09
-1.25096e+09
-1.09733e+09
-1.17576e+09
-1.17797e+09
-1.15584e+09
-1.17762e+09
-1.14563e+09
-1.10213e+09
-1.14467e+09
-1.17795e+09
-1.14561e+09
-1.232e+09
-1.14467e+09
-1.14467e+09
-1.17758e+09
-1.18359e+09
-1.20275e+09
-1.18102e+09
-1.1944e+09
2.0497e+10
-1.14467e+09
-1.20455e+09
-1.16803e+09
-1.14475e+09
-1.17468e+09
-1.1447e+09
-1.19213e+09
-1.18752e+09
-1.14467e+09
-1.17519e+09
-1.17478e+09
-1.17456e+09
-1.20392e+09
-1.20334e+09
-1.14472e+09
-1.1771e+09
-1.14466e+09
-1.17878e+09
-1.27892e+09
-1.17505e+09
-1.19604e+09
-1.14471e+09
-8.02967e+08
-1.17589e+09
-1.17506e+09
-1.14467e+09
-1.20642e+09
-1.19083e+09
-1.17582e+09
-1.14479e+09
-1.20905e+09
-1.21104e+09
-1.17881e+09
-1.26839e+09
-1.19302e+09
-1.1757e+09
-1.18576e+09
-1.41273e+09
-1.14467e+09
-1.23853e+09
-1.18503e+09
-1.20386e+09
-1.17724e+09
-1.18523e+09
-1.08988e+09
-1.07589e+09
-1.14481e+09
-1.18544e+09
-1.28656e+09
-1.14467e+09
-1.17761e+09
-1.14472e+09
-1.2005e+09
-1.14467e+09
-1.0753e+09
-1.08763e+09
-1.18554e+09
-1.10565e+09
-1.35281e+09
-1.1447e+09
-1.09736e+09
-1.18372e+09
-1.19327e+09
-1.19715e+09
-1.07906e+09
-1.17773e+09
-1.20378e+09
-1.14467e+09
-1.14467e+09
-1.19364e+09
-1.19297e+09
-1.14467e+09
-1.14478e+09
-1.2127e+09
-1.18008e+09
-1.11086e+09
-1.08087e+09
-1.23456e+09
-1.07734e+09
7.38175e+08
-1.17756e+09
-1.11053e+09
-1.07178e+09
-1.18682e+09
-1.26486e+09
-1.17462e+09
-1.1876e+09
-1.05887e+09
-1.26332e+09
-9.77943e+08
-1.18425e+09
-1.17665e+09
-1.24751e+09
-1.17222e+09
-1.0708e+09
-1.06306e+09
-1.09836e+09
-1.19483e+09
-3.59789e+08
-1.17506e+09
-1.07848e+09
-1.15408e+09
-1.17333e+09
-1.17815e+09
-1.17511e+09
-1.16488e+09
-1.18004e+09
-1.14456e+09
-1.08123e+09
-1.18107e+09
-1.14467e+09
-1.1892e+09
-1.19222e+09
-1.19244e+09
-1.18906e+09
-1.05538e+09
-1.26147e+09
-1.05976e+09
-1.08232e+09
-1.18388e+09
-1.19194e+09
-1.09602e+09
-1.17674e+09
-1.17446e+09
-1.27946e+09
-1.17546e+09
-1.071e+09
-1.14467e+09
-1.23873e+09
-1.17497e+09
-1.14467e+09
-1.18013e+09
-1.19268e+09
-1.10959e+09
-1.17441e+09
-1.62131e+09
-1.19325e+09
-1.18756e+09
-1.14461e+09
-1.17505e+09
-1.19246e+09
-1.04028e+09
-1.17509e+09
-1.17286e+09
-1.17659e+09
-1.1923e+09
-1.15094e+09
-1.17689e+09
-1.14475e+09
-1.17556e+09
-1.14467e+09
-1.628e+09
-1.14467e+09
-1.17554e+09
-1.14467e+09
-1.18699e+09
2.06853e+10
-1.14613e+09
-1.14467e+09
-1.2771e+09
-1.14467e+09
-1.14467e+09
-1.17528e+09
-1.14467e+09
-1.06232e+09
-1.14481e+09
-1.17909e+09
-1.14467e+09
-1.2237e+09
-1.17503e+09
-1.18137e+09
-1.14467e+09
-1.20478e+09
-1.15985e+09
-1.17477e+09
-1.14467e+09
-1.1331e+09
-1.14467e+09
-1.78536e+09
-1.14466e+09
-1.30547e+09
-1.17476e+09
-1.14467e+09
-1.17505e+09
-1.17488e+09
-1.18535e+09
-1.09037e+09
-1.15985e+09
-1.0158e+09
5.21557e+09
-1.14467e+09
-1.2436e+09
-1.14467e+09
-1.14478e+09
-1.16475e+09
-1.17304e+09
-1.14467e+09
-1.3235e+09
-1.14549e+09
-1.2221e+09
-1.17727e+09
-1.16659e+09
-1.11469e+09
-1.17581e+09
-1.17505e+09
-1.08134e+09
-1.20557e+09
-1.08633e+09
-1.14467e+09
-1.14467e+09
-1.20273e+09
-1.63743e+09
-1.17603e+09
-1.38918e+09
-1.20264e+09
-1.14466e+09
-1.14467e+09
-1.40531e+09
-1.41397e+09
-1.2004e+09
-1.03715e+09
-1.20275e+09
-1.09503e+09
-1.0845e+09
-1.14516e+09
-1.14467e+09
-1.14467e+09
-1.19297e+09
-1.06985e+09
-2.85295e+08
-1.19044e+09
-1.19137e+09
-1.23711e+09
-1.21043e+09
-1.19724e+09
-1.22199e+09
-1.38519e+09
-1.14467e+09
-1.15004e+09
-1.1806e+09
-1.17488e+09
-1.07064e+09
2.04924e+10
-1.14467e+09
-1.17505e+09
-1.19531e+09
-1.175e+09
-1.14467e+09
-1.19107e+09
-1.00367e+09
-1.34796e+09
-1.14467e+09
-1.27218e+09
-1.15371e+09
-1.14467e+09
-1.14469e+09
-1.14467e+09
-1.14467e+09
-1.14467e+09
-1.14467e+09
-3.87741e+08
-1.19142e+09
-1.26163e+09
-1.21746e+09
-1.20859e+09
-1.20273e+09
-1.07825e+09
-1.17731e+09
-1.14467e+09
-1.14467e+09
-1.23715e+09
-1.1891e+09
-1.14467e+09
-1.18541e+09
-1.00321e+09
-1.14466e+09
-1.1737e+09
-1.17605e+09
-1.01022e+09
-1.08621e+09
-1.01381e+09
-1.19165e+09
-1.12821e+09
-1.21299e+09
-1.17834e+09
-1.11834e+09
-1.17519e+09
-1.14467e+09
-1.14382e+09
-1.14952e+09
-1.17542e+09
-1.14467e+09
-1.18304e+09
-1.17503e+09
-1.17967e+09
-1.14467e+09
-1.20058e+09
-5.91406e+08
-1.1673e+09
-1.17566e+09
-1.17175e+09
-1.1794e+09
-1.14467e+09
-1.17787e+09
-1.06111e+09
-1.39575e+09
-1.09117e+09
-1.17254e+09
-1.26908e+09
-1.14467e+09
-1.17883e+09
-1.17374e+09
-1.18197e+09
-1.17491e+09
-1.17701e+09
7.05316e+08
-7.38923e+08
-1.12043e+09
-3.00344e+08
-1.18445e+09
-1.17563e+09
-1.19484e+09
-1.09253e+09
-1.17777e+09
-1.06072e+09
-1.18407e+09
-1.17698e+09
-1.19199e+09
-1.14481e+09
-1.14467e+09
-1.09975e+09
-1.07309e+09
-1.14231e+09
-1.17739e+09
5.88704e+09
-1.07998e+09
-1.09396e+09
-1.05265e+09
-1.14482e+09
-1.14593e+09
-2.43818e+08
-1.144e+09
-1.18031e+09
-1.17752e+09
-1.14467e+09
-1.17469e+09
-1.17479e+09
-1.14887e+09
7.24408e+09
-1.08667e+09
-1.14467e+09
-1.17154e+09
5.89596e+09
-1.1869e+09
-1.20697e+09
-1.21192e+09
-1.14467e+09
-1.18219e+09
-1.08907e+09
-1.19295e+09
-1.10688e+09
-1.17826e+09
-1.14467e+09
-1.17927e+09
-1.14467e+09
-1.08047e+09
-1.06428e+09
-1.19444e+09
-1.18447e+09
-1.17718e+09
-1.18452e+09
-1.14467e+09
-1.16411e+09
-1.1985e+09
-1.17539e+09
-1.17604e+09
-1.17505e+09
-1.1761e+09
-1.14656e+09
-1.17761e+09
-1.16411e+09
-1.24105e+09
-1.09536e+09
-1.17821e+09
-1.09446e+09
-1.17497e+09
-1.14467e+09
-1.14794e+09
-1.0593e+09
-1.19296e+09
-1.40238e+09
-1.14795e+09
-1.3483e+09
-1.0951e+09
-1.01729e+09
-1.09159e+09
-1.17477e+09
-1.17797e+09
-1.19226e+09
-1.1783e+09
-1.14467e+09
-1.14467e+09
-1.14467e+09
-1.14445e+09
-1.16334e+09
-1.14467e+09
-1.14467e+09
-1.17269e+09
-1.17395e+09
-1.14467e+09
-1.17505e+09
-1.17564e+09
-1.14468e+09
-1.17806e+09
-1.17492e+09
-1.21433e+09
-1.17513e+09
-1.20948e+09
-1.17481e+09
-1.18069e+09
-1.14284e+09
-1.15589e+09
-1.17428e+09
-1.17656e+09
-1.05233e+09
-1.14469e+09
-1.17551e+09
-1.17859e+09
-1.18412e+09
-1.18423e+09
-1.18382e+09
-1.14467e+09
-1.14459e+09
-1.19318e+09
-1.14467e+09
-1.14467e+09
-1.10304e+09
-1.05182e+09
-1.14467e+09
-1.17642e+09
-1.14467e+09
-1.17213e+09
-1.20889e+09
-1.14467e+09
-1.17713e+09
-1.01944e+09
-1.51417e+09
-1.05626e+09
-1.08341e+09
-1.07422e+09
-1.07153e+09
-1.08209e+09
-1.08593e+09
-1.178e+09
-1.25683e+09
-1.17577e+09
-1.24896e+09
-1.14467e+09
-1.08067e+09
-1.14467e+09
-1.14701e+09
-1.19653e+09
-1.19368e+09
-1.1946e+09
-1.14382e+09
-1.18734e+09
-1.07198e+09
-1.0956e+09
-1.14467e+09
-1.14467e+09
-1.14467e+09
-1.14467e+09
-1.14467e+09
-1.14467e+09
-1.18772e+09
-1.18726e+09
-1.07315e+09
-1.001e+09
-1.07133e+09
-1.06981e+09
-1.23736e+09
-1.32596e+09
-1.30229e+09
-1.27808e+09
-1.33742e+09
-1.2587e+09
-1.31921e+09
-1.27676e+09
-5.85238e+08
-5.85421e+08
-1.10404e+09
-9.94436e+08
5.91302e+09
-2.03371e+09
-5.13672e+09
-3.81612e+09
-4.75026e+09
-2.24443e+09
-2.06201e+09
-3.69149e+09
-2.36227e+09
-1.18346e+09
-1.17503e+09
-1.17503e+09
-1.17503e+09
-1.11109e+09
-1.14457e+09
-1.10988e+09
-1.14465e+09
-1.24847e+09
-1.10778e+09
-1.14465e+09
-1.14455e+09
-1.14466e+09
-1.14457e+09
-1.14466e+09
-1.14467e+09
-1.14467e+09
-1.14467e+09
-1.14467e+09
-1.14467e+09
-1.14467e+09
-1.14467e+09
-1.14467e+09
-1.14467e+09
-1.14467e+09
-1.14467e+09
-1.14467e+09
-1.14467e+09
-1.14466e+09
-1.14475e+09
-1.14458e+09
-1.14472e+09
-1.14475e+09
-1.14457e+09
-1.14513e+09
-1.14513e+09
-1.17511e+09
-1.1751e+09
-1.17503e+09
-1.17503e+09
-1.17506e+09
-1.17507e+09
-1.17392e+09
-1.17389e+09
-1.17339e+09
-1.17326e+09
-1.17398e+09
-1.17506e+09
-1.17528e+09
-1.17524e+09
-1.17502e+09
-1.17527e+09
-1.17658e+09
-1.17566e+09
-1.17568e+09
-1.17664e+09
-1.17704e+09
-1.17751e+09
-1.17714e+09
-1.17748e+09
-1.1775e+09
-1.17751e+09
-1.17767e+09
-1.17771e+09
-1.17941e+09
-1.17885e+09
-1.17943e+09
-1.18108e+09
-1.18014e+09
-1.18154e+09
-1.18726e+09
-1.20063e+09
-1.19793e+09
-1.20307e+09
-1.2129e+09
-1.21707e+09
-1.23103e+09
-1.24568e+09
-1.37902e+09
-1.4167e+09
-1.36206e+09
-1.38148e+09
-1.41984e+09
-1.3853e+09
-1.44273e+09
-1.44704e+09
-1.44421e+09
-1.50854e+09
-1.51022e+09
-1.47943e+09
-1.63028e+09
-1.54568e+09
-1.8885e+09
3.91462e+08
1.63822e+08
2.44264e+08
-1.20512e+09
-1.14594e+09
-2.02508e+09
-2.04089e+09
-1.5468e+08
-1.63941e+08
1.39128e+08
-4.05809e+08
-3.94604e+08
-4.12881e+08
-7.15505e+06
-7.89266e+08
-4.02922e+08
6.28125e+08
6.92072e+08
6.42895e+08
-7.1493e+08
2.87881e+08
-5.46539e+08
-1.1697e+09
-1.15677e+09
-1.05623e+09
-1.05552e+09
-1.05311e+09
-1.0808e+09
-1.10145e+09
-1.08003e+09
-1.07671e+09
-1.07033e+09
-1.05186e+09
-9.87597e+08
-1.02906e+09
-1.08172e+09
-1.10306e+09
-1.09771e+09
-1.09498e+09
-1.09654e+09
-1.08413e+09
-1.09464e+09
-1.08246e+09
-1.08522e+09
-1.08365e+09
-1.0837e+09
-1.15816e+09
-1.15845e+09
-1.27638e+09
-1.16281e+09
-1.10963e+09
-1.28516e+09
-1.25525e+09
-1.25654e+09
-1.27992e+09
-1.28389e+09
-1.28011e+09
-1.28229e+09
-1.26455e+09
-1.28121e+09
-1.20798e+09
-1.21424e+09
-1.21462e+09
-1.23704e+09
-1.23558e+09
-1.22804e+09
-1.21682e+09
-1.21835e+09
-1.2161e+09
-1.21895e+09
-1.27289e+09
-1.27288e+09
-1.20508e+09
-1.27314e+09
-1.27639e+09
-1.20578e+09
-1.27679e+09
-1.14957e+09
-1.1033e+09
-1.14958e+09
-1.1028e+09
-1.1021e+09
-1.09796e+09
-1.14944e+09
-1.07339e+09
-1.05557e+09
-1.15644e+09
-1.08635e+09
-1.09663e+09
-1.16153e+09
-1.11862e+09
-1.1243e+09
-1.19871e+09
-1.19346e+09
-1.19024e+09
-1.18759e+09
-1.18897e+09
-1.18763e+09
-1.18801e+09
-1.18847e+09
-1.18689e+09
-1.18795e+09
-1.18756e+09
-1.18666e+09
-1.18666e+09
-1.18754e+09
-1.18659e+09
-1.18496e+09
-1.18569e+09
-1.18482e+09
-1.18676e+09
-1.18552e+09
-1.18519e+09
-1.18191e+09
-1.18172e+09
-1.18119e+09
-1.17835e+09
-1.17819e+09
-1.17856e+09
-1.17836e+09
-1.1729e+09
-1.17265e+09
-1.17302e+09
-1.17749e+09
-1.17873e+09
-1.14456e+09
-1.14457e+09
-1.14466e+09
-1.14466e+09
-1.14468e+09
-1.14468e+09
-1.14468e+09
-1.14469e+09
-1.14467e+09
-1.14466e+09
-1.14466e+09
-1.14462e+09
-1.14462e+09
-1.14462e+09
-1.14461e+09
-1.14459e+09
-1.14466e+09
-1.14461e+09
-1.14459e+09
-1.14467e+09
-1.14467e+09
-1.14467e+09
-1.14467e+09
-1.14467e+09
-1.14467e+09
-1.14467e+09
-1.14467e+09
-1.14467e+09
-1.14467e+09
-1.14467e+09
-1.14467e+09
-1.14467e+09
-1.14467e+09
-1.14467e+09
-1.14467e+09
-1.2466e+09
-1.14467e+09
-1.14467e+09
-1.14467e+09
-1.14467e+09
-1.14467e+09
-1.14466e+09
-1.14466e+09
-1.14467e+09
-1.14466e+09
-1.14466e+09
-1.14473e+09
-1.14457e+09
-1.14474e+09
-1.14513e+09
-1.14513e+09
-1.14549e+09
-1.14468e+09
-1.17511e+09
-1.17752e+09
-1.17767e+09
-1.17888e+09
-1.17945e+09
-1.27613e+09
-1.46808e+09
-1.51286e+09
3.80894e+08
-5.13433e+09
2.217e+08
-2.00321e+09
1.74087e+08
1.27944e+07
-1.41884e+08
7.41422e+08
7.15295e+08
-1.14079e+09
-9.71758e+08
-1.0932e+09
-9.91257e+08
-1.00367e+09
-1.10236e+09
-1.09629e+09
-1.32758e+09
-1.18983e+09
-1.28757e+09
-1.15386e+09
-1.27927e+09
-1.27879e+09
-1.2653e+09
-1.22986e+09
-1.2344e+09
-1.22563e+09
-1.23554e+09
-1.21607e+09
-1.23678e+09
-1.27827e+09
-1.27701e+09
-1.27691e+09
-1.14903e+09
-1.0926e+09
-1.11112e+09
-1.13419e+09
-1.09808e+09
-1.15421e+09
-1.20191e+09
-1.19817e+09
-1.18751e+09
-1.18817e+09
-1.18833e+09
-1.18723e+09
-1.18645e+09
-1.18538e+09
-1.18116e+09
-1.18489e+09
-1.17887e+09
-1.17838e+09
-1.17853e+09
-1.18039e+09
-1.17806e+09
-1.17316e+09
-1.17626e+09
-1.17293e+09
-1.14455e+09
-1.14468e+09
-1.14468e+09
-1.14461e+09
-1.14461e+09
-1.14466e+09
-1.14461e+09
-1.14459e+09
-1.14467e+09
-1.14467e+09
-1.14467e+09
-1.14467e+09
-1.14467e+09
-1.14468e+09
-1.14467e+09
-1.14467e+09
-1.14467e+09
-1.14467e+09
-1.14467e+09
-1.14467e+09
-1.14467e+09
-1.14467e+09
-1.14467e+09
-1.14467e+09
-1.14467e+09
-1.14467e+09
-1.14467e+09
-1.14467e+09
-1.14467e+09
-1.14467e+09
-1.14467e+09
-1.14467e+09
-1.14467e+09
-1.14467e+09
-1.14467e+09
-1.14467e+09
-1.14467e+09
-1.14467e+09
-1.14467e+09
-1.14467e+09
-1.14467e+09
-1.14467e+09
-1.14467e+09
-1.14467e+09
-1.14467e+09
-1.14467e+09
-1.14467e+09
-1.14467e+09
-1.14467e+09
-1.14467e+09
-1.14467e+09
-1.14468e+09
-1.14468e+09
-1.14467e+09
-1.14469e+09
-1.14468e+09
-1.14472e+09
-1.17461e+09
-1.17394e+09
-1.17452e+09
-1.17443e+09
-1.17442e+09
-1.17489e+09
-1.17496e+09
-1.17497e+09
-1.17498e+09
-1.17503e+09
-1.17502e+09
-1.17504e+09
-1.17503e+09
-1.17505e+09
-1.17568e+09
-1.17615e+09
-1.17608e+09
-1.17641e+09
-1.1769e+09
-1.1761e+09
-1.17691e+09
-1.17759e+09
-1.1771e+09
-1.17763e+09
-1.17976e+09
-1.18155e+09
-1.18216e+09
-1.18413e+09
-1.1843e+09
-1.18532e+09
-1.18471e+09
-1.18516e+09
-1.18608e+09
-1.18722e+09
-1.1869e+09
-1.18716e+09
-1.18879e+09
-1.18915e+09
-1.18792e+09
-1.18996e+09
-1.19219e+09
-1.19127e+09
-1.19578e+09
-1.19641e+09
-1.19738e+09
-1.20139e+09
-1.20129e+09
-1.20316e+09
-1.20336e+09
-1.20243e+09
-1.20556e+09
-1.20594e+09
-1.20582e+09
-1.20957e+09
-1.21055e+09
-1.21087e+09
-1.22971e+09
-1.22634e+09
-1.22767e+09
-1.2331e+09
-1.25416e+09
-1.30003e+09
-1.28382e+09
-1.30763e+09
-1.29484e+09
-1.14909e+09
-1.23124e+09
-1.25556e+09
-1.21807e+09
-1.16517e+09
-1.18746e+09
-1.38449e+09
-1.14566e+09
-1.15741e+09
-1.37362e+09
-1.08211e+09
-1.10133e+09
-1.07433e+09
-1.07685e+09
-1.03999e+09
-7.41388e+08
-1.07329e+09
-1.08372e+09
-1.07853e+09
-1.06744e+09
-1.08007e+09
-1.06927e+09
-1.06193e+09
-1.06017e+09
-1.09708e+09
-1.06333e+09
-1.05762e+09
-1.0591e+09
-1.05213e+09
-1.05413e+09
-1.05499e+09
-1.03274e+09
-1.04681e+09
-1.0365e+09
-1.06243e+09
-1.0744e+09
-1.07705e+09
-1.07848e+09
-1.09305e+09
-1.09247e+09
-1.08405e+09
-1.08408e+09
-1.08133e+09
-1.07997e+09
-1.08976e+09
-1.1585e+09
-1.16895e+09
-1.14595e+09
-1.18956e+09
-1.17504e+09
-1.18039e+09
-1.16637e+09
-1.19034e+09
-1.18535e+09
-1.24153e+09
-1.24926e+09
-1.23423e+09
-1.27582e+09
-1.28133e+09
-1.2765e+09
-1.27903e+09
-1.24298e+09
-1.24563e+09
-1.23677e+09
-1.23876e+09
-1.24151e+09
-1.23642e+09
-1.23058e+09
-1.23693e+09
-1.22754e+09
-1.22271e+09
-1.23135e+09
-1.21683e+09
-1.21525e+09
-1.22093e+09
-1.21475e+09
-1.14593e+09
-1.21713e+09
-1.27328e+09
-1.2057e+09
-1.17214e+09
-1.14884e+09
-1.10115e+09
-1.14816e+09
-1.14202e+09
-1.17242e+09
-1.12285e+09
-1.14386e+09
-1.16069e+09
-1.15127e+09
-1.18345e+09
-1.18363e+09
-1.18112e+09
-1.15412e+09
-1.20246e+09
-1.20503e+09
-1.19578e+09
-1.19714e+09
-1.19568e+09
-1.19293e+09
-1.19332e+09
-1.19442e+09
-1.19157e+09
-1.19077e+09
-1.19122e+09
-1.19079e+09
-1.19031e+09
-1.19027e+09
-1.18989e+09
-1.18926e+09
-1.18898e+09
-1.18914e+09
-1.18775e+09
-1.18721e+09
-1.18678e+09
-1.18744e+09
-1.18685e+09
-1.18638e+09
-1.18609e+09
-1.18469e+09
-1.18475e+09
-1.18423e+09
-1.18383e+09
-1.18328e+09
-1.18337e+09
-1.18209e+09
-1.18249e+09
-1.1721e+09
-1.18013e+09
-1.17667e+09
-1.17827e+09
-1.14469e+09
-1.14468e+09
-1.14469e+09
-1.14458e+09
-1.14457e+09
-1.14459e+09
-1.14461e+09
-1.1446e+09
-1.14462e+09
-1.14466e+09
-1.14462e+09
-1.14466e+09
-1.14467e+09
-1.17238e+09
-1.14467e+09
-1.14467e+09
-1.14467e+09
-1.14467e+09
-1.14467e+09
-1.14467e+09
-1.14467e+09
-1.1071e+09
-1.14467e+09
-1.14467e+09
-1.14467e+09
-1.14467e+09
-1.14467e+09
-1.14467e+09
-1.14467e+09
-1.14467e+09
-1.14467e+09
-1.14467e+09
-1.14467e+09
-1.14467e+09
-4.04937e+09
-1.16968e+09
-1.17449e+09
-1.17499e+09
-1.17519e+09
-1.17514e+09
-1.14467e+09
-1.14467e+09
-1.14467e+09
-1.14467e+09
-1.14467e+09
-1.14467e+09
-1.14467e+09
-1.14467e+09
-1.14467e+09
-1.14467e+09
-1.14467e+09
-1.14467e+09
-1.14467e+09
-1.14467e+09
-1.14467e+09
-1.14467e+09
-1.14467e+09
-1.14467e+09
-1.14467e+09
-1.18164e+09
-1.14467e+09
-1.14467e+09
-1.14467e+09
-1.14467e+09
-1.14467e+09
-1.14467e+09
-1.14467e+09
-1.14467e+09
-1.1453e+09
-1.14632e+09
-1.17629e+09
-1.17495e+09
-1.17501e+09
-1.17502e+09
-1.17457e+09
-1.17495e+09
-1.1744e+09
-1.17441e+09
-1.17491e+09
-1.17494e+09
-1.17501e+09
-1.28366e+09
-1.26406e+09
-1.25921e+09
-1.26396e+09
-1.24831e+09
-1.1753e+09
-1.17542e+09
-1.17636e+09
-1.17587e+09
-1.17712e+09
-1.17683e+09
-1.17713e+09
-1.17686e+09
-1.17735e+09
-1.17734e+09
-1.18008e+09
-1.17853e+09
-1.18158e+09
-1.18168e+09
-1.18212e+09
-1.18238e+09
-1.18318e+09
-1.18358e+09
-1.18411e+09
-1.18399e+09
-1.18411e+09
-1.18382e+09
-1.18454e+09
-1.18472e+09
-1.18497e+09
-1.18489e+09
-1.18718e+09
-1.18793e+09
-1.18655e+09
-1.18503e+09
-1.1878e+09
-1.18892e+09
-1.18717e+09
-1.19027e+09
-1.2e+09
-1.19093e+09
-1.19096e+09
-1.19108e+09
-1.2394e+09
-1.20266e+09
-1.1915e+09
-1.19161e+09
-1.19138e+09
-1.19185e+09
-1.19236e+09
-1.1925e+09
-1.19246e+09
-1.19901e+09
-1.20356e+09
-1.25284e+09
-1.19584e+09
-1.20997e+09
-1.08421e+09
-1.08446e+09
-1.27166e+09
-1.29858e+09
-1.26639e+09
-1.15916e+09
-1.2661e+09
-1.11795e+09
-1.16842e+09
-1.16388e+09
-1.20426e+09
-1.12782e+09
-1.18188e+09
-1.1963e+09
-1.19957e+09
-1.18334e+09
-1.22477e+09
-1.21969e+09
-1.19721e+09
-1.11668e+09
-1.10757e+09
-1.09724e+09
-1.10679e+09
-1.09538e+09
-1.1076e+09
-1.11112e+09
-1.09672e+09
-1.0746e+09
-1.06228e+09
-7.40341e+08
-1.07241e+09
-1.08469e+09
-1.06762e+09
-1.07588e+09
-1.08913e+09
-1.07574e+09
-1.07673e+09
-1.07831e+09
-1.08872e+09
-1.07049e+09
-1.07323e+09
-1.07545e+09
-1.07696e+09
-1.06431e+09
-1.06728e+09
-1.06694e+09
-1.06139e+09
-1.0614e+09
-1.06588e+09
-1.06212e+09
-1.03338e+09
-1.05978e+09
-1.18294e+09
-1.1699e+09
-1.16907e+09
-1.06348e+09
-1.06982e+09
-1.06777e+09
-1.06973e+09
-1.07887e+09
-1.07813e+09
-1.07925e+09
-1.07977e+09
-1.0797e+09
-1.07719e+09
-1.0793e+09
-1.07854e+09
-1.07918e+09
-1.09136e+09
-1.08078e+09
-1.08046e+09
-1.11441e+09
-1.08613e+09
-1.11788e+09
-1.11577e+09
-1.13133e+09
-1.14805e+09
-1.12205e+09
-1.13495e+09
-1.18894e+09
-1.18248e+09
-1.23538e+09
-1.19022e+09
-1.21354e+09
-1.24372e+09
-1.2495e+09
-1.24651e+09
-1.23852e+09
-1.25001e+09
-1.25025e+09
-1.24205e+09
-1.24777e+09
-1.23674e+09
-1.23886e+09
-1.2239e+09
-1.22575e+09
-1.22005e+09
-1.22526e+09
-1.21256e+09
-1.20935e+09
-1.20779e+09
-1.19452e+09
-1.18481e+09
-1.17693e+09
-1.1694e+09
-1.15472e+09
-1.17448e+09
-1.16458e+09
-1.17561e+09
-1.17561e+09
-1.17574e+09
-1.17656e+09
-1.20612e+09
-1.20461e+09
-1.20186e+09
-1.17861e+09
-1.20668e+09
-1.20598e+09
-1.20804e+09
-1.20583e+09
-1.19518e+09
-1.1945e+09
-1.20219e+09
-1.19383e+09
-1.19518e+09
-1.19289e+09
-1.19128e+09
-1.19114e+09
-1.19118e+09
-1.19148e+09
-1.19068e+09
-1.19078e+09
-1.19095e+09
-1.19032e+09
-1.19048e+09
-1.18996e+09
-1.19037e+09
-1.19018e+09
-1.18909e+09
-1.18997e+09
-1.18703e+09
-1.18753e+09
-1.1871e+09
-1.18913e+09
-1.1866e+09
-1.21582e+09
-1.18585e+09
-1.18616e+09
-1.18672e+09
-1.18501e+09
-1.18473e+09
-1.18487e+09
-1.18484e+09
-1.18457e+09
-1.18454e+09
-1.18462e+09
-1.18389e+09
-1.18405e+09
-1.18349e+09
-1.18358e+09
-1.1836e+09
-1.18353e+09
-1.18297e+09
-1.18166e+09
-1.18104e+09
-1.18254e+09
-1.18024e+09
-1.17646e+09
-1.14468e+09
-1.15818e+09
-1.14469e+09
-1.14472e+09
-1.14456e+09
-1.14468e+09
-1.1446e+09
-1.14469e+09
-1.14467e+09
-1.14467e+09
-1.14466e+09
-1.14466e+09
-1.14467e+09
-1.14467e+09
-1.14467e+09
-1.14467e+09
-1.14467e+09
-1.14467e+09
-1.14467e+09
-1.14467e+09
-1.14467e+09
-1.14467e+09
-1.14467e+09
-1.14467e+09
-1.14467e+09
-1.14467e+09
-1.14467e+09
-1.14467e+09
-1.14467e+09
-1.14467e+09
-1.14467e+09
-1.14467e+09
-1.14467e+09
-1.14467e+09
-1.22703e+09
-1.21135e+09
-1.17106e+09
-1.17822e+09
-1.16806e+09
-1.16913e+09
-1.17215e+09
-1.16858e+09
-1.17932e+09
-1.17565e+09
-1.17567e+09
-1.09295e+09
-1.17545e+09
-1.1756e+09
-1.1758e+09
-1.17525e+09
-1.17495e+09
-1.17468e+09
-1.14467e+09
-1.14467e+09
-1.14467e+09
-1.14467e+09
-1.14467e+09
-1.14467e+09
-1.14467e+09
-1.14468e+09
-1.09505e+09
-1.09218e+09
-1.09702e+09
-1.09541e+09
-1.08942e+09
-1.14467e+09
-1.14467e+09
-1.14467e+09
-1.14467e+09
-1.14467e+09
-1.14467e+09
-1.14467e+09
-1.14467e+09
-1.14467e+09
-1.14467e+09
-1.14467e+09
-1.14467e+09
-1.14467e+09
-1.14467e+09
-1.14467e+09
-1.14467e+09
-1.14467e+09
-1.17518e+09
-1.17507e+09
-1.17457e+09
-1.17473e+09
-1.21249e+09
-1.21701e+09
-1.21924e+09
-1.2069e+09
-1.17583e+09
-1.17565e+09
-1.17583e+09
-1.17717e+09
-1.17723e+09
-1.17692e+09
-1.17751e+09
-1.17726e+09
-1.17779e+09
-1.17764e+09
-1.17764e+09
-1.17834e+09
-1.17832e+09
-1.17846e+09
-1.18142e+09
-1.18162e+09
-1.1846e+09
-1.18524e+09
-1.18633e+09
-1.18526e+09
-1.18738e+09
-1.19015e+09
-1.18918e+09
-1.18999e+09
-1.19116e+09
-1.19069e+09
-1.19108e+09
-1.19421e+09
-1.1944e+09
-1.19491e+09
-1.14467e+09
-1.14467e+09
-1.26571e+09
-1.2644e+09
-1.27174e+09
-1.26311e+09
-1.23881e+09
-1.20603e+09
-1.17808e+09
-1.17579e+09
-1.17588e+09
-1.1941e+09
-1.1668e+09
-1.16608e+09
-1.17667e+09
-1.17123e+09
-1.20083e+09
-1.10777e+09
-1.10792e+09
-1.1299e+09
-1.13288e+09
-1.08902e+09
-1.09042e+09
-1.09693e+09
-1.08151e+09
-1.09061e+09
-1.08583e+09
-1.07933e+09
-1.08057e+09
-1.06906e+09
-1.06615e+09
-1.0593e+09
-1.06703e+09
-1.06707e+09
-1.07844e+09
-1.07823e+09
-1.07048e+09
-1.20792e+09
-1.20386e+09
-1.20943e+09
-1.07863e+09
-1.08099e+09
-1.09174e+09
-1.08284e+09
-1.08771e+09
-1.08514e+09
-1.11118e+09
-1.22856e+09
-1.22725e+09
-1.22284e+09
-1.21664e+09
-1.20628e+09
-1.18368e+09
-1.20446e+09
-1.20441e+09
-1.14467e+09
-1.14467e+09
-1.14467e+09
-1.14467e+09
-1.14467e+09
-1.14467e+09
-1.14467e+09
-1.14467e+09
-1.14467e+09
-1.14467e+09
-1.14467e+09
-1.14467e+09
-1.14467e+09
-1.14467e+09
-1.14467e+09
-1.08479e+09
-1.25104e+09
-1.25122e+09
-1.24834e+09
-1.17505e+09
-1.14467e+09
-1.23912e+09
-1.18453e+09
-1.14468e+09
-1.26536e+09
-1.07204e+09
-1.07617e+09
-1.14467e+09
-1.14467e+09
-1.08485e+09
-1.09664e+09
-1.07753e+09
-1.07908e+09
-1.20158e+09
-1.23776e+09
-1.23138e+09
-1.2403e+09
-1.15553e+09
-1.18449e+09
-1.18254e+09
-1.18336e+09
-1.17885e+09
-1.1446e+09
-1.14461e+09
-1.14466e+09
-1.14467e+09
-1.14467e+09
-1.14467e+09
-1.17963e+09
-1.17513e+09
-1.14467e+09
-1.14467e+09
-1.14467e+09
-1.18548e+09
-1.18796e+09
-1.14467e+09
-1.19645e+09
-1.20114e+09
-1.2031e+09
-1.09772e+09
-1.10688e+09
-1.08754e+09
-1.05095e+09
-1.18199e+09
-1.20473e+09
-1.17408e+09
-1.17691e+09
-1.17222e+09
-1.24711e+09
-1.24668e+09
-1.25141e+09
-1.23927e+09
-1.20501e+09
-1.18473e+09
-1.18489e+09
-1.1833e+09
-1.14467e+09
-1.14467e+09
-1.14467e+09
-1.14467e+09
-1.14467e+09
-1.25445e+09
-1.23982e+09
-1.14467e+09
-1.24045e+09
-1.19028e+09
-1.18534e+09
-1.14467e+09
-1.18387e+09
-1.21761e+09
-1.09156e+09
-1.11154e+09
-1.14467e+09
-1.14467e+09
-1.21245e+09
-1.14467e+09
-1.14467e+09
-1.09538e+09
-1.33858e+09
-5.89514e+08
-1.14467e+09
-2.00318e+09
-2.05862e+09
-1.17503e+09
-1.14467e+09
-1.14465e+09
-1.1133e+09
-1.14458e+09
-1.14461e+09
-1.17333e+09
-1.14467e+09
-1.17754e+09
-1.14467e+09
-1.47504e+09
1.71476e+08
-9.76735e+08
-9.92992e+08
-1.09518e+09
-1.25727e+09
-1.2642e+09
-1.25964e+09
-1.23584e+09
-1.08665e+09
-1.18804e+09
-1.18328e+09
-1.18608e+09
-1.18395e+09
-1.1848e+09
-1.18631e+09
-1.17787e+09
-1.17827e+09
-1.17261e+09
-1.14466e+09
-1.19003e+09
-1.14468e+09
-1.14468e+09
-1.14469e+09
-1.14462e+09
-1.19088e+09
-1.14461e+09
-1.19118e+09
-1.14467e+09
-1.14467e+09
-1.14468e+09
-1.14467e+09
-1.14467e+09
-1.14468e+09
-1.14467e+09
-1.28142e+09
-1.18015e+09
-1.20443e+09
-1.18316e+09
-1.17282e+09
-1.14461e+09
-1.1446e+09
-1.14467e+09
-1.20372e+09
-1.14467e+09
-1.14466e+09
-1.14462e+09
-1.18235e+09
-1.20053e+09
-1.20162e+09
-1.22279e+09
-1.09737e+09
-1.08427e+09
-1.23939e+09
-1.23241e+09
-1.23149e+09
-1.15983e+09
-1.18034e+09
-1.1952e+09
-1.18336e+09
-1.17868e+09
-1.14469e+09
-1.14461e+09
-1.14466e+09
-1.14467e+09
-1.14467e+09
-1.22011e+09
-1.14467e+09
-1.14467e+09
-1.17515e+09
-1.14467e+09
-1.239e+09
-1.14467e+09
-1.14467e+09
-1.17706e+09
-1.24425e+09
-1.18174e+09
-1.18665e+09
-1.19041e+09
-1.19803e+09
-1.2016e+09
-1.19768e+09
-1.1774e+09
-1.06449e+09
-1.08726e+09
-1.14466e+09
-1.14466e+09
-1.14466e+09
-1.14466e+09
-1.26138e+09
-1.26569e+09
-1.26098e+09
-1.25927e+09
)
;

boundaryField
{
    Wall
    {
        type            zeroGradient;
    }
    Inlet
    {
        type            zeroGradient;
    }
    Outlet
    {
        type            fixedValue;
        value           uniform 0;
    }
    Empty
    {
        type            empty;
    }
}


// ************************************************************************* //
