/*--------------------------------*- C++ -*----------------------------------*\
| =========                 |                                                 |
| \\      /  F ield         | OpenFOAM: The Open Source CFD Toolbox           |
|  \\    /   O peration     | Version:  2312                                  |
|   \\  /    A nd           | Website:  www.openfoam.com                      |
|    \\/     M anipulation  |                                                 |
\*---------------------------------------------------------------------------*/
FoamFile
{
    version     2.0;
    format      ascii;
    arch        "LSB;label=32;scalar=64";
    class       volScalarField;
    location    "4.7";
    object      p;
}
// * * * * * * * * * * * * * * * * * * * * * * * * * * * * * * * * * * * * * //

dimensions      [0 2 -2 0 0 0 0];

internalField   nonuniform List<scalar> 
2958
(
-53012.6
-51623.7
51766.9
-75976.3
-46819.1
48029.6
-44103.6
-59151.3
-24563.2
-58532.1
-51510.6
-44901.8
-57765.9
-44909.7
-53340.2
-52470.3
-44453.5
-58259.7
-44913.4
-55596.8
-44271.1
-43158.8
-42835.6
-77000.4
-57862.4
-55055
-110358
-80617.6
-52883.6
-52088.4
-54841.8
-46007.2
-43048.9
-23784.8
-58845.4
-44788.6
-44909.7
-44203.9
-55109.5
-64572.6
-42383.7
-50872.8
-42388.7
-53670.3
-44900
15355.1
-51331.5
-41394.4
-65733.8
-76346.5
-52514.3
-60071.5
-63881.5
-51589.1
-52723.4
-52005.9
-73063.9
-61370.9
-53816.4
-26681.9
-55812.1
-55022.8
-54931.1
-52286.3
-44913.1
-44911.2
-51723.7
-60361.1
-13637.4
-61720.9
-44023.8
-44900.3
-32145.7
-53892.5
-44867.4
-48707.3
-56099.7
-54735.8
-44845.5
-52300
-57776.6
-48175.2
-82528.4
-82524.5
-54859.7
-52480.1
-49049.5
-52557.2
-58614.8
-45711.8
-57576.1
-58263.2
-50649
-44915.2
-79172.4
-3077.72
-58702.2
-77178.5
-44911.5
-44905.8
-75260.5
-53840.3
-10037.9
-53102.9
-46510.5
-47839.6
-44897.6
-66532.6
-44920.6
-8001.82
-113069
-52486.9
-44673.7
-58014.3
-44908.9
-44906.9
-52316.4
-52726.2
-44758.1
-53272.5
-58260.5
-44900.8
-50954.4
-64070
-60175.9
-55408.7
-59495.5
-45126.2
-53261.2
-44914.5
-44802.9
-44874.4
-52846.1
-44914.4
-44890.5
-44912.7
-58578.1
-54284.3
-44909
-44910.3
-55261.8
-11886.7
-44367.7
-44918.5
-53374.7
-42497.3
-44839.9
-44903.8
-52001.3
-44903.3
-55565.3
-59196.3
-59909
-48643.2
-62521
-44947.4
-44293.3
-53197.6
-50048.4
-57493.8
-63968
-60320
-59424.7
-44905.7
-61810.9
-63686.3
-35482.5
-44907.3
-59372.5
-6950.96
-46809.6
-44897.8
-45556.9
-47196.5
-44940.4
24241.6
-52733.2
-36325.1
-43636.7
-14587.9
-56996.4
-42518.3
-57316.7
-142400
-51810
-43525.1
-50311.6
-44920.7
-43054.9
-69603.8
-44736.7
-67072.2
93718.1
-59393.5
-57834.6
-52544
-53403.9
-47454.3
-52427.7
-34549.1
-61777.6
-44914
-53062.4
-49213.9
-48868.6
-170186
-52585.8
-174315
-44347.5
-68001.8
-44909.4
-45679
-44903.1
-48605.7
-44906.8
4926.53
-52315
-44910.9
-44911.5
-44909.6
-44889
-44010.2
-49325.8
-44050.4
-217927
-52355.2
-80967.4
-44911.8
-20861.7
-36803.1
-39435.2
-48768.2
-52116.9
-47027.8
-52801
-44885.3
-44928.7
-53436.1
-44931.6
-24213.4
-44949.7
-25103
-68470.9
-80555.7
-55428.9
-41575.2
-28695.5
-57864.5
-51640.4
-54272.5
-62474.9
-52607.5
-53633.6
146138
-75650.6
-59979.9
-52607.4
-52976.6
-55805.8
-43052.1
-52810.4
-44595
-47776.2
-20396
-59926.8
-51735.9
-60272.3
-54677
-55469.1
-43512.7
-44909.1
-43428.7
-52890.1
-44896.4
-47743.3
-54627.9
-44915.7
-43640.9
-44912.4
-48388
-44908.9
-45018.3
-59752.9
-52479
-39490
-44907.2
-49636.9
-97313.6
-120097
-51277.5
-77147.1
-48659.7
-44906.9
-44903.8
-77958.4
538890
-44910
-52724.5
-44910
-71895.3
-66710.3
-46519.2
-52989.6
5505.13
-55461.9
-90663.9
-82848.3
-44545
-52225.8
-53241.6
-44923
-53295
-51814.8
-44911.4
-46419.6
-216810
-48159.9
-47797.4
-40043.6
-55049.3
-43234.8
-46853.5
-54273.3
-67804.1
-4028.67
-43521.5
-52466.7
-44972.8
-114986
29764.6
-45279.5
-71237.6
-44898.9
-44909.1
37014.8
-44909
63510.8
-38932.8
65537.5
-44920.8
-52682.6
-49827.1
-45189.5
-45343.4
-44921.5
-40958.1
-44922.2
-55913.6
-56523.7
-55203.3
-77596.4
-59251.3
-50736.5
-57641.7
-61945.7
-52716.5
-44909.6
-54748.3
-54282.2
-53686.1
26154.5
-53503.8
-64139.5
12779
-59794.8
-47831.3
-47691.9
-97222.9
-70769.1
-45274.5
-61795.3
-46831.6
-44909.4
-66625.2
-52385.7
-24975.3
-52581.5
-64907.1
-45628.7
-44764.8
-55796.1
-51122.6
-44791.3
-54472.2
-43013.3
-45132.2
-55553
-47539.7
-43978.9
-44847.7
-57175.2
-44909.1
-44822.5
-44755.2
-51033.2
137485
31258.1
-44909.3
-44897.5
-44328.1
-54154.7
-52409
-43203.8
-73877.1
-52278.1
-53346.7
-55267.3
-52565.6
-53453.4
-56401.5
-54920.6
-57825.4
-51454.7
-26922.3
-51983.9
-44013.3
-47299.3
-49868.8
-53721.7
-53728.4
-44900.2
-42732.8
-40743.1
-53568.7
-54816.5
-43803.8
-97290.3
-54683.2
-52936.9
-51014.5
-47061.8
-53892.7
-30996.6
-63728.2
-63185.5
-45854.1
-41234
-62193.5
-55445.7
-44912.6
-42915.2
-53555.4
-52714
-58006.3
109355
-48667.1
-45036.9
-35294
-44946.9
-48500.2
-44934.4
-48152
-58895.9
-52781.7
-55056.4
-59847.6
-44908.7
-53059.7
-44422.1
-44909.6
-16359
-75470.7
-56410.8
-61782.4
-52757.8
-46889.2
-31152.3
-49635.4
-52757.8
-31090.5
-62137.8
-44902.2
-66623.9
32622.2
-52260.6
-44265.9
-50951.7
-45425.6
43187.3
-51786.3
-58003.5
-24568.4
-44912.6
-56338.3
-51076.7
-55537.8
-55640.5
-50505.9
-16312.4
-52776.4
20485
-43485.1
-69010.1
-54527
-46655
-52375.2
-72707.5
-44918.8
-44966.4
-44941.4
-47738.5
-44919.8
-44912.6
-55034.9
-57162.2
-44907.3
-82228.2
-62627.2
-61065.8
-57616.2
-44744
-44911.5
-53678.7
-44907.3
-52278.2
-52314.5
-25134.2
-84005
-43227.1
-55876.5
-45871.1
-44008.5
-53547.4
8038.95
-52602.7
-52605.9
-88022.6
-44543.3
-51706.4
-61774.5
-51676.5
-45696.7
-26697.9
-44873.3
-51315.7
-47983.2
-49099.7
-20244
-55297.1
-51609.6
-52867.7
-52669.3
-44902.5
-51993.2
-44966.7
-51005.8
-51707.3
-42967.6
-44908.2
-38319.4
-44890.3
-44906.2
-52848.4
-53288.6
581344
-58069.4
-52853.2
-53004.6
-52355.4
-68856
-53756.2
-56080.5
-51551.9
-53599.9
-53173
-52607.7
-44913.7
-52620.7
-22721.5
-52827
-53554.3
-53856.3
-44923.9
-44900.1
-45421.2
-82288.5
-44943.8
-59633.8
-44911.5
-59249.4
-45168.2
-46296.5
-50030.5
-55715.7
-55795.2
-44455.7
-44935.3
-44905.7
-49840.8
-66865
-44909.7
-44912.4
-55582.2
-61339.4
-43811.1
-78319.1
-53436.7
-72656.5
-53681.8
-56470.6
-44899.6
-54525.9
-45098.4
-55144.4
9298.45
-53359.9
-86178.6
-62324.6
-42482.4
-44908.8
-52633.1
-75534.4
-44914.1
-44909.3
-51712.5
-60435.5
-51550.2
-54566.6
-44899.6
-50062.8
-52598.8
-72264.4
-52872.6
-44629.8
-54416.1
-44792.9
-49105.4
-53556
-52631.4
-44910.6
-59345.7
-44911.1
-43616.1
-44909.6
-54516.4
-52079
-45601.9
-7385.56
-55060.6
-53563.5
-44965.1
-53019.7
-83930.1
-45557.9
-53672.6
-86211.7
-51898.9
-44876.9
-51794.4
-44907.6
-44917.2
-58358
-66343.6
852.572
-59625.8
-43963
-50242.6
-42443.5
-69640.9
-43898.4
-47371.3
-42545.1
-44854.7
-44716.3
-56677.5
-44915.4
-42907.4
-44944.1
-53675.7
-51266.9
-45697.3
-45406.9
-50094.2
-123967
123752
-60293.6
-52635.2
-48431.8
-44879.3
-44905.8
-46019.9
-60308.8
-44905.3
-99844.4
-44915.5
-43859.5
-42237
-52495
-54416.1
-55025.8
-55562.2
-64105.3
-55402
-55433.8
-52995.2
-44146.6
-70666.6
-53998
-53368.3
-44790.5
-44908.9
-54623.7
-52118.8
-42697.8
-54780
-51176.3
-48379.5
-89339.6
-61461.2
-46152.5
-48587.5
-45423.3
-46222.2
-53830.6
-56362.5
-58150.4
-60845.8
-52752.8
-61879
-45639.7
-30443.7
-44844.6
-43889.4
-55009.3
-44922.2
-59661.9
-44913.6
-190001
-49703
-44866.9
-56020.8
-112972
-44490.8
-59783.3
-33201.8
-59904.3
-52789.3
-50731.5
-44270.2
-57694.6
-53018.4
-51786.2
-174698
-54351.3
-53222.2
-44216.1
-59825.6
-51577.3
-39223.2
-62109.4
-77629.7
-58027.6
-44900.7
-98922.5
-40214.6
-41388
-52020.5
-54753.4
-83190.1
-49223.9
-44905.9
-44912.5
-44907.4
-59240.2
-42707.6
-44911.4
-52866.9
-44910.8
-59455.2
-44669.7
-45227.5
-62134.6
-173611
-55590.5
-44910.9
-44912
-67241
-55651.4
-44904.5
-44909.5
-49997.3
-44909.9
-75353.2
-55307.7
-45454.1
-28357.1
-52839.5
-44881
-56725.3
-53129.5
-53519.4
-59015.3
-53031.8
-56398.5
-14996
-45353.2
-43993.7
-51973.9
-54891.5
-54006.4
-27011.2
-44939.2
-54968.2
-66462.3
-52668.9
-66947.1
-54161.9
-46629.6
-50534.4
-69342.6
-42110.1
-45408.1
-62688.2
-44912.7
-50201.8
-56638.6
-47449.8
-52537.7
-27593.3
-87520.3
-57518.7
-52297
-57624.2
-35236.9
-52612.9
-54618.3
-51984.4
-55433.1
-54731.2
-53653
-43370.3
-52460.5
-53346.3
-113714
-53327.8
-55888
-81816.3
-44910.2
-58477
-51633.2
-57572.1
-54510.8
-44917.4
-44089.6
-44899
-51405.3
-54558.9
-27479.5
-52518.6
-61396.5
-53811.3
-54151
-58227.8
-23175
-56121.7
-79423.1
-44599.4
-44922.1
-57770.3
-79689.8
-45004.8
-31071.1
-58677.5
-51677.9
-67355.9
-27284.6
-43210.3
-50635.2
-45122.1
-50686.1
-63013.1
-44906.2
-56581.2
-127685
-83101.1
581655
-46493.8
-44910.8
-44074.7
-52443.9
-44908.3
-44907.1
-44908.1
-47764.3
-53394.5
-75264
-44642.4
-42955.6
-51834
-62740.3
-121175
-52857.1
-43399.1
-44910.3
-43282.4
-61102
-52672
-57522.5
-43763.1
-58169.7
12830.1
-174235
-44908.5
-50174
-43583.2
-50453.7
-44380
-82478.2
-45615.2
-44843.1
-57599.4
-45149.9
-51175.4
-45786.3
-63099.2
-46886.1
-66165.8
-45997.5
-40890.2
-51278.4
-46777.7
-50683.3
-10174
-52499.3
-50741.5
-43583.4
-49023.9
-51704.6
-53884.6
-57748.8
-59541.5
-60419.3
-59159.2
-49551.2
-51572.6
-60269.2
-52592.8
-43697.2
-51790.3
-44355
-52577.6
-43474.2
-44907.8
-52853.8
-56830.4
-46726.8
-59020.5
-66325
-67302.6
-44433.7
-57470.9
-101844
-50549.8
-105284
-64467.6
-43942.3
-50770.3
-50579.7
-48518.7
-44907
-44916.8
-46644.9
-43136.9
145087
-44907.2
-55202.6
-72617.8
-52373.9
-53213.5
-59357
-53183.3
-52655.7
-84311.9
-44915.2
-54125.1
-44908.9
-54441.8
-43314.6
-59091.2
-34838.7
-45191.5
-57646.3
-44902.6
-55444.4
-52276.7
-47997
-52237.4
-54133.2
-60634.3
-63166.2
-57651.6
-52788.3
-53011
29407.4
-49887.5
-53424.5
-57648.4
-47230.8
-45011.1
-25313.1
-42575.3
-62449.3
111673
-53342.9
-42176.1
-56611.5
-53586.9
-53458.4
-44896.3
-44402
23440.4
-46933.8
-44927.3
-115125
-49300.7
-52607.5
-44911.5
-62704.1
-55342.4
-34003
-52625.5
-56915.9
-116393
-81586.2
-31192.9
-44858.2
-52320.5
-53221.4
-85397.2
-73070.9
-44889.9
-27195.2
-44553.3
-52877.3
-44910.9
-44906.5
-59449.9
-44905.5
-44920.9
-48586.6
-52966.8
-52138.8
-44915.6
-44914.5
-46132.6
-43491.9
-52667.8
-54486.6
-60168.5
-44906.6
-65483.8
-52632.7
-68666
-46474.1
-44163.4
-64099.8
-44909.3
-52518.8
-44914.8
-44902
-44909.6
-62460.4
-54392.2
-44049.9
-52645
-57748.8
-81430.5
-53145
-61149.2
-45394.1
-44914.1
-53488.2
-44938.3
-130506
-98186
-44914.8
-77360.6
-59456.7
-65627.4
-46897.2
-58458.6
-52525.3
-55347.9
-48007.2
-59311
-44780.1
-51503.5
-60683.6
-60125.4
-59454.1
-57740.8
-60821.1
13758.7
-51572.3
-54204
-44901.6
20903.5
-44376.4
-60140.7
105133
-60040.3
-3347.29
-43636.6
-44920.4
-37510.3
-56363.8
-43012.8
-44918.3
-58440
-44902.3
-44908.9
-44906.2
-44909.6
-55681.9
-87789.8
567813
-55802.8
-42910.1
-47801.7
-43022.6
-44285.1
-41338.1
-51135.4
-74292.2
-51872.9
-51033.3
-51615.9
-42720.1
-42969.5
-43753.6
-44906.6
-69981.6
-56864.6
-59882.9
-64724.1
-42700.2
-77510.5
-52182.9
-44908.7
-44887.3
-55645.4
-44079.1
-53690.7
-57496.1
-54037.8
-64512.4
-56845.5
-53068.3
-38530.7
-35361.2
-44961.9
-67180.4
-60596.6
-52143.6
-57096.3
-50364.6
-54445.2
-54290.9
-52530.6
-44912.5
-39748.5
-53891.2
-61663.4
-42529.9
-53095.5
-52726.7
-30813
-52253
-30586
-42681.2
-44907.2
-53309
-31140.1
-57731.8
-44917.5
-44952.3
-52082.6
-52397.5
-54253.1
-54602.1
-44138.5
396352
-44906.2
-54725.2
-69649.5
-44696.8
-55689.5
-44797.5
-52528.9
-58544.1
-44906.3
-55943.9
164323
-54721.6
-53190.9
-54425.7
-44812.9
-52519.1
-44922.4
-52491.8
-68162.9
-115676
-51788.8
-44364.2
12328.7
-53515.6
-122289
-44911
-58574.3
-50692.3
-53465.1
-42959.8
-57760.2
-65647
-54200.7
-65796
-51739.9
-50518.4
-53003.3
-79714.8
-44917
-59780.2
-52441.6
-53968.4
-52983.1
-52776.4
-44389.2
-44702.4
-44959.6
-52456.4
-47463.4
-44904.6
-52839.4
-44422
-53757.5
-44950.2
-45037.9
-44804.6
-42618
-42428.1
-64033.5
-44648.8
-43416.5
-52503.6
-51940
-54062.5
-43363.6
-53387.9
-57886.1
-44915.5
-44909.7
-52629.8
-52640.6
-44911.1
-44166.3
-64167
-54977.4
-26033.7
-43437.7
-59290.5
26035.5
-50446.8
-52361.8
-25260.9
-42291.4
-54846.2
-62850.8
-54826.7
-51669.3
-41028.3
-67861.5
-46322.6
-52444.9
-52046.9
-58062.8
-60135.2
-43634.1
-65969
-56065.7
-54565.3
-47575.5
-117581
-44486.4
-52220.9
-71538.8
-53899.1
-63251.8
-69846.4
-55090
-45297.3
-43474.5
-53002.8
-44909.7
-51703.8
-52554
-52547.9
-51789.7
-54034.5
-68069.9
-51457.7
-43295.9
-52434.6
-52534.8
-46516.3
-52665
-55302.2
-45650.4
-56461.3
-45836.1
-44916.6
-63956.8
-35021.3
-44917.4
-51945.8
-54776.2
-48121.9
-55155.9
-80002.3
-52710
-57744.2
-44931.3
-54378.4
-51898.5
-48534.8
-187947
-53664.8
-51669.6
-51690.2
56998.9
-54344.3
-44732.8
140603
-44900.9
-79963.3
-44905.1
138770
-44913.4
-55762.1
388329
-33891.2
-44914.4
-63519.1
-44909.9
-44834.6
-55847.5
-44909
-378.671
-44428.2
-52418.8
-44912.4
-59279.2
-72823.4
-52621.3
-44912.8
-58950.1
-48132.8
151692
-44904
-50532.9
-44894.1
-81321.7
-44908.8
-68172.2
150283
-44909.5
-103507
-76542
-54415
-46930.3
-48343
-42592.3
155277
-44897.9
-61764.5
-44870.1
-44105.4
-60072.8
-53662.1
-44873.6
-64903.8
-42968.7
-59119.7
-53847.5
-52037.7
-43828.7
-53511.9
-142467
-45284.4
-54124.7
-44793.3
-44915.4
-44915.1
-53702.7
-89468.8
-58587.6
-102916
-52833.5
-44852.6
-44902.7
-104578
-105988
-60114.7
-48265.7
-53274.8
-51027.1
-44907.9
-44208.8
-44908.2
-44906.6
-53414.5
-23286.8
60236.4
-50596.6
-50841.1
-68494.3
-60747.4
-53966.7
-59390.9
-61584.5
-44904.9
-69003.8
-52446.5
-53749.4
-43766.7
396837
-44914.5
-53744.4
-54552.7
-53298.1
-44917.6
-57670.1
-47720
-76956.1
-44918.6
-62795.3
-37660.5
-44907
-44803.3
-44908.1
-44905.5
-44910
-44909.2
-38852
-57882.5
-61005.5
-57821.1
-56978.2
-57624.2
-44302.1
-52427.1
-44912
-44895.1
-58008.4
-50322.1
-44908.9
-51834.3
-45654
-44924.2
-55209
-59026.5
-46918.7
-39451.6
-45395.5
-52394.5
-50729.8
-58090.8
-53402.3
-67085.2
-54944.1
-44913.9
-46453.5
-61729.5
-51539.2
-44886.4
-76927.2
-59057.4
-53550
-44906.9
-58957.7
-61735.3
-62337.5
-55416.8
-56456.1
-54005.8
-44907.5
-52942.5
-47858.2
-61709.2
-27205.9
-61961
-63869.8
-44920.6
-53827.6
-55091
-52922.5
-58270.5
-53131.7
90385.2
33437.7
-52968.8
69026.6
-51836.1
-55482.4
-53932.6
-42391
-52956.9
-45155.6
-51970.3
-53071.3
-50884.6
-44409.2
-44908.5
-54545.1
-43904.8
-49025.1
-52570.7
918066
-44648.6
-31181.7
-45627.6
-45038.6
-55565.5
66790.8
-44333.5
-61800
-52751.6
-44909.5
-55572.5
-52091.5
12458.4
580866
-43092.5
-44909.5
-59695.4
913678
-54889
-55259.2
-57623.7
-44901.4
-53212.6
-44278.7
-54682.9
-35092.7
-53683.7
-44907.2
-53860.5
-44900
-44751.8
-45557.8
-63613.7
-52572.7
-52385.2
-52532.2
-44907.1
-61107.6
-55131.6
-62325.9
-54406.1
-129913
-54130.2
-51638.6
-52808.2
-61240.7
-61091.5
-42798.6
-54507.2
-50678.6
-53503.6
-44907.9
-35772.8
13224.8
-59499.2
-85620.7
-35406.9
-83882.2
-40990.6
-9671.4
-55575
-52233.7
-53357.6
-60263.1
-53365.5
-44919.9
-44901.6
-44909.8
-45499
-55155.9
-44909
-44914.2
-52664.6
-77037.7
-44908.3
-135248
-55562.1
-44675.4
-51710
-62155.1
-57366.7
-209679
-63757.5
-61914.2
-59047.5
-48388.1
-30132.9
64066.4
-52176
-46010.2
-44763.3
-57093.6
-52990.3
-52660.5
-53660.5
-54352.2
-44909.3
-45260.5
-59453.9
-44899.3
-44913.6
-33972.3
-34777.9
-44910.7
-52836.1
-44904.4
-52848.6
-55192.6
-44919.3
-52896.9
-54449
-77283.3
-45642.1
-59643.5
-22510.6
-22743.7
-43257.5
-36886.1
-52886.1
-59960.7
-53066.3
-63109.4
-44907.4
-44108.1
-44912.9
-49160.8
-61920
-51577.2
-52073.3
-46433.1
-45198.3
-46910.8
-44374.2
-44907.3
-44907
-44907.7
-44898.3
-44897.9
-44897.4
-46923.6
-47315.9
-48608.6
-35153.2
-47478.2
-49167.6
-92226
-113860
-106188
-63147.3
-120283
-90579.3
-107889
-67522.3
-10983
-10841.9
-36205.9
-52452.9
918986
-80541.8
-205387
-172195
-190626
-117169
-88101.1
-163163
-114210
-54213.3
-57176.5
-68446.1
-77379.5
-55655
-43939.1
-55551.2
-44723.3
-61239.3
-54730.1
-44711.8
-43744
-44761
-43874.4
-44844.5
-44901.8
-44894.2
-44910.6
-44908.8
-44913.9
-44909.7
-44915.2
-44917.1
-44920.2
-44914.8
-44932.8
-44933.9
-44923.9
-44863.6
-44573.2
-43971.6
-44530.2
-44641.4
-43925.8
-44505
-44208.5
-178305
-193731
-62764.2
-79992.2
-146670
-135799
-53816.2
-52087.9
-54430.6
-54725.8
-54373
-52818.3
-54494
-54375.8
-53319.3
-54423
-51674.9
-55693.5
-55528.8
-52069.3
-52828.9
-53275.4
-53289.7
-53311.5
-53212.3
-53110.9
-53419.5
-53500.2
-54381
-54084.8
-54363.2
-54757.7
-55057.2
-55781
-55677.6
-60216.8
-60099.4
-60228.8
-62660.6
-66327.1
-66197.7
-65552.8
-77674
-79822.7
-77932.2
-78197.3
-79766.4
-78614.4
-79059.8
-79480.3
-79398.3
-79327
-79307.7
-79303.9
-80301.2
-79639.7
-81599
-48184.3
-40809.9
-47024.7
-59363.4
-55371.2
-73690.8
-73462.5
-71828.7
-71525.8
-73884.4
-43979.9
-43232.9
-42901.3
-109909
-49064.1
-38694.5
267545
126897
239335
12765.3
528992
101025
35345.6
38285.7
-10592
-12354.6
-15787.6
-29398.5
-21740.5
-28866.9
-28025.7
-21820
-32269.5
-47255.6
-42493.6
-45418.4
-28892
-35953.1
-33862.6
-35794.2
-44687.2
-35244.9
-42862.5
-36876.1
-38474.1
-38624.6
-43403.2
-45014.9
-67573.6
-54979
-45226
-48469.6
-54585.9
-55277
-45620.2
-45468.2
-60383.2
-61646.9
-57408.4
-61060
-57642.2
-58176.7
-58883.8
-55698.6
-68525.2
-63738.4
-61377.5
-8994.5
-60579.4
-6589.83
15334.9
24143
-98879.3
25359.7
31389.8
-98956.2
24893.3
-38337.3
-34517.3
-38434.8
-33031.1
-30790.9
-34840.4
-46852.8
-39219.3
-39037
-30662.3
-51934.7
-51288.8
-39138.6
-39954.2
-40698
-58179.3
-53528.7
-51716.2
-49659.1
-50889
-47030.2
-48697
-50527.7
-45038.5
-47059
-42221.4
-54203.9
-51635.6
-58799.2
-56454.2
-55106
-55830.9
-54847.9
-54169.9
-54674
-54305.5
-54891.5
-54438.3
-54951.2
-54490.8
-54445.6
-55025.7
-54476.6
-53644.7
-53846
-53707.2
-53872
-54035.8
-45508.3
-45500
-45123.6
-44627.8
-44319.2
-44279.2
-44027
-44135.6
-44240.2
-44367.3
-44223
-44906.1
-44888.5
-44850.6
-44946
-44974.9
-44818.5
-44930
-44983
-44950.7
-44945.3
-44871.3
-44941.4
-44927.1
-44906.5
-44938.5
-44864.6
-44859.9
-44934.3
-44911
-44911.7
-44905.6
-44912
-44912.5
-44912.5
-60959
-44910.6
-44912
-44911.2
-44911.1
-44914.3
-44911.3
-44910.1
-44914
-44909.4
-44831.8
-44552.5
-43872.1
-44542.8
-43078.5
-43261.3
-43025.7
-44314.4
-52589.1
-53110.9
-53382
-54222
-54405.6
-70200.4
-79248.2
-79546.5
-33435.4
-208408
-48875.5
-74017.8
-72258.9
-109548
-72128.4
39374.4
86947.5
40244.3
16616
-24052.3
-60781.3
-50638
-40192.6
-37727.8
-118028
-58745.2
-47784.3
-38269.1
-49234.1
-45716.5
-57165.6
-59680.8
-58583.6
-59919.7
-57345.5
-58659.6
-57388.4
23092
33737.6
29618.4
-38673.3
-39331.8
-50389.7
-31830.1
-29572.1
-39559.4
-57548.5
-58109.8
-48947
-48614.6
-50181.5
-49145.3
-56433.8
-54643.9
-54483.1
-54011.8
-55568.5
-54537.4
-54619.3
-55560.9
-54487.5
-53750.7
-53842.3
-53690.1
-45423.8
-43937.9
-44315.4
-45001.8
-44940.5
-44775.9
-44952.1
-44982.1
-44866
-44949.3
-44961.5
-44967.2
-44917.9
-44340.6
-44906.2
-44913.5
-44912.2
-44911.3
-44912.6
-44918.7
-44909.5
-44914.2
-44911.2
-44910.3
-44906.1
-44905.5
-44906.6
-44906.4
-44906.6
-44907.1
-44907.4
-44908.7
-44913.1
-44910.7
-44909
-44910
-44908.5
-44909.2
-44909.1
-44908.6
-44911.8
-44912
-44911.9
-44913
-44911.2
-44911.3
-44919.3
-44911.8
-44916.9
-44962.5
-44933.8
-45023.4
-44995.8
-44986.4
-44757.3
-44705.7
-44551.4
-53340.2
-54210.8
-55194.5
-54974.1
-55119.5
-77444.7
-64510.6
-65627.4
-71426.3
-127021
-109771
-121080
-63303.7
-129945
-52554.7
-51445.9
-51780.4
-52674.3
-52594.2
-52330
-52319
-53322.7
-52678.7
-53421.6
-53661.8
-52565
-53224.6
-54275.5
-53807.3
-54319.8
-54174.9
-54068.6
-54542.1
-54368.4
-54587.2
-54315.5
-53883.4
-55137.9
-55153.7
-55978.9
-56179.2
-53388.9
-55778.4
-55008
-55983.8
-56578.5
-56377.9
-57721.5
-57681.5
-57730.3
-58133.6
-57904.6
-57943.6
-57747.4
-57541.7
-57626.6
-58077.5
-57946.9
-56445
-59675.2
-63602.8
-64456.8
-64552
-66742.9
-64566.9
-59471.6
-58267.8
-59308.1
-63477.3
-55826.5
-65434.1
-85500.2
-55074.7
-56327.6
-86991
-52191.5
-44426.3
-36888.9
-52293
-26137.8
31518.4
-24332.4
-68278.8
-58679.7
-70698.2
-47826.3
-62416.6
-55325.6
-51099.7
-21385.4
-47791.9
-49157.1
-46761.9
-46317.9
-48306.8
-47424.4
-48975.6
-48225.8
-48347
-45074.4
-43815.1
-44306.3
-43028.2
-42351.7
-44479.5
-42055.2
-43589.8
-44654.5
-44796
-42069.8
-51821.2
-58200.6
-55502.9
-57130.1
-55109.4
-56939
-60881.3
-67507.2
-59422.8
-65705.7
-64180.5
-58595.8
-39425.8
-44533.4
-45487.4
-47183.7
-59957.1
-62378
-59509.6
-58927.3
-59489.1
-60458.3
-58884.4
-58941.9
-61577.7
-60781.1
-58730.7
-58866.9
-58244
-59838.1
-58413.4
-55427.1
-59341.9
40638.1
-98981.8
-52888.9
-48917.2
-33066.5
-38127.3
-36507.1
-52843.4
-32599.1
-32877.3
-40193.9
-40189.4
-43740.2
-44067.1
-41550.8
-38973.8
-54278.8
-55301
-51611.2
-52759.1
-51911.1
-51073.8
-51176.5
-51343.5
-50839.1
-50675.1
-50792.9
-50725.6
-50624
-50681.2
-50123.8
-51070.8
-49959
-50444.5
-51925.6
-50940.4
-53142.9
-51320.7
-51606.9
-52415.3
-52843.9
-52453
-52233.6
-52473.4
-52559
-52633.5
-52554.4
-53158.3
-52826.2
-52804.8
-52690.1
-52452.4
-52644.4
-46349.2
-43945.7
-46439.1
-45193.5
-45242.7
-45212.4
-45175.6
-45184.2
-45132.3
-44916.2
-44876.6
-44796.1
-44917.2
-52904.6
-44901.6
-44882
-44912.6
-44907.5
-44905.8
-44906.9
-44906.9
-53008.8
-44908.7
-44908
-44908.1
-44910.3
-44906.7
-44905.6
-44916.3
-44908.1
-44908.6
-44905.2
-44910.7
-44912.4
-200989
-51348.4
-57526.5
-56256.9
-55869.6
-55492.3
-44909.8
-44909.7
-44910.3
-44910
-44906.2
-44908.5
-44909.3
-44908.6
-44908
-44908.5
-44909.4
-44909.2
-44909
-44909.2
-44910.2
-44908.8
-44908.1
-44908.6
-44911.5
-46007.4
-44908.2
-44904
-44906.1
-44892.5
-44998.5
-44977.1
-44972.7
-44946.1
-43761
-45736.4
-78537.3
-53597.4
-55471.4
-55667.2
-54838.7
-54580.1
-54890
-55162.8
-55443.3
-63906.8
-73284.6
-58769.7
-65489.2
-57183.6
-61512.9
-68084.3
-52711.1
-52100.2
-52059.1
-52870.1
-52724.1
-53013.6
-52883.7
-52992.3
-52249.4
-52858.9
-51376
-53407.6
-53219.3
-52687.5
-52544.4
-52995.3
-52666.7
-52279.5
-52537.7
-52561.8
-52488.1
-52359.2
-52633.7
-52926.3
-52212.1
-52357.2
-52558.7
-52866.3
-52441.3
-52306.3
-53172.6
-51884.5
-52489.3
-52419.8
-56332.7
-52563.2
-52204.6
-52402.3
-59298.1
-56961.1
-52578.1
-52633.3
-52759
-52562.7
-52532.3
-52521
-52409.8
-52478.5
-56042.4
-62424.8
-53089.3
-58019.8
-41077.3
-43811.2
-62430.2
-66022.3
-63928
-66359.5
-69605.3
-67064.1
-62384.9
-55074.5
-56792.9
-52348.6
-61103.8
-64823.3
-55885.5
-55772.3
-59986.5
-59181.8
-60123.2
-54082.2
-55186
-52991.2
-57156.8
-50189.3
-58980.3
-55564.6
-50552
-28290.4
-26151
29762.6
-28971.9
3347.31
34409.4
-7957.93
-49699.2
-47878.3
-46672
-46682.2
-41076.9
-48618.2
-47623.9
-49295
-49800.2
-47848.8
-49891.4
-45882.3
-47868.6
-49263.6
-46531.2
-47005.3
-48119.3
-48350.8
-57042.9
-61793.9
-63111.2
-45550.5
-43961.1
-43827.8
-43830.6
-44276.2
-43750.6
-44578
-43824.9
-44502.8
-42850.8
-43385.9
-42758.6
-44046.8
-41872.3
-42617.8
-42555.1
-52580.8
-45178.4
-52037
-51574.3
-51642.7
-56337.1
-55849.4
-56675.8
-59552.5
-67547.2
-63689.9
-59369.8
-57027
-62237.5
-62036.8
-60848.2
-59887.2
-60602
-61537.7
-60314.7
-59753
-59055.7
-59646.3
-59576.1
-57736.1
-57867.6
-60463.7
-55702.1
-56535.8
-56736.5
-50439.3
-48553.7
-50121.3
-45939.4
-33661.7
-48404.5
-40464.1
-66782.2
-67009.2
-64015.8
-71900.9
-56305.7
-55794.3
-53624.7
-38748.7
-54791.6
-53641.3
-54866.3
-51572.8
-50852.7
-52339.5
-54001.3
-52173.5
-51457.4
-51007.4
-51658.5
-51674.5
-50778.8
-51730
-51691.7
-51616.4
-51689.8
-52163.1
-51712.4
-50443.9
-51616.9
-51852.6
-52159.6
-51634.2
-51332
-51713.3
-51692.1
-52449.9
-52911.5
-56979.3
-51642.4
-51291.1
-52163.7
-51839.4
-52099.2
-52445.2
-51852.9
-52300
-52079.1
-51792.8
-52772.2
-52224.8
-53038.1
-52590.9
-52578.2
-52042.1
-52364.9
-52273.9
-52538.6
-53206.3
-52470.7
-52341.8
-44824.5
-86158.8
-44768.5
-44653.2
-45165.4
-44821.5
-45169.5
-44721.6
-44893.9
-44912
-44880.4
-44829.5
-44907.2
-44916.4
-44910.5
-44905.4
-44903.4
-44904.9
-44905.1
-44906.1
-44909.9
-44907.2
-44909.4
-44907.1
-44909.6
-44907.9
-44906.1
-44909.2
-44905.5
-44916.6
-44905.5
-44909.7
-44908.5
-44905.8
-60333.8
-57796.9
-60690
-53271.2
-58156.4
-59268.7
-57220.9
-60560
-59679.6
-55402.4
-55108.9
-46155.2
-54722.8
-55419.2
-64029.8
-54642.7
-56492.5
-55898.6
-44906.3
-44908
-44909.9
-44908
-44955.4
-44812
-44950
-44793
-47199.9
-47176.8
-54952.2
-47553.1
-16383
-44909.7
-44908.8
-44908.3
-44908.3
-44907.1
-44909.2
-44911.3
-44908.8
-44910.5
-44910.6
-44910.6
-44909.6
-44912.4
-44913
-44907
-44912.5
-44973.3
-55168.3
-55778.9
-55095.4
-56204.7
-58217.2
-57758.4
-57085.7
-53944.8
-53020
-55140.9
-54045.1
-52542.4
-52638.7
-52774.8
-53013.7
-52809.5
-52878.3
-52339.1
-52847.2
-51443.6
-51496
-52652.3
-52491.3
-52314.5
-52550.8
-51035.5
-51581.9
-50366.1
-51730.3
-51796.6
-52264.1
-51233.1
-52663.2
-51642.3
-51604.2
-52775.3
-52542
-53009.1
-44907.2
-44908
-63434.1
-62592.9
-63781.8
-66710.3
-64529.5
-65782
-61995.5
-60802.2
-64592.6
-62053.4
-60570.1
-61807.4
-60705.3
-59984.6
-57028.8
-54819.7
-52648.6
-57592.9
-55596.6
-45231.2
-55107.7
-49814.7
-53413.2
-46189.3
-49623
-43061.9
-49938.3
-43953
-43121.9
-44897.6
-44402.9
-43987
-43870.9
-43707.7
-44468.5
-56146.4
-56755.1
-56970.8
-43489.9
-42878.4
-50127.7
-49488.7
-45622.7
-42760
-52489.5
-59073.2
-59512.1
-59478.8
-56263.1
-57613.4
-49191.8
-56123.4
-54652.7
-44969.2
-44898.7
-44914.8
-44936.1
-44906.8
-44906.6
-44905.1
-44905.2
-44906.6
-44906.5
-44906.2
-44908.9
-44907.4
-44906.3
-44909.5
-15242.9
-59916.9
-60364
-61287.4
-55483
-44909.4
-59993.6
-50106.6
-44774
-64012.3
-46179.4
-44972.9
-44906.3
-44908.7
-43711.2
-48081
-40933.6
-40330.8
-56646.3
-60005.2
-57417.5
-59296
-37361.1
-44767.7
-53276.6
-52864.5
-52482.4
-45151.9
-45143.5
-44926.2
-44911.5
-44908.8
-44914.5
-42536.6
-56259.2
-44908.8
-44907.6
-44950.7
-53871.9
-52305.7
-44909.3
-51698.4
-51580.8
-55359.5
-58192.7
-52610.6
-42294.5
-23326.9
-47880.6
-55839.4
-60565
-65105.5
-56913.8
-60767.1
-61684.8
-62055.2
-58579.2
-54087.6
-51875.9
-51934.9
-52596.5
-44906.5
-44892.9
-44904.9
-44908
-44908.5
-59701.9
-57556.2
-44945.3
-64239.8
-51513.3
-51041.7
-44906
-51872.6
-58772.5
-46351.7
-52829.2
-44910.4
-44910.2
-56028.8
-44898.2
-44897.1
-37406.9
-130996
-9152.31
-44906.9
-112345
-81183.1
-70553.1
-44907
-44740
-55701.2
-43977.9
-44334.8
-54533.7
-44906
-53153
-44904.8
-79493.6
-73202.4
11471.1
14403.8
-33881.2
-55567.8
-56618.2
-56009
-56166
-34663.8
-50642.9
-52195.1
-55826.6
-51857.2
-51829.4
-54012.3
-54387.5
-55263.4
-53643.2
-44873.7
-51359.7
-44286.1
-44314.6
-44202.2
-44797.9
-51657.2
-44917.7
-51675
-44913
-44895.2
-44296.3
-44940
-44912.1
-44334.3
-44912
-45467.4
-42264.5
-55408.8
-52564.9
-53732.3
-44933.3
-45198.3
-44912.9
-57324.7
-44910
-44803.7
-44434.8
-52736.2
-56885.5
-57235.5
-58054.8
-53358.8
-36539.7
-60219.7
-58253.1
-60074.2
-38052.2
-41549.6
-51387.4
-52809.3
-52480.8
-46496.2
-45180.1
-44880.4
-44863.4
-44909.5
-57023.7
-44908.5
-44912.1
-56002.1
-44908.5
-59345.8
-44909.4
-44907.7
-52555.5
-60767.9
-52753.2
-52824.5
-52515.6
-52771.1
-53579.1
-52989.1
-61420.4
-22309.1
-8621.28
-44908.5
-44908.3
-44908.4
-44909.4
-56956.2
-57327.9
-56555.4
-56481.7
)
;

boundaryField
{
    Wall
    {
        type            zeroGradient;
    }
    Inlet
    {
        type            zeroGradient;
    }
    Outlet
    {
        type            fixedValue;
        value           uniform 0;
    }
    Empty
    {
        type            empty;
    }
}


// ************************************************************************* //
