/*--------------------------------*- C++ -*----------------------------------*\
| =========                 |                                                 |
| \\      /  F ield         | OpenFOAM: The Open Source CFD Toolbox           |
|  \\    /   O peration     | Version:  2312                                  |
|   \\  /    A nd           | Website:  www.openfoam.com                      |
|    \\/     M anipulation  |                                                 |
\*---------------------------------------------------------------------------*/
FoamFile
{
    version     2.0;
    format      ascii;
    arch        "LSB;label=32;scalar=64";
    class       vectorField;
    location    "0.9/lagrangian/kinematicCloud";
    object      U;
}
// * * * * * * * * * * * * * * * * * * * * * * * * * * * * * * * * * * * * * //


150
(
(-0.0627872 0.00893171 0.0016491)
(2.45229 0.797367 -0.103744)
(2.40802 0.78902 0.107222)
(2.45229 0.797367 -0.103744)
(2.45229 0.797367 -0.103744)
(2.90637 0.850232 0.173459)
(1.76771 0.689868 -0.120287)
(2.33957 0.732267 0.147443)
(3.30015 0.971772 0.159665)
(2.35626 0.688458 0.210257)
(3.36877 0.982266 -0.136651)
(3.30015 0.971772 0.159665)
(1.76771 0.689868 -0.120287)
(2.38661 0.693096 -0.211398)
(2.30516 0.647976 -0.182271)
(2.27536 0.643053 0.180291)
(2.95339 0.874443 0.193108)
(2.93169 0.853385 -0.17367)
(2.87051 0.825892 0.20485)
(0.794105 0.529772 -0.00750744)
(1.73977 0.52417 -0.232996)
(2.46071 0.709098 -0.238749)
(1.63554 0.477825 0.184331)
(0.854988 0.530758 -0.0141347)
(0.230274 0.447542 -0.0964608)
(0.794105 0.529772 -0.00750744)
(1.04297 0.384731 -0.230844)
(0.196116 0.448255 0.0877993)
(0.196116 0.448255 0.0877993)
(1.94594 0.332195 -0.179282)
(0.854988 0.530758 -0.0141347)
(0.196116 0.448255 0.0877993)
(0.266366 0.353667 0.0698835)
(-0.0932388 0.453741 -0.343749)
(0.230274 0.447542 -0.0964608)
(1.07421 0.329843 -0.250284)
(1.04261 0.328229 0.246461)
(1.35812 0.161813 0.184085)
(-0.189479 0.387347 0.0111415)
(0.541106 -0.0904423 -0.0257646)
(0.31787 -0.0228846 0.0404982)
(-0.189479 0.387347 0.0111415)
(-0.176925 0.387323 -0.0237977)
(0.070755 0.323989 -0.161851)
(0.301683 0.345413 -0.086587)
(0.131498 -0.032251 0.0263095)
(-0.771221 0.113668 0.0436281)
(-0.189479 0.387347 0.0111415)
(-0.189479 0.387347 0.0111415)
(0.397397 -0.105334 0.0604997)
(0.131815 -0.0307105 -0.0297058)
(1.92123 0.299797 -0.126854)
(-0.189479 0.387347 0.0111415)
(0.301683 0.345413 -0.086587)
(0.447553 -0.0250268 0.0787969)
(1.92123 0.299797 -0.126854)
(-0.176925 0.387323 -0.0237977)
(2.7626 2.59093 -0.284818)
(-0.260944 -0.108281 -0.196923)
(2.47175 0.527365 -0.25277)
(1.46809 0.515514 0.388084)
(1.79743 -0.671523 0.87311)
(0.153957 -0.594856 -0.364622)
(1.22879 -1.10403 0.128871)
(0.0922713 0.0239915 -0.00257748)
(4.34236 2.44685 0.0114627)
(0.633154 0.627697 0.0116336)
(3.68492 0.740755 -0.0088552)
(3.68653 0.74969 0.011253)
(3.68492 0.740755 -0.0088552)
(3.68492 0.740755 -0.0088552)
(3.68653 0.74969 0.011253)
(3.68653 0.74969 0.011253)
(3.96202 0.998318 0.00255908)
(4.00299 1.1091 -0.0431704)
(4.02446 1.06423 -0.014784)
(3.97134 1.01126 -0.00701268)
(3.68653 0.74969 0.011253)
(3.88845 0.903486 -0.106419)
(3.84123 0.829614 0.105189)
(3.83242 0.814164 -0.109173)
(3.99987 1.11768 0.0399289)
(3.97134 1.01126 -0.00701268)
(3.96202 0.998318 0.00255908)
(3.85588 0.882826 0.035738)
(3.83228 0.953023 0.101355)
(3.3799 0.919771 -0.0609695)
(3.99987 1.11768 0.0399289)
(3.5596 0.600701 0.01434)
(3.68602 0.952009 -0.102034)
(3.88685 1.11691 0.0695876)
(3.5689 0.61239 -0.0178966)
(3.35263 0.916998 0.0690662)
(3.8725 0.8654 -0.0568257)
(3.70449 0.703165 -0.0972724)
(3.70449 0.703165 -0.0972724)
(3.54624 0.553798 0.0573656)
(3.3446 0.402488 0.0430463)
(3.84874 1.10822 0.07216)
(2.95536 0.871245 0.0887389)
(3.52105 0.534082 -0.0636522)
(3.54624 0.553798 0.0573656)
(3.39164 0.913786 -0.11156)
(3.67048 1.07061 0.101234)
(3.54624 0.553798 0.0573656)
(3.54624 0.553798 0.0573656)
(3.52105 0.534082 -0.0636522)
(3.40628 0.528245 0.118023)
(3.54624 0.553798 0.0573656)
(3.39164 0.913786 -0.11156)
(3.67373 1.10732 0.103589)
(3.39164 0.913786 -0.11156)
(3.84303 1.13603 -0.0772299)
(3.33179 0.41423 0.0174472)
(2.26652 -0.313761 -0.0651339)
(3.36037 0.41576 -0.0548836)
(3.71773 0.931369 0.185652)
(3.6185 1.05079 0.0991539)
(3.84303 1.13603 -0.0772299)
(3.91371 1.06266 -0.167076)
(2.3507 0.0522312 0.350756)
(3.11384 0.198212 -0.0543967)
(3.12869 0.180675 -0.0478908)
(3.12869 0.180675 -0.0478908)
(2.8995 0.0773951 -0.107451)
(2.17024 -0.0215303 -0.360312)
(2.94582 0.0567454 -0.106646)
(3.36037 0.41576 -0.0548836)
(2.8995 0.0773951 -0.107451)
(3.3446 0.402488 0.0430463)
(2.58728 0.409088 0.360791)
(2.57006 0.315678 -0.350357)
(2.45717 0.131707 -0.336468)
(2.94582 0.0567454 -0.106646)
(3.36037 0.41576 -0.0548836)
(2.17497 -0.0261979 0.362347)
(2.8995 0.0773951 -0.107451)
(2.17024 -0.0215303 -0.360312)
(3.0218 -0.0755325 0.0535969)
(3.0218 -0.0755325 0.0535969)
(2.94582 0.0567454 -0.106646)
(2.94582 0.0567454 -0.106646)
(2.21953 -0.41203 0.131861)
(2.76439 -0.190135 0.0994249)
(2.45228 -0.373353 0.102055)
(2.45228 -0.373353 0.102055)
(1.6641 0.153942 -0.17265)
(0.983712 0.530844 0.0580662)
(3.35263 0.916998 0.0690662)
(1.77476 1.4357 0.085181)
)


// ************************************************************************* //
