/*--------------------------------*- C++ -*----------------------------------*\
| =========                 |                                                 |
| \\      /  F ield         | OpenFOAM: The Open Source CFD Toolbox           |
|  \\    /   O peration     | Version:  2312                                  |
|   \\  /    A nd           | Website:  www.openfoam.com                      |
|    \\/     M anipulation  |                                                 |
\*---------------------------------------------------------------------------*/
FoamFile
{
    version     2.0;
    format      ascii;
    arch        "LSB;label=32;scalar=64";
    class       volScalarField;
    location    "0.3";
    object      p;
}
// * * * * * * * * * * * * * * * * * * * * * * * * * * * * * * * * * * * * * //

dimensions      [0 2 -2 0 0 0 0];

internalField   nonuniform List<scalar> 
2958
(
114.606
105.743
211.857
115.949
95.7724
209.568
122.062
118.264
110.326
118.198
122.006
142.769
120.672
123.337
117.477
123.783
96.464
120.604
126.235
116.92
127.815
96.4325
127.174
117.817
120.631
116.976
95.003
119.493
128.665
121.439
117.9
101.603
131.596
78.7314
119.531
114.369
108.757
128.621
122.494
118.941
-332.496
120.361
121.31
121.219
181.583
120.169
121.911
99.3015
110.491
119.684
122.664
107.466
125.15
120.484
122.878
112.047
122.677
123.824
124.309
-264.445
123.868
133.35
120.53
121.391
151.694
125.03
120.522
107.664
136.243
122.881
97.6112
134.565
94.49
127.683
123.144
121.086
123.521
121.025
123.058
123.452
120.686
82.1575
117.876
117.504
119.646
120.605
99.1654
120.573
105.814
124.234
119.906
105.169
120.123
126.111
107.465
131.744
113.985
95.5168
119.559
139.775
95.0663
124.289
131.046
106.312
120.816
132.106
147.23
103.67
124.022
135.22
90.3547
122.189
119.048
120.448
124.539
127.769
120.812
121.9
104.209
123.403
123.623
144.036
119.978
109.162
121.09
121.443
111.196
100.538
123.913
126.205
122.978
153.178
123.218
149.355
126.077
126.277
120.268
123.642
121.489
121.19
124.666
105.745
127.443
125.855
123.819
101.922
121.472
138.659
103.606
130.745
114.662
115.229
118.274
137.022
120.128
131.312
118.023
125.329
121.719
120.372
119.781
119.085
121.515
140.717
117.723
120.789
121.623
125.461
116.923
192.557
109.329
148.521
118.753
107.697
119.168
242.383
78.8093
104.165
99.184
136.622
127.524
99.4215
120.621
95.8427
106.373
102.178
106.874
123.074
95.5575
97.7239
100.981
108.016
122.574
123.993
108.542
128.707
106.094
111.171
128.138
122.213
117.079
118.588
114.488
103.064
108.562
158.381
120.696
160.845
101.318
110.37
126.969
124.243
126.306
103.138
128.596
88.3354
121.569
124.936
128.179
126.058
135.559
106.076
121.838
101.492
57.7802
121.597
119.595
130.636
106.709
91.6217
108.113
101.917
101.286
97.9197
128.222
136.595
131.983
124.163
131.403
137.95
128.905
137.871
125.174
119.413
115.802
91.9433
134.055
120.803
121.344
122.942
115.569
115.704
121.099
141.548
105.65
104.325
120.271
103.087
118.925
98.8303
124.101
125.187
86.0046
-344.809
122.844
120.948
115.526
120.55
101.19
126.536
120.233
100.799
120.996
145.736
102.804
121.75
124.28
101.222
122.435
102.188
131.46
130.541
122.391
120.931
100.78
125.161
135
129.004
94.8905
121.388
118.446
89.8827
121.751
138.889
122.267
119.265
120.751
124.595
124.242
122.77
122.442
94.7745
103.445
91.6325
119.038
110.703
105.861
125.128
120.543
128.822
123.853
123.126
121.012
124.951
101.687
58.2597
88.2428
121.765
104.739
120.822
101.389
100.42
120.375
107.886
198.086
126.714
122.321
120.962
91.638
7.80584
98.82
123.42
148.49
121.679
138.501
121.64
118.66
85.5807
118.42
125.216
120.506
103.058
94.0388
99.5969
119.144
108.026
118.132
109.987
124.058
110.672
125.771
119.93
113.23
112.359
105.381
120.503
126.956
120.056
134.24
123.48
8.04624
122.864
116.795
125.226
120.358
108.092
121.891
126.292
126.844
99.2765
120.419
95.3299
125.13
117.284
120.812
100.486
122.865
114.076
94.43
99.257
121.955
119.685
122.333
120.085
99.6685
122.115
122.583
112.076
132.786
123.461
119.386
148.334
150.926
97.3505
134.943
122.952
8.68332
125.33
128.698
95.0603
151.833
120.125
96.2587
97.6311
122.833
123.336
104.86
120.523
123.23
123.18
135.44
120.615
121.619
96.4796
102.8
95.2862
90.9283
110.78
121.005
121.141
180.876
120.42
107.557
126.314
116.149
126.814
106.703
116.518
124.856
105.721
95.0814
123.957
97.0168
117.911
115.703
97.6504
106.433
112.894
122.221
123.017
101.928
105.632
123.134
123.103
122.345
117.34
121.615
100.722
119.106
99.4322
117.339
104.828
122.127
101.365
123.056
110.45
125.736
129.658
88.8671
123.142
105.765
93.6365
123.019
122.965
120.442
122.408
75.9452
119.91
120.592
119.415
122.526
141.612
122.361
117.576
120.159
97.2523
119.965
99.3898
141.862
120.464
120.587
103.689
149.012
127.24
107.455
119.173
121.105
120.203
44.6549
119.101
103.986
108.694
115.509
119.681
98.3732
128.165
122.574
126.08
127.929
128.693
97.7963
126.18
149.335
112.205
109.684
126.062
106.107
104.344
110.416
121.565
121.918
125.577
124.274
125.954
123.479
123.591
67.6425
100.826
99.7125
113.548
125.125
99.0655
175.769
107.76
121.05
116.824
109.698
125.467
120.538
122.156
120.517
124.251
100.578
125.961
115.48
121.846
86.6619
106.387
124.011
120.524
117.524
120.433
142.118
118.92
130.008
116.068
120.644
127.199
122.167
105.001
124.836
123.854
104.738
141.846
160.024
122.062
117.736
123.395
120.638
103.018
121.465
105.397
122.248
121.76
123.101
124.811
158.569
120.737
137.25
126.94
143.812
120.913
124.066
124.397
120.586
109.713
128.883
123.495
104.195
121.314
100.756
101.746
120.61
102.806
124.297
125.575
125.626
125.78
103.122
122.9
127.931
131.733
120.756
131.207
126.925
139.016
123.439
140.977
121.428
116.728
146.835
118.759
121.951
113.667
107.181
122.531
101.073
123.723
118.945
118.385
121.986
119.021
139.601
123.643
121.562
112.764
121.891
103.655
186.088
142.977
132.997
124.924
117.887
88.2783
120.231
122.345
94.4412
120.805
121.557
116.751
110.945
115.34
101.977
123.054
127.161
121.145
119.686
111.5
122.247
121.668
128.479
120.498
100.838
119.412
120.879
101.025
101.941
151.346
121.483
123.484
144.04
123.628
133.323
87.6046
119.491
96.9234
106.416
117.743
34.3371
105.268
83.8114
117.428
122.194
100.129
116.733
123.812
101.269
117.314
127.303
119.999
99.6879
94.6204
111.656
94.5082
121.05
107.228
126.434
132.044
149.706
126.893
97.441
112.229
127.56
106.772
124.156
99.0106
97.2071
124.099
118.71
103.775
101.276
105.714
124.33
118.095
115.863
133.102
125.282
125.432
123.499
119.258
126.991
109.391
121.247
117.986
123.236
121.507
83.3322
93.5858
115.67
93.5116
105.478
94.4407
92.8724
122.511
123.566
120.748
118.443
125.698
116.523
98.84
114.2
136.169
97.3652
128.716
125.931
105.065
107.529
66.3036
121.667
111.955
96.8148
90.1259
114.505
106.462
123.729
119.312
119.565
129.658
127.679
119.864
116.717
123.946
84.1707
120.181
123.319
133.094
108.827
121.913
105.983
111.787
96.8486
128.243
146.637
105.816
149.562
150.415
120.595
116.944
99.9463
126.946
127.842
124.242
124.552
107.675
97.347
124.171
119.032
126.789
107.176
119.711
122.062
108.609
160.167
119.368
117.911
133.439
132.652
114.034
147.507
121.128
103.073
125.164
123.775
124.313
120.166
96.7285
122.356
120.138
105.912
121.45
120.155
124.382
122.495
120.268
137.649
99.4881
132.833
121.377
119.797
126.603
105.565
119.599
127.998
102.068
120.528
131.904
122.826
120.551
106.244
103.128
106.079
121.496
119.809
131.186
120.425
111.883
90.545
120.41
141.582
94.6425
120.652
123.264
120.525
124.056
121.411
107.513
122.482
117.796
109.131
115.77
97.7693
120.851
121.251
91.1688
123.045
103.687
119.491
143.053
118.725
120.664
113.637
120.346
145.803
131.058
146.741
126.581
120.163
132.834
120.71
113.269
122.192
124.77
117.394
104.403
104.571
119.929
95.7055
118.698
120.858
120.056
98.5534
89.9344
128.721
121.355
98.4955
133.389
117.51
123.187
123.215
120.105
118.846
139.699
105.395
91.974
106.996
161.896
103.117
124.366
130.824
121.609
126.394
126.733
121.206
107.281
126.381
119.027
94.0385
98.3247
121.424
107.17
95.8164
122.411
102.002
144.984
98.5432
115.444
120.094
120.854
100.605
124.393
103.579
82.0073
126.047
123.584
92.587
86.1299
98.173
110.523
94.7194
126.556
120.691
106.702
121.055
112.707
118.997
107.615
113.671
124.953
100.317
118.97
108.819
101.138
130.518
120.677
119.627
102.142
101.77
119.199
100.413
105.268
106.657
118.6
107.808
130.619
120.03
103.78
120.733
98.4249
120.799
101.602
120.785
91.444
126.696
118.805
116.558
95.0496
109.229
119.493
132.313
102.376
118.446
107.513
129.913
97.3514
109.816
102.032
130.747
120.11
121.86
125.76
120.89
95.027
97.0975
142.37
137.334
123.558
140.773
99.5428
121.699
109.312
102.534
121.087
95.4051
126.131
133.527
145.177
120.358
152.886
115.658
120.447
122.16
120.64
163.214
101.223
118.474
92.2822
121.405
124.87
103.896
104.961
105.441
120.342
121.076
132.193
104.853
126.258
120.72
84.7772
93.8087
100.301
98.1298
104.259
120.782
120.004
102.585
111.893
125.225
125.57
149.804
127.255
9.53889
94.6173
123.237
92.6533
103.561
114.071
119.957
122.518
125.791
124.42
121.287
115.51
94.7812
118.987
93.6602
149.495
123.629
125.401
99.6788
113.76
126.185
133.648
93.8993
120.222
121.116
124.839
121.135
142.931
123.335
117.859
125.215
120.914
126.18
137.648
96.1563
126.93
128.462
120.149
121.447
123.84
122.825
129.47
83.8164
105.945
117.318
125.143
125.294
122.074
128.555
127.206
126.033
124.41
120.197
132.875
120.676
120.734
110.257
130.57
120.286
99.2271
124.171
106.936
112.81
96.3037
128.01
119.5
126.017
116.748
117.672
106.493
115.819
120.752
101.115
104.164
110.571
121.408
121.122
103.945
120.654
120.808
119.516
119.64
124.952
118.501
113.813
172.598
9.5796
99.3536
121.694
120.276
120.645
111.537
99.5605
118.079
95.3928
118.351
99.9766
127.333
118.073
160.127
126.893
138.263
121.213
104.479
110.629
120.32
121.42
99.2525
103.592
100.787
97.3847
99.0571
101.769
122.475
120.743
121.487
121.642
99.9328
103.28
101.125
128.075
83.459
120.846
106.107
116.343
118.762
138.895
120.404
126.37
126.467
138.078
132.148
122.704
120.08
120.36
116.015
109.816
115.924
91.5749
138.484
122.521
118.918
120.186
111.605
116.774
126.862
120.254
113.431
128.438
122.839
103.959
114.051
117.021
99.0327
124.018
130.82
120.292
123.375
113.651
98.4939
126.233
125.54
112.963
116.069
126.541
120.25
121.932
120.502
116.769
121.877
113.91
133.046
147.02
117
84.7954
120.39
112.268
119.55
120.623
104.77
138.718
124.645
125.256
123.328
119.207
116.741
118.618
122.464
118.542
125.827
118.855
95.2044
121.294
126.831
107.817
123.741
111.574
90.3305
121.001
120.192
123.393
127.303
120.689
111.158
124.414
114.025
120.584
123.502
121.522
121.332
122.091
118.659
120.704
118.625
117.594
120.889
94.9938
101.884
120.735
121.033
95.1983
126.579
122.893
128.585
115.808
117.088
100.055
103.248
119.39
96.9475
118.437
119.868
100.319
122.034
120.478
114.272
95.7135
123.568
120.631
123.269
125.247
121.649
121.465
125.063
128.421
106.343
120.585
104.037
98.135
120.627
273.569
123.236
123.391
103.879
100.971
122.433
115.967
123.91
121.448
107.708
114.814
109.7
121.636
128.974
128.176
106.294
100.966
36.7193
79.2379
120.889
136.027
110.654
103.302
120.275
111.41
143.012
112.457
110.339
116.379
121.121
99.7429
129.145
127.896
120.905
120.617
120.621
120.593
68.4203
122.456
72.0408
99.6975
121.973
120.571
95.4933
123.177
120.615
96.0457
122.953
97.0503
122.462
119.411
136.65
118.855
120.899
120.617
102.587
126.428
119.717
120.722
104.55
119.835
127.11
120.532
101.222
66.4197
121.185
130.566
120.537
213.526
102.429
120.508
122.882
132.835
119.892
127.598
125.066
158.548
121.926
133.62
124.406
139.117
114.478
120.23
134.462
123.836
145.304
213.759
124.58
107.021
151.894
117.527
96.6071
121.914
122.902
116.527
131.737
126.814
128.575
106.188
132.93
119.355
119.844
118.618
129.404
126.895
96.7311
104.671
120.474
95.3803
132.07
104.811
140.137
122.691
117.452
123.919
128.373
107.393
122.69
128.542
119.479
131.483
122.683
127.4
104.796
91.7575
122.208
87.8062
93.7015
118.68
102.058
122.316
138.73
116.551
109.836
124.672
110.304
119.157
111.747
139.668
109.708
110.6
120.191
87.4597
118.227
102.989
93.391
117.663
126.623
126.277
121.314
112.471
119.302
120.4
120.053
124.836
116.602
114.308
120.159
120.244
128.619
103.022
125.705
123.844
100.672
132.839
125.306
123.753
121.744
136.458
121.428
121.012
108.229
122.165
121.425
114.733
123.03
126.118
118.928
124.805
126.134
121.782
125.29
92.5533
122.356
116.434
118.982
108.222
119.813
98.895
122.991
122.967
147.023
119.209
121.03
125.308
121.359
99.4644
116.984
124.636
124.647
104.599
105.315
108.341
121.428
83.2552
120.566
126.173
108.176
119.277
138.793
121.308
106.489
126.612
130.627
126.142
96.7753
123.653
127.367
117.163
118.047
107.29
121.343
106.35
125.049
137.545
122.137
90.1486
111.725
96.3478
107.021
114.553
124.307
184.018
123.262
122.699
112.904
124.69
119.861
112.171
108.356
117.805
121.435
124.616
124.424
98.7452
117.504
100.061
121.27
125.217
119.912
124.729
126.41
79.4291
100.73
86.775
122.847
132.765
96.3369
93.8216
83.0909
121.551
101.268
118.011
99.8587
104.973
122.652
114.946
112.159
119.475
126.165
161.217
99.1485
132.296
106.496
132.538
120.893
117.78
120.753
144.975
121.698
98.532
120.213
66.2223
133.806
139.809
124.358
136.989
96.809
99.5488
105.092
121.011
122.743
120.736
127.315
130.829
102.859
124.013
126.674
96.0713
127.065
115.668
117.459
130.654
117.958
99.6698
119.779
106.913
135.39
123.488
121.725
122.996
121.294
109.656
121.261
108.847
99.4497
29.6105
104.884
120.431
124.435
103.827
126.412
126.377
124.697
124.909
120.373
127.424
124.225
124.345
119.873
95.3321
126.388
86.7406
121.209
120.48
120.405
121.501
120.81
62.3997
111.229
111.476
103.449
117.353
119.005
116.293
129.532
84.1939
124.939
123.724
121.738
120.581
119.747
121.573
126.537
120.633
121.492
147.407
123.672
68.5156
95.463
125.745
124.828
155.082
117.833
114.838
123.56
118.855
100.926
116.975
98.1435
58.9487
102.941
102.495
99.0915
93.0903
121.964
121.724
124.503
118.152
125.728
95.5516
121.546
136.136
107.81
120.666
120.176
120.485
121.395
97.9168
105.51
129.137
129.377
130.684
134.414
134.504
133.041
120.465
119.69
68.4077
-159.295
10.9971
33.8492
103.393
103.066
104.23
96.2855
105.6
101.207
101.072
97.9584
107.783
107.64
117.443
122.208
133.122
120.465
111.811
109.325
113.421
113.58
118.545
111.654
113.234
122.503
97.5201
96.475
97.0379
105.759
40.2095
106.161
97.7262
112.382
105.425
97.1391
23.5709
104.678
34.3673
119.602
132.381
147.677
82.928
138.183
100.865
140.161
136.989
143.91
123.922
138.441
127.069
125.328
130.793
119.488
145.389
42.3362
140.456
146.847
38.4612
133.462
133.065
83.4372
68.248
97.5572
96.9585
93.3315
109.836
113.694
115.189
127.819
129.31
132.528
127.272
133.208
134.534
128.99
132.796
130.205
130.249
129.098
129.897
125.001
126.026
123.332
124.99
127.031
128.288
126.659
126.95
123.24
125.738
123.905
121.892
121.137
124.167
120.035
120.288
120.738
120.118
119.833
119.753
121.512
122.496
121.854
121.439
122.551
121.901
121.606
121.819
121.052
120.962
120.947
120.291
120.422
120.655
119.8
120.217
116.703
125.72
130.35
127.147
127.939
101.258
110.292
109.766
100.595
100.199
102.303
99.077
99.396
98.5613
95.1437
102.754
91.7171
126.584
121.164
125.471
103.986
119.037
121.022
2.13527
21.0525
169.813
167.09
178.133
137.655
153.948
136.176
135.753
112.89
93.5487
110.395
105.083
92.4351
125.986
115.079
110.643
104.826
104.495
95.4126
97.5916
91.3503
101.382
102.034
105.907
105.186
97.6261
107.075
97.3404
97.5007
123.443
127.929
95.2717
94.9278
135.039
137.473
135.321
135.925
121.274
120.029
119.402
127.087
125.083
124.298
122.644
130.269
121.978
135.98
9.70759
7.38985
99.4943
7.45798
8.55705
94.4433
7.99596
116.756
202.366
115.611
240.248
274.372
128.491
-374.489
-208.331
-201.436
155.46
78.737
50.7705
107.022
105.85
97.9505
119.342
121.093
121.691
121.739
121.479
122.521
121.831
121.512
121.426
122.274
120.545
120.3
120.1
121.061
120.463
120.812
120.913
120.127
120.569
120.306
119.137
121.247
120.604
120.33
119.943
119.225
119.558
119.636
121.083
119.903
121.184
126.759
191.347
135.49
133.737
132.473
133.583
135.063
135.573
137.958
139.786
140.261
136.08
140.761
120.284
121.16
121.605
119.151
49.6476
115.085
120.345
47.4172
105.779
102.556
131.646
105.194
115.053
121.824
117.37
134.011
136.574
117.171
126.336
124.236
126.54
122.296
122.107
121.684
112.109
128.024
126.723
131.562
132.353
125.819
121.486
123.234
125.021
121.334
116.718
147.421
34.0771
146.708
131.809
131.966
131.592
135.64
128.226
128.473
127.175
124.73
123.591
123.019
120.54
120.382
133.684
109.774
126.936
109.959
100.853
95.5071
100.582
118.212
119.803
5.38504
131.938
148.502
136.324
120.302
104.594
110.67
105.66
107.186
94.0641
122.474
92.8121
92.1152
134.587
116.688
124.524
117.197
114.133
120.43
113.609
10.3957
7.7412
8.06637
118.683
36.8919
31.5263
103.831
126.914
109.348
119.84
120.259
121.886
121.753
121.584
121.922
120.598
119.544
120.923
119.229
120.774
119.43
119.144
116.079
119.552
121.167
122.89
121.245
137.305
140.657
133.086
117.217
119.643
115.988
119.147
47.332
131.666
120.568
125.691
127.805
121.112
134.948
126.596
122.942
122.207
125.777
123.291
121.754
127.897
127.097
126.79
119.578
141.343
141.028
139.672
141.9
140.711
137.053
144.105
125.05
119.249
113.832
120.98
116.331
124.808
126.516
124.825
124.094
129.408
130.2
132.253
131.447
125.398
127.599
125.251
126.705
123.245
127.847
127.637
132.442
131.665
130.042
120.741
119.742
142.937
142.417
126.521
113.232
125.435
126.9
104.448
106.347
105.64
100.392
91.3067
97.5606
91.9923
97.6131
94.0963
125.695
123.766
124.859
125.099
122.838
124.56
122.966
123.469
123.066
124.31
124.633
120.452
121.016
120.717
120.068
119.917
120.199
119.442
119.988
120.337
120.132
120.414
120.275
120.166
120.36
120.32
120.526
120.789
120.471
120.265
120.537
121.068
121.111
120.823
120.869
120.551
120.714
120.625
120.757
120.772
120.73
120.725
121.183
120.395
122.327
119.836
122.799
117.109
118.198
118.27
117.379
111.688
107.355
106.53
105.354
102.556
105.908
110.512
102.402
103.779
109.637
103.003
106.453
106.342
102.639
107.007
115.801
165.11
32.2957
60.5361
24.0829
96.4318
50.2144
65.4286
76.5629
153.298
82.1218
82.5278
87.2935
84.3678
88.0028
87.1699
102.091
99.8146
102.354
99.9408
100.371
97.9098
98.4649
98.5504
99.0068
100.321
94.7443
91.0267
97.005
99.7936
107.334
104.853
101.164
105.758
106.196
105.744
106.815
108.898
109.566
117.647
120.711
116.244
90.5031
95.2312
93.4285
91.4101
119.3
120.92
122.155
123.5
118.323
123.61
110.259
116.85
124.258
118.214
114.407
116.844
116.237
116.094
117.444
101.281
120.322
4.14774
102.731
117.812
132.468
87.0027
103.087
90.0579
118.045
73.2321
115.816
110.551
106.009
116.734
116.009
116.915
109.514
114.16
116.306
120.028
117.882
118.859
119.826
119.89
119.767
120.221
120.244
119.858
120.131
120.111
120.078
120.451
121.282
120.925
120.1
121.123
120.19
121.074
121.745
120.658
120.808
121.293
121.705
121.294
121.034
121.867
122.5
122.479
121.95
122.282
117.663
124.467
128.182
128.768
125.988
139.649
125.836
122.205
121.253
122.222
120.446
120.734
125.251
121.681
121.793
117.124
119.964
117.93
129.969
137.276
120.733
125.341
126.544
126.535
125.739
105.006
125.077
125.514
125.688
125.365
126.703
126.55
122.808
124.267
124.751
125.607
124.501
121.243
107.992
105.091
106.429
123.194
123.371
123.622
122.9
123.349
121.258
121.492
142.397
124.353
119.458
121.329
125.324
122.849
125.1
124.556
124.353
126.161
127.465
128.297
126.856
127.943
125.956
121.345
125.379
125.103
125.12
123.893
128.784
129.492
128.34
128.209
126.729
124.928
137.449
136.114
137.661
139.363
124.214
108.809
123.84
124.794
110.212
121.929
110.456
119.66
116.031
120.744
114.8
119.872
124.942
124.614
120.383
124.272
123.301
124.235
123.641
123.802
121.999
123.287
122.363
121.932
121.622
120.719
120.819
120.536
120.73
120.509
120.509
120.367
120.604
120.595
120.752
120.541
120.863
120.77
120.801
120.238
120.716
120.937
120.646
120.814
120.671
120.183
120.979
120.361
120.874
120.563
118.134
120.949
120.479
120.558
120.564
120.568
120.64
120.661
120.652
121.88
117.883
118.331
118.642
117.466
104.764
99.0825
115.077
117.975
115.009
108.673
115.374
106.361
107.007
104.75
106.597
100.568
103.48
108.361
104.745
106.586
105.682
104.627
105.554
103.866
103.976
104.083
102.991
102.322
107.303
106.638
103.457
106.198
106.842
119.421
104.616
114.691
304.107
220.851
106.541
99.5499
110.25
108.625
148.325
96.4799
98.8046
103.193
99.9512
94.3476
92.9542
94.7488
93.4227
93.2529
95.0165
88.9225
103.012
98.3724
105.102
107.329
106.75
99.3185
100.18
100.228
100.51
96.5782
96.8269
97.1903
96.1398
97.6008
99.2293
99.8228
97.8215
96.2972
98.1085
100.593
100.491
104.052
103.459
104.742
104.219
106.115
105.735
104.633
105.156
109.897
108.749
119.047
108.87
117.59
112.614
111.823
112.849
115.31
113.949
113.795
121.327
111.473
118.682
120.052
120.238
116.244
117.645
118.778
118.25
119.019
119.686
120.668
112.779
117.13
110.137
113.01
113.83
111.881
133.929
134.251
122.383
140.473
116.231
112.931
114.714
116.81
118.72
120.659
120.413
124.241
120.972
120.335
117.408
120.426
119.903
119.958
120.503
120.531
120.109
120.5
120.493
120.531
120.447
120.537
120.555
120.823
120.709
120.215
122.096
119.677
121.009
121.073
121.116
119.325
120.907
117.861
121.496
122.035
121.035
121.58
121.228
121.123
121.436
121.277
121.166
121.533
121.755
121.016
122.062
121.243
121.126
121.42
121.22
122.01
121.988
121.582
125.368
128.381
122.774
101.162
120.585
120.237
121.552
119.521
122.792
120.463
120.758
122.388
123.686
110.572
126.974
125.086
124.86
127.284
127.678
127.371
127.212
127.525
124.078
127.036
125.7
127.063
125.133
126.97
126.577
125.06
126.529
122.6
126.392
123.826
125.402
127.639
116.798
118.006
107.208
104.332
106.353
106.762
105.859
105.68
107.065
122.034
120.498
104.113
119.678
126.493
121.483
136.855
122.546
124.998
123.685
124.96
124.088
126.831
128.722
124.266
128.009
120.969
105.732
105.744
106.18
106.718
108.168
124.328
128.375
124.937
126.826
124.946
128.717
123.919
125.545
124.967
127.097
125.37
124.086
127.348
126.843
125.245
126.344
129.408
120.013
117.462
124.878
123.285
117.538
119.217
120.335
120.349
124.45
122.526
123.999
122.094
122.494
124.603
122.498
122.541
122.727
123.645
122.2
121.745
121.477
121.086
122.405
121.945
120.69
121.284
121.377
121.81
120.682
119.714
120.064
120.971
120.446
120.481
120.53
120.679
119.422
118.683
123.411
124.199
120.636
117.059
114.721
114.56
110.056
111.344
107.123
106.684
108.133
107.894
107.002
108.044
108.168
106.328
105.234
104.402
103.418
105.406
104.667
103.378
105.784
104.954
100.88
100.197
113.04
104.123
93.9867
99.2836
99.9447
99.0865
101.359
99.517
97.6147
101.57
99.5206
119.67
115.558
118.362
102.79
100.702
104.034
104.853
103.121
102.363
104.491
117.932
118.276
116.759
118.8
116.608
118.139
114.754
117.149
128.873
123.052
129.511
126.094
128.208
128.565
127.802
126.306
127.386
126.412
127.318
126.251
126.611
126.627
124.877
103.655
119.016
117.428
118.095
116.108
124.725
119.302
115.972
120.094
117.701
98.7839
99.7753
130.173
126.227
110.186
104.84
103.243
104.144
121.096
116.615
112.826
119.752
112.971
116.311
121.799
121.839
126.148
121.263
117.254
124.59
123.247
124.672
121.882
116.133
126.596
127.234
124.794
127.493
120.976
120.39
126.46
120.26
120.795
102.452
106.466
105.467
103.395
108.011
124.566
115.211
106.941
108.553
106.065
111.945
113.469
112.744
115.388
117.833
121.444
121.407
121.06
126.442
122.284
124.701
125.936
125.332
119.053
118.494
126.096
109.646
119.896
121.177
126.463
121.163
117.757
105.016
105.072
124.659
124.753
120.14
135.086
134.273
85.3029
106.214
114.573
125.771
115.372
120.227
96.4691
126.062
101.068
106.157
43.0655
72.9173
128.094
127.355
127.868
127.995
120.593
101.345
135.589
178.229
117.959
135.391
134.889
134.576
126.02
-60.1513
121.481
121.691
121.332
121.375
121.537
119.8
119.88
120.341
121.091
133.439
120.509
135.574
135.721
137.087
122.812
120.493
119.691
120.506
121.44
134.807
135.002
118.956
122.247
135.137
130.632
91.936
117.944
113.424
122.419
121.073
118.002
120.023
121.744
116.16
124.246
111.672
81.727
120.497
120.615
120.683
102.909
101.976
106.741
121.467
114.598
112.759
113.947
118.002
119.51
121.655
126.075
126.015
124.887
119.671
135.588
124.517
119.487
124.143
123.31
124.444
125.028
115.429
126.702
125.595
123.085
111.905
121.626
120.677
120.326
118.636
118.489
120.213
107.527
106.676
111.033
121.706
122.191
121.728
121.34
135.28
134.647
134.457
134.023
)
;

boundaryField
{
    Wall
    {
        type            zeroGradient;
    }
    Inlet
    {
        type            zeroGradient;
    }
    Outlet
    {
        type            fixedValue;
        value           uniform 0;
    }
    Empty
    {
        type            empty;
    }
}


// ************************************************************************* //
