/*--------------------------------*- C++ -*----------------------------------*\
| =========                 |                                                 |
| \\      /  F ield         | OpenFOAM: The Open Source CFD Toolbox           |
|  \\    /   O peration     | Version:  2312                                  |
|   \\  /    A nd           | Website:  www.openfoam.com                      |
|    \\/     M anipulation  |                                                 |
\*---------------------------------------------------------------------------*/
FoamFile
{
    version     2.0;
    format      ascii;
    arch        "LSB;label=32;scalar=64";
    class       vectorField;
    location    "0.6/lagrangian/kinematicCloud";
    object      U;
}
// * * * * * * * * * * * * * * * * * * * * * * * * * * * * * * * * * * * * * //


150
(
(3.01839 0.885408 -0.128967)
(2.32788 0.756491 -0.105156)
(3.01839 0.885408 -0.128967)
(2.93275 0.852318 -0.104996)
(3.05314 0.912545 -0.16925)
(2.96133 0.873595 -0.173684)
(2.42669 0.745992 -0.138151)
(2.93275 0.852318 -0.104996)
(0.749037 0.528917 -0.15831)
(1.55616 0.648676 -0.0641947)
(2.48456 0.774149 -0.188963)
(2.42669 0.745992 -0.138151)
(0.749037 0.528917 -0.15831)
(2.42669 0.745992 -0.138151)
(1.55616 0.648676 -0.0641947)
(1.75727 0.589158 -0.138933)
(1.75727 0.589158 -0.138933)
(0.729801 0.530159 0.0575146)
(2.77482 0.70937 -0.170112)
(0.729801 0.530159 0.0575146)
(0.729801 0.530159 0.0575146)
(3.00283 0.795201 -0.158334)
(0.749037 0.528917 -0.15831)
(1.75727 0.589158 -0.138933)
(0.729801 0.530159 0.0575146)
(1.83492 0.617471 -0.194966)
(1.83492 0.617471 -0.194966)
(1.67277 0.552287 -0.0901379)
(1.12402 0.461974 -0.180827)
(0.749037 0.528917 -0.15831)
(-0.22193 0.391839 -0.217501)
(1.7483 0.644735 -0.119781)
(0.749037 0.528917 -0.15831)
(0.0501865 0.0111264 -0.000130334)
(-0.399016 0.333214 0.542662)
(3.24832 0.768177 -0.109048)
(3.8712 1.04821 -0.109055)
(3.70036 0.747332 -0.123491)
(3.70036 0.747332 -0.123491)
(4.0799 1.05856 -0.10457)
(3.49172 0.905162 -0.124105)
(3.81468 1.03481 -0.098888)
(4.10232 0.724498 -0.000602808)
(2.59529 0.728318 -0.105361)
(4.23118 1.03544 -0.119428)
(4.21544 1.06345 -0.121698)
(3.5204 1.01631 -0.146425)
(4.11738 1.05972 -0.111935)
(4.05727 0.894312 -0.162031)
(4.42144 1.16894 -0.183912)
(3.99106 0.569193 0.138146)
(4.05727 0.894312 -0.162031)
(4.25989 1.0262 -0.120065)
(4.42144 1.16894 -0.183912)
(3.43161 0.964117 -0.100504)
(4.4189 1.22883 -0.189873)
(4.4189 1.22883 -0.189873)
(3.63177 0.607612 -0.269281)
(3.59524 0.84848 -0.238871)
(4.28015 0.966482 -0.126864)
(2.59529 0.728318 -0.105361)
(2.59529 0.728318 -0.105361)
(3.9488 0.666257 -0.148254)
(4.37251 1.05517 -0.161547)
(3.24832 0.768177 -0.109048)
(-0.00311038 -0.00566812 5.87155e-05)
(3.70036 0.747332 -0.123491)
(3.9488 0.666257 -0.148254)
(4.05727 0.894312 -0.162031)
(4.02417 0.505148 0.165982)
(3.65688 0.672188 -0.263167)
(3.65688 0.672188 -0.263167)
(4.31617 0.869094 -0.137031)
(-0.0128288 -0.00568132 -4.58265e-05)
(0.259699 0.00740994 -0.00205834)
(2.08532 -0.721096 0.565895)
(2.75177 -0.647137 0.660082)
(3.00027 0.884121 0.127775)
(3.00027 0.884121 0.127775)
(1.75383 0.638748 0.108027)
(3.00027 0.884121 0.127775)
(1.52806 0.64962 0.0570436)
(1.52806 0.64962 0.0570436)
(3.00027 0.884121 0.127775)
(2.40593 0.744917 0.136413)
(2.31499 0.7053 0.100918)
(1.52806 0.64962 0.0570436)
(2.31499 0.7053 0.100918)
(2.31499 0.7053 0.100918)
(0.754602 0.524442 0.146337)
(1.72828 0.587729 0.136313)
(1.72828 0.587729 0.136313)
(0.690239 0.529993 -0.0732649)
(2.36266 0.72975 0.18624)
(0.754602 0.524442 0.146337)
(0.754602 0.524442 0.146337)
(1.64288 0.551259 0.0869992)
(1.64288 0.551259 0.0869992)
(2.61446 0.57671 0.0950169)
(2.46373 0.612404 0.157394)
(0.754602 0.524442 0.146337)
(-0.211977 0.391217 0.204286)
(1.64288 0.551259 0.0869992)
(0.690239 0.529993 -0.0732649)
(-0.211977 0.391217 0.204286)
(1.73392 0.242756 0.00583447)
(1.73392 0.242756 0.00583447)
(2.22166 0.526023 0.167823)
(1.75383 0.638748 0.108027)
(3.03322 0.734819 0.142354)
(0.412316 -0.346663 0.0693082)
(-0.290811 0.283649 -0.104866)
(-0.273383 0.461932 0.15683)
(3.25842 0.755435 0.0966496)
(4.22346 0.88928 0.082089)
(3.86704 1.07905 0.128406)
(4.07215 1.05956 0.104455)
(3.25842 0.755435 0.0966496)
(3.86047 1.04851 0.109282)
(4.07215 1.05956 0.104455)
(3.25842 0.755435 0.0966496)
(3.86704 1.07905 0.128406)
(3.86704 1.07905 0.128406)
(2.6027 0.719061 0.0940078)
(3.80348 1.03488 0.0986571)
(2.6027 0.719061 0.0940078)
(3.95074 0.641682 0.133482)
(3.84316 0.91885 0.139554)
(3.50651 1.0161 0.146322)
(2.96542 0.847662 0.115143)
(4.04945 0.887454 0.163631)
(4.41262 1.13245 0.180415)
(3.41642 0.963361 0.099615)
(3.66058 0.720955 0.271326)
(4.41043 1.23148 0.189202)
(3.25842 0.755435 0.0966496)
(4.04945 0.887454 0.163631)
(3.65653 0.760411 0.263258)
(3.42848 0.985409 0.152147)
(3.66058 0.720955 0.271326)
(3.95074 0.641682 0.133482)
(4.31495 0.872998 0.135977)
(3.57934 0.523442 0.272853)
(4.31495 0.872998 0.135977)
(3.50741 0.404893 0.299046)
(4.21615 0.506628 0.143869)
(3.58391 0.848255 0.238288)
(3.79796 0.222583 -0.418216)
(2.56032 0.571415 0.00779708)
(2.69347 -0.649859 -0.135231)
)


// ************************************************************************* //
