/*--------------------------------*- C++ -*----------------------------------*\
| =========                 |                                                 |
| \\      /  F ield         | OpenFOAM: The Open Source CFD Toolbox           |
|  \\    /   O peration     | Version:  2312                                  |
|   \\  /    A nd           | Website:  www.openfoam.com                      |
|    \\/     M anipulation  |                                                 |
\*---------------------------------------------------------------------------*/
FoamFile
{
    version     2.0;
    format      ascii;
    arch        "LSB;label=32;scalar=64";
    class       volScalarField;
    location    "3.8";
    object      p;
}
// * * * * * * * * * * * * * * * * * * * * * * * * * * * * * * * * * * * * * //

dimensions      [0 2 -2 0 0 0 0];

internalField   nonuniform List<scalar> 
2958
(
-39259.2
-28369.7
21663.1
-62050.8
-34552.2
22758.7
-30999.6
-39673
-10995.1
-43978.1
-37645.4
-31637.9
-42249.2
-31645.5
-42257
-38213.1
-31738
-42035.8
-31643.2
-40863.5
-31298
-31003.2
-31020
-42045.7
-42168
-39970.3
-2126.15
-47438.3
-36340.7
-38078.7
-39794.5
-34938
-31608.3
-11715
-32891.5
-49706.3
-31644.5
-31262.6
-40818.1
-45871.1
-406277
-43351.8
-29695.7
-39005.9
-31636.8
-19853.5
-37198.3
-28784.5
-51813.7
-39074.2
-38727.7
-31906.8
-48280.8
-37668.9
-38832.7
-116898
-42727.1
-43558.9
-39444.4
4729.41
-41776.4
-40824.5
-27200.3
-38145.9
-31651.4
-31646.6
-37692
-28074.1
-22978.7
-44511.2
-30897
-31635.7
-27072.5
-39571.7
-31652.1
-36919.3
-41955.7
-26990.3
-31590.7
-38613.8
-42072.1
-33031.2
-48312.7
-49348.6
-40805.1
-39187.7
-33594.3
-39278.8
-27804.3
-31513.5
-31009.2
-28170.9
-36367.3
-31641.9
-22096.1
-47068.4
-44870.4
-62234
-31646.9
-31641.6
-61806.6
-39451.6
-49659
-30622.8
-31826.5
-33086.3
-31633.1
-52950.8
-31657.8
-40434.3
-98685.8
-38778.5
-31575.9
-42640.6
-31644.6
-31647.3
-39024.4
-38968.7
-31568.6
-39175.3
-45470.1
-31636.8
-36395.8
27551.6
-45599.4
-41156.9
-45010.3
-30789
-39405.3
-31640
-31614.1
-31602.9
-39030.7
-31652.1
-31635.4
-31650.5
-42866.4
-40425.8
-31644.1
-31645.8
-41358.8
-30711.8
-31352.1
-31665.4
-39280.2
-30073.8
-31635
-31639.4
-31382.3
-31638.1
-40900
-45328.4
-43373.4
-32595.8
-41800.4
-31668
-30927.7
-39438.9
-28817.7
-75121.5
-42514.1
-45081.6
-40921.3
-31641.5
-41152.2
-46210.8
-27610.6
-31647.6
-52270.3
9162.12
-35059.5
-31633.5
-31841.4
-31764.2
-31673.3
21343.3
-33380.1
78808.4
-23621.7
-23429.1
-30338.3
-30480
-41526.6
-128499
-28815
-30504.7
-28570.3
-31657.4
-32318.1
-56325.4
-32688.9
-32640.7
74649.3
-47217.9
-23829.4
-35965.1
-27968.2
-36085.4
-38437
-118823
-44931.6
-31651.1
-39314.5
68027.3
-147085
77193.1
-33962.7
75585.7
-33077.8
-54071.8
-31645.3
-31509.9
-31648.6
-29201.1
-31646.3
20713
-38132
-31646.7
-31647.9
-31645.7
-31631.8
-30863.9
-29444.3
-30009.3
-203314
-38531.5
-47817.4
-31648.4
-23668.7
-31108.6
-29248.5
-36627.7
-33940.2
-33926.9
-36226.7
-31629
-31685.7
-39339.4
-31689.2
-9835.52
-31682.6
-10728.1
-54091.9
-47372.2
-40158.4
-128333
-34748
-42591.5
-38231.3
-39423
-46344.8
-41550.1
-39556.6
102673
-61814.9
-21190.6
-38846.1
-32353.6
-39586.8
-32320.2
-38864.7
-31450.3
-34948.4
82266.3
-39107.7
-36995
-41394.2
-39487.6
-33013
-31073.5
-31644.3
-31561.1
-39024.4
-31630.8
-29228.4
-39518.9
-31644.9
-32434.3
-31652.1
-30094.9
-31644.7
-31678.9
-38925.2
-39528.1
-34009.7
-31642.3
-33220
-82427.9
-105729
-37841
-41542.2
-31058.1
-31643.5
-31639.3
-43873.7
64690.3
-31645.2
-38811.1
-31645.8
-42406.6
-41116.9
-34297.3
-32564.4
20871.9
-41542.2
23033
-68008.5
-31440.8
-38780.3
-39162.2
-31655.9
-39075
-38397
-31652
-29759.1
-202204
-35782.2
-30055.9
-32461.3
-39716.4
-32161.3
-33886.5
-39873.7
-24310.4
11186.1
-31081.2
-38790.9
-31646.1
-101164
-377909
-33425.8
-41832.1
-31634.7
-31644
7282.6
-31644.1
74170.9
-139642
76133.5
-31654.6
-39282.4
-31330.7
-33951.8
-33872.2
-31659.2
-29606.5
-31659.7
-38068.3
-42996.5
-41455.7
-46502.6
-42939.6
-39848
-43102.8
-22122.6
-38908.8
-31645.7
-39988.2
-45831.7
-39110.1
-378673
-39584.5
-50190.2
-18917.7
-41040.4
-36381.5
-30268.1
-82364.2
-56433.6
-35383.4
-46258.8
-34829.3
-31645.5
-52565.6
-38734.1
-28668.8
-38724.7
-43714.2
-34499
-32736.9
-41799
-35832.6
-31612.1
-39925.9
-33085.1
-31809.6
-39860.6
-36334.5
-30826.5
-31615.6
-43560.5
-31645.2
-30918.9
-31159.3
-37138.5
150544
-378641
-31645.2
-31640
-34310.9
-39659.1
-38753.8
-29898.4
-60215.8
-38529.7
-39276.2
-25796.9
-39263
-39300.5
-42907.1
-40584.3
-42044.2
-37847.1
-31633.3
-33466.6
-34083.1
-34832.7
-143443
-39051.6
-39057.7
-31637
-28107.2
-29841.4
-25045
-41917.7
-31255.5
-27433.7
-41785.6
-39105.7
-29161.2
-34755.3
-38130.9
-27929.3
-44726.5
-43195.4
-33971
-30117.3
-44174.7
-41422.4
-31651.8
-30866.5
-30959.1
-38849.8
-45452.9
72058.4
-32775.2
-31656.7
-23227.2
-31678.7
-33634.8
-31668.4
-36258.7
-31850.8
-24356.3
-41062.3
-46130.6
-31644.7
-39179
-30146.8
-31645.4
-30649
-62174.6
-42268.4
-40366.8
-38945.3
-30268.6
-17719.1
-36429.4
-38905.9
-30233.8
-40265.1
-31638.2
-41213.5
-18624.5
-38970.5
-30658.7
-36119.2
-33823
11064.6
-37647.6
-42014.2
-25759.9
-31650.7
-30227.3
-27946.4
-39430.5
-40651.4
-36461.3
3144.31
-39098.4
-25162.6
-29670.7
-55055.5
-39347
-31777.3
-38019
-42612.4
-31660.1
-31687.1
-31653.2
-34382.5
-31665.4
-31650.6
-41381.3
-44368.1
-31643.6
-67388
-21057.6
-47133.2
-43607.9
-31605.6
-31643.8
-39380.2
-31646.8
-38597.5
-38613.9
-2331.36
-46012.3
-32034.2
-42116
-31630.5
-32610.6
-39416.8
-17287.5
-38617.5
-38627.4
33502.3
-31429
-37640.3
-47851.6
-37655.1
-31535.2
-28363.1
-31632.6
-35968.1
-30079.7
-31373.8
-30554.8
-41181.5
-37694.4
-39779.9
-38382.1
-31638.9
-38085.6
-31658.6
-35810
-37502.4
-31043.4
-31643.9
88423.3
-31640.8
-31643
-29224.7
-40308.8
438629
-40645.5
-39776.7
-39098.2
-38489.8
-42763.9
-39481
-26752
-38187.1
-39122.1
-39079.8
-38667.7
-31652.4
-38934.1
-8311.97
-38754.7
-40532.2
-39270.3
-31658.4
-31659.5
-31788.9
-3364.68
-31683.7
-38939.9
-31647.7
-40966.7
-30529.7
-29685.4
-36948.5
-18476.9
-41579.6
-31441.9
-31693.5
-31642.3
-29481.8
-41275.2
-31645.1
-31648.9
-39512.8
-43232
-31262.3
-48601.6
-37709.5
-46840.6
-38919
-33389.8
-31635.3
-39564
-31792
-41513.3
-16760.9
-39454
-45608.8
-44810.1
-30191.8
-31644.4
-38606.5
-38777.9
-31653
-31644.9
-37630.7
-43735.4
-27561.6
-29117.3
-31636.6
-13176.1
-38666
-57903.9
-39789.6
-30137.2
-39965.1
-31617.3
-36785.8
-39465.9
-38442.9
-31646.6
-44878.2
-31647.1
-31977.7
-31645.8
-36938
-38398.5
-31849.3
-23005.9
-40869.7
-24711.5
-31655.2
-40139.1
-45950.2
-31840.2
-38922.8
-45697.5
-31938.4
-31605.9
-38298.5
-31643.4
-31657
-45657.7
-46482.6
16733.7
-40836.6
-31181.8
-29005
-30108.6
-60203.1
-33200
-34675.2
-30106.4
-31628.5
-31657
-33381.1
-31652.5
-30440.7
-31676.2
-39607.6
-36748.8
-35445.1
-32091.1
-146846
-109604
105405
-23556
-38881.6
-102096
-31608.7
-31643.7
-34081.6
-40456.1
-31643
-28504.1
-31653.4
-31295.9
-29735.4
-38631.3
-40513.4
-30403.3
-33093.8
-19294.1
-41277.7
-41542.9
-39237.2
-30834.2
-42206.4
-40545.5
-39240.7
-31583.9
-31648.4
-40899.3
-38412.6
-45651.7
-40638.5
-37140.6
-34870.3
-75662.8
-43659
-33818.9
-36739.4
-31873.8
-32131.3
-39185.7
-42902
-43344.3
-45502.7
-38947.1
-39397.9
-33911.9
-24018.2
-31604.4
-31224.8
-41039.3
-31654.5
-19181.6
-31650.3
-175606
-29018.9
-31613.6
-42413.9
-98592.2
-48589.3
-27772.4
-28185.8
-46853.7
-39983.7
-39004.2
-31302.8
-27512.6
-39246.7
-31704.1
-160764
-40063.1
-39243.4
-30821.3
-45988
-28019.8
87858.4
-48157.2
-62673.3
-30569.4
-31637.4
-85038.2
82422.3
71362.1
-38696.1
-40691.3
-45623.6
-35601.4
-31646.8
-31646.1
-31643.9
-45436.1
-30280.3
-31646.9
-39154.3
-31646.9
-45669.8
-31537
-31711.9
-22641.1
76848.7
-41670.8
-31646.8
-31649.1
-44449.6
-41068.9
-31640.2
-31645.1
-29539.3
-31645.2
-60937.2
-41267.1
-31814
-31228.8
-39224
-31626.3
-28554.3
-39113.5
-39318.9
-44703.1
-39035.3
-40343.1
-23715.7
-34115.2
-30830.5
-38324.4
-39298.1
-40610.4
-23258.4
-31672
-41568
-52968.2
-39190.5
-44334.8
-40245.8
-36111
-28525.8
-42945.9
-32677.8
-31500.6
-41956
-31649
-36347.8
-42840.4
-35147
-39203.3
-13334.1
-73805.7
-42364.5
-38183.8
-41905.3
-58720.6
-38475.9
-22843.3
-37927.3
-41542.6
-23166.2
-44217.9
-27159.7
-39233.7
-39333.4
-99343.7
-39217.7
-28819
-48976.8
-31646.7
-70404.2
-37355.8
-43743.1
-40082.7
-31657.6
-31250.9
-31634.4
-37710.2
-39971.6
-26332.6
-39391
-40937.8
-39179.3
-40208.9
-44626.2
-9853.78
-29917.2
-46607
-30451.4
-31659.8
-42791.4
-46768.1
-33058.7
-12739.9
-42438.7
-38368.4
-54141.6
-26232.6
-36915.5
-38572.7
-31692.3
-36388.6
-45159.7
-31642
-28186.5
-113810
-68278.1
438504
-35270.2
-31644.7
-31255.4
-38332.3
-31645.1
-31645.1
-31643.5
-36345.9
-39217.8
-38645.4
-31035.9
-23353.7
-38374.7
-30536.1
-106815
-38938.6
-31705.5
-31647
-29972.3
-44662.2
-38493.8
-42469.1
-31599.9
-45668.9
-25014.5
-160312
-31647.8
-39168.7
-29319.7
-31848.2
-30633.9
-3202.7
-34327.7
-31618
-42145.9
-31218.7
-38000.4
-35401.2
-45048.8
-36368.8
-43973.1
-31695
-30456.4
-37746.6
-35211.7
-33759.4
-49381.4
-38847.1
-37587.8
-32986.4
66605.1
-36578.5
-34468.6
-28690.1
-27393
-46055.9
-28393.5
-35417.4
-38067.8
-27005.6
-38850.9
-31887.7
-37467
-31305.7
-39593.1
-29032.7
-31646.4
-39072.5
-33357.8
-34760.3
-45336.3
-43124.7
-44628.6
-30293
-44093.5
-28831.8
-38907.4
-91526.8
-40570.7
-30610.8
-39022.7
-36379.9
-29574.1
-31642.2
-31649.1
-34584.7
-32127.4
103042
-31642.9
-41217.9
-46894
-24252.5
-39167.1
-45640.3
-31823.2
-39483.1
-70535.6
-31646.9
-41618
-31644.8
-39918.1
88670
-40797.2
-93153.7
-31704.9
-42152.5
-31638.4
-33027.6
-42786.4
-35199.7
-38208.8
-39592.1
-22042.1
-21102.7
-25354
-39556.9
-39050.5
6101.17
-37824.7
-39217.8
-42484.5
-33082.1
-29261.2
-28189.2
-29885.7
-25165.2
107157
-39542.3
-29854.1
-42818.7
-39321.7
-39262.3
-30990.4
-31359.2
-377106
-33476.5
-31666.4
-101270
-36933.3
-39123.6
-31647
-48518.3
-41221.5
-28388.2
-38671
-43710.2
-102442
-48284.8
-13798.3
-30966.3
-38631.8
-39469.1
-25701.3
-59124.7
-31637.2
-26296.3
-29315.9
-39085.1
-31648.1
-31645.1
-41040.9
-31641.3
-31652.5
-32709.1
-38845.7
-33627
-31673.5
-31652
-36502.9
-31064.8
-38871.7
-39943.8
-45473.1
-31643.4
-40679.6
-38642.9
-37774.8
-34332.8
-30876.9
-49774.9
-31647.1
-38644.1
-31652.4
-31654.5
-31646.5
-44756.4
-39229.6
-30815.3
-39380.8
-42391.1
-1532.24
-39202.9
-47598.1
-33831.3
-31652
-29617.2
-31672
-116678
-83268.7
-31653.9
-45812.3
-43353.7
-51677.5
-28482.9
-46187.5
-39405.6
-32967.9
-36187
-44824.3
-31565.9
-37508
-27022.7
-41234.1
-41037.9
-43363
-41372.5
-18767.6
-40483.8
-43913
-31637.7
-376491
-32862.7
-45325
107840
-41156
-25892.9
-31722.9
-31657.7
-21704.1
-41175.6
-30856.4
-31654.1
-58477.4
-31637.8
-31645.1
-31641.8
-31644.8
-28911.4
-26006.7
60946.6
-41791.1
-32431.9
-35747.2
-33240.1
-31394.9
-28999
-32611.1
-43085.7
-37929.9
-37016.2
-38141.5
-29774.9
-32621.3
-32504.8
-31647.2
-38264.9
-42892.5
-29174.2
-44642.9
-46672.2
-48274.5
-38605.6
-31647.6
-31635.7
-41019.3
-31252
-39154.7
-43076.6
-39771.4
-45352.9
-43857.4
-39291
26963.3
-21239
-31692.3
-46662.6
-42511.2
-115459
-59890.8
-36353.1
-39937.3
-44411.4
-38783.7
-31651.9
-85713.7
-109077
-44100.9
-29619.7
-39249.7
-38680.7
-30093.4
-38586.9
-24005.8
-28688.2
-31648.9
-39196.4
-24158.5
-42601.6
-31654.6
-31683.1
-38542.7
-38731.2
-41122.4
-39530
-50234.5
235610
-31642
-42542
-38231.4
-31540.8
-41927.5
-31586.5
-39210.4
-24623.3
-31642.1
-41781
178751
-40759.5
-39880.6
-41132.5
-31612.5
-38721.4
-31659.5
-38491.5
-47144.6
-101650
-38057.9
-31348.8
-15917.3
-39616.4
-108434
-31647
-30764.2
-36204.8
-39589.8
-31049.9
-42279.8
-39392.9
-39358.1
-43441.6
-37628
-36578.7
-38562.5
-44911
-31655
-48351.8
-38329.8
-41301.3
-39216.8
-38507.2
-34252.2
-32084
-31636.6
-38159.4
-26391.8
-31645.6
-38897.9
-31369.1
-43670
-31682
-32598.8
-30334
-44388.5
-27651.9
-44864.8
-31509.1
-30855.8
-38406.3
-37739.3
-43914.7
-30779
-39263.8
-41826
-31652.7
-31648.1
-29348.7
-28445.9
-31649.2
-31264.3
-18245.3
-39679.5
-26069.6
-30950.7
-48482.1
23684.7
-39150.8
-38648.8
-26072.7
-33827.4
-39516.7
-43688.1
-40879.8
-37795.6
-30080.5
-43457
-34442
-38363.9
-37600.7
-42857.1
-27965.8
-31620.4
-53709.6
-40609.4
-26264.2
-39208.5
-103723
-32657.7
-33618
-35615
-39559.5
-49327.4
-33770.6
-39944.4
-31750.9
-32252.3
-39178.9
-31645.9
-38328.5
-39324
-39297.1
-38431.5
-40808.1
-41707
-36750.5
-32733.2
-38346.8
-39209.2
-34478.5
-38868.5
-41357.9
-62716.3
-42212.8
-33318.5
-31654.6
-59744.1
-20864.6
-31649.2
-38510.2
-40211.3
-28922.4
-41220.1
-47350.3
-39436.2
-26942.3
-31614.2
-40304.9
-37807
-36265.5
-173558
-39000.1
-37699.2
-37612.8
21553.1
-26395.8
-31556.9
153704
-31636.5
-47082.9
-31640
151855
-31651.9
-39769
232800
-28375.4
-31653.3
-43851
-31645.3
-31594.6
-41692.1
-31645.1
11411.4
-31426.3
-39062.3
-31650.4
-47254.7
-59175.4
-38833.6
-31651.1
-38532.1
-33307.9
166196
-31643.6
-28846.2
-31636.1
-48687.2
-31644.1
-47216.7
164867
-31649.1
-89466.1
-62724.8
-39860.2
-34742.5
-33529.9
-32653.6
105922
-31639.4
-44634.6
-31628.3
-31242.3
-30556
-39134.4
-31624.9
-45208.9
-31603.6
-43893.1
-39525.9
-28020.4
-29439.5
-39555.3
-128474
-30505.2
-39915.7
-33109.3
-31653.6
-31654.9
-41220.2
23192.5
-44239.2
-21930.4
-39662.5
-31597.9
-31638.1
-23653.1
-23932.8
-41237.2
-35974.3
-40223.3
-32342.5
-29951.5
-30904.6
-31645.4
-31645
-24527.6
-8770.43
53840.8
-36519.3
-36218
-44297.5
-41579.1
-44081.5
-47942.7
-47258.7
-31647.8
-42859.3
-38393.6
-39132.6
-31862.2
237374
-31652.3
-39133.7
-40462.2
-39920.8
-31654.9
-40444.2
-36338.8
-43502.8
-31655.4
-43516.8
-117136
-31647.2
-31591.1
-31647.5
-31645.6
-31645.6
-31644.6
28979.1
-40621.1
-42709.1
-43544.4
-44673.4
-31325.5
-30752.8
-38728.7
-31651.7
-31629.5
-42811.9
-36591.2
-31647.5
-38223.4
-35461.9
-31661.5
-41284.3
-44630
-35562.8
-18330.7
-32332.4
-27512.1
-32498.5
-78751.4
-39210.9
-33488
-40942.4
-31652.4
-31773
-30624.2
-37708.2
-31629.6
-44666
-45377.9
-39306.7
-31642.2
-40960
-40585.6
-29242.5
-41209.9
-27111.5
-39523.9
-31643.3
-38976.3
-35699.5
-39659.2
-31850.5
-26894
-43439.8
-31654.1
-39525.7
-41167
-38727.6
-44481.9
-39026.5
109175
45238.6
-23828.7
54014.8
-38290.6
-41373.4
-38194.4
-31304.4
-39165.9
-33643.8
-38362.4
-38961.7
-36169.4
-31426.5
-31646.4
-34099
-31719.3
-31431.6
-38726.1
530561
-30390.1
-27491.2
-32780.2
-31761.7
-33079.8
51311.1
-23922.6
-25723.6
-38839.5
-31644.5
-41811.5
-38198
-19189.6
437190
-31563.8
-31645.2
-26569.6
530610
-39460.4
-40370.8
-42657.7
-31638
-38930.3
-32731.3
-40288.8
-175040
-39484.4
-31642.9
-39465.6
-31635.5
-31008.9
-33600.1
-11616.7
-38390.5
-38770.9
-38863.1
-31646.7
-42964.5
-35625.3
-47991.7
-36868.9
-116079
-36653.6
-36027.8
-39062.5
-43150.3
-47374.5
-30161.4
-39296.3
-31307.5
-39963.5
-31643.7
-27721.2
-17728.7
-40953.7
-24193.6
-27591.5
-23574.4
-30658.5
7029.82
-27964.5
-38319.9
-39228.6
-27130.7
-39182.4
-31652.7
-31637.8
-31646.2
-31827.5
-41119.1
-31645
-31652.3
-39917.2
-62119.9
-31647.3
-121350
-41358.7
-31580.3
-38363.4
-48285.8
-42416.5
-195084
-39471
-47919.5
-26093.5
-32510.4
-29781.4
74719.6
-38268.2
-33221.5
-31601
-43051.8
-39055.3
-38838.2
-39478.9
-39476.1
-31645.6
-31746.2
-40956.9
-31635
-31651.3
-185322
-18904.1
-31644.6
-38921.2
-31640.2
-39767.8
-43974.1
-31655
-39184.3
-34595.4
-40424.1
-34105.4
-46231.3
-8920.05
-8938.65
-31377.1
-30790
-38970.7
-41237.4
-39208.7
-45959.7
-31647.6
-31070
-31652.8
-32919.4
26786.3
-37421.1
-38178.1
-31773.1
-31033.7
-32841.1
-28581.3
-31647.6
-31647.5
-31648
-31639.3
-31638.8
-31638.2
-34887.6
-36135
-182278
-166953
-181487
-220584
-30893.5
-21284.7
-22300.1
-33186.9
-18572.6
-26957.9
-23211.6
-28734.7
-14299.8
-14299.2
-26424.1
-41993.8
526237
-48875.7
-83205.3
-77807.2
-80245.6
-62505.2
-52208.3
-74572.3
-61949.2
-39505.4
-43359.8
-54792
-63705.6
-29351.5
-31700.8
-28633
-31675.5
-43395.3
-29230.3
-31682.9
-31705.6
-31661.3
-31700.3
-31676.1
-31636.5
-31628.3
-31646.5
-31644.8
-31650.7
-31645.9
-31654.5
-31656.9
-31657
-31654.4
-31689.3
-31692.5
-31677.8
-31679.4
-31416.2
-31695.2
-31459.8
-31441.2
-31695.2
-30808.2
-30818.1
-164395
-179302
-49113.4
-66311.6
-132645
-121943
-39368.5
-37674.5
-40569.7
-40998.6
-40413.1
-39459
-40875
-40881.7
-40011.9
-40870.3
-37659.3
-42506.4
-42299.9
-37661.4
-38609.1
-39048.2
-39207.1
-39100.1
-39023.2
-38907.3
-39066.8
-39133.8
-39478.4
-39321.4
-39469.3
-39589.2
-39723.8
-39934.9
-39452
-41304.8
-41185.9
-40961.1
-41584.1
-42891.3
-41932.1
-40725.9
-44105.6
-44977
-43690.5
-44266.4
-44892.2
-44359.6
-45225
-45415.4
-45433.4
-46276.8
-46168.7
-45712.8
-47411.6
-46661.6
-48228.4
-40857.8
-39074.2
-40277.9
-42985.8
-32986.2
-32498.2
-33155.6
-10557.1
-11151.3
-11235.5
25799.1
26686.2
25507.7
-2173.91
69176.7
27444.8
92415.1
105324
94235.1
-25861.8
63768.4
74615.3
97951.4
97067
16572.5
12954.4
3970.48
-14683.2
-8158.16
-15242.7
-15735.3
-7415.04
-16125.9
-35812.7
-32622.3
-30377.5
-21559.5
-26419.7
-23603.4
-22200.7
-32777.8
-19143.5
-32864.5
-29464.7
-35986.3
-35380.7
-28817.2
-28622.5
-30914.5
-27844.8
-25731.7
-16674.7
-47156.2
-48124.4
-64590.3
-43108.7
-45156.1
-46466.8
-43464.4
-45919.6
-89891.5
-78632.5
-74826.7
-39477.2
-45665.1
-43132.8
-39006.1
-47923.3
-42005.2
-38897.8
-375501
-378850
-150658
-379079
-376070
-163419
-376249
-661031
428370
-650712
344918
271494
-121332
-460438
-295133
-320657
-44834.5
-253887
-252338
-65567.4
-109252
-119805
-28745.7
-24767.9
-28115
-29317.9
-28426.7
-30404.3
-29542.3
-28604.2
-31012.2
-30384.9
-29605.5
-39284.1
-38079.7
-41497.8
-40441.7
-39657.5
-40091.5
-39584.6
-39400.1
-39437.6
-39379.8
-39281.9
-39147.1
-39272.9
-39246.1
-39349.4
-39447.2
-39365
-38979.1
-39069.4
-39040.1
-39588.8
-39603.7
-31594.2
-31618.3
-31695.3
-31488.8
-31390.8
-31370.8
-31254.2
-31330.7
-31382.7
-31417.2
-31379.7
-31604.6
-31600.6
-31587.5
-31617.5
-31547.7
-31594
-31616.3
-31542.6
-31676.5
-31671.4
-31620.4
-31670.1
-31662.4
-31646.2
-31672
-31611.1
-31607.3
-31668.3
-31649.8
-31651.1
-31646.2
-31651.9
-31652.6
-31652.6
-43451.1
-31648.3
-31649.7
-31648.1
-31647.9
-31651.5
-31648.5
-31647.2
-31651.7
-31644.6
-31677
-31428.1
-31699.5
-31407.1
-30854.6
-30853
-31608.4
-31391.2
-39152.8
-38905.9
-39063.1
-39385.1
-39495.3
-41823.1
-45685.8
-46326.6
-36142.5
-85340.2
-40223.3
-31235.7
-10483.3
-1224.47
-10107.1
114589
109307
98440.1
60473.3
-12560.5
-49921.6
-38239.6
-27378
-26784.4
-18689.6
34023
-29377
-126423
-50808.9
-66088.1
-43648.2
-44798
-45166.7
-48650.7
-39869.3
-71231.5
-38980.3
-376986
-379164
-379451
-641664
-147036
-252981
-82047.2
-104877
-70095.4
-29678.6
-28479.5
-29626.8
-29910
-28880.3
-29140.5
-40408.3
-39520.4
-39137.7
-39186.7
-39599.3
-39411.6
-39480.4
-40246.6
-39363.2
-39076.9
-39198.2
-39024.1
-31536.5
-31193.3
-31388.3
-31634
-31617.3
-31584.7
-31620.3
-31545.3
-31618.5
-31680.3
-31690.3
-31694.3
-31656
-31402
-31646.4
-31652.3
-31652.2
-31650.3
-31651.7
-31655.3
-31647.4
-31651.3
-31648.6
-31645.6
-31641.9
-31641.5
-31642.3
-31642.3
-31642.4
-31642.8
-31643.3
-31643.8
-31649.7
-31646.1
-31644.3
-31645.4
-31644.3
-31645.2
-31645.1
-31644.1
-31648.7
-31648.5
-31648.9
-31649.3
-31647.2
-31647.6
-31652.9
-31647.2
-31644.3
-31682.7
-31676.9
-31665.7
-31663.9
-31663.2
-31608
-31595.7
-31448.5
-40354.4
-40708.8
-41562.3
-41049.2
-41209.6
-63557
-50923.9
-52074.4
-57875.3
-113116
-95934.7
-107231
-49623.8
-116145
-38409.3
-37603.2
-38073.3
-38803.7
-38822.4
-38635.9
-38443.6
-39247.3
-38793.9
-39298.2
-39378.4
-38832.4
-39154.1
-39722
-39482.2
-39812.1
-39618.5
-39662.8
-39899.9
-39958.4
-40018.4
-39894.1
-39776.9
-40466.5
-40350.2
-40759.9
-40883.2
-39444.1
-40644.3
-40404
-40826.8
-41003.1
-40767.7
-41503.9
-41657.5
-41727.2
-42015.9
-42048.6
-42031.4
-42339.3
-42348.5
-42463
-43420.3
-42614.2
-42177.2
-44694.7
-42823.5
-44242.1
-43611.7
-43995.8
-43129.5
-25000.9
-20921.2
-22405.9
-19617.2
-20544
-11261.3
-23738.6
-21549
-23303
-24097.9
-32358.1
-18544.6
-17837
-31949.9
-24653
41148.1
-18202.7
-59841.6
-44521.1
-61582.8
-40552.6
-50577.7
-41989
-36799.6
-7814.31
-32332.5
-35319
-32574.1
-33483.4
-35384.8
-34702.5
-36543.5
-35831.1
-36343.3
-33543.8
-32165.3
-30302.9
-30725.1
-29955.9
-34047.6
-30163.1
-29796.7
-30180.6
-31713.6
-30889.4
-29374.9
-27857.1
-33065.3
-25781.4
-27085
-26114
-28086
-25306.7
-39989.8
-60410.8
-44668.5
-52245.4
-86186.2
-63889.9
-63597.9
-59788.2
-48853.9
-46660.2
-48473.2
-47432.2
-47234.7
-50323.2
-44727.8
-45534.4
-42864.3
-50517.5
-43977
-50753.8
-55308.5
-51694.8
-63551
-32997.1
-50244.8
-383682
-145861
-39786.7
-142338
-175038
-69489.4
-113743
-39779.1
-174957
-78391.3
-68983.1
-81953.7
-56159.7
-57576.1
-46591.3
-72257.1
-41918.8
-41094.8
-37317.1
-38364.6
-37169
-36260.6
-36206.5
-36033.2
-36137.1
-36403.3
-36617.9
-36247.9
-36411.2
-36603.6
-36219.2
-36968
-36659.5
-36991
-38116.4
-37781.9
-38617.2
-37801.9
-38013.6
-38319.3
-38574.1
-38344.9
-38205
-38347.3
-38460.7
-38543.9
-38453.9
-38896.2
-38682
-39746.3
-38587.3
-38446.8
-38643.2
-32226.5
-31205.8
-32257.9
-31709.7
-31734.4
-31719.9
-31710.9
-31714.3
-31710.4
-31654.9
-31597.7
-31591.2
-31654.7
-39818.3
-31641.9
-31626.7
-31651.7
-31647.6
-31646.3
-31646.5
-31647.3
-30202.3
-31647.9
-31647.2
-31647
-31648.6
-31644.5
-31643.8
-31654.2
-31644.8
-31645.3
-31641.8
-31647.1
-31648
-86365.4
-26878.8
-27523.9
-42118.9
-41754
-41302.8
-31645.5
-31645.2
-31646
-31645.7
-31642
-31644.3
-31645
-31644
-31643.8
-31644.2
-31645.8
-31645.5
-31645.1
-31644.7
-31644.4
-31646.2
-31645.7
-31644.1
-31647.1
-43546.3
-31647.5
-31647.8
-31647.7
-31658.5
-31664.1
-31661.5
-31651.5
-31683.2
-31250.2
-31570.5
-48525.8
-40113.3
-40834
-40998.9
-40874.2
-40870.1
-40895
-41149.6
-41695.2
-49995.1
-59340
-43373.1
-45018.9
-39900.4
-43283
-46378.6
-38579.4
-37955.9
-38158.7
-38822.5
-38901.9
-39068.4
-39045.7
-39098.3
-38430.3
-38947.4
-38205.5
-39280.5
-39173.9
-38878.2
-38837.4
-38995.4
-38849.9
-38614.3
-38790.4
-38802.6
-38817
-38757.9
-38876.6
-39135.2
-38649
-38811.3
-38756.4
-39128
-38809.8
-38679.7
-39018.2
-38425.1
-38855.3
-38985
-40902.6
-39146.6
-38692.4
-38936.1
-43714.1
-41024.4
-39233.5
-39199.6
-39253.2
-39219.4
-39244.6
-39333.9
-39207.2
-38989
-42516
-45325.2
-40329.9
-43610.1
-30437.3
-31204.7
-43375.4
-43928.7
-44251.8
-31843
-44780.2
-33175.8
-28857.6
-23176.5
-26137.3
-23025
-12348.9
-21329.1
-27084.8
-26647.4
-26893.8
-26305.2
-27021.8
-29397.2
-29028.6
-28855.7
-31005.9
-30362.4
-27476.4
-28034.7
-31541.6
-22587.5
-28954.7
39550.1
-23173.2
-21709.9
24202.8
-5336.87
-36582.2
-36382.7
-34532.6
-35756.5
-25032.4
-35011.2
-33011.2
-36196.5
-36968
-34718.8
-37266.3
-32186.5
-35331.4
-36633.4
-33282.6
-34401.6
-36244.3
-35970.9
-26316.6
-28946.7
-26898.4
-33688.2
-32537.3
-32292.8
-32599.5
-30627.8
-30639
-30854.6
-30334.1
-30974.5
-30659.1
-32556.9
-32004.9
-30135.2
-30639.5
-29979.9
-30546
-30165.7
-30369.4
-29199.8
-29427
-29149.6
-28264.8
-28420.3
-28555.3
-39345.9
-25366
-56376.8
-37550.3
-43361
-43489
-42317
-43832
-51370
-42998
-43352.3
-47826.2
-43757
-44128.5
-43795.8
-43393.7
-41941.9
-45333.5
-47123.1
-44086.2
-44568.9
-42857.6
-35956.7
-61926.4
-60420.8
-62722.3
-70333.5
-53357
-65966
-46718.9
-46792.4
-46220.2
-46536
-44884.2
-43853
-43535.9
-45370.7
-42814.8
-41666.5
-43191.1
-40347.4
-35595.2
-38418.7
-39994.4
-38320.6
-35854.9
-36131
-37577.5
-37592.3
-36171.4
-37596.1
-37675.3
-37577.3
-37714.6
-37963.1
-37650.8
-36438.8
-37659.9
-37906.6
-37705.6
-37949.2
-37767.5
-38066.4
-37946
-38645.8
-38548.2
-43858.6
-38050.7
-37764.6
-38177.7
-38223.8
-38399.8
-38370.5
-38247.7
-38243.8
-38392.3
-38254.2
-38490.1
-38531.8
-38691.6
-38680.3
-38721
-38466.9
-38623.3
-38607.3
-38775.9
-38899.7
-38432.7
-38390.3
-31617.4
-45646.7
-31570.4
-31525.6
-31687.8
-31602.1
-31708.5
-31558.5
-31637.4
-31647.1
-31637.4
-31583.4
-31649.8
-31659.7
-31650.3
-31646.1
-31644.2
-31644.9
-31645.1
-31645.4
-31649
-31645.8
-31647.9
-31645.8
-31648
-31645
-31644.4
-31647.1
-31643.9
-31654.6
-31642.3
-31645.8
-31645.1
-31642.6
-44710.6
-43328.1
-27061.3
-26994.4
-26801.2
-26907.8
-27963.5
-27970.7
-28003.7
-41397.3
-41118.9
-30354.4
-40761.1
-41213.1
-46328.7
-40425.9
-42402.1
-41752.2
-31642.8
-31644.4
-31645.1
-31643.7
-31655.4
-31623.7
-31651.1
-31606.1
-30407.2
-31320.4
-31014.7
-30989.9
-24355.3
-31645.3
-31644.5
-31643.5
-31643.5
-31638.8
-31646.5
-31644.5
-31645
-31642.2
-31643.7
-31645.4
-31644.6
-31643.4
-31640.9
-31647.7
-31648.4
-31659.3
-41229.7
-41902
-41062.2
-42095.3
-43861.3
-42965.6
-43685.8
-44338.8
-39090.1
-41156
-40104.4
-38780.9
-38926.8
-39057.7
-39031.1
-39022.4
-38914.5
-38620.9
-38918.8
-38145.7
-38163.7
-38886.4
-38775.6
-38596.9
-38835.2
-37804.7
-37932.6
-37275.3
-38329.8
-38012.4
-38404.1
-37419.6
-39186.3
-37675.7
-37544.3
-39605.1
-38658.4
-40126.1
-31643.8
-31644
-43800.1
-43828
-43858.9
-43592.7
-41915.4
-39311.1
-30521.3
-31093.6
-31223.1
-27512.6
-27364.5
-26841.8
-23238.3
-26912.9
-27233.1
-29097.6
-29031.1
-28691.4
-28647.8
-30241.8
-27931.7
-30210.3
-34334.7
-33239.4
-32410
-33060
-35574.1
-33535.5
-33969.4
-33979.1
-32597.8
-32639.7
-31394.7
-31770.6
-32670.4
-42329.5
-42956.8
-43735.9
-32183.3
-31196.8
-31075.4
-33087.9
-30322.4
-30088.3
-29427
-44348
-44795.2
-44134.4
-43747.5
-44061.6
-48440.7
-44424.6
-42093.5
-31664.9
-31642.6
-31656.2
-31653.4
-31649.7
-31648.8
-31646.7
-31645.3
-31648
-31645.8
-31645.6
-31647.6
-31647.4
-31644.2
-31643.1
-28321.6
-44008.5
-44700.1
-44841.7
-41629.7
-31642.4
-44956.1
-54490.8
-31589.8
-45505.9
-33162.6
-32644.7
-31646.7
-31648.6
-32747.4
-29927.5
-30597.7
-30943.8
-40991
-44804.4
-45985.6
-42841
-68436.8
-59114.6
-38910.3
-38632.5
-38495.5
-31703
-31685.9
-31667.2
-31651.2
-31648.2
-31651.2
-50696
-42037.6
-31647.2
-31647.8
-31648.1
-39500.2
-38759.8
-31645
-40612
-40628.7
-26191.2
-30482.8
-29069.8
-35464.1
-26142.4
-42048.1
-44612
-27276.3
-32220
-26356.2
-43479.7
-44506.2
-44178
-42739.5
-40877
-38231.2
-38281.3
-38755.8
-31646.1
-31641.3
-31645.8
-31646.6
-31645.4
-44019.3
-43464.4
-31649
-42550.2
-37794.4
-37815.3
-31645.3
-38356.4
-44615.7
-29763.4
-29117.2
-31645.4
-31643.9
-42996.4
-31638.7
-31637.8
-143763
-21867.4
-14489.7
-31643.5
-61308.2
-49819.5
-56935.4
-31645.2
-31674
-28207.8
-31696.9
-31685
-40737.3
-31645.3
-38929.2
-31644.3
-45833.9
-10415
50165.2
51495.4
-25037.3
-51186.2
-43024
-43486.1
-39116.6
-214729
-28303.2
-38531.8
-40033.2
-38345
-38243.7
-39310.9
-39206.6
-39462.4
-38981.1
-31587.4
-37586.5
-31374.3
-31390.8
-31351.7
-31570.9
-37663.5
-31607.7
-37650.4
-31651.9
-31636.4
-31378.9
-31672.9
-31652.2
-31400.4
-31649
-64507.6
-44366.2
-44798.3
-38507.6
-39057.7
-31608.4
-31717.2
-31652.9
-43526.4
-31648.9
-31657
-31686.1
-38894.4
-41258.4
-41384.5
-26275.7
-31261.2
-23638.2
-48170.2
-41398
-42958.2
-63966.7
-46112.6
-36382.3
-38679.4
-38482.3
-32288.6
-31722.8
-31635.7
-31610.3
-31648.5
-44094.5
-31645.1
-31648.7
-41841.3
-31644.1
-44721.9
-31644.8
-31647.1
-38704.2
-43699.3
-38860.5
-39026
-39065.9
-40339.1
-41732.8
-40086.6
-30183.2
-26272.2
-23618.6
-31643.6
-31643.2
-31643.4
-31644.5
-43044.2
-44553.3
-44159.1
-43770.1
)
;

boundaryField
{
    Wall
    {
        type            zeroGradient;
    }
    Inlet
    {
        type            zeroGradient;
    }
    Outlet
    {
        type            fixedValue;
        value           uniform 0;
    }
    Empty
    {
        type            empty;
    }
}


// ************************************************************************* //
