/*--------------------------------*- C++ -*----------------------------------*\
| =========                 |                                                 |
| \\      /  F ield         | OpenFOAM: The Open Source CFD Toolbox           |
|  \\    /   O peration     | Version:  2312                                  |
|   \\  /    A nd           | Website:  www.openfoam.com                      |
|    \\/     M anipulation  |                                                 |
\*---------------------------------------------------------------------------*/
FoamFile
{
    version     2.0;
    format      ascii;
    arch        "LSB;label=32;scalar=64";
    class       volScalarField;
    location    "4.9";
    object      p;
}
// * * * * * * * * * * * * * * * * * * * * * * * * * * * * * * * * * * * * * //

dimensions      [0 2 -2 0 0 0 0];

internalField   nonuniform List<scalar> 
2958
(
-21412.4
-19684.2
297413
-44358.9
-43967.6
292044
-13077.6
-21335.7
54486.8
-28092
-19777.6
-13856.1
-25897.5
-13864.4
-21282.8
-20948.8
-39064.2
-25980.6
-13868.7
-24210.1
-12994.4
-35639.4
-10456.6
-45440.9
-25879.9
-23063.9
-35286.7
-44230.1
-22712.8
-20313.6
-22946.5
-23355.7
-11051.6
23320.7
-17657.9
-23387.4
-13864.3
-12908
-23986.2
-28849
23917.9
-26504.5
-11558.7
-22128.3
-13855.1
79449
-19238.6
-13074.9
-34132.5
-61124
-20838.9
-28810.8
-47459.8
-19399.9
-21046.4
-27389.5
-37655.9
-34263.2
-22114.7
30748.3
-24209
-23461.5
-15007.5
-20430.6
-13868.1
-13865.4
-19491.5
-30571.9
36611.1
-32012.2
-50658.6
-13854.7
408208
-22309.1
-13794.1
-18466.2
-24541.2
-14788.6
-13807.5
-20691.3
-25814.2
-62992.5
-46668.9
-47458.4
-23170.6
-20894.2
-62394.3
-20970.8
-29697.6
-15605
-16569.6
-35449.5
-18070.5
-13870.6
-49345.4
-9642.34
-27077.1
-45929.9
-13866.5
-13860.5
-43522.6
-22134.2
-10779.6
-28933.7
-16802.7
-19307.5
-13852
-34825.1
-13882.4
-11588.5
-81528.1
-20882.9
-13530.3
-26421.1
-13863.4
-13859.6
-20704.2
-21123.5
-62923
-21598.2
-26678
-13855.2
-18146.8
-40380.5
-29003.9
-23807.8
-27956.6
-16864
-21675.7
-13866.8
-13710.2
-13830.1
-21218.5
-13867.9
-13835.4
-13867.3
-27293
-22745
-13863.4
-13865.3
-23671.2
34296.1
-13121.6
-13879.2
-21981.4
-50128.3
-13757
-13858.6
-39104.7
-13858.4
-24155.1
-27580.4
-28616.4
-19230.8
-29437.1
-13917.4
-13805.7
-21615.3
-14658
-69570
-30672.5
-30066.3
-27115.4
-13860.5
-19734.1
-34200.1
-75.0081
-13857.9
-29713.3
210401
-9946.74
-13852.4
-14992.5
-19541.4
-13908.1
224858
-98400.2
-9934.05
-16082.7
35390.4
-36914.7
-12985.6
-25198.1
-110759
-14986.4
-51088.4
-9285.59
-13882.8
-43396.6
-37857.4
-42595.3
-33963
37588.1
-31883.8
-28676.1
-22356.4
-21590.2
-9059.43
-20842.5
-35666.6
-31432.2
-13867
-21473.6
-20083.2
-26467.8
-88111.8
-24647.4
-90052.8
-59628.1
-36402.3
-13864.3
-15565
-13854.5
-12602.6
-13861.2
47448.4
-20491.1
-13867.3
-13867.5
-13864.2
-13832.6
-17462
-14525.8
-56596
-186370
-20731
-44771.3
-13868.2
-13218.2
65184.5
-6946.75
-27631.7
-37599.5
-52619.6
-22626.5
-13826.5
-13891.8
-21780.3
-13897
7282.47
-13920.1
6395.16
-36982.9
-44219.9
-23395.8
-7420.76
-10601.3
-26330.7
-20145.5
-22655
-31847.4
-22873.1
-22017.2
-288115
-43992.9
-31836.3
-20853.2
-38770.8
-23918.8
-37386.7
-21187.5
-13536.3
-40791.4
35590.7
-30278.2
-19050.2
-23081.9
-23105.3
-29114.1
-11931.8
-13863.7
-55799.4
-21109.9
-13851.3
-10193.2
-23050.3
-13879.5
-53706.6
-13864.1
-15045.6
-13863.5
-14003.7
-30185.1
-21196.4
26568.8
-13862.1
-20215.9
-65963.9
-88555.6
-19627.7
-45179
-56521.1
-13860.9
-13858.6
-41217.3
119435
-13865.1
-21124.9
-13864.9
-36751.6
-32678
-40199.4
-38544.3
45778.2
-23831.1
-56358.7
-51619.5
-13457.6
-20549.7
-21649.4
-13889
-21731.2
-20175
-13868.6
-8954.51
-185252
-40317.4
-14236.6
-57928.2
-23478.7
-50488.1
-61048.3
-22433
-38512.3
214117
-11941.8
-20858.8
-13885.9
-83314
-981.812
-60063
-36282.6
-13853.4
-13863.5
275967
-13863.4
96913.8
-8127.39
98979.2
-13885.5
-21017.6
-24992.1
-36705.3
-53043.3
-13884.4
-7591
-13885.1
-10997.1
-24650.9
-23508.8
-52689.5
-29681.6
-12601.5
-26141.2
-29231.8
-20925.6
-13863.9
-22813.6
12750.2
-22131.3
-2705.4
-21909.8
-32524.2
78404.7
-27102.5
3758.85
-14278.5
-65867.5
-39197.8
-12759.5
-24396.8
-41313.8
-13863.9
-35031.8
-20672.3
191645
-20902.1
-32663.9
-38741.8
-60625.2
-24190.5
-17768.4
-13691.1
-22569.5
-39054.1
-13978.5
-24040.9
-10643.6
-13048.5
-13784
-26478.4
-13862.6
-14729.2
-48548.9
-19311.3
169467
-350.278
-13863.9
-13845.5
-28261.3
-22343.6
-20654.2
-44198
-42175.5
-20605.5
-21976.1
-24788.7
-20948.2
-21799.8
-24550.7
-23408.6
-25798.8
-19787.7
308394
-32921.8
-27090
-46701.9
-27084.6
-22145.3
-22157
-13855.3
-17451.1
-58006.6
-31367.7
-23430.4
-12462.4
-65783.3
-23528.6
-21300.8
-33214.3
-40520.1
-23542.1
431003
-27907.1
-32020.3
-52985.2
-59548.5
-32208.1
-23833.1
-13864.7
-54785.5
-47714.5
-21013.7
-26335.9
44397.1
-19824.9
-13996.6
8058.56
-13920.6
-62794.7
-13898.5
-29006.7
-16736.1
-26329.7
-23440
-28599.6
-13863.1
-21389.7
-34121.7
-13864.4
28133.2
-43726.3
-24854.7
-29084.5
-20968
-13993.1
-1667.61
-18116.1
-20979
11892.7
-29229.9
-13856.6
-32734.4
120654
-20625
-50428.3
-18002.6
-55286.3
284110
-19441.8
-25819.2
77600.1
-13867.5
-35970.6
-10859.1
-23695.7
-23790.8
-18082.4
14288.4
-21214.9
-10696.6
-10278.7
-37385.7
-22649.5
-56344.7
-21088.3
-37390
-13877.1
-13947.2
-13901.9
-61556.9
-13879.7
-13867.4
-23323.1
-23046.8
-13861.5
-51003.6
-29606.9
-29449.3
-26005.1
-13627.1
-13866.6
-21982.4
-13858.7
-20662.3
-20702.9
4014.36
-64175.1
-64490.4
-24184.5
-16574.9
-61970.9
-21597.5
-7248.79
-20978.6
-20996.1
-54541.4
-13442.7
-19391.7
-30144.8
-19386.9
-15586.3
179859
-13808
-20715.7
-14334.9
-54569
19926.2
-23720.7
-19443.1
-21143.6
-20673.6
-13856.7
-20441.9
-13930.1
-20347.7
-19359.7
-10697.7
-13862.7
-12070.7
-13841.3
-13859.9
-21964.5
-20814.6
2.05862e+06
-25909.6
-21109.6
-21375.8
-21099.5
-43857.5
-21922.9
-28128
-19973.7
-22189.6
-21463.7
-20977.4
-13868.4
-20853.8
8765.31
-21163.2
-21111.4
-22168.1
-13890.7
-13857.4
-14746.9
-49104.3
-13912.1
-29936.8
-13866.1
-26824.6
-18189.3
-10452.7
-18829.9
-29178.3
-24247.6
-13235.7
-13917.5
-13859.4
-15339.1
-32926.1
-13864.9
-13869.3
-23488.5
-32716
-12460.9
-55921
-23065.1
-47694.8
-22240.6
-29272.6
-13854.1
-22716.6
-13946
-23428.6
-7172.19
-21766.5
-67373.3
-32774.4
-11923.5
-13862.3
-21027.4
-60066.1
-13869.2
-13864.2
-20122.6
-31480.4
-14844.7
-29872.2
-13854.7
-27900.8
-20891
-40703.1
-21137.8
-38284.1
-22527.1
-13691.4
-65797.2
-21706.7
-20860.9
-13865.4
-27817.7
-13865.7
-56926.6
-13864.2
-25754.5
-20378.7
-15073.4
-19517.8
-23881.8
-13694.1
-13929.8
-20858
-64058.7
-15008.5
-22217.9
-67381.5
-25624.3
-13832.6
-20124.3
-13862
-13870.1
-26739.2
-38461.6
45178.5
-26781.7
-48952.8
-18670.6
-11955.5
-160003
-3073.05
-37659.6
-12099.7
-13797.5
-13633.5
-29552
-13869.7
-54140
-13916
-22082.6
-18490.8
-15991.2
-49918.3
-27391
-92424
65225.1
-33728.6
-21016.9
-25430.2
-13834.9
-13858.3
-56289.7
-23926.1
-13857.8
-67249.1
-13869.6
-43929.6
-12052.2
-20876.4
-22781.3
-29925.6
-29191.9
-35381.7
-23825.7
-23791.5
-21392.8
-13335.3
-58117.8
-22234.7
-21700
-13689.4
-13863.9
-22915.8
-20417.2
-25428.8
-23211.4
-18883.6
-37141.9
-57640.7
-31792
-44823.8
-32922.1
-40991.1
-43408.3
-22215.7
-24513.7
-27120.4
-30633.2
-21119.4
-19353.4
-55690.7
5964.59
-13763.3
-47080.1
-23629.9
-13880.6
-31771
-13867.1
-158418
-14500
-13804.3
-24305.4
-81433.2
-23208.8
-30576.6
3478.14
-30410.1
-20605.5
-17156.8
-12990.8
-15778.7
-21433.6
-28602.3
-143021
-22511.5
-21510.1
-13468.1
-28173.7
-14992.9
-12779.3
-30497.6
-46374.4
-38277.1
-13854.8
-67280.1
-20849.9
-21578.2
-20363
-23058.5
-63147.6
-17505.5
-13858.4
-13866.8
-13861.8
-27580.8
-43773.6
-13866.6
-21296.3
-13867.9
-27793
-13520.7
-14434.4
-32848.7
-89611.5
-23958.2
-13865.6
-13868.4
-40546.2
-24210.9
-13859.3
-13864.2
-16855.8
-13864.5
-43813.4
-23706.4
-14792.4
295783
-21131.5
-13821.6
-32124.1
-21361.3
-21691.8
-27674.1
-21322.9
-23787.4
34921.7
-52450.9
-13073
-20282.9
-22858.5
-22232.3
-9960.19
-13906
-23310.6
-34737.8
-20988
-40160.3
-22618.6
-17238.9
-18355.5
-44437.7
-50642.8
-13952.4
-29542.1
-13869.2
-17915.1
-24976.9
-44039.7
-20864
3945.2
-55827.5
-25864.7
-20730
-25578.2
-10388.5
-20856.3
-34312
-20386.9
-23786.8
-33658.1
-23733.2
-15056.9
-20975.3
-21736.2
-82170.9
-21626.3
-30960.6
-46533.9
-13864.3
-63393
-19207.3
-25931.5
-22649.1
-13870.5
-12646.7
-13853.6
-19713.3
-22659.6
10831.5
-21059.3
-24821.7
-22188.3
-22605.5
-28467.3
47357
-31080.6
-43008.9
-49904.2
-13884.8
-26399.4
-43285.9
-56100
-23443.1
-47345.4
-20023.8
-35600.9
11095.4
-52347
-17975.4
-14247
-18080.5
-32320
-13861
-29000.8
-96022.7
-51868.3
2.0366e+06
-25151.2
-13865.2
-12624.3
-20672.9
-13862
-13860
-13862.9
4887.09
-21749.2
-59676.2
-36129.5
-15287.5
-20191.5
-32726.5
-89631.2
-21155.5
-56989.6
-13864.7
-20228.8
-30525.2
-20815.4
-25996
-59255.3
-29369.9
-11007.3
-142559
-13860.8
-17631.2
-52121.3
-58473.5
-49605.4
-49196.3
-39427.9
-13756.3
-25762.8
-17112.5
-20488.2
-4706.4
-32224.3
-5963.09
-33664.6
-16749.2
-53866.2
-19448.1
-9015.57
-31978.4
-10369
-20728.4
-19672.3
-61439.6
-20067.5
-18237.9
-37792.4
-30787.1
-29709.9
-30549
-29474
-17978.6
-19642.5
-31495.7
-20825.3
-57170.7
-19404.2
-65633.8
-21260.5
-50861.5
-13860.9
-21224.4
-29777.6
-45521.3
-27789.6
-32629
-40548.1
-54583
-27923.5
-69030.3
-16924.1
-73608.8
-30879.2
-51197.3
-17137.1
-18048.5
-14338
-13861.9
-13890.5
-43365.4
-40712.6
-303989
-13862
-23576.8
-47602
-25654.3
-21479.1
-28121.8
-25949.3
-21296.5
-52627.9
-13871.3
26768
-13862.2
-22542.5
-22511.6
-23074.8
-10215.6
-14366
-25780.3
-13857.4
-29066.1
-27074.1
-57380.7
-20476.7
-22442
-32310.5
-29294.7
-29698.3
-21237.5
-21271.1
254321
-29001.3
-21786.3
-26036.3
-41432.5
-48322.9
186124
-13024
-34775.8
63741.7
-21585.5
-14243.8
-24946.8
-21919.5
-21790.2
-14753.7
-13176.3
-3914.76
-53733.9
-13890
-83457.5
-26820
-20926.4
-13866.2
-42446.3
-24208
2487.33
-20817.6
-26478.8
-84742.5
-46044.7
-22734.3
-14716.7
-20714.4
-21637.2
-67114
-41445.3
-13835.1
11198.1
-24457.7
-21256.1
-13863.6
-13861.8
-26991.4
-13860.2
-13886
-19756.9
-21410.7
-24233.5
-13875.5
-13867.8
-57972.7
-11881.8
-21037.9
-22559.2
-29039.6
-13860.3
-31840.5
-20947.3
-45736.1
-61255.6
-13666.7
-32591.4
-13862.3
-20900.2
-13868.4
-13854
-13863.9
-33009.1
-22549
-13178.5
-21132.9
-25989.8
-48789.7
-21479.1
-24173.1
-52779.1
-13868.5
-20170.6
-13906.4
-98849.7
-66846.8
-13869.8
-51680.2
-28751.4
-34006
-10660.8
-28696.1
-21089.8
-28975.1
-32812.9
-27781.1
-13678
-19422.3
-31798.1
-27517.5
-26979.6
-27331.1
-27851.7
79881.7
-26375
-24736.8
-13856.5
-4964.15
-62423.1
-29059.3
64564.3
-27455.7
13592.3
-60098.5
-13876.7
5379.64
-26966.6
-49575.4
-13879.1
-29884.9
-13857
-13864.1
-13861
-13864
-34189
-55688.7
123228
-24195.9
-43479.4
-27222.2
-40696.2
-46557.5
-55941.3
-25164.7
-38555.7
-19846.2
-19422
-20075.5
-56208.1
-68446.6
-53619.6
-13860.2
-47416.2
-27516.2
-29801
-29970.6
-25823.6
-54844.2
-20419.4
-13862.5
-13825.2
-24294.6
-12617.8
-22262.2
-27418.9
-22230.5
-33097.4
-21990.1
-21501.1
-4466.94
-3783.95
-13942.4
-35561.8
-29738.1
-27455.2
-28814.4
-18759.5
-22540
-25186.4
-20914.2
-13864.5
-10101.6
-28184.6
-30630.7
-45129.4
-21507.4
-21017
12328.2
-20643.1
5788.89
-45400.5
-13859.9
-21663.2
5000.2
-26926.1
-13877.3
-13929.1
-20471.2
-20630.8
-22549.4
-23007
-23685
1.42143e+06
-13860.9
-23708.1
-46956.8
-13562.4
-23994
-13698.2
-20944.2
-28480.6
-13861
-24375.5
195650
-23091.2
-21436.8
-22655.4
-13716.6
-20838.6
-13879.3
-20866.8
-36637.3
-84049.1
-19781.6
-13119.9
-7205.88
-21945.9
-90666.2
-13866
-15995.7
-18006.1
-21894.6
-10681.1
-25945.9
-34330.1
-22626
-33210.2
-19397
-18918.1
-21061.7
-42648
-13871.5
-31548.9
-20586.6
-22804.8
-21396.3
-20890.3
-29506.9
-66077.5
-13878.3
-20439.7
-24923.6
-13856.5
-21169.2
-13193.6
-24178.7
-13924.5
-65703.2
-51980
-24219.9
-14519.2
-27862.3
-13498.8
-12155.2
-20760.6
-19553.8
-25087.6
-46075.7
-21739.8
-25651
-13869.6
-13862.5
-15704.5
-15270.1
-13864.3
-12836.5
-35456.4
-23403.6
76442.4
-46023.9
-31787.4
241466
-18502.7
-20754.6
79586.5
-62649.8
-22951.2
-32150.8
-23191.9
-19787.8
-59504.6
-34457.3
-9563.84
-20673.4
-20757.3
-47974.3
-31020.7
-57779
-149650
-99106.2
-14297.4
39286.4
-85954.7
-68606.5
-24348.1
-36296.9
-22126.1
-31652.3
-35711
-23102.4
-14526
-43423
-21328.4
-13864.8
-20111.8
-21006.7
-21008.7
-20020.4
-86468.5
-33826.8
-81023
-43771.5
-20684.8
-20929.6
-42996.5
-21048.1
-23680.6
-25692.2
-24916.6
-57362.1
-13871
-33670.8
-3454.35
-13891.6
-20267.6
-23033
-11004.2
-23513.7
-43840.2
-21204.1
-29370
-13932.3
-22786.2
-19619.4
-27378.9
-156365
-22118.1
-20125.6
-19355.3
301346
-27574.9
-13612.4
172572
-13855.3
-43707.2
-13860
170744
-13868
-23898.5
1.45173e+06
2665.88
-13869.2
-32404.5
-13864.9
-13750.6
-24277.3
-13862.6
222594
-13202.9
-20772.8
-13866.6
-30267.1
-41119.6
-20938.5
-13866.2
-21064.5
-19586.6
182971
-13855.2
-19872.8
-13840
-45979.9
-13862.7
-36831.8
181514
-13864.4
-71881.2
-44880.3
-22505.9
-46156.9
-19755.6
-52385.9
-288315
-13866.8
-30718.8
-13807.7
-12727.8
-29916.1
-22235.8
-13808.8
-33400.7
-10903.1
-29269.7
-22287
-13703.5
-51849.7
-21908.4
-110820
-50255.7
-21387.2
-44657.1
-13869.6
-13870
-22321.6
-55447.5
-27232.5
-71071.5
-20925.5
-13781.6
-13857.5
-72081.7
-73250.1
-27397.1
-41600.6
-21517.9
-31857.9
-47676.2
-13712.9
-13861.7
-13858.8
-13436.7
49390.7
99818.4
-18153
-18026.1
-53602.4
-23319.3
-23307.9
-32107.1
-24513.1
-13858.2
-44019.9
-20856.9
-22183
-58474.3
1.41875e+06
-13868.5
-22173.2
-23320
-21187.6
-13871.8
-25519.5
8121.55
-40413.2
-13873.3
-31869.9
-36587.4
-13857.6
-13706.1
-13859.6
-13856.2
-13864.7
-13863.2
-5063.65
-25735.5
-30524.8
-27062.8
-23068.9
-16788
-50915.6
-20814.8
-13863.6
-13850.1
-27250.7
-18244.2
-13861.3
-20146.2
-14509.2
-13881.2
-23628.6
-27709.3
-23913.5
-8389.01
-17092.4
-14698.6
-56964
-74778.8
-21760.7
-33451.9
-23243.6
-13868.8
-16773.5
-32026.4
-19887.2
-13830.3
-50540.7
-27353.3
-21853.4
-13861.9
-23379.4
-19520
-32749.2
-23814.6
-26372.3
-22320.3
-13862.3
-21229.3
-47727.6
-24820.3
291490
-32380.1
-32502.4
-13885.1
-21871.1
-23517.1
-21209.9
-26627
-21722
62852.3
30831.6
-33154.5
95106.2
-20159.3
-23906.4
-23589.5
-24727.6
-21305.6
-54935.9
-20282.9
-21661.4
-17953.8
-13175.2
-13861.7
-64300.3
-56478.6
-54891.1
-20897.8
371250
-44976.2
404604
-34230.3
-13894.2
-29201.5
91477.9
-16899.7
-33475.9
-21074.9
-13864.1
-23880.7
-20540.3
78076.2
2.0449e+06
-43837.8
-13864
-29975
375028
-22990.8
-22314.7
-26150.6
-13855.5
-21433.5
-46598.7
-22854.3
266.753
-21931.3
-13862
-22160.8
-13854.4
-47106.5
-53737.3
-36460
-20772.4
-20783.6
-20767.9
-13858.4
-32546.6
-28191.8
-30818.8
-25666.7
-98256.1
-25402.5
-21115.3
-21198.3
-32648.1
-30881
-15092.8
-22635.2
-51942.5
-21501.8
-13862.3
-504.164
99339.9
-27178.9
-53779.5
-103.528
-52720.7
-9384.83
18147.6
-34035.1
-20676.1
-21692.3
-32433.7
-21725.7
-13883.3
-13855.5
-13864.8
-14858.2
-23886.5
-13863.6
-13867.8
-20445.1
-45791.5
-13860.9
-103586
-23955.2
-13527
-20074.6
-30509.9
-25907.6
-178118
-32260.6
-30315.6
-31352.4
-19648.6
13126
97474.5
-20603.6
-33353.4
-13639.5
-25497.7
-21255
-20887.5
-21761.2
-22660.9
-13863.7
-14454.5
-27132.6
-13853.8
-13867.1
2111.43
5764.94
-13865.4
-21183.1
-13859.2
-21097.9
-25410.8
-13891.3
-21322.8
-38480.4
-44713.8
-56390.2
-143915
51182.1
57889.7
-37182
70595.4
-21169.1
-27441.9
-21468
-32416
-13857.8
-40155.3
-13864.2
-19746.7
-40222.1
-19168.8
-19865.7
-16723.8
-13588.4
-55681.9
-43846.4
-13858.5
-13858.3
-13859.7
-13847.8
-13847.2
-13845.9
-16537.6
-17261.7
-5048.51
20180.8
-534.007
1032.39
-70882.4
-99973.1
-88191
-44410.9
-104030
-71583.8
-93843.1
-53261.5
-336.918
-154.536
-33010.1
-13929.8
380485
-46486.2
-160026
-130148
-147543
-81468.1
-53759.9
-122118
-78708.6
-22536
-25492.2
-36741.5
-45681.1
-30411.9
-12740.1
-28047.8
-13692.9
-31399.3
-32711.3
-13680.9
-12516.8
-13685.2
-12665.7
-13793
-13857
-13849.2
-13865.9
-13863.3
-13867.5
-13863.6
-13870
-13869.8
-13882.7
-13869.5
-13910.1
-13913.8
-13886.3
-13820.2
-13170.9
-12776.1
-13052.4
-13277.4
-12720.7
-13983.3
-13455.6
-146623
-162150
-31057.9
-48295.3
-115049
-104177
-22267.3
-20524.9
-22795.9
-23046.3
-22678.1
-21028.5
-22873.8
-22716.2
-21515.7
-22779.1
-20137.2
-23976.5
-23822.7
-20782.3
-21422.7
-21822.3
-21924.2
-21871.7
-21788.2
-21743.5
-21997.8
-22057.7
-22806.7
-22539.7
-22788.9
-23170.8
-23494.6
-24329
-23861.3
-27484.6
-27509.5
-27339.9
-29408.9
-32636.4
-32647.5
-31955.4
-41129.1
-42762.9
-41221.8
-41514.1
-42733.4
-41815.1
-42351.3
-42673.7
-42622.4
-42858.1
-42820.3
-42646.6
-44073.6
-43233.2
-46123
-30332.1
-22190.9
-29692.7
-48298.3
-29003.5
-31029
-31088
-29763.7
-30071
-18204.9
-10064.5
-9812.17
-9599.8
-35644.4
-20305.9
-5010.19
75083.7
65438.6
73363.5
-11461.1
120155
44783.1
175477
185860
-38030
-31868.5
-34596.8
14278
23884.7
18254.8
24327.1
49954
10813.7
-8751.1
-51032
-50073.3
-22360.8
-32317.3
-29740.6
-31072
-39549.9
-27779.3
-39986.8
77489.2
32180.7
33393
-5457.76
-7998.73
-49543.9
-15186.5
-17150.3
-25307.8
-24734.7
-25851.6
-25404.7
-24309.7
-23473.2
-25020.2
-23469.8
-24338.4
-89876.3
-74210.9
-69593.7
-21239.3
-54025.8
-39788.3
-32391.6
-10453.5
-31273
-11060.7
-7217.74
-3341.82
-78295.3
-2849.79
-318.863
-77979.6
-3138.54
-17046.7
-11805.6
-17386.5
-12439.5
-11809
-6056.69
21921.6
18136.9
17278.4
-12591.9
9112.52
9611.8
-11154.5
-9947.7
-8735.6
-16716.3
-13635.6
-15065.4
-14606.3
-14826.8
-14134.1
-14408.2
-14751.4
-13552.7
-14102.9
-11306.3
-22233.5
-20443.4
-25547.4
-24029.3
-22906.7
-23504.1
-22657.7
-22162.4
-22566.4
-22208.4
-22908.5
-22476.2
-22923.5
-22623.8
-22565.6
-23107.9
-22597.7
-22106.5
-22313.2
-22139.2
-22295.5
-22095.5
-15181.4
-15117.9
-14309.6
-13578
-13097.8
-13041.6
-12676.1
-12811.8
-13006.4
-13178.9
-12991.6
-13884.7
-13861.8
-13802
-13953.7
-14031.3
-13730.1
-13931.4
-14048
-13927.6
-13920.2
-13805.7
-13913.2
-13886.5
-13857.4
-13904.9
-13797.1
-13790.4
-13898.3
-13864.1
-13863.9
-13855.3
-13863.3
-13863.6
-13863.6
-31560.6
-13864.3
-13865.8
-13866.1
-13866.2
-13868.9
-13864.2
-13863.1
-13868.5
-13863.8
-13780.3
-13040.4
-12663.2
-13103.2
-11462.4
-11781.9
-11022.1
-13086.4
-20827.1
-21752.7
-21961.6
-22655.3
-22832.5
-35515.4
-42570.5
-43030.1
-15111.6
-162889
-31419
-30799
-16174.6
-35262.1
-29986.7
59038.9
62711.1
197649
144781
22712.5
-25074.6
-18598.9
-39969.2
-34207.4
-101758
-39717.7
-25041.1
-37044.4
-26123.8
-24883.5
-23515.7
-27999.6
-29783.9
-34415.8
-18246.3
-64875.9
-18480.7
-4186.36
715.979
-1202.66
-17549.1
-2527.51
9035.01
-5382.68
-1911.06
-10820.1
-15656.5
-16701.9
-14455.8
-14464.5
-14708.9
-14389.6
-23965.3
-22522.5
-22528
-21974.4
-23623.6
-22656.9
-22731.7
-23523.8
-22627.4
-22175
-22212.3
-22132.8
-15097.1
-12568.5
-13085.8
-14042.6
-13950.4
-13667.2
-13966.2
-14045.4
-13797
-13924
-13942.5
-13951.9
-13874.9
-13126.4
-13856.4
-13866
-13863.6
-13864.3
-13864.8
-13873.7
-13862.8
-13869.1
-13865.1
-13865.3
-13861
-13860.2
-13861.3
-13861.1
-13861.4
-13861.8
-13862.1
-13863.3
-13867.2
-13865.4
-13863.8
-13864.7
-13863.4
-13863.8
-13864
-13863.2
-13867.7
-13868.1
-13868.4
-13870
-13867.5
-13868.2
-13883.8
-13869
-13882
-13940.5
-13900
-14003.4
-13966.5
-13957.9
-13656.9
-13568.6
-13072.3
-20864.3
-22461
-23469.4
-23336.5
-23478.7
-45800.1
-32804.1
-33914.1
-39714.2
-95363
-78104.2
-89412.5
-31602
-98279.3
-21005.6
-19810.8
-20113.6
-21041
-20930.4
-20660.9
-20640.3
-21674.4
-21011.9
-21752.5
-21970.6
-20798.7
-21460.8
-22400.7
-21947.8
-22398
-22299.6
-22173.7
-22619.9
-22511.4
-22687.7
-22481.9
-22099.7
-23241.4
-23252.9
-24015.9
-24275.9
-21799.7
-23948.3
-23283.7
-24020.2
-24589.5
-24409.9
-25438.3
-25514.1
-25454.3
-25936
-25821.8
-25869.7
-25991.3
-25891.4
-25989.3
-27277.3
-26489.4
-25464.7
-29346
-30103.1
-29776
-28655.1
-29650.8
-28484.8
-29767.4
-32714.5
-33046
-34682.1
-29342.3
-37734.9
-54067.5
-28475.7
-29569.3
-55414.6
-27707.7
-10516.1
-7961.24
-26145.4
-12805.7
28959.5
5720.33
-161014
-140619
-170768
-99092
-138314
-88316.8
-71119.9
23059
-70169.3
-41995.7
-40439.7
-35907
-37410
-39828.2
-22996.4
-24986.4
-35837.5
-52804.3
-58266.7
-49817.3
-46653.9
-44834.4
-47836.4
-41948.4
-39798.6
-34310.2
-45656
-2141.4
-16314.4
-29169.4
-29133
-26318.4
-24567
-26100.8
-30956.6
-37587.5
-28962
-34481.1
-32542.4
-28722.1
-22541.5
-24838.4
-24962.9
-25094.4
-32471.8
-31591.2
-30701
-30730.2
-29710.2
-34911.2
-28365.5
-30298.2
-34772.9
-34331.1
-26113.5
-30180.5
-29666.3
-30917.6
-30004.8
-29060.8
-30634.1
3851.66
-78416.3
-21139.9
-27304.5
1778.31
-10266.2
-6338.32
-21091.1
660.197
-7659.26
-13214.6
-11243.9
-23861.5
-24285
-20675.9
-11410
-24137.3
-22602.2
-18964.3
-19772.1
-18903
-18060.8
-18123.4
-18043
-18026.6
-18111.3
-18165
-18029.2
-18091.9
-18242.6
-17813.4
-18839.3
-18205.4
-18513.1
-20147.5
-19444.7
-21138.8
-19842.8
-19918.9
-20547.4
-21045.5
-20641.4
-20445.4
-20687.3
-20804.9
-20901.8
-20829.2
-21381.2
-21093.9
-21036.6
-21047.4
-20865.7
-20967.6
-16089.8
-12570.9
-16235.2
-14365.3
-14433.9
-14391
-14306.6
-14341.6
-14248.3
-13890.2
-13842.8
-13695
-13874.7
-21169.4
-13851.6
-13821.2
-13867
-13858.1
-13855.6
-13858.1
-13857.1
-30123.9
-13860.6
-13859.7
-13860.2
-13863.3
-13859.3
-13857.6
-13870.7
-13862.2
-13863.3
-13858.9
-13865.6
-13867.6
-155541
-21321
-27859
-24698.8
-24291.8
-23926.9
-13864.7
-13864.6
-13865.3
-13864.8
-13861.1
-13863.1
-13863.8
-13863.4
-13862.5
-13863.3
-13864.5
-13864.1
-13864.1
-13863.9
-13865.2
-13864.4
-13862.7
-13864
-13868.4
-23971.4
-13863.5
-13858.3
-13861.5
-13846.5
-13979.5
-13947.4
-13944.3
-13917.6
-12371.4
-16382.4
-56317.3
-21583.2
-24114.5
-24311.5
-23206.1
-22867.8
-23263.2
-23542.5
-23752.5
-32273.2
-41662
-29005
-34002.8
-25882.1
-31007.1
-35923.6
-21136.3
-20525.6
-20410.5
-21276.4
-21083.5
-21406.7
-21257.9
-21383.3
-20571.5
-21202.1
-19751.7
-21657.5
-21472.7
-20961.6
-20806.8
-21270.8
-20920
-20532.8
-20763.8
-20778.7
-20711.8
-20585.9
-20871.4
-21107.3
-20522.6
-20621.3
-20831.2
-20869.9
-20728.9
-20620.5
-21443.8
-20239
-20789.8
-20678.4
-24436.5
-20843.5
-20551.2
-20700.2
-29520.1
-24792.3
-20924.2
-20962.5
-21025.6
-20940
-20977.3
-21009.4
-20877.7
-20898
-24961.7
-31235.1
-21623.8
-27128.3
-43983.3
-47341
-31678.5
-29782.6
-32245
-33720.1
-35841.3
-32779.8
-31813.9
-26960.6
-28289
-26265.7
-34547.6
-35297.4
-27723.8
-28007.1
-30715.5
-31240.8
-30629.1
-27612.2
-29792.7
-27705.2
-30697.1
-15289.6
-38041.5
-32520.6
-33136.5
-6435.02
-14008.1
28372.3
-6784.93
10492.2
252664
92262.4
-65163.6
-62231.9
-50864.5
-57715.5
-19052.1
-63631.8
-58769.6
-65400.4
-66587
-54490.3
-64982
-48618.9
-45762.4
-55272.6
-47127.4
-43953.1
-34924
-43726.5
-26681.9
-32017.7
-33845.2
-53108.4
-60190.6
-61391.1
-59412.4
-48295.7
-49194.6
-49229.5
-47888.7
-49456.2
-59022.3
-55135.6
-47013.7
-45388.5
-19313.5
-56270.2
-58629.4
-22622.6
-54231.8
-21848.7
-20760.3
-21314.5
-27091.2
-29224.2
-28866.8
-30096.1
-37939.9
-33754.4
-30774.9
-26417.6
-31715.3
-31929.8
-30907.1
-30053.1
-31330.9
-31682.1
-30323.3
-31094.1
-29497.8
-29168.3
-28310.3
-25910.1
-28659.3
-31356.8
-26564.2
-27508.9
-27308.3
-25563
-25198.3
-25046.8
-20415.6
-8867.87
-23931.9
-15518.7
-38992.1
-39328.5
-34647
-46653.8
-25666.6
-26094.5
-23886.9
-18184.6
-24383.6
-23087.4
-24850.2
-21462.2
-17501.3
-20290.5
-21757.4
-20101.9
-18075
-18026.1
-19350.5
-19386.3
-18016.2
-19416.7
-19453.3
-19361.7
-19437.5
-19826.1
-19472.3
-18149.7
-19447.5
-19695.1
-19929.4
-19476
-19413.8
-20043.2
-19823.7
-20372.7
-20962.6
-26126.4
-19994.7
-19820.3
-20237.4
-20150.7
-20385.8
-20633.9
-20170.4
-20521.6
-20374.8
-20116.7
-20986.8
-20517.8
-21265.4
-20888.5
-20865.8
-20359.1
-20658.1
-20616.3
-20861.2
-21429.4
-20878.1
-20774.5
-13740
-67362
-13662.2
-13496.8
-14336.9
-13734.4
-14324.1
-13588.3
-13851.2
-13880.2
-13826.8
-13748.9
-13859.5
-13872.1
-13864.5
-13857
-13852.7
-13855.7
-13855.6
-13858.2
-13861.9
-13859.3
-13862.3
-13859.5
-13862.1
-13861.4
-13858.4
-13862.5
-13857.8
-13871.1
-13859.2
-13864.4
-13862.7
-13859.6
-29431.5
-26975
-30965.8
-22607.1
-28676.7
-29850.2
-28480
-31465.3
-30644.2
-23793.2
-23499.4
-50362.8
-23105.7
-23861.5
-34642
-23066.6
-24925
-24319.3
-13860.2
-13862.4
-13865
-13862.6
-13918.3
-13729.6
-13914.5
-13694.2
-39406.9
-51840.4
-48132.2
-42276.8
-12207.2
-13864.9
-13863.6
-13862.9
-13863.2
-13862.6
-13864.4
-13865.7
-13864.3
-13866
-13865.5
-13865.1
-13864.2
-13867.3
-13868.8
-13862
-13869.3
-13942.8
-23543.5
-24129.4
-23495.8
-24629.2
-27340.4
-26955.8
-26654.9
-24369.6
-21420.4
-23529.5
-22467
-20947.9
-21039.4
-21199.9
-21335.9
-21211.5
-21169.5
-20726.9
-21151
-19856.7
-19884.8
-20923.5
-20839.3
-20666.9
-20796.4
-19469.6
-19808.4
-18797.1
-20069.8
-19609.8
-20233.1
-19224.3
-20933.3
-19417.4
-19326.6
-21363.1
-20285.7
-21448.8
-13861.3
-13862.3
-31663.7
-31830.8
-32339.4
-33698.9
-31460.7
-33589.6
-31480.7
-30897.4
-32964.7
-32174.7
-31453
-32458.5
-31982.1
-30317.8
-28447.3
-27744.3
-27272.3
-31277.3
-28919.2
-51354.4
-29862.2
-41473.7
-65879
-59649.8
-73179
-63444.1
-64567.4
-62223.5
-62504.8
-57439.3
-61866.7
-62184.9
-53167.5
-62718
-60089.4
-25653
-26341.1
-26357.3
-65880.7
-60109.1
-58126.3
-70293.3
-51555.8
-48405
-25472.8
-28490.3
-29129
-29374
-24909.9
-27752
-27192.1
-26545
-23504.9
-13947.1
-13860.3
-13871.5
-13898.9
-13859.7
-13860.9
-13857
-13855.7
-13859.2
-13858.1
-13858.4
-13862
-13859.4
-13859.1
-13864.8
-15207.2
-28826.8
-29644.4
-30827.6
-23832.9
-13864.9
-29829.5
-27035.3
-13661.1
-33574.8
-63149.2
-63748.5
-13860.2
-13863
-63991.1
-45229.5
-61069.7
-61374.6
-24605.3
-30773.9
-25194.4
-29415.6
-11018.7
-24814.8
-21495.4
-21111.7
-20857.7
-14291.7
-14249.9
-13905.4
-13863.2
-13860.5
-13870.5
-22425.9
-24713.8
-13864.2
-13862.9
-13911.5
-22046.4
-20486.2
-13864.2
-20920.7
-20791.2
-28368.1
-43816.8
-30888.6
-47789.3
-16614.5
-26501.8
-26921.8
-30631.7
-33491.4
-27067.4
-30932.2
-31510.8
-31690
-29427.3
-22633.8
-20199.7
-20233.8
-20875.7
-13858.1
-13847.1
-13865.2
-13860.4
-13862.6
-28741.9
-27184
-13914.5
-31740
-19396.5
-19457.1
-13857.9
-20180.5
-28273.1
-43745.6
-19310.8
-13865.8
-13865.9
-25187.8
-13847.3
-13845.2
-4100.55
-120798
2284.54
-13860.9
-77425.8
-47502.3
-38843.9
-13859.7
-13708.9
-28324.7
-12783.1
-13188.5
-22876.5
-13857.8
-21752.1
-13856.2
-42798.3
-17382.8
121302
121351
-28720
-26882.8
-23070
-22570.1
-21277.1
10056.5
-14678.8
-20512.7
-23502.6
-20179.7
-20147
-21975
-22534.3
-23343.3
-22104
-13944.7
-19305.2
-13050.8
-13086.7
-12912.7
-13718.5
-19409.2
-13912.1
-19399.3
-13867.4
-13842.4
-13067
-13907.7
-13863.4
-13115
-13866.9
-25126.9
-20991.5
-26245.1
-20841.5
-22168.2
-13932.9
-14351.7
-13864
-26862.6
-13862.1
-13725.4
-13299.6
-21004.8
-24743.8
-25035.6
-29787.4
-24335
-17872.3
-30903.1
-25015.2
-27461.1
-12495.6
-20839.7
-18144.4
-21048.6
-20866.7
-16299.5
-14324.3
-13830.6
-13795.5
-13861.4
-26291.9
-13862.7
-13867.7
-24434.6
-13863.1
-31052.8
-13864.3
-13862.5
-20897.3
-31778.3
-21063.3
-21066.3
-20783.7
-21482.9
-22651.7
-21706.7
-30408.4
-11307.2
-5730.06
-13862.9
-13862.7
-13862.8
-13863.8
-22504.6
-23933.5
-23012
-22867.4
)
;

boundaryField
{
    Wall
    {
        type            zeroGradient;
    }
    Inlet
    {
        type            zeroGradient;
    }
    Outlet
    {
        type            fixedValue;
        value           uniform 0;
    }
    Empty
    {
        type            empty;
    }
}


// ************************************************************************* //
