/*--------------------------------*- C++ -*----------------------------------*\
| =========                 |                                                 |
| \\      /  F ield         | OpenFOAM: The Open Source CFD Toolbox           |
|  \\    /   O peration     | Version:  2312                                  |
|   \\  /    A nd           | Website:  www.openfoam.com                      |
|    \\/     M anipulation  |                                                 |
\*---------------------------------------------------------------------------*/
FoamFile
{
    version     2.0;
    format      ascii;
    arch        "LSB;label=32;scalar=64";
    class       volScalarField;
    location    "7.1";
    object      p;
}
// * * * * * * * * * * * * * * * * * * * * * * * * * * * * * * * * * * * * * //

dimensions      [0 2 -2 0 0 0 0];

internalField   nonuniform List<scalar> 
2958
(
-1.8404e+10
-1.69331e+10
-1.80956e+10
-1.83827e+10
-1.668e+10
-1.81523e+10
-1.84507e+10
-1.865e+10
-1.65045e+10
-1.8788e+10
-1.84576e+10
-1.81119e+10
-1.86056e+10
-1.81117e+10
-1.8527e+10
-1.84081e+10
-1.64949e+10
-1.85831e+10
-1.81117e+10
-1.84051e+10
-1.81149e+10
-1.65438e+10
-1.81138e+10
-2.13006e+10
-1.85959e+10
-1.84249e+10
-1.57601e+10
-2.25486e+10
-1.80184e+10
-1.84418e+10
-1.84232e+10
-1.86347e+10
-1.81086e+10
-1.6876e+10
-1.85888e+10
-1.84315e+10
-1.81118e+10
-1.81155e+10
-1.8495e+10
-2.14787e+10
-1.77059e+10
-1.83217e+10
-1.84517e+10
-1.83903e+10
-1.81118e+10
-1.62839e+10
-1.84603e+10
-1.69808e+10
-1.8383e+10
-1.78651e+10
-1.84123e+10
-1.77422e+10
-1.8757e+10
-1.84728e+10
-1.84116e+10
-1.84862e+10
-1.93609e+10
-1.87335e+10
-1.84266e+10
-1.62973e+10
-1.84028e+10
-1.84031e+10
-1.85082e+10
-1.84449e+10
-1.81114e+10
-1.81116e+10
-1.84742e+10
-1.70982e+10
-1.68349e+10
-1.84265e+10
-1.65038e+10
-1.81119e+10
-1.65639e+10
-1.84119e+10
-1.8113e+10
-1.84557e+10
-1.84066e+10
-1.85107e+10
-1.8112e+10
-1.84103e+10
-1.8598e+10
-1.63571e+10
-2.43441e+10
-2.45161e+10
-1.84045e+10
-1.84875e+10
-1.64648e+10
-1.84873e+10
-1.7331e+10
-1.81046e+10
-1.85668e+10
-1.56927e+10
-1.84685e+10
-1.81117e+10
-1.6594e+10
-1.85328e+10
-1.84015e+10
-1.83577e+10
-1.81117e+10
-1.81117e+10
-1.83832e+10
-1.84202e+10
-1.8594e+10
-1.65337e+10
-1.81063e+10
-1.80625e+10
-1.81118e+10
-1.83851e+10
-1.81113e+10
-1.85456e+10
-1.83715e+10
-1.8406e+10
-1.8113e+10
-1.87152e+10
-1.81117e+10
-1.81116e+10
-1.85019e+10
-1.84063e+10
-1.65054e+10
-1.84137e+10
-1.93581e+10
-1.81119e+10
-1.84781e+10
-1.8171e+10
-1.85172e+10
-1.84101e+10
-1.83796e+10
-1.66118e+10
-1.84088e+10
-1.81118e+10
-1.81127e+10
-1.81112e+10
-1.84075e+10
-1.81117e+10
-1.81117e+10
-1.81117e+10
-1.87778e+10
-1.84138e+10
-1.81118e+10
-1.81117e+10
-1.83945e+10
-1.68281e+10
-1.81144e+10
-1.81116e+10
-1.84126e+10
-1.63064e+10
-1.81131e+10
-1.81118e+10
-1.57563e+10
-1.81118e+10
-1.84048e+10
-1.84017e+10
-1.88262e+10
-1.80967e+10
-1.86378e+10
-1.81116e+10
-1.81105e+10
-1.84122e+10
-1.84526e+10
-1.85346e+10
-1.864e+10
-1.88695e+10
-1.85148e+10
-1.81117e+10
-1.42032e+10
-1.84227e+10
-1.79848e+10
-1.81117e+10
-1.87842e+10
-1.65139e+10
-1.69781e+10
-1.81118e+10
-1.81103e+10
-1.68874e+10
-1.81116e+10
-1.66448e+10
-1.68973e+10
-1.24932e+10
-1.80044e+10
-1.68347e+10
-1.77003e+10
-1.65817e+10
-1.85683e+10
-1.83802e+10
-1.71255e+10
-1.65202e+10
-1.71055e+10
-1.81112e+10
-1.65626e+10
-1.83783e+10
-1.65508e+10
-1.88025e+10
-1.15706e+10
-1.8788e+10
-1.63481e+10
-1.80168e+10
-1.68951e+10
-1.71692e+10
-1.83999e+10
-1.76075e+10
-1.87936e+10
-1.81117e+10
-1.84035e+10
-1.41234e+10
-1.84658e+10
-1.87177e+10
-1.80881e+10
-1.87433e+10
-1.64624e+10
-1.8383e+10
-1.81117e+10
-1.81046e+10
-1.81116e+10
-1.66739e+10
-1.81116e+10
-1.64134e+10
-1.84498e+10
-1.81116e+10
-1.81116e+10
-1.81117e+10
-1.81117e+10
-1.68823e+10
-1.84495e+10
-1.65087e+10
-1.83814e+10
-1.84107e+10
-2.27477e+10
-1.81116e+10
-1.61833e+10
-1.65931e+10
-1.68811e+10
-1.72752e+10
-1.5629e+10
-1.64252e+10
-1.80179e+10
-1.81117e+10
-1.81133e+10
-1.84134e+10
-1.81135e+10
-1.83887e+10
-1.81117e+10
-1.83889e+10
-1.84051e+10
-2.28973e+10
-1.84242e+10
-1.78809e+10
-3.91811e+09
-1.86689e+10
-1.84753e+10
-1.84421e+10
-1.87746e+10
-1.84389e+10
-1.84875e+10
4.85514e+10
-1.83884e+10
-1.77716e+10
-1.84305e+10
-1.58483e+10
-1.84658e+10
-1.64999e+10
-1.8409e+10
-1.81124e+10
-1.62656e+10
-1.61804e+10
-1.80802e+10
-1.85026e+10
-1.86385e+10
-1.84304e+10
-1.80699e+10
-1.8113e+10
-1.81118e+10
-1.64933e+10
-1.84327e+10
-1.81118e+10
-1.66759e+10
-1.84282e+10
-1.81119e+10
-1.64004e+10
-1.81116e+10
-1.66563e+10
-1.81118e+10
-1.81119e+10
-1.80801e+10
-1.85238e+10
-1.65363e+10
-1.81117e+10
-1.80967e+10
-1.83989e+10
-1.83769e+10
-1.84435e+10
-2.11907e+10
-1.66652e+10
-1.81117e+10
-1.81118e+10
-1.97674e+10
-1.79447e+09
-1.81117e+10
-1.84083e+10
-1.81117e+10
-1.91863e+10
-1.88984e+10
-1.67123e+10
-1.59047e+10
-1.64057e+10
-1.84036e+10
-1.99656e+10
-1.83823e+10
-1.81124e+10
-1.84744e+10
-1.84003e+10
-1.81117e+10
-1.84078e+10
-1.84125e+10
-1.81117e+10
-1.66523e+10
-1.83813e+10
-1.64932e+10
-1.84555e+10
-1.65353e+10
-1.84238e+10
-1.63851e+10
-1.64245e+10
-1.84593e+10
-1.78516e+10
-1.6492e+10
-1.81129e+10
-1.84047e+10
-1.81092e+10
-1.83807e+10
-1.883e+10
-1.64172e+10
-1.92273e+10
-1.81119e+10
-1.81118e+10
-1.23088e+10
-1.81118e+10
-1.83801e+10
-1.76775e+10
-1.83799e+10
-1.81118e+10
-1.84856e+10
-1.65888e+10
-1.70985e+10
-1.64798e+10
-1.81108e+10
-1.68834e+10
-1.81108e+10
-1.88258e+10
-1.82295e+10
-1.84019e+10
-1.8859e+10
-1.86268e+10
-1.69571e+10
-1.8405e+10
-1.72036e+10
-1.84407e+10
-1.81117e+10
-1.84555e+10
-9.04996e+09
-1.83913e+10
-1.88323e+10
-1.84102e+10
-1.83827e+10
-1.68398e+10
-1.85643e+10
-1.74172e+10
-1.84576e+10
-1.83989e+10
-1.8403e+10
-1.97281e+10
-2.22618e+10
-1.67251e+10
-1.81117e+10
-1.83846e+10
-1.84418e+10
-1.66789e+10
-1.84105e+10
-1.95568e+10
-1.71838e+10
-1.64557e+10
-1.8409e+10
-1.84934e+10
-1.81128e+10
-1.84577e+10
-1.65061e+10
-1.81067e+10
-1.84314e+10
-1.71434e+10
-1.80363e+10
-1.81122e+10
-1.86421e+10
-1.81116e+10
-1.81087e+10
-1.64921e+10
-1.8397e+10
-1.83964e+10
-1.884e+10
-1.81117e+10
-1.81116e+10
-1.6815e+10
-1.84174e+10
-1.84327e+10
-1.64937e+10
-1.83811e+10
-1.84099e+10
-1.84125e+10
-1.7327e+10
-1.84857e+10
-1.84139e+10
-1.82281e+10
-1.8403e+10
-1.85943e+10
-1.84483e+10
-1.6581e+10
-1.59078e+10
-1.67395e+10
-1.64588e+10
-1.84693e+10
-1.83903e+10
-1.83904e+10
-1.81118e+10
-1.80876e+10
-1.62675e+10
-1.831e+10
-1.85524e+10
-1.81078e+10
-1.73255e+10
-1.85446e+10
-1.84108e+10
-1.65896e+10
-1.67182e+10
-1.82274e+10
-1.65667e+10
-2.14403e+10
-1.92316e+10
-1.64009e+10
-1.62591e+10
-1.88066e+10
-1.8411e+10
-1.81116e+10
-1.63095e+10
-1.65516e+10
-1.84119e+10
-1.93607e+10
-1.13877e+10
-1.81042e+10
-1.81091e+10
-1.69027e+10
-1.81116e+10
-1.64704e+10
-1.81116e+10
-1.7933e+10
-1.86095e+10
-1.66761e+10
-1.8404e+10
-1.83462e+10
-1.81117e+10
-1.84418e+10
-1.63932e+10
-1.81117e+10
-1.68299e+10
-1.83785e+10
-1.84037e+10
-1.87587e+10
-1.84407e+10
-1.84524e+10
-1.70177e+10
-1.84641e+10
-1.84388e+10
-1.65906e+10
-1.87742e+10
-1.81119e+10
-1.89925e+10
-1.63083e+10
-1.84648e+10
-1.64854e+10
-1.84766e+10
-1.64804e+10
-1.21732e+10
-1.84823e+10
-1.85813e+10
-1.67046e+10
-1.81114e+10
-1.77e+10
-1.70878e+10
-1.84656e+10
-1.85178e+10
-1.84659e+10
-1.71584e+10
-1.84055e+10
-1.30345e+10
-1.68835e+10
-1.83829e+10
-1.84182e+10
-1.64297e+10
-1.84103e+10
-1.93435e+10
-1.81116e+10
-1.81119e+10
-1.81117e+10
-1.64177e+10
-1.81116e+10
-1.81114e+10
-1.83947e+10
-1.85966e+10
-1.81117e+10
-1.83823e+10
-1.72998e+10
-1.83944e+10
-1.84026e+10
-1.81129e+10
-1.81116e+10
-1.84242e+10
-1.81117e+10
-1.84049e+10
-1.8411e+10
-1.71533e+10
-1.81588e+10
-1.64592e+10
-1.83982e+10
-1.81063e+10
-1.64762e+10
-1.84205e+10
-1.40168e+10
-1.84025e+10
-1.83829e+10
-1.96424e+10
-1.81124e+10
-1.84827e+10
-1.83924e+10
-1.84793e+10
-1.81044e+10
-1.66802e+10
-1.81117e+10
-1.8057e+10
-1.84605e+10
-1.73039e+10
-1.68325e+10
-1.84064e+10
-1.84715e+10
-1.82571e+10
-1.84533e+10
-1.81119e+10
-1.84042e+10
-1.81117e+10
-1.8057e+10
-1.84829e+10
-1.8113e+10
-1.81117e+10
-1.28666e+10
-1.81118e+10
-1.81117e+10
-1.67072e+10
-1.83893e+10
8.26508e+10
-1.8504e+10
-1.8251e+10
-1.8408e+10
-1.8455e+10
-1.80476e+10
-1.84414e+10
-1.74902e+10
-1.8413e+10
-1.83771e+10
-1.8415e+10
-1.84083e+10
-1.81114e+10
-1.84408e+10
-1.83886e+10
-1.84082e+10
-1.83889e+10
-1.84422e+10
-1.81117e+10
-1.81117e+10
-1.81106e+10
-1.69716e+10
-1.81117e+10
-1.80802e+10
-1.81118e+10
-1.85222e+10
-1.66043e+10
-1.66512e+10
-1.84621e+10
-1.68239e+10
-1.84072e+10
-1.81147e+10
-1.81164e+10
-1.81117e+10
-1.66842e+10
-1.90466e+10
-1.81117e+10
-1.81115e+10
-1.84308e+10
-1.79854e+10
-1.81079e+10
-1.83965e+10
-1.82289e+10
-1.84078e+10
-1.83905e+10
-1.80708e+10
-1.81119e+10
-1.84205e+10
-1.81067e+10
-1.83941e+10
-1.39607e+10
-1.84096e+10
-1.80315e+10
-1.84269e+10
-1.81002e+10
-1.81118e+10
-1.84038e+10
-1.78653e+10
-1.8111e+10
-1.81117e+10
-1.8407e+10
-1.88617e+10
-1.84572e+10
-1.64404e+10
-1.81118e+10
-1.80773e+10
-1.83969e+10
-1.84028e+10
-1.8262e+10
-1.63984e+10
-1.84594e+10
-1.8113e+10
-1.64591e+10
-1.84404e+10
-1.84386e+10
-1.81117e+10
-1.83776e+10
-1.81117e+10
-1.64457e+10
-1.81117e+10
-1.80727e+10
-1.84407e+10
-1.81102e+10
-1.65765e+10
-1.84947e+10
-1.84934e+10
-1.81118e+10
-1.8444e+10
-1.81621e+10
-1.81102e+10
-1.83896e+10
-1.80306e+10
-1.66898e+10
-1.81112e+10
-1.84402e+10
-1.81117e+10
-1.81112e+10
-1.93592e+10
-1.83246e+10
-1.6406e+10
-1.8579e+10
-1.64569e+10
-1.69058e+10
-1.81002e+10
-1.62433e+10
-1.68496e+10
-1.6275e+10
-1.81002e+10
-1.81123e+10
-1.81116e+10
-1.80708e+10
-1.81116e+10
-1.6309e+10
-1.81116e+10
-1.84008e+10
-1.84894e+10
-1.95872e+10
-1.6466e+10
-1.8477e+10
-1.83768e+10
1.59826e+08
-1.82673e+10
-1.84098e+10
-1.80798e+10
-1.81112e+10
-1.81117e+10
-1.63548e+10
-2.29045e+10
-1.81117e+10
-1.74173e+10
-1.81116e+10
-1.64963e+10
-1.65529e+10
-1.84078e+10
-1.84039e+10
-1.66162e+10
-1.80698e+10
-1.78139e+10
-1.84092e+10
-1.84037e+10
-1.84042e+10
-1.80359e+10
-1.88883e+10
-1.84017e+10
-1.84142e+10
-1.81129e+10
-1.81116e+10
-1.8402e+10
-1.8441e+10
-1.83553e+10
-1.84073e+10
-1.84625e+10
-1.63312e+10
-1.83795e+10
-1.9044e+10
-1.65472e+10
-1.73727e+10
-1.65166e+10
-1.65125e+10
-1.84011e+10
-1.82266e+10
-1.87421e+10
-1.94259e+10
-1.84076e+10
-1.42584e+10
-1.64249e+10
-1.73519e+10
-1.81116e+10
-1.65121e+10
-1.80412e+10
-1.81117e+10
-1.77805e+10
-1.81117e+10
-1.83817e+10
-1.84489e+10
-1.81122e+10
-1.83743e+10
-1.8372e+10
-1.84972e+10
-1.72508e+10
-1.78109e+10
-1.86914e+10
-1.84423e+10
-1.81531e+10
-1.81149e+10
-1.8533e+10
-1.84091e+10
-1.83353e+10
-1.83828e+10
-1.84684e+10
-1.84373e+10
-1.80357e+10
-1.8398e+10
-1.84621e+10
-1.31691e+10
-1.83941e+10
-1.83582e+10
-1.77002e+10
-1.81119e+10
-1.8383e+10
-1.79992e+10
-1.80106e+10
-1.84793e+10
-1.84047e+10
-1.81627e+10
-1.84083e+10
-1.81116e+10
-1.81116e+10
-1.81117e+10
-1.8398e+10
-1.65136e+10
-1.81117e+10
-1.84059e+10
-1.81116e+10
-1.83979e+10
-1.81123e+10
-1.8111e+10
-1.75919e+10
-1.87363e+10
-1.84046e+10
-1.81117e+10
-1.81116e+10
-1.80496e+10
-1.84041e+10
-1.81117e+10
-1.81117e+10
-1.66879e+10
-1.81117e+10
-1.84028e+10
-1.84025e+10
-1.81106e+10
-1.65825e+10
-1.84319e+10
-1.8113e+10
-1.66803e+10
-1.84315e+10
-1.84424e+10
-1.84328e+10
-1.84156e+10
-1.8458e+10
-1.68341e+10
-1.65071e+10
-1.80363e+10
-1.84412e+10
-1.84291e+10
-1.84011e+10
-1.61674e+10
-1.81116e+10
-1.84094e+10
-1.83833e+10
-1.8485e+10
-1.80424e+10
-1.84145e+10
-1.84541e+10
-1.68528e+10
-1.80474e+10
-1.60948e+10
-1.8453e+10
-1.86344e+10
-1.81116e+10
-1.84652e+10
-1.84031e+10
-1.65281e+10
-1.84822e+10
-1.83879e+10
-1.83795e+10
-1.86227e+10
-1.84084e+10
-1.85838e+10
-1.80409e+10
-1.84393e+10
-1.70734e+10
-1.84047e+10
-1.84034e+10
-1.71433e+10
-1.84847e+10
-1.6321e+10
-1.84973e+10
-1.84034e+10
-1.83715e+10
-1.84258e+10
-1.64394e+10
-2.37208e+10
-1.81116e+10
-1.85896e+10
-1.84842e+10
-1.84025e+10
-1.84631e+10
-1.81111e+10
-1.8115e+10
-1.81119e+10
-1.84082e+10
-1.84595e+10
-1.78126e+10
-1.84946e+10
-2.28519e+10
-1.84022e+10
-1.84148e+10
-1.8728e+10
-1.64844e+10
-1.66114e+10
-2.12515e+10
-1.64666e+10
-1.81108e+10
-1.86717e+10
-2.13254e+10
-1.63541e+10
-1.66597e+10
-1.96946e+10
-1.8422e+10
-1.83784e+10
-1.78108e+10
-1.64916e+10
1.4047e+09
-1.81116e+10
-1.84684e+10
-1.8946e+10
-1.81117e+10
-1.67343e+10
-1.83827e+10
-1.83822e+10
8.25038e+10
-1.87233e+10
-1.81116e+10
-1.8115e+10
-1.8439e+10
-1.81116e+10
-1.81116e+10
-1.81117e+10
-1.74138e+10
-1.84174e+10
-1.78655e+10
-1.64883e+10
-1.80056e+10
-1.84124e+10
-1.73786e+10
-1.83767e+10
-1.84148e+10
-1.64677e+10
-1.81116e+10
-1.65556e+10
-1.92076e+10
-1.84558e+10
-1.86441e+10
-1.64906e+10
-1.88072e+10
-1.30855e+10
-1.83831e+10
-1.81116e+10
1.9872e+09
-1.68983e+10
-1.66433e+10
-1.64891e+10
-1.6952e+10
-1.70853e+10
-1.81117e+10
-1.86023e+10
-1.68846e+10
-1.84536e+10
-1.67949e+10
-1.88049e+10
-1.69524e+10
-1.95436e+10
-1.81064e+10
-1.65033e+10
-1.84577e+10
-1.69575e+10
-1.51489e+10
-1.86042e+10
-1.84402e+10
-1.84524e+10
-1.65e+10
-1.40153e+10
-1.8516e+10
-1.57129e+10
-1.69736e+10
-1.74106e+10
-1.87687e+10
-1.73957e+10
-1.83849e+10
-1.84605e+10
-1.70834e+10
-1.84406e+10
-1.64824e+10
-1.84933e+10
-1.6514e+10
-1.85062e+10
-1.7322e+10
-1.81116e+10
-1.84104e+10
-1.80709e+10
-1.66833e+10
-1.83455e+10
-1.86745e+10
-1.80458e+10
-1.65223e+10
-1.86201e+10
-1.74876e+10
-1.81496e+10
-1.83819e+10
-1.86487e+10
-1.652e+10
-1.8157e+10
-1.84661e+10
-1.84523e+10
-1.81117e+10
-1.81143e+10
-1.67029e+10
-1.65554e+10
4.84086e+10
-1.81117e+10
-1.84046e+10
-1.84071e+10
-1.66613e+10
-1.84382e+10
-1.8346e+10
-1.67842e+10
-1.85113e+10
-1.83795e+10
-1.81117e+10
-8.89307e+09
-1.81116e+10
-1.84575e+10
-1.80142e+10
-1.85635e+10
-1.8017e+10
-1.8111e+10
-1.8601e+10
-1.81118e+10
-1.80697e+10
-1.84473e+10
-1.63735e+10
-1.84396e+10
-1.84264e+10
-1.79147e+10
-1.73674e+10
-1.74121e+10
-1.85152e+10
-1.84292e+10
-1.23119e+10
-1.71541e+10
-1.84171e+10
-1.86361e+10
-1.63442e+10
-1.67185e+10
-1.66843e+10
-1.65479e+10
-1.7351e+10
1.99987e+08
-1.84654e+10
-1.70674e+10
-1.84028e+10
-1.84177e+10
-1.84162e+10
-1.81087e+10
-1.81144e+10
-1.8836e+10
-1.63544e+10
-1.81116e+10
-1.83812e+10
-1.7173e+10
-1.84315e+10
-1.81117e+10
-1.87473e+10
-1.80369e+10
-1.78095e+10
-1.84435e+10
-1.85875e+10
-1.83813e+10
-2.36328e+10
-1.66431e+10
-1.81087e+10
-1.84076e+10
-1.84096e+10
-1.82897e+10
-1.83825e+10
-1.81116e+10
-1.78137e+10
-1.94403e+10
-1.84087e+10
-1.81115e+10
-1.81117e+10
-1.85268e+10
-1.81117e+10
-1.81117e+10
-1.81042e+10
-1.84084e+10
-1.80881e+10
-1.81117e+10
-1.81117e+10
-1.63975e+10
-1.8113e+10
-1.8409e+10
-1.84559e+10
-1.85153e+10
-1.81117e+10
-1.88936e+10
-1.84153e+10
-1.82312e+10
-1.65398e+10
-1.81106e+10
-1.84055e+10
-1.81117e+10
-1.84108e+10
-1.81117e+10
-1.81116e+10
-1.81116e+10
-1.84274e+10
-1.84173e+10
-1.80357e+10
-1.84938e+10
-1.86148e+10
-1.69407e+10
-1.844e+10
-2.22218e+10
-1.65268e+10
-1.81117e+10
-1.65609e+10
-1.81116e+10
-1.83817e+10
-1.83988e+10
-1.81116e+10
-1.86635e+10
-1.91086e+10
-1.83831e+10
-1.70793e+10
-1.87222e+10
-1.84997e+10
-1.80698e+10
-1.79781e+10
-1.83787e+10
-1.81115e+10
-1.8464e+10
-1.72163e+10
-1.85484e+10
-1.85255e+10
-1.89609e+10
-1.85829e+10
-1.68379e+10
-1.84496e+10
-1.85563e+10
-1.81118e+10
-1.88328e+10
-1.64148e+10
-1.8505e+10
3.97882e+08
-1.85461e+10
-1.65648e+10
-1.64755e+10
-1.81117e+10
-1.63362e+10
-1.85807e+10
-1.65418e+10
-1.81117e+10
-1.86478e+10
-1.81118e+10
-1.81116e+10
-1.81117e+10
-1.81118e+10
-1.53672e+10
-1.73011e+10
-1.89356e+09
-1.8406e+10
-1.6507e+10
-1.82264e+10
-1.65113e+10
-1.65094e+10
-1.64831e+10
-1.62767e+10
-1.93942e+10
-1.84684e+10
-1.84031e+10
-1.84791e+10
-1.64888e+10
-1.64915e+10
-1.64499e+10
-1.81116e+10
-1.82317e+10
-1.85879e+10
-1.80816e+10
-2.00036e+10
-1.83292e+10
-1.83971e+10
-1.84387e+10
-1.81116e+10
-1.81117e+10
-1.84021e+10
-1.8115e+10
-1.83757e+10
-1.86145e+10
-1.84617e+10
-1.91369e+10
-1.86316e+10
-1.84088e+10
-1.07901e+10
-1.83879e+10
-1.81116e+10
-1.90885e+10
-1.89761e+10
-1.84773e+10
-1.86456e+10
-1.83829e+10
-1.8458e+10
-1.85242e+10
-1.84083e+10
-1.81116e+10
-1.80421e+10
-1.85093e+10
-1.89047e+10
-1.67007e+10
-1.84092e+10
-1.84142e+10
-1.65885e+10
-1.84113e+10
-1.73513e+10
-1.67582e+10
-1.81116e+10
-1.84148e+10
-1.7351e+10
-1.87628e+10
-1.81116e+10
-1.81116e+10
-1.84113e+10
-1.8438e+10
-1.8569e+10
-1.8428e+10
-1.84669e+10
2.33693e+11
-1.81117e+10
-1.85841e+10
-1.82307e+10
-1.81116e+10
-1.83992e+10
-1.81129e+10
-1.84886e+10
-1.74136e+10
-1.81117e+10
-1.84062e+10
-1.83851e+10
-1.84053e+10
-1.85748e+10
-1.85735e+10
-1.81122e+10
-1.84117e+10
-1.81117e+10
-1.84146e+10
-1.88159e+10
-1.83769e+10
-1.85195e+10
-1.8115e+10
-1.38596e+10
-1.84124e+10
-1.83851e+10
-1.81118e+10
-1.8597e+10
-1.84694e+10
-1.84114e+10
-1.81134e+10
-1.86126e+10
-1.82353e+10
-1.84175e+10
-1.95479e+10
-1.84926e+10
-1.84083e+10
-1.84461e+10
-2.02248e+10
-1.81117e+10
-1.88393e+10
-1.84425e+10
-1.85787e+10
-1.84092e+10
-1.84434e+10
-1.67646e+10
-1.64609e+10
-1.81092e+10
-1.8444e+10
-1.94311e+10
-1.81116e+10
-1.84116e+10
-1.81144e+10
-1.85397e+10
-1.81116e+10
-1.64591e+10
-1.65352e+10
-1.83813e+10
-1.62705e+10
-2.14516e+10
-1.8113e+10
-1.65961e+10
-1.84384e+10
-1.84946e+10
-1.85109e+10
-1.64869e+10
-1.84136e+10
-1.85727e+10
-1.81116e+10
-1.81116e+10
-1.84956e+10
-1.849e+10
-1.81117e+10
-1.81154e+10
-1.79323e+10
-1.8423e+10
-1.6702e+10
-1.65103e+10
-1.88019e+10
-1.65366e+10
1.21042e+09
-1.84093e+10
-1.67005e+10
-1.64351e+10
-1.84614e+10
-1.91024e+10
-1.84053e+10
-1.84561e+10
-1.63129e+10
-1.94737e+10
-1.69731e+10
-1.84399e+10
-1.84103e+10
-2.02104e+10
-1.72841e+10
-1.6439e+10
-1.63189e+10
-1.67714e+10
-1.85022e+10
-8.86182e+09
-1.83852e+10
-1.64828e+10
-1.80881e+10
-1.94273e+10
-1.84166e+10
-1.8383e+10
-1.9338e+10
-1.84235e+10
-1.8111e+10
-1.65045e+10
-1.8443e+10
-1.81117e+10
-1.84711e+10
-1.84892e+10
-1.84906e+10
-1.84704e+10
-1.62517e+10
-1.90384e+10
-1.6303e+10
-1.65119e+10
-1.84386e+10
-1.84871e+10
-1.66945e+10
-1.84102e+10
-1.8404e+10
-1.93322e+10
-1.84065e+10
-1.63996e+10
-1.81117e+10
-1.87687e+10
-1.83878e+10
-1.81144e+10
-1.8422e+10
-1.84972e+10
-1.66787e+10
-1.84066e+10
-2.2079e+10
-1.84976e+10
-1.73607e+10
-1.81119e+10
-1.84013e+10
-1.84878e+10
-1.7282e+10
-1.83818e+10
-1.83908e+10
-1.84108e+10
-1.84862e+10
-1.79612e+10
-1.71271e+10
-1.81116e+10
-1.83965e+10
-1.81119e+10
-2.21464e+10
-1.81117e+10
-1.83964e+10
-1.81114e+10
-1.84631e+10
2.36184e+11
-1.78084e+10
-1.8111e+10
-1.94782e+10
-1.81117e+10
-1.81117e+10
-1.84074e+10
-1.81116e+10
-1.6472e+10
-1.81147e+10
-1.84308e+10
-1.81114e+10
-1.87095e+10
-1.83783e+10
-1.84271e+10
-1.81117e+10
-1.8581e+10
-1.80625e+10
-1.83851e+10
-1.81116e+10
-1.68474e+10
-1.81116e+10
-2.36143e+10
-1.81118e+10
-1.91199e+10
-1.83849e+10
-1.81116e+10
-1.83763e+10
-1.83888e+10
-1.84518e+10
-1.6642e+10
-1.80625e+10
-1.61526e+10
4.85346e+10
-1.81121e+10
-1.89411e+10
-1.81116e+10
-1.81155e+10
-1.74876e+10
-1.83751e+10
-1.81117e+10
-1.9186e+10
-1.81089e+10
-1.86953e+10
-1.84109e+10
-1.7152e+10
-1.69296e+10
-1.84091e+10
-1.8382e+10
-1.65019e+10
-1.859e+10
-1.6559e+10
-1.81117e+10
-1.81107e+10
-1.85629e+10
-1.98813e+10
-1.84301e+10
-1.84648e+10
-1.85643e+10
-1.81122e+10
-1.81118e+10
-1.86069e+10
-1.86817e+10
-1.85654e+10
-1.62694e+10
-1.85687e+10
-1.56411e+10
-1.65464e+10
-1.81105e+10
-1.81116e+10
-1.81116e+10
-1.8487e+10
-1.65145e+10
-8.70572e+09
-1.84684e+10
-1.84727e+10
-1.88705e+10
-1.86307e+10
-1.8506e+10
-1.87199e+10
-2.22423e+10
-1.81116e+10
-1.80475e+10
-1.84275e+10
-1.83895e+10
-1.64388e+10
2.33636e+11
-1.81116e+10
-1.83907e+10
-1.84928e+10
-1.84015e+10
-1.81116e+10
-1.85004e+10
-1.74007e+10
-1.97006e+10
-1.81116e+10
-1.93805e+10
-1.76472e+10
-1.81117e+10
-1.8113e+10
-1.81117e+10
-1.81116e+10
-1.81117e+10
-1.81116e+10
-1.07157e+10
-1.85049e+10
-1.90901e+10
-1.87051e+10
-1.86151e+10
-1.85635e+10
-1.64837e+10
-1.84055e+10
-1.81116e+10
-1.81118e+10
-1.88896e+10
-1.84622e+10
-1.81116e+10
-1.84434e+10
-1.95741e+10
-1.81117e+10
-1.83959e+10
-1.84313e+10
-1.87146e+10
-1.65857e+10
-1.70515e+10
-1.8479e+10
-1.70895e+10
-1.85408e+10
-1.84161e+10
-1.87087e+10
-1.84041e+10
-1.8111e+10
-1.81063e+10
-1.73386e+10
-1.84081e+10
-1.81116e+10
-1.85154e+10
-1.83748e+10
-1.84231e+10
-1.81118e+10
-1.8541e+10
-1.4328e+10
-1.72468e+10
-1.84094e+10
-1.74755e+10
-1.84222e+10
-1.81117e+10
-1.84142e+10
-1.64492e+10
-2.27174e+10
-1.65852e+10
-1.75882e+10
-1.94262e+10
-1.81118e+10
-1.84196e+10
-1.83968e+10
-1.84313e+10
-1.84012e+10
-1.8412e+10
2.41109e+08
-1.3261e+10
-1.7019e+10
-8.83982e+09
-1.8441e+10
-1.84095e+10
-1.82281e+10
-1.65621e+10
-1.84109e+10
-1.64566e+10
-1.84398e+10
-1.84119e+10
-1.84764e+10
-1.81146e+10
-1.81116e+10
-1.66654e+10
-1.64539e+10
-1.72687e+10
-1.84101e+10
6.5058e+10
-1.64991e+10
-1.65665e+10
-1.65614e+10
-1.81067e+10
-1.80698e+10
-8.22455e+09
-1.80042e+10
-1.73058e+10
-1.84108e+10
-1.81118e+10
-1.83987e+10
-1.8404e+10
-1.68396e+10
8.25969e+10
-1.65772e+10
-1.81118e+10
-1.75919e+10
6.51211e+10
-1.84622e+10
-1.86013e+10
-1.86399e+10
-1.81119e+10
-1.84323e+10
-1.66038e+10
-1.8499e+10
-1.77296e+10
-1.84178e+10
-1.81117e+10
-1.84218e+10
-1.81119e+10
-1.65017e+10
-1.65269e+10
-1.75457e+10
-1.84406e+10
-1.84056e+10
-1.84405e+10
-1.81117e+10
-1.79861e+10
-1.73036e+10
-1.84054e+10
-1.80728e+10
-1.83808e+10
-1.80731e+10
-1.8057e+10
-1.84094e+10
-1.79859e+10
-1.88393e+10
-1.6581e+10
-1.84182e+10
-1.65327e+10
-1.84015e+10
-1.81117e+10
-1.7985e+10
-1.63044e+10
-1.85129e+10
-1.70738e+10
-1.79854e+10
-1.66526e+10
-1.65806e+10
-1.71476e+10
-1.55345e+10
-1.84045e+10
-1.84148e+10
-1.73851e+10
-1.8416e+10
-1.81119e+10
-1.81117e+10
-1.81117e+10
-1.81106e+10
-1.80395e+10
-1.81117e+10
-1.81116e+10
-1.84405e+10
-1.83571e+10
-1.81116e+10
-1.83821e+10
-1.84091e+10
-1.8113e+10
-1.84121e+10
-1.83921e+10
-1.8664e+10
-1.83812e+10
-1.82288e+10
-1.8394e+10
-1.73474e+10
-1.81043e+10
-1.65904e+10
-1.83801e+10
-1.84107e+10
-1.65377e+10
-1.8113e+10
-1.84081e+10
-1.84181e+10
-1.84402e+10
-1.84446e+10
-1.84425e+10
-1.81116e+10
-1.81113e+10
-1.85142e+10
-1.81118e+10
-1.81116e+10
-1.76993e+10
-1.63463e+10
-1.81116e+10
-1.84108e+10
-1.81117e+10
-1.82518e+10
-1.8675e+10
-1.81144e+10
-1.84058e+10
-1.57629e+10
-2.09666e+10
-1.63815e+10
-1.65813e+10
-1.64934e+10
-1.64848e+10
-1.65118e+10
-1.6588e+10
-1.84156e+10
-1.90482e+10
-1.84096e+10
-1.89765e+10
-1.81117e+10
-1.64976e+10
-1.81116e+10
-1.80967e+10
-1.81221e+10
-1.84985e+10
-1.85071e+10
-1.81064e+10
-1.8454e+10
-1.6431e+10
-1.65563e+10
-1.81116e+10
-1.81115e+10
-1.81116e+10
-1.81117e+10
-1.81117e+10
-1.81117e+10
-1.84584e+10
-1.84562e+10
-1.74299e+10
-1.68682e+10
-1.74164e+10
-1.74003e+10
-1.78291e+10
-1.9034e+10
-1.86506e+10
-1.82828e+10
-1.90525e+10
-1.81083e+10
-1.89633e+10
-1.82673e+10
-8.92078e+09
-8.91281e+09
-1.6722e+10
-1.68829e+10
6.52631e+10
-2.5972e+10
-5.4644e+10
-4.24531e+10
-5.11756e+10
-2.7969e+10
-2.62452e+10
-4.13744e+10
-2.90277e+10
-1.84396e+10
-1.83751e+10
-1.83678e+10
-1.83794e+10
-1.66285e+10
-1.81123e+10
-1.66281e+10
-1.81307e+10
-1.89046e+10
-1.66313e+10
-1.81279e+10
-1.81125e+10
-1.81116e+10
-1.81124e+10
-1.81119e+10
-1.81118e+10
-1.81118e+10
-1.81118e+10
-1.81118e+10
-1.81117e+10
-1.81116e+10
-1.81107e+10
-1.81111e+10
-1.81112e+10
-1.81107e+10
-1.81165e+10
-1.81169e+10
-1.81131e+10
-1.81114e+10
-1.81136e+10
-1.81123e+10
-1.81096e+10
-1.81135e+10
-1.81123e+10
-1.80348e+10
-1.80358e+10
-1.8383e+10
-1.83815e+10
-1.83721e+10
-1.83796e+10
-1.83772e+10
-1.83846e+10
-1.84051e+10
-1.84051e+10
-1.84098e+10
-1.841e+10
-1.83968e+10
-1.84072e+10
-1.84116e+10
-1.84119e+10
-1.84073e+10
-1.84118e+10
-1.84107e+10
-1.84096e+10
-1.84095e+10
-1.84103e+10
-1.84122e+10
-1.84133e+10
-1.84122e+10
-1.84131e+10
-1.84132e+10
-1.8412e+10
-1.84117e+10
-1.8412e+10
-1.84192e+10
-1.84178e+10
-1.84194e+10
-1.84286e+10
-1.84235e+10
-1.84315e+10
-1.84658e+10
-1.85671e+10
-1.85492e+10
-1.85843e+10
-1.86584e+10
-1.86901e+10
-1.8798e+10
-1.89142e+10
-1.99594e+10
-2.0257e+10
-1.98174e+10
-1.9976e+10
-2.02836e+10
-2.00069e+10
-2.04792e+10
-2.05127e+10
-2.04891e+10
-2.10481e+10
-2.10676e+10
-2.07873e+10
-2.21631e+10
-2.13823e+10
-2.46093e+10
-4.45721e+09
-6.94698e+09
-5.91363e+09
-1.97215e+10
-1.80698e+10
-2.87557e+10
-2.89028e+10
-1.31597e+10
-1.32353e+10
-7.02505e+09
-8.51108e+09
-8.40334e+09
-8.50731e+09
-1.57751e+10
-1.39742e+10
-1.07676e+10
-4.93883e+08
1.18543e+08
-3.55076e+08
-1.3048e+10
-1.4218e+09
-1.14126e+10
-1.78908e+10
-1.76975e+10
-1.61403e+10
-1.61524e+10
-1.61539e+10
-1.65584e+10
-1.69377e+10
-1.65682e+10
-1.65521e+10
-1.65088e+10
-1.63337e+10
-1.71861e+10
-1.6213e+10
-1.65108e+10
-1.67023e+10
-1.6657e+10
-1.66584e+10
-1.66638e+10
-1.65373e+10
-1.66404e+10
-1.65114e+10
-1.65811e+10
-1.65447e+10
-1.65413e+10
-1.70772e+10
-1.70789e+10
-1.826e+10
-1.71137e+10
-1.63181e+10
-1.94133e+10
-1.89047e+10
-1.89189e+10
-1.93428e+10
-1.93975e+10
-1.92309e+10
-1.92522e+10
-1.90469e+10
-1.92419e+10
-1.84664e+10
-1.8559e+10
-1.85684e+10
-1.87503e+10
-1.88484e+10
-1.87644e+10
-1.86487e+10
-1.85797e+10
-1.86414e+10
-1.85593e+10
-1.88226e+10
-1.88145e+10
-1.88431e+10
-1.88191e+10
-1.88328e+10
-1.88511e+10
-1.8836e+10
-1.81137e+10
-1.76754e+10
-1.81115e+10
-1.7671e+10
-1.7665e+10
-1.76446e+10
-1.80746e+10
-1.74688e+10
-1.73255e+10
-1.81348e+10
-1.74807e+10
-1.75659e+10
-1.81743e+10
-1.77865e+10
-1.78362e+10
-1.85393e+10
-1.84907e+10
-1.84659e+10
-1.84494e+10
-1.84573e+10
-1.84543e+10
-1.84551e+10
-1.84542e+10
-1.84512e+10
-1.84559e+10
-1.84554e+10
-1.84552e+10
-1.84545e+10
-1.84592e+10
-1.84559e+10
-1.84465e+10
-1.84503e+10
-1.8445e+10
-1.84563e+10
-1.84498e+10
-1.84472e+10
-1.84325e+10
-1.84314e+10
-1.84273e+10
-1.84192e+10
-1.84172e+10
-1.842e+10
-1.84176e+10
-1.83916e+10
-1.83912e+10
-1.83905e+10
-1.84128e+10
-1.84187e+10
-1.81087e+10
-1.81087e+10
-1.81105e+10
-1.81104e+10
-1.81108e+10
-1.81108e+10
-1.81107e+10
-1.81108e+10
-1.81108e+10
-1.81108e+10
-1.81108e+10
-1.81119e+10
-1.81119e+10
-1.81119e+10
-1.81119e+10
-1.81124e+10
-1.81122e+10
-1.81118e+10
-1.81124e+10
-1.81116e+10
-1.81116e+10
-1.81116e+10
-1.81116e+10
-1.81115e+10
-1.81116e+10
-1.81115e+10
-1.81117e+10
-1.81117e+10
-1.81115e+10
-1.81116e+10
-1.81116e+10
-1.81117e+10
-1.81116e+10
-1.81116e+10
-1.81116e+10
-1.89018e+10
-1.81117e+10
-1.81117e+10
-1.81117e+10
-1.81117e+10
-1.81117e+10
-1.81115e+10
-1.81115e+10
-1.81117e+10
-1.81118e+10
-1.81122e+10
-1.81096e+10
-1.81124e+10
-1.81134e+10
-1.80384e+10
-1.8038e+10
-1.81082e+10
-1.81108e+10
-1.84071e+10
-1.84122e+10
-1.84117e+10
-1.84181e+10
-1.84197e+10
-1.91419e+10
-2.06861e+10
-2.1087e+10
-4.86289e+09
-5.46883e+10
-6.16522e+09
-2.85363e+10
-6.66055e+09
-1.56349e+10
-1.30686e+10
6.05001e+08
3.37011e+08
-1.74788e+10
-1.52547e+10
-1.68602e+10
-1.68869e+10
-1.69826e+10
-1.67032e+10
-1.66667e+10
-1.8954e+10
-1.80385e+10
-1.94408e+10
-1.76494e+10
-1.93072e+10
-1.93094e+10
-1.90546e+10
-1.87723e+10
-1.87557e+10
-1.87159e+10
-1.87784e+10
-1.85835e+10
-1.88034e+10
-1.88461e+10
-1.88341e+10
-1.88361e+10
-1.81063e+10
-1.75977e+10
-1.76929e+10
-1.79639e+10
-1.76607e+10
-1.81101e+10
-1.85573e+10
-1.85388e+10
-1.84497e+10
-1.84557e+10
-1.84536e+10
-1.84473e+10
-1.84555e+10
-1.84483e+10
-1.84288e+10
-1.84459e+10
-1.84215e+10
-1.84175e+10
-1.84176e+10
-1.84248e+10
-1.84162e+10
-1.83904e+10
-1.84025e+10
-1.83909e+10
-1.81087e+10
-1.81107e+10
-1.81109e+10
-1.81119e+10
-1.81119e+10
-1.81122e+10
-1.81119e+10
-1.81124e+10
-1.81116e+10
-1.81116e+10
-1.81116e+10
-1.81116e+10
-1.81116e+10
-1.81108e+10
-1.81117e+10
-1.81116e+10
-1.81116e+10
-1.81116e+10
-1.81116e+10
-1.81116e+10
-1.81117e+10
-1.81117e+10
-1.81117e+10
-1.81117e+10
-1.81117e+10
-1.81117e+10
-1.81118e+10
-1.81117e+10
-1.81117e+10
-1.81117e+10
-1.81117e+10
-1.81117e+10
-1.81117e+10
-1.81117e+10
-1.81117e+10
-1.81117e+10
-1.81117e+10
-1.81117e+10
-1.81117e+10
-1.81117e+10
-1.81116e+10
-1.81116e+10
-1.81116e+10
-1.81115e+10
-1.81116e+10
-1.81116e+10
-1.81118e+10
-1.81116e+10
-1.81119e+10
-1.8112e+10
-1.81116e+10
-1.81119e+10
-1.81118e+10
-1.81115e+10
-1.8113e+10
-1.8113e+10
-1.81096e+10
-1.83901e+10
-1.84027e+10
-1.83958e+10
-1.84065e+10
-1.84063e+10
-1.83883e+10
-1.83848e+10
-1.8385e+10
-1.83834e+10
-1.83825e+10
-1.83823e+10
-1.83819e+10
-1.83722e+10
-1.83826e+10
-1.84088e+10
-1.84104e+10
-1.84107e+10
-1.84109e+10
-1.8412e+10
-1.84105e+10
-1.84117e+10
-1.84134e+10
-1.84115e+10
-1.84135e+10
-1.84236e+10
-1.84301e+10
-1.84329e+10
-1.8444e+10
-1.84452e+10
-1.84519e+10
-1.84484e+10
-1.84506e+10
-1.8457e+10
-1.8461e+10
-1.84604e+10
-1.84608e+10
-1.84695e+10
-1.84708e+10
-1.84641e+10
-1.8476e+10
-1.84932e+10
-1.84875e+10
-1.85203e+10
-1.85236e+10
-1.85305e+10
-1.85567e+10
-1.85557e+10
-1.8568e+10
-1.857e+10
-1.85629e+10
-1.8585e+10
-1.85884e+10
-1.85877e+10
-1.8617e+10
-1.86266e+10
-1.86289e+10
-1.88006e+10
-1.8771e+10
-1.87851e+10
-1.88366e+10
-1.89357e+10
-1.9957e+10
-1.98475e+10
-2.02168e+10
-2.00551e+10
-1.58603e+10
-1.78002e+10
-1.80248e+10
-1.79253e+10
-1.70403e+10
-1.75259e+10
-1.69043e+10
-1.69193e+10
-1.70135e+10
-1.66841e+10
-1.63525e+10
-1.67443e+10
-1.64438e+10
-1.63088e+10
-1.6152e+10
-1.32867e+10
-1.6468e+10
-1.6573e+10
-1.65095e+10
-1.63569e+10
-1.65477e+10
-1.64012e+10
-1.63426e+10
-1.6313e+10
-1.68849e+10
-1.63435e+10
-1.63331e+10
-1.63937e+10
-1.64979e+10
-1.64622e+10
-1.64833e+10
-1.71807e+10
-1.72132e+10
-1.74061e+10
-1.64669e+10
-1.64532e+10
-1.64544e+10
-1.64701e+10
-1.66355e+10
-1.6641e+10
-1.65305e+10
-1.65389e+10
-1.65155e+10
-1.64932e+10
-1.65513e+10
-1.70722e+10
-1.71796e+10
-1.80697e+10
-1.74316e+10
-1.72489e+10
-1.73289e+10
-1.7529e+10
-1.78868e+10
-1.78805e+10
-1.88086e+10
-1.89337e+10
-1.8738e+10
-1.92871e+10
-1.93612e+10
-1.92872e+10
-1.93153e+10
-1.8892e+10
-1.88909e+10
-1.87936e+10
-1.88384e+10
-1.88487e+10
-1.87992e+10
-1.87545e+10
-1.88125e+10
-1.87518e+10
-1.87056e+10
-1.87649e+10
-1.86619e+10
-1.86433e+10
-1.86844e+10
-1.86402e+10
-1.80698e+10
-1.86608e+10
-1.881e+10
-1.88479e+10
-1.82533e+10
-1.80814e+10
-1.7681e+10
-1.80674e+10
-1.8019e+10
-1.82627e+10
-1.78629e+10
-1.80386e+10
-1.81711e+10
-1.80843e+10
-1.83663e+10
-1.83681e+10
-1.83509e+10
-1.81108e+10
-1.85588e+10
-1.85854e+10
-1.85087e+10
-1.85195e+10
-1.85073e+10
-1.84837e+10
-1.84872e+10
-1.84953e+10
-1.84746e+10
-1.84694e+10
-1.84721e+10
-1.84686e+10
-1.8467e+10
-1.84674e+10
-1.84659e+10
-1.84634e+10
-1.84626e+10
-1.84645e+10
-1.84574e+10
-1.84546e+10
-1.84518e+10
-1.84556e+10
-1.84526e+10
-1.84498e+10
-1.84481e+10
-1.84409e+10
-1.84412e+10
-1.84395e+10
-1.84388e+10
-1.84376e+10
-1.84376e+10
-1.84314e+10
-1.84344e+10
-1.82547e+10
-1.84245e+10
-1.84001e+10
-1.84169e+10
-1.8111e+10
-1.81107e+10
-1.8111e+10
-1.8111e+10
-1.8111e+10
-1.81112e+10
-1.81118e+10
-1.81116e+10
-1.81116e+10
-1.81121e+10
-1.81119e+10
-1.81122e+10
-1.81116e+10
-1.82609e+10
-1.81116e+10
-1.81117e+10
-1.81116e+10
-1.81117e+10
-1.81117e+10
-1.81117e+10
-1.81117e+10
-1.66384e+10
-1.81116e+10
-1.81116e+10
-1.81116e+10
-1.81116e+10
-1.81117e+10
-1.81117e+10
-1.81117e+10
-1.81117e+10
-1.81117e+10
-1.81117e+10
-1.81117e+10
-1.81117e+10
-4.45193e+10
-1.71264e+10
-1.72396e+10
-1.84103e+10
-1.84064e+10
-1.84054e+10
-1.81117e+10
-1.81117e+10
-1.81117e+10
-1.81117e+10
-1.81117e+10
-1.81117e+10
-1.81117e+10
-1.81117e+10
-1.81117e+10
-1.81117e+10
-1.81116e+10
-1.81116e+10
-1.81117e+10
-1.81116e+10
-1.81116e+10
-1.81116e+10
-1.81116e+10
-1.81116e+10
-1.81116e+10
-1.83523e+10
-1.81116e+10
-1.81116e+10
-1.81116e+10
-1.81118e+10
-1.81121e+10
-1.81119e+10
-1.81118e+10
-1.8112e+10
-1.81081e+10
-1.81063e+10
-1.83965e+10
-1.84014e+10
-1.84019e+10
-1.84017e+10
-1.84053e+10
-1.84026e+10
-1.84045e+10
-1.84044e+10
-1.84033e+10
-1.83921e+10
-1.83841e+10
-1.89998e+10
-1.90857e+10
-1.90782e+10
-1.90565e+10
-1.84916e+10
-1.84049e+10
-1.84058e+10
-1.84107e+10
-1.84085e+10
-1.84106e+10
-1.84102e+10
-1.84107e+10
-1.84102e+10
-1.84094e+10
-1.84105e+10
-1.84199e+10
-1.84176e+10
-1.84287e+10
-1.84282e+10
-1.84308e+10
-1.8433e+10
-1.84362e+10
-1.84378e+10
-1.84395e+10
-1.84396e+10
-1.84396e+10
-1.84388e+10
-1.84407e+10
-1.84406e+10
-1.84417e+10
-1.84406e+10
-1.8457e+10
-1.84613e+10
-1.84521e+10
-1.84413e+10
-1.84595e+10
-1.84691e+10
-1.84566e+10
-1.84756e+10
-1.85495e+10
-1.84804e+10
-1.84807e+10
-1.84816e+10
-1.88248e+10
-1.85635e+10
-1.84843e+10
-1.84851e+10
-1.84835e+10
-1.84866e+10
-1.84903e+10
-1.84913e+10
-1.8491e+10
-1.85476e+10
-1.85841e+10
-1.89136e+10
-1.85201e+10
-1.86424e+10
-1.65297e+10
-1.65478e+10
-1.93838e+10
-2.01026e+10
-1.94289e+10
-1.9256e+10
-1.9465e+10
-1.87082e+10
-1.8138e+10
-1.66223e+10
-1.68958e+10
-1.65139e+10
-1.73319e+10
-1.75824e+10
-1.75651e+10
-1.74686e+10
-1.76026e+10
-1.74263e+10
-1.74545e+10
-1.62469e+10
-1.62571e+10
-1.64303e+10
-1.667e+10
-1.65353e+10
-1.65841e+10
-1.66163e+10
-1.65571e+10
-1.64991e+10
-1.63724e+10
-1.32677e+10
-1.64729e+10
-1.64788e+10
-1.64376e+10
-1.64987e+10
-1.65556e+10
-1.64153e+10
-1.64459e+10
-1.64661e+10
-1.66045e+10
-1.63957e+10
-1.64268e+10
-1.64555e+10
-1.64518e+10
-1.63639e+10
-1.63573e+10
-1.64023e+10
-1.65587e+10
-1.63676e+10
-1.64186e+10
-1.65269e+10
-1.74352e+10
-1.67816e+10
-1.73756e+10
-1.75591e+10
-1.75537e+10
-1.64551e+10
-1.64453e+10
-1.64264e+10
-1.64421e+10
-1.64954e+10
-1.64882e+10
-1.6498e+10
-1.64985e+10
-1.65009e+10
-1.64759e+10
-1.64942e+10
-1.64894e+10
-1.64907e+10
-1.65536e+10
-1.64971e+10
-1.64967e+10
-1.66984e+10
-1.65273e+10
-1.67227e+10
-1.67079e+10
-1.68245e+10
-1.6969e+10
-1.66819e+10
-1.68382e+10
-1.79337e+10
-1.7789e+10
-1.87188e+10
-1.79567e+10
-1.86465e+10
-1.88119e+10
-1.89296e+10
-1.88645e+10
-1.87981e+10
-1.89068e+10
-1.89312e+10
-1.88563e+10
-1.88932e+10
-1.87978e+10
-1.88138e+10
-1.87115e+10
-1.87256e+10
-1.86811e+10
-1.872e+10
-1.86288e+10
-1.8602e+10
-1.85882e+10
-1.84656e+10
-1.83761e+10
-1.83061e+10
-1.82423e+10
-1.81221e+10
-1.82822e+10
-1.82042e+10
-1.83263e+10
-1.83259e+10
-1.84223e+10
-1.84065e+10
-1.85831e+10
-1.85737e+10
-1.8551e+10
-1.83305e+10
-1.86024e+10
-1.8597e+10
-1.86107e+10
-1.85959e+10
-1.85098e+10
-1.85067e+10
-1.85636e+10
-1.85003e+10
-1.85023e+10
-1.84836e+10
-1.84781e+10
-1.84773e+10
-1.84715e+10
-1.84799e+10
-1.84743e+10
-1.84746e+10
-1.8476e+10
-1.84725e+10
-1.84732e+10
-1.84658e+10
-1.84726e+10
-1.84717e+10
-1.84644e+10
-1.84699e+10
-1.84536e+10
-1.84561e+10
-1.84535e+10
-1.84654e+10
-1.84512e+10
-1.86659e+10
-1.84459e+10
-1.84479e+10
-1.84512e+10
-1.84422e+10
-1.84414e+10
-1.84412e+10
-1.84418e+10
-1.84401e+10
-1.84413e+10
-1.84413e+10
-1.84385e+10
-1.84396e+10
-1.84384e+10
-1.8438e+10
-1.84382e+10
-1.84382e+10
-1.84355e+10
-1.84293e+10
-1.8425e+10
-1.84341e+10
-1.84254e+10
-1.83979e+10
-1.81128e+10
-1.80273e+10
-1.8113e+10
-1.81123e+10
-1.8111e+10
-1.81128e+10
-1.81114e+10
-1.81128e+10
-1.81121e+10
-1.81122e+10
-1.81117e+10
-1.81122e+10
-1.81116e+10
-1.81116e+10
-1.81116e+10
-1.81116e+10
-1.81116e+10
-1.81116e+10
-1.81116e+10
-1.81116e+10
-1.81116e+10
-1.81116e+10
-1.81116e+10
-1.81116e+10
-1.81116e+10
-1.81116e+10
-1.81117e+10
-1.81117e+10
-1.81117e+10
-1.81117e+10
-1.81117e+10
-1.81117e+10
-1.81117e+10
-1.81117e+10
-1.8784e+10
-1.8648e+10
-1.74781e+10
-1.72904e+10
-1.74061e+10
-1.74409e+10
-1.71907e+10
-1.71822e+10
-1.73057e+10
-1.84096e+10
-1.84097e+10
-1.65475e+10
-1.84091e+10
-1.84092e+10
-1.84226e+10
-1.84037e+10
-1.84081e+10
-1.84024e+10
-1.81117e+10
-1.81117e+10
-1.81117e+10
-1.81117e+10
-1.81118e+10
-1.81127e+10
-1.81118e+10
-1.81129e+10
-1.65486e+10
-1.65308e+10
-1.65528e+10
-1.65525e+10
-1.65896e+10
-1.81117e+10
-1.81117e+10
-1.81117e+10
-1.81117e+10
-1.81117e+10
-1.81116e+10
-1.81117e+10
-1.81116e+10
-1.81116e+10
-1.81116e+10
-1.81116e+10
-1.81116e+10
-1.81117e+10
-1.81117e+10
-1.81116e+10
-1.81117e+10
-1.81118e+10
-1.84057e+10
-1.84036e+10
-1.84042e+10
-1.84032e+10
-1.86488e+10
-1.86942e+10
-1.87213e+10
-1.8601e+10
-1.84087e+10
-1.84097e+10
-1.84111e+10
-1.8406e+10
-1.84059e+10
-1.84084e+10
-1.84109e+10
-1.84054e+10
-1.8414e+10
-1.84112e+10
-1.84122e+10
-1.84129e+10
-1.84128e+10
-1.84189e+10
-1.84272e+10
-1.84291e+10
-1.84407e+10
-1.84427e+10
-1.8449e+10
-1.8443e+10
-1.84595e+10
-1.84713e+10
-1.84659e+10
-1.84702e+10
-1.8482e+10
-1.84741e+10
-1.84765e+10
-1.85066e+10
-1.85053e+10
-1.8512e+10
-1.81117e+10
-1.81117e+10
-1.90539e+10
-1.90361e+10
-1.94071e+10
-1.94689e+10
-1.87114e+10
-1.81887e+10
-1.77359e+10
-1.77119e+10
-1.80288e+10
-1.73812e+10
-1.73991e+10
-1.7389e+10
-1.7412e+10
-1.74285e+10
-1.74572e+10
-1.66903e+10
-1.62805e+10
-1.67311e+10
-1.68179e+10
-1.65325e+10
-1.65843e+10
-1.65686e+10
-1.64867e+10
-1.6554e+10
-1.65918e+10
-1.64766e+10
-1.64835e+10
-1.63978e+10
-1.64181e+10
-1.63863e+10
-1.64161e+10
-1.64217e+10
-1.64917e+10
-1.64785e+10
-1.64453e+10
-1.86111e+10
-1.85648e+10
-1.86134e+10
-1.64823e+10
-1.64959e+10
-1.65372e+10
-1.65058e+10
-1.65282e+10
-1.65289e+10
-1.66691e+10
-1.87782e+10
-1.87319e+10
-1.87256e+10
-1.86689e+10
-1.85837e+10
-1.83676e+10
-1.85711e+10
-1.85833e+10
-1.81117e+10
-1.81121e+10
-1.81116e+10
-1.81117e+10
-1.81116e+10
-1.81116e+10
-1.81116e+10
-1.81116e+10
-1.81116e+10
-1.81116e+10
-1.81116e+10
-1.81116e+10
-1.81116e+10
-1.81116e+10
-1.81116e+10
-1.6513e+10
-1.88999e+10
-1.90026e+10
-1.88798e+10
-1.8404e+10
-1.81117e+10
-1.8812e+10
-1.83736e+10
-1.81127e+10
-1.89505e+10
-1.64358e+10
-1.64736e+10
-1.81116e+10
-1.81116e+10
-1.65411e+10
-1.65591e+10
-1.64785e+10
-1.65054e+10
-1.85585e+10
-1.88114e+10
-1.87643e+10
-1.88327e+10
-1.81282e+10
-1.8376e+10
-1.84342e+10
-1.84374e+10
-1.84145e+10
-1.81115e+10
-1.81119e+10
-1.8112e+10
-1.81116e+10
-1.81116e+10
-1.81117e+10
-1.8337e+10
-1.84051e+10
-1.81116e+10
-1.81116e+10
-1.81121e+10
-1.84444e+10
-1.84622e+10
-1.81117e+10
-1.85281e+10
-1.8559e+10
-1.73798e+10
-1.65595e+10
-1.66628e+10
-1.65641e+10
-1.62458e+10
-1.8354e+10
-1.85756e+10
-1.76117e+10
-1.77747e+10
-1.74665e+10
-1.88953e+10
-1.88327e+10
-1.8959e+10
-1.88327e+10
-1.85882e+10
-1.84414e+10
-1.84419e+10
-1.84368e+10
-1.81116e+10
-1.8112e+10
-1.81119e+10
-1.81117e+10
-1.81117e+10
-1.8931e+10
-1.88759e+10
-1.81119e+10
-1.87162e+10
-1.84722e+10
-1.84429e+10
-1.81117e+10
-1.84392e+10
-1.86799e+10
-1.65445e+10
-1.66714e+10
-1.81117e+10
-1.81117e+10
-1.86525e+10
-1.81117e+10
-1.81117e+10
-1.7622e+10
-1.91972e+10
-8.93773e+09
-1.81117e+10
-2.57239e+10
-2.62179e+10
-1.83767e+10
-1.81117e+10
-1.81294e+10
-1.66589e+10
-1.81123e+10
-1.81122e+10
-1.841e+10
-1.81116e+10
-1.84121e+10
-1.81116e+10
-2.07475e+10
-6.71025e+09
-1.53255e+10
-1.55318e+10
-1.66302e+10
-1.89269e+10
-1.90404e+10
-1.89876e+10
-1.87468e+10
-1.75728e+10
-1.84508e+10
-1.84365e+10
-1.84543e+10
-1.84393e+10
-1.84416e+10
-1.84538e+10
-1.84169e+10
-1.84188e+10
-1.83896e+10
-1.81105e+10
-1.84705e+10
-1.81108e+10
-1.81107e+10
-1.81109e+10
-1.81119e+10
-1.84752e+10
-1.81119e+10
-1.84773e+10
-1.81116e+10
-1.81117e+10
-1.81108e+10
-1.81116e+10
-1.81116e+10
-1.81108e+10
-1.81117e+10
-1.93522e+10
-1.83416e+10
-1.85729e+10
-1.84368e+10
-1.8389e+10
-1.81119e+10
-1.81118e+10
-1.81116e+10
-1.85633e+10
-1.81116e+10
-1.81114e+10
-1.81122e+10
-1.84327e+10
-1.8551e+10
-1.85572e+10
-1.76143e+10
-1.65594e+10
-1.66213e+10
-1.88262e+10
-1.87696e+10
-1.87679e+10
-1.81644e+10
-1.83435e+10
-1.85026e+10
-1.84375e+10
-1.84139e+10
-1.8111e+10
-1.81118e+10
-1.8112e+10
-1.81117e+10
-1.81116e+10
-1.87047e+10
-1.81117e+10
-1.81117e+10
-1.84057e+10
-1.81117e+10
-1.88162e+10
-1.81116e+10
-1.81116e+10
-1.84098e+10
-1.88662e+10
-1.84297e+10
-1.84544e+10
-1.84769e+10
-1.85391e+10
-1.85657e+10
-1.85356e+10
-1.77559e+10
-1.63769e+10
-1.65046e+10
-1.81118e+10
-1.81118e+10
-1.81118e+10
-1.81118e+10
-1.90063e+10
-1.90592e+10
-1.90047e+10
-1.89855e+10
)
;

boundaryField
{
    Wall
    {
        type            zeroGradient;
    }
    Inlet
    {
        type            zeroGradient;
    }
    Outlet
    {
        type            fixedValue;
        value           uniform 0;
    }
    Empty
    {
        type            empty;
    }
}


// ************************************************************************* //
