/*--------------------------------*- C++ -*----------------------------------*\
| =========                 |                                                 |
| \\      /  F ield         | OpenFOAM: The Open Source CFD Toolbox           |
|  \\    /   O peration     | Version:  2312                                  |
|   \\  /    A nd           | Website:  www.openfoam.com                      |
|    \\/     M anipulation  |                                                 |
\*---------------------------------------------------------------------------*/
FoamFile
{
    version     2.0;
    format      ascii;
    arch        "LSB;label=32;scalar=64";
    class       Cloud<basicKinematicCollidingParcel>;
    location    "0.19995/lagrangian/kinematicCloud";
    object      coordinates;
}
// * * * * * * * * * * * * * * * * * * * * * * * * * * * * * * * * * * * * * //

48
(
(0.345535 0.150688 0.448855 0.054922) 9567 32206 2
(0.464975 0.239186 0.0171668 0.278672) 10682 34797 1
(0.148439 0.767514 0.00829474 0.0757526) 9566 32198 1
(5.10965e-05 0.110062 0.25723 0.632656) 9566 32200 2
(0.0831404 0.337296 0.383813 0.195751) 10684 34807 1
(0.146141 0.376055 0.434736 0.0430677) 10684 34807 1
(0.120619 0.119083 0.181106 0.579191) 9564 13366 2
(0.520919 0.0203656 0.399355 0.0593605) 9568 32211 1
(0.351875 0.22853 0.306593 0.113001) 9564 32183 1
(0.0624599 0.437454 0.0412871 0.458799) 2687 13516 1
(0.372216 0.154666 0.217108 0.25601) 10161 33678 1
(0.752306 0.0475522 0.119606 0.0805362) 10164 33733 2
(0.104719 0.251034 0.276007 0.368239) 1098 5766 1
(0.112381 0.522654 0.169421 0.195544) 2687 13516 1
(0.0579657 0.0884766 0.311482 0.542075) 10116 33604 2
(0.160329 0.296488 0.233001 0.310183) 10164 33133 2
(0.00729875 0.517163 0.262956 0.212582) 9920 33133 1
(0.0942201 0.375373 0.10171 0.428698) 1958 9615 1
(0.0471816 0.0350569 0.102845 0.814917) 2641 13231 1
(0.0376048 0.0203141 0.606849 0.335232) 51 282 2
(0.466913 0.325045 0.0810459 0.126996) 1093 5708 1
(0.285363 0.200378 0.457102 0.0571578) 9556 32156 2
(0.136014 0.090412 0.0621323 0.711442) 1086 5674 3
(0.124682 0.212904 0.25541 0.407004) 51 281 2
(0.207532 0.291323 0.272153 0.228991) 10509 12003 2
(0.797092 0.121142 0.0145472 0.0672193) 10509 32215 2
(0.0238556 0.307684 0.37269 0.295771) 9920 8509 1
(0.215824 0.279143 0.254007 0.251025) 10509 12003 1
(0.0480146 0.29021 0.532812 0.128964) 2631 13166 2
(0.293865 0.0740971 0.24744 0.384597) 2610 13044 1
(0.0512673 0.56111 0.286041 0.101582) 2404 11825 3
(0.807663 0.0233644 0.0580812 0.110891) 9919 33078 1
(0.0252003 0.544552 0.256957 0.17329) 9919 8503 2
(0.024993 0.0204421 0.196801 0.757763) 10429 11336 2
(0.360711 0.0899386 0.393268 0.156082) 9896 33070 1
(0.331662 0.271252 0.0058692 0.391216) 10494 34421 1
(0.462065 0.114129 0.27429 0.149516) 1659 8023 3
(0.0439624 0.765237 0.0155428 0.175258) 2390 11739 2
(0.267216 0.475749 0.0961389 0.160896) 1708 8315 1
(0.102987 0.117287 0.0595211 0.720205) 2390 11611 1
(0.226202 0.0369758 0.390293 0.346529) 6269 24155 2
(0.588853 0.220028 0.164988 0.026131) 1693 8221 1
(0.0248086 0.314642 0.061184 0.599366) 1692 5196 3
(0.218736 0.273522 0.370115 0.137628) 1009 5196 3
(0.482966 0.28464 0.179023 0.0533712) 10392 1804 2
(0.251594 0.501025 0.131345 0.116035) 379 1899 1
(0.00954721 0.463681 0.263641 0.263131) 9772 7853 1
(0.585931 0.163674 0.103932 0.146462) 4484 7842 1
)


// ************************************************************************* //
