/*--------------------------------*- C++ -*----------------------------------*\
| =========                 |                                                 |
| \\      /  F ield         | OpenFOAM: The Open Source CFD Toolbox           |
|  \\    /   O peration     | Version:  2312                                  |
|   \\  /    A nd           | Website:  www.openfoam.com                      |
|    \\/     M anipulation  |                                                 |
\*---------------------------------------------------------------------------*/
FoamFile
{
    version     2.0;
    format      ascii;
    arch        "LSB;label=32;scalar=64";
    class       volScalarField;
    location    "8.4";
    object      p;
}
// * * * * * * * * * * * * * * * * * * * * * * * * * * * * * * * * * * * * * //

dimensions      [0 2 -2 0 0 0 0];

internalField   nonuniform List<scalar> 
2958
(
-1.40688e+27
-4.72188e+21
-3.39194e+21
-4.65924e+26
-3.27329e+21
-3.39196e+21
6.57714e+24
-1.30179e+24
-3.25658e+21
-1.29029e+24
-2.09692e+25
-3.24516e+28
-9.48358e+24
-3.25045e+28
-5.3266e+23
-6.67687e+26
-3.17683e+21
-1.33394e+25
-3.25415e+28
-3.48497e+28
-3.23022e+28
-3.34971e+21
-3.18002e+28
-8.67719e+22
-1.0608e+25
2.12142e+24
-8.13195e+21
-6.48035e+24
-4.69711e+27
-2.51819e+25
1.40834e+25
-3.05123e+21
-2.83439e+28
-3.39382e+21
-4.5553e+23
2.20941e+24
-3.19434e+28
-3.18133e+28
-2.39268e+27
-6.86406e+22
4.74966e+24
2.85536e+24
7.79179e+24
4.96495e+26
-3.24332e+28
-3.40912e+21
-9.63177e+24
-3.18679e+21
-4.68569e+26
-1.36121e+28
-7.27787e+26
-1.03652e+22
-1.77105e+23
-9.5129e+24
-7.91505e+26
-7.75801e+22
-1.36236e+25
-1.6251e+23
-3.18656e+26
4.80899e+24
-6.43618e+26
-1.35591e+27
3.38958e+24
-2.37529e+25
-3.24458e+28
-3.25351e+28
-8.82823e+24
-8.54575e+21
-1.00955e+28
-1.58796e+27
-3.28311e+21
-3.2463e+28
-4.79747e+21
-2.41876e+26
-3.25829e+28
-7.52057e+24
-6.80394e+26
3.90063e+24
-3.1729e+28
-8.43119e+26
-1.001e+25
-3.27418e+21
-5.76994e+24
-5.79556e+24
7.13184e+26
-8.56417e+24
-3.41436e+21
-8.82893e+24
-4.77068e+21
-2.78752e+28
5.31262e+23
-4.08144e+21
-2.57291e+24
-3.25485e+28
-4.40576e+21
5.75394e+22
-6.43321e+26
-5.34981e+26
-3.24951e+28
-3.2468e+28
-4.63798e+26
-5.84292e+26
1.53665e+22
-3.60758e+21
-3.13335e+28
-7.86527e+27
-3.24612e+28
-4.75082e+26
-3.24549e+28
6.01489e+22
-4.14503e+26
-8.75271e+26
-3.25754e+28
-5.68167e+24
-3.25016e+28
-3.25353e+28
-6.47918e+24
-8.68118e+26
-3.44066e+21
-7.04316e+26
-1.36711e+27
-3.24503e+28
-2.42106e+24
-5.55369e+22
-4.21007e+26
-6.20711e+26
-7.0579e+26
-3.91737e+21
-8.06098e+26
-3.2582e+28
-3.26746e+28
-3.30284e+28
-8.58059e+26
-3.24647e+28
-3.32957e+28
-3.24809e+28
-4.89987e+24
2.74829e+28
-3.24569e+28
-3.24936e+28
-3.14835e+27
-3.7499e+21
-3.21537e+28
-3.25298e+28
-6.50088e+26
-3.222e+21
-3.25905e+28
-3.23917e+28
-3.72598e+21
-3.24487e+28
-3.47428e+28
-6.46472e+26
-3.64898e+24
-1.17704e+28
-2.29976e+25
-3.36177e+28
-3.04527e+28
-7.91724e+26
9.08159e+24
-8.18319e+22
-2.32678e+25
-2.9855e+24
-4.8996e+25
-3.24434e+28
-4.33083e+22
-1.71312e+27
-2.06302e+28
-3.25122e+28
-4.5632e+22
-3.40922e+21
-3.20524e+21
-3.24618e+28
-3.19599e+28
-5.09937e+21
-3.17307e+28
-3.41612e+21
-3.3589e+21
-4.69943e+21
-1.53588e+28
-1.0097e+28
-1.91906e+28
-3.56618e+21
-1.44475e+25
-4.56244e+26
-4.67115e+21
-3.56447e+21
4.34023e+21
-3.24546e+28
-3.37253e+21
-4.40322e+26
-3.10429e+21
-1.70374e+22
-3.27478e+21
-6.10506e+22
-8.78492e+21
-4.63061e+27
-4.53472e+21
-3.18206e+21
-3.94323e+26
-5.07137e+22
-4.19189e+23
-3.24647e+28
-1.80575e+27
-4.88227e+21
9.79609e+22
4.43151e+24
-2.37987e+27
4.4811e+24
-3.42012e+21
-4.6848e+26
-3.25063e+28
-2.78727e+28
-3.27812e+28
-4.27666e+21
-3.26189e+28
-1.86811e+21
-2.21362e+25
-3.24918e+28
-3.24946e+28
-3.25028e+28
-3.25181e+28
-4.80841e+21
1.05251e+25
-3.47221e+21
-4.31124e+26
-7.4469e+26
-6.39117e+24
-3.2495e+28
-3.47331e+21
-3.08999e+21
-1.29962e+22
-3.21293e+21
-3.61558e+21
-3.33247e+21
-4.67068e+27
-3.25189e+28
-3.25839e+28
-7.0031e+26
-3.25843e+28
-5.23441e+26
-3.25411e+28
-5.24941e+26
-6.52121e+26
-6.25194e+24
9.60004e+25
3.06076e+24
-6.51042e+23
-6.03216e+24
-1.61951e+25
-1.41724e+26
-2.40473e+24
-8.48609e+23
-2.82148e+25
-2.78251e+21
-4.96353e+26
-6.20243e+21
-2.11307e+26
-3.72464e+21
-8.49241e+25
-3.33676e+21
-6.72837e+26
-3.12982e+28
-3.29065e+21
4.78755e+24
-2.31067e+28
-5.97288e+24
-1.38799e+24
-1.78243e+26
-1.95544e+28
-3.09709e+28
-3.19034e+28
-3.43123e+21
-1.93165e+26
-3.1945e+28
-4.21348e+21
-1.92457e+26
-3.25201e+28
-3.24199e+21
-3.23551e+28
-3.84585e+21
-3.24542e+28
-3.25904e+28
-2.31005e+28
-6.04756e+24
-2.87363e+21
-3.2472e+28
-1.15657e+28
-6.28515e+26
-4.47905e+26
-3.65193e+25
-8.68944e+22
-2.46424e+21
-3.25104e+28
-3.24105e+28
-1.20514e+25
-3.24597e+21
-3.24931e+28
-6.72148e+26
-3.24948e+28
-1.45918e+25
-1.68361e+25
-3.23852e+21
-3.72433e+21
-1.85227e+21
-6.53486e+26
-4.49691e+21
-3.98968e+26
-3.12979e+28
-1.83572e+25
-6.32044e+26
-3.2503e+28
-6.59015e+26
-6.90089e+26
-3.25184e+28
-3.73026e+21
-4.31314e+26
-3.27053e+21
1.1233e+25
-3.44264e+21
-1.82316e+26
-3.23086e+21
-3.40305e+21
-5.74956e+25
-9.31865e+21
-3.40855e+21
-3.09699e+28
-8.94865e+26
-3.16136e+28
-4.52065e+26
6.3872e+24
-3.4088e+21
-1.42675e+25
-3.2242e+28
-3.24658e+28
-3.33924e+21
-3.24612e+28
-5.05552e+26
4.48225e+24
-5.05702e+26
-3.24927e+28
-9.78694e+24
-3.67339e+21
-3.17916e+21
-3.31247e+21
-3.24604e+28
-1.42447e+22
-3.24604e+28
-1.06077e+23
-7.88369e+26
-6.42763e+26
-1.31835e+23
-8.70052e+22
-3.33471e+21
-5.75105e+26
-1.4377e+22
-8.47626e+25
-3.25027e+28
-9.10604e+25
-3.33336e+21
8.69864e+26
6.34477e+24
-7.55554e+26
-4.6602e+26
-1.33146e+28
-2.8487e+25
-2.97365e+21
9.87682e+24
-6.28334e+26
-6.27782e+26
-2.99813e+21
-5.18911e+22
-3.25207e+21
-3.25024e+28
-4.91412e+26
-5.22964e+25
1.50136e+21
-8.02386e+26
-6.41417e+22
-3.19645e+21
-3.40309e+21
-6.61304e+26
-3.56041e+24
-3.26286e+28
-7.55919e+25
-3.34954e+21
-3.06933e+28
-1.77116e+26
-3.18462e+21
-2.92793e+28
-3.29354e+28
-1.22849e+24
-3.2484e+28
1.4027e+27
-3.33037e+21
-6.10315e+26
-5.29004e+26
6.38776e+24
-3.25056e+28
-3.26397e+28
-3.09482e+21
1.48867e+27
-1.89902e+26
-3.3202e+21
-4.50786e+26
-7.98531e+26
-6.51782e+26
-6.00286e+21
-9.63866e+24
-7.03427e+26
-7.8833e+26
-1.40972e+27
-1.09165e+25
-2.76287e+25
-1.89716e+21
-3.86949e+21
-3.08228e+21
-3.2908e+21
1.08326e+23
5.1714e+26
5.09197e+26
-3.24338e+28
3.82981e+24
-3.13615e+21
3.36451e+24
-3.09422e+24
-2.92644e+28
-4.01528e+21
-3.11978e+24
-7.23189e+26
-3.85801e+21
-3.25141e+21
-9.49275e+26
-4.96965e+21
-7.02939e+22
-7.0031e+22
-3.33333e+21
-3.14142e+21
-5.28604e+22
-6.57676e+26
-3.23742e+28
-3.23275e+21
-3.58885e+21
-7.42773e+26
-1.32486e+27
-3.27774e+21
-2.89358e+28
-3.15718e+28
-3.39487e+21
-3.26833e+28
-3.40388e+21
-3.16615e+28
-3.20341e+21
-7.50711e+23
-9.83567e+21
-6.60043e+26
-5.56254e+26
-3.2512e+28
-1.65025e+26
-3.21102e+21
-3.25007e+28
-4.9705e+21
-4.40255e+26
-8.31461e+26
-1.86873e+25
-7.85081e+25
1.48795e+25
-3.09918e+21
-1.0806e+25
-1.13544e+26
-5.33904e+27
-1.84698e+25
-3.24517e+28
-1.62281e+25
-3.40314e+21
-3.62352e+25
-3.28915e+21
-2.52305e+24
-3.31691e+21
-3.33683e+21
-6.55723e+24
-1.30494e+25
-6.79601e+21
-3.2448e+28
-1.9191e+28
3.14768e+21
-8.50827e+25
-2.23519e+25
-3.36377e+24
-2.87802e+21
-9.0381e+26
-3.51734e+21
-1.5113e+22
-4.66127e+26
5.85069e+25
-3.35883e+21
-6.77748e+26
-1.352e+25
-3.25326e+28
-3.2551e+28
-3.25874e+28
-3.37329e+21
-3.25337e+28
-3.24466e+28
-6.58858e+26
-4.35753e+23
-3.252e+28
-3.99271e+26
-1.53252e+22
-5.82419e+26
-6.43748e+26
-3.25241e+28
-3.25328e+28
-4.27453e+26
-3.25413e+28
-8.74166e+26
-8.52382e+26
-2.8722e+21
-5.37952e+27
-3.44545e+21
-6.52791e+26
-2.50486e+28
-3.42917e+21
1.81308e+27
-3.54833e+21
-6.37422e+26
-4.65696e+26
-4.49227e+21
-3.13016e+28
-6.5251e+24
-5.95132e+26
-6.78137e+24
-2.78657e+28
1.17284e+21
-3.27328e+28
-4.62082e+27
1.07638e+25
-2.55648e+21
-6.29844e+21
-6.54257e+26
-1.08008e+25
-2.64594e+27
-2.24067e+25
-3.24549e+28
-5.55609e+26
-3.25981e+28
-4.62124e+27
-6.62097e+24
-3.17815e+28
-3.2511e+28
-4.69775e+21
-3.25551e+28
-3.2522e+28
-4.39455e+21
-1.43497e+27
-2.88748e+21
-6.29552e+25
-2.63673e+27
-8.38914e+26
-3.99085e+24
-5.10387e+27
-1.33683e+26
-5.38901e+21
-5.91515e+26
8.51267e+26
-7.61312e+26
-7.84075e+26
-3.24628e+28
-6.66814e+25
-5.2098e+26
-7.73586e+26
-1.44426e+27
-1.41963e+26
-3.25037e+28
-3.25392e+28
-3.25708e+28
-4.45259e+21
-3.25417e+28
-2.31446e+28
-3.23209e+28
-4.03008e+25
-3.81879e+21
-3.76849e+21
-9.34182e+24
-4.66065e+21
-6.54398e+26
-3.1853e+28
-3.26134e+28
-3.25224e+28
-3.84722e+21
-1.59456e+25
-3.24974e+28
-3.24991e+28
-8.41225e+23
-6.26333e+27
-2.92707e+28
-2.52237e+27
-9.23698e+26
-2.9376e+27
9.54339e+25
-2.21891e+28
-3.22513e+28
3.73995e+25
-3.07272e+28
-6.59369e+26
-3.54869e+21
-7.53761e+26
-4.43108e+27
-1.591e+27
-2.95253e+28
-3.24631e+28
-6.43796e+26
-1.36263e+28
-3.23861e+28
-3.24925e+28
-6.50149e+26
-6.28474e+22
2.19371e+24
-4.41432e+21
-3.2432e+28
3.98424e+24
-6.0991e+26
-6.27879e+26
-2.64203e+27
-3.22993e+21
-6.81942e+25
-3.25893e+28
-3.37736e+21
-4.29807e+25
-3.31276e+25
-3.24897e+28
-7.06127e+26
-3.24873e+28
-3.34143e+21
-3.24985e+28
2.02715e+27
-7.62983e+25
-3.19642e+28
-3.43047e+21
-2.37501e+27
7.36704e+24
-3.25959e+28
-9.19941e+26
-5.36061e+27
-3.19553e+28
1.07322e+26
-4.4336e+27
-3.66473e+21
-3.30306e+28
-8.37944e+25
-3.25088e+28
-3.24171e+28
-1.35221e+27
-3.42446e+27
-1.92388e+21
-2.45865e+25
-2.82688e+21
-4.6131e+21
-2.95297e+28
-3.35619e+21
-3.42717e+21
-3.28459e+21
-2.95405e+28
-3.26884e+28
-3.26297e+28
-2.21559e+28
-3.26099e+28
-3.22997e+21
-3.25869e+28
-6.3465e+26
-3.37531e+24
-3.00993e+21
-2.79479e+21
1.60476e+23
-4.47556e+26
-3.16915e+21
-6.99712e+21
-8.09601e+26
4.00887e+24
-3.30323e+28
-3.25198e+28
-3.3472e+21
-4.04309e+22
-3.25218e+28
-4.01471e+21
-3.24751e+28
-3.37395e+21
-3.4882e+21
-7.73383e+26
-6.54324e+26
-4.2276e+21
-1.95024e+28
-5.78115e+21
-6.30858e+26
-6.53887e+26
-1.19706e+27
-2.92714e+28
-1.7787e+23
-8.453e+26
-6.53879e+26
-3.24124e+28
-3.26851e+28
-6.43403e+26
-7.70306e+25
1.8776e+24
-6.54435e+26
-7.67544e+24
-3.27518e+21
-4.52704e+26
-5.2661e+22
-3.29461e+21
-3.21802e+21
-3.26173e+21
-3.25879e+21
7.74762e+26
-7.88645e+26
-5.40292e+24
-2.48313e+24
-8.17489e+26
-4.32681e+22
-3.32741e+21
-9.0324e+27
-3.38352e+28
-3.22488e+21
-2.29161e+27
-3.25516e+28
-6.21621e+21
-3.24646e+28
-4.36534e+26
1.1217e+25
-4.00661e+28
-4.45342e+26
-4.14092e+26
2.27999e+24
-4.7597e+21
-2.43807e+28
-3.71522e+23
-9.20055e+26
-1.17905e+27
-3.22987e+28
2.73379e+24
-8.4033e+26
2.86371e+24
-4.39238e+26
-4.01125e+25
-1.52358e+26
-2.92708e+28
-5.99287e+26
2.00575e+24
-4.68451e+21
-5.82702e+26
-5.3486e+26
-1.91834e+28
-3.24439e+28
-4.64296e+26
3.93331e+24
3.95276e+24
-1.25503e+25
6.86281e+26
-5.36133e+27
-6.66311e+26
-3.25969e+28
-3.2542e+28
-3.25205e+28
-5.9909e+26
-3.22797e+21
-3.24967e+28
-9.25787e+26
-3.24926e+28
-5.99274e+26
-3.22011e+28
-3.28545e+28
-6.93034e+21
4.44884e+24
-6.57738e+26
-3.249e+28
-3.25025e+28
-3.14942e+27
-3.46686e+28
-3.2476e+28
-3.24995e+28
-3.98346e+21
-3.24706e+28
-6.26991e+26
-6.42966e+26
-3.26048e+28
-1.8091e+21
4.66444e+27
-3.27656e+28
-4.52681e+21
-2.17865e+26
-1.30246e+26
-1.10624e+27
-6.7537e+26
-1.35576e+25
-1.00948e+28
-3.32807e+21
-2.92791e+28
-6.92712e+25
4.03315e+24
-8.46843e+26
-3.47262e+21
-3.16531e+28
-7.12071e+26
-4.65783e+26
-1.06497e+25
-3.13658e+27
2.83998e+28
-5.84873e+24
-4.7193e+21
-5.10194e+27
-3.18098e+21
1.16487e+25
-2.30405e+25
-3.24981e+28
-3.79122e+24
-6.47469e+26
-3.28005e+21
-1.15554e+25
-5.0799e+26
-4.51802e+26
-7.56569e+24
-6.67935e+26
-1.18218e+25
3.77398e+24
-3.90179e+25
-3.71849e+21
-6.43229e+26
-6.51024e+26
-4.20262e+21
-6.67412e+23
-9.18008e+21
-6.83735e+24
-6.41495e+26
-4.14452e+26
-3.11223e+26
-4.44698e+21
-5.86043e+24
-3.24813e+28
-8.29054e+22
-6.4277e+24
-6.4779e+26
-5.00717e+25
-3.24126e+28
-3.2094e+28
-3.22607e+28
-6.66807e+26
-6.99531e+25
-6.02761e+27
-7.0632e+24
-4.0455e+22
7.59441e+26
2.91077e+28
-2.94802e+23
-3.0013e+21
-4.24638e+21
-7.47984e+24
-3.29878e+21
-3.24601e+28
-6.00082e+24
-7.41004e+24
-3.37097e+21
-2.46362e+21
-4.21165e+23
-5.8364e+26
-4.40408e+26
-6.02984e+27
-3.40501e+21
-1.89461e+23
-3.30897e+28
-2.53148e+24
-3.07846e+23
-3.24367e+28
-4.68419e+21
-4.52939e+26
-3.99422e+26
-2.88847e+21
-3.0736e+21
-3.25247e+28
-3.20927e+28
-2.87362e+25
-3.2531e+28
-3.25304e+28
-3.24975e+28
-2.96935e+21
-5.87339e+26
-1.36294e+28
-3.17156e+21
-1.53677e+28
-6.95644e+26
-7.28467e+21
-4.47722e+26
-7.28758e+26
-3.32546e+21
-3.2481e+28
-3.45433e+21
-8.33757e+23
-1.43584e+25
-6.36294e+24
-3.42783e+21
-6.86189e+22
-3.51557e+21
-4.38985e+26
-3.25353e+28
-1.876e+23
-3.22863e+21
-2.45754e+21
-3.30542e+21
-4.45353e+21
-3.19121e+21
-3.27309e+28
-9.31527e+24
-4.98658e+21
-1.63744e+24
-3.42713e+21
-3.2939e+23
-3.29937e+21
-6.02917e+22
-2.5044e+28
-3.46172e+21
-1.64081e+25
-3.21494e+21
-3.89775e+21
1.20641e+22
-8.35639e+25
-1.13954e+25
-3.43795e+21
-4.88409e+21
-4.51332e+24
-3.61543e+21
-4.69299e+21
-6.40157e+21
-3.3827e+23
-6.12249e+21
-4.93772e+26
-1.71776e+25
-4.58735e+21
-7.57107e+25
-3.4061e+21
-6.12997e+24
-3.47712e+21
-6.08405e+24
-3.22772e+21
-3.25284e+28
-8.64948e+26
-2.21439e+28
-3.26576e+21
-5.56269e+26
-2.10929e+25
-3.14369e+27
-3.51934e+21
-1.87344e+23
-4.01239e+21
-1.17995e+27
-4.54065e+26
-4.14457e+22
-3.49597e+21
-1.17999e+27
-2.54228e+24
1.28184e+25
-3.24726e+28
-3.25338e+28
-3.24622e+21
-3.37143e+21
-2.78307e+21
-3.24719e+28
-6.65577e+26
-2.94906e+27
-9.82832e+21
-1.50743e+26
-5.56206e+26
-3.67035e+21
-5.88927e+24
-4.51199e+26
-3.25549e+28
-3.33284e+21
-3.24843e+28
-7.62045e+25
3.9627e+24
-1.49015e+24
4.15095e+24
-3.31299e+28
-9.47701e+24
-3.24637e+28
-1.95287e+28
6.94407e+22
-3.33472e+21
-2.79599e+25
-2.82366e+26
-6.1764e+21
-1.60149e+22
-7.89293e+21
-6.00319e+24
-1.99061e+26
-3.33952e+21
-3.2482e+21
-5.98149e+26
-6.83445e+24
-3.2722e+21
-2.44108e+21
9.48712e+20
-3.47876e+21
-4.77656e+21
-3.16767e+21
-3.93171e+25
-3.22043e+21
-6.46207e+26
-6.13874e+26
-6.44942e+26
1.21261e+27
-3.21554e+28
6.35116e+24
-3.33613e+21
-3.32322e+28
-4.52142e+26
-3.23767e+21
4.39636e+27
-3.24657e+28
-1.7445e+23
-2.29919e+27
-2.4372e+28
-4.32656e+25
-1.06884e+24
-4.51319e+26
-5.83677e+24
-2.45001e+21
1.29941e+27
-8.76564e+26
-8.00443e+26
-1.40831e+22
-4.64906e+26
-3.26382e+28
-6.02473e+27
1.95896e+22
-8.86924e+26
-3.25379e+28
-3.25196e+28
-4.10067e+25
-3.24764e+28
-3.25027e+28
-2.89393e+28
-6.67635e+26
-2.44184e+27
-3.25399e+28
-3.24651e+28
-3.39871e+21
-3.09671e+28
-8.04334e+26
-8.89566e+25
-4.30994e+26
-3.25215e+28
-1.68772e+25
-4.83163e+26
-5.2165e+27
-3.44739e+21
-3.04793e+28
-6.52448e+26
-3.25214e+28
-7.37231e+26
-3.24652e+28
-3.2617e+28
-3.25457e+28
-1.59514e+27
6.17411e+25
-2.92709e+28
-7.16232e+24
-8.4695e+24
-4.4535e+21
-1.63227e+26
-5.2019e+22
-3.31536e+21
-3.24828e+28
-3.54509e+21
-3.26625e+28
-4.57032e+26
-6.27666e+26
-3.25374e+28
-1.31904e+23
-9.50712e+23
-4.75072e+26
2.52847e+22
-1.80865e+23
-6.60987e+24
-1.95497e+28
-3.19391e+21
-7.05972e+26
-3.19436e+28
-1.50013e+25
-4.83025e+21
-3.32243e+25
-4.05333e+25
-3.88443e+23
-2.43903e+25
-1.33062e+28
-5.77489e+22
-8.52794e+23
-3.24637e+28
6.34491e+24
-3.41155e+21
-4.13386e+26
-3.16703e+21
-3.38124e+25
-3.42095e+21
-3.42552e+21
-3.2483e+28
-3.17466e+21
-5.94663e+23
-2.83143e+21
-3.38237e+28
-1.43154e+23
-3.24661e+28
-3.2515e+28
-3.24694e+28
-3.24603e+28
-4.06532e+21
-4.43767e+21
-3.24823e+21
-6.6027e+26
-3.41748e+21
-3.16684e+21
-3.41353e+21
-3.22642e+21
-3.45754e+21
-3.62471e+21
-1.36437e+25
-1.99534e+25
-6.39445e+26
-1.46079e+25
-3.44405e+21
-3.44409e+21
-3.24651e+21
-3.25999e+28
-5.21913e+27
-5.63862e+23
-9.34786e+21
-7.68154e+22
1.85617e+24
-2.53083e+27
-1.17776e+26
-3.25378e+28
-3.26632e+28
-1.20619e+27
-3.20889e+28
8.74445e+26
-3.54106e+23
-5.13113e+25
-9.699e+23
-3.89424e+23
-8.29145e+26
-5.25025e+21
-5.13306e+26
-3.28646e+28
-2.85935e+23
-1.00971e+23
-2.70827e+22
-1.29071e+23
-4.7695e+26
-7.72633e+25
-1.05944e+24
-7.843e+26
-3.23601e+28
3.20714e+24
-1.14954e+23
-3.21725e+23
-2.61704e+21
-7.98307e+26
-4.82278e+26
-5.33596e+27
-8.31759e+26
-9.03106e+27
-2.58976e+21
-3.25579e+28
-6.55354e+26
-9.03256e+27
-1.98184e+23
-3.26842e+28
-3.28387e+28
-8.36115e+26
-1.20085e+26
-2.75618e+24
-1.94113e+26
2.22998e+24
-2.36054e+21
-3.2477e+28
-2.9456e+24
-5.21977e+27
-3.19583e+28
-6.53081e+26
-3.24152e+28
-8.37431e+24
-7.1871e+21
-3.24694e+28
-7.79941e+26
-4.90056e+26
-7.18654e+26
-1.73703e+24
-2.61718e+24
-3.21781e+28
-7.45877e+26
-3.24827e+28
-2.07293e+26
-2.57337e+23
-4.58273e+26
-5.84012e+24
-3.22844e+28
-3.54938e+21
-6.94995e+26
-4.62692e+26
-3.23298e+28
-3.84117e+23
-2.36531e+24
-6.8504e+26
-3.17925e+28
-8.68238e+24
-1.82493e+22
-3.67024e+26
-6.29426e+22
-6.0591e+24
-6.72095e+26
-2.59977e+25
-1.02757e+25
-3.25237e+28
-4.88119e+22
-2.82597e+25
-3.15944e+24
-8.46519e+26
-2.44785e+25
-3.09027e+21
-3.44733e+21
-3.15831e+28
-2.41979e+25
1.93451e+22
-3.26314e+28
-7.95198e+26
-3.2151e+28
-9.54891e+23
-3.26904e+28
-3.44646e+21
-3.60334e+21
1.97003e+24
-8.17523e+21
-6.97946e+22
-3.24139e+28
-3.72256e+21
-3.79032e+25
-6.0251e+24
-1.16112e+24
-3.11631e+21
-7.08009e+26
-1.4492e+25
-3.26088e+28
-3.25362e+28
1.03128e+24
1.36758e+24
-3.25326e+28
-3.18188e+28
-5.84012e+21
-1.80933e+26
-6.42527e+21
-3.1807e+21
-5.52587e+22
-3.4162e+21
-1.89964e+23
-8.50121e+26
-6.05629e+21
-3.42929e+21
-8.82985e+25
-7.9128e+22
-7.21993e+26
-2.06469e+25
-3.14919e+21
-4.79908e+22
-3.20874e+21
-3.32991e+25
-6.75821e+26
-4.24466e+23
-4.61766e+21
-3.33453e+21
-3.35406e+21
-3.35827e+21
3.83877e+24
-3.3318e+21
-4.6219e+26
-3.45e+21
-2.48743e+27
-1.12678e+22
1.5297e+27
-4.68145e+26
-1.07621e+22
1.14471e+26
-3.29245e+28
-3.37984e+21
-1.51577e+26
-3.25021e+28
-2.02668e+25
-8.16207e+24
-7.64777e+24
-2.00842e+25
-3.32344e+21
-1.62175e+25
-3.32114e+21
-3.38458e+21
-2.96166e+25
-8.94472e+24
-3.26332e+21
-7.71905e+26
-6.51512e+26
1.89504e+22
-6.53162e+26
-3.39114e+21
-3.25074e+28
-4.78386e+22
-5.10337e+26
-3.25354e+28
-5.61858e+26
-2.60146e+25
-4.12761e+21
-7.298e+26
-6.85699e+24
-6.66198e+24
-4.64757e+21
-2.16994e+28
-6.36995e+26
-6.37698e+24
-3.21144e+21
-4.36672e+26
4.82973e+26
-6.8518e+26
-6.23255e+24
-3.39101e+21
-4.73484e+21
-3.19716e+28
-5.28944e+26
-3.2462e+28
-6.83692e+24
-3.24729e+28
-5.29262e+26
-3.24652e+28
-8.98463e+25
-2.36334e+21
-2.4366e+28
-3.23858e+28
-6.91716e+22
-3.24936e+28
-3.33515e+28
-8.42312e+26
-3.24842e+28
-3.40754e+21
-3.18848e+28
4.14018e+27
-3.24626e+28
-1.79696e+23
-4.49574e+26
-2.13811e+26
-3.25174e+28
-1.35923e+24
-7.81235e+27
-4.90645e+26
-3.25318e+28
-4.7399e+21
-3.25254e+28
-5.77862e+24
-3.2465e+28
-2.50755e+23
-4.90844e+26
-3.26507e+28
-4.5848e+26
-4.97678e+26
-9.86348e+25
-3.28031e+21
-7.74608e+27
-3.18709e+21
-2.78196e+21
-3.27552e+28
-1.04102e+24
-3.26518e+28
-3.18185e+28
-8.36338e+21
8.54319e+26
-3.33212e+28
-2.99882e+23
-2.83431e+28
-1.62994e+23
-2.45162e+26
-4.99756e+21
-3.22796e+21
-7.51642e+26
-4.51825e+26
-3.26367e+21
-1.21476e+24
-3.10022e+21
-3.25153e+28
-3.23964e+28
-1.79205e+24
-4.49324e+21
-1.12521e+27
-4.10259e+21
-1.72448e+24
-4.02754e+28
-3.23805e+28
-4.10242e+21
-4.1031e+21
-2.88859e+25
-3.29581e+21
-2.85244e+24
-3.90137e+21
-3.26853e+21
-3.04732e+28
-3.25268e+28
-3.25272e+28
8.17206e+24
-3.24104e+21
-3.2766e+21
-3.64729e+24
-2.4029e+24
-1.72539e+23
-1.43025e+24
-6.42767e+23
-1.68967e+23
-5.19836e+22
-3.25948e+28
-5.09434e+27
-1.4125e+26
8.9287e+26
-3.35036e+21
-2.36069e+21
-3.24706e+28
8.69228e+26
-2.36802e+27
-1.32989e+27
-3.25639e+28
-6.26349e+25
-2.96434e+21
-1.22027e+25
-3.25644e+28
-6.77523e+22
-5.12947e+22
-3.25445e+28
-3.2594e+28
-3.25387e+28
-3.25509e+28
-3.25022e+28
-3.25275e+28
-5.24746e+21
-6.16716e+25
-8.62879e+22
-1.57259e+24
-4.49694e+23
5.50506e+23
-3.30229e+21
-8.81549e+26
-3.23472e+28
-3.19217e+28
-1.08958e+24
-6.18548e+24
-3.25349e+28
-3.93347e+25
-3.01411e+21
-3.24824e+28
-3.282e+27
-1.10558e+27
-3.07818e+21
-3.50403e+21
-3.22322e+21
2.27609e+24
-2.45467e+21
-8.28305e+22
-6.43116e+26
-1.74458e+22
7.9039e+26
-3.23868e+28
-3.12807e+28
-7.16153e+21
-6.65416e+26
-3.26259e+28
-1.32015e+23
-4.43726e+26
-4.1456e+26
-3.24492e+28
-1.51639e+24
-4.32373e+22
-4.76337e+21
-6.07698e+26
-7.45234e+21
-5.49544e+26
-3.24693e+28
-7.79256e+26
-3.28925e+21
-4.03648e+22
-1.7734e+21
-8.65793e+21
-6.4557e+22
-3.2494e+28
1.79836e+27
-3.21606e+27
-1.14717e+26
-6.41634e+26
-6.46788e+26
-3.16697e+21
-3.3337e+21
-2.96853e+21
-3.27664e+21
-7.25367e+25
-6.3059e+26
-9.69872e+26
-3.45382e+21
-8.42702e+26
-3.30931e+21
-8.97891e+25
-6.46449e+26
-2.66826e+24
-3.18775e+28
-3.25338e+28
-2.46605e+21
-3.34943e+21
-2.53783e+21
-7.99715e+26
-1.83775e+21
-3.31145e+21
-4.80278e+21
-3.23429e+21
-3.07209e+28
-1.95354e+28
-3.27752e+21
-1.53551e+28
-4.71075e+21
-8.02192e+26
-3.19241e+28
-6.53143e+26
-5.54761e+26
-1.33128e+28
-2.88833e+21
-2.71849e+21
-3.24699e+28
-1.02203e+22
-1.83985e+21
-8.87822e+25
-1.19183e+24
-6.69655e+24
-3.24498e+28
-1.25003e+26
-2.71735e+21
-2.60298e+25
4.37191e+24
1.68133e+27
-3.24784e+28
-5.6443e+26
-3.24627e+28
-3.32872e+21
-3.31601e+21
-5.53475e+21
-2.97338e+25
-8.73113e+26
-7.48759e+25
-3.25453e+28
-6.30503e+27
-4.74803e+21
-6.50953e+26
1.98811e+27
-4.55346e+26
1.95037e+27
-4.62969e+27
-9.00032e+26
-6.28036e+27
-4.77218e+22
-3.56029e+21
5.61451e+25
-3.44147e+21
-1.33188e+27
-3.25139e+28
-2.06336e+28
-3.41028e+21
-5.154e+25
-4.43345e+21
-2.06368e+28
-4.41095e+21
-3.55502e+21
-2.89225e+21
-4.0808e+21
-5.56386e+26
-6.62124e+26
-4.72625e+21
-6.35485e+26
-3.25224e+28
-3.25188e+28
-3.25147e+28
-3.25319e+28
-2.29946e+27
-3.24999e+28
-3.24739e+28
-9.20594e+26
-5.3524e+26
-3.2537e+28
-4.52045e+26
-5.87978e+26
-3.25766e+28
-7.00451e+26
-5.96502e+26
-5.82566e+24
-4.31339e+26
-2.1061e+22
-5.81009e+26
-4.57741e+21
-2.89395e+28
-5.33405e+27
-5.05021e+26
-6.85403e+26
-3.22892e+21
-3.25191e+28
-6.60491e+26
-7.00721e+26
-9.43069e+25
-1.22745e+26
-1.41748e+26
-3.25497e+28
-3.31669e+28
-5.07583e+25
-3.2461e+28
-3.2604e+28
4.47769e+24
-3.13725e+21
-3.25263e+28
-7.23766e+26
-3.24781e+28
-2.65162e+27
-7.9229e+23
-3.2535e+28
-9.04979e+26
-3.61433e+21
-8.70841e+22
-3.34129e+21
-3.32642e+21
-3.0146e+21
-3.04205e+21
-3.37018e+21
-3.09001e+21
-7.08545e+26
-1.23574e+23
-7.92408e+26
-2.7384e+24
-3.25304e+28
-3.16654e+21
-3.23582e+28
-1.16749e+28
-5.45544e+22
-5.94808e+24
-5.87676e+24
-3.12979e+28
1.12582e+25
-3.348e+21
-3.58431e+21
-3.08099e+28
-3.07081e+28
-3.09261e+28
-3.23256e+28
-3.23343e+28
-3.23392e+28
-6.80965e+24
-8.81136e+24
6.98011e+24
4.8269e+24
5.91709e+24
5.01537e+24
-9.08573e+21
-1.09529e+22
-1.09628e+22
-4.03059e+22
-1.19056e+22
-1.04124e+22
-1.16582e+22
-2.98779e+22
-2.95426e+21
-2.94267e+21
-2.38672e+21
-3.41015e+21
-1.84513e+21
-8.71985e+24
-1.60755e+24
-2.30599e+24
-1.66372e+24
-3.79472e+24
-7.86945e+24
-2.66535e+24
-4.08376e+24
-1.50743e+26
-4.42089e+26
-4.46934e+26
-4.49583e+26
-4.22257e+21
-3.25177e+28
-4.23812e+21
-3.28629e+28
-5.54766e+22
-4.39298e+21
-3.28287e+28
-3.25131e+28
-3.26282e+28
-3.25177e+28
-3.25713e+28
-3.24478e+28
-3.19683e+28
-3.23371e+28
-3.24458e+28
-3.24619e+28
-3.24815e+28
-3.23948e+28
-3.24105e+28
-3.2454e+28
-3.23991e+28
-3.26149e+28
-3.26201e+28
-3.25812e+28
-3.25666e+28
-3.26393e+28
-3.25213e+28
-3.24936e+28
-3.2628e+28
-3.25177e+28
-2.92579e+28
-2.92729e+28
-4.39078e+26
-4.36432e+26
-4.46539e+26
-4.4982e+26
-4.57696e+26
-4.62862e+26
-5.7588e+26
-5.76136e+26
-6.71229e+26
-6.72755e+26
-6.09228e+26
-6.64401e+26
-7.10751e+26
-7.13146e+26
-6.64856e+26
-7.12377e+26
-6.83774e+26
-7.1431e+26
-7.13507e+26
-6.77577e+26
-6.46832e+26
-6.31601e+26
-6.52614e+26
-6.32134e+26
-6.29802e+26
-6.19437e+26
-4.60727e+26
-4.83894e+26
-2.90675e+26
-3.55209e+26
-2.98887e+26
-1.94443e+26
-1.73498e+26
-1.69594e+26
-8.43363e+25
-2.90586e+25
-3.17426e+25
-2.30806e+25
-2.15078e+25
-2.00102e+25
-1.85636e+25
-1.66934e+25
-1.11371e+25
-1.01749e+25
-1.17825e+25
-1.12072e+25
-1.00012e+25
-1.12267e+25
-9.28078e+24
-9.35273e+24
-9.32563e+24
-7.94022e+24
-7.91391e+24
-8.29609e+24
-6.88788e+24
-7.27804e+24
-5.86511e+24
-4.84431e+23
-5.8726e+23
-4.83384e+23
-4.17163e+23
-1.95087e+28
-2.72242e+22
-2.71826e+22
-1.11537e+22
-1.11527e+22
-1.36774e+22
-6.2735e+21
-6.27947e+21
-6.26734e+21
-8.11054e+21
-4.88799e+21
-5.22911e+21
-3.17911e+21
-3.16931e+21
-3.17608e+21
-3.51343e+21
-3.24483e+21
-3.27474e+21
-3.36859e+21
-3.36844e+21
-3.28591e+21
-3.28758e+21
-3.29e+21
-3.2363e+21
-3.30523e+21
-3.24472e+21
-3.25742e+21
-3.22314e+21
-3.11254e+21
-3.16034e+21
-3.19206e+21
-3.26689e+21
-2.34993e+21
-2.43045e+21
-2.48348e+21
-2.43217e+21
-3.09087e+21
-2.47764e+21
-3.34568e+21
-3.07021e+21
-2.90277e+21
-2.90159e+21
3.09367e+22
2.81256e+22
-3.83048e+22
3.5766e+21
-8.73319e+21
1.84959e+22
-4.15815e+22
-4.45458e+22
1.94733e+22
1.92802e+22
-2.93104e+22
-3.22865e+22
-3.30633e+22
-3.14443e+22
-8.04386e+22
-8.17135e+22
-8.05568e+22
-8.23388e+22
-1.64476e+23
-1.64e+23
-8.67275e+22
2.10336e+22
-9.08318e+22
6.16297e+22
6.33668e+24
6.32934e+24
5.49454e+24
6.34073e+24
6.38196e+24
5.49145e+24
6.40205e+24
3.85294e+24
4.71419e+24
3.79688e+24
4.71968e+24
4.72733e+24
4.36975e+24
4.75465e+24
4.72023e+24
4.69735e+24
4.28773e+24
2.64526e+24
2.67995e+24
3.22049e+24
2.92697e+24
2.96146e+24
2.77233e+24
8.53891e+24
1.79685e+24
1.01463e+25
7.78455e+24
1.39412e+25
1.25151e+25
8.58728e+24
1.27374e+25
1.40744e+25
4.72848e+24
-9.64942e+24
-4.1794e+24
-1.60095e+25
-5.83054e+24
-4.52369e+24
-8.22313e+24
-8.22149e+24
-3.44529e+25
-1.80035e+25
-8.84392e+24
-3.66879e+25
-2.88045e+25
1.1754e+25
4.97001e+25
6.98859e+25
6.16628e+24
6.24859e+25
4.65473e+26
1.01587e+26
5.00193e+26
-2.17702e+26
1.79911e+27
-3.54243e+27
-3.70559e+27
-3.24135e+27
-3.95788e+27
-2.96678e+27
-1.91097e+27
3.68623e+27
-1.48508e+28
-7.35345e+27
-6.60867e+27
-8.26922e+27
-2.17419e+28
-2.55771e+28
-3.45278e+28
-2.9833e+28
3.37646e+29
-6.94463e+28
-2.06267e+28
3.39856e+29
-3.22615e+28
-3.32687e+28
-3.33491e+28
-3.2743e+28
-3.14936e+28
-3.2665e+28
-3.16303e+28
-3.32467e+28
-3.323e+28
-3.16444e+28
-3.19962e+28
-3.19573e+28
-3.24585e+28
-3.23485e+28
-3.23582e+28
-3.23421e+28
-5.90369e+22
-3.25026e+28
-3.25019e+28
-3.25165e+28
-3.25195e+28
-3.2487e+28
-3.25402e+28
-3.25404e+28
-3.24831e+28
-3.24625e+28
-3.25737e+28
-3.24901e+28
-3.25189e+28
-3.26295e+28
-2.93177e+28
-2.93044e+28
-2.83433e+28
-4.99497e+27
-6.63429e+26
-6.13273e+26
-4.69384e+26
-3.62883e+26
-2.9771e+26
-1.47156e+25
-8.58257e+24
-7.96983e+24
-6.1565e+23
-1.63231e+24
-4.87532e+23
-2.72959e+22
-1.37205e+22
-8.1293e+21
-1.11702e+22
-3.16309e+21
-3.16734e+21
-3.36737e+21
-3.29205e+21
-3.32666e+21
-3.35574e+21
-3.2508e+21
-2.42775e+21
-2.4628e+21
-1.14464e+22
-5.3038e+22
1.96968e+22
-5.16669e+22
2.14718e+22
2.15759e+22
-3.15349e+22
-8.77628e+22
-7.82243e+22
-8.73562e+22
-1.10296e+23
-8.37003e+22
-1.08427e+23
6.36386e+24
6.38354e+24
6.35962e+24
3.82051e+24
4.33612e+24
2.7351e+24
4.2726e+24
4.6915e+24
3.17913e+24
6.23772e+23
2.31876e+24
1.09086e+25
1.17707e+25
8.89184e+24
1.07305e+25
-4.43703e+24
-1.23179e+25
-1.46035e+25
-3.51717e+24
1.26894e+24
6.51283e+25
6.40467e+25
8.27129e+25
7.54219e+25
5.14682e+26
7.42166e+26
4.89479e+26
-3.36057e+27
3.76696e+27
-1.572e+28
-2.50193e+28
-2.80525e+28
-6.69925e+28
-2.22949e+28
3.37607e+29
-3.34083e+28
-3.25255e+28
-3.20083e+28
-3.21364e+28
-3.26229e+28
-4.1858e+27
-3.26128e+28
-3.23809e+28
-3.23556e+28
-3.19999e+28
-3.23796e+28
-3.25633e+28
-3.24989e+28
-3.24864e+28
-3.24864e+28
-3.24931e+28
-3.2448e+28
-3.24675e+28
-3.24766e+28
-3.24798e+28
-3.24766e+28
-3.2475e+28
-3.24754e+28
-3.24745e+28
-3.2485e+28
-3.24922e+28
-3.24916e+28
-3.24914e+28
-3.25021e+28
-3.25024e+28
-3.25056e+28
-3.25009e+28
-3.24971e+28
-3.24958e+28
-3.24981e+28
-3.24994e+28
-3.24914e+28
-3.24922e+28
-3.24953e+28
-3.24949e+28
-3.25238e+28
-3.25587e+28
-3.25416e+28
-3.2592e+28
-3.25945e+28
-3.25944e+28
-3.25233e+28
-3.25743e+28
-3.24927e+28
-1.4329e+27
-8.4669e+26
-6.58761e+26
-7.30228e+26
-7.28708e+26
-4.9027e+26
-4.75549e+26
-4.7525e+26
-4.63319e+26
-4.52777e+26
-4.54218e+26
-4.54129e+26
-4.46493e+26
-4.57707e+26
-6.65231e+26
-7.06665e+26
-7.08722e+26
-7.21379e+26
-7.29071e+26
-7.09388e+26
-7.28182e+26
-7.0246e+26
-7.47444e+26
-7.03112e+26
-4.16756e+26
-2.15438e+26
-1.83829e+26
-1.27877e+26
-1.2019e+26
-1.01841e+26
-1.15676e+26
-1.00499e+26
-8.15569e+25
-5.83653e+25
-6.34059e+25
-5.6925e+25
-3.82022e+25
-3.50291e+25
-4.48749e+25
-2.98652e+25
-2.72812e+25
-2.73479e+25
-2.40826e+25
-2.18375e+25
-2.26625e+25
-1.73559e+25
-1.76079e+25
-1.49751e+25
-1.43049e+25
-1.60049e+25
-1.22643e+25
-1.18389e+25
-1.16975e+25
-8.01931e+24
-7.44045e+24
-7.57021e+24
-4.92224e+24
-5.0761e+24
-5.07426e+24
-3.6462e+24
-1.17712e+23
-7.67003e+22
-7.25982e+22
-7.23005e+22
-7.23245e+22
-8.6239e+21
-6.97476e+21
-6.97005e+21
-5.8472e+21
-4.73656e+21
-5.45628e+21
-4.4431e+21
-4.66025e+21
-4.68127e+21
-4.40294e+21
-3.62749e+21
-3.50585e+21
-3.50826e+21
-3.62873e+21
-3.47251e+21
-3.33236e+21
-3.38568e+21
-3.35941e+21
-3.3332e+21
-3.34917e+21
-3.37378e+21
-3.33989e+21
-3.32e+21
-3.2988e+21
-3.31774e+21
-3.28563e+21
-3.2738e+21
-3.24689e+21
-3.23913e+21
-3.26093e+21
-3.26639e+21
-3.22313e+21
-3.21106e+21
-3.23144e+21
-3.30272e+21
-3.34855e+21
-3.29297e+21
-3.0539e+21
-2.66075e+21
-2.73881e+21
-3.16682e+21
-3.23221e+21
-3.25741e+21
-3.33169e+21
-3.5139e+21
-4.59056e+21
-4.74362e+21
-1.95045e+28
-7.37575e+21
-4.75879e+21
-5.91169e+21
-7.6027e+21
-9.53145e+21
-1.76163e+22
-4.79011e+22
-4.84349e+22
-4.52827e+22
2.20346e+22
1.9521e+22
2.11992e+22
2.09268e+22
-5.04278e+22
-4.86127e+22
-4.86405e+22
-5.39268e+22
-4.89453e+22
-5.98397e+22
-1.14115e+23
-9.19249e+22
-1.74794e+23
-1.80708e+23
-1.59514e+23
-1.0118e+23
-1.33626e+23
-1.97724e+23
-1.28627e+23
-1.9519e+28
-1.10629e+23
6.34533e+24
5.4837e+24
-2.65748e+27
4.02037e+24
4.43092e+24
3.82292e+24
3.80131e+24
-2.64442e+27
4.0355e+24
4.31671e+24
3.52954e+24
3.1446e+24
1.91176e+24
1.95192e+24
2.26625e+24
3.16134e+24
-8.63529e+23
-1.32311e+24
-4.21499e+24
-4.2794e+24
-4.28268e+24
-3.25312e+24
-3.49536e+24
-3.39931e+24
-2.52919e+24
-3.04055e+24
-2.68521e+24
-2.2866e+24
-2.80955e+24
-4.14554e+24
-3.6814e+24
-7.38598e+24
-9.27092e+24
-1.32951e+25
-1.87678e+25
-1.83759e+25
-2.32321e+25
-1.79018e+25
-2.0005e+25
-2.18802e+25
-2.27181e+25
-3.17469e+25
-2.78283e+25
-2.76883e+25
-4.3892e+25
-6.64566e+25
-5.41033e+25
-1.37458e+26
-9.73425e+25
-2.63903e+27
-1.37833e+26
-3.62859e+26
-4.7547e+26
5.11553e+27
3.55849e+27
4.99358e+27
-3.32262e+28
-3.31254e+28
-3.31863e+28
-3.32938e+28
-3.31632e+28
-3.33741e+28
-3.31467e+28
-2.28243e+28
-6.83856e+28
-3.25425e+28
-2.65333e+27
-3.25335e+28
-3.2518e+28
-3.25428e+28
-3.25395e+28
-3.25184e+28
-3.25406e+28
-3.2544e+28
-4.30791e+21
-3.25341e+28
-3.25358e+28
-3.25356e+28
-3.25265e+28
-3.25182e+28
-3.25253e+28
-3.25246e+28
-3.24953e+28
-3.25208e+28
-3.25044e+28
-3.25009e+28
-3.24999e+28
-2.31388e+24
-5.11946e+21
-4.93007e+21
-6.76606e+26
-8.34785e+26
-6.79885e+26
-3.24985e+28
-3.24974e+28
-3.24985e+28
-3.25015e+28
-3.24799e+28
-3.24982e+28
-3.25008e+28
-3.25092e+28
-3.251e+28
-3.25131e+28
-3.25114e+28
-3.25125e+28
-3.25129e+28
-3.25117e+28
-3.2518e+28
-3.25139e+28
-3.25193e+28
-3.25129e+28
-3.24942e+28
2.08791e+24
-3.25133e+28
-3.25152e+28
-3.2513e+28
-3.25373e+28
-3.25956e+28
-3.25987e+28
-3.25928e+28
-3.25579e+28
-2.92816e+28
-2.50556e+28
-2.51837e+27
-1.33787e+27
-1.19026e+27
-1.18706e+27
-7.2468e+26
-6.42873e+26
-6.69196e+26
-6.72266e+26
-6.45222e+26
-5.92061e+26
-4.86182e+26
-3.0295e+23
-7.05472e+22
-1.26308e+23
-5.60591e+22
-2.58099e+23
-6.4442e+26
-6.48685e+26
-7.48107e+26
-6.72481e+26
-7.80072e+26
-7.67283e+26
-7.80995e+26
-7.73105e+26
-8.02071e+26
-7.92978e+26
-5.95237e+26
-7.29242e+26
-2.64725e+26
-1.90548e+26
-1.71183e+26
-1.58278e+26
-1.34258e+26
-1.13925e+26
-8.87397e+25
-9.51852e+25
-9.25738e+25
-1.0858e+26
-7.18346e+25
-6.39978e+25
-5.11175e+25
-5.27303e+25
-2.86355e+25
-2.67989e+25
-3.3777e+25
-4.59445e+25
-2.5604e+25
-2.17993e+25
-2.98422e+25
-1.78178e+25
-2.00053e+25
-1.25821e+25
-1.32504e+25
-1.20882e+25
-8.88125e+22
-1.6341e+25
-1.05242e+25
-1.01555e+25
-1.07212e+25
-8.98881e+24
-7.70426e+24
-7.54184e+24
-7.36323e+24
-5.39868e+24
-4.1832e+24
-3.93246e+23
-5.82717e+24
-2.82509e+24
-3.1333e+21
-3.23195e+21
-6.71409e+22
-7.22539e+22
-6.59235e+22
-1.13803e+22
-4.48529e+22
-1.80845e+22
-9.72573e+21
-8.83324e+21
-8.63553e+21
-9.75134e+21
-5.53033e+21
-6.40171e+21
-5.45633e+21
-5.25742e+21
-4.87249e+21
-4.65204e+21
-4.96588e+21
-4.48904e+21
-4.44455e+21
-4.41719e+21
-3.63207e+21
-3.60172e+21
-4.13954e+21
-4.21539e+21
-3.59682e+21
-3.47981e+21
-3.46937e+21
-3.3296e+21
-3.47285e+21
-3.44626e+21
-3.41353e+21
-3.39606e+21
-3.40409e+21
-3.39902e+21
-3.4091e+21
-3.4096e+21
-3.40063e+21
-3.36559e+21
-3.37801e+21
-3.38916e+21
-3.3932e+21
-3.32356e+21
-3.35282e+21
-3.31699e+21
-3.28214e+21
-3.31258e+21
-3.30337e+21
-3.2814e+21
-3.22577e+21
-3.26245e+21
-6.93727e+21
-7.4881e+21
-7.59095e+21
-3.319e+21
-3.39865e+21
-3.3891e+21
-3.37734e+21
-3.32482e+21
-3.29549e+21
-3.32861e+21
-3.34154e+21
-3.33692e+21
-3.43191e+21
-3.42392e+21
-3.40883e+21
-3.33646e+21
-3.4402e+21
-3.46104e+21
-3.4582e+21
-4.17461e+21
-3.58262e+21
-4.61835e+21
-4.46403e+21
-4.74444e+21
-4.53355e+21
-4.61282e+21
-4.62622e+21
-1.81063e+22
-8.97188e+21
-4.68669e+22
-1.83053e+22
-1.00532e+24
-5.26537e+22
-5.81724e+22
-5.48262e+22
-4.56997e+22
-6.46778e+22
-6.00072e+22
-4.87323e+22
-6.85271e+22
-1.90339e+23
-1.88467e+23
-3.32391e+23
-1.39339e+23
-4.00045e+23
-3.42527e+23
-6.29021e+23
-5.54788e+23
-6.43324e+23
-1.78767e+23
2.29111e+24
2.94743e+24
3.32256e+24
3.38722e+24
3.41853e+24
3.38382e+24
-3.42982e+27
-3.43649e+27
-1.70099e+27
-2.95407e+27
-1.06762e+24
-1.30999e+24
-8.59447e+23
2.24806e+24
-1.47357e+24
-1.58303e+24
-1.28841e+24
-1.58957e+24
-5.58475e+24
-5.94343e+24
-2.84703e+24
-5.98109e+24
-3.76238e+24
-2.81299e+24
-6.9412e+24
-7.3154e+24
-2.31704e+24
-7.00513e+24
-8.76261e+24
-8.0506e+24
-8.25053e+24
-1.1153e+25
-1.01734e+25
-3.82597e+24
-1.05858e+25
-1.54894e+25
-1.51861e+25
-1.62427e+25
-2.17199e+25
-1.86964e+25
-2.05092e+25
-1.96734e+25
-2.22831e+25
-1.01183e+24
-3.04642e+25
-2.73773e+25
-2.42056e+25
-4.85481e+25
-5.89648e+25
-2.89734e+25
-5.4664e+25
-3.18911e+25
-6.97383e+25
-6.43694e+25
-2.86891e+25
-9.42088e+25
-5.28838e+25
-1.19567e+26
-1.21652e+26
-1.24377e+26
-1.4729e+26
-1.92419e+26
-2.28174e+26
-9.97004e+25
-1.39329e+26
-3.49481e+26
-3.26145e+28
-4.43589e+27
-3.25028e+28
-3.22647e+28
-3.2953e+28
-3.27585e+28
-3.301e+28
-3.26429e+28
-3.28693e+28
-3.28755e+28
-3.36757e+28
-4.02052e+28
-3.26477e+28
-3.26431e+28
-3.26331e+28
-3.26009e+28
-3.25505e+28
-3.25494e+28
-3.25507e+28
-3.25368e+28
-3.25354e+28
-3.25421e+28
-3.25357e+28
-3.25358e+28
-3.25351e+28
-3.25243e+28
-3.25318e+28
-3.25282e+28
-3.25292e+28
-3.25213e+28
-3.25241e+28
-3.25179e+28
-3.25246e+28
-3.25231e+28
-9.73838e+23
-1.34775e+24
-7.46333e+21
-5.92802e+21
-7.40541e+21
-7.20497e+21
-4.58204e+21
-4.59455e+21
-4.58087e+21
-6.59399e+26
-6.61199e+26
-3.67398e+21
-6.64428e+26
-6.40213e+26
-1.6986e+27
-1.42202e+27
-6.83849e+26
-7.51812e+26
-3.25073e+28
-3.25167e+28
-3.25045e+28
-3.25123e+28
-3.25949e+28
-3.26583e+28
-3.25809e+28
-3.26382e+28
-3.5277e+21
-3.49255e+21
-3.59296e+21
-3.52089e+21
-3.44421e+21
-3.2516e+28
-3.2519e+28
-3.25141e+28
-3.25229e+28
-3.25243e+28
-3.25146e+28
-3.25251e+28
-3.25113e+28
-3.25273e+28
-3.25278e+28
-3.2527e+28
-3.25273e+28
-3.25395e+28
-3.25459e+28
-3.25174e+28
-3.25518e+28
-3.25916e+28
-6.61885e+26
-6.53582e+26
-6.52424e+26
-7.41824e+26
-1.18738e+24
-1.25375e+24
-1.11129e+24
-1.2893e+24
-6.73035e+26
-6.58029e+26
-6.68737e+26
-8.6053e+26
-8.69483e+26
-8.10521e+26
-7.98517e+26
-8.78982e+26
-7.91807e+26
-8.28619e+26
-7.95881e+26
-6.23414e+26
-6.25966e+26
-6.79231e+26
-2.14228e+26
-1.88662e+26
-6.89433e+25
-4.14095e+25
-2.69894e+25
-3.65481e+25
-2.54634e+25
-1.47275e+25
-2.0307e+25
-1.13732e+25
-1.16685e+25
-8.48701e+24
-7.30332e+24
-6.10577e+24
-5.84552e+24
-5.95098e+24
-3.25212e+28
-3.25185e+28
-8.802e+22
-9.37986e+22
-6.48826e+22
-5.12065e+22
-4.41803e+22
-2.08894e+22
-9.47972e+21
-9.26066e+21
-9.10468e+21
-8.27478e+21
-7.81479e+21
-7.59193e+21
-7.34616e+21
-6.75694e+21
-4.93774e+21
-4.52935e+21
-4.46114e+21
-4.56147e+21
-4.68878e+21
-3.48889e+21
-4.25902e+21
-3.77866e+21
-3.4201e+21
-3.43506e+21
-3.4517e+21
-3.43369e+21
-3.38869e+21
-3.40143e+21
-3.38998e+21
-3.35509e+21
-3.40797e+21
-3.40254e+21
-3.36011e+21
-3.4377e+21
-3.39552e+21
-1.31355e+24
-1.05443e+24
-1.08242e+24
-3.45057e+21
-3.46482e+21
-3.5206e+21
-3.43411e+21
-3.47392e+21
-3.60746e+21
-4.35799e+21
-9.4896e+23
-3.33051e+23
-8.83738e+23
-9.62054e+23
-1.03843e+24
2.08591e+24
-1.05234e+24
-3.27101e+24
-3.26111e+28
-3.27523e+28
-3.2625e+28
-3.2559e+28
-3.26234e+28
-3.26018e+28
-3.25972e+28
-3.25513e+28
-3.25589e+28
-3.25405e+28
-3.25335e+28
-3.25319e+28
-3.25362e+28
-3.25287e+28
-3.25247e+28
-3.43379e+21
-4.00875e+23
-9.80549e+23
-4.06367e+23
-6.57296e+26
-3.25238e+28
-3.00771e+23
2.22264e+24
-3.26853e+28
-2.25675e+23
-3.43102e+21
-3.44566e+21
-3.25709e+28
-3.25467e+28
-3.45454e+21
-3.67667e+21
-3.45145e+21
-3.44264e+21
-1.77993e+25
-1.16643e+23
-1.48627e+23
-7.89461e+22
3.28112e+24
1.94994e+24
-1.0207e+26
-6.00495e+25
-2.05919e+26
-3.37531e+28
-3.31963e+28
-3.30526e+28
-3.23602e+28
-3.25337e+28
-3.25232e+28
2.21968e+24
-6.76522e+26
-3.25133e+28
-3.25121e+28
-3.25911e+28
-4.38915e+25
-2.61161e+25
-3.25194e+28
-5.80238e+24
-4.78073e+24
-4.56758e+21
-3.60147e+21
-4.20747e+21
-3.42216e+21
-3.46094e+21
2.10253e+24
-1.19439e+24
-8.45651e+21
-1.027e+22
-7.60628e+21
-5.97616e+22
-5.28601e+22
-5.77e+22
-6.22018e+22
-3.07462e+24
-5.79833e+25
-5.26323e+25
-1.31844e+26
-3.25459e+28
-3.28177e+28
-3.27209e+28
-3.2529e+28
-3.25278e+28
-4.93758e+23
-8.69731e+23
-3.25897e+28
-4.54937e+22
-1.42094e+25
-4.05186e+25
-3.25291e+28
-1.06985e+26
-9.73156e+23
-3.57775e+21
-4.29709e+21
-3.25212e+28
-3.25231e+28
-1.21268e+24
-3.23652e+28
-3.2368e+28
4.3038e+24
-1.0476e+22
-2.92999e+21
-3.25236e+28
-3.84237e+24
-8.3817e+24
-4.48337e+26
-3.25306e+28
-3.28478e+28
-4.40039e+21
-3.25209e+28
-3.25312e+28
-6.72275e+26
-3.25439e+28
-6.24896e+26
-3.25473e+28
-8.47231e+24
-1.37162e+22
-3.28575e+21
-3.27653e+21
-2.4292e+21
-4.63027e+22
-3.05014e+22
-3.19051e+22
-7.8765e+22
4.7152e+24
8.38407e+24
-1.28864e+26
-2.31623e+24
-9.8375e+25
-5.63e+25
-2.83515e+25
5.88464e+25
9.3487e+24
4.80903e+26
-3.64635e+27
-1.30715e+25
-2.76453e+27
-4.38503e+27
-1.5342e+28
-3.33005e+28
-7.70647e+24
-3.29967e+28
-7.18141e+24
-3.26652e+28
-3.23647e+28
-1.87002e+27
-3.17291e+28
-3.23475e+28
-5.73804e+27
-3.2519e+28
2.24473e+22
2.13037e+24
-1.19954e+24
-6.62507e+25
5.30497e+26
-3.42347e+28
-3.35029e+28
-3.23493e+28
-1.03122e+24
-3.25347e+28
-3.26275e+28
-3.25354e+28
-1.66562e+26
-1.99077e+25
-1.77296e+25
-4.5515e+21
-3.61503e+21
-3.47805e+21
-4.87706e+22
-1.25833e+23
-1.36299e+23
3.39988e+24
2.25478e+24
-4.12238e+24
-6.93769e+25
-1.93305e+26
5.27774e+27
-3.33487e+28
-3.2996e+28
-3.32392e+28
-3.25351e+28
-1.02652e+24
-3.24985e+28
-3.25227e+28
-6.78034e+26
-3.25157e+28
-8.89439e+22
-3.25125e+28
-3.25177e+28
-7.75979e+26
-6.09374e+22
-1.89514e+26
-2.52855e+25
-1.57495e+25
-5.5888e+24
-4.44258e+24
-5.77099e+24
-1.0315e+22
-3.46251e+21
-3.44775e+21
-3.2455e+28
-3.24542e+28
-3.24586e+28
-3.24637e+28
-3.33802e+22
-3.03078e+22
-2.96734e+22
-3.13696e+22
)
;

boundaryField
{
    Wall
    {
        type            zeroGradient;
    }
    Inlet
    {
        type            zeroGradient;
    }
    Outlet
    {
        type            fixedValue;
        value           uniform 0;
    }
    Empty
    {
        type            empty;
    }
}


// ************************************************************************* //
