/*--------------------------------*- C++ -*----------------------------------*\
| =========                 |                                                 |
| \\      /  F ield         | OpenFOAM: The Open Source CFD Toolbox           |
|  \\    /   O peration     | Version:  2312                                  |
|   \\  /    A nd           | Website:  www.openfoam.com                      |
|    \\/     M anipulation  |                                                 |
\*---------------------------------------------------------------------------*/
FoamFile
{
    version     2.0;
    format      ascii;
    arch        "LSB;label=32;scalar=64";
    class       Cloud<passivePositionParticle>;
    location    "0.40005/lagrangian/kinematicCloud";
    object      coordinates;
}
// * * * * * * * * * * * * * * * * * * * * * * * * * * * * * * * * * * * * * //

150
(
(0 0.0822662 0.367816 0.549917) 175525 559194 2
(0 0.00400853 0.633566 0.362425) 175537 559200 1
(0 0.782071 0.17724 0.0406884) 175555 559207 1
(0 0.0574156 0.733032 0.209553) 147373 548789 1
(0 0.208457 0.151441 0.640102) 64946 529108 1
(0 0.800282 0.145245 0.0544731) 55425 525674 2
(0 0.215886 0.143445 0.640669) 175568 559212 2
(0 0.405037 0.149819 0.445144) 175513 559189 2
(0 0.339521 0.579492 0.0809862) 175648 559244 2
(0 0.187075 0.321886 0.491039) 159841 553732 1
(0 0.411624 0.322361 0.266015) 175568 559212 1
(0 0.572842 0.272908 0.15425) 91990 521427 2
(0 0.192306 0.100526 0.707168) 91987 521425 1
(0 0.0393858 0.233494 0.72712) 4316 521190 1
(0 0.115929 0.609244 0.274828) 4316 521190 2
(0 0.289863 0.288627 0.42151) 91987 521425 2
(0 0.231682 0.482808 0.28551) 4316 521190 1
(0 0.160287 0.723245 0.116468) 4316 521190 1
(0 0.441962 0.199854 0.358184) 154022 551682 2
(0 0.00137888 0.650318 0.348303) 10929 521572 1
(0 0.18086 0.0450081 0.774132) 68837 529329 1
(0 0.269091 0.127832 0.603077) 103656 532591 1
(0 0.824646 0.0585599 0.116794) 109052 534523 1
(0 0.166485 0.576189 0.257326) 150203 550112 2
(0 0.288189 0.247194 0.464617) 159934 553763 1
(0 0.167986 0.100541 0.731473) 175852 559326 2
(0 0.425522 0.255404 0.319074) 125556 540829 1
(0 0.461693 0.433442 0.104865) 175844 559320 1
(0 0.92491 0.0188359 0.0562539) 48311 525591 2
(0 0.301157 0.317244 0.381599) 125417 540769 1
(0 0.780756 0.0750511 0.144193) 109274 534624 2
(0 0.320333 0.198812 0.480855) 109467 534706 1
(0 0.16942 0.760625 0.0699543) 109319 534642 2
(0 0.259777 0.28937 0.450852) 109279 534626 2
(0 0.17768 0.0298257 0.792494) 109302 534636 1
(0 0.334411 0.634732 0.0308562) 27583 528127 1
(0 0.219911 0.565988 0.214101) 20029 523400 1
(0 0.58641 0.343353 0.0702369) 27529 523647 1
(0 0.207861 0.467195 0.324944) 150391 550190 2
(0 0.251439 0.544399 0.204162) 27613 528130 2
(0 0.00936414 0.753927 0.236709) 109305 534637 1
(0 0.862524 0.124253 0.0132234) 26939 527105 1
(0 0.603385 0.0716821 0.324933) 101479 531681 1
(0 0.450028 0.175673 0.374299) 98381 530384 2
(0 0.0564645 0.803907 0.139629) 101476 531680 2
(0 0.0815576 0.536835 0.381607) 20302 523434 2
(0 0.711064 0.135894 0.153041) 103884 532690 2
(0 0.283904 0.017043 0.699053) 20029 523400 2
(0 0.0036705 0.273743 0.722587) 109401 534682 2
(0 0.794239 0.183376 0.0223849) 109094 534542 1
(0 0.177827 0.661725 0.160448) 11134 522646 2
(0 0.652637 0.258425 0.0889372) 150494 550231 2
(0 0.442087 0.308218 0.249695) 109444 534698 1
(0 0.446697 0.196096 0.357208) 140216 546188 1
(0 0.87048 0.0217041 0.107816) 138794 545474 1
(0 0.0452988 0.480678 0.474023) 101476 531680 1
(0 0.0753051 0.454562 0.470133) 140216 546188 1
(0 0.0614354 0.39233 0.546235) 99611 530994 1
(0 0.545686 0.254369 0.199946) 42863 528920 2
(0 0.920525 0.0485106 0.0309647) 154251 551774 2
(0 0.229396 0.680199 0.0904055) 103568 532548 1
(0 0.0736598 0.753383 0.172957) 154280 551788 2
(0 0.0295133 0.518039 0.452448) 103150 532345 2
(0 0.0951531 0.418835 0.486012) 114961 537090 2
(0 0.0276862 0.732309 0.240005) 1196 521974 1
(0 0.0449413 0.0263048 0.928754) 26925 528039 2
(0 0.219021 0.313461 0.467518) 65151 527796 1
(0 0.408375 0.328166 0.263459) 48318 525592 1
(0 0.0755218 0.679711 0.244767) 108927 521743 1
(0 0.418705 0.531324 0.0499711) 26505 521332 2
(0 0.875371 0.027236 0.0973932) 108927 521743 2
(0 0.56527 0.0321864 0.402544) 108792 521729 2
(0 0.0945645 0.537912 0.367524) 4328 521562 1
(0 0.0909408 0.549353 0.359707) 26470 521583 1
(0 0.294447 0.346145 0.359408) 4315 521561 1
(0 0.527846 0.013326 0.458828) 487 521549 1
(0 0.550722 0.297358 0.15192) 511 521592 1
(0 0.367764 0.444998 0.187238) 26505 521332 2
(0 0.343886 0.158566 0.497547) 142646 547136 1
(0 0.569321 0.206987 0.223692) 111496 535588 1
(0 0.217161 0.0503528 0.732486) 105521 533272 2
(0 0.355827 0.330104 0.314069) 32689 524335 2
(0 0.568586 0.177517 0.253898) 33661 528486 1
(0 0.365495 0.391274 0.243231) 33498 524428 1
(0 0.438725 0.0343232 0.526952) 147792 548964 1
(0 0.176984 0.437599 0.385417) 151873 550812 1
(0 0.740893 0.0474165 0.211691) 111494 535586 1
(0 0.46389 0.483782 0.0523273) 32689 524335 1
(0 0.522599 0.00905234 0.468348) 151875 550813 2
(0 0.294644 0.10172 0.603637) 138884 545515 2
(0 0.0262635 0.0172174 0.956519) 34028 524508 1
(0 0.00452988 0.337624 0.657846) 33055 524383 2
(0 0.223346 0.766148 0.0105054) 151992 550867 1
(0 0.10024 0.835352 0.064408) 102430 532059 2
(0 0.548605 0.311215 0.140181) 98837 530618 2
(0 0.800012 0.0640986 0.13589) 147772 548957 1
(0 0.215147 0.028018 0.756835) 106359 533559 2
(0.301565 0.137447 0.380018 0.18097) 117949 383886 1
(0 0.302232 0.555031 0.142737) 93207 521489 1
(0 0.114308 0.286153 0.59954) 93080 521483 1
(0 0.204879 0.129556 0.665565) 837 521162 1
(0 0.0264247 0.610999 0.362576) 12799 521577 1
(0 0.41661 0.290715 0.292676) 12799 521577 1
(0 0.624303 0.272062 0.103635) 97932 530216 1
(0 0.163112 0.442149 0.394739) 138969 545550 1
(0 0.243929 0.732662 0.0234089) 35804 524745 2
(0 0.119066 0.818277 0.0626574) 152261 550976 1
(0 0.2867 0.45632 0.25698) 112250 535921 1
(0 0.455205 0.096023 0.448772) 147856 548987 1
(0 0.283205 0.405762 0.311034) 147856 548987 1
(0 0.0212161 0.791524 0.18726) 143113 547297 2
(0 0.209878 0.0626874 0.727434) 143125 547301 2
(0 0.152565 0.638997 0.208438) 113999 536664 2
(0 0.115392 0.0228153 0.861792) 107881 534089 2
(0 0.383187 0.297585 0.319228) 39226 525120 2
(0 0.200636 0.60048 0.198884) 113275 536393 1
(0 0.189898 0.313516 0.496585) 37599 525024 2
(0 0.0766974 0.373959 0.549344) 99272 530835 1
(0 0.12988 0.0319119 0.838208) 113277 536395 1
(0 0.333436 0.13424 0.532324) 37652 525042 2
(0 0.781978 0.0853898 0.132632) 36255 524812 2
(0 0.217952 0.436247 0.345801) 36255 524812 1
(0 0.311673 0.16722 0.521107) 139009 545566 2
(0 0.119337 0.551259 0.329403) 152541 551105 1
(0 0.153441 0.69564 0.150919) 148131 549086 2
(0 0.571604 0.201734 0.226662) 152559 551111 1
(0 0.36922 0.006066 0.624714) 113245 536378 2
(0 0.1125 0.311616 0.575883) 148062 549062 2
(0 0.313275 0.513908 0.172817) 148070 549065 2
(0 0.134864 0.441155 0.423981) 101231 531591 2
(0 0.135023 0.0894659 0.775511) 138980 545554 1
(0 0.166743 0.222068 0.611189) 101231 531591 2
(0 0.69884 0.0355593 0.265601) 35015 524628 2
(0 0.320756 0.268251 0.410993) 107571 533981 2
(0 0.155065 0.145661 0.699274) 99439 530906 1
(0 0.0940353 0.76465 0.141315) 148064 549063 2
(0 0.0525513 0.807489 0.139959) 39678 528748 2
(0 0.0526292 0.106816 0.840555) 99133 530766 2
(0 0.185672 0.0567279 0.7576) 13264 522975 2
(0 0.480575 0.0519169 0.467508) 112360 535975 1
(0 0.0205973 0.386034 0.593369) 147895 549001 2
(0 0.00348899 0.359151 0.63736) 36321 524825 1
(0.40605 0.248603 0.242323 0.103024) 53670 207566 1
(0 0.136763 0.328177 0.53506) 13337 521308 1
(0 0.0830215 0.656563 0.260415) 6896 521253 2
(0 0.377596 0.154742 0.467663) 6896 521253 2
(0 0.436898 0.133161 0.429942) 35302 521588 1
(0 0.44631 0.180568 0.373123) 13350 521579 2
(0 0.342426 0.147806 0.509768) 6528 521540 1
(0 0.427894 0.354748 0.217358) 6883 521567 2
)


// ************************************************************************* //
