/*--------------------------------*- C++ -*----------------------------------*\
| =========                 |                                                 |
| \\      /  F ield         | OpenFOAM: The Open Source CFD Toolbox           |
|  \\    /   O peration     | Version:  2312                                  |
|   \\  /    A nd           | Website:  www.openfoam.com                      |
|    \\/     M anipulation  |                                                 |
\*---------------------------------------------------------------------------*/
FoamFile
{
    version     2.0;
    format      ascii;
    arch        "LSB;label=32;scalar=64";
    class       Cloud<passivePositionParticle>;
    location    "0.40005/lagrangian/kinematicCloud";
    object      positions;
}
// * * * * * * * * * * * * * * * * * * * * * * * * * * * * * * * * * * * * * //

150
(
(0.138935 0.0139345 0.0227011) 175525
(0.134474 0.00947337 0.031275) 175537
(0.142488 0.0174876 0.0377543) 175555
(0.145523 0.0205235 0.0191089) 147373
(0.145812 0.0208119 0.0174607) 64946
(0.12494 0.000171217 0.00591835) 55425
(0.141762 0.0167623 0.0325993) 175568
(0.127875 0.00287446 0.0384364) 175513
(0.147739 0.022739 0.0348718) 175648
(0.123718 -0.00128223 0.040569) 159841
(0.14091 0.0159104 0.0358374) 175568
(0.6 0.0239321 0.0150438) 91990
(0.6 0.0220192 0.0177605) 91987
(0.6 0.0218179 0.0198998) 4316
(0.600001 0.0222104 0.022221) 4316
(0.6 0.0207216 0.0177671) 91987
(0.6 0.0207142 0.0213972) 4316
(0.6 0.0202914 0.0208335) 4316
(0.487951 -0.0370492 0.0324991) 154022
(0.599041 0.0249965 0.00346722) 10929
(0.186607 0.0616069 0.0136835) 68837
(0.187858 0.0628577 0.0233182) 103656
(0.197277 0.0722765 0.042654) 109052
(0.185441 0.0604411 0.0348512) 150203
(0.182633 0.0576329 0.0470961) 159934
(0.176715 0.0517154 0.0493716) 175852
(0.169798 0.0447976 0.0285905) 125556
(0.168888 0.0438878 0.0346144) 175844
(0.160271 0.0352713 0.0124585) 48311
(0.15266 0.0276597 0.035115) 125417
(0.274328 0.100672 0.0379691) 109274
(0.273031 0.101969 0.0354979) 109467
(0.28361 0.0913903 0.0448088) 109319
(0.276539 0.0984603 0.0268085) 109279
(0.284911 0.0900889 0.0426395) 109302
(0.289044 0.0859564 0.0146282) 27583
(0.285533 0.0894667 0.0173898) 20029
(0.278961 0.096039 0.0161892) 27529
(0.278675 0.0963252 0.02167) 150391
(0.28298 0.0920199 0.0171928) 27613
(0.291584 0.0834163 0.0313085) 109305
(0.307012 0.0679879 0.0178997) 26939
(0.295744 0.0792556 0.0399788) 101479
(0.294664 0.0803357 0.026098) 98381
(0.296929 0.0780712 0.0487744) 101476
(0.273938 0.101062 0.0158823) 20302
(0.269828 0.105172 0.0241506) 103884
(0.286497 0.0885033 0.0126703) 20029
(0.26703 0.10797 0.0392109) 109401
(0.298679 0.0763208 0.0313899) 109094
(0.277747 0.0972535 0.0115462) 11134
(0.262755 0.112245 0.0391151) 150494
(0.262553 0.112447 0.047237) 109444
(0.308182 0.0668191 0.0290175) 140216
(0.26726 0.10774 0.0195595) 138794
(0.29603 0.0789701 0.0497169) 101476
(0.308949 0.0660511 0.0283117) 140216
(0.312976 0.0620248 0.044134) 99611
(0.342979 0.0320214 0.0141366) 42863
(0.318941 0.0560597 0.0246968) 154251
(0.324889 0.0501113 0.024435) 103568
(0.322189 0.0528107 0.0327913) 154280
(0.331114 0.0438859 0.0439345) 103150
(0.348239 0.0267614 0.0494053) 114961
(0.332565 0.0424343 0.00678297) 1196
(0.304184 0.0706893 0.00642474) 26925
(0.241939 0.0330609 0.00597466) 65151
(0.237344 0.0376561 0.00520522) 48318
(0.598435 0.0451888 0.00102973) 108927
(0.599155 0.0336717 0.00391669) 26505
(0.598449 0.0474319 0.00108392) 108927
(0.598301 0.0299195 0.000525691) 108792
(0.599071 0.0322636 0.0035809) 4328
(0.59906 0.0272727 0.00353829) 26470
(0.599058 0.0292639 0.00353139) 4315
(0.599218 0.0411804 0.00415731) 487
(0.598683 0.0611114 0.00200303) 511
(0.599071 0.0338875 0.00357888) 26505
(0.123066 -0.00193428 0.0583992) 142646
(0.1225 -0.00250048 0.0785583) 111496
(0.124156 -0.000844199 0.0673927) 105521
(0.123424 -0.00157643 0.0834536) 32689
(0.141553 0.0165526 0.0839184) 33661
(0.126574 0.00157358 0.0851745) 33498
(0.132944 0.00794411 0.0592066) 147792
(0.138308 0.0133077 0.0738938) 151873
(0.123667 -0.00133312 0.0641195) 111494
(0.123 -0.0020006 0.0871151) 32689
(0.140113 0.015113 0.0720162) 151875
(0.132646 0.00764622 0.0506358) 138884
(0.365095 0.00990428 0.0815191) 34028
(0.380769 -0.00576875 0.081278) 33055
(0.369332 0.00566815 0.0750656) 151992
(0.357377 0.0176226 0.0618735) 102430
(0.385987 -0.0109865 0.0706952) 98837
(0.388824 -0.0138236 0.0675001) 147772
(0.351625 0.023375 0.0501751) 106359
(0.343584 -0.0192794 0.0993743) 117949
(0.6 0.0246435 0.0780623) 93207
(0.600001 0.0172148 0.0777797) 93080
(0.599017 0.0194878 0.0966304) 837
(0.599063 0.0150661 0.0964469) 12799
(0.598948 0.0160415 0.0969122) 12799
(0.193891 0.0688903 0.0523481) 97932
(0.186281 0.0612812 0.0739806) 138969
(0.173601 0.048601 0.0829037) 35804
(0.168975 0.0439751 0.0680059) 152261
(0.157568 0.0325683 0.0642919) 112250
(0.150981 0.0259815 0.059095) 147856
(0.150718 0.0257178 0.0580201) 147856
(0.277081 0.0979191 0.051303) 143113
(0.275524 0.0994759 0.0621082) 143125
(0.274967 0.100033 0.0664937) 113999
(0.285004 0.0899952 0.0501426) 107881
(0.278492 0.0965085 0.0850676) 39226
(0.302448 0.0725518 0.079996) 113275
(0.306674 0.0683257 0.083189) 37599
(0.306174 0.0688259 0.0807707) 99272
(0.309237 0.0657632 0.0802388) 113277
(0.309448 0.0655522 0.086609) 37652
(0.314195 0.0608052 0.0860928) 36255
(0.314903 0.0600964 0.085298) 36255
(0.265719 0.109281 0.0552049) 139009
(0.298423 0.0765764 0.0694958) 152541
(0.267354 0.107646 0.0644023) 148131
(0.302923 0.0720772 0.0610834) 152559
(0.30633 0.06867 0.0562879) 113245
(0.307269 0.0677303 0.0605523) 148062
(0.305722 0.0692779 0.0655381) 148070
(0.309242 0.0657582 0.0597428) 101231
(0.308826 0.0661746 0.0514031) 138980
(0.309275 0.0657257 0.0611121) 101231
(0.334144 0.0408563 0.0855779) 35015
(0.30855 0.06645 0.0729953) 107571
(0.266461 0.108539 0.0802808) 99439
(0.310302 0.0646978 0.070221) 148064
(0.267154 0.107846 0.0885265) 39678
(0.326936 0.0480638 0.0756676) 99133
(0.317448 0.0575519 0.092778) 13264
(0.346017 0.0289826 0.0657464) 112360
(0.34708 0.0279204 0.0663373) 147895
(0.326378 0.0486217 0.0930633) 36321
(0.242419 0.099234 0.097715) 53670
(0.599226 0.0446581 0.0958147) 13337
(0.598599 0.0516414 0.0983236) 6896
(0.599079 0.0503869 0.096421) 6896
(0.599175 0.0335923 0.0960047) 35302
(0.599363 0.0570462 0.0953049) 13350
(0.6 0.0270818 0.0728919) 6528
(0.599397 0.0491131 0.0951506) 6883
)


// ************************************************************************* //
