/*--------------------------------*- C++ -*----------------------------------*\
| =========                 |                                                 |
| \\      /  F ield         | OpenFOAM: The Open Source CFD Toolbox           |
|  \\    /   O peration     | Version:  2312                                  |
|   \\  /    A nd           | Website:  www.openfoam.com                      |
|    \\/     M anipulation  |                                                 |
\*---------------------------------------------------------------------------*/
FoamFile
{
    version     2.0;
    format      ascii;
    arch        "LSB;label=32;scalar=64";
    class       vectorField;
    location    "0.40005/lagrangian/kinematicCloud";
    object      U;
}
// * * * * * * * * * * * * * * * * * * * * * * * * * * * * * * * * * * * * * //


150
(
(0.0576091 0.0838059 -0.165297)
(-0.0172717 -0.0290363 -0.0084415)
(0.131858 0.13392 0.00426144)
(0.295137 0.307684 -0.0801709)
(1.08961 1.00467 -0.288775)
(-0.470911 -0.390125 -0.218362)
(0.122027 0.120891 -0.00133319)
(-0.215806 -0.213881 -0.0267718)
(0.138317 0.14181 0.000386807)
(-0.20035 -0.196156 -0.0326815)
(0.122027 0.120891 -0.00133319)
(3.37924 0.260901 -0.0670865)
(3.35701 0.251888 -0.0658054)
(3.37291 0.23726 -0.067342)
(3.37291 0.23726 -0.067342)
(3.35701 0.251888 -0.0658055)
(3.37291 0.23726 -0.0673421)
(3.37291 0.23726 -0.0673421)
(0.260601 0.261613 -0.0157045)
(3.02344 0.149047 -0.104903)
(2.31325 2.26287 0.0124482)
(0.520106 0.538684 0.00771167)
(0.409851 0.249662 -0.00904997)
(0.226365 0.225953 0.00557781)
(0.210476 0.210546 -0.0023902)
(0.18746 0.187555 -0.0033313)
(0.184012 0.18594 0.00196408)
(0.160447 0.161975 0.0038346)
(1.57175 1.55019 -0.437912)
(0.155333 0.157014 0.00196628)
(0.241386 -0.24103 -0.00888557)
(0.230407 -0.231974 -0.0148724)
(0.222064 -0.223192 -0.00541856)
(0.272456 -0.269517 -0.0262747)
(0.22715 -0.226154 -0.00549673)
(2.8493 -2.82557 -0.23356)
(2.84064 -2.78808 -0.246347)
(2.69565 -2.66063 -0.311581)
(0.568482 -0.590304 -0.101134)
(2.78284 -2.7644 -0.280775)
(0.204281 -0.204724 -0.010243)
(2.77223 -2.75027 -0.112973)
(0.202054 -0.202613 -0.00314667)
(0.241933 -0.244462 -0.00190951)
(0.203164 -0.20368 -0.00418883)
(2.55047 -2.51884 -0.35976)
(0.462544 -0.452436 -0.0874369)
(2.84064 -2.78808 -0.246347)
(0.248228 -0.249295 -0.0140867)
(0.168884 -0.170121 -0.00552075)
(2.69829 -2.69736 -0.475144)
(0.241852 -0.243842 -0.0149813)
(0.243716 -0.245709 -0.00747772)
(0.191232 -0.188024 -0.00264257)
(0.516671 -0.537238 -0.138817)
(0.203164 -0.20368 -0.00418883)
(0.191232 -0.188024 -0.00264257)
(0.144844 -0.145201 -0.0022537)
(2.26074 -2.26893 -0.0261567)
(0.526829 -0.544119 -0.0194807)
(0.482805 -0.459603 0.0224633)
(0.129502 -0.129723 -0.00130844)
(0.135954 -0.135098 -0.00163243)
(0.121783 -0.122863 -0.00105756)
(1.04467 -0.795665 0.26433)
(1.67369 -1.9183 0.0306996)
(-0.44265 0.307242 0.255093)
(-0.33399 0.210784 0.297916)
(0.955528 0.034686 0.0171052)
(3.18596 0.318381 -0.140751)
(0.955702 0.0346272 0.0171101)
(0.29419 -0.0173242 0.015797)
(3.16866 0.279467 -0.135534)
(3.09166 0.195188 -0.118543)
(3.12993 0.239451 -0.12603)
(3.17592 0.401691 -0.145236)
(2.84148 0.274167 -0.136735)
(3.18591 0.318407 -0.140749)
(-0.200594 -0.196398 0.0324746)
(-0.244573 -0.243339 0.26098)
(-0.209662 -0.212059 0.0357109)
(-0.463644 -0.485911 0.369084)
(0.762861 0.681126 0.390225)
(-0.372689 -0.396738 0.402442)
(-0.0439924 -0.0426776 0.0125371)
(0.0805761 0.0730963 0.0654672)
(-0.199276 -0.194131 0.0350133)
(-0.463644 -0.485911 0.369084)
(0.0772806 0.0756055 0.0401292)
(-0.0494737 -0.048031 0.00500015)
(2.17424 -2.20052 0.030813)
(2.20164 -2.17946 0.00794287)
(0.414034 -0.394652 -0.0223735)
(0.121499 -0.122549 0.00082511)
(0.224892 -0.225281 -0.00771713)
(0.211012 -0.21106 -7.31719e-05)
(0.130395 -0.129675 0.00117256)
(0.227282 -0.217063 0.000577819)
(3.39347 0.244074 0.072365)
(3.0676 0.161785 0.0359564)
(2.84018 0.0492602 0.072833)
(2.74152 -0.00188709 0.0599505)
(2.74152 -0.00188526 0.0599502)
(0.351545 0.348962 -0.00139229)
(0.247647 0.247818 -0.0108141)
(1.95962 1.94326 0.0406139)
(0.160462 0.161987 -0.00382483)
(0.152548 0.154757 -0.00260149)
(0.155113 0.155068 -0.00681248)
(0.155113 0.155068 -0.00681248)
(0.229459 -0.231475 0.00563059)
(0.244504 -0.245443 0.00895671)
(0.236995 -0.236858 0.0142538)
(0.228183 -0.227171 0.0052512)
(2.69628 -2.66108 0.314536)
(0.568662 -0.584525 0.0323467)
(2.77447 -2.75215 0.117914)
(0.655472 -0.642676 0.0290474)
(0.517238 -0.490272 -0.0126959)
(2.79523 -2.84427 0.10776)
(2.71705 -2.76025 0.0892911)
(2.71705 -2.76025 0.0892911)
(0.250277 -0.251303 0.00667886)
(0.215706 -0.211682 0.00782848)
(0.226175 -0.228937 0.0166437)
(0.160399 -0.160862 0.000538486)
(0.174753 -0.174727 0.00134557)
(0.152667 -0.153782 0.000109762)
(0.172648 -0.172857 0.00566416)
(0.1582 -0.15627 6.61749e-05)
(0.153561 -0.154682 0.00300749)
(0.1582 -0.15627 6.61749e-05)
(2.41086 -2.4569 0.0385833)
(0.191478 -0.188219 0.00326604)
(0.576922 -0.577047 0.138738)
(0.199987 -0.2008 0.00106821)
(2.36008 -2.34873 0.555263)
(0.590358 -0.578095 0.0104897)
(2.69034 -2.71424 0.138443)
(0.133678 -0.133533 0.00271091)
(0.116947 -0.117876 0.00151382)
(2.48804 -2.53741 0.277566)
(1.62007 -1.58091 0.0626028)
(3.15297 0.420814 0.14656)
(3.03916 0.420198 0.128753)
(3.03916 0.420198 0.128753)
(3.18723 0.318353 0.140786)
(2.95333 0.374123 0.118336)
(3.49358 0.192206 0.131744)
(3.08236 0.430129 0.140292)
)


// ************************************************************************* //
