/*--------------------------------*- C++ -*----------------------------------*\
| =========                 |                                                 |
| \\      /  F ield         | OpenFOAM: The Open Source CFD Toolbox           |
|  \\    /   O peration     | Version:  2312                                  |
|   \\  /    A nd           | Website:  www.openfoam.com                      |
|    \\/     M anipulation  |                                                 |
\*---------------------------------------------------------------------------*/
FoamFile
{
    version     2.0;
    format      ascii;
    arch        "LSB;label=32;scalar=64";
    class       volScalarField;
    location    "7.4";
    object      p;
}
// * * * * * * * * * * * * * * * * * * * * * * * * * * * * * * * * * * * * * //

dimensions      [0 2 -2 0 0 0 0];

internalField   nonuniform List<scalar> 
2958
(
-3.24714e+11
-2.4756e+11
-2.77653e+11
-3.20185e+11
-1.57415e+11
-2.80288e+11
-3.27756e+11
-3.48124e+11
-1.93236e+11
-3.65361e+11
-3.2866e+11
-4.24098e+11
-3.43122e+11
-4.24126e+11
-3.3558e+11
-3.24813e+11
-1.99734e+11
-3.40547e+11
-4.24219e+11
-3.10002e+11
-4.24021e+11
-2.02228e+11
-4.2224e+11
-7.45575e+11
-3.42063e+11
-3.25972e+11
5.85635e+11
-6.77312e+11
-3.40712e+11
-3.26983e+11
-3.25884e+11
-1.46033e+11
-4.12126e+11
-1.54395e+11
-3.40951e+11
-3.25944e+11
-4.24108e+11
-4.22266e+11
-3.31138e+11
-4.78231e+11
-2.62741e+11
-3.15067e+11
-3.27765e+11
-3.23999e+11
-4.23902e+11
-2.00761e+11
-3.28957e+11
-1.45833e+11
-3.19733e+11
-3.67873e+11
-3.24909e+11
-2.85338e+11
-3.49246e+11
-3.3036e+11
-3.24993e+11
-3.35648e+11
-3.96756e+11
-3.4998e+11
-3.25709e+11
-1.24611e+11
-3.23863e+11
-3.27471e+11
-3.31236e+11
-3.27284e+11
-4.24131e+11
-4.24177e+11
-3.30483e+11
-3.49981e+11
-3.59521e+11
-3.28356e+11
-1.98527e+11
-4.24053e+11
-2.09921e+11
-3.24799e+11
-4.24544e+11
-3.28247e+11
-3.24976e+11
-3.3153e+11
-4.22768e+11
-3.25027e+11
-3.42284e+11
-1.8403e+11
-8.37991e+11
-8.54172e+11
-3.24156e+11
-3.32154e+11
-2.08148e+11
-3.3213e+11
-2.77949e+11
-4.09909e+11
-3.38083e+11
-2.28697e+11
-3.29451e+11
-4.24242e+11
-3.7518e+11
-3.45981e+11
-3.24051e+11
-3.23485e+11
-4.2412e+11
-4.24121e+11
-3.21145e+11
-3.25309e+11
-3.46529e+11
-2.27956e+11
-4.23818e+11
-3.57317e+11
-4.24099e+11
-3.21524e+11
-4.24311e+11
-3.46633e+11
-3.202e+11
-3.24791e+11
-4.24541e+11
-3.54806e+11
-4.24131e+11
-4.24175e+11
-3.34012e+11
-3.24867e+11
-2.1341e+11
-3.25004e+11
-3.26301e+11
-4.241e+11
-3.30419e+11
-3.25537e+11
-3.1844e+11
-3.24676e+11
-3.24562e+11
-2.12792e+11
-3.25377e+11
-4.24368e+11
-4.24796e+11
-4.23151e+11
-3.24754e+11
-4.24129e+11
-4.25698e+11
-4.24139e+11
-3.61749e+11
-3.24944e+11
-4.24114e+11
-4.2412e+11
-3.11269e+11
-2.17083e+11
-4.23496e+11
-4.24263e+11
-3.24976e+11
-1.90626e+11
-4.24563e+11
-4.24099e+11
-1.76799e+11
-4.23756e+11
-3.10079e+11
-3.24139e+11
-3.66882e+11
-3.60847e+11
-3.40125e+11
-4.26619e+11
-4.18174e+11
-3.25407e+11
-3.25869e+11
-3.47402e+11
-3.40243e+11
-3.71326e+11
-3.31028e+11
-4.2412e+11
2.24744e+11
-3.28438e+11
-3.89994e+11
-4.24173e+11
-3.46903e+11
-2.02588e+11
-1.55026e+11
-4.24104e+11
-4.22723e+11
-2.3751e+11
-4.24356e+11
-2.162e+11
-2.29438e+11
3.19369e+10
-3.75928e+11
-3.59531e+11
-3.86725e+11
-2.1061e+11
-3.39287e+11
-3.20459e+11
-2.62802e+11
-2.10759e+11
-2.61435e+11
-4.24309e+11
-2.02636e+11
-3.19994e+11
-2.00781e+11
-2.33303e+11
1.11998e+11
-3.51782e+11
-2.9699e+11
-3.40268e+11
-2.44732e+11
-1.53816e+11
-3.24243e+11
-2.73707e+11
-3.62224e+11
-4.24125e+11
-3.24704e+11
-2.28933e+10
-3.34617e+11
-3.17161e+11
-3.26898e+11
-3.19037e+11
-2.08452e+11
-3.19727e+11
-4.24129e+11
-4.09896e+11
-4.24749e+11
-2.2089e+11
-4.24292e+11
-1.72709e+11
-3.27711e+11
-4.24162e+11
-4.24138e+11
-4.24128e+11
-4.24151e+11
-2.35593e+11
-3.25883e+11
-2.09316e+11
-3.19085e+11
-3.2501e+11
-6.93766e+11
-4.24136e+11
-1.88734e+11
-2.05354e+11
-2.34332e+11
-1.4679e+11
-1.69945e+11
-1.76474e+11
-3.40517e+11
-4.24155e+11
-4.24783e+11
-3.24982e+11
-4.24791e+11
-3.22958e+11
-4.24393e+11
-3.23067e+11
-3.24273e+11
-7.06801e+11
-3.25927e+11
-2.72846e+11
8.73493e+11
-3.49933e+11
-3.30602e+11
-3.26872e+11
-3.63123e+11
-3.41755e+11
-3.31304e+11
4.00622e+12
-3.21536e+11
-2.54569e+11
-3.26061e+11
-1.84115e+11
-3.28186e+11
-2.01321e+11
-3.24992e+11
-4.2129e+11
-1.50459e+11
-1.13691e+11
-4.0965e+11
-3.33314e+11
-3.46757e+11
-3.26074e+11
-3.87618e+11
-4.20428e+11
-4.24109e+11
-2.02006e+11
-3.2618e+11
-4.24079e+11
-2.20976e+11
-3.25991e+11
-4.24388e+11
-1.81715e+11
-4.24169e+11
-2.17086e+11
-4.24114e+11
-4.24494e+11
-4.09629e+11
-3.36205e+11
-2.04706e+11
-4.24088e+11
-3.59733e+11
-3.22349e+11
-3.20038e+11
-3.27394e+11
-7.36356e+11
-2.0645e+11
-4.2413e+11
-4.241e+11
-4.29347e+11
6.44095e+11
-4.24105e+11
-3.24876e+11
-4.24125e+11
-3.82373e+11
-3.60337e+11
-1.5922e+11
-1.88282e+11
-1.72545e+11
-3.24237e+11
-6.02755e+11
-3.2276e+11
-4.21292e+11
-3.30519e+11
-3.23768e+11
-4.24246e+11
-3.24778e+11
-3.2511e+11
-4.24233e+11
-2.15748e+11
-3.19115e+11
-1.5999e+11
-3.27206e+11
-2.16934e+11
-3.25659e+11
-1.81786e+11
-1.95026e+11
-3.28505e+11
-2.89838e+11
-2.02103e+11
-4.20429e+11
-3.24778e+11
-4.2187e+11
-3.20338e+11
-3.47407e+11
-1.95517e+11
-3.85708e+11
-4.24108e+11
-4.24112e+11
4.42423e+10
-4.24113e+11
-2.97984e+11
-2.57378e+11
-2.97978e+11
-4.24211e+11
-3.3183e+11
-2.27373e+11
-1.58465e+11
-1.79622e+11
-4.24265e+11
-2.35294e+11
-4.24267e+11
-3.5433e+11
-3.25328e+11
-3.24042e+11
-9.06664e+10
-3.46895e+11
-1.51433e+11
-2.99572e+11
-2.93939e+11
-3.26929e+11
-4.24129e+11
-3.27879e+11
2.40509e+11
-3.24175e+11
-3.47161e+11
-3.25659e+11
-3.20261e+11
-3.68047e+11
-3.34672e+11
-1.67594e+11
-3.27381e+11
-3.22326e+11
-3.22348e+11
-1.46469e+11
-5.72289e+11
-1.59227e+11
-4.24127e+11
-3.22788e+11
-3.2717e+11
-2.16725e+11
-3.24939e+11
-3.65737e+11
-1.58575e+11
-1.94254e+11
-3.24849e+11
-3.31766e+11
-4.24651e+11
-3.2821e+11
-2.01445e+11
-4.19084e+11
-3.26115e+11
-1.53145e+11
-4.1458e+11
-4.2544e+11
-3.48632e+11
-4.24126e+11
-3.0856e+11
-1.99687e+11
-3.19716e+11
-3.13564e+11
-3.48132e+11
-4.24129e+11
-4.24368e+11
-1.62173e+11
-3.25153e+11
-3.26174e+11
-1.99358e+11
-3.20069e+11
-3.24913e+11
-3.24973e+11
-2.80901e+11
-3.31892e+11
-3.25013e+11
-3.25328e+11
-3.27691e+11
-3.41838e+11
-3.27837e+11
-2.06079e+11
-2.28896e+11
-1.63718e+11
-1.63068e+11
-3.35077e+11
-3.2402e+11
-3.24024e+11
-4.23898e+11
-2.9391e+11
-1.92417e+11
-3.13903e+11
-3.38622e+11
-4.14745e+11
-3.41366e+11
-3.38038e+11
-3.24922e+11
-2.32291e+11
-1.59295e+11
-3.25188e+11
-2.09924e+11
-4.89558e+11
-3.41448e+11
-1.74205e+11
-1.92102e+11
-3.38823e+11
-3.25169e+11
-4.2417e+11
-1.90581e+11
-2.28351e+11
-3.24929e+11
-3.26001e+11
1.184e+11
-4.14961e+11
-4.21755e+11
-1.54474e+11
-4.24485e+11
-2.02176e+11
-4.24356e+11
-1.43049e+11
-3.43493e+11
-2.52128e+11
-3.24379e+11
-3.23759e+11
-4.24129e+11
-3.26231e+11
-1.72974e+11
-4.24126e+11
-2.17943e+11
-3.19996e+11
-3.2533e+11
-3.49626e+11
-3.2696e+11
-3.26881e+11
-1.46873e+11
-3.28916e+11
-3.26689e+11
-3.43319e+11
-3.50706e+11
-4.241e+11
-3.67906e+11
-2.02353e+11
-3.29201e+11
-1.9808e+11
-3.30168e+11
-1.77376e+11
5.25044e+10
-3.31361e+11
-3.40488e+11
-2.14139e+11
-4.24132e+11
-3.8672e+11
-2.58807e+11
-3.28176e+11
-3.34204e+11
-3.29256e+11
-1.51287e+11
-3.2447e+11
3.02064e+10
-2.36018e+11
-3.21722e+11
-3.25245e+11
-1.94917e+11
-3.24777e+11
-3.95602e+11
-4.24267e+11
-4.24458e+11
-4.24373e+11
-1.97381e+11
-4.24273e+11
-4.24132e+11
-3.24094e+11
-3.42743e+11
-4.24127e+11
-3.22753e+11
-2.99297e+11
-3.23056e+11
-3.23872e+11
-4.24408e+11
-4.24204e+11
-3.25581e+11
-4.24177e+11
-3.24709e+11
-3.25057e+11
-1.51282e+11
-3.43971e+11
-2.00995e+11
-3.24002e+11
-4.03342e+11
-1.99529e+11
-3.25375e+11
-4.24074e+10
-3.24103e+11
-3.20363e+11
-5.78136e+11
-4.21307e+11
-3.31449e+11
-3.24101e+11
-3.31079e+11
-4.09857e+11
-2.17204e+11
-4.24678e+11
-3.43147e+11
-3.27776e+11
-2.19698e+11
-2.19329e+11
-3.24517e+11
-3.30228e+11
-3.33006e+11
-3.28002e+11
-4.24102e+11
-3.24519e+11
-4.24509e+11
-3.43167e+11
-3.31454e+11
-4.2216e+11
-4.24127e+11
1.29554e+10
-4.24298e+11
-4.24128e+11
-2.30587e+11
-3.2693e+11
5.43541e+12
-3.30599e+11
-3.33009e+11
-3.24815e+11
-3.2773e+11
-3.47474e+11
-3.26869e+11
-2.98129e+11
-3.25065e+11
-3.23571e+11
-3.25087e+11
-3.24944e+11
-4.24132e+11
-3.27067e+11
-3.22891e+11
-3.24936e+11
-3.26978e+11
-3.26876e+11
-4.24252e+11
-4.24308e+11
-4.2513e+11
-4.10669e+11
-4.24385e+11
-4.09815e+11
-4.24127e+11
-3.31641e+11
-2.12417e+11
-2.15119e+11
-3.28767e+11
-2.45771e+11
-3.24599e+11
-4.22977e+11
-4.24992e+11
-4.24129e+11
-2.23948e+11
-3.72063e+11
-4.24113e+11
-4.24147e+11
-3.26065e+11
-3.42879e+11
-4.14772e+11
-3.28453e+11
-3.25007e+11
-3.2884e+11
-3.23897e+11
-3.95256e+11
-4.24108e+11
-3.25736e+11
-4.19194e+11
-3.241e+11
-3.83471e+10
-3.25637e+11
-3.40127e+11
-3.2835e+11
-4.15853e+11
-4.2411e+11
-3.23962e+11
-3.67928e+11
-4.24156e+11
-4.24122e+11
-3.24538e+11
-3.43451e+11
-3.25851e+11
-2.21462e+11
-4.23915e+11
-2.92187e+11
-3.19674e+11
-3.22337e+11
-3.33034e+11
-1.7323e+11
-3.28404e+11
-4.24557e+11
-2.04663e+11
-3.27138e+11
-3.26597e+11
-4.24126e+11
-3.2457e+11
-4.24126e+11
-1.93432e+11
-4.24127e+11
-3.13558e+11
-3.26931e+11
-4.22774e+11
-2.21641e+11
-3.31049e+11
-3.29291e+11
-4.24499e+11
-3.2691e+11
-3.43918e+11
-4.22766e+11
-3.23847e+11
-3.40118e+11
-2.34901e+11
-4.23148e+11
-3.26856e+11
-4.24127e+11
-4.24157e+11
-3.26174e+11
-3.30083e+11
-1.71847e+11
-3.35763e+11
-1.99851e+11
-2.45394e+11
-4.15862e+11
-1.8708e+11
-1.53215e+11
-1.51611e+11
-4.15887e+11
-4.24732e+11
-4.24755e+11
-3.95179e+11
-4.24173e+11
-1.90558e+11
-4.24476e+11
-3.23779e+11
-3.3153e+11
-1.46258e+11
-2.00301e+11
-3.35893e+11
-3.20043e+11
1.00969e+12
-3.65589e+11
-3.24918e+11
-2.92511e+11
-4.23146e+11
-4.24152e+11
-1.73968e+11
-5.74544e+11
-4.24153e+11
-3.48465e+11
-4.2415e+11
-2.0133e+11
-2.08245e+11
-3.24922e+11
-3.24192e+11
-2.23164e+11
-3.87437e+11
-2.65891e+11
-3.24538e+11
-3.24176e+11
-3.24713e+11
-4.14548e+11
-3.53596e+11
-3.25656e+11
-3.25041e+11
-4.24395e+11
-4.24314e+11
-3.24057e+11
-3.26927e+11
-3.17768e+11
-3.24552e+11
-3.29172e+11
-1.72819e+11
-3.20446e+11
-3.39971e+11
-1.63245e+11
-1.4256e+11
-2.00154e+11
-2.00054e+11
-3.24844e+11
-3.25331e+11
-3.5786e+11
-4.2152e+11
-3.24803e+11
2.17205e+11
-1.76333e+11
-3.53664e+11
-4.25125e+11
-1.99958e+11
-3.32733e+11
-4.24261e+11
-2.54101e+11
-4.24125e+11
-3.19761e+11
-3.2583e+11
-4.44817e+11
-3.19479e+11
-3.20175e+11
-3.32758e+11
-2.76234e+11
-3.99271e+11
-3.50635e+11
-3.26919e+11
-3.28325e+11
-4.24018e+11
-3.34078e+11
-3.25038e+11
-3.16275e+11
-3.19978e+11
-3.2937e+11
-3.26608e+11
-4.14541e+11
-3.2312e+11
-3.26436e+11
-9.39496e+09
-3.23042e+11
-3.23481e+11
-3.86704e+11
-4.24102e+11
-3.21674e+11
-2.86031e+11
-2.86867e+11
-3.31103e+11
-3.24158e+11
-3.43943e+11
-3.24567e+11
-4.24255e+11
-4.24217e+11
-4.24127e+11
-3.23099e+11
-1.99968e+11
-4.24115e+11
-3.24373e+11
-4.24182e+11
-3.23063e+11
-4.2375e+11
-4.25505e+11
-3.10507e+11
-3.18483e+11
-3.24189e+11
-4.24125e+11
-4.24133e+11
-3.29363e+11
-3.10057e+11
-4.24116e+11
-4.24126e+11
-2.25478e+11
-4.24119e+11
-3.22323e+11
-3.23895e+11
-4.25347e+11
-2.06479e+11
-3.2529e+11
-4.25119e+11
-2.31882e+11
-3.26087e+11
-3.26923e+11
-3.27859e+11
-3.25124e+11
-3.27912e+11
-3.59524e+11
-1.76687e+11
-4.14579e+11
-3.26978e+11
-3.25952e+11
-3.25671e+11
-1.90881e+11
-4.2436e+11
-3.24689e+11
-3.21262e+11
-3.31711e+11
-3.29312e+11
-3.24968e+11
-3.28107e+11
-2.41523e+11
-3.47408e+11
-1.81317e+11
-3.27721e+11
-3.39863e+11
-4.24146e+11
-3.29147e+11
-3.24077e+11
-1.63276e+11
-3.31442e+11
-3.23031e+11
-3.20323e+11
-3.4512e+11
-3.24907e+11
-3.40873e+11
-2.90598e+11
-3.26642e+11
-2.49531e+11
-3.24006e+11
-3.2406e+11
-2.53434e+11
-3.30845e+11
-2.49442e+11
-3.33434e+11
-3.24087e+11
-3.20185e+11
-3.25659e+11
-2.23375e+11
-7.8134e+11
-4.24131e+11
-3.47764e+11
-3.31576e+11
-3.24081e+11
-3.28862e+11
-4.24157e+11
-4.23284e+11
-4.24108e+11
-3.2457e+11
-3.28364e+11
-3.42489e+11
-3.33138e+11
-5.67494e+11
-3.24885e+11
-3.24978e+11
-3.54142e+11
-1.914e+11
-2.23017e+11
-5.63753e+11
-1.97945e+11
-4.24266e+11
-3.50255e+11
-5.70281e+11
-1.81734e+11
-2.05917e+11
-3.54674e+11
-3.25507e+11
-3.2e+11
-3.42501e+11
-2.1091e+11
1.29215e+12
-4.25946e+11
-3.29474e+11
-3.67095e+11
-4.24119e+11
-2.37405e+11
-3.20454e+11
-3.22752e+11
5.42788e+12
-1.45821e+11
-4.24144e+11
-4.23281e+11
-3.26666e+11
-4.24156e+11
-4.24156e+11
-4.24126e+11
-1.67987e+11
-3.25217e+11
-3.67937e+11
-1.99612e+11
-3.75979e+11
-3.25102e+11
-2.63583e+11
-3.20036e+11
-3.25107e+11
-1.9368e+11
-4.24129e+11
-2.08502e+11
-4.08432e+11
-3.28035e+11
-3.47382e+11
-2.01515e+11
-3.51995e+11
2.57463e+10
-3.19972e+11
-4.24168e+11
1.33741e+12
-2.10157e+11
-2.05421e+11
-1.98091e+11
-4.09862e+11
-1.58002e+11
-4.24584e+11
-3.42867e+11
-2.36575e+11
-3.27623e+11
-1.49792e+11
-3.50702e+11
-1.51366e+11
-3.64375e+11
-4.03331e+11
-2.0569e+11
-3.28171e+11
-1.56262e+11
-2.30873e+11
-3.46857e+11
-3.26923e+11
-3.27776e+11
-2.15565e+11
-1.45851e+10
-3.34497e+11
-1.7613e+11
-2.55055e+11
-2.80644e+11
-3.57573e+11
-2.78285e+11
-3.22851e+11
-3.28737e+11
-2.62626e+11
-3.26984e+11
-1.9872e+11
-3.32566e+11
-2.0896e+11
-3.34484e+11
-2.21785e+11
-4.24154e+11
-3.24685e+11
-3.95134e+11
-1.5805e+11
-3.23764e+11
-3.42829e+11
-3.29336e+11
-2.12076e+11
-3.44681e+11
-3.53549e+11
-3.28333e+11
-3.20431e+11
-3.36587e+11
-2.10157e+11
-3.28324e+11
-3.29253e+11
-3.26292e+11
-4.24076e+11
-4.24591e+11
-1.58569e+11
-2.02472e+11
4.00192e+12
-4.2412e+11
-3.24237e+11
-3.2887e+11
-2.46334e+11
-3.26646e+11
-3.23762e+11
-2.42081e+11
-3.34875e+11
-3.20223e+11
-4.24286e+11
2.49205e+11
-4.24126e+11
-3.28198e+11
-2.87007e+11
-3.38514e+11
-2.88613e+11
-4.26341e+11
-3.42733e+11
-4.24102e+11
-3.87506e+11
-3.26141e+11
-1.82292e+11
-3.26738e+11
-3.25712e+11
-2.64498e+11
-3.03061e+11
-2.50115e+11
-3.35406e+11
-3.25935e+11
4.34589e+10
-1.45514e+11
-3.25201e+11
-3.465e+11
-1.73992e+11
-2.06893e+11
-2.17348e+11
-2.07991e+11
-2.82716e+11
1.01262e+12
-3.2917e+11
-1.48615e+11
-3.24079e+11
-3.25206e+11
-3.2511e+11
-3.09616e+11
-4.23503e+11
-3.47314e+11
-1.82678e+11
-4.25304e+11
-3.20377e+11
-1.46781e+11
-3.25278e+11
-4.24119e+11
-3.48844e+11
-3.32756e+11
-3.99234e+11
-3.27382e+11
-3.41818e+11
-3.20259e+11
-7.74271e+11
-2.05488e+11
-3.09111e+11
-3.2488e+11
-3.25038e+11
-3.40861e+11
-3.21383e+11
-4.2439e+11
-3.42473e+11
-3.90918e+11
-3.24738e+11
-4.2416e+11
-4.24222e+11
-3.319e+11
-4.24118e+11
-4.24238e+11
-4.14951e+11
-3.24814e+11
-3.27243e+11
-4.24321e+11
-4.24129e+11
-2.02947e+11
-4.20419e+11
-3.24886e+11
-3.27983e+11
-3.19372e+11
-4.24128e+11
-3.59998e+11
-3.25149e+11
-3.41957e+11
-2.19155e+11
-4.18283e+11
-3.24293e+11
-4.24151e+11
-3.24999e+11
-4.2413e+11
-4.24293e+11
-4.24208e+11
-3.28369e+11
-3.25168e+11
-4.14549e+11
-3.32962e+11
-3.44127e+11
-4.06819e+11
-3.26155e+11
-5.70491e+11
-1.77692e+11
-4.24139e+11
-2.26755e+11
-4.2448e+11
-3.20833e+11
-3.22343e+11
-4.24221e+11
-7.08533e+10
-4.16064e+11
-3.22366e+11
-2.55872e+11
-3.50442e+11
-3.33757e+11
-3.87564e+11
-1.41213e+11
-3.24568e+11
-4.22843e+11
-3.29312e+11
-2.72827e+11
-3.33366e+11
-3.31813e+11
-3.7877e+11
-3.36052e+11
-3.68013e+11
-3.2637e+11
-3.38422e+11
-4.24097e+11
-3.47154e+11
-1.92511e+11
-3.1987e+11
1.02877e+12
-3.33197e+11
-2.19988e+11
-2.00153e+11
-4.24129e+11
-1.70667e+11
-3.40572e+11
-2.01661e+11
-4.27014e+11
-3.46698e+11
-4.24099e+11
-4.24156e+11
-4.24121e+11
-4.24113e+11
-2.09642e+11
-4.40257e+11
6.37715e+11
-3.24472e+11
-2.01597e+11
-1.40539e+11
-2.01673e+11
-1.99845e+11
-2.02853e+11
-2.14316e+11
-3.99246e+11
-3.29771e+11
-3.24058e+11
-3.30947e+11
-2.0227e+11
-2.07691e+11
-1.82753e+11
-4.24271e+11
-3.41998e+11
-3.40837e+11
-2.65057e+11
-3.84305e+11
-3.14949e+11
-3.28474e+11
-3.26638e+11
-4.24194e+11
-4.24516e+11
-3.26579e+11
-4.23268e+11
-3.23515e+11
-3.44294e+11
-3.28726e+11
-4.15865e+11
-3.46567e+11
-3.25043e+11
3.34434e+11
-3.23106e+11
-4.24765e+11
-3.54606e+11
-3.21216e+11
-3.35018e+11
-3.46714e+11
-3.22567e+11
-3.28232e+11
-3.35554e+11
-3.24855e+11
-4.24169e+11
-2.89256e+11
-3.37127e+11
-3.66274e+11
-2.06046e+11
-3.25405e+11
-3.25107e+11
-3.43308e+11
-3.2513e+11
-3.53659e+11
-2.07463e+11
-4.24218e+11
-3.25048e+11
-3.53666e+11
-3.5515e+11
-4.24463e+11
-4.24631e+11
-3.25142e+11
-3.26639e+11
-3.40367e+11
-3.25974e+11
-3.29592e+11
1.46238e+13
-4.24111e+11
-3.41972e+11
-3.41976e+11
-4.22929e+11
-3.24004e+11
-4.24404e+11
-3.32285e+11
-2.86366e+11
-4.2412e+11
-3.24007e+11
-2.92837e+11
-3.24523e+11
-3.41007e+11
-3.40764e+11
-4.23677e+11
-3.24921e+11
-4.2413e+11
-3.24952e+11
-3.59034e+11
-3.19766e+11
-3.35621e+11
-4.23959e+11
-3.06295e+10
-3.25535e+11
-3.1893e+11
-4.24127e+11
-3.41983e+11
-3.29573e+11
-3.25509e+11
-4.22205e+11
-3.43852e+11
-3.17607e+11
-3.25245e+11
-3.63107e+11
-3.3253e+11
-3.24896e+11
-3.27367e+11
-4.68809e+11
-4.24142e+11
-3.52483e+11
-3.27003e+11
-3.41362e+11
-3.25039e+11
-3.27099e+11
-1.61958e+11
-2.02293e+11
-4.21781e+11
-3.27205e+11
-3.90376e+11
-4.24318e+11
-3.24984e+11
-4.23491e+11
-3.37138e+11
-4.2451e+11
-2.01172e+11
-2.15109e+11
-3.20608e+11
-2.45539e+11
-4.91469e+11
-4.24389e+11
-2.09806e+11
-3.26573e+11
-3.3262e+11
-3.34296e+11
-1.99717e+11
-3.25001e+11
-3.39649e+11
-4.24173e+11
-4.24164e+11
-3.30293e+11
-3.29633e+11
-4.2416e+11
-4.22291e+11
-2.73524e+11
-3.2563e+11
-2.1411e+11
-2.00082e+11
-3.51246e+11
-2.09871e+11
1.27517e+12
-3.24974e+11
-2.13377e+11
-1.96593e+11
-3.27961e+11
-3.37166e+11
-3.24539e+11
-3.28599e+11
-1.93024e+11
-3.60978e+11
-1.54686e+11
-3.26721e+11
-3.2478e+11
-3.94461e+11
-2.76831e+11
-1.93074e+11
-1.91907e+11
-2.21837e+11
-3.30533e+11
2.51979e+11
-3.18958e+11
-2.05221e+11
-3.27525e+11
-2.69263e+11
-3.25113e+11
-3.19754e+11
-2.54729e+11
-3.25884e+11
-4.25694e+11
-2.0182e+11
-3.26283e+11
-4.2413e+11
-3.30178e+11
-3.32391e+11
-3.32603e+11
-3.30097e+11
-1.81067e+11
-3.71393e+11
-1.84144e+11
-2.02183e+11
-3.26601e+11
-3.32067e+11
-1.59619e+11
-3.24981e+11
-3.2428e+11
-3.83345e+11
-3.24492e+11
-1.92628e+11
-4.24142e+11
-3.50466e+11
-3.23112e+11
-4.24603e+11
-3.25494e+11
-3.32286e+11
-2.21339e+11
-3.24735e+11
-6.36373e+11
-3.33542e+11
-2.83752e+11
-3.90166e+11
-3.23816e+11
-3.31952e+11
-1.46945e+11
-3.19775e+11
-3.24025e+11
-3.24763e+11
-3.31847e+11
-2.70547e+11
-2.71578e+11
-4.22986e+11
-3.13585e+11
-4.24068e+11
-6.41942e+11
-4.24065e+11
-3.13581e+11
-4.24132e+11
-3.2804e+11
1.47555e+13
-3.99208e+11
-4.24158e+11
-3.6219e+11
-4.24108e+11
-4.25332e+11
-3.23693e+11
-4.24125e+11
-2.01221e+11
-4.23084e+11
-3.25256e+11
-4.24133e+11
-3.49901e+11
-3.19875e+11
-3.25746e+11
-4.24142e+11
-3.4053e+11
-3.56983e+11
-2.92783e+11
-4.24175e+11
-2.41846e+11
-4.24172e+11
-7.72317e+11
-4.24111e+11
-4.12795e+11
-2.92766e+11
-4.24332e+11
-3.19709e+11
-3.21587e+11
-3.27617e+11
-1.56345e+11
-3.5661e+11
-1.81826e+11
4.00566e+12
-4.24879e+11
-3.82719e+11
-4.24431e+11
-4.22296e+11
-2.73968e+11
-3.23493e+11
-4.25274e+11
-3.68681e+11
-4.1213e+11
-3.4911e+11
-3.24761e+11
-2.64381e+11
-2.11388e+11
-3.25607e+11
-3.20483e+11
-1.98539e+11
-3.42877e+11
-2.00952e+11
-4.24142e+11
-4.24156e+11
-3.39781e+11
-5.95862e+11
-3.28308e+11
-4.28593e+11
-3.40083e+11
-4.4532e+11
-4.24099e+11
-4.39434e+11
-4.45238e+11
-3.34716e+11
-1.51526e+11
-3.4033e+11
-2.29654e+11
-2.00228e+11
-4.18245e+11
-4.24154e+11
-4.24156e+11
-3.28619e+11
-1.94277e+11
3.01152e+11
-3.29524e+11
-3.29851e+11
-3.53234e+11
-3.45725e+11
-3.33208e+11
-3.48118e+11
-5.70871e+11
-4.24256e+11
-3.47419e+11
-3.25672e+11
-3.24108e+11
-1.9253e+11
1.46204e+13
-4.2415e+11
-3.24162e+11
-3.30997e+11
-3.2727e+11
-4.24169e+11
-3.30384e+11
-1.71235e+11
-4.23974e+11
-4.24169e+11
-3.51797e+11
-2.76027e+11
-4.24178e+11
-4.24765e+11
-4.24176e+11
-4.24194e+11
-4.24126e+11
-4.24151e+11
3.39171e+11
-3.30671e+11
-3.34437e+11
-3.55588e+11
-3.4475e+11
-3.37602e+11
-1.98237e+11
-3.2481e+11
-4.24169e+11
-4.24078e+11
-3.78178e+11
-3.29047e+11
-4.24161e+11
-3.27382e+11
-1.46718e+11
-4.2413e+11
-3.1231e+11
-3.28006e+11
-1.47613e+11
-2.20504e+11
-1.49385e+11
-3.28408e+11
-2.15363e+11
-3.47083e+11
-3.25109e+11
-2.26547e+11
-3.24127e+11
-4.24157e+11
-4.23569e+11
-2.59934e+11
-3.24597e+11
-4.24365e+11
-5.76336e+10
-3.19259e+11
-3.25553e+11
-4.23751e+11
-3.35964e+11
2.10998e+11
-2.75035e+11
-3.24653e+11
-2.79294e+11
-3.25428e+11
-4.2412e+11
-3.25087e+11
-1.63275e+11
-5.53276e+11
-2.06352e+11
-2.78251e+11
-3.53567e+11
-4.24214e+11
-3.25336e+11
-3.12556e+11
-3.26013e+11
-3.23991e+11
-3.24913e+11
1.01562e+12
5.64933e+09
-2.46411e+11
2.91729e+11
-3.26951e+11
-3.24318e+11
-3.25347e+11
-2.07988e+11
-3.24709e+11
-1.79274e+11
-3.26812e+11
-3.24906e+11
-3.30132e+11
-4.23062e+11
-4.24169e+11
-2.06069e+11
-1.92885e+11
-2.19072e+11
-3.24902e+11
4.5598e+12
-2.00064e+11
-2.09937e+11
-1.6001e+11
-4.19174e+11
-3.87548e+11
3.30045e+11
-3.75903e+11
-2.79072e+11
-3.24954e+11
-4.24109e+11
-3.24012e+11
-3.2451e+11
-3.68036e+11
5.4326e+12
-2.03179e+11
-4.24114e+11
-2.77476e+11
4.56483e+12
-3.27997e+11
-3.43931e+11
-3.46947e+11
-4.24102e+11
-3.26064e+11
-2.03747e+11
-3.3241e+11
-2.62293e+11
-3.25139e+11
-4.24121e+11
-3.25385e+11
-4.24061e+11
-2.00167e+11
-1.77582e+11
-2.74197e+11
-3.2678e+11
-3.24861e+11
-3.26997e+11
-4.24178e+11
-3.43081e+11
-2.86287e+11
-3.24257e+11
-3.13815e+11
-3.20632e+11
-3.14058e+11
-3.43153e+11
-3.24628e+11
-3.42976e+11
-3.5118e+11
-2.11007e+11
-3.25235e+11
-2.26531e+11
-3.2729e+11
-4.24127e+11
-3.90009e+11
-2.01751e+11
-3.30886e+11
-4.24038e+11
-3.90027e+11
-3.85925e+11
-2.10532e+11
-1.50497e+11
-2.17223e+11
-3.24526e+11
-3.25048e+11
-2.85397e+11
-3.25083e+11
-4.24406e+11
-4.24227e+11
-4.24133e+11
-4.24968e+11
-3.32758e+11
-4.24126e+11
-4.2415e+11
-3.26931e+11
-3.23486e+11
-4.24175e+11
-3.20424e+11
-3.24628e+11
-4.24547e+11
-3.25104e+11
-3.24225e+11
-3.49598e+11
-3.19114e+11
-3.1671e+11
-3.2303e+11
-2.79744e+11
-4.14927e+11
-3.43297e+11
-2.97979e+11
-3.24756e+11
-1.59941e+11
-4.24386e+11
-3.24825e+11
-3.2521e+11
-3.26851e+11
-3.27036e+11
-3.26892e+11
-4.24209e+11
-4.265e+11
-3.30978e+11
-4.24107e+11
-4.24172e+11
-2.59712e+11
-1.71645e+11
-4.24166e+11
-3.24922e+11
-4.24111e+11
-3.33027e+11
-3.55246e+11
-4.24599e+11
-3.24434e+11
-1.79156e+11
-7.16393e+11
-1.75311e+11
-2.05733e+11
-1.91605e+11
-1.90588e+11
-2.01841e+11
-2.05226e+11
-3.25122e+11
-3.17296e+11
-3.2546e+11
-3.81427e+11
-4.24174e+11
-1.99818e+11
-4.2417e+11
-3.60302e+11
-3.22829e+11
-3.33208e+11
-3.3426e+11
-4.23625e+11
-3.2788e+11
-1.91832e+11
-2.2827e+11
-4.24158e+11
-4.24158e+11
-4.24158e+11
-4.24019e+11
-4.24011e+11
-4.24008e+11
-3.28479e+11
-3.28262e+11
-2.33483e+11
-1.80273e+11
-2.32335e+11
-2.30879e+11
-3.13885e+11
-3.65331e+11
-3.48823e+11
-3.43296e+11
-3.67833e+11
-3.27853e+11
-3.63428e+11
-3.42467e+11
-1.08416e+11
-1.0822e+11
-2.07065e+11
-1.51898e+11
4.5753e+12
-9.81538e+11
-3.41006e+12
-2.38727e+12
-3.1267e+12
-1.15314e+12
-1.00403e+12
-2.28422e+12
-1.24711e+12
-3.26712e+11
-3.19037e+11
-3.19668e+11
-3.19943e+11
-2.30122e+11
-4.24319e+11
-2.29185e+11
-4.26422e+11
-3.45518e+11
-2.26773e+11
-4.26183e+11
-4.24293e+11
-4.24749e+11
-4.24316e+11
-4.24602e+11
-4.23777e+11
-4.24078e+11
-4.24126e+11
-4.24114e+11
-4.24125e+11
-4.2413e+11
-4.24158e+11
-4.2416e+11
-4.24304e+11
-4.24158e+11
-4.25008e+11
-4.25048e+11
-4.24759e+11
-4.24568e+11
-4.24835e+11
-4.24333e+11
-4.24365e+11
-4.24791e+11
-4.24317e+11
-4.14478e+11
-4.14551e+11
-3.20003e+11
-3.19751e+11
-3.19617e+11
-3.19983e+11
-3.19971e+11
-3.19002e+11
-2.99558e+11
-2.9954e+11
-3.23942e+11
-3.2381e+11
-3.19657e+11
-3.24833e+11
-3.2386e+11
-3.23798e+11
-3.24791e+11
-3.23825e+11
-3.24762e+11
-3.24648e+11
-3.2467e+11
-3.24788e+11
-3.24922e+11
-3.25059e+11
-3.24967e+11
-3.25052e+11
-3.25061e+11
-3.25062e+11
-3.25109e+11
-3.25112e+11
-3.25505e+11
-3.25273e+11
-3.25498e+11
-3.25996e+11
-3.25663e+11
-3.26138e+11
-3.2818e+11
-3.34832e+11
-3.33451e+11
-3.3621e+11
-3.41615e+11
-3.44016e+11
-3.52356e+11
-3.61666e+11
-4.46857e+11
-4.71708e+11
-4.33593e+11
-4.47813e+11
-4.74303e+11
-4.50266e+11
-4.93264e+11
-4.95725e+11
-4.93721e+11
-5.44983e+11
-5.4679e+11
-5.20984e+11
-6.43302e+11
-5.75861e+11
-8.6475e+11
1.01585e+12
6.5867e+11
8.85353e+11
-3.5864e+11
-3.87463e+11
-1.45168e+12
-1.46702e+12
6.18811e+11
6.10582e+11
1.06601e+12
5.01689e+11
5.11878e+11
4.99961e+11
5.79633e+11
-9.41495e+09
3.27898e+11
9.56825e+11
1.00597e+12
9.69069e+11
2.83906e+10
6.67196e+11
1.18935e+11
-2.9623e+11
-2.85327e+11
-1.77031e+11
-1.77374e+11
-1.76872e+11
-2.03109e+11
-2.26763e+11
-2.03331e+11
-2.01818e+11
-1.9431e+11
-1.71318e+11
-1.52736e+11
-1.82499e+11
-1.99167e+11
-2.06757e+11
-2.05626e+11
-2.05701e+11
-2.0586e+11
-2.00509e+11
-2.05338e+11
-2.01568e+11
-2.05042e+11
-2.04543e+11
-2.04693e+11
-2.54032e+11
-2.54834e+11
-3.42625e+11
-2.62999e+11
-2.48369e+11
-3.90004e+11
-3.53504e+11
-3.53379e+11
-3.83723e+11
-3.88406e+11
-3.65656e+11
-3.65998e+11
-3.59931e+11
-3.65816e+11
-3.45031e+11
-3.4731e+11
-3.47452e+11
-3.55585e+11
-3.52722e+11
-3.50663e+11
-3.47347e+11
-3.46031e+11
-3.47225e+11
-3.47655e+11
-3.47228e+11
-3.46442e+11
-3.36698e+11
-3.46798e+11
-3.47525e+11
-3.37307e+11
-3.47934e+11
-2.95701e+11
-2.5678e+11
-2.95476e+11
-2.56453e+11
-2.56021e+11
-2.54437e+11
-3.00075e+11
-2.38364e+11
-2.23566e+11
-3.01083e+11
-2.33857e+11
-2.42812e+11
-3.02623e+11
-2.62743e+11
-2.68033e+11
-3.34629e+11
-3.29009e+11
-3.26892e+11
-3.25852e+11
-3.2632e+11
-3.27019e+11
-3.26617e+11
-3.26051e+11
-3.27583e+11
-3.27267e+11
-3.28111e+11
-3.27712e+11
-3.27699e+11
-3.27995e+11
-3.27698e+11
-3.27073e+11
-3.27313e+11
-3.27008e+11
-3.27766e+11
-3.27351e+11
-3.27223e+11
-3.26171e+11
-3.26099e+11
-3.25833e+11
-3.25278e+11
-3.25237e+11
-3.25306e+11
-3.25256e+11
-3.24058e+11
-3.23927e+11
-3.24025e+11
-3.24834e+11
-3.25299e+11
-3.25528e+11
-3.26386e+11
-3.27239e+11
-3.3078e+11
-3.26304e+11
-3.21485e+11
-2.98739e+11
-3.70479e+11
-3.5046e+11
-3.47245e+11
-3.54031e+11
-3.89963e+11
-4.02137e+11
-4.305e+11
-4.14792e+11
-4.28499e+11
-5.15878e+11
-3.86918e+11
-4.28308e+11
-4.24586e+11
-4.24601e+11
-4.25108e+11
-4.24586e+11
-4.24354e+11
-4.24218e+11
-4.24354e+11
-4.2403e+11
-4.24033e+11
-4.24356e+11
-4.24172e+11
-4.24171e+11
-4.24167e+11
-4.24169e+11
-4.24169e+11
-4.24169e+11
-3.43982e+11
-4.24156e+11
-4.24155e+11
-4.24143e+11
-4.24144e+11
-4.2414e+11
-4.24161e+11
-4.24161e+11
-4.24138e+11
-4.24113e+11
-4.24624e+11
-4.24349e+11
-4.24321e+11
-4.24799e+11
-4.14744e+11
-4.14692e+11
-4.12117e+11
-3.35307e+11
-3.24877e+11
-3.25064e+11
-3.25106e+11
-3.25266e+11
-3.25508e+11
-3.78952e+11
-5.11716e+11
-5.48266e+11
8.20583e+11
-3.41375e+12
8.69755e+11
-1.42909e+12
1.09658e+12
5.95057e+11
6.28929e+11
1.04342e+12
1.02332e+12
-2.72431e+11
-1.22458e+11
-2.21478e+11
-1.49515e+11
-1.48523e+11
-2.06621e+11
-2.05902e+11
-3.62459e+11
-3.18346e+11
-3.9082e+11
-2.76334e+11
-3.80065e+11
-3.8093e+11
-3.5976e+11
-3.5086e+11
-3.53115e+11
-3.5032e+11
-3.54444e+11
-3.47937e+11
-3.54454e+11
-3.4786e+11
-3.47642e+11
-3.47366e+11
-2.95022e+11
-2.49859e+11
-2.56038e+11
-2.84626e+11
-2.56465e+11
-2.96164e+11
-3.36976e+11
-3.34978e+11
-3.25962e+11
-3.26536e+11
-3.26041e+11
-3.25621e+11
-3.27642e+11
-3.27298e+11
-3.25928e+11
-3.27122e+11
-3.25394e+11
-3.25261e+11
-3.25284e+11
-3.2597e+11
-3.25194e+11
-3.24028e+11
-3.2492e+11
-3.24032e+11
-3.24667e+11
-2.98262e+11
-3.73549e+11
-3.99826e+11
-4.09775e+11
-5.04424e+11
-3.9199e+11
-4.28449e+11
-4.25138e+11
-4.24445e+11
-4.2436e+11
-4.24363e+11
-4.24232e+11
-3.3187e+11
-4.24167e+11
-4.2417e+11
-4.24169e+11
-4.24171e+11
-4.24169e+11
-4.24169e+11
-4.24155e+11
-4.24139e+11
-4.2414e+11
-4.24112e+11
-4.24119e+11
-4.24121e+11
-4.24118e+11
-4.24121e+11
-4.24119e+11
-4.24115e+11
-4.24116e+11
-4.24118e+11
-4.24126e+11
-4.24125e+11
-4.24123e+11
-4.24124e+11
-4.24127e+11
-4.24129e+11
-4.24129e+11
-4.24132e+11
-4.24133e+11
-4.24138e+11
-4.24133e+11
-4.24152e+11
-4.24167e+11
-4.24168e+11
-4.24217e+11
-4.24185e+11
-4.24423e+11
-4.24523e+11
-4.24376e+11
-4.24508e+11
-4.24517e+11
-4.24489e+11
-4.24406e+11
-4.24537e+11
-4.2436e+11
-3.26913e+11
-3.25636e+11
-3.24083e+11
-3.24742e+11
-3.24722e+11
-3.21391e+11
-3.21528e+11
-3.21585e+11
-3.21164e+11
-3.20483e+11
-3.20605e+11
-3.20566e+11
-3.19602e+11
-3.21181e+11
-3.24771e+11
-3.24797e+11
-3.24756e+11
-3.24919e+11
-3.24909e+11
-3.24771e+11
-3.24909e+11
-3.24987e+11
-3.24925e+11
-3.24988e+11
-3.25565e+11
-3.26044e+11
-3.26172e+11
-3.27009e+11
-3.27078e+11
-3.27636e+11
-3.27283e+11
-3.27546e+11
-3.28091e+11
-3.28614e+11
-3.28484e+11
-3.286e+11
-3.29464e+11
-3.29717e+11
-3.28951e+11
-3.30173e+11
-3.31695e+11
-3.31308e+11
-3.34393e+11
-3.34828e+11
-3.35302e+11
-3.37981e+11
-3.37706e+11
-3.39133e+11
-3.39441e+11
-3.38673e+11
-3.40804e+11
-3.41246e+11
-3.41191e+11
-3.44352e+11
-3.4553e+11
-3.45687e+11
-3.64206e+11
-3.61142e+11
-3.62854e+11
-3.68056e+11
-3.00323e+11
-3.74763e+11
-3.72073e+11
-4.13285e+11
-3.68506e+11
-2.956e+11
-3.23552e+11
-3.44254e+11
-2.7571e+11
-2.62816e+11
-2.73489e+11
-4.11751e+11
-2.53676e+11
-2.61747e+11
-4.03561e+11
-2.18197e+11
-2.31213e+11
-2.12301e+11
-2.1458e+11
-1.91006e+11
3.31213e+09
-2.05148e+11
-2.09906e+11
-2.01539e+11
-1.95378e+11
-2.09226e+11
-1.94205e+11
-1.8689e+11
-1.80677e+11
-2.2346e+11
-1.83452e+11
-1.74864e+11
-1.71512e+11
-1.60535e+11
-1.60738e+11
-1.60791e+11
-1.45647e+11
-1.49435e+11
-1.43258e+11
-1.80033e+11
-1.92684e+11
-1.97717e+11
-1.9945e+11
-2.04446e+11
-2.04513e+11
-2.0075e+11
-2.00824e+11
-2.00186e+11
-1.99916e+11
-2.07462e+11
-2.58873e+11
-2.70112e+11
-3.87422e+11
-2.87603e+11
-2.76598e+11
-2.80517e+11
-2.74317e+11
-2.91213e+11
-2.92487e+11
-3.52183e+11
-3.56345e+11
-3.44183e+11
-3.81028e+11
-3.85181e+11
-3.80602e+11
-3.81393e+11
-3.55844e+11
-3.53952e+11
-3.48245e+11
-3.53903e+11
-3.528e+11
-3.51661e+11
-3.5296e+11
-3.52134e+11
-3.50932e+11
-3.49721e+11
-3.53135e+11
-3.47027e+11
-3.46369e+11
-3.49755e+11
-3.45985e+11
-3.87494e+11
-3.47216e+11
-3.45905e+11
-3.37034e+11
-3.33047e+11
-2.92708e+11
-2.57913e+11
-2.92392e+11
-2.88211e+11
-3.33045e+11
-2.74354e+11
-2.91612e+11
-3.0206e+11
-2.93417e+11
-3.19004e+11
-3.19221e+11
-3.17935e+11
-2.96059e+11
-3.38772e+11
-3.42336e+11
-3.3361e+11
-3.34707e+11
-3.33422e+11
-3.30878e+11
-3.31209e+11
-3.31858e+11
-3.30044e+11
-3.29577e+11
-3.29813e+11
-3.29494e+11
-3.29348e+11
-3.29382e+11
-3.29228e+11
-3.29134e+11
-3.29087e+11
-3.29313e+11
-3.28528e+11
-3.28297e+11
-3.27917e+11
-3.28339e+11
-3.28e+11
-3.27725e+11
-3.27557e+11
-3.26905e+11
-3.26903e+11
-3.2671e+11
-3.26601e+11
-3.26451e+11
-3.26484e+11
-3.26024e+11
-3.26208e+11
-3.33026e+11
-3.25484e+11
-3.24251e+11
-3.25209e+11
-2.90122e+11
-2.9927e+11
-2.90741e+11
-4.26576e+11
-4.26325e+11
-4.26513e+11
-4.25963e+11
-4.26021e+11
-4.2645e+11
-4.253e+11
-3.94255e+11
-5.13589e+11
-4.24227e+11
-3.33049e+11
-4.24182e+11
-4.24158e+11
-4.24227e+11
-4.24174e+11
-4.24167e+11
-4.24179e+11
-4.24178e+11
-2.25728e+11
-4.24173e+11
-4.24174e+11
-4.24164e+11
-4.24159e+11
-4.24153e+11
-4.24155e+11
-4.24142e+11
-4.24131e+11
-4.2413e+11
-4.24131e+11
-4.24131e+11
-4.24115e+11
-2.55114e+12
-2.73672e+11
-2.75596e+11
-3.24925e+11
-3.23978e+11
-3.25354e+11
-4.24125e+11
-4.24126e+11
-4.24125e+11
-4.24126e+11
-4.24121e+11
-4.24125e+11
-4.24126e+11
-4.24127e+11
-4.2413e+11
-4.24129e+11
-4.24135e+11
-4.24136e+11
-4.24134e+11
-4.24149e+11
-4.24159e+11
-4.24141e+11
-4.24159e+11
-4.24148e+11
-4.24184e+11
-3.177e+11
-4.24181e+11
-4.24187e+11
-4.24184e+11
-4.24322e+11
-4.24484e+11
-4.24492e+11
-4.24447e+11
-4.24509e+11
-4.1482e+11
-4.03359e+11
-3.2845e+11
-3.27309e+11
-3.26477e+11
-3.26419e+11
-3.24539e+11
-3.24059e+11
-3.24263e+11
-3.24337e+11
-3.24067e+11
-3.24024e+11
-3.22542e+11
-3.66621e+11
-3.39355e+11
-3.61538e+11
-3.40164e+11
-3.17676e+11
-3.24038e+11
-3.24362e+11
-3.25019e+11
-3.24961e+11
-3.2493e+11
-3.2499e+11
-3.2492e+11
-3.24982e+11
-3.24891e+11
-3.24908e+11
-3.25424e+11
-3.25171e+11
-3.25884e+11
-3.25903e+11
-3.26068e+11
-3.26229e+11
-3.26523e+11
-3.26638e+11
-3.26853e+11
-3.26829e+11
-3.26859e+11
-3.26745e+11
-3.2701e+11
-3.27055e+11
-3.27167e+11
-3.27088e+11
-3.28876e+11
-3.29281e+11
-3.28356e+11
-3.27164e+11
-3.29033e+11
-3.30015e+11
-3.2875e+11
-3.30629e+11
-3.36882e+11
-3.31225e+11
-3.31205e+11
-3.3133e+11
-3.54609e+11
-3.38551e+11
-3.31694e+11
-3.31762e+11
-3.31588e+11
-3.32007e+11
-3.32537e+11
-3.327e+11
-3.32697e+11
-3.38196e+11
-3.42698e+11
-3.69007e+11
-3.35888e+11
-3.49091e+11
-2.00735e+11
-2.00846e+11
-3.58778e+11
-3.83954e+11
-3.51623e+11
-2.42005e+11
-3.63204e+11
-2.26662e+11
-2.55833e+11
-2.8006e+11
-3.52661e+11
-2.38441e+11
-2.65725e+11
-3.07677e+11
-3.07072e+11
-2.93734e+11
-3.11065e+11
-3.04517e+11
-2.9209e+11
-2.33164e+11
-2.27897e+11
-2.22384e+11
-2.33291e+11
-2.27072e+11
-2.26665e+11
-2.29142e+11
-2.28093e+11
-2.10983e+11
-2.03877e+11
3.89246e+09
-2.10101e+11
-2.18938e+11
-2.02665e+11
-2.07333e+11
-2.13662e+11
-2.04514e+11
-2.075e+11
-2.08299e+11
-2.16555e+11
-1.92567e+11
-1.97806e+11
-2.0227e+11
-2.04667e+11
-1.77532e+11
-1.86156e+11
-1.794e+11
-1.60001e+11
-1.70497e+11
-1.75667e+11
-1.61858e+11
-1.44297e+11
-1.55227e+11
-2.83259e+11
-2.77329e+11
-2.76834e+11
-1.77067e+11
-1.92699e+11
-1.93129e+11
-1.93319e+11
-1.98937e+11
-1.98896e+11
-1.98804e+11
-1.99461e+11
-1.99217e+11
-2.01362e+11
-2.01618e+11
-2.01038e+11
-1.99952e+11
-2.07802e+11
-2.05363e+11
-2.04385e+11
-2.2795e+11
-2.14305e+11
-2.31877e+11
-2.30656e+11
-2.40259e+11
-2.56581e+11
-2.35954e+11
-2.45709e+11
-2.93901e+11
-2.87152e+11
-3.48089e+11
-2.94009e+11
-3.48816e+11
-3.4272e+11
-3.47201e+11
-3.43687e+11
-3.48138e+11
-3.44928e+11
-3.49586e+11
-3.52845e+11
-3.40993e+11
-3.57825e+11
-3.58717e+11
-3.52113e+11
-3.50185e+11
-3.50089e+11
-3.53181e+11
-3.45567e+11
-3.42853e+11
-3.4145e+11
-3.28042e+11
-3.19753e+11
-3.1367e+11
-3.08082e+11
-2.97774e+11
-3.11527e+11
-3.0487e+11
-3.30096e+11
-3.30111e+11
-3.2844e+11
-3.2888e+11
-3.4139e+11
-3.39947e+11
-3.37886e+11
-3.15963e+11
-3.43746e+11
-3.43297e+11
-3.44799e+11
-3.43163e+11
-3.34572e+11
-3.34184e+11
-3.39759e+11
-3.33368e+11
-3.32727e+11
-3.30767e+11
-3.30927e+11
-3.30852e+11
-3.29722e+11
-3.31117e+11
-3.30514e+11
-3.30555e+11
-3.30678e+11
-3.30289e+11
-3.30352e+11
-3.2922e+11
-3.30338e+11
-3.30188e+11
-3.29367e+11
-3.29936e+11
-3.28352e+11
-3.2838e+11
-3.28356e+11
-3.29427e+11
-3.27775e+11
-3.50865e+11
-3.27615e+11
-3.27833e+11
-3.28098e+11
-3.27177e+11
-3.2706e+11
-3.26975e+11
-3.27127e+11
-3.26819e+11
-3.26985e+11
-3.27016e+11
-3.26614e+11
-3.26778e+11
-3.26545e+11
-3.26625e+11
-3.26622e+11
-3.26609e+11
-3.26383e+11
-3.25907e+11
-3.2564e+11
-3.26197e+11
-3.25552e+11
-3.24143e+11
-4.24598e+11
-3.40119e+11
-4.2461e+11
-4.23991e+11
-4.25804e+11
-4.25066e+11
-4.25791e+11
-4.24841e+11
-4.2503e+11
-4.25078e+11
-4.26406e+11
-4.45052e+11
-4.24405e+11
-4.24396e+11
-4.24277e+11
-4.24269e+11
-4.24202e+11
-4.24196e+11
-4.24198e+11
-4.24183e+11
-4.24173e+11
-4.24187e+11
-4.24171e+11
-4.24176e+11
-4.24166e+11
-4.24153e+11
-4.24143e+11
-4.24142e+11
-4.24149e+11
-4.24141e+11
-4.24131e+11
-4.24127e+11
-4.24133e+11
-4.2413e+11
-3.67038e+11
-3.50713e+11
-2.78324e+11
-2.80036e+11
-2.77267e+11
-2.78057e+11
-2.75357e+11
-2.69402e+11
-2.77866e+11
-3.25035e+11
-3.24918e+11
-2.25068e+11
-3.24597e+11
-3.24434e+11
-3.28437e+11
-3.27757e+11
-3.24894e+11
-3.24856e+11
-4.2413e+11
-4.24128e+11
-4.24126e+11
-4.24127e+11
-4.24412e+11
-4.24757e+11
-4.24398e+11
-4.24693e+11
-2.27064e+11
-2.24421e+11
-2.27699e+11
-2.26599e+11
-2.20942e+11
-4.24134e+11
-4.24133e+11
-4.24129e+11
-4.2413e+11
-4.2414e+11
-4.24142e+11
-4.24145e+11
-4.24135e+11
-4.24152e+11
-4.24172e+11
-4.24167e+11
-4.24156e+11
-4.24211e+11
-4.24233e+11
-4.24189e+11
-4.24271e+11
-4.24433e+11
-3.24312e+11
-3.2426e+11
-3.24447e+11
-3.24795e+11
-3.49157e+11
-3.54404e+11
-3.57475e+11
-3.43984e+11
-3.24981e+11
-3.25054e+11
-3.2543e+11
-3.24891e+11
-3.24872e+11
-3.24978e+11
-3.2491e+11
-3.24867e+11
-3.25103e+11
-3.25114e+11
-3.25011e+11
-3.25046e+11
-3.2503e+11
-3.2523e+11
-3.25747e+11
-3.25906e+11
-3.27034e+11
-3.27315e+11
-3.27944e+11
-3.27372e+11
-3.29259e+11
-3.30113e+11
-3.29478e+11
-3.30098e+11
-3.31368e+11
-3.30508e+11
-3.30767e+11
-3.3442e+11
-3.34185e+11
-3.35261e+11
-4.24128e+11
-4.24128e+11
-3.43073e+11
-3.43987e+11
-3.55567e+11
-3.58071e+11
-3.38741e+11
-3.14408e+11
-2.82362e+11
-2.80366e+11
-2.73065e+11
-3.33549e+11
-2.90429e+11
-2.84637e+11
-2.93167e+11
-2.80635e+11
-2.9522e+11
-2.27735e+11
-2.2769e+11
-2.40611e+11
-2.44422e+11
-2.19659e+11
-2.20014e+11
-2.26542e+11
-2.13699e+11
-2.20933e+11
-2.18425e+11
-2.1388e+11
-2.07147e+11
-1.93609e+11
-1.89093e+11
-1.78515e+11
-1.91534e+11
-1.92658e+11
-1.98839e+11
-2.01555e+11
-1.94285e+11
-3.44965e+11
-3.38907e+11
-3.45773e+11
-2.05677e+11
-2.04568e+11
-2.22675e+11
-2.13788e+11
-2.17933e+11
-2.12508e+11
-2.28289e+11
-3.60269e+11
-3.5467e+11
-3.56672e+11
-3.50871e+11
-3.41406e+11
-3.18967e+11
-3.39688e+11
-3.41889e+11
-4.24456e+11
-4.24813e+11
-4.24333e+11
-4.243e+11
-4.24322e+11
-4.24275e+11
-4.24262e+11
-4.24197e+11
-4.24215e+11
-4.24186e+11
-4.24165e+11
-4.24162e+11
-4.24172e+11
-4.24156e+11
-4.24143e+11
-2.18353e+11
-3.66663e+11
-3.969e+11
-3.66542e+11
-3.24085e+11
-4.24139e+11
-3.60785e+11
-3.19479e+11
-4.24886e+11
-3.60604e+11
-1.96617e+11
-2.00007e+11
-4.24227e+11
-4.24209e+11
-2.18779e+11
-2.27833e+11
-2.0496e+11
-2.12114e+11
-3.38062e+11
-3.55261e+11
-3.53018e+11
-3.53372e+11
-2.97924e+11
-3.20071e+11
-3.262e+11
-3.26482e+11
-3.24947e+11
-4.27749e+11
-4.25662e+11
-4.25298e+11
-4.24169e+11
-4.24173e+11
-4.24129e+11
-3.16449e+11
-3.251e+11
-4.2414e+11
-4.24175e+11
-4.24459e+11
-3.2743e+11
-3.29392e+11
-4.24133e+11
-3.36555e+11
-3.39387e+11
-2.93661e+11
-2.28233e+11
-2.27572e+11
-2.18075e+11
-1.97197e+11
-3.17783e+11
-3.40093e+11
-2.77296e+11
-2.81951e+11
-2.7987e+11
-3.43295e+11
-3.44585e+11
-3.46359e+11
-3.39777e+11
-3.42383e+11
-3.27059e+11
-3.27148e+11
-3.26475e+11
-4.24187e+11
-4.24943e+11
-4.24703e+11
-4.24147e+11
-4.24135e+11
-3.70546e+11
-3.73862e+11
-4.24432e+11
-3.38917e+11
-3.30212e+11
-3.27317e+11
-4.24152e+11
-3.26742e+11
-3.51617e+11
-2.23102e+11
-2.27627e+11
-4.24135e+11
-4.24138e+11
-3.50108e+11
-4.24131e+11
-4.24135e+11
-2.52315e+11
-3.71163e+11
-1.08508e+11
-4.24133e+11
-9.66752e+11
-1.00252e+12
-3.19812e+11
-4.24143e+11
-4.26315e+11
-2.30643e+11
-4.24331e+11
-4.24378e+11
-3.23872e+11
-4.24187e+11
-3.2506e+11
-4.24191e+11
-5.17049e+11
1.09569e+12
-1.26778e+11
-1.38978e+11
-2.05082e+11
-3.53184e+11
-3.59551e+11
-3.58008e+11
-3.54707e+11
-2.48638e+11
-3.257e+11
-3.26475e+11
-3.27544e+11
-3.26756e+11
-3.27112e+11
-3.27612e+11
-3.25162e+11
-3.25225e+11
-3.23972e+11
-3.29176e+11
-3.30101e+11
-3.25074e+11
-3.32387e+11
-3.71805e+11
-4.25844e+11
-3.30634e+11
-4.24991e+11
-3.3086e+11
-4.24227e+11
-4.24141e+11
-3.21488e+11
-4.24357e+11
-4.24169e+11
-3.38197e+11
-4.24144e+11
-3.84092e+11
-3.16858e+11
-3.39762e+11
-3.26401e+11
-3.23964e+11
-4.29066e+11
-4.26684e+11
-4.24169e+11
-3.38552e+11
-4.24173e+11
-4.24748e+11
-4.24395e+11
-3.26202e+11
-3.37261e+11
-3.38009e+11
-3.04533e+11
-2.28014e+11
-2.17096e+11
-3.50439e+11
-3.53608e+11
-3.52489e+11
-3.01355e+11
-3.17101e+11
-3.3289e+11
-3.26442e+11
-3.24917e+11
-2.89325e+11
-4.26239e+11
-4.25048e+11
-4.24031e+11
-4.24173e+11
-3.5426e+11
-4.24131e+11
-4.2413e+11
-3.25005e+11
-4.24129e+11
-3.55015e+11
-4.24149e+11
-4.24187e+11
-3.2493e+11
-3.41323e+11
-3.25933e+11
-3.28855e+11
-3.308e+11
-3.37563e+11
-3.40366e+11
-3.3724e+11
-2.80125e+11
-2.05404e+11
-2.20547e+11
-4.24114e+11
-4.24113e+11
-4.24113e+11
-4.24114e+11
-3.58651e+11
-3.59353e+11
-3.58387e+11
-3.57894e+11
)
;

boundaryField
{
    Wall
    {
        type            zeroGradient;
    }
    Inlet
    {
        type            zeroGradient;
    }
    Outlet
    {
        type            fixedValue;
        value           uniform 0;
    }
    Empty
    {
        type            empty;
    }
}


// ************************************************************************* //
