/*--------------------------------*- C++ -*----------------------------------*\
| =========                 |                                                 |
| \\      /  F ield         | OpenFOAM: The Open Source CFD Toolbox           |
|  \\    /   O peration     | Version:  2312                                  |
|   \\  /    A nd           | Website:  www.openfoam.com                      |
|    \\/     M anipulation  |                                                 |
\*---------------------------------------------------------------------------*/
FoamFile
{
    version     2.0;
    format      ascii;
    arch        "LSB;label=32;scalar=64";
    class       volScalarField;
    location    "0.40005";
    object      p;
}
// * * * * * * * * * * * * * * * * * * * * * * * * * * * * * * * * * * * * * //

dimensions      [0 2 -2 0 0 0 0];

internalField   nonuniform List<scalar> 
10855
(
2.44062
2.96879
3.59668
3.80081
3.51648
2.86479
1.97996
0.868709
2.29269
2.50163
2.7065
2.85
2.7076
2.26232
1.63022
0.880787
0.806458
0.0664737
0.807178
0.400607
2.87649
2.28608
2.44375
0.103864
0.883459
0.539871
2.04464
2.24312
0.802941
0.401657
0.806084
0.0664269
2.25823
2.41962
2.45268
2.42
2.84667
2.65627
2.93843
3.49884
2.83223
3.56654
3.77548
2.77292
3.77762
3.5563
2.39594
3.50162
2.94969
1.80244
2.85672
2.09434
1.13107
1.97639
1.01064
0.538884
0.868083
0.103509
2.2738
2.03856
2.44967
2.25578
3.52938
2.49365
2.65033
3.79964
2.70178
2.83169
3.57209
2.8497
2.77377
2.95847
2.70774
2.39758
2.09837
2.26298
1.80393
1.01133
1.63094
1.13333
2.35619
2.78756
2.10449
2.31844
2.86614
3.39449
2.37221
2.60341
3.45755
3.64526
2.66339
2.80298
3.64649
3.42368
2.81953
2.74889
3.37006
2.82924
2.68345
2.36857
2.73863
1.98893
2.2308
1.74198
1.87326
0.949143
1.56208
1.01256
2.47606
2.55417
2.54034
2.20972
2.91073
2.20428
2.41753
3.22478
3.46093
2.53755
3.84894
2.62828
2.74636
2.65702
3.73027
4.29255
4.40463
3.16239
2.98266
3.06049
3.08447
3.74266
4.40807
4.29649
3.23686
3.16224
3.14745
3.25609
3.30449
3.97156
3.70157
2.9281
2.96016
2.8539
3.03735
2.55285
3.16645
2.79884
2.32614
2.43114
2.26341
2.49891
1.59204
2.11769
1.64765
1.53143
1.71495
1.52323
1.76012
0.552283
0.455159
0.71203
0.969807
0.520227
0.728269
1.01409
2.10772
2.32395
2.32882
2.75826
2.37295
2.60317
2.83676
3.36694
2.66295
2.80169
3.43058
3.62398
2.81888
2.74308
3.62603
3.40996
2.67879
2.3597
3.35713
2.82144
2.2238
1.73056
2.73144
1.98558
1.55383
1.00792
1.87032
0.948637
2.3458
2.3378
2.49935
2.13419
2.70008
2.19069
2.2089
0.526549
0.41719
0.739279
0.697979
0.521875
0.309385
0.166384
0.128911
0.379872
0.336614
0.216306
0.357374
0.347081
0.173538
0.41612
0.286996
2.43396
2.6678
3.33441
2.41397
2.98668
2.32873
2.50403
2.59086
3.06376
2.74463
3.45282
3.12297
2.79402
2.34115
2.1309
2.33042
2.49546
2.18606
2.20382
2.69443
2.27122
2.63057
2.32356
2.76835
2.27279
2.72353
0.949764
0.242715
0.0974454
0.20261
0.577912
0.636147
1.12886
1.36223
0.800656
0.805502
1.52616
1.10426
0.307221
0.459066
2.3036
0.903307
0.414491
0.383095
0.908332
0.422446
0.842973
0.875667
0.985333
1.18442
0.988054
1.11781
0.54438
1.52592
1.55651
0.641055
1.63104
1.52112
1.61476
1.96001
1.71635
1.73767
1.73171
1.66111
2.08987
1.64074
1.92304
1.79179
1.71433
2.02676
1.9539
2.10747
1.86989
1.95605
1.86078
0.334722
0.360519
0.343219
0.21447
0.279987
0.17192
0.414877
0.526578
0.736796
0.417332
0.695686
0.521066
0.306667
0.12668
0.166331
0.377547
2.10447
1.95123
1.87408
2.2195
2.25596
2.10552
2.27743
2.63394
2.33236
2.7715
2.72673
2.28043
2.46795
2.18535
2.5275
2.49691
2.18803
2.40067
2.87863
2.42211
2.40312
2.63974
3.2934
2.29886
2.48457
2.95069
2.57777
3.0318
2.73125
3.41122
2.77075
3.08871
2.35482
2.82976
2.91046
2.33926
2.43135
3.05678
2.96751
2.50419
2.72567
2.51299
3.19333
3.41849
2.64015
2.60831
3.80561
2.85302
2.86991
3.28441
4.18068
2.75777
2.96492
3.92667
3.08873
3.56935
2.92057
3.85443
3.21102
4.21402
3.3924
3.9704
2.6528
3.10598
3.17777
2.57156
2.695
3.24633
3.21059
2.74532
3.14456
2.96567
3.70236
4.25447
3.04498
3.06547
4.37019
3.20198
3.13845
3.73806
4.39463
3.10332
3.23416
4.3955
3.6164
4.29064
3.47497
4.42021
3.65605
4.46167
3.72749
4.45052
2.75726
3.25818
3.23793
2.7581
2.73888
3.14465
3.2211
2.68149
3.2232
3.14964
3.72272
4.3807
3.13564
3.24155
4.27364
3.1807
3.03554
3.69464
4.03051
3.09767
3.11452
4.22573
3.71904
4.45089
3.72509
4.35383
3.67811
4.12107
3.59707
4.30856
2.5214
3.10131
2.96939
2.63324
2.44768
2.72018
2.90171
2.29328
2.91848
2.95123
3.29244
3.95547
2.84562
3.02689
3.68915
2.79251
2.58036
3.21623
3.27126
2.72155
2.64878
3.59267
3.37611
4.04787
3.52299
3.78657
3.27587
3.37282
3.07763
3.69143
2.01521
2.63335
2.41366
2.20132
1.91021
2.06866
2.31353
1.70718
2.32001
2.4252
2.54669
3.15878
2.25794
2.49214
2.79362
2.14168
1.89796
2.44073
2.25938
2.08168
1.94449
2.66707
2.72575
3.26122
2.95807
2.89905
2.59394
2.37518
2.34632
2.77448
1.39738
1.95945
1.70587
1.59526
1.28142
1.35516
1.58462
1.14101
1.52805
1.71104
1.58978
2.11543
1.51968
1.75616
1.64673
1.35681
1.1365
1.45535
0.873098
1.3338
1.06345
1.4542
1.97301
2.2353
2.20973
1.79627
1.83871
1.179
1.65483
1.62042
0.902196
0.380703
0.905581
0.412928
0.872924
0.420995
0.84053
0.982113
1.18281
1.11555
0.985765
0.541982
1.52089
0.63962
1.5527
0.550776
0.966789
0.455149
0.714236
0.726281
1.01226
0.521301
0.9479
0.201695
0.242424
0.0969717
0.634018
1.12496
0.576859
1.35606
0.802273
1.52024
0.804151
1.09852
0.305072
2.29611
0.45844
1.64665
1.52556
1.67888
2.11379
1.75195
1.9303
2.13963
2.0228
1.70825
1.88538
1.96169
1.95654
1.70756
1.61828
1.73619
2.28084
2.23424
2.11808
1.9509
2.10192
1.8733
3.31594
4.22025
3.96856
2.87344
2.88684
2.77775
2.98481
3.61365
3.89893
2.94485
3.11753
4.25564
4.01348
3.23955
3.42376
2.8274
2.33218
2.90821
2.35319
3.05612
2.96613
2.43015
2.50679
3.76512
4.42354
4.4286
3.21866
3.15202
3.11791
3.24981
4.33077
4.45737
3.64585
3.50483
4.49314
4.48623
3.68424
3.7538
3.10595
3.1786
2.65748
2.57515
3.24789
3.21147
2.69977
2.75058
3.71359
4.04785
4.24715
3.19321
3.04549
3.10832
3.12615
4.48074
4.37909
3.74156
3.75001
4.14061
4.33236
3.69916
3.61567
3.25984
3.23972
2.76221
2.7629
3.14663
3.22263
2.74307
2.68554
3.22748
3.27974
3.60408
2.80102
2.58712
2.72885
2.65655
4.06608
3.80103
3.39116
3.54025
3.38306
3.7048
3.28973
3.08963
3.10297
2.97156
2.52454
2.63655
2.72262
2.9035
2.45008
2.29576
2.44634
2.26207
2.67164
2.14695
1.90235
2.08645
1.94919
3.27059
2.9059
2.73541
2.96911
2.37926
2.78062
2.60278
2.35438
2.63527
2.41617
2.01733
2.20314
2.07109
2.31534
1.91171
1.70919
1.45728
0.871407
1.1394
1.45438
1.06561
1.35959
1.33716
2.23882
1.79833
1.98002
2.21712
1.17939
1.6218
1.66135
1.84514
1.96118
1.70814
1.39955
1.59683
1.35732
1.14368
1.58627
1.28312
2.51165
2.48414
2.45409
2.39323
2.34383
2.65069
2.43682
3.07157
3.04545
3.15549
2.7128
2.77323
3.25561
3.0047
3.6835
3.64497
3.88602
3.19718
3.26195
3.93443
3.63757
3.88176
3.78621
4.05845
3.42579
3.44005
4.03689
3.90055
3.58308
3.44918
3.7123
3.22341
3.18687
3.63614
3.65899
2.924
2.76217
2.99247
2.66391
2.59488
2.88086
3.03306
2.09425
1.85281
2.02968
1.91842
1.83928
1.89043
2.21275
1.25387
0.715968
0.796597
1.12542
0.59531
1.0465
1.36219
2.53043
2.55569
2.66121
2.35833
2.71463
2.42764
2.46919
2.8346
2.75303
2.86072
2.65686
2.90201
2.7233
2.76412
2.96579
2.84366
2.96808
2.83185
2.9561
2.82797
2.96458
2.75274
2.62011
2.80973
2.68929
2.72208
2.60061
2.83899
2.24022
2.11685
2.36709
2.23812
2.21963
2.09099
2.39142
1.55729
1.46923
1.73748
1.60266
1.54902
1.43743
1.74938
0.708573
0.807528
1.0892
0.879788
0.711706
0.755648
1.09991
0.848847
0.794042
0.668457
1.12144
0.669258
0.898044
1.05649
0.145056
0.0696382
-0.304296
0.436882
-0.315954
0.365377
0.210481
2.83733
2.81101
3.04978
2.64092
2.60074
2.90444
2.96207
2.38371
2.29354
2.39442
2.61361
2.22461
2.40631
2.56623
0.251356
-0.272134
0.10777
0.491607
0.667521
-0.261492
0.174347
0.70944
0.882
0.808992
1.09299
0.757859
1.10096
0.713882
1.6555
1.80078
1.69502
1.89448
1.97707
1.94201
1.77162
1.77409
1.77912
1.83963
1.91824
2.03559
2.20485
2.18017
2.2277
2.06428
2.18264
2.13103
0.848754
1.12049
0.793195
0.668372
0.897655
0.668785
1.05588
0.145164
0.438158
0.0695775
-0.304402
-0.316405
0.366498
0.210612
2.14705
2.20356
2.29959
2.07906
2.16527
2.08307
2.24394
2.33841
2.27161
2.33368
2.42699
2.2439
2.40093
2.42201
2.38893
2.40159
2.61901
2.29247
2.57043
2.22639
2.41159
2.47656
2.37159
2.45608
2.42269
2.32363
2.62151
2.41436
2.80701
2.61945
2.78195
3.01501
2.57952
2.87306
2.92783
2.6045
2.60257
2.81857
2.58503
2.76227
2.50431
2.67953
3.0402
2.69113
3.0145
3.11938
2.75153
3.21934
2.97315
3.46527
3.13248
3.4372
3.78048
3.06027
3.52445
3.71354
2.89718
2.8028
2.96086
2.81352
2.93823
2.77693
2.93953
3.65401
3.17622
3.61561
3.85225
3.24175
3.90157
3.6071
3.85765
3.41987
3.77384
4.0371
3.39117
3.85679
4.04128
2.94647
2.82085
2.87696
2.75639
2.9271
2.80415
2.90277
3.86029
3.40996
3.76413
4.03346
3.42552
4.01323
3.87741
3.74654
3.27841
3.61087
3.75958
3.30219
3.68445
3.82262
2.64919
2.51749
2.49882
2.37313
2.6196
2.49601
2.52659
3.57058
3.21389
3.43533
3.69699
3.17853
3.62199
3.64507
3.20655
2.76036
3.04435
3.08599
2.82224
3.10455
3.18945
2.08443
1.96175
1.89875
1.77321
2.06732
1.93515
1.91223
2.91768
2.65888
2.75479
2.98478
2.59072
2.87395
3.02585
2.42168
2.03118
2.21465
2.15639
2.10936
2.30421
2.2874
1.40994
1.27458
1.17038
1.0985
1.40047
1.25336
1.17462
2.0914
1.91615
1.84971
2.02686
1.8376
1.88808
2.20936
1.57241
1.25431
1.16682
0.940591
1.33258
1.46012
1.11882
1.25223
1.12456
0.715702
0.79706
0.596295
1.04588
1.36047
0.251357
0.493016
-0.272281
0.107364
0.174788
0.668127
-0.26117
1.86011
1.94239
2.05718
2.2043
2.24962
2.21633
2.07741
2.15088
2.22058
1.64574
1.79972
1.94111
1.88483
1.97452
1.76436
1.69432
1.77826
1.77847
2.36214
2.358
2.45425
2.302
2.4256
2.44788
2.25268
2.13809
2.06985
2.20118
2.29568
2.1571
2.23915
2.07447
3.49658
3.46814
3.81518
3.15356
3.08182
3.55514
3.74894
2.35791
2.54665
2.65824
2.46529
2.71118
2.52871
2.43016
2.59545
2.81726
2.76059
2.60194
2.58756
2.50746
2.67968
3.88308
3.79906
4.06322
3.43607
3.40856
3.88065
4.06869
2.75035
2.85936
2.9023
2.83658
2.66053
2.72721
2.76609
2.80187
2.96285
2.93939
2.89947
2.81744
2.78049
2.94167
3.7626
3.62773
3.77596
3.28812
3.31314
3.69895
3.84023
2.84408
2.97062
2.95988
2.96759
2.83523
2.83178
2.96635
2.82029
2.88219
2.93101
2.94732
2.75969
2.80676
2.90384
3.21516
3.05388
3.09442
2.76539
2.82822
3.1121
3.19874
2.62153
2.81484
2.72841
2.75333
2.69175
2.60376
2.83917
2.51749
2.50578
2.62543
2.6489
2.37603
2.49788
2.52694
2.4258
2.21919
2.15969
2.03336
2.11219
2.30775
2.29122
2.11865
2.3734
2.22676
2.24058
2.24026
2.09399
2.39108
1.96203
1.9057
2.0736
2.08428
1.7762
1.93707
1.9128
1.57431
1.16804
0.940278
1.25514
1.33373
1.46186
1.11892
1.47109
1.74346
1.55479
1.55815
1.60504
1.4404
1.74961
1.10106
1.27594
1.17454
1.1757
1.40528
1.41061
1.25539
2.50914
2.03258
2.1693
1.94039
2.01965
2.57282
2.29813
2.1803
2.1165
2.20336
3.1022
2.37985
2.47709
2.39902
2.29315
3.18914
2.66423
2.57224
2.49009
2.5793
3.58152
2.74297
2.80798
2.71688
2.65419
3.61437
2.88174
2.85471
2.76204
2.78889
3.58912
2.88713
2.87041
2.77855
2.79492
3.56137
2.77128
2.83149
2.74023
2.68035
3.16398
2.69077
2.59088
2.50002
2.59979
3.08968
2.33987
2.4737
2.38309
2.25081
2.43404
2.19267
2.03166
1.94906
2.10523
2.32998
1.68056
1.86268
1.78383
1.61246
1.49531
1.49893
1.3005
1.2563
1.43511
1.36579
0.906713
0.891693
1.11878
1.0717
2.57447
2.55493
2.75506
2.43006
2.42554
2.60729
2.6079
2.56835
2.69613
2.86278
2.65564
2.68015
2.66579
2.56163
2.61552
2.77504
2.80417
2.81659
2.79465
2.6623
2.71601
2.12529
2.44646
2.25172
2.40659
2.30837
2.40009
2.21377
3.17209
3.14438
3.47079
2.90165
2.83328
3.37511
3.23849
3.08653
3.26799
3.59263
3.23218
3.37057
3.01721
3.32584
3.18586
3.58171
3.73448
3.53395
3.49094
3.25657
3.44482
3.75093
3.69692
4.01426
3.34688
3.29342
3.98486
3.78133
3.70924
4.00008
4.3358
4.00678
4.04963
3.66229
4.06693
3.77895
4.13391
4.38149
4.17938
4.10222
3.81007
4.13757
3.88557
3.7718
3.97868
3.41627
3.41559
4.01563
3.85072
3.91686
4.18816
4.37694
4.29921
4.16773
3.938
4.28126
3.92469
4.11019
4.34361
4.24001
4.1466
3.88654
4.27635
3.53126
3.38229
3.47432
3.06413
3.11089
3.56104
3.4447
3.61996
3.841
3.88547
4.0106
3.76421
3.70149
3.92907
3.57435
3.60012
3.798
3.77393
3.68777
3.48138
3.86706
2.83877
2.66173
2.65373
2.41411
2.48779
2.77188
2.7253
2.95837
3.11247
3.04618
3.31845
3.00031
3.07549
3.20141
2.88057
2.7721
2.92579
2.98617
2.89051
2.7591
3.10748
1.99819
1.72689
1.60178
1.64541
1.72406
1.75054
1.88024
2.13881
2.14732
1.96853
2.43669
2.00959
2.26148
2.31019
2.05692
1.72039
1.80805
2.0784
1.86871
1.93798
2.20654
1.12429
0.570184
0.429868
0.838416
0.598148
0.889268
1.03451
1.31869
0.892887
0.552133
1.54598
0.689596
1.39393
1.4674
1.23575
1.30961
0.435162
0.902954
0.680232
1.11879
1.40685
2.00021
2.00852
2.48006
1.9472
2.14717
2.00703
2.16165
2.28099
2.544
2.15593
2.10436
2.37451
2.19053
2.21456
2.36279
3.0732
2.4657
2.38711
2.43395
2.27881
2.59185
2.65467
3.16021
2.56051
2.48478
2.80093
2.57167
2.65245
2.73416
3.55677
2.80005
2.71151
2.85273
2.64903
2.95561
2.8748
3.59039
2.84769
2.7584
3.02184
2.78528
2.98752
2.8808
3.57163
2.86403
2.77529
2.79152
2.76561
3.54473
2.82571
2.73741
2.67731
2.68567
3.1535
2.58582
2.49735
2.59718
2.33524
3.07982
2.46917
2.38103
2.24844
2.18848
2.42878
2.02739
1.94695
2.10328
1.67664
2.32523
1.85879
1.78214
1.61046
1.49551
1.49347
1.29749
1.25438
1.43323
0.904512
1.36423
0.890149
1.11602
1.06968
2.2959
2.42418
2.57248
2.38943
2.46278
2.30435
2.44861
2.34031
2.25462
2.35045
2.15068
2.32317
2.40589
2.10851
0.874132
0.736402
0.620544
0.942418
0.705687
0.513278
0.413264
0.844303
0.497592
0.897222
0.66938
0.756163
0.371032
0.448637
0.701996
0.198932
0.0538193
-0.346744
0.392611
0.483062
0.22796
0.148122
0.642481
0.220955
0.500237
0.605004
0.525646
0.105524
0.188319
0.554204
2.74309
2.71791
2.78978
2.50754
2.52442
2.68535
2.88143
2.8574
3.15031
3.23179
3.12178
2.91197
3.06834
3.00029
2.75193
2.80596
2.89697
3.10547
2.71705
2.96483
2.92207
2.41112
2.66355
2.91861
2.42648
2.70937
2.8565
3.06894
3.21619
2.86054
3.22345
2.63911
2.51278
2.65593
2.80332
2.4035
2.60726
2.83478
3.17208
3.58457
3.33836
3.22995
3.42995
3.15311
3.31443
3.16436
2.95009
3.2046
3.20191
3.2999
2.9921
3.07573
2.62556
2.82042
2.52477
2.82482
2.56036
2.83009
2.67409
2.2862
2.42173
2.38011
2.5677
2.46037
2.43842
2.29634
2.33828
2.24865
2.14626
2.34499
2.10365
2.39899
2.3213
2.33412
2.53849
2.5052
2.57634
2.73461
2.47292
2.69923
2.83672
2.53426
2.70904
2.67986
2.27129
2.42627
2.63048
2.46387
2.5977
2.64799
2.63168
2.79383
2.54087
2.76834
2.5545
2.77336
2.64766
2.66599
2.31566
2.43686
2.66745
2.42965
2.68858
2.67741
2.65708
2.5383
2.70878
2.75573
2.51845
2.62011
2.79014
0.854061
0.288413
0.293977
0.601687
0.804216
0.313037
0.637027
0.270927
0.153774
-0.344651
1.45273
0.976762
-0.185079
0.33786
1.05541
1.11529
0.566412
0.507715
0.912855
0.424589
1.38081
0.869462
0.870609
1.36658
1.28446
0.976745
0.76423
1.20085
1.26232
0.62089
0.913436
1.79657
1.54533
0.779435
1.52466
1.77966
1.54918
1.09064
0.833477
1.66643
1.04131
1.54851
0.857147
1.5331
1.0708
1.352
1.00344
1.23998
1.07226
1.66109
0.91255
1.68859
1.27169
1.42061
1.35308
1.90635
0.716091
0.479925
-0.430932
2.94318
-1.47013
0.740293
3.85434
2.40928
1.3953
0.717074
0.313976
1.09991
1.97826
1.65804
0.329314
0.457434
2.06786
2.9103
0.302541
0.524166
2.72594
0.9884
0.807998
1.11952
1.19529
0.92255
1.00085
1.23266
1.12428
1.14702
1.0214
1.21321
1.06262
1.19353
1.07329
1.25874
1.06904
1.06701
1.23952
1.06213
1.28591
1.20561
0.858688
0.993635
0.948134
1.14813
0.811661
1.09135
0.920914
1.46293
1.11958
0.685182
0.696231
1.42745
1.26086
0.713811
0.196438
2.13969
1.4435
0.189168
0.11105
2.07865
0.244919
0.283268
0.129734
2.27363
1.65337
0.227748
0.229246
2.31883
1.28796
0.530615
1.15989
0.646407
1.06593
0.593605
1.33597
1.58308
1.46329
1.37782
1.52484
1.63521
1.56066
1.503
1.64434
1.57225
1.41461
1.40629
1.49477
1.56408
1.64152
1.54862
1.70147
1.72267
1.89744
1.89284
1.84825
1.79251
1.73546
1.8432
1.75998
1.56488
1.63709
1.46063
1.57719
1.46266
1.80212
1.62207
1.87083
1.68973
1.82103
1.84855
1.62365
1.65305
1.84587
1.74939
1.78611
1.58374
1.74001
1.69736
1.64634
1.79317
1.91341
1.96864
2.00663
1.9866
1.89931
1.97412
1.96478
1.55778
1.65183
1.64075
1.49901
1.57636
1.65465
1.49863
1.71546
1.89611
1.89702
1.81703
1.87807
1.66872
1.76627
1.78318
1.70597
1.75811
1.89745
1.72063
1.84945
1.83832
1.99749
2.07192
1.88183
1.93251
2.02572
1.86496
2.04996
2.02992
2.11702
2.08786
2.08764
1.98187
2.0791
2.07478
1.9218
1.78109
1.82518
1.93506
1.79183
1.88224
1.99911
0.874029
0.735607
0.94184
0.620084
0.705625
0.513123
0.844087
0.413043
0.497114
0.669697
0.896672
0.755898
0.370736
0.44824
0.702286
0.199031
0.053851
-0.347215
0.393385
0.483666
0.227934
0.642415
0.14767
0.220802
0.500387
0.605519
0.526089
0.105163
0.188191
0.554317
2.07689
2.12919
1.98377
1.99624
2.19719
2.40641
2.25783
2.11792
2.15229
1.95878
2.02343
2.17447
2.11769
2.00723
2.07623
2.02123
1.88347
2.0458
1.94276
2.09394
2.28405
2.06554
2.00177
2.18492
2.21096
2.00092
2.17352
2.05608
2.29516
2.29861
2.16517
2.2158
2.25157
2.61117
2.47346
1.99456
2.10805
1.93195
1.95272
2.13255
2.35103
2.11575
2.50839
2.34261
2.54627
2.58074
2.7387
2.48305
2.70315
2.84001
2.54504
2.71873
2.68257
2.63134
2.27959
2.43329
2.59822
2.65053
2.47112
2.64209
2.79738
2.77112
2.55475
2.77677
2.56727
2.65859
2.66722
2.54968
2.71212
2.75903
2.7935
2.53053
2.63005
2.66722
2.32458
2.66573
2.44329
2.68791
2.43578
2.67855
2.55765
2.52909
2.40673
2.72347
2.40198
2.57919
2.57378
2.55139
2.66933
2.62793
2.83472
2.65189
2.52749
2.63375
2.10541
2.43258
2.39048
2.23289
2.38204
2.19369
2.29145
2.58128
2.74787
2.77259
2.78405
2.7632
2.62675
2.67962
2.71138
2.68878
2.4868
2.75729
2.50254
2.65887
2.84798
2.82812
3.11409
3.08733
3.19179
2.96516
2.88203
3.03335
2.72215
2.77317
2.86551
3.06899
2.69005
2.89026
2.93103
2.65248
2.90622
2.39502
2.41239
2.69563
2.82556
3.03875
3.1815
2.83378
3.19572
2.62376
2.6421
2.78776
2.49727
2.82026
2.38817
2.59071
3.13433
3.5407
3.19328
3.29776
3.11815
3.27592
3.38628
2.60289
2.80434
2.80424
2.50166
2.80827
2.54043
2.65185
3.1317
2.92244
3.167
3.16562
2.95827
3.04416
3.25979
2.76187
2.82826
2.37415
2.50949
2.82881
2.77232
2.50547
2.67745
2.81829
2.83825
2.59007
2.58154
2.66893
2.83612
2.70631
2.6159
2.8967
2.89395
2.61936
2.71377
2.87589
2.71091
2.30395
2.75508
2.4509
2.74454
2.70367
2.45876
2.84635
2.90684
2.42559
2.57116
2.91298
2.8331
2.57656
2.79793
3.02182
3.03904
2.69621
2.69284
2.80618
3.00527
2.75824
2.65421
2.98404
2.94002
2.65449
2.75024
2.95802
2.90854
2.49983
2.99517
2.65097
2.98408
2.64232
2.92297
3.14048
3.113
2.8799
3.4341
2.81163
3.33842
3.20716
3.05518
3.23055
3.19501
3.54927
3.33241
2.98674
3.28904
3.1542
3.49518
3.54259
3.6914
3.45179
3.22438
3.40597
3.37181
3.35697
2.93572
3.53982
3.00861
3.30611
3.62307
3.4851
3.88917
3.87827
4.1139
3.80151
3.54604
3.82269
3.39131
3.60968
3.64997
4.01506
3.32314
3.69683
3.73032
2.91256
3.06681
3.03506
2.77688
3.00719
2.76219
2.95774
3.50728
3.64198
3.32907
3.65508
3.4191
3.42511
3.80259
2.78887
2.92762
2.88033
2.64405
2.74787
2.90406
2.637
3.63597
3.62957
3.77254
4.05408
3.54145
3.71901
3.95025
3.11282
3.24444
3.14907
2.89078
3.17976
2.91801
3.07573
4.04295
4.41858
4.00893
4.14783
3.93383
4.12459
4.35582
3.21271
3.34998
3.31454
3.04408
3.2823
3.01205
3.25033
3.9282
3.74417
4.04823
4.17385
3.82683
3.83875
4.25534
3.04906
3.13722
2.63848
2.79669
3.12092
3.06171
2.78135
2.85163
3.06525
3.12197
2.73202
2.73624
2.84407
3.07901
2.88588
2.77199
3.16443
3.12646
2.76866
2.89204
3.11683
2.99689
2.58405
3.05686
2.71412
3.06856
2.98284
2.7259
3.11762
3.17726
2.70803
2.84022
3.19092
3.10554
2.8529
2.94667
3.18142
3.24385
2.82539
2.82578
2.94711
3.18022
2.92414
2.80156
3.21859
3.1564
2.8052
2.91989
3.16044
3.14746
2.73591
3.22623
2.89113
3.21756
2.88252
3.15457
3.72181
3.66814
3.32786
3.98361
3.27345
3.95309
3.75339
3.67767
3.96353
3.9676
4.29893
4.0139
3.62997
4.02846
3.74768
4.14272
4.10005
4.34603
4.06751
3.7799
4.09975
3.82102
3.75552
3.34554
4.01521
3.38714
3.80556
4.02769
3.89044
4.16294
4.25481
4.40668
4.2514
3.88842
4.16513
3.85046
4.19498
4.13436
4.40138
3.8351
4.21833
4.14952
3.42303
3.57812
3.53021
3.23261
3.50105
3.20567
3.44678
4.28971
4.49078
4.10125
4.338
4.22266
4.16245
4.52772
3.3621
3.51729
3.39988
3.1189
3.33165
3.43594
3.15018
4.366
4.27927
4.39117
4.58862
4.23556
4.41382
4.57072
3.50313
3.68693
3.57456
3.2682
3.59621
3.28876
3.48709
4.52481
4.5882
4.39358
4.46989
4.38768
4.53182
4.60732
3.52325
3.70518
3.63279
3.31823
3.61981
3.30493
3.53013
4.4944
4.33122
4.46082
4.60914
4.35616
4.46708
4.60877
3.16857
3.23141
2.75917
2.90524
3.23595
3.16351
2.90837
2.95325
3.18853
3.25327
2.83607
2.83039
2.95717
3.18269
2.94997
2.81805
3.25052
3.16281
2.82952
2.94097
3.17524
3.17044
2.76228
3.23783
2.90587
3.24018
3.16897
2.90921
3.13419
3.21164
2.73034
2.88952
3.20017
3.14626
2.87923
2.88048
3.06272
3.17118
2.74018
2.76351
2.85895
3.08843
2.90975
2.8056
3.20146
3.14181
2.78811
2.92469
3.12304
3.10209
2.69666
3.14707
2.83122
3.1652
2.84899
3.08263
3.86484
3.75072
3.40348
3.95752
3.40141
3.99313
3.83169
3.89334
4.16036
4.269
4.35115
4.14136
3.91271
4.25304
3.90195
4.21496
4.08653
4.31926
4.1215
3.8656
4.24926
3.77237
3.65284
3.36534
3.92212
3.35402
3.82073
3.8722
3.78638
3.88738
4.04164
4.10364
4.10794
3.71954
3.95076
3.80691
4.1947
4.05084
4.16556
3.85928
4.14353
4.00106
3.51144
3.71578
3.61723
3.29618
3.62363
3.29983
3.49854
4.52793
4.56694
4.40514
4.425
4.54059
4.3926
4.5305
3.52839
3.73815
3.63598
3.31553
3.53116
3.63957
3.32066
4.51646
4.35527
4.39601
4.43912
4.38537
4.4853
4.49133
3.4419
3.67149
3.58381
3.25846
3.56746
3.24568
3.46499
4.36105
4.16883
4.18189
4.19153
4.24346
4.2977
4.2483
3.39299
3.61321
3.49178
3.1702
3.518
3.192
3.36001
4.40745
4.33074
4.25149
4.38413
4.28418
4.45555
4.31758
2.95127
2.97949
2.54937
2.67384
3.01094
2.9165
2.70673
2.78897
3.01539
3.06715
2.70391
2.67432
2.81745
2.98268
2.73587
2.59086
3.01101
2.88361
2.62657
2.70037
2.92342
3.00971
2.61127
3.09796
2.78777
3.07313
3.03684
2.76247
2.80477
2.90598
2.41459
2.60712
2.86765
2.84695
2.56715
2.52171
2.63512
2.77502
2.37575
2.42281
2.47324
2.68813
2.5947
2.53264
2.85318
2.81387
2.49094
2.63689
2.76732
2.72519
2.33046
2.73998
2.44399
2.78279
2.49069
2.67626
3.51927
3.36931
3.05702
3.46218
3.10266
3.5479
3.43403
3.606
3.82373
3.9924
3.87068
3.74818
3.68602
3.91259
3.56095
3.75984
3.58635
3.78432
3.67283
3.4694
3.85138
3.27769
3.12984
2.97108
3.37791
2.91668
3.37208
3.28288
3.24836
3.20574
3.39668
3.38336
3.50616
3.13882
3.30988
3.31265
3.68813
3.50053
3.48833
3.41402
3.5868
3.40464
3.17949
3.40966
3.27173
2.95029
3.31594
2.98925
3.12828
4.15937
4.08703
4.12668
3.96511
4.23642
4.05169
3.99611
3.25471
3.49771
3.42804
3.10178
3.29715
3.39243
3.07109
4.08516
3.89692
3.88023
3.80234
3.98379
3.9962
3.90335
2.9829
3.23521
3.18403
2.85657
3.13235
2.81038
3.04204
3.71698
3.36218
3.52643
3.48426
3.63204
3.60971
3.47969
2.88699
3.12428
2.97695
2.65333
3.03532
2.70607
2.82075
3.81179
3.81778
3.58828
3.70005
3.72076
3.91078
3.5902
2.4387
2.44444
2.05986
2.15929
2.49482
2.37941
2.21531
2.33841
2.54809
2.57295
2.29935
2.24735
2.39231
2.48954
2.25054
2.10757
2.47869
2.33258
2.16377
2.19195
2.39578
2.53388
2.15924
2.64488
2.35882
2.59822
2.58837
2.30739
2.21562
2.33469
1.86369
2.06222
2.28141
2.27864
2.00268
1.93841
1.99389
2.1397
1.8033
1.86473
1.87372
2.06307
2.03643
2.0183
2.2448
2.23363
1.9588
2.09872
2.16681
2.10979
1.7542
2.11102
1.83939
2.16592
1.90117
2.04422
2.83274
2.65497
2.41073
2.64817
2.4836
2.76563
2.7201
2.95114
3.1033
3.30884
3.03941
2.99191
3.06727
3.19289
2.87369
2.97896
2.76526
2.91978
2.88281
2.75304
3.09933
2.51466
2.32646
2.29939
2.5332
2.22317
2.63047
2.40919
2.46459
2.27329
2.53327
2.39984
2.65792
2.34091
2.40346
2.54827
2.88135
2.64952
2.53421
2.67157
2.75807
2.52571
2.5335
2.78013
2.62893
2.29782
2.69747
2.36067
2.45583
3.39375
3.24454
3.42992
3.14252
3.50749
3.31749
3.12019
2.64443
2.90684
2.87232
2.54013
2.71682
2.80839
2.48178
3.28589
3.0978
3.02417
2.86526
3.21498
3.16764
2.99599
2.25733
2.53779
2.5132
2.17058
2.44153
2.10436
2.33933
2.82227
2.31372
2.64307
2.51227
2.76324
2.70132
2.45839
2.13536
2.40227
2.24783
1.90339
2.32149
1.9715
2.04918
2.93524
2.9913
2.64341
2.73443
2.87136
3.05605
2.59726
1.75527
1.75973
1.43639
1.50768
1.81011
1.69239
1.56709
1.70784
1.88714
1.88827
1.70528
1.64407
1.77266
1.81782
1.60186
1.48357
1.77419
1.63983
1.5415
1.54005
1.7062
1.86934
1.55033
1.99072
1.73582
1.93641
1.93512
1.6741
1.52281
1.62639
1.25825
1.39996
1.58682
1.57465
1.34907
1.25209
1.30758
1.38946
1.18072
1.20326
1.22894
1.33542
1.37947
1.37436
1.52692
1.52398
1.32761
1.42997
1.46876
1.38828
1.13146
1.42178
1.19359
1.43597
1.23062
1.36417
1.99546
1.72418
1.64411
1.60024
1.72223
1.74858
1.87795
2.13522
2.14363
2.43168
1.96673
2.00644
2.25741
2.3058
2.05351
2.07476
1.71818
1.80668
1.86607
1.93488
2.20241
1.66664
1.31091
1.52851
1.44802
1.4508
1.78223
1.28606
1.66739
0.993942
1.60975
1.00615
1.74312
1.54847
1.20944
1.74244
1.97167
1.5611
1.27334
1.85829
1.84093
1.39241
1.70403
2.01884
1.85198
1.50084
1.92679
1.5612
1.61059
2.4636
2.16579
2.5365
2.09318
2.58736
2.41857
2.01907
1.83455
2.15688
2.12595
1.76749
1.92353
2.05178
1.70072
2.3453
2.20322
1.94035
1.71295
2.31786
2.21447
1.85668
1.37701
1.80785
1.73019
1.36421
1.65586
1.32162
1.4826
1.76803
0.976861
1.80501
1.24913
1.94689
1.68438
1.01822
1.25332
1.67109
1.44945
1.18244
1.53119
1.18437
1.06372
1.94314
2.11818
1.48851
1.50727
1.99832
2.08246
1.37623
0.985854
1.19246
0.805428
1.11632
0.998524
1.22978
0.919876
1.1232
1.1444
1.21104
1.02174
1.06216
1.19076
1.07246
0.857972
0.992767
0.946678
1.14542
0.811756
0.91866
1.09017
1.25583
1.06603
1.23681
1.06475
1.28282
1.20281
1.05972
1.45997
0.694424
1.11614
0.682708
1.25824
0.711913
1.42345
0.196548
2.13275
0.188163
1.44069
0.24389
0.111277
2.07477
1.28613
0.530453
1.15692
0.644565
1.33237
1.0643
0.593107
0.282637
0.128078
1.6511
2.26743
0.228489
0.226428
2.3147
1.12285
0.569883
0.838193
0.43063
0.598488
0.888816
1.03313
1.3163
0.893035
1.54301
0.554436
0.690129
1.46499
1.39085
1.2336
1.30564
0.435819
0.902191
0.680072
1.11641
1.40363
0.853352
0.288189
0.601704
0.294085
0.637452
0.803416
0.313084
0.270795
0.152787
1.44765
-0.342929
0.336893
0.975615
-0.185048
1.05338
1.11196
0.565097
0.506997
0.911334
1.37615
0.42362
0.867442
1.36059
1.27903
0.867789
1.19545
0.974437
0.763586
1.26098
0.624186
1.79117
0.91308
1.52145
1.54011
0.7802
0.856362
1.52662
1.34699
1.0693
1.07009
1.23556
1.00131
1.77162
1.54269
1.08735
0.832822
1.66006
1.54261
1.03888
1.65279
1.68148
1.26429
0.909049
1.89761
1.41504
1.34432
0.709911
0.475451
2.92566
-0.427015
0.735387
3.82291
-1.45568
0.326881
0.453898
2.89672
2.06036
0.520284
0.300774
2.70826
2.39428
1.38852
0.714077
0.315598
1.9684
1.64754
1.09631
1.66551
1.5878
1.52096
1.66335
1.43139
1.57424
1.42202
1.51195
1.57894
1.45324
1.37966
1.5225
1.76452
1.80776
1.75445
1.5826
1.66597
1.82248
1.7198
1.93982
1.99966
2.00628
2.03133
1.99581
1.98166
1.90831
1.81689
1.77459
1.92182
1.7189
1.71631
1.87416
1.8845
1.66821
1.85275
1.57135
1.51823
1.66244
1.64598
1.52306
1.5894
1.65296
1.72913
1.83308
1.90205
1.90559
1.78315
1.68351
1.88585
2.02904
2.10016
2.05544
2.07917
2.03508
2.15266
2.10401
2.10653
2.09719
2.00814
2.10758
1.95251
1.96721
1.78816
2.02823
1.9067
1.55484
1.63653
1.69831
1.53889
1.71395
1.89445
1.89253
1.83908
1.84193
1.72544
1.78365
1.76045
1.56517
1.63309
1.46158
1.57581
1.46398
1.80286
1.86907
1.62027
1.69009
1.62322
1.84919
1.8206
2.31617
2.31988
2.18843
2.28796
2.24933
2.63406
2.49818
2.08511
2.02883
2.21978
2.20094
2.07597
2.02358
2.18652
2.36738
2.13643
2.01712
1.9517
2.11856
1.97457
2.14439
2.11458
2.15287
2.02064
1.95692
2.1698
2.11854
2.00405
2.06779
2.12729
1.97482
2.19334
1.98811
2.40382
2.24839
2.08931
2.28044
2.07224
1.88245
2.02096
2.04527
1.94018
3.40324
3.38825
3.57629
2.95752
3.03025
3.33779
3.65918
3.51776
3.9266
4.15423
3.91786
3.57848
3.86059
3.84129
3.42387
3.6888
4.05666
3.64932
3.35547
3.76904
3.73675
3.55039
3.68918
3.69847
3.36691
3.46586
3.84984
3.46272
3.6815
3.81678
4.09991
3.6718
3.58229
3.99687
3.76397
2.81543
2.66692
2.90484
2.95495
2.66136
2.77393
2.92941
2.94039
2.8031
3.09445
3.06252
2.78476
2.98598
3.03392
4.08982
4.46024
4.19004
4.05226
4.39861
3.97683
4.1719
3.97582
4.09136
4.21783
3.78641
4.29912
3.87005
3.88525
3.14061
2.91373
3.2765
3.1765
2.94298
3.10274
3.20902
3.23973
3.06746
3.37984
3.34366
3.03454
3.30958
3.27831
2.66599
2.81522
2.57614
2.8356
2.65803
2.83294
2.56676
2.71147
2.44647
2.75746
2.29846
2.70376
2.45462
2.74808
2.69487
2.89468
2.89114
2.60039
2.8731
2.60456
2.70191
2.76336
2.37027
2.83317
2.50762
2.50291
2.83247
2.77439
2.78647
3.02047
3.03846
2.68088
3.00379
2.67763
2.79466
2.74647
2.98258
2.93786
2.63911
2.95587
2.63895
2.73873
2.84943
2.91139
2.42653
2.57042
2.57642
2.91867
2.83569
2.91224
3.00142
2.5007
2.65288
2.64296
2.98958
2.92708
3.84708
3.78162
4.04484
3.36429
3.40486
3.83302
4.05616
3.91812
4.19201
4.43707
4.28616
3.91446
4.19551
4.2846
3.87876
4.16708
4.43319
4.23078
3.8648
4.18111
4.25256
4.33634
4.53024
4.37755
4.14408
4.20501
4.56607
4.26951
4.41161
4.42926
4.62472
4.31998
4.27713
4.60748
4.45869
3.44783
3.25331
3.60749
3.55741
3.22628
3.47183
3.52806
3.38867
3.14069
3.54782
3.42828
3.17226
3.35744
3.46447
4.5655
4.61798
4.50281
4.42919
4.63864
4.42484
4.57084
4.53661
4.49528
4.64362
4.3709
4.64178
4.39459
4.51057
3.5266
3.28762
3.71491
3.60042
3.30814
3.5108
3.6219
3.54557
3.3364
3.73185
3.65682
3.32323
3.64422
3.55209
2.84056
3.06444
3.12194
2.71697
3.07835
2.83292
2.72143
2.87552
3.16496
3.12663
2.75796
3.11677
2.754
2.88172
3.05433
3.14467
2.64274
2.8006
2.78541
3.12834
3.06758
3.00204
3.0631
2.58775
2.71607
2.98746
2.72911
3.0753
2.93814
3.1832
3.24556
2.81312
3.18192
2.8132
2.93908
2.91529
3.21982
3.1572
2.7884
3.16163
2.792
2.9105
3.12382
3.18465
2.71317
2.84427
2.85713
3.19847
3.11205
3.15368
3.23372
2.7408
2.89543
2.88657
3.2249
3.16081
3.78907
3.67065
3.94214
3.37783
3.36522
3.83906
3.89096
3.80414
3.90579
4.12232
4.06076
3.73565
3.97053
4.12893
3.82537
4.07324
4.18569
4.21868
3.87947
4.02208
4.16552
4.56338
4.59509
4.4533
4.43935
4.42507
4.55699
4.57792
4.55019
4.4228
4.46252
4.38448
4.41637
4.51631
4.51707
3.5309
3.31204
3.73881
3.63775
3.3159
3.51745
3.64476
3.54883
3.33272
3.7626
3.65878
3.33767
3.55208
3.66186
4.38762
4.18642
4.21248
4.20478
4.26733
4.26801
4.32246
4.43562
4.27387
4.40606
4.3585
4.33797
4.31015
4.48562
3.45926
3.27334
3.69201
3.60324
3.26032
3.48293
3.58627
3.4094
3.18362
3.63235
3.5089
3.20568
3.53576
3.37577
2.94615
3.19069
3.25498
2.82425
3.18494
2.94956
2.81904
2.94339
3.25218
3.16546
2.80765
3.17783
2.81859
2.93485
3.17433
3.23839
2.76378
2.90912
2.91215
3.24266
3.1693
3.1765
3.24489
2.7674
2.90982
3.17501
2.91334
3.24745
2.87567
3.06591
3.17287
2.73152
3.09146
2.75426
2.85454
2.90447
3.2033
3.14459
2.79543
3.12595
2.77856
2.91899
3.13954
3.21792
2.73483
2.89298
2.8827
3.20675
3.15163
3.10706
3.15327
2.70049
2.83432
2.85209
3.17114
3.08758
3.2867
3.14008
3.38908
2.97809
2.9227
3.38226
3.29308
3.25811
3.2157
3.39284
3.40678
3.14743
3.32077
3.51754
3.32284
3.51334
3.49866
3.70151
3.42548
3.41641
3.59876
4.18094
4.10335
3.98199
4.14829
4.07177
4.01109
4.25967
4.10536
3.8959
3.81493
3.9144
4.00267
3.91717
4.01489
3.19279
2.96116
3.42517
3.28564
3.00043
3.14093
3.33048
3.26889
3.11419
3.51447
3.44412
3.08323
3.31198
3.40785
3.73205
3.37071
3.49553
3.53945
3.48922
3.64619
3.62357
3.82792
3.60053
3.71161
3.83416
3.60064
3.73587
3.92825
2.99408
2.86648
3.24864
3.19709
2.81999
3.05383
3.14479
2.89737
2.66175
3.13666
2.98811
2.71479
3.04695
2.83054
2.78533
3.01875
3.06921
2.69543
2.98617
2.81341
2.66653
2.73264
3.01285
2.88738
2.58398
2.92711
2.61901
2.69755
2.95543
2.98484
2.55228
2.67623
2.70912
3.0161
2.92062
3.0142
3.10347
2.61481
2.79043
3.04138
2.76512
3.07888
2.51986
2.63904
2.77695
2.37062
2.69192
2.41688
2.47181
2.59254
2.85543
2.81756
2.52576
2.77113
2.4849
2.63433
2.80853
2.91064
2.4173
2.60918
2.56927
2.87243
2.8507
2.72881
2.74447
2.33263
2.44594
2.49263
2.78719
2.67989
2.51894
2.33151
2.53819
2.30283
2.22591
2.63542
2.41357
2.46946
2.27752
2.40308
2.53852
2.34517
2.4083
2.66387
2.55336
2.65568
2.53807
2.88828
2.67735
2.53116
2.76421
3.40566
3.25224
3.15101
3.44209
3.32866
3.127
3.52044
3.29707
3.03185
2.87051
3.10742
3.22543
3.00207
3.17795
2.54129
2.30395
2.79
2.63792
2.36707
2.46311
2.70681
2.6529
2.54765
2.91759
2.88273
2.48904
2.72585
2.81835
2.83111
2.31633
2.51707
2.65027
2.46128
2.77104
2.70938
2.94429
2.64883
2.73898
3.00031
2.60111
2.87965
3.06582
2.26349
2.1758
2.54654
2.52166
2.10938
2.34594
2.44967
2.14091
1.90752
2.41029
2.25526
1.97568
2.32917
2.05433
2.33753
2.55191
2.57544
2.29409
2.49346
2.39107
2.243
2.24987
2.4807
2.33656
2.10402
2.39962
2.15933
2.19165
2.4421
2.44865
2.06161
2.161
2.21693
2.49873
2.38287
2.53735
2.64895
2.16147
2.36055
2.59183
2.30912
2.60257
1.93857
1.99778
2.14156
1.80115
2.06686
1.86167
1.87424
2.03654
2.24727
2.23742
2.01444
2.17071
1.95593
2.09847
2.219
2.33835
1.86568
2.06377
2.00432
2.28548
2.28197
2.11311
2.11502
1.75577
1.84107
1.90273
2.16956
2.04761
1.66857
1.31238
1.44909
1.52996
1.45184
1.78444
1.28666
1.67
0.993987
1.00466
1.61265
1.55103
1.20988
1.74603
1.74518
1.56269
1.27299
1.97505
1.86121
1.39365
1.844
2.47042
2.16812
2.09616
2.54328
2.42488
2.02104
2.59489
2.35156
1.94281
1.71417
2.20884
2.32379
1.85822
2.22004
1.70771
1.50338
2.02569
1.85804
1.56366
1.61395
1.93309
1.83879
1.77079
2.16434
2.13293
1.70403
1.92812
2.05855
1.77115
0.975669
1.24913
1.8101
1.01658
1.68788
1.95198
1.9473
1.48965
1.50759
2.12354
1.37636
2.00346
2.08735
1.25542
1.18418
1.45441
1.6773
1.06491
1.18555
1.53621
1.37951
1.36592
1.81465
1.73578
1.32352
1.48545
1.66109
1.70859
1.89077
1.89062
1.70279
1.82151
1.77312
1.64254
1.60255
1.77592
1.64334
1.48263
1.70963
1.53968
1.54098
1.75852
1.76347
1.43804
1.50958
1.56883
1.81353
1.69569
1.87267
1.9942
1.55235
1.73743
1.93841
1.67584
1.94029
1.25291
1.31052
1.18073
1.39113
1.22997
1.33831
1.2025
1.39126
1.19577
1.42512
1.13351
1.3672
1.23266
1.43894
1.38046
1.52911
1.52717
1.37305
1.47199
1.32716
1.43075
1.52596
1.26061
1.6295
1.40183
1.35112
1.59032
1.57778
2.18782
2.41677
2.30451
2.32869
2.14722
2.14092
2.28191
2.71737
2.72387
2.66357
2.36935
2.62297
2.56849
2.42403
2.93793
2.79289
2.86184
2.5325
2.6945
2.75504
2.46558
3.33617
3.23694
3.16815
2.77017
3.15108
3.0978
2.8389
3.50248
3.27944
3.34158
2.9241
3.20932
3.25118
2.85976
3.64575
3.50646
3.48155
3.02807
3.39938
3.39716
3.06332
3.63161
3.49468
3.50642
3.06445
3.40397
3.39259
3.04024
3.47812
3.34241
3.36777
2.93401
3.21385
3.26279
2.92377
3.30435
3.27345
3.23768
2.83054
3.16602
3.10588
2.85143
2.92192
2.80646
2.86653
2.48627
2.66732
2.75384
2.44235
2.63854
2.69875
2.63297
2.28513
2.58347
2.49019
2.33457
2.10754
2.06095
2.13646
1.82327
1.88783
1.99808
1.76427
1.74877
1.93771
1.86114
1.58216
1.78136
1.66604
1.64212
0.931861
1.09101
1.25786
1.03166
1.33023
1.08686
1.06261
2.2717
2.16887
2.38628
2.13057
2.3031
2.12591
2.2575
2.69425
2.68766
2.63421
2.35912
2.59985
2.41122
2.54568
2.76454
2.90876
2.83418
2.51905
2.67132
2.45311
2.73174
3.21424
3.30789
3.14438
2.75709
3.1282
2.82666
3.07473
3.25707
3.47626
3.32039
2.91301
3.18671
2.84762
3.22875
3.4899
3.62346
3.46376
3.01914
3.38097
3.05536
3.37783
3.47851
3.6122
3.49155
3.05762
3.38628
3.03233
3.37575
3.33231
3.46335
3.35611
2.92905
3.20164
2.91956
3.24976
3.26331
3.29234
3.229
2.82692
3.15462
2.84705
3.09522
2.80141
2.9134
2.86033
2.48339
2.66027
2.44023
2.74624
2.6936
2.6321
2.62882
2.28344
2.57692
2.33218
2.48412
2.05875
2.10373
2.1335
1.82189
1.88434
1.76349
1.99422
1.93531
1.74622
1.85943
1.58161
1.77827
1.64101
1.66332
1.25712
0.930923
1.09001
1.03154
1.32903
1.08626
1.06132
2.14618
2.13893
2.17929
2.19898
2.44766
2.44882
2.42081
2.22024
2.37401
2.32222
2.22495
2.25016
2.30699
2.26111
2.29656
2.64909
2.54502
2.58297
2.32053
2.43669
2.49051
2.28407
2.46943
2.5411
2.48645
2.53175
2.41649
2.36992
2.42206
2.36057
3.02528
2.9924
2.92143
2.56996
2.89215
2.829
2.64048
2.63637
2.60626
2.66207
2.57493
2.66696
2.78583
2.72945
2.72669
3.2594
3.04695
3.11834
2.74309
2.96681
3.02845
2.67267
2.84864
3.01973
2.97147
2.90711
2.81947
2.85286
2.90741
2.75838
3.55117
3.42382
3.37258
2.93596
3.32824
3.29822
2.99235
2.9846
3.07546
3.11411
2.9313
3.00104
3.18657
3.15937
3.04643
3.62913
3.4408
3.47894
3.03916
3.36147
3.37793
2.99305
3.0832
3.25241
3.2521
3.10742
3.08799
3.21916
3.23351
3.05278
3.61797
3.47854
3.48009
3.02897
3.35854
3.38311
3.04191
3.10411
3.25744
3.24526
3.09113
3.07598
3.21219
3.23709
3.07689
3.51928
3.43749
3.42339
2.99494
3.33565
3.29844
2.9936
2.97515
3.07209
3.12052
2.9517
3.02574
3.19107
3.15397
3.03731
3.23979
3.1117
3.1568
2.7474
2.97736
3.04734
2.71756
2.85665
3.02718
2.96819
2.89062
2.78558
2.84429
2.91297
2.74162
3.00497
3.02021
2.96703
2.58736
2.90923
2.83051
2.62473
2.52269
2.5447
2.62967
2.46276
2.60943
2.77975
2.7025
2.66206
2.54073
2.44927
2.51932
2.17174
2.3005
2.39992
2.1181
2.3044
2.46486
2.37309
2.37017
2.20703
2.18933
2.28696
2.13687
2.21729
2.33116
2.25781
1.94375
2.20439
2.09937
2.00042
1.85795
1.78984
1.89792
1.78212
1.96191
2.09761
1.99453
2.03565
1.62633
1.65995
1.73656
1.45861
1.43311
1.55392
1.39861
1.60003
1.68833
1.5755
1.67648
1.49333
1.35084
1.46894
1.41748
0.872119
1.05384
1.12536
0.996801
1.22812
1.5344
1.45875
1.21489
1.31512
1.18863
1.27377
1.23515
1.2391
1.11636
1.30935
2.11937
1.96179
2.10017
2.14282
2.05123
1.97654
2.17184
2.41979
2.41784
2.39257
2.21039
2.35088
2.21325
2.30018
2.20261
2.10205
2.27966
2.06468
2.05637
2.24478
2.23397
2.61961
2.51519
2.55148
2.30814
2.41414
2.27656
2.4676
2.43355
2.51598
2.23661
2.32495
2.1833
2.49741
2.46083
2.3738
2.34358
2.11521
2.26547
2.13408
2.314
2.39583
2.99611
2.96669
2.89499
2.5566
2.86918
2.62687
2.80576
2.60911
2.58165
2.27979
2.48382
2.54545
2.34821
2.63802
2.64299
2.76328
2.46219
2.54312
2.41545
2.70448
2.70617
3.23092
3.02188
3.09409
2.72988
2.94371
2.65912
3.00558
2.83046
2.99933
2.6198
2.75783
2.58832
2.89054
2.95053
2.8005
2.83083
2.50835
2.70017
2.5446
2.73776
2.88615
3.52557
3.40412
3.35172
2.92499
3.30711
2.98237
3.27631
2.97003
3.05539
2.65842
2.88764
2.91528
2.68355
3.09455
2.9869
3.16805
2.93035
2.71526
3.03353
3.14018
3.60604
3.42146
3.46076
3.03018
3.34095
2.98314
3.35803
3.07198
3.23643
3.02061
3.0972
3.23533
3.07654
3.201
3.00126
3.04027
3.21602
3.59942
3.46535
3.46553
3.02212
3.3433
3.03651
3.36699
3.09506
3.24193
3.08112
3.23052
3.06728
3.1989
3.0691
3.22306
3.50367
3.42429
3.41177
2.98999
3.32114
2.98787
3.28479
2.96929
3.06138
2.94638
3.10924
3.01923
3.1785
3.03035
3.14207
3.22849
3.10434
3.14807
2.74348
2.96799
2.71449
3.03733
2.85226
3.01712
2.8858
2.9587
2.78159
2.83595
2.73789
2.90409
2.99589
3.01285
2.9609
2.58477
2.90047
2.6214
2.82235
2.51995
2.53837
2.46025
2.6229
2.60635
2.77198
2.65886
2.69522
2.5349
2.44587
2.51498
2.16975
2.29535
2.11676
2.39434
2.30233
2.45903
2.36793
2.36769
2.20513
2.18477
2.13521
2.28203
2.21304
2.32761
2.25507
1.94269
2.1997
1.99879
2.09509
1.85665
1.78674
1.78114
1.8945
1.96064
2.09347
2.03418
1.99072
1.62411
1.65869
1.73463
1.45765
1.43106
1.39822
1.55157
1.59933
1.68552
1.67543
1.57296
1.4924
1.34893
1.41695
1.46678
0.871358
1.05343
1.1247
0.995603
1.22694
1.5329
1.45779
1.21463
1.31336
1.273
1.18716
1.2347
1.23747
1.30856
1.11502
0.560856
0.826082
0.756829
0.657387
0.731713
0.606902
0.627561
0.561725
0.750979
0.655904
0.824801
0.629279
0.730178
0.6054
1.97764
1.95284
2.19376
2.06318
1.87345
1.95773
2.04731
2.19664
2.25143
2.13564
2.01004
2.18933
2.11296
2.10403
2.2743
2.44646
2.35443
2.28538
2.27267
2.19189
2.37811
2.51722
2.51996
2.43777
2.3687
2.48621
2.45365
2.42319
2.72241
2.60012
2.67034
2.59252
2.57243
2.52833
2.6393
2.76893
2.77023
2.72968
2.64164
2.73789
2.67235
2.70498
2.81682
2.79274
2.79252
2.67363
2.75813
2.68318
2.7514
2.79373
2.72547
2.77069
2.64307
2.67563
2.59103
2.72552
2.59685
2.65905
2.57108
2.42779
2.60587
2.51904
2.5158
2.49191
2.34105
2.4651
2.31997
2.28481
2.19668
2.40834
2.07837
2.20386
2.05246
1.91507
2.1475
2.06097
2.00077
1.91614
1.72393
1.89434
1.76095
1.68458
1.60143
1.84307
1.37884
1.55513
1.37131
1.26924
1.51348
1.43611
1.34679
0.999454
0.990115
1.19317
0.923311
1.19942
1.09302
1.15187
2.27067
2.37643
2.45688
2.45336
2.21063
2.32662
2.49542
1.96091
2.19965
1.98581
1.86811
2.06329
1.96209
2.05761
2.25236
2.20216
2.13708
2.00302
2.19878
2.11273
2.1039
2.44827
2.27573
2.35648
2.28076
2.27415
2.39334
2.19172
2.51597
2.52094
2.44012
2.36809
2.49635
2.43591
2.45096
2.72175
2.60006
2.66919
2.59087
2.57995
2.64013
2.52575
2.7719
2.769
2.72904
2.64428
2.74558
2.71173
2.67102
2.81298
2.79281
2.79175
2.67266
2.76662
2.75926
2.68344
2.79128
2.72562
2.77241
2.64808
2.68384
2.73928
2.59098
2.5894
2.66123
2.5717
2.42751
2.61516
2.52234
2.52067
2.48665
2.34159
2.46803
2.32594
2.29063
2.42181
2.19653
2.06873
2.20618
2.05279
1.91435
2.15496
2.0051
2.06261
1.90851
1.72355
1.89646
1.76617
1.68856
1.8548
1.60049
1.37139
1.55599
1.37011
1.26785
1.51689
1.34551
1.4367
0.985662
1.18831
0.997651
0.922476
1.19927
1.0964
1.15457
2.41816
2.4871
2.14751
2.25172
2.40097
2.39713
2.22982
2.3993
2.55449
2.55327
2.52923
2.52635
2.34049
2.42948
-0.0231635
0.105221
0.120134
0.534864
0.0163816
0.39524
0.132675
0.152528
0.0650353
0.0580552
0.500374
2.41647
2.14523
2.24775
2.47471
2.22362
2.39774
2.39353
2.39097
2.54434
2.55061
2.52565
2.5243
2.33013
2.4215
0.196428
0.0956019
0.345847
0.402217
0.261878
-0.0823327
0.65643
-0.012516
0.515075
0.715844
0.659766
0.482066
-0.213957
0.439025
-0.067208
0.673038
0.82646
0.345629
0.058939
0.543003
0.290703
0.158748
0.0841026
0.52588
0.954022
0.0262829
0.298976
0.646277
1.78165
2.00541
1.93046
1.8511
1.99253
1.81316
1.8615
-0.0248145
0.104922
0.118247
0.538896
0.398302
0.0158009
0.132106
0.150738
0.061758
0.509391
0.0573063
2.25129
2.43447
2.43748
2.36144
2.47839
2.18314
2.30744
-0.0619522
0.670658
0.342186
0.82544
0.544187
0.287103
0.061167
0.161714
0.0818383
0.952909
0.523845
0.646796
0.301372
0.0235075
0.194917
0.0959751
0.346948
0.400748
-0.082153
0.654225
0.261446
-0.0131673
0.511071
0.658289
0.714376
0.435512
-0.211737
0.48156
1.80486
1.86536
1.93545
2.01347
1.82854
1.99847
1.88287
2.07359
1.95433
1.8825
1.83279
1.93687
1.81064
2.0011
1.73521
1.90575
1.81164
1.91611
1.7038
1.93249
1.93354
2.06934
1.95362
1.87492
1.82395
1.92786
1.80114
2.00139
1.80978
1.90515
1.73395
1.70241
1.91751
1.9271
1.93294
2.88878
2.89603
2.89308
3.40545
3.42529
3.41807
3.6367
3.65498
3.64773
3.40648
3.4176
3.41245
2.79334
2.80025
2.79623
1.95532
1.95747
1.95549
0.952932
0.945448
0.947585
0.880307
0.872925
0.87558
0.880196
0.872811
0.875474
2.79796
2.8023
2.80023
3.30847
3.32851
3.32165
3.61042
3.62921
3.62176
3.44544
3.45675
3.45171
2.87682
2.88412
2.88005
2.06507
2.06771
2.06548
1.09314
1.08539
1.08725
2.45367
2.40928
3.05014
3.07015
3.06236
3.35877
3.64381
3.6597
3.65894
3.55492
3.57382
3.56633
4.11102
4.12331
4.12049
4.24301
4.2549
4.25218
3.6035
3.61829
3.61224
4.29409
4.30273
4.30112
4.20755
4.2149
4.21364
3.21044
3.22002
3.21523
3.92086
3.92522
3.92455
3.67297
3.67525
3.67512
2.4981
2.50319
2.49985
3.17529
3.17453
3.17525
2.83176
2.82892
2.8304
1.60191
1.60103
1.60015
2.20896
2.20088
2.20432
1.80254
1.78815
1.79389
0.547732
0.540836
0.543395
1.21752
1.13984
0.706539
2.71808
2.72222
2.72043
2.78838
2.79348
2.79126
3.21712
3.2355
3.22845
3.28348
3.30111
3.29397
3.50339
3.51657
3.51113
3.50692
3.51975
3.51446
3.32521
3.33369
3.32996
3.27473
3.28289
3.27922
2.76412
2.76958
2.76671
2.6746
2.67993
2.67711
1.96124
1.96303
1.96194
1.85023
1.85159
1.85082
1.0171
1.01093
1.0131
2.50079
2.50068
2.50133
2.19938
2.20511
0.524664
0.515647
0.519184
0.275434
0.263264
0.268452
2.49688
2.49661
2.49729
2.1939
2.19995
1.91645
0.524781
0.515764
0.519313
0.275555
0.263366
0.268558
2.0904
2.09308
2.09158
2.58983
3.16342
3.0922
3.11426
3.10559
3.9965
4.00781
4.00606
3.72144
3.73594
3.73434
3.34475
3.63179
3.64399
3.64347
3.96752
3.98669
3.98538
3.72238
3.73966
3.73872
3.56354
3.58314
3.57525
4.27238
4.28139
4.27967
4.24358
4.25449
4.2518
4.05084
4.07088
4.06925
4.21816
4.23763
4.23643
4.32126
4.33839
4.33745
4.26295
4.28212
4.28101
3.56361
3.57733
3.57165
3.97251
3.97767
3.97679
4.1454
4.15225
4.1512
4.32698
4.34355
4.34273
4.27712
4.29168
4.29087
4.10209
4.11296
4.11257
4.24744
4.2611
4.2603
3.12674
3.13583
3.13121
3.27225
3.27227
3.27277
3.57143
3.57313
3.57316
4.04253
4.05216
4.05194
3.81934
3.8252
3.82554
3.45192
3.45301
3.45428
3.73636
3.74097
3.74152
2.39052
2.39509
2.39201
2.335
2.32833
2.33125
2.70839
2.70475
2.70652
3.35115
3.35115
3.35265
3.02259
3.01981
3.02197
2.55965
2.55259
2.55557
2.91043
2.90674
2.90909
1.47557
1.47363
1.47323
1.20699
1.18968
1.66325
1.64466
1.65175
2.44041
2.43196
2.43515
2.10819
2.09127
2.09528
1.8436
1.76763
1.98611
1.96121
1.96741
0.332371
0.32315
0.327297
1.32168
1.9601
1.96418
1.96327
1.72536
1.73072
2.08757
2.09032
2.08879
1.86112
1.86641
2.94547
2.95549
2.9512
3.0667
3.07515
3.07307
3.13206
3.14543
3.14105
3.46468
3.48318
3.47636
3.68656
3.70623
3.69949
3.74014
3.7601
3.75344
3.63169
3.64865
3.64187
3.89463
3.91211
3.90598
3.88446
3.90046
3.89489
3.34611
3.35656
3.35157
3.61672
3.62534
3.62208
3.54887
3.55676
3.55374
2.69755
2.70375
2.69996
2.95176
2.95446
2.953
2.84805
2.85024
2.84899
1.83962
1.84079
1.83913
2.05237
2.04975
2.0504
1.92702
1.92315
1.92429
0.805352
0.798096
0.801045
1.00445
0.987677
0.993577
0.957314
0.855345
0.911152
0.810026
0.807462
0.808291
0.773482
0.764135
0.767704
0.70798
0.70459
0.705636
-0.153597
-0.161176
-0.154509
-0.179302
-0.186502
-0.181023
1.66182
1.65945
1.65951
2.10165
0.809706
0.807129
0.807973
0.773528
0.764156
0.767747
0.708021
0.704514
0.705611
-0.153366
-0.160974
-0.154295
-0.179224
-0.18646
-0.180974
2.14873
2.15234
2.15136
2.25227
2.25742
2.2566
2.73882
2.74131
2.96339
2.96618
2.90541
2.90273
3.23752
3.25935
3.25143
3.58082
3.60045
3.5942
3.50422
3.52505
3.51848
3.60174
3.62146
3.61362
3.86704
3.8858
3.87914
3.86094
3.88104
3.87385
3.49251
3.50461
3.49936
3.65989
3.6691
3.66571
3.71441
3.72446
3.72083
2.96464
2.97265
2.96837
3.04084
3.04396
3.04241
3.13661
3.14028
3.13854
2.17622
2.17963
2.17705
2.17002
2.16837
2.16867
2.2904
2.28956
2.28953
1.21897
1.21431
1.21514
1.13763
1.12076
1.12733
1.2721
1.25855
1.26328
-0.136902
-0.142653
-0.136182
-0.111163
-0.118091
1.6524
1.65005
1.65011
2.14024
2.1437
2.14275
2.24838
2.25351
2.25273
2.45986
2.44749
2.99998
3.01588
3.00972
3.26882
3.29018
3.28299
3.19948
3.21804
3.21193
3.15139
3.16699
3.45454
3.46495
3.2353
3.25018
3.36904
3.38843
3.38354
3.56403
3.5811
3.30214
3.31997
3.31653
3.51843
3.53703
3.53012
3.8191
3.8412
3.83334
3.78812
3.80951
3.80236
3.7919
3.81064
3.80584
4.15762
4.17111
4.16785
3.84288
3.86314
3.85792
3.93256
3.95391
3.94756
4.21116
4.22388
4.22105
3.89645
3.91762
3.91193
3.62302
3.63905
3.63258
3.84554
3.85891
3.8542
3.87165
3.88639
3.88127
4.03684
4.05259
4.04798
4.27164
4.27984
4.27837
4.02845
4.04295
4.03875
3.99232
4.00445
4.00089
4.24665
4.25433
4.25296
4.01779
4.03101
4.02718
3.28206
3.29216
3.28721
3.40116
3.40749
3.40491
3.47952
3.48669
3.48384
3.76812
3.77476
3.77227
3.84217
3.8458
3.84531
3.70031
3.70614
3.70378
3.5526
3.55692
3.55477
3.76213
3.76499
3.7647
3.63158
3.63655
3.63435
2.60011
2.60589
2.60228
2.6344
2.63562
2.63475
2.74456
2.74627
2.7452
3.09859
3.09925
3.0978
3.06259
3.0612
3.06211
2.9936
2.9937
2.99235
2.77652
2.77572
2.77468
2.95012
2.94804
2.94922
2.88833
2.888
2.88677
1.72154
1.7219
1.72059
1.67012
1.66329
1.66568
1.80098
1.79575
1.79745
2.19711
2.19169
2.19233
2.07745
2.06758
2.07161
2.07556
2.06883
2.06993
1.82873
1.81813
1.82052
1.94187
1.92978
1.93461
1.94963
1.94093
1.94267
0.679991
0.668926
0.67232
0.555585
0.545253
0.782422
0.780117
1.1438
1.13999
0.893628
0.855228
0.840849
0.543247
1.23837
1.0612
0.986667
1.97841
2.44623
2.44802
2.13568
2.13795
2.13687
2.52275
2.52239
2.36077
2.36265
2.36133
2.19731
2.19919
2.19802
2.96894
2.98038
2.97535
2.41904
2.42098
2.41978
2.57198
2.57422
2.57308
3.03058
3.04576
3.03908
2.75441
2.75936
2.75709
2.62518
2.62813
2.62659
3.43134
3.44487
3.43895
2.79591
2.80216
2.79888
2.88519
2.89317
2.88883
3.46434
3.47804
3.47212
2.9403
2.94931
2.94501
2.91043
2.91918
2.91469
3.46886
3.47958
3.47514
2.94505
2.95323
2.94952
3.4448
3.45506
3.45078
3.08462
3.09134
3.08809
3.01227
3.01884
3.01562
2.38381
2.38767
2.38547
2.28271
2.28626
2.28426
1.50274
1.50155
1.50186
1.38273
1.38059
1.38126
2.58429
2.59195
2.59157
2.38033
2.38281
2.38172
2.44985
2.45818
2.45643
2.25499
2.26164
2.3489
2.35184
2.34957
2.4291
2.43848
2.43539
0.762295
0.758766
0.760218
0.672306
0.668047
0.669689
0.607325
0.597415
0.601447
0.481596
0.476174
0.478142
0.540139
0.534601
0.536584
0.467735
0.458863
0.462203
0.506284
0.498972
0.501684
-0.195323
-0.203498
-0.197441
0.311314
0.300116
0.303969
0.222406
0.213229
0.216985
0.290479
0.280641
0.283672
0.198012
0.187076
0.191788
0.283563
0.272477
0.275958
2.6246
2.91902
2.74878
2.80022
2.37072
2.37324
2.3721
2.5805
2.58795
2.58759
2.43985
2.44812
2.44633
2.24849
2.2553
2.34317
2.34637
2.34389
2.42232
2.43191
2.42864
2.30073
2.31626
2.50989
2.52506
2.82677
2.83416
2.83427
2.66498
2.67303
2.66638
2.34871
2.37194
2.42479
2.43733
2.59732
2.61238
2.60605
1.01214
0.975875
1.28312
0.647314
1.42148
1.3383
1.19569
1.84786
0.977301
0.979587
0.976849
1.09046
1.09661
0.877668
0.896017
1.25746
1.26387
1.25701
1.43301
1.44449
1.44055
0.544759
0.580589
1.33283
1.35453
0.624877
0.633086
0.63039
1.57325
1.57583
1.57376
1.46094
1.45938
1.27568
1.28074
1.51911
1.73803
1.74401
1.74023
2.0432
1.99218
0.762171
0.758594
0.760075
0.672148
0.667882
0.669537
0.607343
0.597432
0.60147
0.481675
0.476214
0.478199
0.540105
0.534545
0.536545
0.467855
0.458929
0.462289
0.50633
0.498966
0.501691
-0.195269
-0.20349
-0.197433
0.311397
0.300199
0.30406
0.222414
0.213202
0.216964
0.290629
0.280761
0.283802
0.198113
0.187135
0.191869
0.28373
0.27262
0.276113
2.07407
2.07452
2.07378
2.39275
2.39754
2.39622
2.13192
2.13659
2.13416
2.00389
2.00661
2.09499
2.0976
2.17352
2.33499
2.30918
2.32467
2.51749
2.53272
2.72319
2.73512
2.73142
2.66708
2.67497
2.66844
2.35508
2.37845
2.59941
2.61443
2.60817
2.4316
2.44392
2.43635
2.65684
2.65632
2.68658
2.8182
3.03534
3.03967
3.03724
2.97143
2.79972
2.61455
2.90578
2.73335
2.78609
2.78948
2.78364
2.78485
2.49189
2.49818
2.49477
2.8009
2.79557
2.79675
2.49114
2.4958
2.49278
2.87831
2.87227
2.87389
2.55461
2.56041
2.55726
2.86423
2.85789
2.8595
2.56032
2.56662
2.56346
3.1592
3.18162
3.17277
3.32732
3.34917
3.34179
3.41096
3.43244
3.42523
3.67989
3.69818
3.69416
3.91968
3.93186
3.93016
3.60389
3.62317
3.61913
3.42652
3.44687
3.44151
3.81541
3.82833
3.82635
3.50794
3.52781
3.52298
2.93286
2.93157
2.93648
3.09033
3.08314
3.08639
3.0611
3.05346
3.05656
2.97651
2.98348
2.98391
3.6995
3.53444
3.60024
3.60688
4.05432
4.06347
4.07409
3.97194
3.97045
3.13104
3.13942
3.14025
3.20292
3.19596
3.19922
3.23774
3.23091
3.23461
3.08973
3.09822
3.0992
3.89428
3.91328
3.91229
4.35545
4.36609
4.37071
3.79522
3.81362
3.81345
4.25565
4.26668
4.27303
3.08211
3.07598
3.07769
2.7801
2.78618
2.78313
3.09714
3.09074
3.09254
2.76539
2.77136
2.76838
3.15003
3.14424
3.14564
2.82113
2.82739
2.82416
3.13757
3.13181
3.13326
2.83402
2.84018
2.83696
3.583
3.60286
3.59495
3.82321
3.84516
3.83725
3.84165
3.86277
3.85515
4.00091
4.01809
4.01296
4.27473
4.28417
4.28221
3.99079
4.00939
4.00368
3.94039
3.9612
3.95481
4.25966
4.2698
4.26746
3.9649
3.98483
3.97863
3.44271
3.45114
3.45198
3.59802
3.58904
3.59337
3.56494
3.55701
3.56108
3.4685
3.47623
3.47729
4.49234
4.5028
4.50525
4.10999
4.12947
4.12775
4.17654
4.19581
4.19419
3.52478
3.53199
3.53232
3.64221
3.63286
3.63734
3.66624
3.65621
3.66087
3.50806
3.51564
3.51642
4.31361
4.33134
4.3303
4.28825
4.30675
4.3055
4.61987
4.62897
4.63123
3.19602
3.19055
3.19125
2.87613
2.88327
2.87904
3.18958
3.18417
3.18488
2.88099
2.88804
2.88387
3.15759
3.15237
3.15303
2.85822
2.86568
2.86127
3.17143
3.16613
3.16681
2.84558
2.85321
2.84873
3.5304
3.54305
3.53768
3.79842
3.81055
3.80623
3.75787
3.76882
3.76489
3.80682
3.81439
3.81177
4.03834
4.04403
4.04311
3.86084
3.86943
3.86669
3.94288
3.95383
3.95058
4.09336
4.09979
4.09878
3.90287
3.91272
3.90973
3.53278
3.53732
3.53757
3.68979
3.67724
3.68194
3.69608
3.68405
3.68873
3.5192
3.52299
3.52324
4.31689
4.33288
4.33211
4.30388
4.31918
4.31839
4.50778
4.51282
4.51522
3.46085
3.46362
3.46373
3.65674
3.64396
3.64867
3.63951
3.62637
3.63103
3.48545
3.4889
3.48905
4.1897
4.1906
4.19367
4.15931
4.17124
4.17063
4.26823
4.26986
4.27276
4.20528
4.21805
4.21725
2.97144
2.96661
2.96726
2.62655
2.63628
2.63107
2.93468
2.92987
2.9305
2.66225
2.6717
2.66664
2.82223
2.81744
2.81806
2.55882
2.56884
2.56357
2.86628
2.86153
2.86217
2.51608
2.52634
2.52093
3.04681
3.05525
3.05085
3.31165
3.317
3.31473
3.22464
3.22905
3.2271
3.18627
3.1876
3.18608
3.3771
3.37774
3.37807
3.28321
3.28519
3.28354
3.46034
3.46388
3.46191
3.47451
3.47582
3.47595
3.37188
3.37468
3.37284
3.19145
3.19339
3.19301
3.33801
3.32471
3.32894
3.38528
3.37197
3.3763
3.13645
3.13822
3.13769
4.10847
4.10863
4.11189
3.97268
3.98106
3.98102
3.90068
3.90778
3.90792
3.92595
3.92481
3.92844
2.98626
2.98829
2.98749
3.25117
3.2381
3.24225
3.19577
3.18284
3.18688
3.04965
3.05172
3.05107
3.55224
3.55447
3.55549
3.64486
3.64827
3.64906
3.72358
3.72132
3.72534
3.61434
3.61161
3.61583
2.45838
2.45356
2.45419
2.10312
2.1139
2.10835
2.39773
2.39269
2.39334
2.16139
2.17215
2.1667
2.2348
2.22961
2.23031
2.0076
2.01834
2.0129
2.29913
2.29418
2.29484
1.94604
1.95678
1.95128
2.2838
2.28768
2.28492
2.52039
2.52095
2.52034
2.4051
2.40503
2.4047
2.31235
2.30819
2.30843
2.46242
2.45685
2.45936
2.43121
2.42797
2.42784
2.66065
2.65906
2.65832
2.58557
2.58107
2.58318
2.54532
2.54302
2.54257
2.52625
2.53002
2.52845
2.68243
2.67124
2.67439
2.75443
2.74351
2.74664
2.44403
2.44789
2.44614
3.26955
3.26549
3.27036
3.24342
3.2424
3.24415
3.13585
3.134
3.13596
2.241
2.24543
2.24346
2.56692
2.55657
2.55939
2.49189
2.48139
2.48425
2.32717
2.33164
2.32974
2.67784
2.67204
2.67482
2.79371
2.78902
2.79159
1.77955
1.77392
1.77476
1.45941
1.46833
1.46361
1.71684
1.71091
1.71172
1.51693
1.52647
1.52157
1.54813
1.54225
1.54294
1.35379
1.36242
1.35788
1.59842
1.59264
1.59351
1.30913
1.31653
1.31226
1.35276
1.34904
1.34918
1.53743
1.52897
1.53191
1.40227
1.39189
1.39544
1.36169
1.25856
1.31164
1.45384
1.34976
1.40643
1.40668
1.3908
1.3976
1.68958
1.67642
1.67957
1.50221
1.48525
1.49303
1.57635
1.55885
1.5641
1.68557
1.69047
1.68818
1.90686
1.89527
1.8983
1.98129
1.97085
1.97362
1.59291
1.59649
1.59452
2.20002
2.19357
2.20152
2.3254
2.31524
2.31855
2.20482
2.19211
2.19583
1.75484
1.74641
1.75521
1.89457
1.88683
1.89556
1.3723
1.37138
1.37176
1.79093
1.77927
1.78239
1.72024
1.70658
1.71041
1.46741
1.47096
1.46917
1.7669
1.68308
1.72505
1.15572
1.06203
1.11951
1.92052
1.89304
1.89876
0.974946
0.977181
0.974492
1.08741
1.0935
1.25469
1.26107
1.25425
0.875086
0.893443
1.43007
1.44149
1.43761
0.542544
0.578294
0.623157
0.631336
0.62869
1.32891
1.3506
0.330755
0.323094
0.326205
0.423724
0.413806
0.348548
0.345892
-0.0242288
0.65647
0.431678
1.00989
0.973781
1.27794
1.4154
1.3325
0.647626
0.720325
1.94158
1.18889
1.83957
1.57878
1.56948
1.57195
1.5699
1.4573
1.45567
1.83546
1.8405
1.83875
1.73802
1.74422
1.74029
1.87694
1.88152
1.87886
1.81447
1.81805
1.81522
2.18825
2.12876
2.13347
2.13094
2.0001
2.00306
2.06531
2.06568
2.06497
1.96811
1.96974
1.96854
2.06955
2.07256
2.06998
2.00016
2.00646
2.00233
2.96005
2.95963
2.96432
3.11842
3.11115
3.11446
3.00545
3.01246
3.01297
3.08862
3.08072
3.08401
3.15984
3.16828
3.1692
3.23159
3.22476
3.22811
3.11758
3.12611
3.12711
3.2684
3.26139
3.26535
2.79209
2.78611
2.78739
2.49104
2.49723
2.49392
2.48929
2.49394
2.49101
2.80421
2.79869
2.79996
2.8828
2.87655
2.87828
2.55488
2.56058
2.55754
2.56171
2.56781
2.5648
2.86807
2.86156
2.86326
3.46845
3.47694
3.47788
3.62708
3.61785
3.62227
3.49433
3.50217
3.50326
3.59388
3.58557
3.58987
3.54911
3.55637
3.55672
3.66984
3.66026
3.66486
3.53252
3.54026
3.54092
3.69362
3.68334
3.68812
3.08856
3.08231
3.08412
2.78519
2.79103
2.78815
2.77015
2.77598
2.77312
3.10386
3.09738
3.09926
3.15694
3.15106
3.15255
2.82645
2.83245
2.82937
2.83947
2.84537
2.84235
3.14448
3.13868
3.1402
3.55303
3.55755
3.55784
3.71181
3.699
3.70383
3.53884
3.54261
3.5429
3.71877
3.70649
3.71131
3.47885
3.48158
3.48175
3.67753
3.66455
3.66939
3.50411
3.50754
3.50774
3.65963
3.64629
3.65107
3.20248
3.1969
3.19766
2.88118
2.8881
2.88399
2.88595
2.89278
2.88873
3.19607
3.19056
3.19132
3.16365
3.15833
3.15902
2.86282
2.87008
2.86578
2.8502
2.85761
2.85323
3.1775
3.1721
3.17281
3.20526
3.20716
3.20683
3.35294
3.33945
3.34379
3.14958
3.1513
3.15083
3.40087
3.38738
3.39182
2.99786
2.99984
2.99909
3.26517
3.25191
3.25617
3.06191
3.06395
3.06335
3.20913
3.19603
3.20017
2.97615
2.97122
2.97186
2.62983
2.63938
2.63424
2.66548
2.67479
2.6698
2.93933
2.93443
2.93504
2.82643
2.82157
2.82217
2.56175
2.57161
2.56641
2.51901
2.52911
2.52375
2.87055
2.86572
2.86635
2.53428
2.53804
2.53652
2.692
2.68068
2.68391
2.45149
2.45534
2.45364
2.76447
2.75341
2.75662
2.24713
2.25163
2.24968
2.57591
2.56546
2.56834
2.33393
2.33842
2.33657
2.50052
2.48992
2.49283
2.46193
2.45705
2.45766
2.10526
2.11595
2.11042
2.16348
2.17416
2.16873
2.4013
2.39622
2.39685
2.23825
2.23303
2.2337
2.00953
2.0202
2.01477
1.94808
1.95872
1.95324
2.30254
2.29755
2.29819
1.68944
1.6943
1.69204
1.91333
1.90163
1.90469
1.59637
1.59993
1.59798
1.98794
1.97742
1.98022
1.3747
1.37379
1.37418
1.797
1.78521
1.78839
1.47026
1.47382
1.47204
1.72603
1.71226
1.71614
1.78272
1.77707
1.77789
1.4614
1.47028
1.46555
1.51875
1.52827
1.52336
1.72008
1.71412
1.71492
1.55124
1.54533
1.54601
1.3557
1.36431
1.35974
1.31121
1.31859
1.3143
1.60147
1.59568
1.59652
2.07821
2.32299
2.20353
2.661
2.66263
2.66174
2.57538
2.57779
2.5763
2.51753
2.52026
2.51893
2.84792
2.85422
2.85138
2.63633
2.6402
2.63805
2.69076
2.69545
2.69311
3.15652
3.17512
3.16746
3.01551
3.02886
3.02329
2.96643
2.97904
2.97347
3.34016
3.35575
3.34915
3.07032
3.08357
3.07789
3.11791
3.12961
3.12482
3.49864
3.51235
3.50666
3.27272
3.28439
3.27964
3.26663
3.27855
3.27368
3.4995
3.51153
3.50657
3.27781
3.28931
3.28471
3.27212
3.28293
3.27869
3.37241
3.38156
3.37762
3.10962
3.11886
3.11514
3.15481
3.16425
3.16049
3.21591
3.22346
3.21997
3.06168
3.07099
3.06717
3.00584
3.01478
3.01103
2.85159
2.8576
2.85456
2.58307
2.59039
2.5871
2.66455
2.67233
2.66887
2.57979
2.58459
2.58197
2.49988
2.50707
2.5038
2.4116
2.41834
2.41523
2.07121
2.07378
2.07231
1.83165
1.83646
1.83422
1.93456
1.93999
1.93751
1.7358
1.73633
1.73592
1.72805
1.73257
1.7305
1.62117
1.62498
1.62322
0.943919
0.94258
0.942965
1.13665
1.13182
1.13356
1.05654
1.05631
1.05618
2.07757
2.08094
2.02387
2.02473
2.02485
2.14542
2.14587
2.40078
2.33162
2.33284
2.27204
2.27204
2.09405
2.08935
2.09117
2.2628
2.26312
2.26309
2.20319
2.20679
2.58511
2.58801
2.39431
2.39554
2.39539
2.45847
2.45538
2.45561
2.50234
2.50388
2.50264
2.30872
2.31083
2.30942
2.44598
2.44736
2.44616
2.32261
2.32429
2.32347
2.24846
2.25057
2.24919
2.38034
2.38179
2.38091
2.91443
2.92268
2.91902
2.80184
2.80909
2.80573
2.74917
2.75535
2.75236
2.56572
2.56756
2.56629
2.4685
2.47041
2.46918
2.61961
2.62168
2.62051
2.73342
2.73618
2.73465
2.52407
2.5262
2.52495
2.68168
2.68421
2.68289
3.08903
3.10625
3.09871
2.85974
2.86889
2.86484
2.91015
2.92096
2.91609
2.93508
2.94135
2.93813
2.71696
2.72105
2.71912
2.8917
2.89723
2.89424
2.79106
2.79457
2.79261
2.66897
2.67223
2.67041
2.83896
2.84322
2.84085
3.39393
3.40857
3.40248
3.19932
3.21057
3.20549
3.16556
3.17702
3.17229
2.98343
2.99038
2.98715
2.82769
2.83441
2.83065
3.02144
3.02876
3.02533
3.09189
3.09992
3.09616
2.86247
2.86997
2.86574
3.06307
3.07091
3.06701
3.48211
3.49582
3.49009
3.23103
3.24242
3.23752
3.24926
3.26078
3.25611
3.15935
3.16713
3.16399
2.93867
2.94778
2.94327
3.1557
3.16404
3.16032
3.12224
3.1305
3.12672
2.92346
2.93238
2.92793
3.13907
3.14737
3.14352
3.48965
3.50119
3.49643
3.24521
3.25514
3.25127
3.26414
3.27462
3.27053
3.16542
3.17238
3.16976
2.93963
2.94684
2.9436
3.15983
3.16594
3.16374
3.1339
3.13921
3.13727
2.94203
2.93897
3.15344
3.15914
3.15706
3.41036
3.41987
3.41585
3.22302
3.23286
3.22899
3.19064
3.20006
3.19633
2.99895
3.0041
3.00208
3.04469
3.04988
3.04784
3.11285
3.1181
3.11612
3.07946
3.08458
3.08262
3.154
3.16129
3.15787
2.88216
2.89058
2.88696
2.94746
2.95634
2.95259
2.95204
2.95737
2.95524
2.89531
2.90066
2.89849
2.77164
2.7772
2.77489
2.83795
2.84349
2.84119
2.93306
2.93919
2.93611
2.81444
2.82276
2.81914
2.74054
2.74842
2.74495
2.47523
2.48071
2.47843
2.55681
2.56245
2.56009
2.70532
2.71101
2.70864
2.63088
2.63647
2.63413
2.48402
2.48856
2.48608
2.22778
2.23399
2.23109
2.32192
2.32858
2.32551
2.39435
2.39983
2.39757
2.30659
2.31184
2.30967
2.12659
2.13157
2.12956
2.21981
2.22502
2.22287
2.17736
2.18029
2.1786
2.13286
2.13896
2.13613
2.034
2.03961
2.03702
1.7397
1.74373
1.74226
1.8411
1.84555
1.84386
2.03481
2.03971
2.03772
1.93711
1.94172
1.93992
1.62066
1.62052
1.6204
1.40304
1.40548
1.40428
1.51317
1.51653
1.51496
1.64012
1.64384
1.64252
1.53548
1.53866
1.53762
1.3251
1.32703
1.32653
1.43249
1.43512
1.43425
0.890231
0.888533
0.88938
0.995848
0.995102
0.995618
1.26272
1.25908
1.26032
1.28989
1.29168
1.29073
1.1771
1.17779
1.17729
1.21817
1.21932
1.2191
1.1094
1.10975
1.10989
2.8637
2.87058
2.86784
3.38113
3.40035
3.39338
3.61675
3.63479
3.62766
3.39419
3.40506
3.40007
2.78669
2.79353
2.78958
1.95248
1.95457
1.95263
0.952441
0.944962
0.94711
2.8224
2.8274
2.82506
3.33287
3.35353
3.34646
3.63106
3.65015
3.64259
3.4585
3.47007
3.46487
2.88398
2.89139
2.88723
2.06829
2.07099
2.06871
1.09368
1.08595
1.08778
2.74479
2.74913
2.74721
2.8145
2.81993
2.81754
3.2383
3.25751
3.25012
3.30434
3.32267
3.31509
3.52055
3.53417
3.52855
3.52347
3.53671
3.53124
3.33633
3.34509
3.34121
3.28519
3.2936
3.28981
2.76937
2.77509
2.7721
2.67928
2.68485
2.68193
1.96358
1.96544
1.96431
1.85242
1.85381
1.85301
1.01723
1.01112
1.01325
1.92346
2.09813
1.96266
1.96686
1.96589
1.7278
1.73282
1.86248
1.86749
2.43257
3.02524
3.04452
3.03705
3.32093
3.6049
3.62031
3.61991
3.53234
3.55065
3.54344
4.07462
4.0866
4.08392
4.20933
4.22115
4.21846
3.58656
3.60111
3.5952
4.26733
4.27582
4.27423
4.18526
4.19244
4.19119
3.20078
3.21008
3.20543
3.90488
3.90923
3.90855
3.66041
3.66263
3.66252
2.49314
2.49816
2.49489
3.16721
3.16647
3.16719
2.8258
2.82302
2.82446
1.60026
1.59931
1.59848
2.20576
2.19774
2.20114
1.80065
1.78632
1.79202
0.547852
0.540934
0.543511
1.21683
1.13957
0.706629
2.61333
3.19864
3.11726
3.13999
3.13104
4.03421
4.04566
4.04386
3.75986
3.77454
3.7729
3.38259
3.67093
3.68374
3.68317
4.00827
4.02777
4.02657
3.76251
3.78006
3.77926
3.58595
3.606
3.59797
4.30071
4.3099
4.30816
4.27634
4.28728
4.28465
4.0909
4.11126
4.10971
4.25629
4.27625
4.27519
4.35556
4.37315
4.37229
4.3003
4.31988
4.31878
3.57957
3.59353
3.58771
3.98959
3.99479
3.9939
4.16661
4.1736
4.17251
4.35994
4.37695
4.37619
4.30601
4.32093
4.32013
4.12531
4.1364
4.13607
4.27516
4.28915
4.28834
3.13559
3.14495
3.1402
3.28114
3.28114
3.28164
3.58305
3.58484
3.58484
4.06453
4.0743
4.07413
3.83747
3.84342
3.84379
3.46554
3.46667
3.46797
3.75336
3.75803
3.75862
2.39503
2.39967
2.39654
2.33865
2.33192
2.33488
2.71376
2.71006
2.71186
3.36381
3.36383
3.36537
3.03277
3.03001
3.0322
2.56723
2.56012
2.56313
2.91998
2.91629
2.91867
1.47699
1.47508
1.47465
1.20747
1.19006
1.66483
1.64614
1.65328
2.44733
2.43882
2.44205
2.11388
2.09684
2.10088
1.8494
1.77286
1.99154
1.9664
1.97265
0.332463
0.323243
0.327374
1.32389
2.08631
2.39387
2.35081
2.38959
2.39446
2.3931
2.09009
2.09289
2.92137
2.93069
2.92671
3.03728
3.04481
3.04307
3.10196
3.11485
3.11051
3.44083
3.45889
3.45216
3.6569
3.67624
3.66953
3.71153
3.73105
3.72446
3.61277
3.62949
3.62283
3.87166
3.88912
3.88295
3.86279
3.87873
3.87317
3.33471
3.34491
3.34007
3.60296
3.61147
3.60828
3.53612
3.54392
3.54095
2.69152
2.69763
2.69392
2.94481
2.94742
2.94601
2.84172
2.84385
2.84264
1.83722
1.83833
1.83672
2.04989
2.04724
2.04791
1.92495
1.92106
1.92221
0.805239
0.797974
0.800937
1.00424
0.987508
0.993417
0.957039
0.855389
0.911039
2.11954
2.7633
2.76631
2.99398
2.99708
2.93454
2.93237
3.26247
3.28483
3.27685
3.61103
3.63104
3.6247
3.53535
3.55647
3.5499
3.62322
3.64324
3.6353
3.89112
3.90994
3.90328
3.88622
3.9064
3.89922
3.5065
3.51888
3.51347
3.67456
3.68388
3.68043
3.73019
3.74035
3.73666
2.9725
2.98065
2.97627
3.04846
3.05167
3.05006
3.14499
3.14874
3.14695
2.17989
2.18335
2.18073
2.17298
2.17134
2.17163
2.29383
2.29302
2.29296
1.21986
1.21521
1.21602
1.13799
1.12107
1.12765
1.27262
1.25904
1.26377
-0.137112
-0.142856
-0.136379
-0.11151
-0.118435
3.29388
3.44287
2.59082
2.59921
2.5942
2.78981
2.79064
2.78938
2.76293
2.76393
2.76238
2.61408
2.62209
2.61727
1.4343
0.717668
0.874584
1.83161
1.72711
1.11567
1.11901
1.11542
1.16017
1.15528
1.15675
1.22066
1.21802
1.21759
1.04676
1.04915
1.04686
-0.0465078
-0.00177042
-0.00694005
2.15673
2.22171
2.26906
2.08614
2.1486
2.19327
0.00309718
0.0460792
0.0422429
1.7879
1.79014
1.78871
1.64673
1.65151
1.65023
1.89124
1.89237
1.8913
1.78352
1.78669
1.78445
1.5456
1.54875
1.54742
2.60161
2.60985
2.60487
2.79351
2.79431
2.79307
2.76652
2.76751
2.76595
2.6253
2.63315
2.6284
3.25244
3.40206
2.64598
2.65271
2.64885
2.81682
2.81589
2.81563
2.6362
2.64251
2.63865
2.83643
2.83568
2.83567
2.76217
2.76917
2.76554
3.02792
3.02518
3.0272
2.76974
2.77703
2.77334
3.01
3.00754
3.00925
3.6678
3.64378
3.5452
3.84314
4.19211
4.19553
4.20416
4.41992
4.42973
4.43289
4.27729
4.27999
4.2892
2.81318
2.82087
2.81704
3.07213
3.06902
3.07133
2.80623
2.8137
2.80996
3.08724
3.08371
3.08638
2.90259
2.91149
2.9068
3.20124
3.19513
3.19801
2.90262
2.91152
2.90679
3.19931
3.19345
3.19623
4.44681
4.44905
4.45718
4.3783
4.38062
4.38923
4.53211
4.54266
4.54431
4.68568
4.68483
4.69221
4.6018
4.60928
4.61156
4.69253
4.69086
4.69826
4.61967
4.62797
4.63025
2.90648
2.91562
2.91076
3.21068
3.2041
3.20705
2.91163
2.92067
2.91582
3.20554
3.19883
3.20172
2.833
2.84149
2.83711
3.09059
3.08367
3.0876
2.81012
2.8187
2.81431
3.11636
3.10921
3.11337
4.68821
4.68463
4.69214
4.58151
4.58821
4.5905
4.70116
4.69854
4.70595
4.54607
4.55199
4.55431
4.51825
4.50894
4.51711
4.45403
4.44377
4.45211
2.74116
2.74945
2.74522
3.04682
3.03961
3.04348
2.77087
2.77908
2.7749
3.01315
3.00605
3.00972
2.48081
2.48781
2.48407
2.66837
2.66086
2.66404
2.4311
2.43808
2.43426
2.72388
2.71613
2.71954
4.313
4.30088
4.30952
4.39116
4.37983
4.38831
4.01833
4.01784
4.02129
3.85867
3.84365
3.85264
3.38704
3.38341
3.38805
3.74888
3.73381
3.74285
3.50397
3.50075
3.50517
2.29866
2.30514
2.30147
2.58403
2.57635
2.57959
2.35384
2.36038
2.35672
2.52279
2.51527
2.51834
1.9086
1.91352
1.91018
2.02558
2.01873
2.02119
1.84292
1.84769
1.84433
2.09787
2.09092
2.09354
3.52648
3.51132
3.52034
3.64286
3.6276
3.63661
3.14594
3.14155
3.14667
2.93745
2.92264
2.93122
2.34681
2.34067
2.34813
2.81416
2.7994
2.80785
2.48882
2.48287
2.48983
1.67995
1.68415
1.68097
1.92056
1.91391
1.91635
1.74553
1.74986
1.74669
1.84806
1.84162
1.84385
1.23241
1.23474
1.23221
1.33764
1.33271
1.33363
1.2168
1.21916
1.21613
1.36124
1.35539
1.35722
2.5753
2.55968
2.56808
2.69791
2.68291
2.69124
2.05574
2.04906
2.05726
2.07316
1.92072
2.00717
1.17477
1.08669
1.78075
1.78417
1.11497
1.11818
1.11461
1.15795
1.153
1.15454
1.21819
1.21548
1.21512
1.04647
1.04869
1.04643
-0.0459864
-0.0013361
-0.00652614
2.14993
2.21456
2.26177
0.00312276
0.0459889
0.042155
2.08242
2.14465
2.18917
1.43109
1.82596
1.72232
0.874644
1.78603
1.78844
1.78693
1.64307
1.64783
1.64656
1.88841
1.88948
1.88845
1.53644
1.53948
1.53816
1.77497
1.77814
1.77589
3.71299
3.68968
3.7472
3.58985
4.24177
4.24511
4.25405
4.3987
4.40921
4.41348
4.32752
4.33014
4.33949
2.63416
2.64106
2.63713
2.81352
2.81262
2.81233
2.62499
2.63145
2.62753
2.83307
2.83233
2.83231
2.75021
2.75741
2.75371
3.0261
3.02334
3.02531
3.00811
3.00573
3.00733
2.75771
2.7652
2.76146
4.49675
4.49901
4.5073
4.53262
4.54338
4.54557
4.57152
4.5819
4.58373
4.42823
4.43067
4.43919
4.72972
4.72884
4.73629
4.65174
4.66002
4.66239
4.73485
4.73315
4.74059
2.80165
2.80952
2.80565
3.07087
3.0677
3.06999
3.08611
3.08252
3.08516
2.79461
2.80225
2.79848
2.89323
2.9024
2.8976
3.20239
3.19636
3.19898
3.20035
3.19455
3.19708
2.89365
2.90285
2.898
4.72687
4.72319
4.73076
4.74176
4.73906
4.74653
4.54765
4.53811
4.54639
4.28792
4.28945
4.29243
4.48159
4.4711
4.47955
2.89825
2.90775
2.90269
3.21207
3.20558
3.20824
3.20703
3.20039
3.20297
2.90299
2.91235
2.90735
2.82651
2.83541
2.83086
3.0928
3.08607
3.08977
3.11837
3.11142
3.11535
2.80404
2.81303
2.80848
4.33721
4.32483
4.3336
4.1254
4.12545
4.1288
4.41712
4.40555
4.41415
3.87592
3.86059
3.8697
3.51399
3.51065
3.51517
3.76484
3.74948
3.75864
2.73578
2.74449
2.7401
3.0489
3.04185
3.04552
3.01544
3.00851
3.01198
2.76508
2.77371
2.76936
2.47708
2.48453
2.48063
2.67122
2.66386
2.66685
2.72654
2.71896
2.72215
2.42785
2.43525
2.43128
3.54029
3.52487
3.534
3.1532
3.1487
3.15394
3.65779
3.64225
3.65139
2.94742
2.93246
2.94114
2.49231
2.48627
2.49336
2.82338
2.8085
2.81703
2.29604
2.30292
2.29911
2.58679
2.57924
2.58229
2.52576
2.5184
2.52127
2.35076
2.35771
2.35393
1.90723
1.91253
1.90909
2.02862
2.02189
2.0242
2.10074
2.09388
2.09633
1.84198
1.84711
1.84367
2.58333
2.56758
2.57607
2.70657
2.69144
2.69986
2.07931
1.9254
2.01266
1.78544
1.78892
1.67945
1.68397
1.68071
1.92336
1.91681
1.91907
1.85102
1.84469
1.84678
1.74461
1.74929
1.74603
1.2325
1.23504
1.23246
1.34018
1.33532
1.33615
1.21722
1.21975
1.21668
1.36362
1.35786
1.35959
2.47049
2.47271
2.54812
2.54795
2.9942
3.00613
3.00084
3.05483
3.0706
3.06363
3.45045
3.46463
3.4584
3.48319
3.49741
3.49128
3.4829
3.49399
3.48938
3.45808
3.4687
3.46424
3.09294
3.09988
3.09652
3.01971
3.02655
3.0232
2.38753
2.39148
2.38924
2.28611
2.28978
2.28773
1.50376
1.50265
1.50292
1.38355
1.38147
1.38212
1.89519
1.84417
1.84931
1.84756
1.97699
1.97852
1.97736
1.87898
1.88334
1.88083
2.00098
2.00701
2.00307
2.43875
2.97549
2.99057
2.98473
3.23695
3.25799
3.25092
3.16777
3.18611
3.18014
3.11977
3.13462
3.4167
3.42651
3.20135
3.216
3.33399
3.35319
3.34838
3.52553
3.54232
3.26826
3.28556
3.28237
3.49502
3.51302
3.50631
3.79175
3.81364
3.80579
3.76025
3.78127
3.77419
3.75832
3.77678
3.77205
4.12201
4.13539
4.13204
3.8098
3.82974
3.82457
3.90032
3.92151
3.91526
4.17617
4.18892
4.18595
3.86377
3.88478
3.87908
3.605
3.6208
3.61445
3.82634
3.83966
3.83499
3.85118
3.86584
3.86074
4.00977
4.02546
4.02082
4.24643
4.25447
4.25302
4.0028
4.01724
4.01304
3.96942
3.98146
3.97793
4.2228
4.23033
4.22899
3.99347
4.00662
4.0028
3.27146
3.28133
3.27652
3.39015
3.39649
3.39394
3.46757
3.47466
3.47187
3.75117
3.75778
3.75534
3.82738
3.83102
3.83052
3.68454
3.69034
3.68804
3.539
3.54326
3.54121
3.74848
3.75133
3.75104
3.61679
3.62172
3.61959
2.59459
2.6003
2.59675
2.62936
2.63052
2.6297
2.73891
2.74053
2.73951
3.08968
3.09032
3.08893
3.05536
3.05399
3.0549
2.9857
2.98571
2.98445
2.77008
2.76924
2.76824
2.94353
2.94148
2.94264
2.8814
2.88097
2.87982
1.71947
1.71978
1.71851
1.66899
1.6621
1.66448
1.79949
1.79419
1.7959
2.19314
2.18775
2.1884
2.07472
2.06492
2.0689
2.07203
2.06532
2.06643
1.82592
1.81538
1.81777
1.93958
1.92753
1.93232
1.94653
1.93787
1.93962
0.67975
0.668692
0.672094
0.555825
0.545561
0.782123
0.779835
1.14288
1.13907
0.89392
0.855294
0.840945
0.543746
1.23588
1.05985
0.985621
2.06831
2.01548
2.67934
2.6796
2.71477
2.84778
3.06595
3.07082
3.07363
3.00226
2.82903
3.18427
3.2073
3.19831
3.35889
3.38114
3.37362
3.44271
3.46451
3.45732
3.71463
3.73313
3.72898
3.95773
3.97011
3.96838
3.63835
3.65787
3.6538
3.46127
3.48189
3.47638
3.85429
3.86742
3.86535
3.54291
3.56307
3.55823
3.57346
3.8902
3.63941
3.64653
4.10013
4.10937
4.11985
4.01785
4.01699
4.46201
4.47202
4.47507
3.93481
3.9541
3.95304
3.83602
3.8547
3.85454
4.21797
4.22987
4.23658
4.29973
4.3107
4.31696
3.60492
3.62514
3.61713
3.85014
3.87221
3.86431
3.8678
3.88899
3.88141
4.02937
4.04656
4.04147
4.30468
4.31427
4.31233
4.02053
4.03912
4.03349
3.97198
3.99285
3.98649
4.29104
4.30127
4.29899
3.99566
4.01561
4.00945
4.15039
4.17002
4.16834
4.21541
4.23504
4.23369
4.63378
4.64387
4.6463
4.61482
4.62504
4.62768
4.63232
4.63978
4.64214
4.34904
4.3672
4.36625
4.3248
4.3437
4.34257
3.54529
3.55822
3.5527
3.81641
3.8286
3.82425
3.77464
3.78566
3.78171
3.82485
3.83242
3.82973
4.05672
4.06253
4.06155
3.88007
3.88861
3.88582
3.96453
3.97553
3.97227
4.11289
4.11937
4.11832
3.92323
3.93305
3.93003
4.61029
4.61701
4.61935
4.34847
4.36488
4.36414
4.57325
4.57913
4.58154
4.3342
4.3499
4.34914
4.20795
4.20873
4.2119
4.1839
4.19611
4.19556
4.23109
4.24422
4.24348
4.42484
4.4281
4.4308
4.35779
4.36018
4.36303
3.05538
3.06395
3.05945
3.32191
3.32721
3.32493
3.23383
3.2382
3.23623
3.19589
3.19726
3.19566
3.3869
3.38755
3.38787
3.29372
3.29571
3.29401
3.47285
3.47642
3.47437
3.48524
3.48659
3.48671
3.38326
3.38606
3.38416
3.9933
4.00182
4.00181
4.03392
4.0333
4.03685
3.92009
3.92729
3.92746
3.83876
3.83693
3.84086
3.94033
3.93906
3.94279
3.39605
3.3923
3.39705
3.56697
3.56923
3.57029
3.66065
3.66412
3.66495
3.73566
3.73328
3.73739
3.62531
3.62245
3.62678
2.28787
2.29183
2.289
2.52487
2.52548
2.52484
2.40904
2.40898
2.40864
2.31679
2.31261
2.31282
2.46661
2.46099
2.46353
2.43617
2.43292
2.43277
2.66664
2.66505
2.66429
2.59034
2.58578
2.58792
2.55078
2.54847
2.548
3.27771
3.27355
3.27853
3.25502
3.25407
3.25585
3.14673
3.14493
3.14693
3.02854
3.02372
3.02924
2.34988
2.34365
2.35123
2.68612
2.68028
2.68308
2.8026
2.79789
2.80048
1.35384
1.35016
1.35026
1.53835
1.52993
1.53285
1.40305
1.39264
1.39621
1.36338
1.25982
1.31307
1.45505
1.35038
1.40737
1.40826
1.39233
1.39914
1.69196
1.67874
1.68189
1.5034
1.48635
1.49418
1.57853
1.56093
1.5662
2.20267
2.19616
2.20421
2.3318
2.32159
2.32492
2.05803
2.05128
2.05957
2.21062
2.19786
2.20161
1.1748
1.08624
1.77135
1.6869
1.72916
1.15486
1.06058
1.11842
1.92596
1.89822
1.90401
1.55704
1.54353
1.55438
1.43283
1.42311
1.43265
0.330749
0.323077
0.326185
0.423984
0.414011
0.348576
0.345902
-0.0243016
0.657738
0.432144
1.94958
2.60864
2.8943
2.86953
2.82979
2.69973
2.69437
2.52122
2.54015
2.53364
2.71947
2.73152
2.72771
2.65926
2.67225
2.6711
2.50294
2.51409
2.5118
2.68904
2.69819
2.69638
2.65859
2.66429
2.6591
2.41819
2.42228
2.39294
2.40331
2.67966
2.68575
2.6804
2.61931
2.62813
2.62241
2.71419
2.72411
2.72104
2.54935
2.56584
2.55983
2.77755
2.78111
2.77776
1.97011
1.53617
0.853403
0.85594
1.44512
1.43946
1.43932
1.40176
1.31702
1.36382
1.10053
1.11544
3.03337
0.271803
1.28514
1.28164
1.28115
1.0356
1.03869
1.03796
1.15161
1.07087
1.1197
1.21845
1.21332
1.21412
0.8239
0.825998
0.824512
1.18208
1.1824
1.17973
1.09506
1.10074
1.09521
0.91895
0.914676
0.916349
0.00436726
0.0527189
0.0458177
2.22547
2.35182
-0.0738134
0.00813257
2.32868
2.40075
2.44954
1.25405
1.26268
1.26025
0.574265
0.575643
0.577395
0.497301
0.503865
0.502946
1.32463
1.33112
1.33018
1.34584
1.34495
1.45966
1.46031
1.45892
1.37323
1.37653
1.51874
1.5223
1.51943
1.42397
1.42977
1.42587
1.57528
1.45188
1.45557
1.566
1.56789
1.67788
1.68437
1.81528
1.81861
1.81594
1.59235
1.59671
1.59437
1.83458
1.64758
1.88719
2.07307
2.0761
2.07357
1.93969
1.94254
2.18919
2.19133
2.19002
2.25934
2.2605
2.26016
2.26392
2.27112
2.26707
2.12889
2.5265
2.54516
2.5389
2.6633
2.67634
2.67528
2.51367
2.52477
2.52264
2.82999
2.83744
2.83763
2.69899
2.70805
2.70636
2.62994
2.63857
2.63288
2.71792
2.7277
2.72468
2.78113
2.78465
2.7813
2.55999
2.57629
2.57035
2.6591
2.66473
2.65953
2.42371
2.42793
2.39876
2.40902
2.68
2.68603
2.68069
2.58446
2.8728
2.8482
2.80838
2.67614
2.67078
2.67436
2.68052
2.67691
2.89646
2.89482
2.89565
2.68124
2.68789
2.6842
2.8774
2.8757
2.8763
2.73243
2.72881
2.72902
2.44832
2.43936
2.44421
2.72137
2.71713
2.71751
2.44088
2.44702
2.44323
2.72402
2.73094
2.72729
2.94351
2.94138
2.94255
2.71688
2.72342
2.71982
2.96234
2.96021
2.96162
2.94157
2.93504
2.93687
2.63654
2.64256
2.63961
2.62636
2.63235
2.62931
2.95714
2.95075
2.95261
2.82702
2.8258
2.9221
2.90703
2.91321
2.75979
2.76086
2.94889
2.95017
2.94803
3.76679
3.76141
3.85569
3.85714
3.86657
3.23037
3.23908
3.24005
3.37901
3.37116
3.37518
3.34082
3.33393
3.3376
3.26857
3.27774
3.2784
4.0751
4.0788
4.08627
4.17366
4.18567
4.19234
3.98139
3.98505
3.99265
2.84601
2.85394
2.85
3.13833
3.1333
3.13625
2.85169
2.8598
2.8557
3.12615
3.12204
3.12492
3.03134
3.02494
3.02678
2.69898
2.70484
2.70194
3.01595
3.00955
3.01139
2.71267
2.71831
2.71549
2.88273
2.89113
2.88676
3.17017
3.16481
3.16751
2.87913
2.88734
2.88311
3.17762
3.17198
3.17471
3.17803
3.17242
3.17354
2.8692
2.87578
2.87204
2.86133
2.86776
2.8643
3.18554
3.17983
3.18094
3.38231
3.39078
3.39207
3.46325
3.4558
3.4596
3.34845
3.35785
3.35883
3.50105
3.4932
3.49715
4.52539
4.52685
4.53519
4.59696
4.60691
4.60924
4.57375
4.57479
4.58291
4.57723
4.58745
4.58982
3.5445
3.55129
3.55155
3.70385
3.69314
3.69748
3.68923
3.67922
3.68341
3.55198
3.55799
3.55835
4.6549
4.65492
4.66223
4.61882
4.62847
4.6307
4.62738
4.62819
4.63549
2.90318
2.9121
2.90736
3.18653
3.17904
3.18281
2.8926
2.9016
2.89687
3.20008
3.1925
3.19582
3.19897
3.19348
3.19419
2.88157
2.88846
2.88442
3.19826
3.19273
3.19357
2.88374
2.89061
2.88657
2.86064
2.86949
2.86492
3.16685
3.15958
3.16377
2.87702
2.88574
2.88117
3.14777
3.14087
3.14501
3.12515
3.12003
3.12069
2.79298
2.80131
2.7966
2.8135
2.82158
2.81698
3.1037
3.09866
3.09931
3.54994
3.55483
3.55515
3.70718
3.6961
3.7006
3.55272
3.55834
3.55863
3.71166
3.69996
3.70458
4.6764
4.67166
4.67926
4.45651
4.46073
4.46323
4.64504
4.63917
4.6469
3.41164
3.41423
3.41425
3.56273
3.54916
3.55376
3.5906
3.57729
3.58196
3.3763
3.37836
3.37832
4.56595
4.55781
4.56584
4.40225
4.40559
4.40821
4.6146
4.60749
4.61534
4.33666
4.33916
4.34193
2.69088
2.69877
2.69476
2.91586
2.90848
2.91199
2.65415
2.66206
2.65798
2.95741
2.94985
2.95356
3.02908
3.02419
3.02483
2.74765
2.75647
2.75166
3.05815
3.05321
3.05386
2.71932
2.72849
2.72351
2.55033
2.55782
2.55388
2.84912
2.84139
2.84496
2.59377
2.60124
2.59738
2.80019
2.79274
2.79609
2.74416
2.73944
2.74005
2.39023
2.40091
2.39537
2.43923
2.44974
2.44432
2.69365
2.68882
2.68944
3.26734
3.26907
3.26882
3.49933
3.48589
3.4904
3.31303
3.31508
3.31494
3.46134
3.44779
3.45222
4.23661
4.22357
4.23232
3.8256
3.8239
3.82773
4.1461
4.13247
4.14134
2.88989
2.89236
2.89143
3.0372
3.02475
3.02857
3.09956
3.08709
3.09092
2.81912
2.82166
2.82056
3.95685
3.94221
3.95118
4.05791
4.04357
4.05249
2.21484
2.22088
2.21728
2.36561
2.35819
2.36107
2.15495
2.16088
2.15728
2.43168
2.42417
2.42722
2.55143
2.54654
2.54715
2.30601
2.3167
2.31125
2.60742
2.6027
2.60331
2.25204
2.26281
2.25725
2.00225
2.00769
2.00419
2.26895
2.26173
2.26455
2.06578
2.0713
2.06779
2.19904
2.19195
2.19461
2.13147
2.1263
2.12701
1.78375
1.79424
1.78888
1.84675
1.85739
1.85202
2.06489
2.05943
2.06015
2.63762
2.64078
2.63935
2.93325
2.92144
2.92496
2.71462
2.71769
2.71643
2.86515
2.85337
2.85688
3.41462
3.3994
3.40834
2.8923
2.88731
2.89303
3.29362
3.27861
3.28749
3.02204
3.01732
3.02272
2.11983
2.12464
2.12255
2.29707
2.28681
2.2895
2.37355
2.36364
2.36634
2.03027
2.03489
2.03274
3.05447
3.03976
3.04848
2.76206
2.75673
2.76281
3.17796
3.16299
3.17177
2.62633
2.62075
2.62723
1.57814
1.58179
1.5788
1.66981
1.66379
1.66581
1.51661
1.52008
1.51705
1.73848
1.7321
1.73437
1.89117
1.88558
1.88639
1.68239
1.69272
1.68756
1.95772
1.95238
1.95315
1.62023
1.63021
1.62507
1.35925
1.36231
1.35935
1.55283
1.54685
1.54888
1.40773
1.41087
1.40808
1.49681
1.49148
1.49312
1.41218
1.40614
1.40704
1.18175
1.18311
1.18101
1.19415
1.20078
1.19693
1.39446
1.38861
1.38899
1.81311
1.81789
1.81558
2.17751
2.16759
2.17017
1.90498
1.91011
1.90785
2.10108
2.09062
2.0933
2.46306
2.44577
2.45444
2.34024
2.31897
2.32854
1.24588
1.24876
1.25038
1.53878
1.51986
1.5262
1.60978
1.59587
1.59994
1.2034
1.09514
1.15943
2.08053
2.05003
2.06538
1.55632
1.54292
1.55368
2.24589
2.2146
2.22708
1.43232
1.42268
1.43213
0.823511
0.825494
0.824012
1.17943
1.17972
1.17709
0.916996
0.912686
0.914402
1.09399
1.0996
1.09407
1.28228
1.27881
1.27832
1.03333
1.03646
1.03574
1.21574
1.21063
1.21145
1.14882
1.06829
1.11705
1.25234
1.26092
1.25845
0.572911
0.574264
0.576041
1.32119
1.32763
1.32669
0.497063
0.503573
0.50264
0.00382673
0.0521337
0.0452521
2.21926
2.34541
-0.0744871
0.00722673
2.32419
2.39625
2.44502
0.853332
0.855696
1.43978
1.43414
1.434
1.09858
1.11324
1.39668
1.31226
1.35897
1.96016
1.53005
3.0191
0.268974
1.52606
1.33561
1.33471
1.45012
1.45066
1.44932
1.27767
1.28324
1.43071
1.42659
1.37485
1.37833
1.51704
1.52048
1.51764
1.8415
1.65504
1.45263
1.45645
1.56576
1.56791
1.67727
1.68416
1.59198
1.59632
1.59394
2.14151
2.18554
2.18767
2.1864
2.24979
2.25096
2.2506
2.26005
2.2673
2.26314
1.93666
1.93978
3.81433
3.8093
3.90291
3.90523
3.91432
2.85395
2.85287
2.94707
2.93221
2.93839
2.78689
2.78823
2.97469
2.97583
2.97376
4.12459
4.12846
4.13596
4.03045
4.03421
4.04175
3.25778
3.26678
3.26765
3.40969
3.40168
3.40582
3.37023
3.36305
3.36682
3.29678
3.30612
3.30702
2.73413
2.73034
2.73063
2.44427
2.43546
2.44029
2.72261
2.71818
2.71866
2.43757
2.44365
2.43994
2.66262
2.66896
2.66528
2.89343
2.8918
2.8926
2.87448
2.87277
2.87334
2.66899
2.67584
2.67208
2.71183
2.71894
2.71521
2.94107
2.93897
2.94008
2.95991
2.9579
2.95919
2.70495
2.71169
2.708
2.94647
2.93978
2.94169
2.63982
2.64561
2.64282
2.6284
2.63419
2.63131
2.96254
2.95597
2.95792
4.57427
4.57583
4.58424
4.62178
4.62302
4.63095
3.40964
3.4183
3.41944
3.49272
3.48527
3.48906
3.37534
3.38472
3.38583
3.5309
3.52292
3.52707
4.70047
4.7005
4.70786
4.65402
4.66378
4.66612
4.65364
4.66276
4.66513
4.67423
4.67507
4.6824
3.56768
3.57451
3.57481
3.72956
3.71857
3.72306
3.71534
3.70508
3.7094
3.57479
3.58082
3.58121
2.83508
2.8432
2.83922
3.13806
3.13285
3.13579
3.12566
3.12143
3.1243
2.84094
2.84923
2.8451
3.03748
3.03097
3.03288
2.70265
2.70822
2.70551
3.02174
3.01523
3.01716
2.71711
2.72255
2.71988
2.87294
2.88166
2.87716
3.17062
3.1652
3.16774
3.17819
3.17275
3.17516
2.86909
2.87753
2.87322
3.18509
3.17932
3.1806
2.87464
2.88102
2.87737
2.86657
2.87276
2.86946
3.19248
3.18667
3.18789
4.71326
4.70838
4.71607
4.48059
4.48473
4.48731
4.53343
4.53843
4.5409
4.67986
4.67384
4.68165
3.57118
3.57606
3.57641
3.73165
3.7203
3.72495
3.57447
3.5801
3.58042
3.73556
3.72359
3.72835
4.59701
4.58867
4.5968
4.64767
4.64036
4.64831
3.42868
3.43123
3.4313
3.58103
3.56731
3.57201
3.6097
3.59616
3.60096
3.39266
3.39467
3.39469
2.89531
2.90462
2.89968
3.18823
3.18084
3.18434
3.20173
3.19429
3.19725
2.88513
2.89451
2.88959
3.20578
3.20019
3.20096
2.88671
2.89336
2.88947
3.205
3.1994
3.20027
2.88908
2.89572
2.89181
2.85386
2.86311
2.85838
3.16849
3.16132
3.16533
3.14963
3.14285
3.1468
2.86986
2.87898
2.87424
3.13078
3.12557
3.12624
2.79715
2.80526
2.80064
2.81769
2.82556
2.82105
3.1093
3.10417
3.10482
4.25934
4.24604
4.25492
4.16722
4.15333
4.16233
3.28205
3.28373
3.28353
3.51666
3.50299
3.50764
3.32844
3.33045
3.33036
3.47797
3.46418
3.46874
3.97526
3.96031
3.96942
4.0777
4.06309
4.07215
2.90066
2.9031
2.90223
3.04909
3.03649
3.0404
3.11213
3.09946
3.1034
2.82925
2.83176
2.83071
2.68579
2.69411
2.68993
2.91836
2.91117
2.91447
2.95964
2.9523
2.9558
2.64949
2.65783
2.65359
3.03417
3.0292
3.02983
2.75139
2.76003
2.7553
3.06329
3.05828
3.05893
2.72291
2.73191
2.727
2.54636
2.55428
2.55017
2.85163
2.84406
2.84742
2.80288
2.79559
2.79873
2.58934
2.59726
2.59323
2.74811
2.74332
2.74392
2.39286
2.4034
2.3979
2.44186
2.45223
2.44686
2.69756
2.69266
2.69327
3.42758
3.41211
3.42116
2.89798
2.8929
2.89875
3.30564
3.29039
3.29938
2.64636
2.64951
2.64813
2.94446
2.93248
2.9361
2.72397
2.72701
2.72581
2.87582
2.86389
2.86748
3.06497
3.05007
3.05888
2.76702
2.76161
2.76781
2.63065
2.62497
2.63158
3.18929
3.17409
3.18298
2.12537
2.13027
2.1282
2.30491
2.29456
2.2973
2.38171
2.3717
2.37446
2.03558
2.0402
2.03809
2.21239
2.21882
2.21512
2.36864
2.36137
2.36408
2.43456
2.42715
2.43003
2.15298
2.15929
2.1556
2.55514
2.55018
2.55079
2.30834
2.31891
2.31349
2.61113
2.60635
2.60695
2.25435
2.265
2.25947
2.0008
2.0066
2.00303
2.27182
2.26469
2.26734
2.20211
2.19515
2.19765
2.06387
2.06979
2.06619
2.13478
2.12958
2.13027
1.78569
1.79612
1.79077
1.84864
1.8592
1.85385
2.06827
2.06277
2.06348
2.47058
2.45314
2.46192
1.75637
1.74787
1.75675
1.89639
1.88859
1.89741
2.34721
2.32575
2.33543
1.81761
1.82234
1.82007
2.18489
2.17488
2.1775
1.90983
1.91493
1.91272
2.10822
2.09767
2.10039
2.08633
2.05549
2.07104
2.25256
2.22096
2.23358
1.24781
1.25071
1.25236
1.54423
1.52517
1.53157
1.2053
1.09626
1.16097
1.61532
1.60131
1.60542
1.57763
1.58159
1.57853
1.67265
1.6667
1.66858
1.74119
1.73491
1.73703
1.51648
1.52022
1.51713
1.89449
1.88886
1.88966
1.68418
1.69448
1.68931
1.96096
1.9556
1.95635
1.62214
1.63209
1.62694
1.41508
1.40902
1.4099
1.18404
1.18535
1.18325
1.39744
1.39156
1.39193
1.1962
1.2028
1.19894
1.35941
1.3627
1.35969
1.55537
1.54949
1.5514
1.49946
1.49418
1.49569
1.40755
1.41095
1.40809
2.09252
2.34892
2.22299
2.6867
2.68883
2.68772
2.59549
2.59829
2.5966
2.53705
2.54021
2.53864
2.87423
2.88084
2.87783
2.65675
2.66091
2.65861
2.71137
2.71629
2.71378
3.17921
3.19845
3.19068
3.03415
3.048
3.0422
2.98627
2.99916
2.99364
3.36005
3.37634
3.3695
3.0885
3.10219
3.09629
3.13446
3.147
3.14184
3.51638
3.53057
3.52469
3.28672
3.29902
3.29401
3.28106
3.29371
3.2885
3.51523
3.52764
3.52251
3.29135
3.3034
3.29855
3.28507
3.29641
3.29191
3.38417
3.39363
3.38954
3.11778
3.1276
3.12361
3.16376
3.17376
3.16975
3.22564
3.23342
3.22981
3.06955
3.07929
3.07527
3.01336
3.02264
3.01873
2.85764
2.86388
2.86071
2.58796
2.59552
2.5921
2.66989
2.67791
2.67433
2.58423
2.58918
2.58648
2.5043
2.51172
2.50834
2.41559
2.42255
2.41933
2.07391
2.07657
2.07507
1.83369
1.83865
1.83634
1.93693
1.9425
1.93996
1.73759
1.73818
1.73773
1.72988
1.73452
1.7324
1.62277
1.62669
1.62488
0.944315
0.943027
0.943386
1.13697
1.13222
1.13392
1.05716
1.05698
1.05681
2.0998
2.10354
2.16995
2.1704
2.42633
2.35004
2.35178
2.28819
2.28889
2.2868
2.28755
2.2874
2.22759
2.2313
2.61171
2.61488
2.41217
2.41392
2.41359
2.47795
2.47517
2.47524
2.5258
2.52753
2.52617
2.46965
2.47126
2.46989
2.34676
2.34861
2.34765
2.40449
2.40615
2.40507
2.94015
2.94882
2.94496
2.82267
2.83013
2.82672
2.76992
2.77632
2.77319
2.58852
2.59061
2.58917
2.64199
2.64429
2.64298
2.75476
2.75766
2.75611
2.70373
2.70643
2.70506
3.11306
3.1307
3.12307
2.88015
2.88949
2.88542
2.93036
2.94126
2.9364
2.95325
2.95975
2.95647
2.91104
2.91677
2.91371
2.81152
2.81521
2.81324
2.85887
2.86329
2.8609
3.41333
3.42865
3.42237
3.21465
3.22673
3.22131
3.18134
3.19369
3.18849
3.00097
3.00817
3.00481
3.0382
3.04582
3.04218
3.10676
3.11522
3.11121
3.0786
3.08686
3.08274
3.50046
3.51467
3.50874
3.24613
3.25821
3.25304
3.2642
3.27643
3.27141
3.17174
3.17993
3.17672
3.16832
3.1772
3.17336
3.1364
3.14521
3.14118
3.15232
3.16128
3.15721
3.50461
3.51652
3.51159
3.25662
3.26707
3.26297
3.27631
3.28734
3.28299
3.17782
3.18525
3.18248
3.17151
3.17808
3.17578
3.1441
3.14984
3.14778
3.16448
3.17063
3.16843
3.42283
3.43267
3.42848
3.23363
3.24397
3.23989
3.20046
3.21037
3.20643
3.00629
3.01185
3.00971
3.05276
3.05834
3.0562
3.12231
3.12797
3.12586
3.08814
3.09365
3.0916
3.16304
3.17055
3.16701
2.88878
2.89751
2.89374
2.9546
2.96378
2.95987
2.95861
2.96441
2.96209
2.90106
2.90693
2.90456
2.77647
2.78248
2.78001
2.84311
2.84917
2.84669
2.93984
2.94621
2.94301
2.82062
2.82922
2.82545
2.74627
2.75442
2.75081
2.47862
2.48444
2.48205
2.56039
2.56642
2.56393
2.7096
2.71575
2.71321
2.63497
2.64094
2.63847
2.4882
2.49284
2.4903
2.23105
2.23746
2.23446
2.32556
2.33242
2.32925
2.3973
2.40313
2.40076
2.3094
2.31495
2.31268
2.12891
2.13413
2.13205
2.22228
2.22778
2.22555
2.18036
2.18339
2.18166
2.13587
2.14214
2.13923
2.03666
2.04243
2.03976
1.74119
1.74539
1.74387
1.84277
1.84742
1.84567
2.03685
2.04197
2.03992
1.93895
1.94378
1.94191
1.62203
1.62198
1.62182
1.40418
1.4067
1.40546
1.51456
1.518
1.51639
1.64144
1.64531
1.64394
1.5366
1.53991
1.53884
1.32587
1.3279
1.32738
1.43342
1.43616
1.43527
0.890386
0.88876
0.889583
0.996301
0.995598
0.996102
1.26319
1.25962
1.26084
1.29084
1.29269
1.2917
1.17784
1.17859
1.17805
1.21871
1.21991
1.21964
1.10984
1.11028
1.1104
)
;

boundaryField
{
    Inlet
    {
        type            zeroGradient;
    }
    Outlet
    {
        type            fixedValue;
        value           uniform 0;
    }
    Wall
    {
        type            zeroGradient;
    }
    procBoundary8to5
    {
        type            processor;
        value           nonuniform List<scalar> 
1132
(
1.59969
1.47155
1.49717
1.49717
1.49717
0.412904
0.557007
0.227533
0.566604
0.626056
0.686175
0.343159
0.790789
0.709929
0.447717
0.438253
0.271505
-0.0421718
0.0548089
0.077987
0.0923631
0.0923631
0.297975
0.257912
0.110219
0.253218
0.271505
1.50224
1.28489
1.28489
1.48982
1.31432
1.58641
1.53617
1.44138
1.37438
1.59461
1.59087
1.51126
1.6386
1.46238
1.38916
1.38916
1.45498
1.57573
1.5031
1.5031
1.5031
1.5031
1.71766
1.66774
1.88437
1.69589
1.75351
1.91485
1.78704
0.295339
0.260998
0.245548
0.110319
0.0907713
0.27912
0.414069
0.555919
0.225583
0.567058
0.626279
0.685162
0.790863
0.710219
0.342562
0.44802
0.438721
0.27912
-0.0448803
0.0547922
0.0907713
0.0775367
1.53058
1.30528
1.613
1.28712
1.65356
1.54445
1.49999
1.28712
1.69554
1.69106
1.80805
1.80805
1.80805
1.65356
1.65356
1.65356
1.9715
1.87889
1.87889
1.79763
1.87349
1.86902
1.58847
1.50321
1.63692
1.4516
1.43756
1.37821
1.59471
1.3912
1.8213
1.8982
2.20201
2.14784
2.48467
2.43058
2.52503
2.54421
2.24829
2.34565
1.71796
1.86753
1.06303
1.2313
1.55364
1.73255
1.62323
1.69723
1.72374
1.61673
1.55819
1.69718
1.63467
1.54258
1.54334
1.7172
1.65676
1.6343
1.97515
2.06222
2.02565
1.93542
1.9531
2.04278
2.00495
2.17886
2.08165
2.13628
2.39117
2.23171
2.23879
2.17318
2.28644
2.36338
2.47044
2.42291
2.45051
2.60805
2.28239
2.3553
2.51684
2.55248
2.81651
2.66851
2.62678
2.59645
2.52294
2.54322
2.73727
2.72125
2.86814
2.96988
2.66554
2.68947
2.76054
2.76768
3.03457
3.0016
2.77955
2.78173
2.48494
2.42493
2.74433
2.76645
3.04013
2.99968
2.78396
2.77242
2.72734
2.69378
2.87079
2.98117
2.62197
2.66606
2.13489
2.00719
2.42187
2.48382
2.8293
2.65746
2.58388
2.53055
2.36749
2.29824
2.37602
2.5972
2.16162
2.23716
1.56093
1.39791
1.85888
1.94311
2.30117
2.04267
2.09509
2.01447
1.78381
1.69656
1.6698
1.95711
1.53045
1.61891
0.72836
0.892853
1.19469
1.28265
1.57557
1.26266
1.45117
1.36245
0.81767
0.866623
0.951013
1.11531
1.02915
1.15828
1.93086
1.7864
1.88057
2.07468
1.97679
2.2837
2.06745
2.12894
1.97553
2.20102
2.34195
2.14561
2.49341
2.29048
2.68296
2.36362
2.5465
2.48494
2.72947
2.43213
2.82157
2.52371
2.87972
2.54348
2.84992
2.73247
2.73247
2.7558
2.76396
3.02789
2.77669
2.77669
2.77796
2.7558
2.52507
2.54465
2.48525
2.42455
2.74262
2.76414
3.02789
3.02789
2.781
2.77023
2.98901
2.72569
2.69248
2.8621
2.62107
2.66477
2.97101
2.24762
2.34546
2.13454
2.00621
2.42148
2.48336
2.82109
2.58302
2.52995
2.65064
2.36731
2.29799
2.37076
2.16145
2.23694
2.59081
1.71686
1.86682
1.56017
1.39673
1.85884
1.94291
2.29638
2.09489
2.01436
2.03875
1.78374
1.6966
1.66698
1.53053
1.61877
1.95359
1.06211
1.23034
0.7281
0.891983
1.19501
1.28258
1.57302
1.45108
1.36255
1.26072
0.816568
0.866865
0.951216
1.11546
1.02932
1.15656
0.709929
0.580021
0.790789
0.626056
0.566604
0.410943
0.149435
-0.366865
0.351886
0.438253
0.447717
0.173827
1.36551
1.2877
1.46236
1.44479
1.40673
1.41388
1.58641
1.53617
1.53617
1.31001
1.27423
1.46238
1.6386
1.46704
1.59461
1.37438
1.37438
1.56193
1.50372
1.60106
1.52467
1.62969
1.68837
1.60169
1.83502
1.83933
1.83133
1.71571
1.78124
1.7343
1.86554
1.7201
0.710219
0.790863
0.579235
0.626279
0.567058
0.410326
0.149534
0.352506
-0.367453
0.438721
0.44802
0.173492
1.44301
1.42993
1.613
1.32216
1.54445
1.54445
1.28341
1.3557
1.46202
1.29093
1.74209
1.37821
1.86902
1.95118
1.87349
1.79763
1.84023
1.79763
1.4516
1.63692
1.45672
1.59471
1.56441
1.37821
1.93542
1.9531
2.06853
2.00495
2.11932
2.04278
2.17318
2.34156
2.23879
2.13628
2.08165
2.28236
2.3553
2.50041
2.28239
2.42291
2.47044
2.55949
2.59645
2.77363
2.62678
2.55248
2.51684
2.71602
2.68947
2.90252
2.66554
2.72125
2.73727
2.94509
2.78173
3.03388
2.77955
2.76768
2.76054
3.01485
2.77242
3.02892
2.78396
2.76645
2.74433
3.02264
2.66606
2.9162
2.62197
2.69378
2.72734
2.94658
2.53055
2.77365
2.58388
2.48382
2.42187
2.72231
2.23716
2.45613
2.16162
2.29824
2.36749
2.52432
2.01447
2.21494
2.09509
1.94311
1.85888
2.13429
1.61891
1.77068
1.53045
1.69656
1.78381
1.86059
1.36245
1.47059
1.45117
1.28265
1.19469
1.37191
0.866623
0.951013
0.93198
1.02915
1.04526
1.11531
1.91597
1.97704
1.94331
2.02761
2.05658
2.02246
2.25936
2.23453
2.20987
2.11738
2.17756
2.15773
2.30583
2.39251
2.33956
2.44571
2.44814
2.40907
2.60072
2.64371
2.58434
2.511
2.591
2.53035
2.6498
2.76095
2.65989
2.79902
2.70184
2.87917
2.86231
2.73247
2.73247
2.77796
2.77669
2.77796
2.76396
2.7558
2.76396
2.77023
2.781
3.01716
3.01716
2.76414
2.74262
3.0114
2.66477
2.62107
2.90703
2.69248
2.72569
2.93693
2.52995
2.58302
2.766
2.48336
2.42148
2.71505
2.23694
2.16145
2.45056
2.29799
2.36731
2.51831
2.01436
2.09489
2.21038
1.94291
1.85884
2.13016
1.61877
1.53053
1.76761
1.6966
1.78374
1.85725
1.36255
1.45108
1.4683
1.28258
1.19501
1.36982
0.866865
0.951216
0.93057
1.02932
1.04379
1.11546
1.81401
1.73031
1.83645
1.90597
2.21192
2.15711
2.23054
2.12366
2.49533
2.51836
2.57007
2.4399
2.54921
2.6473
2.6299
2.56794
2.28041
2.46037
2.35939
2.38025
1.75619
1.97615
1.81973
1.9081
1.11914
1.33407
1.16498
1.28914
0.457664
0.658462
0.520874
0.638521
0.453139
0.661135
0.637778
0.514235
1.80929
1.717
1.84073
1.89706
1.94018
2.10875
2.02808
2.0024
2.20647
2.15262
2.11762
2.23211
2.29513
2.43379
2.37271
2.35384
2.49622
2.50996
2.44105
2.56545
2.53719
2.63708
2.56041
2.61185
2.54793
2.64437
2.56461
2.62997
2.51069
2.53659
2.45216
2.59438
2.27801
2.45913
2.37455
2.36159
2.16611
2.11707
2.03904
2.24755
1.75417
1.97548
1.90189
1.8227
1.60218
1.49892
1.44232
1.6639
1.11821
1.33249
1.28437
1.16535
0.835789
0.791161
0.961973
0.996058
1.94964
2.124
1.99688
2.02457
2.29633
2.43537
2.36069
2.37092
2.54427
2.63697
2.62198
2.55784
2.52174
2.53171
2.60367
2.45035
2.17872
2.10968
2.2568
2.03714
1.61377
1.49156
1.67295
1.43939
0.834648
0.78835
0.970349
1.00572
-0.0421718
0.271505
-0.00276175
-0.0448803
0.27912
-0.00411525
0.683504
0.683183
0.683474
0.416887
0.411158
0.413412
0.151949
0.142689
0.146574
1.91485
1.91661
1.91661
0.68337
0.682982
0.68329
0.416906
0.411142
0.413417
0.151995
0.14267
0.146594
2.27853
2.27889
2.27805
2.11386
2.11545
2.11361
1.97553
1.97553
1.97553
1.97553
1.9014
2.05523
2.05743
2.0558
2.66614
2.66894
2.66717
2.54194
2.54295
2.54204
2.33663
2.33727
2.33646
2.49003
2.49084
2.48949
2.83083
2.83582
2.8325
2.81131
2.81547
2.81227
2.70698
2.71016
2.70811
2.78907
2.79273
2.78984
2.83287
2.83731
2.83456
2.91733
2.92381
2.92381
2.92081
2.92081
2.79
2.79676
2.79337
2.89843
2.90484
2.90182
2.7462
2.75306
2.74961
2.57564
2.58272
2.57915
2.29645
2.30339
2.3
2.51342
2.52056
2.51697
2.22054
2.22744
2.22414
1.96785
1.97438
1.97142
1.60262
1.6087
1.60626
1.88148
1.88797
1.88511
1.50932
1.51511
1.51284
1.21338
1.21797
1.21639
0.806738
0.808224
0.807812
1.11279
1.11668
1.11544
0.60463
0.60312
0.603926
0.440323
0.436291
0.438245
-0.219486
-0.227091
-0.222149
0.263462
0.253216
0.25627
1.11057
1.11547
1.27382
1.27803
1.27545
1.32124
1.3198
1.20047
1.1983
1.45928
1.45928
1.29936
1.86554
0.604374
0.602842
0.603658
0.440331
0.43621
0.438174
-0.2195
-0.227153
-0.222201
0.263577
0.253304
0.256371
1.29684
1.31691
1.3155
1.18944
1.1873
1.10984
1.11511
1.2757
1.273
1.45563
1.45563
2.22677
2.22724
2.22642
2.16736
2.16819
2.16695
1.94675
1.94874
1.94749
2.00318
2.00515
2.0037
2.63018
2.63245
2.63102
2.5838
2.58521
2.58436
2.3869
2.38785
2.38695
2.44327
2.44419
2.44288
2.83131
2.83647
2.83289
2.82011
2.8248
2.82138
2.73638
2.73963
2.73735
2.76915
2.77267
2.77002
2.93527
2.82578
2.8295
2.82727
2.93527
2.93527
2.82356
2.82159
2.83399
2.8406
2.83733
2.86655
2.873
2.86988
2.69211
2.6991
2.69556
2.63836
2.64545
2.64187
2.37348
2.38056
2.37706
2.44305
2.45013
2.44659
2.13753
2.14427
2.1411
2.05615
2.06279
2.0597
1.69873
1.70498
1.70239
1.78893
1.79526
1.79252
1.41061
1.41611
1.41404
1.31415
1.31916
1.31735
0.903833
0.906098
0.905478
1.01155
1.01488
1.01384
1.9257
1.92838
1.98771
1.99108
2.14985
2.15242
2.15118
2.37582
2.37787
2.37643
2.21135
2.21357
2.21221
2.43393
2.43605
2.43473
2.58689
2.58935
2.58811
2.76825
2.77343
2.77094
2.63989
2.64302
2.64127
2.80952
2.81596
2.81252
2.8973
2.90543
2.901
2.94905
2.95857
2.9541
2.9217
2.93072
2.9261
2.95384
2.96239
2.95855
2.92478
2.93164
2.92844
2.79549
2.80262
2.79906
2.90527
2.91208
2.90883
2.75112
2.75838
2.75475
2.57973
2.5871
2.58339
2.29942
2.30659
2.3031
2.51702
2.52447
2.52075
2.22329
2.23038
2.22701
1.96985
1.97658
1.97353
1.60382
1.61007
1.60756
1.88349
1.89009
1.88717
1.51036
1.51632
1.51397
1.21404
1.21876
1.21713
0.807048
0.808614
0.808159
1.11341
1.11741
1.11612
1.87823
1.34627
1.34627
1.34627
1.336
1.336
1.42446
1.42446
1.42446
2.03663
2.03813
2.03797
2.10761
2.10305
2.10468
2.32325
2.3256
2.32407
2.26304
2.26539
2.26386
2.48359
2.48564
2.48431
2.53903
2.54133
2.53996
2.73141
2.73567
2.73362
2.68328
2.68667
2.68468
2.84098
2.84776
2.84401
2.87534
2.88295
2.87869
2.94794
2.95756
2.95287
2.93387
2.94315
2.93855
2.9483
2.95586
2.95244
2.94335
2.95046
2.94722
2.83989
2.84685
2.84341
2.87287
2.87972
2.87639
2.69688
2.70418
2.7005
2.64254
2.64997
2.64625
2.37672
2.38403
2.38042
2.44649
2.45384
2.45019
2.14002
2.14696
2.1437
2.05849
2.0653
2.06214
1.70018
1.7066
1.70393
1.79058
1.79708
1.79427
1.41147
1.41712
1.41498
1.31491
1.32006
1.31819
0.904274
0.906615
0.905963
1.01202
1.01544
1.01436
)
;
    }
}


// ************************************************************************* //
