/*--------------------------------*- C++ -*----------------------------------*\
| =========                 |                                                 |
| \\      /  F ield         | OpenFOAM: The Open Source CFD Toolbox           |
|  \\    /   O peration     | Version:  2312                                  |
|   \\  /    A nd           | Website:  www.openfoam.com                      |
|    \\/     M anipulation  |                                                 |
\*---------------------------------------------------------------------------*/
FoamFile
{
    version     2.0;
    format      ascii;
    arch        "LSB;label=32;scalar=64";
    class       vectorField;
    location    "0.3/lagrangian/kinematicCloud";
    object      U;
}
// * * * * * * * * * * * * * * * * * * * * * * * * * * * * * * * * * * * * * //


150
(
(-0.21649 -0.259903 -0.193319)
(-0.216979 -0.260041 0.194511)
(-0.262867 -0.336065 -0.197383)
(-0.140192 -0.142806 -0.0632217)
(-0.107997 -0.107437 0.0125057)
(0.0533764 0.0496974 0.0155808)
(0.203738 0.214021 0.0300833)
(0.0515429 0.0489319 -0.0073641)
(1.98829 1.96825 0.0267616)
(0.107889 0.10419 0.00605639)
(0.102732 0.106072 0.00806507)
(0.131843 0.130764 0.00859757)
(0.160832 0.162099 0.0098294)
(1.12906 1.28059 -0.171276)
(0.0555018 0.0528374 0.0160738)
(1.04745 1.02338 0.130004)
(0.0516805 0.0486917 -0.00100418)
(0.170874 0.170491 0.00395629)
(0.0524568 0.0497488 0.0089465)
(0.102811 0.106041 0.00210652)
(0.164327 0.166461 -0.00566532)
(0.237312 0.247905 0.0177456)
(0.166368 0.166077 0.00740108)
(0.146416 0.149048 0.0110353)
(1.98829 1.96825 0.0267615)
(0.27688 0.269862 0.00539078)
(1.28112 1.25312 -0.111183)
(1.72013 1.67851 0.0393397)
(0.157291 0.11787 -0.169291)
(0.053646 0.0604963 -0.0285517)
(0.175155 0.175536 -0.00632281)
(1.13727 1.50575 -0.224067)
(1.24296 1.19251 -0.107714)
(0.0468063 0.0483103 -0.0127274)
(1.89305 1.89234 0.280244)
(0.172502 0.174219 -0.00551296)
(0.172128 0.172668 0.00361084)
(0.0516023 0.0486022 0.00128734)
(1.24295 1.40405 -0.116933)
(1.24296 1.19251 -0.107714)
(0.0490811 0.0503959 0.00128747)
(1.58753 1.54611 0.0571978)
(0.33159 0.296148 -0.200749)
(0.102769 0.106106 -0.00770821)
(0.805941 0.69348 0.165333)
(-0.0371933 -0.0468404 0.00106756)
(0.173201 0.172298 0.000664474)
(0.911462 0.822819 -0.143648)
(0.16342 0.162922 0.00349372)
(1.09972 0.89815 0.0168834)
(1.44934 1.41721 -0.187308)
(0.0979343 0.101185 -0.0141113)
(0.140884 0.140539 0.00768199)
(0.328537 0.319085 0.00871732)
(1.43697 1.39192 0.0694732)
(-0.105346 -0.0861329 0.0398017)
(-0.0857602 -0.0796274 -0.0153134)
(-0.067985 -0.0621926 -0.00396421)
(-0.00534468 -0.00518869 0.00039261)
(-0.00414913 -0.00401027 -0.00411229)
(-0.00943382 -0.0123244 0.0229508)
(0.00320782 -0.0924368 0.0379334)
(-0.172019 -0.264313 0.0654914)
(-0.239616 -0.289361 0.0752604)
(-0.0687919 -0.0782149 0.0132881)
(-0.17123 -0.262786 -0.0681573)
(1.02365 -1.16155 0.121338)
(-0.658879 0.226562 -0.31402)
(-0.586101 0.434774 0.161245)
(0.352286 0.352013 -0.000282692)
(0.180676 0.209629 0.0706556)
(0.376876 0.351555 -0.00200422)
(1.7942 1.86815 -0.174428)
(0.46101 0.475631 -0.00323332)
(0.233358 0.232773 0.00735288)
(0.240648 0.243064 0.0129691)
(4.17457 2.77783 -0.48321)
(0.213748 0.213794 -0.00887584)
(2.13452 2.10818 0.0194544)
(2.01493 1.97841 0.0241309)
(2.25061 2.20624 -0.0322364)
(2.01493 1.97841 0.0241307)
(0.19184 0.19324 0.00573541)
(0.203621 0.20072 0.00365471)
(1.48555 1.61982 -0.0048644)
(1.71459 0.816471 -0.558433)
(0.13465 0.154476 -0.000427146)
(0.247303 -0.249073 -0.00674547)
(0.240936 -0.242654 0.00896142)
(0.252551 -0.25335 0.006979)
(0.272049 -0.269216 -0.0295963)
(0.562793 -0.57953 -0.086453)
(0.24044 -0.243318 -0.0108419)
(2.55459 -2.48769 0.319631)
(0.241027 -0.241292 -0.0101541)
(2.72227 -2.71455 -0.247053)
(0.25986 -0.258278 0.0237649)
(0.262338 -0.263398 -0.00783475)
(0.259944 -0.26106 0.00991048)
(0.523794 -0.543559 0.135041)
(0.237137 -0.237168 0.00675581)
(0.272188 -0.267819 0.0421606)
(0.582406 -0.580113 -0.129935)
(0.605153 -0.595437 0.113734)
(0.226449 -0.227668 0.00623056)
(0.646177 -0.635288 0.0799334)
(0.218528 -0.21975 0.00571066)
(0.218335 -0.219559 -0.00565633)
(2.75771 -2.74493 0.207485)
(0.224386 -0.225275 0.00767148)
(0.636039 -0.619133 -0.0615424)
(0.25781 -0.256192 0.0198633)
(0.636248 -0.619304 0.0631814)
(0.211354 -0.209879 0.00314115)
(0.199752 -0.20153 0.00432507)
(0.19975 -0.201529 0.00432507)
(0.200844 -0.201036 0.00318247)
(0.202865 -0.203004 0.00562125)
(0.209819 -0.209917 0.00376359)
(0.205611 -0.205966 0.00585488)
(0.18593 -0.186776 -0.002444)
(0.498165 -0.472561 -0.0117244)
(0.224321 -0.2205 0.0104427)
(0.235151 -0.234511 -0.0115118)
(0.237041 -0.239442 -0.00515479)
(0.201623 -0.200042 -0.00252567)
(2.75621 -2.74355 -0.202278)
(0.196923 -0.197377 -0.00452841)
(0.235368 -0.234692 0.0120048)
(0.196919 -0.197373 -0.00452839)
(1.79378 -1.42478 0.222392)
(1.89415 -2.16187 0.0680276)
(0.216835 -0.220092 0.00350147)
(0.216662 -0.219959 -0.00302582)
(2.77548 -2.79702 -0.367057)
(2.80639 -2.83039 0.321434)
(2.7774 -2.87381 0.383964)
(1.50302 -1.71434 -0.0918261)
(2.77548 -2.79702 -0.367058)
(1.88613 -2.15607 0.108963)
(2.76003 -2.86588 -0.332148)
(2.68981 -2.75033 0.555553)
(1.25516 -1.4299 -0.118374)
(2.76585 -2.79495 0.229408)
(2.72154 -2.82588 -0.283669)
(2.64762 -2.70473 0.479016)
(2.7106 -2.74221 -0.186459)
(2.64236 -2.67111 0.148822)
(2.64282 -2.67091 -0.143588)
(2.64235 -2.6711 0.148824)
)


// ************************************************************************* //
