/*--------------------------------*- C++ -*----------------------------------*\
| =========                 |                                                 |
| \\      /  F ield         | OpenFOAM: The Open Source CFD Toolbox           |
|  \\    /   O peration     | Version:  2312                                  |
|   \\  /    A nd           | Website:  www.openfoam.com                      |
|    \\/     M anipulation  |                                                 |
\*---------------------------------------------------------------------------*/
FoamFile
{
    version     2.0;
    format      ascii;
    arch        "LSB;label=32;scalar=64";
    class       Cloud<passivePositionParticle>;
    location    "0.3/lagrangian/kinematicCloud";
    object      positions;
}
// * * * * * * * * * * * * * * * * * * * * * * * * * * * * * * * * * * * * * //

150
(
(0.376433 -0.0226088 0.00125703) 46475
(0.599999 0.0246597 0.0252932) 91989
(0.599999 0.0222004 0.0280911) 4335
(0.6 0.02443 0.0237135) 91989
(0.6 0.0221204 0.0230077) 4316
(0.599999 0.0240171 0.014947) 91990
(0.6 0.0221966 0.0177256) 91987
(0.6 0.0180547 0.0216993) 4260
(0.600001 0.0217885 0.0207503) 4316
(0.6 0.0195706 0.0445864) 469
(0.600001 0.0164836 0.0292742) 4272
(0.6 0.0197278 0.017531) 91959
(0.6 0.0175224 0.0209209) 4260
(0.6 0.01932 0.0491836) 469
(0.6 0.0176091 0.020685) 4260
(0.6 0.0158741 0.0289706) 4272
(0.6 0.0129863 0.0244506) 91968
(0.6 0.0139089 0.0195366) 91968
(0.599999 0.0145152 0.0288389) 4275
(0.600054 0.0169984 0.0108297) 10904
(0.6 0.0139009 0.0289727) 4275
(0.6 0.0133104 0.0283669) 4275
(0.600117 0.0186264 0.00788538) 10902
(0.6 0.0159199 0.0386519) 469
(0.6 0.0126442 0.0257656) 91968
(0.6 0.0127572 0.0289954) 4275
(0.6 0.0138687 0.013772) 91969
(0.6 0.0137884 0.015327) 91969
(0.6 0.0107202 0.0248993) 4262
(0.6 0.00876436 0.0158703) 91953
(0.6 0.0154972 0.0387572) 469
(0.6 0.0145719 0.0404853) 4273
(0.6 0.0229976 0.0499974) 481
(0.6 0.0188178 0.0499995) 469
(0.160849 0.105293 -1.2334e-19) 124162
(0.242913 0.0511478 0.00087907) 171323
(0.6 0.0342953 0.0416156) 4343
(0.6 0.0328335 0.0251567) 92010
(0.6 0.0378477 0.0439887) 483
(0.6 0.0385368 0.0460731) 483
(0.6 0.0352082 0.0210421) 92002
(0.6 0.0330902 0.0272198) 4345
(0.6 0.0301228 0.0270597) 4332
(0.6 0.0574873 0.0131913) 92057
(0.6 0.0284607 0.0461184) 4337
(0.6 0.0414288 0.0195598) 4384
(0.6 0.0417632 0.0189207) 92043
(0.600001 0.0285063 0.0159227) 91995
(0.6 0.0390085 0.0252076) 4330
(0.6 0.0405819 0.0330886) 4403
(0.600053 0.051127 0.00980065) 26668
(0.6 0.0604302 0.0141835) 92141
(0.6 0.0415447 0.0302336) 4403
(0.6 0.0428375 0.0229306) 92045
(0.600063 0.0505983 0.00924742) 26668
(0.6 0.0256387 0.0253661) 91996
(0.600069 0.0473863 0.00918881) 26635
(0.600032 0.0474125 0.0112941) 26635
(0.575155 0.0625447 0.00122136) 100856
(0.599473 0.0413329 0.00518149) 487
(0.6 0.0455511 0.0232557) 92052
(0.6 0.0253165 0.0461244) 4337
(0.6 0.0288664 0.049998) 4337
(0.6 0.0441783 0.0391077) 491
(0.600058 0.0572219 0.00938669) 10974
(0.6 0.0335917 0.0499968) 4343
(0.51998 0.0716888 0.0047529) 8578
(0.6 0.0367803 0.0499979) 483
(0.6 0.0444018 0.046529) 491
(0.6 0.0434623 0.0343735) 4403
(0.6 0.0644875 0.0142723) 92144
(0.598646 0.0564434 0.00185886) 10970
(0.574354 0.0584862 0.00126258) 138456
(0.600067 0.061121 0.00809765) 11072
(0.474139 0.0458878 0.0257417) 43348
(0.519848 0.0716965 0.00206482) 43715
(0.520432 0.0714851 0.0275205) 8608
(0.492954 0.0530048 0.00580493) 43422
(0.505246 0.0406694 0.00248654) 2325
(0.6 0.0244897 0.0752217) 93207
(0.6 0.0225049 0.0765347) 93207
(0.600001 0.0226771 0.0599867) 884
(0.6 0.0249239 0.0801027) 93207
(0.6 0.0194272 0.0703819) 6263
(0.6 0.0193441 0.0709698) 6263
(0.6 0.0238163 0.0768556) 93207
(0.6 0.0182807 0.0776176) 6289
(0.6 0.0168193 0.0747771) 93080
(0.6 0.0174924 0.0720555) 6263
(0.6 0.0172554 0.0745486) 93080
(0.6 0.0173167 0.0780444) 93080
(0.6 0.0193618 0.0502244) 833
(0.600001 0.0142892 0.0783097) 93087
(0.600001 0.0142752 0.0734972) 93087
(0.6 0.014026 0.0700096) 6265
(0.6 0.0167404 0.0838836) 93084
(0.6 0.0168538 0.0573124) 833
(0.6 0.0168812 0.0562371) 833
(0.6 0.0105611 0.0772447) 6292
(0.6 0.0109902 0.0799596) 6292
(0.599572 0.0162762 0.0943978) 12799
(0.600044 0.0133886 0.088817) 34367
(0.6 0.0152602 0.0580218) 833
(0.6 0.0150181 0.0501753) 6261
(0.600001 0.0105232 0.0755717) 6292
(0.6 0.0116634 0.0733213) 6265
(0.6 0.0140008 0.0581295) 6261
(0.59964 0.0025718 0.0941827) 12786
(0.599785 0.00404714 0.0935961) 12786
(0.60002 0.0116161 0.0877088) 34363
(0.6 0.0234252 0.0500022) 884
(0.599644 0.0227483 0.0941016) 13071
(0.214908 0.0713183 0.1) 7107
(0.228179 0.046821 0.0831113) 36054
(0.228709 0.0760126 0.0996517) 120117
(0.6 0.0318507 0.0593446) 6530
(0.6 0.0525137 0.0858073) 93427
(0.6 0.034949 0.0806384) 93231
(0.600001 0.0350311 0.078031) 93220
(0.6 0.0304246 0.0544505) 6530
(0.6 0.0344595 0.0776782) 93227
(0.6 0.0362687 0.0770139) 93220
(0.6 0.0301671 0.0587107) 6530
(0.600001 0.0331208 0.0829429) 93231
(0.600001 0.033203 0.0837805) 93231
(0.6 0.0292048 0.0578891) 6524
(0.6 0.0300522 0.0742077) 6561
(0.6 0.0292334 0.0592584) 6524
(0.6 0.0403436 0.0505253) 933
(0.6 0.0397345 0.0676799) 6532
(0.600001 0.0291872 0.0838632) 93214
(0.6 0.0277032 0.0702454) 6528
(0.6 0.040573 0.0717617) 6862
(0.600046 0.0542709 0.0898527) 36644
(0.6 0.0252847 0.074636) 93213
(0.57925 0.05758 0.0987367) 107203
(0.600067 0.0457633 0.0905503) 36609
(0.6 0.0335077 0.0500025) 6530
(0.6 0.043254 0.0703746) 6862
(0.573821 0.0556384 0.0987368) 119968
(0.6 0.0255785 0.0808274) 93217
(0.598767 0.0541828 0.0976607) 36639
(0.600001 0.0434733 0.0556952) 933
(0.600051 0.0610064 0.0907896) 13765
(0.508431 0.0725477 0.0895348) 37945
(0.574438 0.0628507 0.0980194) 13746
(0.600059 0.0613689 0.0914541) 13765
(0.561247 0.0657179 0.0953899) 38520
(0.6 0.0672213 0.0915996) 38853
(0.598993 0.0401209 0.0967396) 937
)


// ************************************************************************* //
