/*--------------------------------*- C++ -*----------------------------------*\
| =========                 |                                                 |
| \\      /  F ield         | OpenFOAM: The Open Source CFD Toolbox           |
|  \\    /   O peration     | Version:  2312                                  |
|   \\  /    A nd           | Website:  www.openfoam.com                      |
|    \\/     M anipulation  |                                                 |
\*---------------------------------------------------------------------------*/
FoamFile
{
    version     2.0;
    format      ascii;
    arch        "LSB;label=32;scalar=64";
    class       vectorField;
    location    "0.3/lagrangian/kinematicCloud";
    object      U;
}
// * * * * * * * * * * * * * * * * * * * * * * * * * * * * * * * * * * * * * //


150
(
(1.55055 -1.14398 0.0174871)
(2.92706 0.0484484 0.00770979)
(2.95788 0.00956996 -0.0450039)
(2.92706 0.0484484 0.00770979)
(2.92027 0.044055 0.00414587)
(2.91065 0.0583916 0.0262109)
(2.90275 0.0507598 0.0242749)
(2.83719 -0.0264608 0.00222342)
(2.92027 0.044055 0.00414587)
(2.86251 -0.00863032 0.0271015)
(2.85671 -0.0517097 -0.0443652)
(2.82239 -0.0215558 0.0216275)
(2.83719 -0.0264608 0.00222342)
(2.86251 -0.00863032 0.0271015)
(2.83719 -0.0264608 0.00222342)
(2.85671 -0.0517097 -0.0443652)
(2.6515 -0.104225 0.0088514)
(2.6515 -0.104225 0.0088514)
(2.64422 -0.112687 -0.0345929)
(2.74962 -0.0567209 -0.0132947)
(2.64422 -0.112687 -0.0345929)
(2.64422 -0.112687 -0.0345929)
(2.79095 -0.000124512 -0.00575447)
(2.86251 -0.00863032 0.0271015)
(2.6515 -0.104225 0.0088514)
(2.64422 -0.112687 -0.0345929)
(2.63644 -0.104397 0.0280379)
(2.63644 -0.104397 0.0280379)
(2.64617 -0.114396 0.0159821)
(2.33247 -0.183199 0.042389)
(2.86251 -0.00863032 0.0271015)
(2.62962 -0.0678905 0.023045)
(2.97654 0.047368 0.0278769)
(2.86251 -0.00863032 0.0271015)
(0.0715418 -0.0266711 -0.00119083)
(0.196947 -0.43542 0.00582607)
(2.97367 0.135734 0.0465992)
(2.91135 0.168078 0.0693614)
(2.8939 0.159838 0.0514053)
(2.8939 0.159838 0.0514053)
(2.84313 0.202454 0.106183)
(2.92042 0.100507 -0.00709979)
(2.90509 0.162609 0.060205)
(2.40004 0.154458 0.186461)
(3.00553 0.0917414 0.0412026)
(2.76436 0.229541 0.150331)
(2.72132 0.250518 0.173748)
(2.91937 0.127469 0.0532556)
(2.84509 0.208004 0.116518)
(2.72058 0.154011 0.0481441)
(2.50161 0.165478 0.0226583)
(2.32104 0.0694675 0.0850547)
(2.72058 0.154011 0.0481441)
(2.77136 0.233517 0.164955)
(2.50161 0.165478 0.0226583)
(2.93489 0.107935 0.0289567)
(2.62386 0.218624 0.0631913)
(2.62386 0.218624 0.0631913)
(0.693869 -0.144027 0.00698856)
(2.13502 -0.158677 -0.102547)
(2.67313 0.233249 0.195937)
(3.00553 0.0917414 0.0412026)
(3.00553 0.0917414 0.0412026)
(2.78992 0.182573 0.0543719)
(2.39434 0.0841281 -0.0601609)
(2.97367 0.135734 0.0465992)
(0.213394 0.154821 -0.0541447)
(2.8939 0.159838 0.0514053)
(2.78992 0.182573 0.0543719)
(2.72058 0.154011 0.0481441)
(2.33899 0.0333088 0.061988)
(0.0141707 -0.00137964 -0.000974557)
(0.835884 -0.111692 -0.00125274)
(2.31436 -0.0256229 -0.191098)
(-0.555691 -0.574027 0.51005)
(0.194501 0.129656 -0.0648362)
(0.260406 0.078768 0.478446)
(0.717139 1.33759 0.0270664)
(1.61543 2.1741 -0.00615384)
(2.9289 0.0503722 -0.00825124)
(2.9289 0.0503722 -0.00825124)
(2.97732 0.0473845 -0.0285294)
(2.9289 0.0503722 -0.00825124)
(2.85601 -0.0507487 0.0452431)
(2.85601 -0.0507487 0.0452431)
(2.9289 0.0503722 -0.00825124)
(2.83805 -0.0246652 -0.00335032)
(2.83387 -0.0305393 -0.00455754)
(2.85601 -0.0507487 0.0452431)
(2.83387 -0.0305393 -0.00455754)
(2.83387 -0.0305393 -0.00455754)
(2.86321 -0.00829384 -0.0294468)
(2.65174 -0.102732 -0.00851756)
(2.65174 -0.102732 -0.00851756)
(2.64169 -0.111193 0.0384925)
(2.81756 -0.0279518 -0.021106)
(2.86321 -0.00829384 -0.0294468)
(2.86321 -0.00829384 -0.0294468)
(2.64634 -0.112992 -0.0154649)
(2.64634 -0.112992 -0.0154649)
(2.13445 -0.382795 0.0926373)
(2.65462 -0.107001 0.00264285)
(2.86321 -0.00829385 -0.0294468)
(2.62915 -0.0671532 -0.0223457)
(2.64634 -0.112992 -0.0154648)
(2.64169 -0.111193 0.0384925)
(2.62915 -0.0671533 -0.0223456)
(1.74635 -0.574188 0.0405879)
(1.74629 -0.574167 0.0405853)
(2.58334 -0.166063 0.00896574)
(2.97732 0.0473845 -0.0285294)
(2.21863 -0.274978 0.107249)
(0.0402641 0.19358 0.338974)
(-0.667738 0.691874 -0.117894)
(0.162812 -0.321515 -0.00409428)
(2.97383 0.135283 -0.0443806)
(2.52582 0.227704 -0.226376)
(2.88948 0.190017 -0.0893088)
(2.84856 0.205678 -0.107227)
(2.97383 0.135283 -0.0443806)
(2.9156 0.17091 -0.0702784)
(2.84856 0.205678 -0.107227)
(2.97383 0.135283 -0.0443806)
(2.88948 0.190017 -0.0893088)
(2.88948 0.190017 -0.0893088)
(3.00633 0.0918542 -0.0400818)
(2.90937 0.165381 -0.0611785)
(3.00633 0.0918542 -0.0400818)
(2.7893 0.182171 -0.0544202)
(2.83075 0.133048 -0.0178928)
(2.92156 0.130141 -0.0542463)
(2.97233 0.0588537 0.0292161)
(2.72594 0.157676 -0.049008)
(2.44806 0.116099 0.0210915)
(2.93773 0.110364 -0.0293693)
(0.885613 -0.136542 0.00245035)
(2.6275 0.218658 -0.0617622)
(2.97383 0.135283 -0.0443806)
(2.72594 0.157676 -0.049008)
(0.795236 -0.097001 0.00129457)
(2.91591 0.121803 -0.0504432)
(1.95343 -0.198275 0.124788)
(2.7893 0.182171 -0.0544202)
(2.31406 -0.0258717 0.192574)
(-0.192009 0.0957432 -0.279116)
(1.64516 -0.152108 0.0517232)
(2.30928 -0.0255664 0.19202)
(1.40736 -0.0489005 0.0294883)
(1.12016 -0.0725957 0.137964)
(0.541015 -0.0374687 0.0263254)
)


// ************************************************************************* //
