/*--------------------------------*- C++ -*----------------------------------*\
| =========                 |                                                 |
| \\      /  F ield         | OpenFOAM: The Open Source CFD Toolbox           |
|  \\    /   O peration     | Version:  2312                                  |
|   \\  /    A nd           | Website:  www.openfoam.com                      |
|    \\/     M anipulation  |                                                 |
\*---------------------------------------------------------------------------*/
FoamFile
{
    version     2.0;
    format      ascii;
    arch        "LSB;label=32;scalar=64";
    class       volScalarField;
    location    "0.8";
    object      p;
}
// * * * * * * * * * * * * * * * * * * * * * * * * * * * * * * * * * * * * * //

dimensions      [0 2 -2 0 0 0 0];

internalField   nonuniform List<scalar> 
2958
(
-54.3131
-63.6436
-679.991
-2524.88
-27.2035
-681.914
-49.6962
-96.6014
-58.6315
-38.7016
-48.1956
200.96
-39.7068
193.758
-210.898
5.33596
-45.2248
-40.4646
196.459
-50.8558
200.767
-47.3242
200.356
-58.885
-40.0287
-47.7306
-101.73
-48.4852
-268.113
-48.1332
-47.5587
-36.0381
196.245
-4.69506
-76.4627
-574.274
187.663
200.629
-322.681
-53.0029
-90919.3
-1287.27
-51.801
-46.6867
193.085
-176.933
-50.6117
-34.0097
-2648.77
30.8368
-36.9741
-75.0923
-41.5941
-52.394
-41.5409
-438.481
-49.0587
-8.23959
-42.9439
-71568.8
-303.634
-5.08989
-65.4303
-48.1665
192.831
194.957
-52.2319
-75.5434
-20.3162
-364.347
-44.0966
205.147
-69.0498
-44.9283
193.295
-47.4253
-170.09
-67.6347
196.936
-50.544
-40.0889
66.6797
-60.6369
-56.1172
11.2067
-44.0691
-28.062
-44.0495
-71.8019
222.068
-76.1094
-74.0682
-54.9659
196.597
-71.6706
-723.05
-784.799
-2803.78
192.392
195.235
-8404.34
-42.8342
-768.014
-79.5456
185.259
-92.8863
205.962
-5793.16
196.429
-762.721
-4430.6
-54.89
193.255
-40.2758
194.607
197.089
-44.5288
-56.8669
-64.7196
-43.6192
-118.195
201.876
-56.0425
-72.7129
-185.194
-9.67302
-125.754
-58.2775
-8.20106
196.537
194.502
239.193
-52.5359
198.372
196.453
193.218
-45.456
-63.0957
196.192
193.238
-6.34768
-68.5003
199.674
194.772
-56.668
-12.0687
193.274
198.247
-77.3458
201.174
-49.9011
-896.973
-52.8075
123.274
-44.217
198.894
209.916
-84.6398
-57.0267
-45.923
-43.1411
-39.5406
-44.5179
195.932
-61.0461
-436.21
204.592
194.155
-72.5591
-574.273
-51.3656
205.086
191.886
-72.1213
187.327
-876.529
95.8602
-75.5763
520.614
-18.3238
112.289
-55.0805
-41.1526
-10591.6
-70.7709
-59.6871
-69.8677
196.131
-49.9766
-7750.78
-35.9032
-70.9863
-131.969
-70.8622
-74.8496
-267.493
-61.387
-51.4814
-45.8546
-70.8598
-55.4608
193.744
-57.8682
-77.2843
-346.954
3185.6
62.8564
2793.63
-45.509
-2706.56
197.322
221.9
195.825
-62.871
197.899
17.3431
-48.1509
195.689
197.16
195.831
205.003
-68.1454
-56.0264
-56.2391
-20215
-27.1938
-47.2337
197.42
-85.1961
-62.1222
-62.6286
-31.8058
-80.1927
-15.9052
-268.128
205.585
200.965
-44.1235
200.575
3002.68
196.472
2841.36
-222.711
-48.4926
-48.6568
-2355.33
-37.0029
-39.5302
-45.4067
-44.7694
-47.2926
-42.4382
-44.3094
-178.17
-4929.89
-82.0162
-46.0844
-78.4926
-47.0561
-44.8804
17.2312
202.821
19.0726
-77943.5
67.9668
-55.4824
-90.425
-47.8398
310.999
203.095
189.298
-46.4941
-45.0839
208.074
-65.8268
-46.8894
195.625
-8.91494
190.912
-65.2182
189.106
196.961
67.6266
-42.9334
-40.3267
197.171
120.191
-769.46
-6992.36
-48.0669
-57.5269
-46.7274
194.537
198.457
-48.8113
-131.462
193.235
11.5929
193.685
-49.3278
-50.9556
-26.4661
-78.2036
7.81754
-212.799
-71.2734
-6259.15
202.62
-45.5609
-44.589
195.566
149.595
-49.7121
195.071
-64.2484
-20041.5
11.8273
-54.1983
-76.2677
-48.5781
-8.34295
-40.8226
-42.9972
-70.9128
-620.683
203.112
-54.6247
194.23
-10624.9
-7664.23
-35.1703
-49.9803
204.544
196.158
-279.281
196.244
3275.07
-8736.69
3165.03
195.388
-44.1523
-76.9055
-15.9429
-20.3437
196.378
-64.1674
196.854
-114.753
-218.786
67.0631
-59.0174
-92.2493
-53.8179
4999.64
-81.4213
-45.718
193.213
-43.3654
-188.136
-43.7198
-7521.08
-24.8486
-1581.93
90.892
-44.9382
-43.6599
-53.7226
-712.872
-348.103
-16.6949
-52.7605
-22.6964
194.963
-2382.56
-45.9324
-61.4567
-39.907
-61.401
-17.7976
-31.4454
-44.4911
-58.9959
193.625
-43.1711
-42.9831
197.226
-46.982
-51.4189
197.939
195.543
-34.271
191.051
186.298
-44.3613
-518.154
16792.3
-7756.04
195.772
198.234
-16.7188
-36.1894
-46.2394
-45.3187
-8290.61
-39.5093
-56.9676
-75.9581
-44.2394
-44.9068
-211.123
52.9901
-40.167
-48.1662
-56.8743
-74.3623
-15.4367
-4.50908
-605.866
-46.8323
-46.636
191.835
-2674.59
0.847256
-1739.32
-42.5512
199.919
-70.4496
-43.4334
-60.8639
-72.9359
-22.8628
-304.422
-64.2664
-55.6498
-56.7516
-17.1617
0.86412
-73.7662
-30.8045
191.616
-9.99395
-77.7376
-42.7939
-104.185
-134.347
187.781
193.073
-41.8374
189.325
-25.8471
185.928
-39.9711
-85.3889
-78.3833
-89.9426
-2670.49
194.498
-47.1016
28.7843
193.88
-69.0108
-9056.11
-232.453
-49.2702
-45.6283
-52.1499
8.54912
-50.4889
-45.8133
26.6791
-49.9232
200.512
-49.9992
-162.155
-44.462
-43.2895
-56.5196
-17.5643
-297.321
-52.5343
-40.5966
-55.7599
192.436
111.417
-62.8532
-47.6203
-42.1215
-54.3904
60.3158
-62.3076
-86.9375
-63.5826
-2319.52
-48.4444
-25.131
-42.2252
-48.9734
194.818
195.84
197.8
-28.3684
194.906
192.71
-85.0947
-300.69
195.051
-6051.94
-82.3794
-2612.77
-553.583
194.674
196.161
-42.7807
195.074
-49.801
-50.9914
22.9257
197.878
-48.8981
-47.7273
196.521
-43.3445
-40.5516
-84.2836
504.536
-862.001
-71.8451
203.151
-52.8124
-1538.94
-52.7765
221.479
-63.4751
196.071
113.798
-54.2791
-52.6212
-68.5829
156.078
-52.1898
18.8797
-48.691
201.002
-1852.98
197.971
115.619
-52.8612
199.711
194.338
-75.4127
195.468
195.605
-66.4733
16.1587
-561.552
-43.8833
18.9476
-51.1261
-47.4146
57.0657
-43.4215
-71.6511
-49.6852
-42.1535
-41.5429
-45.4986
190.699
-45.2852
3213.43
-41.9739
17.2118
-45.5078
195.395
193.924
191.97
-71.3911
196.208
69.3263
189.751
-44.087
-60.0579
-62.6082
-49.0827
-74.3918
115.094
202.084
196.803
196.829
-63.033
-49.4622
196.92
196.767
-47.2475
-259.253
199.919
-196.534
-304.225
-111.196
-47.1319
357.845
203.63
-47.5505
196.892
-78.8587
-84.9484
-13.1006
285.242
-362.431
187.481
193.306
256.982
33.2821
193.368
194.037
339.226
-79.4896
-58.779
-72.2411
193.648
-1476.92
-495.781
-315.683
18.8099
32.7027
-42.7417
193.922
-8.12879
-44.4526
-47.3859
200.079
-101.753
198.294
-19.2963
196.398
-178.047
-46.9555
191.323
-124.248
-320.45
-66.0367
197.373
-41.1173
193.168
192.068
-47.61
277.621
-77.7045
235.799
-46.7524
194.953
192.342
-111.099
-381.403
20.2753
-46.2937
-40.1126
-67.4734
188.128
347.281
-52.0494
19.3504
189.395
194.131
180.281
361.413
191.956
-11.2674
188.149
-147.466
-55.5961
-22.7052
-43.6082
-780.954
-7264.49
-113.246
-76.982
-52.3396
-1086.7
232.71
197.04
-16.9277
-60.2046
197.863
-71.4011
191.796
-43.7664
-52.4611
-47.3127
-146.407
-72.1564
311.257
-75.5972
-5.26266
-186.248
-54.5455
198.091
66.6125
-66.4058
-43.6596
192.799
196.913
175.494
-46.9604
-98.1172
151.299
-51.1827
56.8393
-9910.19
-53.385
-16.1854
-39.7699
-48.9103
-51.6498
-44.6396
-203.298
-37.6948
-43.3554
-51.7197
-61.0242
-18.1629
102.045
206.716
-41.9254
19.459
195.856
-78.5653
193.108
-17258.6
-57.0309
185.22
-8725.48
-4361.87
-340.124
-74.2444
172.369
-90.7334
-40.4703
-39.1865
200.649
-69.0876
-72.2259
-910.499
-10654.7
-42.3499
-44.3573
197.911
-2109.24
-58.5343
-74.9386
-2776.6
-2818.22
112.394
202.954
-6371.65
-2889.83
-2242.83
-45.817
16.2177
195.939
-33.3995
197.327
194.567
195.18
-1895.28
-43.4408
194.075
-64.8071
195.239
-1821.18
194.727
193.242
-70.6538
2932.81
-157.726
195.765
197.996
-257.744
-59.6482
194.378
194.293
-66.6233
184.407
-240.076
-196.769
191.691
-58.6597
-56.395
193.56
-69.6332
-44.9058
-44.5283
-148.429
-41.9075
-44.7844
-19.0979
-21.4718
197.987
-47.0143
-47.9122
-64.9564
-85.3561
186.895
-203.109
-6421.29
-44.4864
-265.742
-60.2855
-48.4483
-64.3034
49.205
-6.3556
-51.8963
-44.1866
196.425
-54.0106
-280.228
-2.14216
-44.6237
4141.05
-9574.32
-39.0977
89.9061
-40.3714
2921.56
-47.3368
-77.7231
335.889
-156.153
-78.1947
-219.379
-98.2517
-43.5996
263.451
-4568.91
-43.9731
-71.9777
-45.9632
191.962
-54.5196
-53.5249
-558.424
-42.2687
193.346
202.439
204.458
-67.7994
-43.0561
-152.248
-43.4496
-59.6127
-44.8852
-60.8269
-78.6439
-40.4137
-71.757
-46.666
-45.0191
196.913
-38.3963
-46.6885
-23.7182
-54.0263
-44.7588
-43.8187
-7561.45
-154.545
-151.15
-52.6146
195.139
-55.3343
-52.7345
195.338
-69.403
-10574.7
-6235.38
-546.73
-44.2727
195.717
202.247
-47.406
196.348
196.482
195.584
-36.4206
-42.5367
31.2947
-49.6415
526.6
-49.6091
-78.0025
-7088.81
-42.5139
-18.6739
193.611
-53.959
-34.1125
-48.1943
-38.5438
-43.2959
-60.8307
-86.891
-11170.9
195.058
-52.7764
-40.9295
-52.55
-41.2493
-70.9151
-20.574
196.703
-39.6683
-71.8666
-47.6338
-63.1413
-50.9964
-41.5341
-62.8254
195.905
-53.2844
-49.8765
-47.3447
-74.6514
-741.429
-45.4648
-49.2588
-52.538
-79.3984
-61.6582
-81.0407
-69.7732
-73.3053
-78.0613
-70.682
1310.07
-49.5709
-66.1579
-45.6904
-45.1827
-53.3524
-52.9355
-42.6127
-41.5765
196.486
-56.2534
363.641
-25.9528
-2615.38
-42.7327
-261.085
-60.1945
-88.6719
-71.0238
-37.7052
-9257.62
-78.9836
-59.0873
-39.5268
-54.9655
-54.9508
197.339
191.838
-27.7058
-46.3475
-175.875
193.266
-141.265
-137.077
-79.6775
-44.9168
-2640.25
-77.3509
-42.1927
-9292.12
196.275
-201.33
191.344
-43.1531
-2284.3
-82.5425
1244.33
193.46
-39.7284
192.369
311.709
-420.394
0.102513
-47.7671
-42.609
-83.1411
-85.7174
-75.8422
-43.7733
-44.7763
-240.844
-37.6547
-42.794
-38.7422
51.8517
-42.0304
-62.4651
-51.5523
-61.1687
-113.069
-43.5448
-35.9573
-329.785
-42.5957
-42.1654
187.023
199.358
-7597.63
-11.3788
193.154
-10341.8
-35.7513
-57.6767
186.115
-54.1042
16.4775
172.555
-46.2017
82.0745
-9786.82
-52.5045
-47.5706
186.783
-50.7083
-79.262
-63.4669
-3053.76
196.44
-155.025
-47.7719
-53.9644
191.538
195.318
-43.9739
193.562
195.153
187.138
-53.4673
63.9044
194.474
195.392
-22.5991
203.622
-51.2122
-42.9632
-188.603
195.251
-51.3318
-44.15
314.866
-73.885
209.198
-149.18
194.583
-28.7234
193.709
196.045
196.04
-360.003
-48.56
197.789
-43.192
-39.3671
-71.2873
-46.8465
-52.7539
-13.9563
190.916
-79.5053
185.546
-10338.1
-803.839
190.804
-58.1363
-54.3372
-2059.69
-73.3085
-98.336
-43.3628
311.149
-47.0832
-111.723
194.037
-49.4358
-67.4867
-44.288
-44.2816
-74.778
-45.2943
90.2191
-182.094
-71.8978
191.796
-7579.86
-29.6807
-197.018
-113.935
-44.6009
-125.818
-43.6885
184.404
-6.51255
-43.627
-35.8395
196.542
-144.412
192.754
196.183
194.823
195.374
-74.252
-71.8954
-132.203
-134.472
-43.6263
-40.9898
-41.1045
-41.8863
-53.9739
-77.8153
-48.7881
-50.0672
608.776
-45.6288
-49.4258
-55.7921
-7.3833
197.201
315.548
-121.706
-72.4615
-60.6306
-195.681
-183.103
-45.8358
196.714
196.409
23.086
202.743
-41.9263
-70.3028
-42.9779
-36.1249
-270.031
-77.8396
-106.669
2503.45
191.342
-52.4155
-53.2834
-519.41
-150.333
1224.32
-42.9536
-79.1897
-52.1002
191.424
-957.535
-389.549
-68.9301
-36.7259
0.292932
-44.065
27.8156
-50.4267
103.262
-37.936
195.508
-41.88
106.05
-68.4673
195.872
190.027
-52.4461
-45.8506
-51.1684
-46.5696
-360.3
-227.284
191.859
-32.7983
309.033
194.992
-28.5454
192.827
-44.0585
-75.1903
194.389
-99.3397
7959.44
-71.2338
-76.3357
-54.8615
192.755
-42.8193
183.936
-45.5866
-54.1091
-10549.5
-52.6903
199.13
-84.6492
-67.4952
-4038.09
189.597
-87.6521
-55.593
-43.2114
199.906
-39.3312
-74.7123
-46.2928
-61.7285
-53.0216
98.3409
-47.0425
-47.864
188.205
-72.9608
-47.821
-44.8156
-76.0191
-47.3216
-18.8277
-48.1558
194.193
-48.4021
-47.8495
196.241
-41.8682
199.528
-60.1395
187.256
-43.9391
-63.6909
-53.4641
-98.3457
-53.6924
194.541
-58.9134
-47.0367
-52.1758
-80.4198
-43.4056
-44.479
-40.9833
191.602
194.335
-59.9904
-61.2393
193.898
200.422
-74.8874
-48.6856
-56.6874
-39.9095
-75.4413
-1063.36
-52.9065
-49.3815
-55.8132
-54.127
-45.7142
-55.6849
-82.7661
-49.1423
2.21788
-60.8797
-54.0271
-47.2249
-34.2969
-46.0605
-71.7824
-19.5702
338.673
70.5155
-67.6711
-215.719
-3784.23
-51.2717
63.5493
-67.8742
-38.8519
-2165.79
-68.5463
-48.8438
192.143
-42.2635
-47.1894
196.327
-45.902
-43.8619
-43.6526
-45.6984
141.087
-49.3279
125.686
-41.4456
-47.1896
-44.1044
-16.5832
-36.9902
-135.98
-47.5872
132.668
-24.3307
188.796
-67.8779
2490.44
191.964
-44.0904
-43.1137
-63.8245
-77.1134
-46.8458
-43.1622
-72.7248
193.978
-240.197
-52.0425
-27.7852
-17178.1
-46.7712
-6.02004
-53.04
-687.494
-74.6954
194.494
17839.3
204.713
-47.7423
199.751
17254.9
189.717
-45.4985
-220.334
172.544
193.023
-58.0672
192.759
204.86
-76.0244
192.983
-709.129
202.655
-62.4314
190.834
-88.5543
-8805.28
-46.3415
190.253
-93.3771
-94.0679
7291.76
198.806
-67.5604
202.321
-46.5291
194.671
-54.2639
6996.96
196.514
-10581.6
-4980.94
-43.2797
-24.0106
-94.6534
-8.31353
-186.022
195.51
-38.0047
195.04
200.791
-74.6847
-41.5955
199.158
-47.9999
196.134
-47.2988
-45.5129
-67.2135
-41.1291
-13.969
-11744.1
-45.4654
-83.206
-34.3118
188.999
194.363
-62.0884
-71.7171
-164.297
-71.1813
-73.0742
185.806
199.581
-71.4234
-70.9816
-44.4946
10.3393
-53.9541
-73.5527
-45.2909
209.245
196.339
196.061
-66.7584
-69.2164
-142.805
-54.2178
-56.0707
36.65
-93.8243
-207.023
-95.3627
-52.9896
198.155
51.4753
-44.9994
-43.8708
-21.5193
-226.055
192.937
-43.9043
-319.806
42.2394
189.58
-44.8593
-37.9642
-48.9501
189.458
-58.0737
-71.1266
194.634
192.427
193.933
195.807
193.42
196.279
-104.615
-43.8916
-54.0485
-27.5644
-274
-77.2339
-39.8883
-52.4927
191.467
209.385
-44.1743
-52.3115
194.562
-47.1455
-19.0208
181.579
8.7613
-155.84
-49.6452
-85.9309
-50.7667
-61.8014
-57.1334
-44.4883
-42.7166
-71.6268
7.37646
193.034
184.999
-77.9942
-71.5787
199.971
-56.5902
-8747.56
-43.3548
196.802
-83.5866
-60.4057
-70.9722
-14.887
-76.0653
-42.5238
192.759
-41.6665
2.62956
-60.3114
-57.1134
-71.9333
-58.4533
195.56
-39.9823
23.1575
-46.0939
-649.306
-48.2594
-113.643
-93.2156
-77.7949
-139.695
-46.8595
-24.758
-304.502
-51.8777
-54.0702
-21.0178
-46.8973
-45.4066
-56.6731
202.524
195.971
-62.5803
-20.4588
-52.1507
-40.5679
-139.585
-46.4052
-68.6089
21.0092
196.726
311.017
-132.678
513.775
-74.1503
-40.8895
187.886
-32.5238
-1826.01
90.5078
-548.098
-35.4879
188.268
-74.1405
-138.676
-46.3428
-90.8286
-38.4644
202.163
-46.1887
-37.0864
-42.6009
-11738
-38.6825
192.352
-42.594
204.674
-45.5048
-12.7781
-73.4957
-47.7329
-56.9371
-45.4531
196.133
-255.855
-74.8229
-54.5727
-177.352
-10301.3
-176.103
112.744
-58.2262
-257.863
-71.3918
-56.4599
-48.6731
-71.9422
43.5912
195.036
203.756
-192.657
-44.5687
-72.1523
204.708
-71.6915
-55.0664
88.3266
-73.6998
-1887.2
-42.5638
-70.9485
-42.597
196.444
195.716
195.908
191.023
17.9893
193.853
192.194
-38.6196
-2775.92
195.669
-12156.9
-26.7316
194.076
-49.6484
-1879.62
-39.3738
-18711.9
-75.8596
-2670.95
-74.0699
187.206
24.873
3712.48
-42.8867
19.9915
195.979
-118.298
-41.888
-45.928
-43.9771
-44.752
196.589
192.196
-44.305
203.263
192.281
-10891.3
-8.33139
196.379
-60.9576
192.584
19.0337
-30.8389
193.679
-62.771
-80.7156
-57.8096
-18.2559
213.716
-35.095
-32.6968
-43.5472
-58.685
-42.0236
-47.5418
8.44363
-42.6881
194.077
-47.4809
189.734
121.801
-72.4493
-54.4047
-52.1794
185.187
-52.1589
-22.5012
-77.7846
197.72
198.279
199.39
205.618
205.33
203.456
-50.7246
-49.3606
-25369.4
-59920.3
-31042.6
-30271.9
-69.0071
-53.8594
-65.0796
-97.2517
-56.7881
-64.1699
-59.7733
-74.376
53.3972
53.2413
-2.86077
-77.1108
-138.013
-51.9136
-58.9541
-61.2024
-48.6999
-45.2156
-47.3807
-63.5388
-45.5332
-44.4962
-8441.75
-8853.32
-8770.65
-70.5363
147.321
-70.5022
181.463
-75.9072
-70.5177
180.944
138.44
182.413
144.21
191.015
202.776
210.932
190.297
190.991
190.928
192.993
194.038
193.145
195.731
193.969
198.01
196.762
200.068
190.957
208.729
148.462
208.363
209.609
146.29
197.803
197.876
-10729.3
-16750.1
-8501.58
-8733.91
-11089.4
-4525.34
4903.08
4898.76
75.2841
65.4452
-450.446
-81.0972
-108.633
-126.188
-74.0245
-125.086
-6.46707
-255.336
-245.816
-36.4669
-41.9178
-48.6119
-55.3747
-50.5047
-48.5565
-50.1443
-49.386
-48.2292
-46.5838
-45.8299
-46.0229
-46.7053
-48.5432
-46.308
-47.4239
-44.2151
-44.475
-46.3607
-45.409
-43.1774
-46.9921
-50.8045
-48.3195
-47.9793
-48.9404
-48.3331
-48.0052
-48.3112
-47.6605
-47.5899
-47.4789
-46.9315
-47.0158
-47.3116
-46.8414
-46.6534
-64.0494
-45.2706
-40.9775
-44.3856
-45.8864
311.443
-69.5237
-70.5444
-85.2589
-85.6683
-83.1286
-89.4243
-88.6418
-90.6357
-101.513
-77.3987
-106.811
-111.322
-113.184
-111.674
-86.4436
-131.112
-133.411
240.209
143.837
-419.185
-406.849
-437.288
-188.032
-248.803
-179.194
-177.507
-73.3155
-4.92286
-49.4654
-7.71464
-46.3958
10.6764
-6.40049
-15.0392
-24.8993
-29.488
-43.6431
-47.5991
-62.4137
-39.7324
-38.2823
-71.4689
-74.606
-84.6326
-65.3884
-94.787
-47.864
-33.1997
-32.742
-48.2964
-47.8039
-39.1701
-28.4804
-28.2348
-34.853
-34.4386
-45.4623
-42.401
-79.1893
47.9198
24.1084
-48.1678
-793.446
-71.7446
-759.946
-7635.9
-7568.72
-2151.1
-7565.28
-7686.27
-1928.52
-7686.47
1160.07
2030.62
1239.56
6653.23
10256.8
-4215.89
-100510
-67887
-67322.1
11420
-7206.2
-10112.4
-1051.28
-787.869
-1676.79
-65.574
-66.8942
-59.0557
-56.592
-58.5096
-51.9588
-55.2151
-57.9792
-52.2761
-52.3399
-52.3158
-46.3792
-48.4414
-42.7731
-43.8762
-45.6244
-44.5184
-45.9975
-46.0788
-46.2891
-46.6571
-47.1669
-47.454
-47.7248
-48.8136
-48.5788
-49.0228
-48.2198
-46.9394
-47.8387
-46.6346
-45.1493
-39.5416
180.865
181.147
197.082
204.405
211.065
211.635
215.457
214.823
219.71
213.139
221.772
192.869
193.945
194.083
193.078
171.592
187.641
194.402
170.054
178.456
177.777
200.906
179.466
184.065
191.489
186.576
203.814
206.454
185.947
195.797
193.372
195.425
190.868
190.158
189.795
-76.6048
196.542
195.188
199.689
200.348
193.294
191.664
193.682
191.656
195.598
189.09
212.612
144.104
209.684
198.232
198.195
196.236
211.018
-71.3993
-50.2929
-48.8951
-46.0266
-46.1305
-49.6491
-47.2563
-47.0192
-36.2958
-57.0823
-43.7605
-69.8548
-85.5122
-100.605
-84.8561
-114.321
-113.726
200.387
-342.259
-221.063
-94.2032
-67.5
-24.1686
-14.0127
-55.1236
-72.5734
-47.7706
-71.4398
-47.5371
-47.4925
-30.3217
-82.6226
-73.7923
-74.9811
-99.5087
-50.2264
-97.3702
-7681.38
-7655.16
-7574.26
968.663
-16329.2
-13833.8
-552.369
2515.96
-687.772
-81.2936
-65.0473
-55.4957
-54.9661
-57.3921
-55.7946
-44.0664
-46.2143
-47.5215
-47.0748
-48.4605
-48.2594
-48.2836
-48.1189
-48.4037
-46.5641
-44.2994
-46.6312
182.002
217.078
209.498
192.449
194.277
188.006
193.792
170.322
201.839
189.579
192.454
193.892
191.644
210.476
195.437
191.278
190.671
195.418
191.85
189.728
196.792
194.31
195.031
192.373
195.662
195.513
192.021
193.019
192.192
190.914
191.47
184.6
198.401
192.501
189.502
192.367
195.124
193.972
197.051
194.597
197.16
197.09
198.02
196.415
195.996
196.125
194.954
195.557
195.389
196.109
195.375
198.739
198.343
197.895
193.881
193.047
209.957
15.4163
-68.5485
-110.558
-66.1376
-65.0229
-4955.33
-5175.43
-5266.55
-6973.3
-10637.9
-8643.91
-10344.9
-8474.05
-10673
-46.1451
20.1238
-0.0237415
-46.5152
-41.8166
-33.9563
-32.0192
-44.9119
-41.3057
-43.6598
-42.5327
-45.8429
-45.2783
-43.333
-44.2219
-43.4475
-44.1404
-43.9858
-43.4288
-42.6925
-42.9023
-42.9486
-43.1046
-41.5993
-42.03
-41.5086
-41.6618
-44.5094
-42.4875
-42.3638
-42.0169
-41.8863
-42.1313
-41.6816
-41.1245
-41.138
-40.4511
-40.3277
-40.2333
-39.2486
-39.3271
-39.1131
-37.6453
-41.6941
-37.5082
-40.6747
-48.2865
-59.3121
-57.5997
-60.0755
-57.829
-73.2497
-74.7816
-77.0701
-77.4308
-74.4243
-74.2428
-72.015
-74.2683
-74.0187
-71.4373
-77.8628
-85.8281
-85.8516
-78.2428
-85.7111
-106.082
-432.731
349.773
211.87
401.978
-20.5804
261.312
161.714
99.4743
-246.403
70.6094
67.0487
39.7137
23.531
12.0382
13.3399
-33.2305
-20.9584
-41.425
-22.009
-21.613
-42.3079
-39.8895
-37.5413
-36.9627
-38.1693
-47.4891
-54.6019
-44.9887
-49.3145
-70.286
-72.9442
311.501
-75.5937
-75.7552
-72.7512
-74.1403
-71.3822
-77.8504
-67.9725
-70.357
-73.8437
-47.6113
-47.7628
-47.53
-47.6114
-71.9215
-69.306
-72.5627
-67.8995
-72.905
-77.3907
-105.458
-91.4974
-6.69501
-94.6192
-100.75
-128.483
-149.688
-128.379
-146.854
311.703
-100.078
-7413.98
-2375.12
19.5228
-14.0885
-7326.99
-3821.17
-5345.52
18.6472
-8493.34
454.214
-596.665
-2538.13
-8.23041
-9.76486
441.229
-1278.9
-51.3691
-92.5521
-54.4592
-52.1503
-56.6044
-56.9316
-57.1666
-58.1612
-55.8497
-55.0966
-55.6113
-55.676
-54.7404
-54.3091
-53.5493
-50.7244
-51.9216
-51.6527
-48.1918
-49.0743
-47.5453
-48.3392
-48.7585
-48.2092
-46.8862
-47.19
-47.7884
-47.7056
-46.9213
-46.5041
-46.7126
-46.2124
-46.1286
18.5618
-45.1329
-45.7684
-43.9659
176.727
216.826
175.228
193.298
192.529
193.408
192.211
192.954
196.099
193.174
194.315
188.775
191.313
19.0198
199.835
206.339
191.862
194.021
195.164
195.316
194.166
-69.68
194.077
194.904
195.009
194.247
196.71
196.633
188.919
194.899
195.267
196.805
193.893
192.151
-57.1304
-79.5011
-74.1985
-174.515
-77.8721
-94.2273
193.745
194.353
193.164
193.63
193.188
194.088
194.314
194.18
195.064
195.44
196.043
195.975
197.142
196.909
197.276
197.194
196.61
197.534
195.791
49.292
195.832
195.024
194.968
193.644
197.895
198.044
197.697
196.081
199.873
196.934
-196.375
43.7065
45.2483
37.9657
-90.3972
167.333
-81.3935
-110.08
-62.929
-1832.32
-4257.61
-57.5371
-55.5187
-46.5939
-58.5432
-50.253
350.523
402.813
-21.8408
40.7098
-44.823
-37.5061
-47.9545
-41.7728
-35.0665
-41.8269
-43.0386
-41.8108
-43.7467
-45.277
-45.1935
-46.2883
-45.5716
-46.1548
-45.9095
-45.9019
-45.5989
-45.5686
-45.6332
-44.967
-46.0551
-45.5646
-46.1969
-45.5119
-45.8027
-45.9251
-46.0735
-46.243
-45.4902
-45.9611
-42.0779
-44.9057
-45.566
-45.28
-71.7244
-42.1622
-44.4289
-44.3553
-44.2811
-44.2494
-43.7429
-43.6996
-43.8131
-44.5849
-42.2162
-59.7918
-44.6414
-36.0056
-30.1356
-40.2502
-58.3868
-59.4059
-57.7891
-69.8587
-60.699
-73.1073
-71.1975
-77.4896
-76.0949
-78.5255
-74.0634
-73.0649
-72.6567
-69.8121
-72.0029
-72.9618
-72.3592
-73.2488
-72.6074
-72.0584
-78.8945
-77.0801
-69.999
-70.908
-78.18
-82.1641
-79.8806
-123.092
-83.5
-147.194
-1246.95
-761.512
-78.4465
-41.401
-110.735
-96.3941
-336.322
-18.7266
-30.8966
-61.6658
-40.759
-10.1583
-4.52732
-10.1519
-15.6882
-4.60203
-10.4229
1.78267
-38.5955
-29.5304
-76.8992
-73.5183
-72.3988
-19.2085
-28.2334
-26.7818
-25.2788
-44.9233
-45.0893
-42.8734
-48.6498
-43.1355
-47.8129
-45.5447
-46.9984
-47.0843
-51.7601
-53.9618
-51.9426
-64.9872
-62.4847
-67.3568
-69.3459
-66.6998
-67.8567
-70.7338
-68.5479
-78.0196
-70.7476
-66.3363
-77.2378
-7.8073
-74.8387
-75.6886
-74.7194
-72.6752
-72.1196
-75.9634
-69.8441
-82.8256
-72.4689
-67.7395
-60.2889
-70.4965
-85.9291
-93.0139
-119.479
-115.501
-91.6627
-24.0984
-1919.17
-1651.64
-2744.78
2017.22
-2885.21
-433.367
-371.366
-349.561
-371.446
-110.1
84.5862
-107.648
-31.0683
906.388
-59.2776
-39.9948
11.8799
-25.699
-70.1736
-49.3083
-57.8525
-49.5781
-58.758
-56.4286
-52.6843
-52.6574
-55.6882
-52.612
-52.43
-52.6063
-52.4571
-51.2321
-52.281
-53.4277
-52.0106
-51.0326
-47.5924
-50.092
-50.5923
-48.2283
-49.3293
-49.1934
-47.6234
-19.5247
-47.4856
-47.5992
-48.417
-47.09
-46.8772
-47.395
-47.0749
-47.7716
-46.9815
-46.9137
-47.2252
-46.7467
-46.6949
-46.6277
-46.5185
-46.5724
-46.6404
-46.3214
-46.4212
-46.1209
-45.1095
-45.6143
194.237
285.991
193.658
195.024
193.599
192.773
194.063
193.837
192.587
193.479
194.529
185.725
196.37
194.344
194.841
196.317
196.778
196.915
196.371
197.301
192.955
196.577
194.834
196.726
194.227
196.861
195.783
193.847
196.376
188.7
197.384
194.267
194.947
197.703
-46.8048
-39.038
-72.6921
-77.2643
-73.6162
-73.5245
-72.528
-66.8303
-73.8099
-11.5272
-60.0993
-72.9186
-129.882
5.34187
-422.881
69.0515
-182.69
-135.496
195.504
194.999
194.499
195.294
197.795
195.647
197.351
193.087
-82.6054
-79.3354
-77.8996
-82.0079
-100.643
196.35
196.56
195.308
196.491
197.981
197.412
195.937
197.04
196.853
197.562
195.985
195.316
197.086
197.134
195.353
196.405
198.069
-111.167
-171.089
-66.4841
-202.909
-37.1146
-11.6425
-24.9189
-35.2776
23.6813
-51.6009
-95.6348
-55.4345
-57.3144
-68.3183
-42.4432
-57.9746
-40.8916
-49.1735
-41.4738
-49.9562
-50.0563
-42.096
-46.186
-46.1538
-45.6665
-47.968
-48.372
-49.329
-46.3879
-50.6085
-49.423
-52.5911
-44.5521
-52.4848
-52.7087
-42.2033
-51.1469
-43.2767
195.022
195.325
-48.7368
-55.4933
-58.6805
-61.52
-78.9867
-73.4232
-73.3532
-73.8624
-72.7207
-74.8833
-76.1202
-73.2773
-71.0899
-75.2717
-71.5187
-70.7357
-72.8429
-70.7663
-70.974
-69.3488
-70.8236
-71.4125
-33.3545
-34.5815
-121.45
-68.1257
-2.11727
-34.8515
-39.0673
-27.8409
-26.3998
-30.1591
-45.1401
-45.077
-31.1808
38.8712
180.631
39.3503
-54.3173
-52.6428
-63.9764
-59.3019
-67.4375
-67.5086
-69.7522
-29.5858
-43.1398
-8.93374
-44.3828
15.0255
-1071.83
-6.98677
-39.5624
197.768
194.619
198.046
196.212
197.257
197.786
197.282
195.97
196.475
195.841
196.792
195.351
195.613
196.717
196.23
-75.1917
-71.9605
-37.4222
-65.9328
-200.861
196.303
-73.7492
-1577.19
192.816
-43.8035
-27.2457
-41.1789
199.185
195.842
-106.036
-75.5969
-60.748
-75.2785
-42.2444
-81.3527
-123.619
-67.6138
355.104
-110.503
-46.0318
-46.8223
-45.2478
193.056
189.093
194.695
192.327
193.663
191.307
5.9546
-63.4026
196.236
195.185
197.021
-44.4025
-45.8151
196.141
-34.0771
-39.7621
-74.5108
-78.2062
-71.4067
-67.1169
-92.5343
105.523
-138.022
-71.8818
-73.8238
-76.5147
-74.4742
-73.6013
-75.4442
-74.546
-45.4856
-47.2144
-47.0451
-46.4551
195.888
193.414
195.266
194.791
195.402
-68.0784
-33.8285
196.548
-79.3496
-51.5613
-48.0439
195.828
-46.7735
-24.8498
-69.2329
-65.4299
195.096
195.62
-37.0102
204.173
203.273
-9729.06
-41.7628
64.5456
196.19
-45.3674
-48.0845
-8848.9
195.195
183.625
-69.4026
148.663
163.883
55.2973
197.024
-49.2228
197.827
-47.3045
-84.4339
-331.575
-534.838
-1.20766
-30.9949
-30.6051
-31.8513
-75.5444
-35623
-58.3437
-46.3164
-44.8514
-46.6908
-47.0066
-46.4672
-48.9302
-48.9606
-46.9447
200.82
-52.1293
211.467
211.028
212.607
194.646
-52.5651
193.843
-52.6642
191.651
203.922
211.261
187.416
190.7
210.654
198.67
-47.4844
210.959
-164.946
-46.5942
-46.7264
192.341
192.696
189.678
210.867
193.098
186.058
167.48
-46.041
-41.5612
-41.5703
-75.3943
-78.565
-84.1008
-70.1465
-83.7764
-99.6246
697.573
614.337
-58.8837
-46.6468
-45.4051
174.794
196.383
191.272
205.526
193.438
-56.3525
194.636
193.099
-78.0784
194.714
-75.3516
197.152
195.421
-38.0169
-77.8686
-46.1051
-44.6709
-45.1841
-44.4594
-44.4783
-43.2226
-74.3996
-86.2547
-122.237
196.812
197.42
197.06
195.678
-30.2012
-29.6077
-30.3267
-31.886
)
;

boundaryField
{
    Wall
    {
        type            zeroGradient;
    }
    Inlet
    {
        type            zeroGradient;
    }
    Outlet
    {
        type            fixedValue;
        value           uniform 0;
    }
    Empty
    {
        type            empty;
    }
}


// ************************************************************************* //
