/*--------------------------------*- C++ -*----------------------------------*\
| =========                 |                                                 |
| \\      /  F ield         | OpenFOAM: The Open Source CFD Toolbox           |
|  \\    /   O peration     | Version:  2312                                  |
|   \\  /    A nd           | Website:  www.openfoam.com                      |
|    \\/     M anipulation  |                                                 |
\*---------------------------------------------------------------------------*/
FoamFile
{
    version     2.0;
    format      ascii;
    arch        "LSB;label=32;scalar=64";
    class       vectorField;
    location    "1.5/lagrangian/kinematicCloud";
    object      U;
}
// * * * * * * * * * * * * * * * * * * * * * * * * * * * * * * * * * * * * * //


150
(
(-0.0496773 0.00913679 -0.00622213)
(3.32583 0.885884 0.0240569)
(3.30619 0.885623 -0.0274578)
(3.32583 0.885884 0.0240569)
(3.32583 0.885884 0.0240569)
(3.10008 0.862946 0.03719)
(2.95701 0.806286 0.017446)
(3.15601 0.821121 0.00465764)
(3.36587 0.927829 0.00494762)
(2.63489 0.743177 0.0532209)
(3.46407 0.944436 -0.0268516)
(3.36587 0.927829 0.00494762)
(2.95701 0.806286 0.017446)
(2.66784 0.744992 -0.0555683)
(2.579 0.70606 -0.0272375)
(2.54579 0.702387 0.0240935)
(3.09288 0.867727 0.0137044)
(3.12636 0.862112 -0.0402261)
(3.02042 0.828272 0.0176414)
(2.02117 0.598148 -0.00488045)
(2.0968 0.598642 -0.0741119)
(2.67411 0.744001 -0.0290216)
(1.96356 0.548456 0.0293769)
(2.08287 0.599219 -0.000819487)
(1.90834 0.575769 -0.0039838)
(2.02117 0.598148 -0.00488045)
(1.4509 0.43826 -0.0912356)
(1.87064 0.574254 -0.00897778)
(1.87064 0.574254 -0.00897778)
(1.6555 0.238461 -0.0391043)
(2.08287 0.599219 -0.000819487)
(1.87064 0.574254 -0.00897778)
(0.701595 0.289801 0.0877654)
(1.26869 0.468712 -0.011986)
(1.90834 0.575769 -0.0039838)
(1.36865 0.362741 -0.0638879)
(1.32674 0.35786 0.0634724)
(1.11513 0.132356 0.036445)
(1.21542 0.447107 -0.0035473)
(0.0368465 0.0198001 -0.00172289)
(0.121377 -0.0185541 -0.0284511)
(1.21542 0.447107 -0.0035473)
(1.2603 0.447744 -0.0114998)
(0.598417 0.2374 0.00566755)
(0.749415 0.29137 -0.0942325)
(-0.0652226 -0.0372173 0.0498272)
(0.0609237 0.105161 0.0138262)
(1.21542 0.447107 -0.0035473)
(1.21542 0.447107 -0.0035473)
(-0.0618085 0.000799859 0.0332355)
(-0.0844772 -0.0399498 -0.0561393)
(1.0958 0.230384 -0.20024)
(1.21542 0.447107 -0.0035473)
(0.749415 0.29137 -0.0942325)
(0.30467 0.00385375 -0.0114582)
(1.0958 0.230384 -0.20024)
(1.2603 0.447744 -0.0114998)
(2.47476 2.35739 -0.426742)
(-0.0442502 0.0412344 -0.0602706)
(1.65152 0.297789 -0.317269)
(1.79696 -0.672071 0.872695)
(0.148281 -0.522898 -0.300115)
(1.07082 -0.981342 0.12376)
(0.0921061 0.0239347 -0.00244162)
(4.32968 2.44099 0.0229747)
(0.631741 0.625924 0.0101897)
(3.54486 0.725442 0.00217531)
(3.55557 0.735757 -0.00270679)
(3.54486 0.725442 0.00217531)
(3.54486 0.725442 0.00217531)
(3.55557 0.735757 -0.00270679)
(3.55557 0.735757 -0.00270679)
(3.55444 0.810146 -0.0335639)
(3.77817 0.952467 -0.00795501)
(3.69348 0.88351 -0.0133427)
(3.56425 0.82065 0.0306966)
(3.55557 0.735757 -0.00270679)
(3.74281 0.840642 -0.0814307)
(3.59552 0.764776 0.0809353)
(3.57481 0.746016 -0.0847578)
(3.77741 0.961754 0.00527715)
(3.56425 0.82065 0.0306966)
(3.55444 0.810146 -0.0335639)
(3.35791 0.694081 -0.0554734)
(3.84512 0.91449 0.0680995)
(3.72451 0.939933 0.0240904)
(3.77741 0.961754 0.00527715)
(3.33375 0.598849 -0.000483731)
(3.8566 0.93104 -0.0569898)
(3.77197 0.995168 0.00786218)
(3.34831 0.60985 -0.0032683)
(3.71795 0.943959 -0.0234699)
(3.34622 0.667901 0.0475427)
(3.36356 0.636166 -0.0811164)
(3.36356 0.636166 -0.0811164)
(3.14011 0.491416 0.0622455)
(3.05995 0.420866 -0.0010865)
(3.74711 0.993156 0.0083411)
(3.5681 0.933553 -0.0279409)
(3.10988 0.472364 -0.0665279)
(3.14011 0.491416 0.0622455)
(3.76356 0.92821 -0.0390806)
(3.66446 0.991118 0.0140269)
(3.14011 0.491416 0.0622455)
(3.14011 0.491416 0.0622455)
(3.10988 0.472364 -0.0665279)
(2.80525 0.36855 -0.0917495)
(3.14011 0.491416 0.0622455)
(3.76356 0.92821 -0.0390806)
(3.62892 1.00024 -0.00791003)
(3.76356 0.92821 -0.0390806)
(3.71303 0.993584 0.00802282)
(2.85393 0.366925 0.0696183)
(1.66966 -0.228079 -0.163023)
(3.07742 0.431527 -0.00814999)
(2.72058 0.448475 0.208619)
(3.62274 0.979096 0.00951843)
(3.71303 0.993584 0.00802282)
(2.91825 0.578752 -0.18792)
(1.56828 -0.0241269 0.32118)
(2.53422 0.172113 0.0540629)
(2.57071 0.156557 0.0389936)
(2.57071 0.156557 0.0389936)
(2.48328 0.12415 -0.0137988)
(1.37558 -0.0667264 -0.312778)
(2.49811 0.11822 -0.0188893)
(3.07742 0.431527 -0.00814999)
(2.48328 0.12415 -0.0137988)
(3.05995 0.420866 -0.0010865)
(1.88282 0.18785 0.340566)
(1.85541 0.132885 -0.33155)
(1.68605 0.0215711 -0.312053)
(2.49811 0.11822 -0.0188893)
(3.07742 0.431527 -0.00814999)
(1.38632 -0.0689196 0.31502)
(2.48328 0.12415 -0.0137988)
(1.37558 -0.0667264 -0.312778)
(2.42348 -0.0517591 -0.0442893)
(2.42348 -0.0517591 -0.0442893)
(2.49811 0.11822 -0.0188893)
(2.49811 0.11822 -0.0188893)
(1.74993 -0.291959 0.00265976)
(2.33753 -0.0862713 -0.00251767)
(1.81659 -0.281234 -0.0328102)
(1.81659 -0.281234 -0.0328102)
(2.36592 -0.0812106 -0.0176611)
(2.47823 0.112667 -0.00244262)
(3.71795 0.943959 -0.0234699)
(1.74993 -0.291959 0.00265976)
(2.47823 0.112667 -0.00244262)
)


// ************************************************************************* //
