/*--------------------------------*- C++ -*----------------------------------*\
| =========                 |                                                 |
| \\      /  F ield         | OpenFOAM: The Open Source CFD Toolbox           |
|  \\    /   O peration     | Version:  2312                                  |
|   \\  /    A nd           | Website:  www.openfoam.com                      |
|    \\/     M anipulation  |                                                 |
\*---------------------------------------------------------------------------*/
FoamFile
{
    version     2.0;
    format      ascii;
    arch        "LSB;label=32;scalar=64";
    class       volScalarField;
    location    "6";
    object      p;
}
// * * * * * * * * * * * * * * * * * * * * * * * * * * * * * * * * * * * * * //

dimensions      [0 2 -2 0 0 0 0];

internalField   nonuniform List<scalar> 
2958
(
-761400
-746802
-597720
-784533
-849613
-599005
-747401
-777708
-849310
-787615
-760224
-912860
-782822
-912918
-772366
-761428
-811523
-782325
-913107
-764987
-913325
-793540
-866534
-812505
-782463
-764758
-820036
-870227
-771631
-759284
-764370
-2.78228e+06
-966430
-2.5225e+06
-772433
-772397
-912820
-907071
-765207
-773478
-650343
-773986
-745325
-762512
-912989
-564302
-760222
-1.24604e+06
-774481
-1.12443e+06
-760732
-775003
-809892
-761372
-761160
-782968
-819109
-793265
-762670
-589713
-765039
-764498
-754427
-759802
-913141
-912949
-761740
-778011
-567110
-776825
-833795
-912822
350392
-762891
-915509
-751881
-765343
-753861
-894660
-760411
-782370
-811208
-886209
-889538
-763703
-765924
-806281
-766096
-775840
-958521
-767310
-774715
-758202
-913291
-804851
-751209
-766963
-785738
-912947
-912898
-780190
-762650
-756154
-772354
-856518
-794463
-912836
-772015
-911785
-754205
-820752
-760683
-911166
-786081
-912807
-912817
-765773
-760984
-814577
-761791
-773729
-912859
-758558
-781834
-773834
-764456
-769043
-723810
-762015
-913936
-914339
-912458
-761081
-912801
-912938
-913058
-789165
-763001
-912792
-912930
-764564
-562102
-916744
-912920
-762268
-776924
-914523
-912894
-765836
-912900
-764964
-767619
-792334
-824765
-780334
-912670
-915955
-761609
-748529
-824996
-783017
-795731
-772537
-912917
-741333
-779551
-923766
-912944
-782503
-756093
-2.26059e+06
-912844
-890960
-740419
-910115
-635582
-853579
-711524
-827996
-569208
-1.14416e+06
-724058
-779270
-849854
-744644
-801858
-727609
-911760
-796175
-775145
-813291
-786467
-594400
-788791
-766020
-771198
-750405
-2.10477e+06
-760074
-788034
-792661
-912667
-761436
-735965
-780666
-886057
-814739
-890075
-807438
-776763
-912930
-959170
-912539
-725648
-912409
-826388
-759546
-912745
-913045
-912884
-914397
-732642
-749076
-811186
-927460
-760675
-872754
-913123
-743702
-463913
-704827
-1.61771e+06
-752987
-861491
-771395
-914724
-912555
-761941
-912586
-736032
-913477
-736858
-779118
-871577
-765341
-729960
-694524
-785236
-762337
-763770
-795767
-776220
-765732
-567811
-782504
-774999
-761111
-767448
-766422
-787445
-761439
-954950
-216774
-574949
-799031
-761123
-780479
-763783
-851474
-965103
-912832
-812768
-761605
-912843
-721999
-763754
-911758
-1.55881e+06
-913031
-720296
-912856
-917915
-800179
-767685
-598679
-912886
-824159
-810505
-829319
-759298
-811042
-824521
-912805
-912894
-836209
-374819
-912900
-761451
-912935
-813258
-797784
-673622
-768159
-823946
-764166
-832413
-799698
-954899
-763626
-762795
-911793
-762300
-759686
-912869
-714035
-926236
-925838
-748427
-795592
-764164
-1.39752e+06
-831250
-765116
-793725
-744418
-964943
-760630
-909469
-821057
-602768
-826154
-811958
-912871
-912783
-237958
-912794
-630022
-711068
-627641
-912066
-766259
-759987
-584322
-873115
-911653
-708877
-911601
-770088
-758470
-763019
-863130
-784882
-2.54312e+06
-770126
-775277
-761820
-912818
-765627
-526566
-762609
-605521
-762185
-772744
-298918
-774169
-2.06465e+06
-748731
-810282
-781600
-4.50291e+06
-761221
-1.13458e+06
-912876
-775467
-761100
-109844
-760968
-791266
-379850
-853597
-764683
-757762
-914199
-765343
-783835
-908847
-764896
-2.1862e+06
-928602
-914019
-782638
-912712
-860313
-826268
-759989
-568716
-601388
-912880
-913509
297749
-762883
-760845
-824466
-778524
-760526
-762276
-770870
-765998
-762010
-758182
-764754
-782165
-759874
141338
-763585
289470
-747725
-782133
-762563
-762590
-912991
-741420
-882909
-786455
-773799
-966543
-822746
-773695
-761356
-775151
-892388
-770237
402576
-773967
-790398
-899905
-894673
-790061
-764324
-913034
-777230
-788861
-760966
-773412
-582176
-877307
-910835
-2.68387e+06
-910308
-824084
-910256
-3.00387e+06
-772637
-762984
-764364
-772023
-912849
-761530
-825619
-912913
-582315
-780932
-765702
-782714
-761895
-748511
-676058
-754991
-761743
-514921
-784674
-912860
-798274
-473247
-762671
-832996
-757683
-842161
-240721
-761559
-781762
-538312
-913079
-1.14049e+06
-727313
-765834
-771473
-758227
6471.97
-760963
-704079
-715855
-777112
-763312
-808630
-761659
-817646
-913361
-913015
-914576
-800554
-913152
-913067
-762545
-779266
-912853
-799412
-777379
-769798
-766719
-913883
-912994
-762475
-912936
-760415
-760448
-180368
-825856
-827591
-763776
-997066
-822236
-761452
-722581
-761417
-761280
-824908
-953396
-761489
-770173
-761423
-958788
-129333
-913458
-797358
-748764
-814483
-602237
-764429
-761344
-770830
-760077
-912860
-762010
-915951
-796635
-761297
-870517
-912844
-715945
-912116
-912783
-755976
-755362
2.78356e+06
-770376
-770166
-761344
-753272
-783231
-763507
-770222
-759184
-762416
-761861
-760852
-913156
-761872
-734785
-761159
-756101
-763327
-911770
-912075
-899916
-805473
-913461
-798059
-912893
-772435
-725273
-713449
-754516
-767382
-765091
-941609
-910888
-912797
-735970
-798552
-912977
-913125
-764499
-789031
-966328
-841021
-769583
-818732
-762697
-904461
-912864
-763778
-907128
-762528
-721052
-762015
-841562
-778560
-889991
-912671
-761717
-1.12365e+06
-913023
-912919
-760600
-789542
-747033
-768374
-913010
-761881
-761708
-783263
-770457
-806333
-765439
-913857
-796290
-763534
-760439
-912924
-768694
-912891
-850416
-912898
-781327
-760438
-889927
-714877
-764413
-748065
-915686
-762262
-825228
-887012
-762659
-841402
-761410
-912480
-760007
-912821
-912952
-773833
-793824
-825840
-773866
-824600
-744800
-889823
-808294
-3.09097e+06
-211092
-888765
-911589
-900855
-904041
-913118
-815252
-910530
-763086
-759726
-4.55054e+06
-824123
-783002
-832971
-560342
-787060
-760805
-758226
-912498
-912804
-841254
-771781
-912795
-827022
-913074
-805040
-716731
-760683
-763037
-770665
-851742
-782938
-764587
-763972
-761376
-929256
-826823
-761964
-761939
-915987
-912290
-762322
-760513
-772957
-763867
-759613
-777919
-794116
-790378
-809970
-2.26437e+06
-816584
-818733
-762979
-757919
-788652
-798434
-760985
-739968
-858227
-828740
-916727
-825895
-804888
-913386
-773425
-912733
-899793
-748634
-913951
-760050
-820898
-772063
-779095
-884851
-789229
-761296
-726435
-912296
-763606
-761193
-778734
-879504
-766117
-762261
-929921
-768265
-748259
-718756
-770849
-786056
-1.14728e+06
-912871
-806246
-744337
-744998
-764412
-763584
-824025
-756975
-912745
-913190
-912849
-767538
-822594
-913001
-761077
-912740
-767573
-914834
-909363
-780727
-888917
-764146
-912899
-913202
-806911
-765056
-912891
-912891
-741010
-912847
-786658
-764621
-899062
120983
-760796
-915054
-777720
-761880
-763183
-770812
-761651
-765477
-569579
-852647
-928662
-760225
-763479
-761805
-739540
-909998
-763200
-771759
-766151
-806789
-762848
-747015
-741935
-783727
-2.32957e+06
-748038
-780849
-913077
-758082
-764718
-778553
-765663
-738117
-792626
-783135
-761127
-781194
-720284
-760505
-780035
-761066
-763949
-780582
-774728
-728574
-766262
-762362
-821356
-761960
-771234
-882502
-912829
-819483
-760789
-765794
-765978
-913019
-901745
-912857
-759493
-765508
-849944
-766502
-773330
-762971
-762825
-787542
-847968
-772266
-859060
-827694
-911628
-785656
-860241
-833912
-805294
-828711
-759702
-772601
-850592
-742380
-726558
-909408
-758117
-795046
-912920
-771554
-834438
-799877
2.76325e+06
-3.30663e+06
-912908
-900108
-760069
-912881
-912853
-912876
-1.91212e+06
-761999
-1.12336e+06
-810461
-827415
-759768
-782020
-830341
-761383
-847309
-912884
-728598
-797024
-757762
-784100
-819214
-784794
-705947
-879080
-912925
-723643
-818070
-824060
-839685
-805911
-497920
-914724
-782388
-735663
-748357
-2.98499e+06
-795624
-2.40509e+06
-793732
-997292
-810696
-757342
-2.30281e+06
-760170
-756648
-761533
-752341
-801214
-735716
-761255
-754975
-773689
-776910
-790455
-775705
-759079
-760449
-776035
-761602
-829549
-761681
-810528
-767373
-813884
-912869
-761076
-902960
-930603
-771642
-787667
-806793
-805545
-784485
-830476
-725095
-811117
-788510
-803870
-727139
-758055
-748536
-912886
-910776
-894212
-795346
-588130
-912906
-764449
-818209
-761788
-762380
-771843
-763199
-767685
-789840
-913243
-514278
-912666
-765237
-746338
-778408
-716509
-908793
-782310
-912875
-851349
-780103
-822602
-759675
-763090
-776861
-778310
-773453
-767734
-761769
-256647
-1.47738e+06
-762039
-783783
-769884
-819312
-98439.9
-722154
-787273
-562367
-764306
-1.38198e+06
-764648
-762272
-762070
-859381
-919316
-607425
-823463
-911558
-821413
-1.51652e+06
-760520
-912881
-805472
-807715
-885183
-761551
-782025
-823470
-880245
-804518
-858960
-760446
-761634
-870565
-781092
-913075
-848936
-767839
-761104
-912834
-912741
-772895
-912900
-911810
-879081
-761761
-814946
-912924
-912749
-763868
-964503
-760876
-765325
-773742
-912780
-794322
-760653
-805489
-783640
-913266
-774234
-912900
-760857
-912792
-912380
-912891
-779586
-763068
-929350
-766597
-783385
-803325
-761690
-760132
-801067
-913047
-758472
-910859
-837218
-811547
-912063
-859772
-793464
-773775
-721295
-787772
-766688
-850689
-2.9554e+06
-768841
-912600
-761484
-778089
-773952
-772869
-785368
-776092
-291487
-778287
-776496
-912907
-609780
-845728
-773772
-562867
-773655
-665584
-826613
-913173
-892576
-782177
-828915
-912061
-787880
-912836
-912938
-912891
-912809
-771373
-821853
-366397
-764586
-790205
-3.15336e+06
-788523
-823916
-821234
-759274
-822065
-762071
-759983
-763134
-820539
-822168
-1.71638e+06
-912555
-806662
-783232
-776066
-787717
-773190
-838154
-760803
-912535
-914030
-766658
-897457
-762551
-783475
-764703
-804512
-777505
-761208
-709696
-744787
-910039
-807055
-787555
-783384
-785985
-759194
-765338
-777095
-760698
-913035
-732818
-784309
-792139
-818521
-761820
-760820
-512239
-760357
-829503
-819462
-912735
-761869
-831825
-785355
-911811
-909892
-760093
-761174
-772369
-763763
-772658
3.18651e+06
-912895
-775823
-807125
-911623
-763641
-916528
-766020
-780725
-912900
-764918
-545698
-764003
-768597
-773436
-917465
-760770
-913269
-760215
-809832
-823517
-765821
-912802
-718540
-762160
-831419
-912940
-770051
-757750
-762171
-870846
-783089
-790110
-763041
-792832
-761733
-759006
-761358
-847486
-913097
-786323
-760284
-773308
-761130
-760774
419650
-827852
-910411
-760652
-770083
-912594
-761314
-916435
-775858
-910129
-827536
-798494
-771935
-726321
-772119
-914078
-719619
-760263
-762135
-776810
-822471
-761938
-780816
-913116
-912945
-754278
-752495
-912976
-904471
-782483
-764073
-544927
-825322
-787567
-641262
-728538
-760481
-547220
-826146
-764658
-792684
-764105
-761037
-903174
-795584
-2.21304e+06
-760112
-761310
-831983
-778646
-847797
-810726
-846121
-751919
-510118
-826639
-826266
-815132
-798233
-762558
-772072
-795881
-764758
-910535
-794927
-761429
-912965
-762310
-766240
-766265
-762736
-794392
-801591
-799388
-790981
-760079
-765990
-1.06928e+06
-761068
-764500
-772012
-765821
-827367
-913100
-789135
-744727
-910666
-760105
-768630
-721993
-764471
-866145
-766837
-773340
-898462
-763777
-762288
-1.66239e+06
-897986
-762509
-759966
-761413
-596666
-765253
-910144
-565792
-912834
-865627
-912876
-567547
-913127
-766154
3.2518e+06
-883893
-912966
-790603
-912896
-916221
-764745
-912727
-737359
-938527
-760270
-913007
-789339
-777302
-761088
-912966
-776232
-794176
-558776
-913071
-747284
-913907
-880759
-912715
-810204
-560586
-912296
-811346
-783250
-764906
-842021
-793733
-2.44887e+06
-577433
-910615
-797287
-912713
-902069
-776374
-762486
-914222
-800679
-966630
-788568
-762868
-744252
-817089
-762184
-849522
-817499
-769879
-814874
-913055
-913120
-770307
-829425
-769929
-843790
-767508
-913376
-912892
-847612
-850521
-774719
-190844
-769758
-762146
-812428
-915150
-912881
-912815
-746845
-858268
-483218
-758518
-757855
-819743
-781664
-774482
-794959
-761199
-912518
-783645
-759997
-762717
-856341
3.18243e+06
-913058
-762729
-763543
-758764
-913141
-769712
-1.87851e+06
-833153
-913174
-789668
-790374
-912990
-915881
-912928
-912886
-912909
-912949
-709641
-769982
-788517
-783670
-778904
-767623
-831809
-760597
-913018
-912842
-787531
-758172
-912911
-760153
-4.40962e+06
-913293
-764456
-770706
-3.39571e+06
-741736
-1.56019e+06
-749757
-819294
-829703
-761981
-785539
-763806
-912979
-858665
-781138
-759804
-913463
-856370
-763619
-762274
-912917
-778677
-740847
-783890
-764402
-769643
-762890
-912917
-761517
-719812
-772990
110846
-779860
-790337
-912021
-761826
-764391
-761039
-766297
-761954
-566462
-585122
-776844
-488835
-760069
-764678
-770418
-729109
-761204
-785019
-760285
-761877
-757519
-939406
-912890
-828589
-881466
-817643
-760924
466678
-824045
346573
-489884
-908408
-852131
-483200
-828593
-784748
-761184
-912829
-763567
-762067
-298097
2.77161e+06
-816441
-912852
-776452
474078
-764874
-771474
-784467
-912867
-761642
-821038
-769020
-695321
-762308
-912906
-762695
-912834
-822297
-838582
-781632
-760492
-760502
-761599
-912983
-789243
-767845
-772334
-781557
-836664
-781793
-797792
-760992
-789371
-784716
-725675
-763227
-773706
-759786
-912834
-924428
-571628
-772669
-816960
-925182
-811964
-720084
230937
-770813
-762172
-761930
-784429
-761917
-912272
-912542
-912979
-901241
-806359
-912898
-913038
-760570
-785647
-912939
-841698
-764574
-910319
-759495
-770188
-784190
-919103
-787402
-771014
-776599
-880654
-512253
-629450
-760433
-422159
-911339
-766086
-761618
-761653
-763586
-764073
-912836
-910827
-772653
-912855
-913064
-689739
-908198
-912994
-761220
-912891
-770403
-780347
-911152
-761120
-756426
-808895
-845295
-800607
-840915
-832802
-794021
-459308
-761450
-780066
-761864
-800528
-912996
-812271
-913043
-824748
-780291
-761385
-764174
-859654
-747724
-817962
-782529
-913013
-913008
-913033
-913282
-913343
-913361
-749260
-749918
-697962
-625406
-687656
-681323
-868067
-945089
-930261
-845418
-975947
-874026
-929553
-857547
-612154
-611592
-801113
-3.04144e+06
485470
-894541
-1.30726e+06
-1.15809e+06
-1.24098e+06
-984742
-909530
-1.13373e+06
-987890
-763761
-762694
-772940
-782141
-773100
-848999
-771434
-898286
-788830
-775323
-898303
-840367
-903848
-844577
-908736
-912900
-912826
-912971
-912867
-912725
-912780
-913052
-912940
-911824
-913098
-911187
-911135
-912173
-908876
-824189
-848378
-846284
-817419
-844739
-931680
-929923
-882862
-903385
-767197
-784824
-854916
-844985
-765840
-763966
-762985
-763056
-763621
-760454
-762867
-762535
-760910
-762673
-760027
-763706
-763590
-761312
-761673
-761983
-762229
-762059
-761904
-761729
-762108
-762239
-763331
-762907
-763327
-763958
-764142
-765135
-765936
-774999
-773723
-774811
-781238
-787419
-792195
-794182
-838053
-848019
-836374
-839906
-847874
-841071
-848961
-850523
-850290
-856528
-856132
-853422
-867178
-859975
-885928
-761852
-730701
-760673
-831078
-850862
-795219
-796172
-786840
-788313
-728041
-708425
-706367
-706850
-819865
-734721
-710424
-531907
-559433
-538528
-706604
-373502
-583172
-721097
-723836
-842108
-842517
-839764
-901171
-923453
-895236
-887533
-859357
-909754
-1.86463e+06
-2.2075e+06
-817187
-790384
-803706
-810472
-805422
-809817
-811623
-781167
-454374
-578527
-578821
-714239
-719247
-848626
-735524
-732464
-771530
-776299
-779137
-771149
-769241
-782466
-785260
-775821
-784042
-843143
-828836
-823679
-773280
-817040
-799766
-789235
-754239
-787802
-753826
-616372
-609399
-798047
-608723
-601822
-798248
-607138
-742330
-718994
-744224
-719261
-717598
-704968
-662405
-657431
-657957
-717324
-719211
-719206
-733747
-731732
-730939
-766206
-747660
-748826
-749130
-748677
-748814
-748714
-748571
-747233
-749002
-745687
-759800
-752513
-771425
-765117
-762801
-764424
-762671
-762571
-763112
-762433
-763741
-763092
-763388
-763147
-763153
-763988
-763257
-762482
-763023
-762566
-762860
-762125
-842870
-840818
-843444
-834834
-885005
-883890
-882542
-885335
-877949
-882350
-873490
-901501
-899715
-899733
-900747
-904601
-910999
-897856
-903204
-908987
-909356
-914691
-909678
-910435
-912307
-910254
-915161
-915224
-910302
-913006
-912969
-913095
-913017
-913037
-913029
-789357
-913001
-913026
-913128
-913156
-913080
-912863
-912873
-913060
-912803
-908298
-837350
-844165
-815626
-923924
-924737
-966038
-884850
-760361
-761720
-762074
-763086
-763394
-808714
-852731
-857112
-706694
-1.30415e+06
-766083
-793335
-723007
-817971
-786693
-577120
-567263
-728953
-911616
-906967
-2.71949e+06
-1.8262e+06
-811174
-810436
-966443
-777803
-769967
-791465
-771625
-769348
-776127
-787173
-784927
-794153
-776581
-820998
-776451
-607141
-599627
-603225
-743463
-697729
-718836
-702275
-689074
-733367
-765481
-766614
-749196
-749299
-748741
-748180
-765227
-762962
-763111
-761543
-764821
-763384
-763570
-765579
-763305
-762621
-763030
-762548
-845456
-877507
-884049
-898216
-896903
-909251
-897840
-903358
-915168
-910242
-909569
-909293
-911976
-884470
-913080
-913057
-913026
-912979
-913035
-913184
-912963
-913111
-912981
-912905
-912928
-912900
-912894
-912908
-912901
-912878
-912918
-912814
-912856
-912883
-912847
-912867
-912911
-912852
-912919
-912797
-913108
-913068
-913201
-913148
-912734
-912826
-912048
-912771
-911600
-913177
-912991
-916898
-916452
-916075
-916406
-910223
-847510
-755582
-762605
-762667
-764360
-764504
-784621
-770127
-771002
-777034
-833810
-816416
-827447
-767949
-836319
-761322
-759707
-759895
-761086
-760856
-760501
-760555
-761831
-760984
-761916
-762460
-761059
-762010
-764389
-763699
-764857
-764352
-764402
-765392
-765435
-765660
-765230
-765148
-767775
-766716
-769346
-770500
-765329
-771425
-770578
-772774
-775879
-774950
-780243
-780144
-779720
-782246
-782011
-782026
-783448
-783351
-783691
-790529
-787884
-786948
-794697
-787142
-786679
-782282
-786239
-782936
-768297
-781008
-783649
-781973
-767630
-783920
-816242
-766372
-768212
-817147
-761856
-746120
-741219
-761528
-741035
-584424
-724867
-820798
-815303
-807230
-768324
-799631
-795156
-789160
-915738
-818433
-759911
-722258
-520389
-788119
-859907
-1.46353e+06
-1.08035e+06
-2.10176e+06
-766056
-865096
-826042
-823110
-818381
-823618
-819229
-818356
-811780
-820669
-703640
-744941
-774992
-851204
-778532
-767470
-771883
-775993
-793539
-777832
-790207
-787640
-780517
-764632
-770199
-770600
-771428
-787784
-786116
-784087
-785251
-783985
-792026
-787002
-788570
-794840
-793888
-785872
-788728
-787547
-790340
-788280
-851513
-788685
-595804
-798463
-770054
-761375
-690744
-726439
-717189
-770542
-696456
-707891
-737707
-734174
-771017
-772546
-759951
-733230
-774508
-772529
-761453
-765732
-761897
-758159
-758571
-758548
-757817
-758185
-758796
-757754
-758343
-758567
-758420
-759386
-757476
-758678
-760580
-757750
-761291
-758247
-759198
-759964
-760589
-760240
-759676
-760058
-760386
-760573
-760367
-761573
-760919
-769687
-760493
-760098
-760664
-833863
-879212
-833733
-909579
-910615
-911140
-910605
-909493
-910485
-911243
-899572
-910987
-911802
-770722
-913224
-914956
-912212
-912978
-913103
-912943
-912980
-768363
-912939
-912945
-912903
-912952
-912832
-912795
-913069
-912878
-912928
-912750
-912980
-913000
-1.2306e+06
-760529
-774344
-765804
-764724
-764286
-912916
-912924
-912919
-912907
-912913
-912886
-912863
-912871
-912831
-912889
-912953
-912925
-912961
-912906
-912943
-913059
-912913
-912990
-912710
-768364
-912754
-912601
-912707
-912153
-916390
-916279
-915516
-913066
-966358
-997550
-842221
-759951
-766391
-766502
-763991
-762174
-764182
-764535
-763242
-772105
-781327
-788189
-796808
-777494
-789694
-807341
-762059
-761262
-760279
-761676
-761116
-761508
-761316
-761469
-760513
-761301
-759255
-762229
-762107
-761227
-761132
-761785
-761516
-760974
-761489
-761521
-761458
-761209
-761639
-762505
-760737
-761423
-763083
-764878
-762561
-760991
-763552
-762715
-762958
-764301
-773794
-765473
-764566
-765289
-787432
-777699
-765913
-766039
-766209
-766026
-766151
-766294
-765935
-767594
-777732
-794326
-769884
-782547
-821329
-826052
-789503
-786871
-789763
-790294
-798259
-784508
-781589
-762115
-772185
-761669
-777035
-785825
-769593
-770108
-775386
-776145
-776249
-767314
-769617
-765648
-768985
-750550
-785977
-775866
-769684
-741635
-741102
-588984
-739591
-701802
-613574
-694602
-770463
-778737
-761322
-764276
-759267
-812714
-803491
-805628
-792167
-824953
-823194
-824978
-799164
-858938
-836014
-765222
-2.30656e+06
-1.13016e+06
-776496
-779942
-781781
-857891
-842254
-847475
-843833
-832686
-830202
-835973
-831430
-833247
-823700
-813039
-806228
-824301
-722733
-815265
-815091
-748271
-798378
-754243
-753957
-750077
-768885
-770464
-770438
-780160
-791644
-788476
-780716
-783496
-789414
-789787
-787275
-782915
-789097
-789525
-784145
-788781
-788031
-789862
-787416
-784543
-786956
-791023
-783611
-783645
-783073
-776261
-774535
-770336
-758323
-723226
-768318
-744182
-794455
-795433
-780272
-815390
-780169
-779858
-774714
-752879
-776489
-773445
-780272
-770402
-759002
-764946
-771373
-763854
-759190
-757789
-761276
-761349
-757769
-761553
-761535
-761316
-761719
-762486
-761800
-758389
-761431
-762672
-763514
-762290
-760063
-759772
-760763
-762886
-760971
-783591
-759924
-759329
-761500
-760068
-760468
-760140
-759871
-759774
-760489
-760008
-760543
-760716
-761171
-761229
-761213
-760381
-760882
-760533
-760967
-761586
-760058
-759885
-914265
-841986
-915728
-914503
-909447
-915376
-910009
-916015
-912896
-912302
-911549
-911855
-912701
-912190
-912487
-912726
-913140
-912961
-913012
-912929
-912963
-913042
-912953
-912923
-912914
-912879
-912783
-912901
-912795
-913093
-912823
-912864
-912894
-912843
-792156
-783672
-777831
-767049
-774725
-776876
-772050
-777669
-778362
-764307
-763860
-793748
-763270
-764798
-780530
-764142
-765915
-765225
-912789
-912840
-912944
-912881
-915619
-913241
-914732
-914202
-776645
-778815
-791155
-774007
-727713
-912984
-912942
-912846
-912908
-912845
-913053
-912895
-913010
-913016
-913001
-912965
-912970
-913058
-912975
-912750
-912893
-916046
-763758
-764242
-764592
-765440
-784318
-783120
-783007
-780126
-761777
-763953
-762824
-760775
-760844
-761082
-761535
-761092
-761410
-760484
-761341
-759013
-759155
-761101
-760852
-760514
-761491
-758706
-760153
-757579
-761792
-762744
-762230
-760437
-766290
-761457
-761202
-767426
-765516
-768892
-912819
-912847
-793578
-792417
-790032
-793612
-789426
-790240
-779271
-777282
-783254
-781167
-778536
-780250
-777899
-777307
-771330
-766748
-765404
-773986
-769075
-798386
-771989
-783785
-806860
-793053
-810842
-804363
-785981
-828231
-837496
-832547
-844152
-845105
-829376
-826374
-845749
-780911
-781062
-782848
-822743
-812292
-803495
-816737
-798606
-798005
-762814
-789087
-788392
-790569
-781773
-783963
-777303
-781119
-774746
-913902
-911872
-912822
-913806
-912683
-912548
-912942
-912898
-912746
-912981
-912863
-912882
-912913
-912838
-912924
-706012
-789925
-794170
-792080
-763807
-912910
-790204
-778121
-915840
-796494
-831835
-826510
-912597
-912848
-791402
-786282
-823127
-817836
-775981
-789160
-784107
-786841
-730339
-774875
-761683
-760925
-760203
-910017
-911922
-911936
-913007
-912929
-913132
-764345
-765339
-913043
-912778
-915899
-763868
-763423
-912952
-768230
-768103
-769631
-788254
-771722
-743976
-735205
-773944
-781166
-777383
-784569
-771699
-788105
-789062
-789422
-785618
-772024
-759902
-760210
-761228
-912949
-912827
-912002
-912846
-912916
-789587
-786259
-913825
-789132
-762065
-758800
-912822
-760161
-787807
-787386
-753714
-912977
-912959
-779849
-913339
-913408
-700005
-986749
-607293
-912845
-965236
-898231
-774813
-912826
-899182
-771667
-849061
-862332
-762975
-912953
-761794
-912960
-853826
-725274
-912760
-930571
-801410
-781436
-774996
-773438
-774110
-668984
-748044
-760605
-763709
-760109
-760021
-762441
-762978
-764302
-762455
-838067
-761033
-883346
-884430
-885138
-900640
-761427
-897965
-761433
-912073
-913517
-884172
-910175
-913025
-886013
-913138
-769019
-760406
-780236
-760434
-762582
-900119
-908708
-913042
-782233
-912972
-904887
-869632
-761415
-775847
-777566
-772812
-760123
-754632
-784517
-783697
-787320
-734777
-760044
-759445
-760869
-760167
-837346
-908216
-912600
-915240
-912965
-784114
-912885
-913057
-764909
-912855
-788925
-912938
-912873
-760914
-789747
-761228
-763736
-764745
-769378
-772605
-769686
-778340
-735128
-717855
-912782
-912785
-912779
-912796
-774101
-777010
-774773
-774217
)
;

boundaryField
{
    Wall
    {
        type            zeroGradient;
    }
    Inlet
    {
        type            zeroGradient;
    }
    Outlet
    {
        type            fixedValue;
        value           uniform 0;
    }
    Empty
    {
        type            empty;
    }
}


// ************************************************************************* //
