/*--------------------------------*- C++ -*----------------------------------*\
| =========                 |                                                 |
| \\      /  F ield         | OpenFOAM: The Open Source CFD Toolbox           |
|  \\    /   O peration     | Version:  2312                                  |
|   \\  /    A nd           | Website:  www.openfoam.com                      |
|    \\/     M anipulation  |                                                 |
\*---------------------------------------------------------------------------*/
FoamFile
{
    version     2.0;
    format      ascii;
    arch        "LSB;label=32;scalar=64";
    class       vectorField;
    location    "0.70005/lagrangian/kinematicCloud";
    object      U;
}
// * * * * * * * * * * * * * * * * * * * * * * * * * * * * * * * * * * * * * //


150
(
(-0.081121 0.0102768 0.0561448)
(0.445955 -0.468726 -0.0323976)
(1.47878 0.585825 -0.134347)
(1.48152 0.575446 0.130966)
(1.47878 0.585825 -0.134347)
(1.47878 0.585825 -0.134347)
(2.6936 0.731392 0.134068)
(0.573868 0.495948 -0.196495)
(1.70758 0.593297 0.0958629)
(3.15487 0.862233 0.154296)
(2.12503 0.579459 0.146968)
(3.2041 0.869211 -0.111043)
(3.15487 0.862233 0.154296)
(0.573868 0.495948 -0.196495)
(2.14529 0.58111 -0.15016)
(2.07982 0.545033 -0.116633)
(2.05911 0.543988 0.11335)
(2.75714 0.763376 0.176156)
(2.70797 0.734099 -0.135372)
(2.6783 0.723363 0.180873)
(0.197019 0.432891 -0.253262)
(1.53955 0.443749 -0.145271)
(2.23632 0.613271 -0.197959)
(1.45419 0.431558 0.0939107)
(0.241047 0.432702 0.232556)
(-0.567825 0.401495 -0.140927)
(0.197019 0.432891 -0.253262)
(0.892755 0.364317 -0.106652)
(-0.558076 0.399307 0.129508)
(-0.558076 0.399307 0.129508)
(2.00752 0.339971 -0.14168)
(0.241047 0.432702 0.232556)
(-0.558076 0.399307 0.129508)
(-0.0789115 0.327233 -0.261896)
(-0.420585 0.410442 -0.409514)
(-0.567825 0.401495 -0.140927)
(0.828399 0.305118 -0.160446)
(0.787601 0.304558 0.157091)
(1.44006 0.167437 0.127013)
(-0.735033 0.340355 0.0404492)
(0.838455 -0.0671925 -0.04515)
(0.612463 0.0209446 -0.0144472)
(-0.735033 0.340355 0.0404492)
(-0.733094 0.3413 -0.041601)
(-0.190563 0.174105 -0.393628)
(-0.0328072 0.323893 0.238234)
(0.474766 0.0238815 0.0665899)
(-0.897687 0.111948 -0.00966908)
(-0.735033 0.340355 0.0404492)
(-0.735033 0.340355 0.0404492)
(0.742547 -0.0752 0.0734277)
(0.464862 0.0251212 -0.073133)
(2.09687 0.317909 -0.0854626)
(-0.735033 0.340355 0.0404492)
(-0.0328072 0.323893 0.238234)
(0.699382 -0.000312421 0.0393758)
(2.09687 0.317909 -0.0854626)
(-0.733094 0.3413 -0.041601)
(2.77696 2.63725 -0.0738853)
(-0.245589 -0.109947 -0.208866)
(2.77986 0.582519 -0.179962)
(0.0525263 -0.0146464 -0.15158)
(0.617912 0.485291 -0.499107)
(0.57205 0.735446 -0.286685)
(1.70221 1.50822 -0.018726)
(-0.477688 -0.86921 0.09927)
(-0.61273 -0.984473 0.271969)
(1.79733 -0.671616 0.873055)
(0.182322 -0.617685 -0.352391)
(1.27753 -1.13916 0.133157)
(0.0919644 0.0239336 -0.0025864)
(4.33763 2.43612 0.00635464)
(0.632891 0.6278 0.0128227)
(3.83437 0.610214 -0.0965122)
(3.82686 0.580788 0.086182)
(3.83437 0.610214 -0.0965122)
(3.83437 0.610214 -0.0965122)
(3.82686 0.580788 0.086182)
(3.82686 0.580788 0.086182)
(4.13197 0.917862 -0.0542915)
(4.0653 1.02339 -0.0525506)
(4.15044 0.981989 -0.0492629)
(4.13115 0.919565 0.0541863)
(3.82686 0.580788 0.086182)
(3.94868 0.835728 -0.0931003)
(3.98919 0.757538 0.126629)
(3.99837 0.767852 -0.124003)
(4.05994 1.02258 0.0532577)
(4.13115 0.919565 0.0541863)
(4.13197 0.917862 -0.0542915)
(4.06708 0.808467 -0.0483133)
(3.76445 0.850076 0.0808603)
(2.953 0.730434 -0.0862433)
(4.05994 1.02258 0.0532577)
(3.78597 0.465492 -0.0929757)
(3.46367 0.839202 -0.081314)
(3.87952 1.01702 0.0641613)
(3.77047 0.432603 0.0796924)
(2.95697 0.714907 0.0847095)
(4.07711 0.783451 0.0354276)
(3.94321 0.673247 -0.14727)
(3.94321 0.673247 -0.14727)
(3.79381 0.508691 0.151823)
(3.59364 0.257838 -0.0520445)
(3.8343 1.00763 0.0614121)
(2.30026 0.657928 0.0998012)
(3.80858 0.523204 -0.149982)
(3.79381 0.508691 0.151823)
(3.01139 0.782326 -0.0978804)
(3.58612 0.962586 0.0844623)
(3.79381 0.508691 0.151823)
(3.79381 0.508691 0.151823)
(3.80858 0.523204 -0.149982)
(3.71105 0.488036 0.0990499)
(3.79381 0.508691 0.151823)
(3.01139 0.782326 -0.0978804)
(3.60702 0.999259 0.11238)
(3.01139 0.782326 -0.0978804)
(3.84071 1.03889 -0.0902591)
(3.6123 0.371686 0.094332)
(2.70257 -0.37851 0.235061)
(3.56293 0.219024 0.0373514)
(4.18949 1.0485 0.187058)
(3.52948 0.942717 0.07736)
(3.84071 1.03889 -0.0902591)
(4.2001 1.13561 -0.15336)
(2.97249 0.195744 0.343319)
(3.47612 0.152861 -0.0961344)
(3.45686 0.142695 -0.0743079)
(3.45686 0.142695 -0.0743079)
(2.98093 -0.128455 -0.206207)
(2.82683 0.0967926 -0.355361)
(3.08896 -0.186233 -0.19693)
(3.56293 0.219024 0.0373514)
(2.98093 -0.128455 -0.206207)
(3.59364 0.257838 -0.0520445)
(3.16416 0.545795 0.323038)
(3.16401 0.462178 -0.329791)
(3.06247 0.283823 -0.325594)
(3.08896 -0.186233 -0.19693)
(3.56293 0.219024 0.0373514)
(2.82378 0.095725 0.355795)
(2.98093 -0.128455 -0.206207)
(2.82683 0.0967926 -0.355361)
(3.41914 -0.109121 0.129912)
(3.41914 -0.109121 0.129912)
(0.987499 0.266987 0.064711)
(3.08896 -0.186233 -0.19693)
(-0.159089 -0.217889 -0.00640849)
(-0.883553 -0.914462 0.0280768)
)


// ************************************************************************* //
