/*--------------------------------*- C++ -*----------------------------------*\
| =========                 |                                                 |
| \\      /  F ield         | OpenFOAM: The Open Source CFD Toolbox           |
|  \\    /   O peration     | Version:  2312                                  |
|   \\  /    A nd           | Website:  www.openfoam.com                      |
|    \\/     M anipulation  |                                                 |
\*---------------------------------------------------------------------------*/
FoamFile
{
    version     2.0;
    format      ascii;
    arch        "LSB;label=32;scalar=64";
    class       volScalarField;
    location    "0.4";
    object      p;
}
// * * * * * * * * * * * * * * * * * * * * * * * * * * * * * * * * * * * * * //

dimensions      [0 2 -2 0 0 0 0];

internalField   nonuniform List<scalar> 
2958
(
167.896
162.951
122.958
152.204
152.221
123.959
177.426
172.266
181.277
173.257
176.704
191.255
175.573
178.365
169.889
178.414
154.117
175.489
177.291
170.549
179.446
152.753
179.072
172.791
175.519
170.736
149.466
175.088
179.883
176.421
172.12
156.793
184.502
162.986
174.534
164.176
196.189
180.354
175.193
173.612
-1365.59
174.776
176.816
177.055
234.166
174.087
176.626
163.923
144.074
174.689
177.36
163.207
179.956
175.259
177.661
165.398
177.623
178.705
178.442
-1130.25
176.767
187.258
175.723
176.358
193.101
176.772
175.312
163.43
189.364
176.212
153.583
180.471
149.933
184.157
172.538
176.044
176.803
176.183
174.437
177.265
175.58
158.463
173.465
173.077
175.45
175.438
158.981
175.399
162.501
176.368
174.95
161.415
175.026
177.408
162.183
180.134
163.872
133.778
174.456
199.452
92.2743
178.572
179.43
160.315
171.328
182.873
189.644
119.071
182.682
182.932
118.765
175.556
168.667
175.426
177.478
179.809
175.61
175.029
162.609
177.924
176.992
191.141
174.879
164.83
175.812
176.747
165.26
158.804
178.092
177.624
173.242
218.193
179.868
153.825
176.83
176.79
175.19
177.566
174.91
175.894
178.357
160.999
178.876
175.837
178.636
159.274
171.496
194.742
160.598
182.928
168.894
164.061
173.056
184.524
175.197
181.706
173.486
180.554
177.017
174.854
174.917
173.922
176.152
199.14
171.55
173.231
175.406
176.523
172.42
117.283
187.209
191.802
170.604
161.178
168.566
97.1995
183.65
160.554
159.778
189.625
181.726
157.62
175.502
81.1745
162.466
160.918
163.163
181.814
151.328
99.1566
159.924
164.018
162.008
178.308
164.162
179.954
163.638
185.207
181.418
176.52
172.355
158.581
167.688
159.473
163.292
265.162
172.272
264.609
161.082
143.334
172.981
176.286
177.092
161.372
179.805
164.882
176.54
174.391
176.221
169.286
184.458
160.96
177.155
160.449
-25.8503
176.489
175.189
176.715
159.688
142.562
164.212
154.666
157.199
155.607
179.528
184.797
184.347
178.704
183.665
208.809
179.227
207.272
178.772
175.046
169.335
107.809
190.416
175.734
176.114
177.347
170.152
171.028
175.841
176.182
128.006
159.808
175.097
159.551
174.07
155.236
178.675
177.989
157.03
-1412.56
173.965
175.651
169.818
174.795
160.813
180.112
198.486
159.989
175.743
202.597
161.326
175.918
174.903
156.702
172.652
159.443
194.115
181.657
173.658
175.706
157.213
179.297
182.871
177.947
104.888
176.055
173.381
142.355
174.689
195.958
177.299
163.858
178.136
179.177
179.581
177.666
177.322
149.721
159.982
163.841
172.45
164.957
119.437
177.857
175.38
183.171
175.524
178.687
175.696
175.212
160.146
-24.1667
146.818
177.106
160.761
174.734
157.131
160.043
175.275
164.282
118.868
180.204
176.716
172.055
75.3715
59.1548
157.571
178.276
196.921
174.547
137.146
175.037
188.176
73.675
187.321
174.801
175.363
161.242
150.726
156.14
179.713
164.165
179.896
165.717
177.035
166.474
180.942
175.53
184.135
194.809
160.482
175.202
173.556
174.98
143.181
179.718
60.1303
177.022
158.601
179.273
175.372
202.727
177.226
175.928
178.567
158.634
174.976
153.071
172.739
155.861
175.502
158.185
177.529
169.503
150.346
158.937
176.552
174.571
172.191
175.015
156.603
173.393
176.257
181.352
185.117
174.737
174.409
185.703
198.116
154.061
184.57
283.052
59.4031
175.881
179.729
145.323
202.638
174.933
153.73
96.8893
177.216
178.254
160.659
175.355
177.934
176.227
189.636
175.511
176.296
156.716
159.122
144.62
152.049
163.147
176.673
176.846
232.981
170.394
160.162
185.966
171.032
179.619
160.913
171.319
179.071
162.861
149.895
175.593
152.579
172.717
171.116
158.631
160.012
168.563
176.904
173.402
158.492
158.954
177.642
176.186
161.314
169.258
172.096
173.662
172.191
160.421
166.462
158.618
177.23
158.238
176.804
148.836
178.649
184.838
152.98
179.317
161.071
86.3356
175.933
177.754
175.118
177.814
151.763
174.974
175.391
173.378
177.383
191.423
177.302
173.051
175.137
153.935
174.864
157.604
133.099
175.246
175.449
163.434
192.39
181.524
164.439
174.253
175.83
175.102
133.424
171.307
157.9
164.433
154.02
174.012
165.23
182.401
177.524
175.904
178.144
180.162
162.943
176.19
191.563
167.08
161.015
179.009
120.939
159.427
146.046
173.269
172.333
176.681
178.511
177.407
178.267
177.085
147.238
158.296
159.202
168.498
179.121
156.88
222.531
162.318
179.051
162.641
163.968
178.347
175.286
167.232
175.267
176.226
157.647
176.724
170.431
177.18
138.421
161.268
179.592
175.295
172.054
175.495
188.703
157.73
181.953
170.797
175.395
178.811
177.338
161.447
175.54
176.855
161.855
195.688
102.543
176.691
172.261
179.723
175.532
160.853
176.312
162.386
176.99
179.755
177.608
178.877
200.745
175.422
209.287
180.546
197.662
175.715
175.526
174.342
171.76
163.763
178.973
174.369
189.435
176.123
158.343
160.223
175.556
159.508
179.651
178.163
176.469
179.283
160.399
177.75
184.922
177.725
175.359
183.28
179.666
192.711
175.017
194.573
177.461
171.805
196.664
173.394
173.069
168.514
161.645
176.874
159.084
176.999
172.593
172.367
178.096
174.146
192.077
178.094
178.328
168.287
177.163
160.317
236.503
222.294
182.867
176.992
172.382
158.408
175.17
172.185
159.331
175.479
176.393
160.932
165.12
163.141
161.689
168.84
179.141
175.742
171.135
175.742
174.973
176.879
180.619
174.227
158.303
171.172
176.826
158.951
159.969
215.645
176.151
177.598
202.763
176.963
185.515
163.379
174.674
153.703
162.993
171.711
173.324
174.818
154.76
171.628
172.778
144.842
171.97
174.054
158.705
170.788
181.105
174.907
157.573
150.78
162.471
102.413
167.354
162.743
185.038
203.679
213.131
179.352
156.561
167.818
180.192
160.3
174.894
157.26
154.603
178.289
172.649
160.967
160.861
161.937
179.133
171.881
168.826
185.308
180.391
179.459
178.037
170.864
178.651
166.083
175.905
172.96
178.828
176.334
144.251
81.9162
171.021
153.844
154.553
152.097
149.542
178.116
176.662
175.692
173.268
183.548
170.683
156.981
169.463
184.779
154.773
181.974
177.38
160.979
163.112
2.29558
176.978
163.937
92.8675
118.862
166.208
162.201
177.503
174.628
173.254
182.615
179.311
175.089
168.974
184.03
69.4188
175.116
177.653
185.188
148.505
177.188
162.416
146.263
134.821
182.299
189.216
118.788
225.494
228.997
175.457
173.295
157.507
181.103
179.11
175.567
177.557
149.034
155.204
179.718
170.829
175.445
149.218
171.742
173.095
165.039
265.012
173.147
169.159
175.692
185.283
168.401
206.804
176.681
160.167
196.551
176.378
177.563
171.315
156.369
180.01
172.09
163.116
175.955
175.153
177.593
177.093
174.97
190.527
161.005
185.162
175.995
174.496
180.607
159.534
167.872
181.42
112.699
175.395
184.576
176.762
175.616
163.466
160.966
155.994
176.75
174.934
178.105
175.326
165.302
150.204
175.256
222.765
85.3779
175.596
178.337
175.434
203.025
176.286
162.909
179.07
171.784
164.12
168.195
151.447
175.646
177.553
118.512
177.516
160.383
175.081
184.37
173.565
175.397
165.044
175.266
202.907
183.047
198.469
180.619
175.077
185.869
175.509
168.716
177.716
178.147
172.808
179.539
161.418
175.45
152.243
180.461
175.79
175.549
159.639
142.849
185.084
176.026
101.463
186.367
157.593
177.642
174.303
174.99
174.182
199.595
162.939
76.189
120.602
105.48
156.166
178.348
182.725
176.541
178.266
178.961
178.334
202.504
180.195
174.182
151.171
159.027
175.892
162.578
105.062
176.921
162.076
181.76
156.221
170.778
175.022
175.797
159.712
178.946
157.602
63.2448
177.882
178.149
145.021
137.568
154.977
164.635
149.656
177.149
175.599
161.147
176.005
178.09
174.253
183.584
169.021
178.959
160.729
174.063
191.438
157.759
179.342
175.386
174.664
160.309
158.075
174.074
156.146
161.961
162.791
173.921
164.114
193.982
174.997
162.006
175.403
156.069
175.513
160.563
175.578
143.455
178.422
173.031
171.99
149.507
148.066
174.687
185.016
160.529
174.17
160.939
182.812
91.2833
165.196
161.23
183.604
175.008
177.217
179.15
170.221
148.425
153.586
178.245
197.65
176.936
194.176
156.707
176.404
147.923
160.43
175.863
88.008
177.308
143.388
183.99
175.249
232.976
170.088
192.05
173.143
175.556
227.141
160.8
172.973
155.613
176.397
178.841
159.29
159.337
161.645
175.19
175.867
141.202
157.073
180.043
175.666
150.158
147.965
157.857
156.029
163.037
167.205
174.977
165.962
164.96
179.467
179.653
197.458
178.653
60.9705
158.897
175.03
78.4184
159.464
172.982
186.631
177.45
179.338
178.108
175.942
170.883
84.423
174.528
147.357
197.153
177.819
180.332
159.242
147.451
177.345
186.633
154.257
175.155
173.96
175.221
175.981
201.516
174.893
169.622
179.485
172.375
176.014
157.953
156.214
180.613
187.691
175.109
175.93
176.685
177.692
181.786
143.151
157.086
172.867
179.09
177.121
176.904
160.772
178.007
177.427
177.68
174.595
185.098
175.508
175.637
164.237
185.689
175.021
159.088
174.849
165.837
167.876
83.9306
176.706
172.98
181.094
171.842
158.16
161.494
170.962
175.546
160.737
152.566
164.695
172.675
176.068
161.813
175.588
175.672
174.748
174.808
179.081
174.79
167.493
233.313
61.0834
159.067
176.187
166.548
175.565
169.295
158.635
168.67
170.553
174.792
157.444
177.891
172.987
228.843
175.459
198.962
174.607
160.95
164.169
164.122
175.331
155.491
156.408
158.02
154.776
160.591
160.303
177.408
175.558
180.015
176.365
160.327
162.027
156.037
179.125
142.766
177.03
162.367
171.298
172.743
192.741
174.999
178.317
177.531
191.867
183.956
180.417
175.657
175.294
171.225
161.394
168.033
144.976
209.703
174.974
174.192
175.278
164.297
171.831
188.625
175.187
167.815
189.064
173.167
140.359
167.651
172.129
155.414
178.224
182.456
174.132
177.311
168.951
154.282
177.382
179.689
168.272
171.296
177.955
172.848
176.405
175.239
171.478
175.991
166.309
154.428
208.158
172.072
143.998
172.243
167.388
171.055
175.445
160.797
197.87
178.211
213.296
177.224
172.793
171.433
170.279
177.07
168.358
180.003
174.174
79.2203
175.916
178.234
162.367
177.677
139.612
191.165
176.095
175.079
177.603
178.987
175.613
166.956
178.53
169.378
175.313
178.563
176.465
176.549
172.973
174.08
175.713
173.296
169.601
175.935
144.64
161.057
171.837
176.029
155.245
178.013
177.699
179.658
169.978
170.15
158.741
160.965
174.29
150.822
173.12
171.891
159.274
176.875
175.245
168.341
152.746
178.148
175.478
173.591
176.668
176.861
176.683
176.493
180.055
162.584
174.525
163.394
155.093
175.663
86.6031
177.801
177.674
163.995
160.214
176.94
171.314
177.662
176.126
161.144
170.112
183.974
176.579
183.078
184.604
162.829
161.258
172.887
166.369
176.051
142.996
140.058
162.122
171.799
166.924
195.187
149.219
166.093
169.971
172.034
157.189
184.248
175.755
175.695
175.433
175.451
175.349
147.176
177.339
156.46
156.332
176.852
175.412
156.365
177.676
174.232
155.921
178.48
157.138
173.162
175.198
207.039
169.363
175.667
175.447
161.086
180.173
175.264
175.535
161.474
171.316
180.123
175.31
159.492
2.68929
176.982
184.536
175.274
124.071
159.177
172.149
289.482
177.612
175.407
180.9
287.87
201.52
176.509
156.002
178.161
192.641
169.919
176.141
183.306
177.702
180.878
117.687
177.661
166.817
196.96
172.628
92.6722
176.647
174.309
170.985
182.552
211.098
179.995
162.853
182.39
174.999
173.396
173.931
211.569
178.404
79.8913
126.492
175.387
150.931
182.869
155.735
172.823
174.214
172.64
175.07
180.174
163.17
180.607
178.923
174.642
184.412
177.539
184.985
161.807
144.204
176.471
63.8714
147.343
171.869
160.954
173.222
193.214
170.567
164.041
177.695
164.01
172.803
163.765
195.508
163.326
164.131
175.216
154.756
172.758
159.784
147.973
173.015
178.652
178.461
176.528
189.397
162.399
175.291
174.945
179.441
170.955
166.918
175.071
174.909
180.065
160.786
180.521
179.852
161.152
154.458
176.048
179.71
174.396
190.208
171.597
175.815
203.195
177.254
171.4
170.199
177.168
177.098
170.531
176.18
177.543
176.871
177.273
146.094
176.906
171.774
174.147
159.962
174.845
155.159
177.399
173.336
203.441
174.448
175.925
177.003
176.028
159.61
166.604
178.547
177.722
156.379
159.305
167.483
176.65
134.465
174.957
180.12
164.05
175.13
191.419
171.686
162.095
180.635
181.203
181.07
92.6671
177.963
179.723
171.693
171.975
163.659
176.487
162.045
179.047
197.006
176.881
150.647
167.401
156.511
163.304
169.953
174.837
228.783
177.669
177.427
163.793
179.351
166.31
176.728
163.603
162.876
176.084
179.242
175.967
156.393
171.309
156.654
175.907
179.856
174.8
177.673
178.153
129.052
161.724
138.722
177.443
165.899
153.113
149.514
155.555
172.799
160.848
165.819
160.375
161.263
177.683
197.572
167.289
158.543
180.092
103.765
156.235
193.635
162.48
165.914
175.694
170.703
175.684
188.751
176.091
155.371
175.091
22.9496
188.577
201.224
178.723
182.045
153.43
160.195
161.866
175.94
175.84
175.425
178.518
182.947
159.459
178.501
178.746
83.4337
179.092
170.7
170.701
182.832
173.436
157.371
174.139
164.362
189.274
176.906
175.453
166.904
175.958
163.311
175.051
162.835
157.545
124.887
161.54
158.78
178.777
161.067
180.355
176.51
175.289
177.447
171.258
180.814
179.411
175.168
173.509
133.844
177.848
60.2505
176.366
170.3
175.398
164.332
175.765
-11.0728
166.858
146.716
160.289
169.26
173.091
188.69
183.441
151.6
175.43
177.774
176.52
175.303
174.775
176.253
177.886
171.627
176.167
192.993
174.138
36.2076
176.312
176.728
178.945
216.77
172.348
170.348
173.123
170.814
156.671
171.96
156.77
168.736
178.061
173.977
155.937
144.952
176.791
176.541
178.946
172.944
176.588
152.412
171.488
183.824
163.829
175.367
174.934
171.188
176.706
162.71
165.612
179.717
180.051
181.216
184.993
184.888
183.359
175.511
174.804
22.1178
-765.878
-179.683
-99.5493
161.13
163.477
162.524
151.006
164.922
160.323
160.802
155.922
165.533
165.31
178.004
183.061
166.172
176.323
166.762
164.044
168.216
168.711
174.048
166.485
168.444
176.915
95.3259
91.8773
93.3811
163.2
70.6585
163.946
141.748
168.008
161.716
140.622
50.2376
150.053
63.5882
168.064
184.304
204.676
191.363
193.618
166.341
181.098
192.163
201.354
181.876
192.87
178.37
176.387
183.014
168.055
200.389
73.4273
196.067
201.844
68.5706
185.244
185.16
68.1402
8.33076
95.4657
93.4532
74.6166
135.467
195.51
196.873
183.264
184.546
182.826
181.188
186.867
187.939
182.812
186.385
184.167
183.243
182.237
183.918
179.56
180.267
178.262
179.374
181.16
182.19
180.664
181.132
177.452
179.595
177.999
175.968
174.956
177.628
174.947
175.307
175.649
175.203
174.968
174.883
176.5
177.433
176.961
176.626
177.582
177.018
176.785
176.917
176.323
176.237
176.235
175.717
175.833
176.025
175.329
175.7
172.277
181.378
186.509
182.924
184.298
160.865
164.574
163.91
156.151
155.835
157.62
154.151
154.489
153.492
149.64
159.201
145.07
172.297
167.483
171.325
158.051
163.85
161.068
204.251
200.059
179.541
173.236
165.497
181.016
186.298
178.274
172.151
192.5
179.567
181.741
156.352
146.927
188.65
175.054
169.741
161.871
164.337
149.765
153.594
142.57
156.49
157.807
161.387
160.518
153.813
163.857
151.706
157.162
180.311
184.156
155.223
154.968
190.145
192.657
190.691
191.078
175.323
174.509
174.431
179.792
179.54
179.218
178.7
178.621
177.667
183.571
60.882
59.3178
200.717
59.3899
59.7099
196.299
59.1061
194.862
481.553
200.593
614.081
734.971
224.857
-1517.4
-932.143
-912.97
316.845
50.3428
-34.6472
145.446
143.775
124.673
174.584
176.311
176.96
177.041
176.755
177.888
177.179
176.795
176.73
177.677
176.112
175.131
175.073
175.55
175.194
175.528
175.626
174.865
175.276
175.041
173.938
175.845
175.297
175.009
174.351
173.513
173.943
173.942
176.905
175.459
176.902
183.167
235.361
182.514
181.234
181.849
185.003
187.433
187.987
190.995
191.513
193.582
188.749
194.549
171.322
172.243
172.546
170.529
141.028
166.763
171.82
139.484
164.055
162.718
181.932
163.95
163.702
173.283
167.556
177.671
179.351
166.49
177.326
174.944
177.337
172.531
171.986
171.628
167.747
179.221
177.884
181.503
182.175
176.001
174.134
175.756
175.626
174.811
164.544
204.204
63.2826
201.822
185.105
185.078
184.548
187.789
182.1
182.401
181.118
178.892
177.829
177.929
175.921
175.786
189.917
164.573
182.6
164.243
155.887
150.03
156.24
164.802
166.233
195.733
178.994
177.856
193.606
179.057
161.683
169.665
165.31
163.291
154.326
176.688
153.364
152.712
189.973
172.631
178.544
172.996
169.569
175.062
169.085
61.294
59.1798
59.888
201.886
-93.5884
-95.9143
145.69
227.125
150.89
174.9
175.503
177.215
177.093
176.873
177.253
175.287
174.295
175.53
174.072
174.981
173.688
173.338
169.679
173.837
176.856
178.419
177.001
184.264
193.465
185.355
168.983
171.243
167.471
170.762
138.739
181.851
172.41
176
177.76
174.126
187.164
177.465
173.207
172.346
176.818
173.702
171.637
179.301
177.014
177.518
176.885
201.261
200.294
200.172
199.71
201.035
200.794
203.687
199.48
156.97
175.713
188.749
178.351
176.996
173.192
173.664
176.29
176.747
177.221
176.096
177.568
175.319
176.064
174.388
176.006
174.36
178.387
177.618
184.829
183.616
182.191
170.889
169.117
199.038
196.243
180.624
167.971
179.284
180.665
126.833
126.227
124.66
107.103
74.8047
94.3497
77.646
95.6526
79.3434
179.971
178.525
179.414
179.328
177.505
179.019
177.547
178.108
177.562
178.799
178.786
175.312
175.656
175.637
175.059
174.927
175.14
174.514
174.927
175.248
175.048
175.296
175.185
175.093
175.273
175.199
175.37
175.62
175.36
175.182
175.36
175.881
175.926
175.682
175.713
175.386
175.589
175.504
175.63
175.696
175.664
175.646
176.18
175.418
177.468
174.754
177.321
172.161
173.017
173.07
172.257
166.846
163.197
162.237
161.397
159.457
162.337
164.031
159.201
160.265
163.369
160.813
159.853
160.213
160.682
160.117
177.426
149.352
180.297
177.58
172.746
174.947
166.172
145.738
152.354
187.6
164.662
141.409
149.101
147.189
141.784
149.045
155.46
158.223
155.36
156.551
160.089
154.288
154.999
155.386
156.139
157.86
151.386
148.505
154.587
157.849
162.817
161.55
160.752
161.545
161.82
161.976
162.795
165.037
165.041
173.734
175.87
171.716
151.248
155.201
153.694
151.955
174.666
176.12
177.021
178.299
173.776
177.804
166.081
171.842
179.092
173.206
169.795
172.293
171.426
171.092
172.193
160.878
175.668
57.4369
202.423
172.331
210.171
96.9158
131.126
96.7181
172.538
52.0993
179.678
158.652
140.273
172.689
172.667
173.391
151.183
166.934
169.783
174.855
172.934
173.763
174.718
174.775
174.648
175.114
175.113
174.745
175.019
175.026
174.961
175.409
176.212
175.841
175.226
175.976
175.274
176.038
176.607
175.691
175.84
176.27
176.666
176.292
176.035
176.707
177.236
177.298
176.301
176.966
172.178
179.109
181.508
181.539
171.345
192.655
170.77
173.101
172.191
173.107
171.495
171.902
175.998
172.722
172.815
168.568
173.913
172.436
180.648
185.077
173.889
176.469
177.247
177.876
176.703
161.098
176.501
176.971
177.377
176.978
178.664
178.729
174.107
176.402
176.579
179.633
175.894
175.924
162.396
160.269
162.225
176.488
177.162
177.475
177.656
176.358
175.546
177.692
201.73
179.328
174.726
177.053
177.101
177.503
177.308
177.108
174.588
175.332
177.013
173.748
176.23
175.403
176.001
177.929
175.624
175.188
174.576
173.867
181.187
181.489
180.355
178.327
179.488
178.996
191.187
190.068
191.583
193.114
177.98
165.451
177.63
178.244
165.237
165.245
136.059
175.076
171.27
175.75
170.102
174.976
181.358
181.426
175.351
179.014
177.973
178.799
178.344
178.273
176.658
178.07
176.792
176.544
176.397
175.49
175.544
175.407
175.535
175.204
175.197
175.035
175.32
175.324
175.406
175.239
175.547
175.451
175.568
175.06
175.48
175.626
175.531
175.628
175.459
175.075
175.778
175.22
175.715
175.426
173.173
175.791
175.321
175.404
175.418
175.397
175.468
175.47
175.476
176.656
172.892
173.55
173.633
172.485
163.455
156.228
170.629
172.852
170.486
164.709
170.594
162.427
163.228
160.891
162.561
157.554
160.396
164.412
161.633
163.853
162.2
161.403
162.144
160.654
160.565
161.116
160.046
163.49
162.985
163.4
160.138
160.101
153.579
175.49
159.534
175.855
88.5202
119.503
157.835
159.219
154.279
154.221
144.754
160.753
162.007
164.899
162.594
155.996
155.7
161.924
148.569
150.453
158.305
153.19
155.466
147.581
160.781
163.305
163.008
158.551
161.557
160.13
159.832
154.093
154.553
154.516
154.091
154.667
159.812
158.581
156.355
153.67
155.632
160.436
159.821
159.524
161.8
161.581
160.851
162.48
163.332
161.654
162.53
165.285
165.055
175.131
164.536
173.021
168.221
167.463
168.537
171.019
169.357
169.237
176.452
167.18
173.682
174.95
175.554
171.542
173.111
174.176
173.962
174.721
175.548
178.024
158.174
165.806
146.754
174.782
154.422
159.755
186.168
186.623
175.115
194.101
171.37
166.906
167.696
176.652
173.75
175.586
175.519
179.141
175.487
175.093
172.096
175.186
174.803
174.872
175.273
175.288
175.014
175.273
175.26
175.302
175.23
175.344
175.358
175.696
175.48
175.135
176.947
174.79
175.701
175.99
175.823
174.488
175.945
173.14
176.133
176.64
175.775
176.197
175.874
176.124
176.075
176.214
175.801
176.169
176.623
175.724
176.854
176.01
175.908
176.128
175.853
176.813
176.687
176.156
180.244
181.768
173.204
159.09
172.098
172.23
172.837
171.021
173.526
171.821
171.955
173.493
174.397
162.785
178.18
176.531
176.575
178.198
178.449
178.613
178.242
179.222
175.214
178.275
177.073
178.764
176.828
179.103
179.714
177.146
179.387
173.444
179.185
176.431
177.569
181.316
172.055
173.048
163.32
159.89
162.483
162.947
162.244
162.996
162.479
176.899
175.038
160.645
173.545
181.276
173.915
191.106
175.718
178.426
177.156
177.836
179.681
180.073
180.583
174.45
179.502
171.159
162.404
162.606
158.2
163.142
168.418
175.457
179.036
176.732
178.777
175.892
173.49
178.871
176.066
176.16
178.108
176.403
175.75
178.21
177.899
175.491
177.265
181.245
173.997
171.438
178.564
176.372
172.429
174.27
175.69
175.591
179.105
176.961
177.858
175.964
176.047
179.878
177.466
176.455
177.126
177.645
176.977
176.272
175.803
176.022
177.353
176.65
175.371
175.983
176.098
176.402
175.5
174.769
175.023
175.67
175.35
175.25
175.298
175.501
174.301
173.702
176.112
178.327
175.544
172.247
170.18
169.888
165.444
167.371
163.135
162.714
163.933
163.742
162.843
164.072
164.563
162.258
162.156
161.683
160.378
162.034
161.239
161.675
163.247
161.209
158.228
156.529
167.077
163.864
161.657
160.049
161.6
159.434
162.77
159.144
154.776
162.319
158.274
174.763
171.473
173.922
161.345
160.118
159.494
163.26
162.345
161.95
161.435
173.319
173.303
172.187
173.964
172.043
171.13
169.906
172.112
180.406
174.181
180.356
177.828
179.174
179.687
178.973
177.684
178.475
177.683
179.338
178.079
178.23
179.019
176.804
162.518
174.144
172.703
173.305
169.869
176.088
174.469
164.874
170.965
173.065
157.82
158.355
181.198
177.487
163.063
161.57
162.517
164.909
175.897
171.839
168.252
174.597
165.872
171.87
176.354
176.671
180.415
172.244
168.168
175.217
173.844
176.15
172.057
172.38
180.419
174.372
174.517
179.361
175.628
175.231
177.921
175.311
175.63
159.352
159.139
162.874
152.526
163.075
183.228
169.424
163.185
164.301
161.712
167.802
169.066
168.365
170.843
172.479
176.054
176.012
175.803
177.654
173.226
175.57
178.581
177.86
174.192
173.748
178.068
165.128
174.864
175.906
179.235
175.729
173.176
163.842
163.615
175.761
175.698
175.116
184.649
183.774
73.8475
168.047
174.185
178.442
170.555
175.984
91.9892
178.705
145.875
163.849
74.1692
110.385
183.334
178.804
181.807
179.517
175.959
156.548
167.014
159.928
178.366
190.645
190.19
189.784
179.434
-420.475
176.767
176.467
175.937
176.035
176.16
174.588
174.277
174.598
176.928
183.75
175.313
187.936
187.858
189.016
173.552
175.258
171.121
175.264
173.758
184.138
187.477
168.619
172.345
187.317
180.645
152.625
174.369
167.457
177.174
176.81
169.449
171.345
171.533
172.388
175.39
158.628
120.274
175.326
175.424
175.504
159.344
160.874
158.764
176.574
170.073
168.325
171.036
177.09
174.37
176.34
180.36
170.72
176.109
170.545
179.038
175.683
174.81
176.285
174.068
178.301
177.951
170.658
175.642
175.464
177.859
167.534
176.412
175.444
175.17
173.611
173.453
175.073
163.295
158.469
173.574
175.196
175.636
175.167
174.781
190.44
190.099
189.802
189.307
)
;

boundaryField
{
    Wall
    {
        type            zeroGradient;
    }
    Inlet
    {
        type            zeroGradient;
    }
    Outlet
    {
        type            fixedValue;
        value           uniform 0;
    }
    Empty
    {
        type            empty;
    }
}


// ************************************************************************* //
