/*--------------------------------*- C++ -*----------------------------------*\
| =========                 |                                                 |
| \\      /  F ield         | OpenFOAM: The Open Source CFD Toolbox           |
|  \\    /   O peration     | Version:  2312                                  |
|   \\  /    A nd           | Website:  www.openfoam.com                      |
|    \\/     M anipulation  |                                                 |
\*---------------------------------------------------------------------------*/
FoamFile
{
    version     2.0;
    format      ascii;
    arch        "LSB;label=32;scalar=64";
    class       volScalarField;
    location    "1.7";
    object      p;
}
// * * * * * * * * * * * * * * * * * * * * * * * * * * * * * * * * * * * * * //

dimensions      [0 2 -2 0 0 0 0];

internalField   nonuniform List<scalar> 
2958
(
1556.82
40.0428
3377.45
-21845.8
-244.712
3297.43
8230.86
1552.92
-233.362
-708.206
2767.84
4814.66
127.153
4807.25
1396.69
2840.9
-139.508
263.993
4808.43
-74.6337
4857.84
-111.217
4862.87
4024.63
162.44
1048.6
-229.799
-668.526
-536.436
2428.64
1227.24
-276.096
4667.72
-390.687
6693.63
-8578.9
4806.88
4902.88
-1899.35
688.148
48241.3
-9806.23
9340.95
1981.35
4814.59
516.267
3124.89
-232.466
-10453
1859.76
2023.72
-225.822
660.462
2586.97
1933.95
-4562.35
1633.2
-74.5914
1544.73
51036.6
-567.224
438.003
11404.1
2383.56
4810.13
4806.87
2591.06
-151.947
2052.93
-1575.1
-130.806
4816.27
62.8216
1504.22
4807.93
3189.47
-725.382
11591.6
4796.63
2009.02
248.99
-638.744
-427.227
-1181.51
621.506
1464.03
-205.696
1390.17
-46.919
4756.45
8234.43
9.53684
3611.62
4808.65
21.9308
2192.63
-4070.8
-19374.3
4805.59
4811.55
-22218
1542.05
3493.03
44.2628
4698.1
1594.07
4818.19
-12420.1
4804.98
3408.84
-61176
1916.36
4803.27
48.5474
4807.1
4808.75
1586.15
1776.4
-7.97995
1656.41
-2750.28
4815.46
3534.61
-140.947
-2666.41
211.498
-2735.33
-23.956
1608.94
4810.9
4805.1
4846.18
1673.06
4803.54
4809.17
4803.67
251.065
125.331
4807.51
4806.64
-694.417
-22.2481
4854.91
4807.61
1573.11
-50.974
4806.4
4813.77
3.17238
4815.13
1.14338
-4453.76
306.268
4011.85
691.213
4806.96
5122.58
1294.87
10111.5
3460.96
294.157
-1021.73
1020.19
4812.06
2180.34
-2474.45
4794.64
4805.44
-309.977
2846.79
-343.374
4817.86
4699.91
-101.724
4791.18
4416.66
-922.708
-70.4248
9658.47
2101.7
3380.16
-52.0604
561.367
-92183.8
-48.2548
-35.9627
-42.5764
4804.73
-109.361
-14601.3
-160.068
-56.6244
425.184
-880.013
-101.294
-571.035
59.9559
-369.927
2185.53
100.061
-791.547
4800.68
1489.32
-93.3712
-4834.8
-45981.1
3223.06
-44751.4
-110.661
-12877.5
4808.45
4768.84
4805.48
22.2704
4807.76
-489.9
2410.11
4807.64
4809.29
4806.85
4824.05
-67.2049
9582.74
-48.9255
-172393
2290.87
-900.751
4810.17
80.5372
-26.2104
34.7643
-224.053
52.8673
-224.457
-564.122
4826.01
4806.05
1540.31
4805.34
33799.2
4809.66
32673.9
-11932.9
-611.837
903.656
1258.77
8868.76
50.6756
2276.88
1704.14
-1314.43
-160.183
1567.53
821.176
-20717
-243.745
1748.08
19.5437
1613.9
-117.39
1964.54
4911.25
-505.578
58651
3031.79
3112.94
469.474
1588.99
6650.09
4798.07
4807.6
-106.045
1656.8
4822.54
-12.4892
1577
4808.29
-164.369
4802.26
-41.6437
4807.12
4821.31
3053.54
1229.31
-103.127
4810.31
3908.79
-41948.5
-67863.7
2496.07
4017.64
25.106
4807.64
4813.93
1200.19
366.08
4806.58
2062.9
4807.24
1713.11
2138.35
-236.495
13.4822
-403.739
-553.868
-7.62682
-24030.4
4904.23
1786.3
2200.83
4807.76
2229.67
2123.05
4807.54
-48.2715
-171249
-352.999
9071.69
28.9694
1423.86
-167.202
-123.156
1219.23
-87.5494
3006.47
4792.03
1874.78
4835.12
-64361.5
-28556.4
-162.189
2211.63
4818.59
4807.35
1021.98
4807.54
81164.8
6325.07
82287.8
4808.03
1403.78
11.4986
-315.37
-187.579
4803.53
-1.18827
4803.23
-576.49
-1897.96
-942.253
6551.89
2503.17
-333.617
-4935.42
-210.084
1751.95
4805.76
1159.2
966.372
1896.1
-28710.6
1369.05
-9497.28
3257.4
937.268
-561.503
8892.86
-42149.7
-17586.6
-584.402
1251.34
-273.435
4806.81
-11752.4
1875.29
84.4636
2017.28
49.5781
-322.021
-166.436
-595.687
3912.77
4806.09
1176.32
-126.949
4792.17
1481.55
-352.253
4826.75
4804.29
-827.166
4806.78
4406.21
-113.983
2540.21
188309
-28417.9
4807.75
4811.84
-340.72
1108.08
1785.62
-128.636
-21315.6
2109.02
1617.93
-38.1224
1399.02
1580.09
-1838.7
834.479
252.383
2556.24
17.9321
17.0427
-337.013
-278.963
-3972.74
1929.96
1929.62
4814.19
-12760.7
21.8752
-16019.4
-407.707
4949.44
35.8899
-236.558
1588.04
2.66008
-269.021
-394.536
51.9962
792.343
584.369
-234.02
-12.3781
-287.344
-215.304
4803.14
-78.7587
48.5871
1835.02
-2636.22
439.212
4629.67
4834.12
-281.159
4789.35
-196.525
4792.53
-234.033
7647.49
-97.6528
238.48
-1762.42
4807.51
1600.98
-453.658
4807.43
-35.8399
-20635.3
-1064.88
2154.12
1716.41
8960.88
-364.963
3817.66
1778.05
2117.61
2277.34
4814.28
2082.46
436.172
1683.16
-116.864
3738.76
-184.014
1101.52
2582.86
240.106
166.668
4809.42
3356.16
51.1829
1743.22
939.379
3550.42
-440.266
1645.99
89.8913
16.6212
-15018
1599.01
-256.384
2662.34
1652.69
4808.94
4810.92
4813.21
-209.527
4808.12
4809.45
-1017.23
-384.73
4808.08
-23315
-188.802
-5812.79
-2465.72
4809.2
4808.13
1588.51
4806.93
2017.22
2012.65
-368.493
3141.51
-117.331
-1479.05
4009.55
-134.832
764.976
59.7464
2215.5
2602.01
-5.28317
4914.62
2576.15
-6995.84
2565.61
4777.75
95.6009
4810.81
3596.57
9070.12
53.0798
-24.2969
166.55
2575.46
1569.67
2220.7
4813.86
2940.14
4817.29
3639.49
2707.55
4858.15
4807.41
-86.8584
4804.79
4808.31
-2.42116
674.652
1828.21
1121.24
1567.09
1661.05
2070
1889.16
1484.85
-61.7116
2295.99
1921.86
1805.9
1975.41
4810.21
1724.42
35608.1
1934.51
562.084
1693.08
4807.68
4804.57
4718.76
23.2707
4808.91
3075.51
4804.77
946.018
-23.4059
-37.9639
3291.34
-49.4535
-95.0763
4902.13
4799.39
4809.31
-35.3999
2077.13
4809.36
4810.3
1471.75
-1432.04
4942.52
-1394.7
-288.794
-619.723
2119.22
7391.42
4817.7
1434.99
4782.22
-1179.43
67.256
1503.85
4562.62
-1756.63
5000.08
4805.66
2530.19
1928.26
4808.2
4807.74
3536.91
-511.278
11138.3
-16.0474
4815.05
-35033.7
982.958
-18683.6
1552.61
-491.891
1145.84
4806.31
-358.932
1424.76
2177.04
4806.84
-2639.43
4805.99
-125.728
4806.93
536.316
2134.84
4695.09
282.676
-1968.13
13514.6
4817.08
997.387
3111.26
4695.54
2102.16
4432.37
17.4213
4843.35
2204.78
4807.83
4807.23
-2783.83
-2498.7
-498.478
1036.07
-116.206
-14.6535
5026.49
-2217.99
-209.092
-482.266
5057.63
4796.69
4766.45
7458.82
4803.96
-69.2792
4788.74
1675.17
3248.39
-504.287
-104.358
-3048.28
-71960.6
238.286
-194.197
1729.57
-30715.7
4840.7
4809.22
-212.041
705.61
4809.95
53.5794
4803.66
-119.739
-57.8163
1992.12
360.701
-5.27583
6640.71
-139.326
17.6715
-627.207
1523.35
4828.9
339.223
585.884
1637.06
4814.87
4806.77
-422.501
2147.61
-9791.06
733.383
3082.66
-568.23
-37429.5
-88.9245
-267.939
-202.554
-134.329
-122.549
1856.27
-1805.66
-408.833
-1090.33
1697.88
2190.61
-183.621
3004.34
4833.72
-128.568
1528.58
4808.45
-193.438
4801.27
-142713
9938.62
4797.26
-2184.4
-61045.6
-8878.45
-73.2225
4514.71
-770.847
1064.99
845.017
4855.72
11356.8
1494.39
-11003
-127575
1072.07
1703.45
4828.51
-4992.06
10763.9
-92.2333
-6774.58
-19772.7
3377.77
4815.79
-46597.4
-33523.2
-33544
1871.18
808.329
3261.18
4446.18
4808.44
4807.2
4808.35
-4522.56
-130.532
4807.06
1582.5
4808.45
-4778.86
4826.64
4737.54
-80.5789
-44977.5
-772.155
4806.1
4810.6
-534.907
-49.341
4811.97
4807.42
-39.7617
4806.3
-21549.4
-0.447192
4715.05
27.9714
1415.99
4809.74
-26.2706
1618.33
1543.59
-2782.97
1817.77
786.897
2089.06
-241.901
4826.86
2195.71
1593.69
527.367
75.6542
4791.28
-557.618
-12802.8
1504.25
-549.722
288.295
3713.15
3.61016
1737.57
-115.349
7764.09
583.04
4809.64
3683.06
-2156.28
-283.762
1435.61
29562.9
-35569.3
83.7217
2906.31
321.276
3069.63
2153.09
-140.947
3166.93
-639.722
-175.115
369.989
-301.636
1449.56
1796.13
-61821.5
1627.55
-9.80366
-1406.25
4807.08
2970.56
2799.24
-2983.87
1082.03
4808.21
4871.48
4818.48
2592.72
1155.3
822.105
1306.29
678.976
1855.84
249.998
-1347.9
-159.783
-6.34355
-353.378
-119.471
4803.36
-125.346
-440.094
-228.985
-19.3838
8085.28
2128.92
-12107.3
791.16
300.48
6496.67
4747.9
3574.17
-928.213
4811.46
-10.4871
-77685.4
-24275.4
1828.11
-226.245
4807.31
4865.58
2248.52
4808.31
4808.42
4808.41
-623.37
1703.02
1864.32
-134.44
9828.99
2151.02
-234.21
-68976.2
1850.71
-112.349
4807.96
-52.9699
-1191.32
2159.79
46.686
-113.601
-563.877
88.3591
-126934
4807.37
6386.46
-60.7507
49.2997
-117.203
15.0155
-273.328
4819.78
202.267
-106.34
2396.04
-203.123
-552.824
-418.775
-163.937
4015.13
-76.7963
2769.91
-403.912
17.5307
4101.77
1776.49
2792.3
-86.3096
-115.577
3349.42
58.2409
-3.55877
-81.8015
-773.154
-56.0258
6189.51
2320.16
28.1846
1789.82
-155.024
2743.26
-55.3523
1168.16
-59.0421
4808.4
1696.13
7507.54
-220.587
-1115.26
30.892
-632.879
-30.1303
-1246.71
50.0248
908.242
-53833
-504.269
-45.0551
787.804
3597.37
9512.27
4810.56
4804.27
-204.639
-115.982
808.049
4809.86
66.4666
-854.928
-112.121
1708.15
-1416.4
15.3075
1285.15
-32261.7
4808.43
949.28
4806.31
1190.29
-34433.8
1023.63
-690.897
4738.47
193.588
4812.49
6655.66
-6569.39
-313.187
2336.98
1488.09
-263.557
-241.156
-144.48
1225.15
1729.15
879.368
-198.329
1705.92
29.0171
-553.641
-21.9718
98.2922
-62.9471
87.3103
232.914
1348.27
-262.228
-2143.82
1644.59
1677.2
4406.71
4858.17
-28413
-274.086
4797.97
-64635.2
-223.79
1575.11
4805.71
195.216
1503.66
4509.13
1975.67
-782.369
-66020.8
-764.985
-25.144
4416.26
1984.18
1275.09
93.6806
-19151.2
4808.94
808.071
3915.93
1676.12
4806.21
4807.39
899.743
4810.97
4807.84
4622.87
2108.41
3288.59
4806.54
4801.91
-387.734
4799.8
1721.72
1156.03
-2629.05
4807.75
2417.85
2007.54
6203.6
9.5523
5092.59
-7908.23
4806.9
2242.34
4801.48
4806.45
4808.05
-1624.12
1705.35
4827.56
1336.86
50.1219
18.2002
1592.54
1348.11
-243.244
4802.22
34.4769
4788.87
-79851.8
-42501.6
4800.61
6554.2
-323.205
-11264.3
-47.2221
-317.173
1302.36
6654.6
-154.434
-2652.4
4821.15
2890.16
10.0042
793.059
889.764
-96.0935
772.563
3236.13
-6525.5
-1240.99
4813.1
-28324.5
-139.29
-2572.16
243.216
850.557
282.58
-122.873
4798.76
-468.453
-3105.69
-136.168
4803.7
-77.1015
4812.63
4808.68
4811.1
4806.91
-3.27193
20.0829
373.639
-754.726
-110.733
-215.292
-128.292
-121.94
-78.9568
17.5532
1392.78
2462.63
3940.91
2368.93
-90.0479
-51.389
-191.542
4807.69
6072.55
-2977.39
-69.5004
248.377
-9768.68
-1212.12
1901.94
4808.07
4813.74
617.896
4870.6
1905.45
-431.637
1270.58
-1207.57
-200.321
1431.05
-373.236
21043.3
4789.33
-1183.04
1228.06
-4706.79
-1417.81
4734.5
1168.24
-1758.05
1743.75
4802.88
769.233
-3731.38
-322.557
-82.0368
1731.96
1989.22
2131.02
2028.33
3002.92
-55.39
4806.63
1746.85
3063.55
-833.647
4802.97
4788.46
2036.01
1849.21
201
1558.3
-9571.36
871.038
4810.21
-985.264
6000.33
4823.13
-1304.18
4812.41
1454.49
-39.8332
4810.84
-805.997
230117
496.247
1530.82
325.535
4817.65
1945.9
4798.03
2154.73
-1363.35
-63825
2353.1
4854.04
64.9475
1237.62
-70025.1
4805.06
8448.09
3719.08
1321.01
4858.23
138.17
-379.267
1621.71
-59.7433
2581.58
4245.87
2107.61
639.658
4800.67
-353.082
2240.01
-7.4976
1471.09
2134.61
-308.691
-92.3701
4836.58
2380.45
3904.73
4807.46
1907.71
4857.85
-1378.49
4786.52
-130.024
-1.70494
-9224.65
-303.18
731.159
4820.66
-39.9061
2199.63
2509.52
-1335.06
-121.619
1610.7
357.907
4803.9
4806.7
9688.57
10440.1
4806.36
4896.46
-137.734
1433.84
156.303
-118
-758.846
5333.17
6179.94
1989.91
144.853
-71.9787
1715.15
344.569
370.614
2598.62
1.41325
1.98478
-308.606
2221.02
2991.37
7725.68
-51.6938
-105.645
-2170.92
-761.152
12103.7
1013.23
-65274.1
-65.2252
3298.66
-195.017
1257.13
-7738.68
-174.542
1068.06
4732.43
-117.713
1599.14
4808.71
2135.35
1355.92
1390.36
1953.8
-947.307
1783.65
-923.181
-113.327
2242.62
1452.08
-313.429
1915.23
-139.795
3980.79
-680.514
-220.982
4800.78
-58.4861
21480.6
4803.7
2032.54
1177.07
21.3986
111.7
-722.387
1303.06
-58.7987
4785.73
970.593
2475.72
-274.723
-140434
1984.11
2816.32
2584.54
3448.23
-50.9979
4819.56
191939
4815.85
-526.762
4812.81
189809
4809.71
1586.54
861.473
4503.38
4807.62
26.4194
4806.34
4831.02
-761.156
4807.03
3457.74
4903.09
1628.32
4808.93
-335.439
-19774
1901.6
4802.63
2682.11
1538.82
218280
4812.43
-14.5961
4819.37
-1244.49
4806.5
-1532.67
217959
4806.13
-51187.6
-21649.8
1234.97
-234.729
1477.08
-130.479
839.901
4792.02
-892.872
4808.02
4903.99
-162.83
1909.74
4816.45
-685.186
4675.62
-219.681
1522.93
-2.66537
-72.931
1447.76
-93742.3
-75.0252
1672.76
-157.777
4801.21
4808.33
325.291
1.28507
-2480.83
6.4715
1485.98
4802.59
4815.14
15.7291
10.7314
804.951
-416.069
693.538
8.55347
-70.6189
5097.51
4808.38
4808.01
13615.3
-183.248
430.701
3511.78
3680.27
-83.9398
492.896
290.855
-382.044
1274.29
4808.64
1776.68
2249.24
1887.46
-123.896
869.605
4804.26
1884.09
-1884.93
1089.49
4802.32
1213.33
-630.264
1405.78
4802.24
195.104
102.773
4805.64
4815.6
4806.3
4807.91
4806.75
4808.36
-349.706
1140.42
612.642
-838.332
-743.866
7997.86
-109.578
1924.81
4802.7
4824
-100.415
3533.24
4806.91
2258.61
-544.185
4796.15
-624.818
-2751.53
-203.375
85.2235
-174.158
11163.6
47.7901
3719.65
1708.67
-70.1706
544.959
4807.76
4693.73
-216.042
2793.21
4814.86
6601.93
-5349.39
1606.04
4810.89
1101.23
2197.77
-40.333
109.277
-105.927
1533.89
4809.46
1847.76
-317.658
640.067
15.2884
-74.8837
131.193
4807.68
626.008
-498.603
1978.51
-3772.51
1958.65
237.145
328.554
-165.194
424.474
2210.76
-106.29
-347.865
-66.4214
1658.19
-142.382
2165.89
2083.73
3668.37
4899.28
4808.02
89.9434
-150.916
36.701
1993.21
424.03
-113.101
54.6973
-442.57
4783.62
6644.14
415.758
9491.13
-84.9226
1931.2
4807.05
-1199.63
2813.19
3249.26
1837.38
-87.7235
4806.84
-52.6433
422.178
1704.46
1853.42
-97.3703
4815.03
1809
-90.9498
1036.18
14453.6
1400.61
4809.8
1554.42
4816.42
-111.535
-235.948
-103.346
2206.72
1866.08
1770.52
4807.15
-1308.32
-56.2429
-6033.86
574.261
-79366.5
630.162
3574.81
1712.27
-1380.35
-182.026
-42.7754
1649.05
1.8996
1125.99
4807.79
4773.78
591.559
989.814
29.5105
4806.15
32.1482
-53.3513
-517.856
-4.9078
2739.41
1680.48
-25.71
1716.86
4808.47
4807.12
4807.96
4713.2
1514.67
4807.5
4803.97
1126.92
-19267
4808.05
-85905.3
-6.50068
4802.41
2138.37
-7650.76
117.864
-163904
-352.013
-6449.22
-64.1608
4652.14
2070.75
81692.5
2141.2
-436.572
4819.37
-1787.99
1767.1
1816.42
1382.39
1592.33
4807.97
4733.76
990.601
4816.62
4804.35
18973.4
-479.508
4808.24
1735
4811.44
1565.2
-1478.82
4804.85
1579.75
52.2194
3982.86
-200.544
-1501.23
-243.763
-262.089
-106.708
-31.2943
1842.42
2539.79
1830.15
-1195.22
4805.13
-128.054
4801.02
3954.92
-108.052
2727.57
2224.82
4694.67
8183.94
-246.418
34.2317
4808.45
4809.26
4809.76
4821.5
4821.09
4819.32
4905.4
3811.77
11735.8
37959.1
18794.5
18953.4
-7.56636
201.1
30.5998
-291.577
160.482
69.8206
157.95
-32.2231
-887.138
-885.693
-192.281
-172.757
420.293
-885.036
-7818.05
-8479.02
-6899.03
-4564.34
-1961.08
-7105.37
-4610.85
1603.19
-3431.48
-15202
-24655.8
-5.11516
4591.46
-9.24746
4748.05
-420.878
-13.2833
4744.21
4547.72
4775.93
4577.26
4790.24
4816.91
4825.03
4805.57
4807.58
4800.45
4806.85
4807.67
4807.43
4805.01
4807.91
4801.13
4799.87
4806.25
4791.73
4895.33
4599.75
4867.9
4896.15
4590.74
4830.76
4828.35
-131584
-146845
-9319.85
-27458.1
-96087.4
-83925.4
-1986.07
-320.579
1153.01
451.891
-500.788
638.398
439.757
284.635
166.029
270.904
2880.3
-1587.32
-1408.23
2896.54
2204.97
1788.19
1701.19
1754.07
1833.34
1867.9
1781.66
1774.06
1563.61
1674.68
1587.62
1533.8
1422.36
1529.03
1774.86
762.253
832.992
1063.15
862.731
180.333
1313.87
2362.95
1039.24
609.262
1394.64
983.009
696.429
915.109
440.513
318.425
307.426
-184.611
-100.519
175.006
-754.506
-336.17
-305.105
6500.79
7066.25
6961.7
7641.61
6652.23
1886.32
1848.99
39.5863
39.0586
170.35
-159.381
-145.503
-165.839
-228.545
-94.4007
-374.357
236.94
237.066
237.653
82.5253
360.456
431.882
-3076.47
-2489.07
1863.35
1792.4
2130.11
845.603
1002.38
714.945
685.796
-221.204
-552.306
-369.465
-140.51
-93.968
-252.601
-180.757
-162.578
-108.605
-168.963
-49.7616
-117.519
-15.6212
-112.51
-111.957
-34.8483
-72.9743
-135.882
23.5749
-247.099
3857.8
5009.65
4971.73
3883.68
3920.25
5061.31
5410.72
5350.81
5199.26
4994.92
3844.38
3845.28
-1522.06
-43.5084
36.8932
3081.28
3630.12
2474.88
4025.47
-28069.1
-28673.5
-46363.8
-28745.4
-28398
-45334.8
-28243.9
-26281.7
20614.8
-25709.8
12103.2
5242.06
3338.81
48096.2
38948.5
38414.4
-2826.05
16684.1
16326.4
448.107
483.459
650.458
10373.4
13459.3
10694.9
9678.95
10433.4
8838.28
9542.48
10281.9
8185.53
8875.74
9405.3
1541.54
2389.85
-42.9352
720.946
1273.74
977.229
1307.4
1471.78
1447.16
1432.04
1628.72
1699.58
1621.67
1697.84
1567.72
1578.29
1565.88
2002.93
1956.85
1944.89
1502.22
500.675
4572.18
4592.39
4736.94
4774.37
4813.31
4815.56
4831.36
4837.14
4815.3
4805.55
4813.51
4794.22
4795.22
4801.44
4783.93
4744.53
4809.14
4785.28
4739.06
4775.9
4777.49
4818.51
4780.65
4794.18
4804.38
4791.72
4825.54
4829.89
4792.61
4807.09
4804.88
4807.26
4802.17
4801.02
4800.9
-467.94
4807.37
4806.51
4809.16
4809.42
4804.21
4806.15
4807.52
4802.76
4807.1
4786.51
4892.7
4576.89
4899.67
4821.09
4822.05
4661.46
4815.35
1143.5
1872.5
1799.29
1628.68
1576
2086.91
160.041
-208.993
8733.06
-9053.42
7280.96
1930.7
171.197
-214.393
48.7498
237.672
238.202
-2829.47
857.804
937.749
-199.944
-212.351
-101.498
-154.592
169.668
-101.484
3936.87
118.496
4006.35
4024.12
5183.2
200.686
-965.44
563.954
-307.814
2859.71
-243.306
-28292.1
-28749
-28841.9
-26435.5
12644
15411.2
6400.75
9738.72
1239.3
9295.94
10715.6
9447.33
9218.08
10049.9
9846.73
734.579
1343.27
1716.66
1575.32
1499
1526.3
1470.56
844.287
1573.39
1913.96
1843.01
1962.06
4562.99
4833.28
4813.05
4773.05
4782.41
4813.82
4781.35
4740.38
4821.56
4787.94
4786.42
4785.14
4801.23
4812.28
4807.02
4802.85
4801.92
4806.89
4803.3
4802.4
4807.83
4804.56
4805.93
4805.87
4811.92
4811.92
4809.98
4810.36
4809.97
4809.11
4809.57
4806.83
4804.01
4805.98
4806.9
4806.37
4808.06
4806.45
4808.43
4807.06
4809.58
4809.69
4810.7
4810.07
4807.78
4808.77
4808.02
4808.49
4808.17
4811
4808.19
4826.64
4822.49
4818.65
4809.69
4802.51
4877.57
638.705
486.639
-1151.62
271.545
152.786
-22367.5
-10314.2
-11619
-17940.4
-77087.4
-58912.6
-70885.8
-9888.1
-79572.1
2553.26
3124.49
2632.2
1892.85
1921.22
2027.15
2238.26
1583.7
1948.92
1548.04
1599.53
1750.76
1608.85
1325.86
1439.66
1231.97
1387.73
1309.04
1199.5
1159.9
1120.46
1215.81
1241.35
867.505
961.423
764.753
791.043
1615.67
1007.05
1088.23
827.494
903.045
1068.51
632.039
510.93
367.916
281.861
237.098
273.224
117.04
112.833
16.0929
-379.89
155.634
280.229
-856.258
2007.76
678.592
1295.3
969.761
970.34
-109.418
-155.326
-187.577
-169.517
-61.8049
-118.815
23.0993
-42.8382
-49.106
33.2249
20.7442
85.6907
87.982
22.6634
78.3235
384.83
1858.19
-2188.63
-1498.51
-2500.76
-310.356
-1664.5
-1059.24
-789.515
1007.47
-670.567
-607.473
-500.724
-424.344
-356.449
-373.194
-234.997
-307.838
-182.956
-162.911
-155.054
-106.522
-98.5303
-101.973
-105.442
-126.803
-110.248
-125.007
-133.3
-72.9236
-35.8422
-56.7564
6650.88
-60.7369
-96.9593
-49.4888
-104.42
-109.015
-382.531
-67.796
-162.291
-511.726
4036.25
3959.96
4032.42
4079.9
-344.573
39.6212
-583.965
-158.6
-252.299
-958.674
-339.845
-801.682
-206.932
-35.5699
-293.659
710.882
439.781
283.089
240.356
6656.64
818.674
-29729.3
-45975.7
1569.61
-31764.7
13478.6
-4255.52
3167.58
1549.52
11123.4
4076.72
-331.995
-2031.23
-8991.33
-10378.6
-3946.92
247.285
59.6242
1038.32
2776.33
1931.5
2913.79
3593.21
3671.44
3792.55
3769.42
3573.69
3374.27
3676.58
3588.25
3428.81
3834.05
3271.56
3466.12
3210.1
2347.42
2530.08
2052.46
2595.39
2414.49
2236.76
2103.51
2236.19
2334.63
2235.98
2154.33
2103.96
2174.9
1832.74
1998.79
1558.83
2096.2
2176.62
2009.66
4636.68
4834.31
4626.81
4742.12
4737.66
4733.76
4750.54
4739.3
4752.97
4787.54
4797.72
4813.77
4800.09
1557.06
4814.04
4828.4
4802.31
4805.44
4806.73
4806.62
4805.05
-11.3201
4806.1
4807.19
4807.32
4806.54
4808.87
4808.73
4801.28
4808.27
4806.66
4809.54
4807.07
4805.43
-10692.8
-97.3073
-69.2395
-755.488
-824.022
-373.138
4807.16
4807.56
4806.52
4807.04
4810.63
4807.91
4807.16
4807.29
4807.79
4807.99
4808.25
4808.03
4808.62
4808.5
4808.96
4809.74
4808.77
4809.71
4808.13
-4768.78
4807.62
4807.15
4807.45
4804.68
4817.09
4816.59
4815.46
4809.14
4954.98
4025.89
-1286.8
1037.13
834.124
709.003
355.948
-420.188
415.683
203.39
-1137.53
-9235.3
-19068.6
-380.247
-126.093
2930.48
77.9249
-531.462
2767.41
3249.31
2622.49
2158.29
1837.73
1827.55
1713.02
1764.25
2255.46
1846.14
2245
1641.71
1688.13
1793.7
1796.55
1749.43
1818.72
1932.42
1820.63
1803.19
1795.75
1821.04
1774.34
1577.84
1920.46
1791.7
1903.19
1499.69
1834.01
1916.99
1844.1
2077.18
1805.54
1607.31
908.885
1487.07
1913.37
1689.7
-561.43
937.616
1423.38
1469.47
1430.3
1442.83
1430.33
1348.78
1448.21
1669.3
-365.956
-852.21
688.422
-720.71
-149.227
-121.314
400.623
922.737
257.973
-146.824
-14.5263
-75.1035
-82.5327
-112.064
-100.456
-76.2528
-86.002
-126.896
-68.7989
-64.1152
-47.7423
-53.4451
-57.0645
-33.7341
-20.1736
-30.0267
32.8872
9.80796
0.0866878
-16.4092
30.5374
67.6888
68.3049
449.261
63.2412
361.329
6224.05
3630.18
-38.5013
-221.891
86.5106
60.3723
1387.66
-244.455
-217.456
-12.2519
-168.635
-279.184
-275.308
-298.976
-230.04
-259.6
-310.833
-311.38
-199.077
-194.079
-76.2815
-98.3516
-74.2809
-212.046
-174.376
-115.285
-136.312
-117.303
-121.719
-127.191
-113.059
-117.341
-115.724
-127.734
-136.016
-111.003
-60.3945
-68.1543
-72.6847
-30.971
8.67576
0.642707
-15.9816
-9.3132
-11.2099
-7.74177
-0.153102
-340.566
-121.851
-52.9219
-304.03
-910.383
-352.032
-244.088
-272.243
-302.217
-239.013
-164.112
-15.2888
-418.606
-608.4
-744.44
-677.585
-481.676
-1577.74
-931.453
-3067.35
-2420.47
-2202.14
-5444.54
-9116.71
-9259.53
-6995.76
1967.99
-10725.7
-2005.45
-2519.68
-2343.48
-2143.75
-567.829
-54.7769
-1083.73
-193.59
-1762.61
-1038.37
-578.994
-1143.56
-191.433
4270.52
2058.34
1195.01
2082.59
4009.41
3723.2
2636.81
2633.39
3745.06
2634.06
2581.2
2654.27
2546.51
2389.24
2641.44
3636.92
2621.46
2486.09
2843.87
2422.99
2503.06
2368.93
2438.63
1874.68
2104.47
-688.586
2386.52
2662.51
2324.59
2268.57
2134.59
2202.39
2239.69
2286.04
2146.42
2238.08
2151.24
2063.02
2023.53
2006.63
1962.42
2100.63
2011.04
2047.85
1938.88
1834.91
2221.19
2198.74
4807.57
4521.41
4813.9
4828.67
4741.73
4812.27
4738.43
4821.32
4796.19
4793.15
4802.84
4805.26
4806.82
4802.9
4805.18
4807.33
4809.68
4809.16
4808.64
4809.67
4805.16
4809.54
4807.24
4809.07
4806.28
4808.91
4808.26
4805.97
4808.62
4801.08
4809.26
4807.53
4806.34
4809.93
-1053.13
-556.803
-109.524
-20.2684
-63.6599
-92.1411
-59.0414
22.0461
-53.6483
-167.782
48.1451
5.5375
94.4751
132.12
-2499.83
901.649
-1088.18
-457.611
4808.62
4808.25
4808.12
4808.63
4815.3
4797.71
4813.81
4807.78
60.9966
47.9962
54.6325
53.0789
152.664
4808.35
4809.35
4808.14
4808.93
4810.35
4809.73
4807.3
4809.35
4808.84
4809.16
4807.9
4807.58
4808.75
4808.71
4807.44
4807.95
4816.33
-343.18
-939.657
349.171
-891.958
-1001.96
-690.397
-1095.35
-2081.35
1818.37
-52.7562
805.395
1958.86
1767.03
1645.67
1802.63
1719.75
1878.35
2012.01
1882.64
2282.84
2258.97
1839.49
1959.52
2043.03
1792.01
2495.77
2467.47
2860.5
2108.88
2368.67
2073.85
2819.54
1506.06
2574.6
2670.37
1169.46
1879.72
752.12
4807.82
4808.4
130.484
10.1442
285.689
38.9016
-447.38
-347.755
-147.175
-127.488
-157.138
-183.412
-183.515
-128.508
-59.5153
-126.878
-50.0508
-3.02219
-29.806
-19.1311
-10.8417
-11.0213
-24.9088
2.01353
-157.442
-183.119
263.953
-2.48389
-437.615
-156.482
-131.607
-185.069
-131.553
-131.696
-131.989
-118.405
-145.569
-494.371
-1121.98
-1148.63
-60.8728
-72.9615
-24.0041
-18.5945
-26.1017
-17.5071
-6.7364
-1139.5
-399.021
-1693.26
-181.555
-1193.83
-10258.2
-2143.16
-586.541
4808
4795.54
4809.21
4809.31
4807.9
4808.72
4809.62
4807.64
4807.8
4808.65
4809.02
4807.45
4808.04
4808.9
4808.11
6.05096
-391.807
-1118.47
-705.538
-822.249
4808.46
-721.398
-10145.7
4815.56
-886.041
-186.977
-144.444
4809.85
4808.38
174.684
21.9961
-31.2598
29.0372
921.195
-340.405
-459.529
-388.024
1735.41
-11563.4
1828.16
2056.01
2154.59
4742.7
4758.57
4786.16
4803.82
4805.78
4803.28
-7391.38
-951.425
4809.01
4807.4
4818.95
1471.75
1780.51
4808.61
-92.3578
-91.4904
-45.7054
51.3617
-32.6443
-60.5466
127.351
-6375.48
-2115.07
-71.3663
-255.8
-91.5582
-112.937
-152.9
-327.353
-110.284
411.872
2257.47
2208.05
1933.19
4808.55
4798.45
4800.26
4807
4807.21
-315.72
-745.848
4807.73
-508.966
2521.78
2483.22
4808.14
2142.99
-1353.18
1.19276
-9.73954
4807.14
4807.67
-509.396
4818.85
4818.5
7836.04
282.96
-925.463
4807.91
-4149.51
-1500.9
-17386.4
4807.57
4753.04
-14.357
4601.11
4683.79
719.938
4809.69
1846.07
4810.65
78.4177
177.518
1040.65
2297.23
-184.838
5036.36
5117.53
4873.14
-1327.7
27021.3
10530.8
2100.38
993.674
2168.58
2247.21
1513.18
1721.14
1589.82
1999.27
4755.02
2681.34
4815.28
4815.37
4828.43
4810.86
2577.19
4787.67
2580.11
4802.36
4820.06
4813.81
4791.31
4801.8
4813.78
4808.44
4025
-3271.03
-1986.39
2128
1930.85
4786.35
4744.07
4800.55
-1473.17
4805.43
4789.21
4708.5
1778.79
605.975
583.746
-48.0565
19.6469
83.6679
-136.872
-341.35
-134.397
316.676
-3983.1
3475.53
1992.41
2166.1
4627.76
4747.89
4794.12
4827.96
4805.63
-748.591
4808.09
4804.72
-842.091
4807.64
-1007.91
4808.79
4807.72
2051.02
-580.973
1878.76
1686.42
1536.14
617.664
-344.872
904.323
-165.838
92.8354
252.307
4807.98
4808.41
4808.12
4807.11
5069.88
5275.48
5113.08
4900.55
)
;

boundaryField
{
    Wall
    {
        type            zeroGradient;
    }
    Inlet
    {
        type            zeroGradient;
    }
    Outlet
    {
        type            fixedValue;
        value           uniform 0;
    }
    Empty
    {
        type            empty;
    }
}


// ************************************************************************* //
