/*--------------------------------*- C++ -*----------------------------------*\
| =========                 |                                                 |
| \\      /  F ield         | OpenFOAM: The Open Source CFD Toolbox           |
|  \\    /   O peration     | Version:  2312                                  |
|   \\  /    A nd           | Website:  www.openfoam.com                      |
|    \\/     M anipulation  |                                                 |
\*---------------------------------------------------------------------------*/
FoamFile
{
    version     2.0;
    format      ascii;
    arch        "LSB;label=32;scalar=64";
    class       volScalarField;
    location    "7.5";
    object      p;
}
// * * * * * * * * * * * * * * * * * * * * * * * * * * * * * * * * * * * * * //

dimensions      [0 2 -2 0 0 0 0];

internalField   nonuniform List<scalar> 
2958
(
-1.57138e+12
-1.11771e+12
-1.24613e+12
-1.53179e+12
-6.57937e+11
-1.25973e+12
-1.58767e+12
-1.6581e+12
-8.46498e+11
-1.7651e+12
-1.58905e+12
-2.94805e+12
-1.64926e+12
-2.94843e+12
-1.60783e+12
-1.56636e+12
-8.79441e+11
-1.63934e+12
-2.9496e+12
-1.48988e+12
-2.94687e+12
-8.90514e+11
-2.92434e+12
-3.12169e+12
-1.64504e+12
-1.57767e+12
3.36888e+12
-3.18506e+12
-1.77996e+12
-1.58385e+12
-1.57708e+12
-4.34996e+11
-2.77961e+12
-3.5672e+11
-1.63666e+12
-1.53812e+12
-2.94819e+12
-2.92406e+12
-1.65059e+12
-2.31841e+12
-1.30508e+12
-1.49855e+12
-1.58786e+12
-1.56553e+12
-2.94532e+12
-8.78728e+11
-1.59016e+12
-4.18221e+11
-1.53082e+12
-2.1312e+12
-1.57e+12
-1.29576e+12
-1.66262e+12
-1.59364e+12
-1.57384e+12
-1.60442e+12
-1.90795e+12
-1.66144e+12
-1.57657e+12
-9.73879e+11
-1.55589e+12
-1.61396e+12
-1.6106e+12
-1.58488e+12
-2.94843e+12
-2.94909e+12
-1.59409e+12
-1.66102e+12
-2.00755e+12
-1.62003e+12
-8.72678e+11
-2.94753e+12
-9.33087e+11
-1.57338e+12
-2.95373e+12
-1.5882e+12
-1.58268e+12
-1.61159e+12
-2.92326e+12
-1.57402e+12
-1.64596e+12
-8.03633e+11
-3.94738e+12
-4.01854e+12
-1.56297e+12
-1.59726e+12
-9.18727e+11
-1.59733e+12
-1.2579e+12
-2.74963e+12
-1.62862e+12
-1.02968e+12
-1.59369e+12
-2.9499e+12
-1.70984e+12
-1.63586e+12
-1.56398e+12
-1.56089e+12
-2.94834e+12
-2.94835e+12
-1.53743e+12
-1.57501e+12
-1.64103e+12
-1.02643e+12
-2.93907e+12
-1.99075e+12
-2.94808e+12
-1.53948e+12
-2.95087e+12
-1.63833e+12
-1.54119e+12
-1.57385e+12
-2.95375e+12
-1.70192e+12
-2.9485e+12
-2.94907e+12
-1.60146e+12
-1.57382e+12
-9.49987e+11
-1.57312e+12
-1.62612e+12
-2.94808e+12
-1.59736e+12
-1.50721e+12
-1.53621e+12
-1.56586e+12
-1.57411e+12
-9.46274e+11
-1.57079e+12
-2.95156e+12
-2.95707e+12
-2.94005e+12
-1.57458e+12
-2.94847e+12
-2.96833e+12
-2.94862e+12
-1.72968e+12
-1.57066e+12
-2.94825e+12
-2.94834e+12
-1.48352e+12
-9.3545e+11
-2.93986e+12
-2.95015e+12
-1.57017e+12
-8.3408e+11
-2.95403e+12
-2.94805e+12
-7.87078e+11
-2.94447e+12
-1.48992e+12
-1.56438e+12
-1.75166e+12
-2.099e+12
-1.64768e+12
-2.98153e+12
-2.87249e+12
-1.57318e+12
-1.59168e+12
-1.60623e+12
-1.64832e+12
-1.77465e+12
-1.60549e+12
-2.94833e+12
1.27606e+12
-1.62075e+12
-2.46824e+12
-2.94905e+12
-1.64731e+12
-8.90617e+11
-2.21032e+11
-2.94813e+12
-2.93008e+12
-1.05937e+12
-2.95058e+12
-9.57961e+11
-1.0217e+12
4.55294e+11
-2.24611e+12
-2.00765e+12
-2.40092e+12
-9.35983e+11
-1.63424e+12
-1.53389e+12
-1.18831e+12
-9.37999e+11
-1.18368e+12
-2.95083e+12
-8.91805e+11
-1.52414e+12
-8.83375e+11
-8.84968e+11
6.376e+11
-1.65742e+12
-1.41957e+12
-1.77379e+12
-1.10337e+12
-1.57546e+11
-1.56889e+12
-1.29612e+12
-1.71431e+12
-2.94842e+12
-1.57126e+12
3.92196e+09
-1.59947e+12
-1.48388e+12
-1.64871e+12
-1.49045e+12
-9.19568e+11
-1.531e+12
-2.94847e+12
-2.74943e+12
-2.95669e+12
-9.86913e+11
-2.95061e+12
-7.48647e+11
-1.58632e+12
-2.94889e+12
-2.94859e+12
-2.94846e+12
-2.9488e+12
-1.04816e+12
-1.59046e+12
-9.30805e+11
-1.53022e+12
-1.57133e+12
-3.26792e+12
-2.94856e+12
-8.14543e+11
-9.06813e+11
-1.0387e+12
-5.43843e+11
-7.60318e+11
-7.74605e+11
-1.77723e+12
-2.94883e+12
-2.95755e+12
-1.57219e+12
-2.95763e+12
-1.54312e+12
-2.95189e+12
-1.54343e+12
-1.56362e+12
-3.33351e+12
-1.5774e+12
-1.35536e+12
4.29068e+12
-1.68029e+12
-1.59496e+12
-1.58366e+12
-1.74505e+12
-1.7054e+12
-1.60146e+12
1.92754e+13
-1.54283e+12
-1.41044e+12
-1.57927e+12
-8.24732e+11
-1.59086e+12
-8.87843e+11
-1.56853e+12
-2.90908e+12
-6.3207e+11
-9.47204e+11
-2.70585e+12
-1.60574e+12
-1.65346e+12
-1.57998e+12
-2.42748e+12
-2.8983e+12
-2.9482e+12
-8.92251e+11
-1.57979e+12
-2.94784e+12
-9.87665e+11
-1.57957e+12
-2.95191e+12
-7.85648e+11
-2.94902e+12
-9.66215e+11
-2.94825e+12
-2.95298e+12
-2.70557e+12
-1.61011e+12
-9.06354e+11
-2.94781e+12
-2.08397e+12
-1.5602e+12
-1.54473e+12
-1.58476e+12
-3.07503e+12
-8.98597e+11
-2.9485e+12
-2.94805e+12
-2.05607e+12
3.25084e+12
-2.94813e+12
-1.56663e+12
-2.94841e+12
-1.84311e+12
-1.74218e+12
-6.55975e+11
-8.46819e+11
-7.47693e+11
-1.56939e+12
-2.95834e+12
-1.56208e+12
-2.90901e+12
-1.5945e+12
-1.55129e+12
-2.94995e+12
-1.56506e+12
-1.57377e+12
-2.94976e+12
-9.59694e+11
-1.53037e+12
-6.85504e+11
-1.59042e+12
-9.58912e+11
-1.57825e+12
-7.85647e+11
-8.58461e+11
-1.59003e+12
-1.32013e+12
-8.87501e+11
-2.89824e+12
-1.5739e+12
-2.91958e+12
-1.53406e+12
-1.77787e+12
-8.61808e+11
-1.85837e+12
-2.94823e+12
-2.94829e+12
2.96549e+11
-2.94824e+12
-1.46423e+12
-1.30203e+12
-1.46424e+12
-2.94947e+12
-1.59712e+12
-1.02819e+12
-6.43492e+11
-7.85442e+11
-2.9501e+12
-1.04456e+12
-2.95011e+12
-1.68843e+12
-1.5662e+12
-1.56129e+12
-8.93889e+11
-1.64124e+12
-3.22217e+11
-1.47917e+12
-1.3779e+12
-1.58368e+12
-2.94847e+12
-1.5879e+12
1.22002e+12
-1.56726e+12
-1.77825e+12
-1.57106e+12
-1.53203e+12
-2.14977e+12
-1.62233e+12
-1.49008e+11
-1.59107e+12
-1.56008e+12
-1.55996e+12
-4.31538e+11
-2.65151e+12
-6.5107e+11
-2.94845e+12
-1.54265e+12
-1.58401e+12
-9.57192e+11
-1.57385e+12
-1.76652e+12
-6.44793e+11
-8.54755e+11
-1.56558e+12
-1.60305e+12
-2.95516e+12
-1.58917e+12
-8.88326e+11
-2.88162e+12
-1.58019e+12
-1.5842e+11
-2.81425e+12
-2.96543e+12
-1.6717e+12
-2.9484e+12
-1.4326e+12
-8.78785e+11
-1.55435e+12
-1.52553e+12
-1.78071e+12
-2.94847e+12
-2.95159e+12
-6.54838e+11
-1.57635e+12
-1.5798e+12
-8.77206e+11
-1.53355e+12
-1.57396e+12
-1.57013e+12
-1.2882e+12
-1.59701e+12
-1.57311e+12
-1.56609e+12
-1.61611e+12
-1.64433e+12
-1.58616e+12
-9.13386e+11
-1.00964e+12
-6.55964e+11
-7.04671e+11
-1.60305e+12
-1.5656e+12
-1.5656e+12
-2.94528e+12
-1.42234e+12
-8.37437e+11
-1.49079e+12
-1.62531e+12
-2.82206e+12
-1.55662e+12
-1.62292e+12
-1.56665e+12
-1.06158e+12
-6.56776e+11
-1.57433e+12
-9.33072e+11
-2.37122e+12
-1.65188e+12
-7.57288e+11
-8.36946e+11
-1.61713e+12
-1.56854e+12
-2.94903e+12
-8.34862e+11
-1.02989e+12
-1.57171e+12
-1.62189e+12
6.70855e+11
-2.82167e+12
-2.91804e+12
-3.63617e+11
-2.95277e+12
-8.90697e+11
-2.95057e+12
-5.16034e+11
-1.6436e+12
-1.06812e+12
-1.58043e+12
-1.53519e+12
-2.94847e+12
-1.58302e+12
-7.49592e+11
-2.94843e+12
-9.40443e+11
-1.52399e+12
-1.58407e+12
-1.69174e+12
-1.58373e+12
-1.58926e+12
-4.31204e+11
-1.59102e+12
-1.58259e+12
-1.83584e+12
-1.69694e+12
-2.94807e+12
-1.77631e+12
-8.86036e+11
-1.59231e+12
-8.71147e+11
-1.59729e+12
-7.76553e+11
3.36949e+11
-1.59738e+12
-1.63909e+12
-9.41991e+11
-2.94844e+12
-2.40089e+12
-1.16982e+12
-1.59084e+12
-1.61341e+12
-1.59245e+12
-4.57865e+11
-1.5735e+12
2.73849e+11
-1.04899e+12
-1.53706e+12
-1.5751e+12
-8.56405e+11
-1.56605e+12
-1.90235e+12
-2.9502e+12
-2.95274e+12
-2.95163e+12
-8.68021e+11
-2.95028e+12
-2.94845e+12
-1.56221e+12
-1.62876e+12
-2.94845e+12
-1.56191e+12
-1.39931e+12
-1.55275e+12
-1.55589e+12
-2.95208e+12
-2.9494e+12
-1.57591e+12
-2.94911e+12
-1.57388e+12
-1.57399e+12
-4.57826e+11
-1.80483e+12
-8.88385e+11
-1.56068e+12
-2.65246e+12
-8.80101e+11
-1.57828e+12
-5.06764e+10
-1.55861e+12
-1.53213e+12
-2.8284e+12
-2.90918e+12
-1.59752e+12
-1.54985e+12
-1.59621e+12
-2.7489e+12
-9.59576e+11
-2.95568e+12
-1.79598e+12
-1.59192e+12
-9.50024e+11
-9.48215e+11
-1.56367e+12
-1.59315e+12
-1.66238e+12
-1.58746e+12
-2.9481e+12
-1.55785e+12
-2.95321e+12
-1.79623e+12
-1.59768e+12
-2.92324e+12
-2.94845e+12
3.45215e+11
-2.95062e+12
-2.94846e+12
-1.04347e+12
-1.62249e+12
2.6849e+13
-1.60353e+12
-1.66198e+12
-1.57464e+12
-1.58729e+12
-1.8634e+12
-1.58336e+12
-1.24921e+12
-1.57375e+12
-1.56282e+12
-1.57393e+12
-1.57291e+12
-2.94847e+12
-1.58387e+12
-1.5427e+12
-1.57283e+12
-1.62292e+12
-1.58366e+12
-2.95002e+12
-2.95075e+12
-2.96142e+12
-1.88239e+12
-2.95179e+12
-2.70803e+12
-2.94844e+12
-1.60777e+12
-9.44215e+11
-9.56454e+11
-1.59037e+12
-1.10674e+12
-1.56391e+12
-2.93297e+12
-2.96033e+12
-2.94847e+12
-1.00664e+12
-1.79571e+12
-2.94825e+12
-2.94873e+12
-1.57964e+12
-1.77229e+12
-2.82236e+12
-1.60314e+12
-1.57191e+12
-1.60341e+12
-1.56514e+12
-2.55391e+12
-2.94822e+12
-1.57613e+12
-2.88316e+12
-1.56224e+12
-2.94592e+10
-1.57094e+12
-1.75709e+12
-1.62005e+12
-2.83814e+12
-2.94827e+12
-1.5601e+12
-2.13211e+12
-2.94876e+12
-2.94837e+12
-1.56371e+12
-1.63562e+12
-1.59409e+12
-1.00827e+12
-2.94548e+12
-1.41783e+12
-1.55411e+12
-1.55996e+12
-1.66238e+12
-7.50741e+11
-1.58984e+12
-2.95392e+12
-9.01246e+11
-1.58366e+12
-1.58267e+12
-2.94844e+12
-1.57399e+12
-2.94843e+12
-8.48927e+11
-2.94845e+12
-1.39299e+12
-1.58371e+12
-2.93071e+12
-9.79e+11
-1.64948e+12
-1.60582e+12
-2.95309e+12
-1.58954e+12
-1.80402e+12
-2.93062e+12
-1.56479e+12
-1.7569e+12
-1.06767e+12
-2.94003e+12
-1.58341e+12
-2.94845e+12
-2.94879e+12
-1.62431e+12
-1.60613e+12
-7.44662e+11
-1.62756e+12
-8.76967e+11
-1.10703e+12
-2.83826e+12
-8.17961e+11
-3.80609e+11
-6.38122e+11
-2.83859e+12
-2.95634e+12
-2.95636e+12
-2.55262e+12
-2.94905e+12
-8.34351e+11
-2.95254e+12
-1.5516e+12
-1.60145e+12
-4.29694e+11
-8.78537e+11
-1.60708e+12
-1.54474e+12
4.99727e+12
-1.91857e+12
-1.57547e+12
-1.41874e+12
-2.94001e+12
-2.94881e+12
-7.57539e+11
-2.6785e+12
-2.94882e+12
-1.59605e+12
-2.9488e+12
-8.87721e+11
-9.23095e+11
-1.57283e+12
-1.56604e+12
-1.01952e+12
-2.42473e+12
-1.3299e+12
-1.56364e+12
-1.56523e+12
-1.57141e+12
-2.81374e+12
-1.7003e+12
-1.5853e+12
-1.57335e+12
-2.95186e+12
-2.95087e+12
-1.5612e+12
-1.58373e+12
-1.51685e+12
-1.56365e+12
-1.59097e+12
-7.496e+11
-1.53448e+12
-1.63767e+12
-7.08965e+11
-5.27384e+11
-8.80578e+11
-8.80196e+11
-1.57029e+12
-1.56606e+12
-1.71256e+12
-2.01865e+12
-1.57467e+12
1.23615e+12
-7.74774e+11
-1.94382e+12
-2.96076e+12
-8.78471e+11
-1.65043e+12
-2.95015e+12
-1.41051e+12
-2.94841e+12
-1.53232e+12
-1.59041e+12
-3.24757e+12
-1.53244e+12
-1.54112e+12
-1.56026e+12
-1.2561e+12
-2.61909e+12
-1.66341e+12
-1.58953e+12
-1.60231e+12
-2.94678e+12
-1.61773e+12
-1.57382e+12
-1.5024e+12
-1.53432e+12
-1.59323e+12
-1.5824e+12
-2.81369e+12
-1.55703e+12
-1.59553e+12
2.24868e+11
-1.55281e+12
-1.56096e+12
-2.40056e+12
-2.9481e+12
-1.53731e+12
-1.39961e+12
-1.40213e+12
-1.59539e+12
-1.56299e+12
-1.8047e+12
-1.56628e+12
-2.95011e+12
-2.94958e+12
-2.94845e+12
-1.55704e+12
-8.78801e+11
-2.94827e+12
-1.57361e+12
-2.94917e+12
-1.55711e+12
-2.94394e+12
-2.96607e+12
-1.43159e+12
-1.48878e+12
-1.56486e+12
-2.94842e+12
-2.94853e+12
-1.59966e+12
-1.48952e+12
-2.94827e+12
-2.94843e+12
-1.0148e+12
-2.94832e+12
-1.55986e+12
-1.55678e+12
-2.96415e+12
-9.15115e+11
-1.57929e+12
-2.96119e+12
-1.06025e+12
-1.57942e+12
-1.58366e+12
-1.61149e+12
-1.57392e+12
-1.58819e+12
-2.00752e+12
-7.74321e+11
-2.81423e+12
-1.58388e+12
-1.57912e+12
-1.58534e+12
-8.2475e+11
-2.95064e+12
-1.56319e+12
-1.53768e+12
-1.59706e+12
-1.59916e+12
-1.57089e+12
-1.58771e+12
-1.09091e+12
-1.86274e+12
-7.83762e+11
-1.58852e+12
-1.6465e+12
-2.9487e+12
-1.59195e+12
-1.56301e+12
-7.04257e+11
-1.59608e+12
-1.54485e+12
-1.53394e+12
-1.65784e+12
-1.56759e+12
-1.64063e+12
-1.41052e+12
-1.5829e+12
-1.13193e+12
-1.55996e+12
-1.56381e+12
-1.14597e+12
-1.59291e+12
-1.18374e+12
-1.60018e+12
-1.55942e+12
-1.54115e+12
-1.57609e+12
-1.01793e+12
-3.6817e+12
-2.94847e+12
-1.61815e+12
-1.59843e+12
-1.56386e+12
-1.59138e+12
-2.94879e+12
-2.93768e+12
-2.94822e+12
-1.56623e+12
-1.58978e+12
-1.78785e+12
-1.59904e+12
-2.64145e+12
-1.5706e+12
-1.57099e+12
-1.67613e+12
-8.37927e+11
-1.01779e+12
-2.64886e+12
-8.70136e+11
-2.95009e+12
-1.68166e+12
-2.67968e+12
-7.91847e+11
-8.97619e+11
-1.66366e+12
-1.57584e+12
-1.52418e+12
-1.78796e+12
-9.2896e+11
6.63166e+12
-2.97164e+12
-1.5938e+12
-1.72141e+12
-2.94832e+12
-1.08385e+12
-1.53409e+12
-1.56207e+12
2.68114e+13
-4.2047e+11
-2.94865e+12
-2.9376e+12
-1.58289e+12
-2.94884e+12
-2.94884e+12
-2.94843e+12
-1.41497e+11
-1.57453e+12
-2.13224e+12
-8.78986e+11
-2.24675e+12
-1.57377e+12
-1.21251e+12
-1.5447e+12
-1.57394e+12
-8.49342e+11
-2.94844e+12
-9.24643e+11
-2.01802e+12
-1.58791e+12
-1.66906e+12
-8.89746e+11
-1.66335e+12
2.50732e+11
-1.53438e+12
-2.949e+12
6.87231e+12
-9.11498e+11
-8.94479e+11
-8.71139e+11
-1.87831e+12
-6.42883e+11
-2.95447e+12
-1.64828e+12
-1.05407e+12
-1.58692e+12
-3.5828e+11
-1.65446e+12
-2.90511e+11
-1.76221e+12
-2.65229e+12
-9.12131e+11
-1.58852e+12
-2.36405e+11
-1.01607e+12
-1.64211e+12
-1.58356e+12
-1.58683e+12
-9.54062e+11
5.56974e+10
-1.60971e+12
-7.94478e+11
-1.16055e+12
-1.27546e+12
-1.69269e+12
-1.26669e+12
-1.54287e+12
-1.58972e+12
-1.19092e+12
-1.58376e+12
-8.75794e+11
-1.60158e+12
-9.28716e+11
-1.60275e+12
-9.50988e+11
-2.94879e+12
-1.57492e+12
-2.55203e+12
-6.50442e+11
-1.53494e+12
-1.66045e+12
-1.5994e+12
-9.44852e+11
-1.63871e+12
-1.62549e+12
-1.60239e+12
-1.53398e+12
-1.60313e+12
-9.35006e+11
-1.60237e+12
-1.5928e+12
-1.59093e+12
-2.94771e+12
-2.95476e+12
-6.54998e+11
-8.91273e+11
1.92516e+13
-2.94834e+12
-1.5814e+12
-1.60372e+12
-1.03052e+12
-1.58258e+12
-1.53502e+12
-1.10388e+12
-1.60569e+12
-1.5337e+12
-2.95046e+12
1.26316e+12
-2.9484e+12
-1.58919e+12
-1.40175e+12
-1.62825e+12
-1.40288e+12
-2.97698e+12
-1.6478e+12
-2.94807e+12
-2.42592e+12
-1.54887e+12
-7.96392e+11
-1.58312e+12
-1.57662e+12
-1.46246e+12
-1.41406e+12
-1.12307e+12
-1.60707e+12
-1.57863e+12
2.92637e+11
-5.27913e+11
-1.57444e+12
-1.66442e+12
-7.55037e+11
-9.01191e+11
-9.6031e+11
-9.21963e+11
-1.2827e+12
5.01178e+12
-1.59232e+12
-4.69015e+11
-1.56348e+12
-1.5745e+12
-1.57409e+12
-1.4469e+12
-2.94004e+12
-1.77929e+12
-7.98334e+11
-2.96325e+12
-1.53411e+12
-5.29309e+11
-1.57917e+12
-2.94832e+12
-1.65835e+12
-1.65102e+12
-2.61866e+12
-1.58477e+12
-1.6299e+12
-1.53397e+12
-3.64843e+12
-8.96204e+11
-1.44005e+12
-1.57395e+12
-1.57333e+12
-1.53566e+12
-1.53606e+12
-2.95188e+12
-1.78745e+12
-1.81604e+12
-1.57467e+12
-2.94868e+12
-2.94963e+12
-1.60918e+12
-2.94831e+12
-2.94986e+12
-2.8216e+12
-1.56635e+12
-1.65347e+12
-2.9509e+12
-2.94848e+12
-8.92852e+11
-2.89805e+12
-1.5752e+12
-1.58826e+12
-1.54414e+12
-2.94846e+12
-1.74064e+12
-1.57454e+12
-1.7612e+12
-9.69381e+11
-2.87399e+12
-1.56356e+12
-2.94879e+12
-1.57087e+12
-2.94849e+12
-2.9506e+12
-2.94949e+12
-1.62029e+12
-1.57477e+12
-2.81383e+12
-1.59907e+12
-1.65348e+12
-1.86265e+12
-1.58248e+12
-2.63823e+12
-7.77705e+11
-2.94861e+12
-1.01339e+12
-2.95252e+12
-1.53472e+12
-1.56021e+12
-2.94987e+12
-7.88421e+11
-2.03722e+12
-1.53992e+12
-1.15133e+12
-1.66319e+12
-1.60047e+12
-2.42678e+12
-5.29843e+11
-1.57402e+12
-2.93189e+12
-1.59087e+12
-1.23877e+12
-1.61654e+12
-1.60876e+12
-1.77649e+12
-1.62885e+12
-2.14933e+12
-1.54918e+12
-1.61444e+12
-2.94799e+12
-1.77843e+12
-8.48791e+11
-1.54904e+12
5.08705e+12
-1.61573e+12
-9.71113e+11
-8.83212e+11
-2.94843e+12
-7.3726e+11
-1.61923e+12
-8.83629e+11
-2.98613e+12
-1.64673e+12
-2.94803e+12
-2.94881e+12
-2.94835e+12
-2.94824e+12
-9.304e+11
-2.03318e+12
3.21945e+12
-1.56612e+12
-8.88676e+11
-5.10783e+11
-8.89023e+11
-8.78127e+11
-8.98299e+11
-9.57536e+11
-1.91946e+12
-1.59195e+12
-1.55856e+12
-1.5957e+12
-8.94265e+11
-9.21169e+11
-7.88672e+11
-2.95034e+12
-1.76169e+12
-1.61933e+12
-1.18859e+12
-1.92776e+12
-1.50826e+12
-1.60351e+12
-1.58258e+12
-2.94942e+12
-2.95355e+12
-1.60531e+12
-2.93737e+12
-1.56239e+12
-1.63832e+12
-1.59105e+12
-2.01906e+12
-1.64137e+12
-1.57374e+12
1.85994e+12
-1.54511e+12
-2.9564e+12
-1.68148e+12
-1.4937e+12
-1.60435e+12
-1.6466e+12
-1.5402e+12
-1.58925e+12
-1.6081e+12
-1.57496e+12
-2.94902e+12
-1.40592e+12
-1.61033e+12
-1.72416e+12
-8.99451e+11
-1.57096e+12
-1.57422e+12
-1.83561e+12
-1.57385e+12
-1.94377e+12
-9.04706e+11
-2.94962e+12
-1.57381e+12
-1.94384e+12
-1.67901e+12
-2.95263e+12
-2.95471e+12
-1.57383e+12
-1.58243e+12
-1.63185e+12
-1.5795e+12
-1.54975e+12
7.11473e+13
-2.94822e+12
-1.63903e+12
-1.76149e+12
-2.93306e+12
-1.56085e+12
-2.95197e+12
-1.59771e+12
-1.31764e+12
-2.94833e+12
-1.56756e+12
-1.47539e+12
-1.58228e+12
-1.63239e+12
-1.63275e+12
-2.94297e+12
-1.57188e+12
-2.94844e+12
-1.57345e+12
-1.70795e+12
-1.53192e+12
-1.6089e+12
-2.94596e+12
8.79364e+09
-1.57053e+12
-1.5281e+12
-2.94844e+12
-1.63979e+12
-1.59439e+12
-1.57069e+12
-2.92388e+12
-1.65238e+12
-1.50759e+12
-1.57533e+12
-1.75595e+12
-1.60123e+12
-1.56663e+12
-1.58517e+12
-2.23034e+12
-2.94865e+12
-1.67346e+12
-1.58394e+12
-1.63538e+12
-1.57383e+12
-1.58429e+12
-6.53026e+11
-8.94939e+11
-2.9184e+12
-1.5846e+12
-1.81317e+12
-2.95092e+12
-1.57393e+12
-2.93975e+12
-1.61319e+12
-2.95308e+12
-8.88989e+11
-9.60554e+11
-1.52569e+12
-1.16678e+12
-2.37708e+12
-2.9518e+12
-9.30723e+11
-1.58256e+12
-1.60215e+12
-1.60439e+12
-8.76943e+11
-1.57304e+12
-1.63561e+12
-2.94905e+12
-2.94895e+12
-1.60563e+12
-1.60393e+12
-2.94889e+12
-2.92435e+12
-1.3667e+12
-1.57817e+12
-9.4196e+11
-8.78521e+11
-1.65852e+12
-9.26236e+11
6.54674e+12
-1.57392e+12
-9.38338e+11
-8.64569e+11
-1.58967e+12
-1.61573e+12
-1.58245e+12
-1.5886e+12
-8.40734e+11
-1.72674e+12
-2.14089e+11
-1.58314e+12
-1.56624e+12
-1.88145e+12
-1.25148e+12
-8.47278e+11
-8.41048e+11
-9.84695e+11
-1.60886e+12
1.2772e+12
-1.52818e+12
-9.08911e+11
-1.65741e+12
-1.07759e+12
-1.57615e+12
-1.53112e+12
-1.00095e+12
-1.57717e+12
-2.96864e+12
-8.90049e+11
-1.58337e+12
-2.94848e+12
-1.59444e+12
-1.5977e+12
-1.59786e+12
-1.5943e+12
-7.89626e+11
-1.79257e+12
-8.04373e+11
-8.91677e+11
-1.58273e+12
-1.59723e+12
-6.53055e+11
-1.57305e+12
-1.57793e+12
-1.78918e+12
-1.56356e+12
-8.48617e+11
-2.94865e+12
-1.65299e+12
-1.54507e+12
-2.95494e+12
-1.5758e+12
-1.60557e+12
-9.89703e+11
-1.58326e+12
-2.99186e+12
-1.59957e+12
-1.26452e+12
-2.49037e+12
-1.55201e+12
-1.59931e+12
-5.45835e+11
-1.53235e+12
-1.56572e+12
-1.5658e+12
-1.59889e+12
-1.21092e+12
-1.21606e+12
-2.9338e+12
-1.52585e+12
-2.94769e+12
-3.01926e+12
-2.94762e+12
-1.5257e+12
-2.94848e+12
-1.5901e+12
7.1794e+13
-2.61838e+12
-2.94878e+12
-1.77511e+12
-2.94817e+12
-2.96356e+12
-1.56394e+12
-2.94839e+12
-8.82506e+11
-2.93454e+12
-1.57896e+12
-2.94848e+12
-1.65977e+12
-1.53311e+12
-1.57794e+12
-2.94865e+12
-1.63454e+12
-1.98616e+12
-1.4752e+12
-2.94911e+12
-1.09319e+12
-2.94907e+12
-3.63891e+12
-2.94828e+12
-1.96479e+12
-1.47513e+12
-2.95111e+12
-1.53178e+12
-1.54298e+12
-1.58677e+12
-6.57925e+11
-1.98106e+12
-7.86156e+11
1.9274e+13
-2.9583e+12
-1.8556e+12
-2.9524e+12
-2.92437e+12
-1.24835e+12
-1.56227e+12
-2.96282e+12
-1.74956e+12
-2.77959e+12
-1.64905e+12
-1.57312e+12
-1.19458e+12
-9.15367e+11
-1.57088e+12
-1.53417e+12
-8.72112e+11
-1.63802e+12
-8.83958e+11
-2.94865e+12
-2.94866e+12
-1.62817e+12
-2.92327e+12
-1.61506e+12
-2.07414e+12
-1.62953e+12
-3.25295e+12
-2.94805e+12
-2.13177e+12
-2.16238e+12
-1.6226e+12
-6.38255e+11
-1.63167e+12
-1.00982e+12
-8.77319e+11
-2.87357e+12
-2.94881e+12
-2.94885e+12
-1.60383e+12
-8.5134e+11
1.54858e+12
-1.59325e+12
-1.59567e+12
-1.69807e+12
-1.65016e+12
-1.60031e+12
-1.65083e+12
-2.64381e+12
-2.95013e+12
-1.8628e+12
-1.578e+12
-1.5667e+12
-8.45396e+11
7.11303e+13
-2.9488e+12
-1.56705e+12
-1.64895e+12
-1.6126e+12
-2.94901e+12
-1.60234e+12
-1.216e+11
-2.03132e+12
-2.94902e+12
-1.71552e+12
-1.30454e+12
-2.94912e+12
-2.95652e+12
-2.9491e+12
-2.94936e+12
-2.94843e+12
-2.94874e+12
1.88221e+12
-1.60397e+12
-1.59605e+12
-1.71493e+12
-1.6352e+12
-1.62709e+12
-8.71193e+11
-1.57389e+12
-2.94902e+12
-2.94783e+12
-1.83539e+12
-1.5908e+12
-2.94891e+12
-1.58473e+12
-4.33214e+11
-2.94844e+12
-1.49198e+12
-1.61231e+12
-4.22953e+11
-9.58328e+11
-4.4638e+11
-1.60065e+12
-9.34615e+11
-1.60829e+12
-1.57421e+12
-8.52588e+11
-1.56278e+12
-2.94877e+12
-2.93581e+12
-1.19807e+12
-1.56619e+12
-2.95151e+12
-7.19387e+11
-1.53176e+12
-1.57577e+12
-2.94442e+12
-1.62045e+12
1.2056e+12
-1.24407e+12
-1.56575e+12
-1.27392e+12
-1.57554e+12
-2.94834e+12
-1.57392e+12
-7.05218e+11
-2.5695e+12
-9.14378e+11
-1.26493e+12
-1.71852e+12
-2.94953e+12
-1.57801e+12
-1.4947e+12
-1.57955e+12
-1.56388e+12
-1.56895e+12
5.02576e+12
1.23852e+11
-1.11978e+12
1.50523e+12
-1.58376e+12
-1.56049e+12
-1.57654e+12
-9.22097e+11
-1.57506e+12
-7.84088e+11
-1.58323e+12
-1.56888e+12
-1.59724e+12
-2.93422e+12
-2.949e+12
-8.9662e+11
-8.46563e+11
-9.48046e+11
-1.574e+12
2.24124e+13
-8.80342e+11
-9.3317e+11
-6.73758e+11
-2.88289e+12
-2.42657e+12
1.6906e+12
-2.24582e+12
-1.27108e+12
-1.57391e+12
-2.94819e+12
-1.56076e+12
-1.5578e+12
-2.14966e+12
2.68351e+13
-8.88815e+11
-2.94825e+12
-1.26281e+12
2.24361e+13
-1.58985e+12
-1.64181e+12
-1.6664e+12
-2.94811e+12
-1.57987e+12
-8.90977e+11
-1.6061e+12
-1.3155e+12
-1.57637e+12
-2.94835e+12
-1.57523e+12
-2.94761e+12
-8.80887e+11
-7.76434e+11
-1.27486e+12
-1.58337e+12
-1.57382e+12
-1.58374e+12
-2.94911e+12
-1.77482e+12
-1.29207e+12
-1.5635e+12
-1.39645e+12
-1.53418e+12
-1.39977e+12
-1.79605e+12
-1.5747e+12
-1.77349e+12
-1.66651e+12
-9.3786e+11
-1.5751e+12
-1.01083e+12
-1.61291e+12
-2.94845e+12
-2.46838e+12
-8.83383e+11
-1.60488e+12
-1.94598e+12
-2.46859e+12
-1.7629e+12
-9.35628e+11
-4.54161e+11
-9.69501e+11
-1.5579e+12
-1.57358e+12
-1.30047e+12
-1.57425e+12
-2.95214e+12
-2.94971e+12
-2.94853e+12
-2.95919e+12
-1.651e+12
-2.94843e+12
-2.94879e+12
-1.58952e+12
-1.56096e+12
-2.94908e+12
-1.53429e+12
-1.56557e+12
-2.95382e+12
-1.57375e+12
-1.54982e+12
-1.6793e+12
-1.53039e+12
-1.50466e+12
-1.55267e+12
-1.24126e+12
-2.82133e+12
-1.83563e+12
-1.46427e+12
-1.56579e+12
-6.75274e+11
-2.95175e+12
-1.56558e+12
-1.57389e+12
-1.58337e+12
-1.58423e+12
-1.5837e+12
-2.9495e+12
-2.97921e+12
-1.60526e+12
-2.94818e+12
-2.94904e+12
-1.30657e+12
-7.41832e+11
-2.94893e+12
-1.56664e+12
-2.94822e+12
-1.6626e+12
-1.76108e+12
-2.95487e+12
-1.57358e+12
-8.11281e+11
-2.97433e+12
-7.66366e+11
-9.08892e+11
-8.39054e+11
-8.34246e+11
-8.89738e+11
-9.06416e+11
-1.57387e+12
-1.46832e+12
-1.57101e+12
-1.82815e+12
-2.94906e+12
-8.79739e+11
-2.94903e+12
-2.09165e+12
-1.49698e+12
-1.60321e+12
-1.60543e+12
-2.93667e+12
-1.58884e+12
-8.41785e+11
-1.02875e+12
-2.94895e+12
-2.94895e+12
-2.94894e+12
-2.94798e+12
-2.94793e+12
-2.94792e+12
-1.58923e+12
-1.58832e+12
-1.24214e+12
-1.10922e+12
-1.23934e+12
-1.23589e+12
-1.4239e+12
-1.62285e+12
-1.57578e+12
-1.54784e+12
-1.64902e+12
-1.47666e+12
-1.61182e+12
-1.54439e+12
-4.59749e+11
-4.59065e+11
-9.02305e+11
-3.70253e+11
2.24861e+13
-4.63607e+12
-1.64007e+13
-1.15077e+13
-1.50236e+13
-5.47835e+12
-4.74741e+12
-1.10325e+13
-5.91308e+12
-1.58292e+12
-1.53096e+12
-1.53271e+12
-1.53331e+12
-1.05682e+12
-2.95015e+12
-1.05288e+12
-2.9795e+12
-1.65342e+12
-1.03557e+12
-2.97627e+12
-2.94981e+12
-2.95627e+12
-2.95012e+12
-2.95445e+12
-2.94464e+12
-2.94783e+12
-2.94843e+12
-2.94825e+12
-2.94841e+12
-2.94846e+12
-2.94869e+12
-2.94882e+12
-2.95077e+12
-2.94868e+12
-2.96052e+12
-2.96105e+12
-2.95725e+12
-2.95402e+12
-2.95975e+12
-2.95036e+12
-2.95169e+12
-2.95911e+12
-2.95016e+12
-2.81282e+12
-2.81385e+12
-1.53441e+12
-1.53225e+12
-1.53256e+12
-1.5334e+12
-1.53238e+12
-1.52832e+12
-1.47912e+12
-1.47905e+12
-1.56405e+12
-1.56354e+12
-1.55403e+12
-1.56696e+12
-1.55923e+12
-1.55894e+12
-1.56676e+12
-1.55906e+12
-1.56583e+12
-1.56296e+12
-1.56308e+12
-1.56633e+12
-1.56907e+12
-1.57217e+12
-1.57006e+12
-1.57201e+12
-1.57225e+12
-1.57192e+12
-1.57178e+12
-1.57192e+12
-1.57661e+12
-1.57553e+12
-1.57659e+12
-1.57959e+12
-1.57828e+12
-1.58029e+12
-1.5909e+12
-1.62316e+12
-1.61694e+12
-1.62956e+12
-1.65484e+12
-1.66604e+12
-1.70499e+12
-1.7486e+12
-2.13248e+12
-2.24259e+12
-2.07546e+12
-2.13734e+12
-2.25346e+12
-2.14852e+12
-2.33365e+12
-2.34514e+12
-2.33636e+12
-2.56541e+12
-2.57429e+12
-2.45614e+12
-3.02473e+12
-2.70531e+12
-4.06412e+12
4.92343e+12
3.19756e+12
4.28837e+12
-1.67797e+12
-2.42524e+12
-7.05033e+12
-7.12657e+12
3.52948e+12
3.49361e+12
5.38005e+12
2.72239e+12
2.77272e+12
2.70928e+12
3.33411e+12
7.73519e+10
1.83257e+12
4.74793e+12
4.98036e+12
4.80525e+12
2.62432e+11
3.36343e+12
6.73752e+11
-1.347e+12
-1.29307e+12
-7.67676e+11
-7.69331e+11
-7.66893e+11
-8.92438e+11
-1.00635e+12
-8.93593e+11
-8.86292e+11
-8.51309e+11
-7.40026e+11
-1.47045e+11
-7.89278e+11
-8.74008e+11
-9.01087e+11
-8.97132e+11
-8.97445e+11
-8.97846e+11
-8.82429e+11
-8.95824e+11
-8.88789e+11
-9.0583e+11
-9.05214e+11
-9.06116e+11
-1.14088e+12
-1.14535e+12
-1.54591e+12
-1.19159e+12
-1.17866e+12
-1.8036e+12
-1.70551e+12
-1.70879e+12
-1.79471e+12
-1.80397e+12
-1.78758e+12
-1.79268e+12
-1.73829e+12
-1.79022e+12
-1.59414e+12
-1.61211e+12
-1.61372e+12
-1.66406e+12
-1.69537e+12
-1.66977e+12
-1.64627e+12
-1.63945e+12
-1.64418e+12
-1.64149e+12
-1.77146e+12
-1.7721e+12
-1.51862e+12
-1.77201e+12
-1.77821e+12
-1.52037e+12
-1.77887e+12
-1.42768e+12
-1.30154e+12
-1.42666e+12
-1.30049e+12
-1.29911e+12
-1.29412e+12
-1.39769e+12
-1.24761e+12
-1.21026e+12
-1.4317e+12
-1.20363e+12
-1.22735e+12
-1.44706e+12
-1.32606e+12
-1.34137e+12
-1.61955e+12
-1.60485e+12
-1.59666e+12
-1.59047e+12
-1.59326e+12
-1.58991e+12
-1.59174e+12
-1.59219e+12
-1.58797e+12
-1.59025e+12
-1.58891e+12
-1.58731e+12
-1.58711e+12
-1.58857e+12
-1.58743e+12
-1.58458e+12
-1.5857e+12
-1.58413e+12
-1.5877e+12
-1.58571e+12
-1.58495e+12
-1.58017e+12
-1.5798e+12
-1.57857e+12
-1.57548e+12
-1.57483e+12
-1.57571e+12
-1.57491e+12
-1.566e+12
-1.56529e+12
-1.56563e+12
-1.57362e+12
-1.57772e+12
-1.65543e+12
-1.66692e+12
-1.67729e+12
-1.72472e+12
-1.65881e+12
-1.59463e+12
-1.29609e+12
-2.24108e+12
-1.97195e+12
-1.92876e+12
-2.0196e+12
-2.48739e+12
-2.64991e+12
-3.0294e+12
-2.82098e+12
-2.99696e+12
-4.19928e+12
-2.44716e+12
-2.99452e+12
-2.95331e+12
-2.95358e+12
-2.96059e+12
-2.95334e+12
-2.95053e+12
-2.94994e+12
-2.95055e+12
-2.94951e+12
-2.94952e+12
-2.95057e+12
-2.94904e+12
-2.94904e+12
-2.949e+12
-2.94902e+12
-2.94902e+12
-2.94902e+12
-1.64495e+12
-2.94885e+12
-2.94885e+12
-2.9487e+12
-2.94871e+12
-2.94867e+12
-2.94869e+12
-2.9487e+12
-2.9486e+12
-2.94824e+12
-2.95472e+12
-2.95146e+12
-2.95021e+12
-2.95919e+12
-2.81656e+12
-2.81581e+12
-2.77955e+12
-1.77791e+12
-1.56713e+12
-1.57195e+12
-1.5718e+12
-1.57548e+12
-1.57664e+12
-1.82763e+12
-2.41417e+12
-2.5806e+12
3.99898e+12
-1.64186e+13
4.19739e+12
-6.93876e+12
5.52627e+12
3.41175e+12
3.58231e+12
5.15784e+12
5.06195e+12
-1.22921e+12
-4.91544e+11
-9.80738e+11
-3.41387e+11
-4.01501e+11
-9.00429e+11
-8.9807e+11
-1.62728e+12
-1.47911e+12
-1.81737e+12
-1.30365e+12
-1.79793e+12
-1.7971e+12
-1.73979e+12
-1.65759e+12
-1.65972e+12
-1.64325e+12
-1.68151e+12
-1.61668e+12
-1.68515e+12
-1.78216e+12
-1.77992e+12
-1.77979e+12
-1.42596e+12
-1.28281e+12
-1.26573e+12
-1.38825e+12
-1.29664e+12
-1.4267e+12
-1.62554e+12
-1.61942e+12
-1.59039e+12
-1.59203e+12
-1.59194e+12
-1.58978e+12
-1.58721e+12
-1.58526e+12
-1.57892e+12
-1.58457e+12
-1.57627e+12
-1.57488e+12
-1.57489e+12
-1.57765e+12
-1.57442e+12
-1.56559e+12
-1.57078e+12
-1.56574e+12
-1.64394e+12
-1.28973e+12
-2.28132e+12
-2.6205e+12
-2.7524e+12
-4.04735e+12
-2.51476e+12
-2.99635e+12
-2.96095e+12
-2.95213e+12
-2.95066e+12
-2.95072e+12
-2.95005e+12
-1.73253e+12
-2.949e+12
-2.94903e+12
-2.94902e+12
-2.94904e+12
-2.94902e+12
-2.94902e+12
-2.94884e+12
-2.94866e+12
-2.94867e+12
-2.94822e+12
-2.94833e+12
-2.94835e+12
-2.94831e+12
-2.94835e+12
-2.94832e+12
-2.94827e+12
-2.94828e+12
-2.94831e+12
-2.94843e+12
-2.94841e+12
-2.94839e+12
-2.9484e+12
-2.94845e+12
-2.94847e+12
-2.94847e+12
-2.94851e+12
-2.94853e+12
-2.94858e+12
-2.94852e+12
-2.9488e+12
-2.94897e+12
-2.94898e+12
-2.94958e+12
-2.94919e+12
-2.95237e+12
-2.95354e+12
-2.95169e+12
-2.95319e+12
-2.95329e+12
-2.95292e+12
-2.95211e+12
-2.95366e+12
-2.95162e+12
-1.62246e+12
-1.58551e+12
-1.56229e+12
-1.58325e+12
-1.58334e+12
-1.54251e+12
-1.53941e+12
-1.5394e+12
-1.53746e+12
-1.53413e+12
-1.53447e+12
-1.53453e+12
-1.53255e+12
-1.53572e+12
-1.56606e+12
-1.56438e+12
-1.56416e+12
-1.56701e+12
-1.57003e+12
-1.5642e+12
-1.57014e+12
-1.57234e+12
-1.57216e+12
-1.57234e+12
-1.57593e+12
-1.57923e+12
-1.57981e+12
-1.5841e+12
-1.58445e+12
-1.58681e+12
-1.58537e+12
-1.58642e+12
-1.58871e+12
-1.59056e+12
-1.59019e+12
-1.59047e+12
-1.59369e+12
-1.59442e+12
-1.59176e+12
-1.59632e+12
-1.60313e+12
-1.6014e+12
-1.61507e+12
-1.61595e+12
-1.6181e+12
-1.62827e+12
-1.62697e+12
-1.63347e+12
-1.63482e+12
-1.63152e+12
-1.64032e+12
-1.64198e+12
-1.64179e+12
-1.65468e+12
-1.6594e+12
-1.6599e+12
-1.73808e+12
-1.72467e+12
-1.73312e+12
-1.75844e+12
-1.40684e+12
-1.8905e+12
-1.88604e+12
-2.08132e+12
-1.89691e+12
-1.42303e+12
-1.70754e+12
-1.81123e+12
-1.36525e+12
-1.17344e+12
-1.24971e+12
-1.881e+12
-1.15026e+12
-1.19272e+12
-1.84416e+12
-9.74842e+11
-1.00948e+12
-9.1999e+11
-9.58457e+11
-8.26223e+11
1.12314e+11
-9.03793e+11
-9.268e+11
-8.88339e+11
-8.57335e+11
-9.2348e+11
-8.52735e+11
-8.17982e+11
-7.87083e+11
-9.90218e+11
-8.00758e+11
-7.59467e+11
-7.41977e+11
-6.83151e+11
-6.86832e+11
-6.88263e+11
-5.26541e+11
-5.68547e+11
-5.37048e+11
-7.86894e+11
-8.45615e+11
-8.68999e+11
-8.75417e+11
-8.93431e+11
-8.93881e+11
-8.81406e+11
-8.82147e+11
-8.80646e+11
-8.79753e+11
-9.19255e+11
-1.17066e+12
-1.22542e+12
-2.42465e+12
-1.32355e+12
-1.26721e+12
-1.28766e+12
-1.25044e+12
-1.32454e+12
-1.38119e+12
-1.6571e+12
-1.68547e+12
-1.63627e+12
-1.78898e+12
-1.79769e+12
-1.77969e+12
-1.78659e+12
-1.69665e+12
-1.67866e+12
-1.65504e+12
-1.67904e+12
-1.67698e+12
-1.6602e+12
-1.66609e+12
-1.6655e+12
-1.66771e+12
-1.66004e+12
-1.67255e+12
-1.647e+12
-1.64501e+12
-1.65887e+12
-1.64385e+12
-2.42563e+12
-1.64924e+12
-1.772e+12
-1.51984e+12
-1.66287e+12
-1.41942e+12
-1.30231e+12
-1.41767e+12
-1.40396e+12
-1.66241e+12
-1.35734e+12
-1.40754e+12
-1.44957e+12
-1.42142e+12
-1.51804e+12
-1.5187e+12
-1.51178e+12
-1.43035e+12
-1.61592e+12
-1.63684e+12
-1.60766e+12
-1.61078e+12
-1.60719e+12
-1.59973e+12
-1.60086e+12
-1.60388e+12
-1.59633e+12
-1.59412e+12
-1.59496e+12
-1.59419e+12
-1.59297e+12
-1.59289e+12
-1.59206e+12
-1.59112e+12
-1.59065e+12
-1.591e+12
-1.58875e+12
-1.5879e+12
-1.58696e+12
-1.58819e+12
-1.58712e+12
-1.5863e+12
-1.58575e+12
-1.5835e+12
-1.5836e+12
-1.58302e+12
-1.5827e+12
-1.58201e+12
-1.58214e+12
-1.57964e+12
-1.58061e+12
-1.66209e+12
-1.57678e+12
-1.56894e+12
-1.57496e+12
-1.18398e+12
-1.30316e+12
-1.19217e+12
-2.97991e+12
-2.97674e+12
-2.97923e+12
-2.97178e+12
-2.9724e+12
-2.97816e+12
-2.9652e+12
-2.5435e+12
-4.17003e+12
-2.94999e+12
-1.66273e+12
-2.94922e+12
-2.94887e+12
-2.94997e+12
-2.94907e+12
-2.949e+12
-2.94914e+12
-2.94911e+12
-1.02724e+12
-2.94905e+12
-2.94907e+12
-2.94894e+12
-2.94888e+12
-2.94882e+12
-2.94884e+12
-2.94865e+12
-2.9485e+12
-2.9485e+12
-2.9485e+12
-2.9485e+12
-2.94827e+12
-1.22983e+13
-1.25805e+12
-1.25807e+12
-1.58265e+12
-1.5669e+12
-1.58134e+12
-2.94842e+12
-2.94843e+12
-2.94842e+12
-2.94843e+12
-2.94835e+12
-2.94842e+12
-2.94843e+12
-2.94845e+12
-2.94849e+12
-2.94847e+12
-2.94855e+12
-2.94857e+12
-2.94854e+12
-2.94872e+12
-2.94883e+12
-2.94864e+12
-2.94884e+12
-2.94871e+12
-2.94918e+12
-1.51204e+12
-2.94909e+12
-2.94918e+12
-2.94914e+12
-2.95091e+12
-2.95299e+12
-2.95309e+12
-2.95255e+12
-2.95338e+12
-2.82295e+12
-2.65272e+12
-1.60305e+12
-1.61303e+12
-1.6037e+12
-1.60265e+12
-1.58228e+12
-1.56125e+12
-1.58069e+12
-1.58037e+12
-1.56262e+12
-1.54957e+12
-1.54166e+12
-1.72435e+12
-1.62294e+12
-1.68014e+12
-1.6315e+12
-1.51419e+12
-1.56015e+12
-1.56237e+12
-1.57138e+12
-1.5697e+12
-1.57329e+12
-1.57323e+12
-1.57316e+12
-1.57327e+12
-1.5742e+12
-1.57353e+12
-1.57532e+12
-1.57357e+12
-1.57837e+12
-1.57845e+12
-1.57923e+12
-1.58013e+12
-1.58169e+12
-1.58238e+12
-1.58327e+12
-1.58321e+12
-1.58332e+12
-1.58287e+12
-1.5838e+12
-1.58387e+12
-1.58399e+12
-1.58358e+12
-1.59034e+12
-1.59116e+12
-1.58824e+12
-1.58379e+12
-1.59051e+12
-1.59401e+12
-1.58979e+12
-1.59447e+12
-1.62477e+12
-1.59559e+12
-1.59587e+12
-1.59614e+12
-1.677e+12
-1.63104e+12
-1.59669e+12
-1.59704e+12
-1.59651e+12
-1.59728e+12
-1.59811e+12
-1.59817e+12
-1.59792e+12
-1.62137e+12
-1.64375e+12
-1.73509e+12
-1.60917e+12
-1.67742e+12
-8.81292e+11
-8.82075e+11
-1.74786e+12
-1.96093e+12
-1.70421e+12
-9.31746e+11
-1.73902e+12
-8.49191e+11
-1.13365e+12
-1.30771e+12
-1.67214e+12
-9.96918e+11
-1.25355e+12
-1.4109e+12
-1.28712e+12
-1.23862e+12
-1.38125e+12
-1.37737e+12
-1.27439e+12
-1.07711e+12
-1.05284e+12
-1.01319e+12
-1.05181e+12
-1.02171e+12
-1.04368e+12
-1.05886e+12
-1.02738e+12
-9.22464e+11
-8.88607e+11
1.15216e+11
-9.17052e+11
-9.67696e+11
-8.91632e+11
-9.14263e+11
-9.41864e+11
-9.00228e+11
-9.12291e+11
-9.16123e+11
-9.56587e+11
-8.45178e+11
-8.69983e+11
-8.90645e+11
-9.01046e+11
-7.7115e+11
-8.15241e+11
-7.81655e+11
-6.85547e+11
-7.35606e+11
-7.63355e+11
-7.02012e+11
-5.3504e+11
-6.53932e+11
-1.30318e+12
-1.263e+12
-1.26092e+12
-7.76721e+11
-8.47152e+11
-8.49624e+11
-8.49695e+11
-8.74916e+11
-8.74379e+11
-8.74488e+11
-8.77563e+11
-8.76383e+11
-8.89596e+11
-8.89842e+11
-8.86585e+11
-8.8018e+11
-9.20981e+11
-9.10145e+11
-9.0491e+11
-1.02802e+12
-9.5692e+11
-1.05064e+12
-1.04449e+12
-1.08768e+12
-1.15839e+12
-1.07712e+12
-1.11686e+12
-1.38744e+12
-1.31115e+12
-1.64556e+12
-1.38691e+12
-1.66957e+12
-1.63684e+12
-1.65957e+12
-1.64078e+12
-1.6503e+12
-1.65192e+12
-1.67134e+12
-1.67425e+12
-1.63117e+12
-1.68882e+12
-1.69311e+12
-1.66859e+12
-1.66103e+12
-1.66087e+12
-1.67248e+12
-1.64105e+12
-1.62932e+12
-1.62411e+12
-1.55699e+12
-1.5197e+12
-1.49402e+12
-1.47158e+12
-1.4346e+12
-1.48326e+12
-1.46016e+12
-1.60622e+12
-1.6064e+12
-1.62094e+12
-1.60378e+12
-1.62782e+12
-1.62092e+12
-1.61233e+12
-1.50502e+12
-1.64431e+12
-1.6437e+12
-1.64807e+12
-1.64345e+12
-1.60701e+12
-1.60597e+12
-1.62927e+12
-1.60372e+12
-1.60571e+12
-1.59976e+12
-1.59581e+12
-1.59549e+12
-1.59526e+12
-1.59636e+12
-1.59424e+12
-1.5944e+12
-1.5948e+12
-1.5934e+12
-1.59372e+12
-1.59226e+12
-1.59351e+12
-1.59299e+12
-1.59104e+12
-1.59241e+12
-1.58797e+12
-1.5883e+12
-1.58787e+12
-1.59104e+12
-1.58659e+12
-1.68131e+12
-1.58544e+12
-1.58628e+12
-1.58708e+12
-1.58419e+12
-1.584e+12
-1.58365e+12
-1.58424e+12
-1.58319e+12
-1.58389e+12
-1.58395e+12
-1.58273e+12
-1.58308e+12
-1.58243e+12
-1.58233e+12
-1.58237e+12
-1.58236e+12
-1.5812e+12
-1.57873e+12
-1.57726e+12
-1.5805e+12
-1.57721e+12
-1.56825e+12
-2.95445e+12
-1.75676e+12
-2.95453e+12
-2.94704e+12
-2.97013e+12
-2.96053e+12
-2.96973e+12
-2.95747e+12
-2.96038e+12
-2.96101e+12
-2.97776e+12
-3.2472e+12
-2.95204e+12
-2.9519e+12
-2.95041e+12
-2.95032e+12
-2.94944e+12
-2.94937e+12
-2.9494e+12
-2.94918e+12
-2.94905e+12
-2.94924e+12
-2.94903e+12
-2.94909e+12
-2.94897e+12
-2.9488e+12
-2.94866e+12
-2.94865e+12
-2.94875e+12
-2.94865e+12
-2.9485e+12
-2.94845e+12
-2.94852e+12
-2.94849e+12
-1.77308e+12
-1.68173e+12
-1.26826e+12
-1.28175e+12
-1.2675e+12
-1.27474e+12
-1.233e+12
-1.22333e+12
-1.26467e+12
-1.56736e+12
-1.56666e+12
-1.01274e+12
-1.56701e+12
-1.56277e+12
-1.62088e+12
-1.61685e+12
-1.58217e+12
-1.58368e+12
-2.94849e+12
-2.94846e+12
-2.94843e+12
-2.94844e+12
-2.95214e+12
-2.95657e+12
-2.95194e+12
-2.95572e+12
-1.01867e+12
-9.97831e+11
-1.02548e+12
-1.01142e+12
-9.76475e+11
-2.94854e+12
-2.94852e+12
-2.94847e+12
-2.94849e+12
-2.94862e+12
-2.94865e+12
-2.94866e+12
-2.94855e+12
-2.94875e+12
-2.949e+12
-2.94894e+12
-2.9488e+12
-2.94951e+12
-2.94978e+12
-2.94921e+12
-2.95028e+12
-2.95239e+12
-1.5652e+12
-1.56821e+12
-1.58144e+12
-1.58276e+12
-1.67492e+12
-1.70758e+12
-1.72645e+12
-1.64381e+12
-1.56868e+12
-1.56715e+12
-1.57033e+12
-1.57371e+12
-1.57382e+12
-1.57338e+12
-1.57402e+12
-1.57388e+12
-1.57405e+12
-1.57395e+12
-1.57396e+12
-1.57366e+12
-1.57364e+12
-1.574e+12
-1.578e+12
-1.57869e+12
-1.58386e+12
-1.58456e+12
-1.58655e+12
-1.58483e+12
-1.59142e+12
-1.59287e+12
-1.59125e+12
-1.5927e+12
-1.59616e+12
-1.59416e+12
-1.59518e+12
-1.60343e+12
-1.60454e+12
-1.60513e+12
-2.94846e+12
-2.94845e+12
-1.64079e+12
-1.63934e+12
-1.72827e+12
-1.71337e+12
-1.61479e+12
-1.49511e+12
-1.28115e+12
-1.27032e+12
-1.23092e+12
-1.57238e+12
-1.33698e+12
-1.31294e+12
-1.3475e+12
-1.27511e+12
-1.28994e+12
-1.03672e+12
-1.05208e+12
-1.09338e+12
-1.11106e+12
-9.84462e+11
-1.00245e+12
-1.02257e+12
-9.43032e+11
-9.76907e+11
-9.65866e+11
-9.46963e+11
-9.12668e+11
-8.53024e+11
-8.30642e+11
-7.81372e+11
-8.42882e+11
-8.47783e+11
-8.75212e+11
-8.89292e+11
-8.54936e+11
-1.64859e+12
-1.614e+12
-1.65207e+12
-9.11195e+11
-9.06547e+11
-1.00002e+12
-9.51898e+11
-9.75346e+11
-9.48252e+11
-1.03677e+12
-1.73472e+12
-1.67994e+12
-1.7015e+12
-1.68087e+12
-1.62606e+12
-1.51668e+12
-1.61857e+12
-1.6389e+12
-2.95271e+12
-2.95744e+12
-2.95112e+12
-2.95066e+12
-2.95097e+12
-2.95039e+12
-2.9502e+12
-2.94938e+12
-2.94959e+12
-2.94923e+12
-2.94895e+12
-2.94891e+12
-2.94905e+12
-2.94884e+12
-2.94865e+12
-9.63315e+11
-1.72486e+12
-1.94281e+12
-1.72426e+12
-1.56489e+12
-2.94861e+12
-1.70545e+12
-1.5186e+12
-2.9582e+12
-1.68441e+12
-8.68641e+11
-8.82465e+11
-2.94974e+12
-2.9495e+12
-9.67637e+11
-1.02928e+12
-9.07103e+11
-9.44329e+11
-1.62885e+12
-1.68031e+12
-1.6724e+12
-1.67358e+12
-1.43717e+12
-1.52174e+12
-1.58049e+12
-1.58204e+12
-1.5734e+12
-2.99529e+12
-2.96774e+12
-2.96399e+12
-2.94902e+12
-2.94905e+12
-2.94849e+12
-1.50646e+12
-1.58031e+12
-2.94864e+12
-2.94902e+12
-2.95268e+12
-1.58487e+12
-1.59179e+12
-2.94853e+12
-1.6129e+12
-1.62845e+12
-1.33301e+12
-1.02722e+12
-1.05151e+12
-9.62373e+11
-8.60002e+11
-1.51226e+12
-1.62138e+12
-1.25897e+12
-1.27772e+12
-1.27677e+12
-1.64027e+12
-1.64496e+12
-1.65739e+12
-1.621e+12
-1.64104e+12
-1.58406e+12
-1.58431e+12
-1.58166e+12
-2.94925e+12
-2.95921e+12
-2.95599e+12
-2.94872e+12
-2.94855e+12
-1.74186e+12
-1.83156e+12
-2.95239e+12
-1.61397e+12
-1.59314e+12
-1.58442e+12
-2.94878e+12
-1.58294e+12
-1.67784e+12
-1.00229e+12
-1.03262e+12
-2.94855e+12
-2.94859e+12
-1.68239e+12
-2.94857e+12
-2.94859e+12
-1.289e+12
-1.6418e+12
-4.60216e+11
-2.94852e+12
-4.5779e+12
-4.7364e+12
-1.53306e+12
-2.94866e+12
-2.97807e+12
-1.05385e+12
-2.95033e+12
-2.95097e+12
-1.56377e+12
-2.94925e+12
-1.57191e+12
-2.94931e+12
-2.43882e+12
5.52537e+12
-5.13069e+11
-5.73435e+11
-8.95191e+11
-1.7106e+12
-1.73632e+12
-1.72454e+12
-1.66326e+12
-1.27326e+12
-1.59119e+12
-1.58164e+12
-1.58684e+12
-1.583e+12
-1.58426e+12
-1.58693e+12
-1.57467e+12
-1.57534e+12
-1.56534e+12
-1.70324e+12
-1.59273e+12
-1.6418e+12
-1.73873e+12
-2.25804e+12
-2.96875e+12
-1.59461e+12
-2.95571e+12
-1.59543e+12
-2.95002e+12
-2.94863e+12
-1.59462e+12
-2.95059e+12
-2.94902e+12
-1.81638e+12
-2.94871e+12
-1.80767e+12
-1.50889e+12
-1.61962e+12
-1.58171e+12
-1.56514e+12
-3.00993e+12
-2.98126e+12
-2.94902e+12
-1.61158e+12
-2.94905e+12
-2.95627e+12
-2.95122e+12
-1.57993e+12
-1.6253e+12
-1.6283e+12
-1.40299e+12
-1.02598e+12
-9.47898e+11
-1.6643e+12
-1.67338e+12
-1.67164e+12
-1.44756e+12
-1.5086e+12
-1.60584e+12
-1.58195e+12
-1.57321e+12
-1.17335e+12
-2.97537e+12
-2.9609e+12
-2.94951e+12
-2.94906e+12
-1.69934e+12
-2.9485e+12
-2.94849e+12
-1.57834e+12
-2.94847e+12
-1.67782e+12
-2.94872e+12
-2.94918e+12
-1.57339e+12
-1.62953e+12
-1.57884e+12
-1.59033e+12
-1.59486e+12
-1.61772e+12
-1.63256e+12
-1.616e+12
-1.26962e+12
-8.96936e+11
-9.75459e+11
-2.94825e+12
-2.94825e+12
-2.94824e+12
-2.94825e+12
-1.72949e+12
-1.74133e+12
-1.72865e+12
-1.72421e+12
)
;

boundaryField
{
    Wall
    {
        type            zeroGradient;
    }
    Inlet
    {
        type            zeroGradient;
    }
    Outlet
    {
        type            fixedValue;
        value           uniform 0;
    }
    Empty
    {
        type            empty;
    }
}


// ************************************************************************* //
