/*--------------------------------*- C++ -*----------------------------------*\
| =========                 |                                                 |
| \\      /  F ield         | OpenFOAM: The Open Source CFD Toolbox           |
|  \\    /   O peration     | Version:  2312                                  |
|   \\  /    A nd           | Website:  www.openfoam.com                      |
|    \\/     M anipulation  |                                                 |
\*---------------------------------------------------------------------------*/
FoamFile
{
    version     2.0;
    format      ascii;
    arch        "LSB;label=32;scalar=64";
    class       volScalarField;
    location    "2.4";
    object      p;
}
// * * * * * * * * * * * * * * * * * * * * * * * * * * * * * * * * * * * * * //

dimensions      [0 2 -2 0 0 0 0];

internalField   nonuniform List<scalar> 
2958
(
-18096.8
-11836.5
82061.7
-40854.6
-21408.1
81411.5
-10090.4
-19812.3
-14975.6
-19430.8
-16716.6
-12401.6
-19078.3
-12409.3
-18309.4
-16931
-21962.5
-19155.8
-12401.7
-19421.6
-12251.1
-22061.4
-12160.8
-17692.9
-19100.7
-18865.1
20402.9
-21264.7
-16787.1
-17227
-18757.8
-19699
-12532.9
-331.083
-17617.1
-22695.9
-12407.5
-12164.1
-20808.8
-19209.8
10464.9
-22339.7
-8596.44
-18104.1
-12401.6
-837.18
-16457.9
-15242.8
-30574.7
-14078.5
-17599.9
-12980.7
-19314.9
-16911
-17660.2
-25455.4
-19704.6
-19149.4
-18204.4
19003.1
-20530.8
-19483.3
-14060.2
-17288.9
-12411
-12407.7
-16923.2
-10572.6
-15052.6
-21885.4
-21130
-12399.6
-16827.6
-18250.3
-12430.2
-15889.4
-20634.2
-13908.3
-12426.6
-17552.7
-19019.1
-27829.9
-21341.1
-21792.6
-19581.8
-17622.6
-25242.1
-17685.3
-10257.4
-12694.4
-16467.8
-5000.07
-16018.4
-12397.9
-5485.02
-16941.1
-23719.5
-40226.6
-12411.2
-12404.8
-40950
-18217.7
-17629.8
-17365.8
-12619.3
-15514.9
-12397.5
-32005.6
-12419.2
-16045.5
-77285.3
-17664.9
-12447.5
-19073
-12408.7
-12408.9
-17486.2
-17840.1
-22445.9
-18030.8
-24577.9
-12400.6
-16153.2
-13891.4
-23836.2
-19855.3
-23614.1
-18285.6
-18178.9
-12389.9
-12425.3
-12369.8
-17903.9
-12416
-12404.1
-12415.3
-19080
-19223.1
-12408.2
-12410.1
-20320.9
-14094.4
-12262.4
-12428.9
-18096.6
-21777.6
-12429.2
-12403
-6600.28
-12402.2
-19450.5
-24138.1
-19407
-13386.5
-19850.7
-12410.7
-11888.7
-18297
-12146.4
3452.51
-20336.6
-20153.5
-19343.9
-12404.6
-6083.26
-23135.2
-11088
-12409
-18711.1
82386.8
-18111.9
-12397.8
-12662.7
-15713.9
-12433.2
91270
-29385.4
-6625.79
-5716.66
-15016.5
-13979.3
-18665.8
-18778.8
-107329
-11925
-19702.1
-11589.1
-12419.6
-23169.7
-35578.8
-20863.9
-13955.4
205749
-20808.4
-8181.37
-16625
-11482.5
-17898.7
-17608.5
-16119.5
-19539.9
-12414.9
-18155.1
-4230.64
-26948.2
-53705.4
-14490.1
-53284.7
-24555.2
-32827.6
-12409
-12668.2
-12415.9
-13276.9
-12412.5
-30945.1
-17293.8
-12412
-12411.2
-12410.6
-12383.6
-14612.5
-12060.9
-19956.5
-181611
-17346.9
-21404.4
-12411.9
6235.53
-24653.2
-11349.3
-21967.4
-10819.3
-23034.4
-16742.7
-12379.5
-12428.9
-18203.6
-12433.8
11729
-12420.2
10828.1
-32535
-21195.2
-19079.9
-16858.9
-9982.42
-19078.1
-16857.3
-18122.8
-21138
-17712.7
-17806.9
225060
-40694.2
-11101.3
-17748.7
-9158.06
-18259.2
-22978.6
-17713.6
-12259.2
-9484.6
25447.1
-16197.2
-16582.1
-20736
-18491.2
-10537.1
-12289.2
-12407.4
-20902
-17842.1
-12394.5
-11872.3
-18457.3
-12416.6
-22407
-12413.5
-15170.8
-12408.5
-12355.6
-16116.3
-17668
-21986.6
-12406.4
-13629.4
-60979.3
-84262.4
-16876.2
-17388.7
-25286.2
-12408.2
-12402.8
-20575.5
231823
-12409.7
-17625.2
-12409.5
-19669.9
-18766.3
-20647.7
-9303.25
-31171.3
-20387.9
-8234.76
-45109.6
-12267.6
-17416.7
-17885.3
-12423.1
-17782.3
-17318.5
-12418
-13609.3
-180505
-22540.7
-11553
-24127.8
-18755.9
-20774
-24645.7
-18197.3
-11540.4
83138.8
-12306.1
-17680.7
-12346.4
-80038.5
-52233.3
-23414.5
-19115.3
-12398.1
-12408.3
71692.7
-12408.2
89156.6
-13493
90983.6
-12422.3
-17709.3
-10110.2
-19277.1
-24178.8
-12422.2
-11161.9
-12421.4
-17580
-21129.9
-20561.3
-7920.91
-16019.9
-20880.2
-22279.4
-11611.1
-17692.1
-12410.6
-18345.1
2620.75
-18098.5
-52312.8
-18387.8
-28967.7
-13650.6
-19316.5
-14049.3
-11576.6
-60962.9
-35520.4
-16513.6
-18012.6
-21400.1
-12410
-31256
-17550.1
-12177.5
-17561.2
-18174.4
-20625.9
-22971.3
-20566.7
-16034.9
-12425.1
-18265.8
-23060.4
-12412.4
-18850
-18993.3
-12149.1
-12419.3
-19227.8
-12408.2
-12600.3
-21899.2
-16246.7
170423
-52126.7
-12409
-12402.8
-17609.4
-18551
-17668.8
-20904.4
-39201.2
-17422.4
-18066.7
-10005.7
-17693.1
-18148.5
-21055.4
-19151.5
-19040.6
-16856.3
-14588.9
-5854.25
-17106.4
-21724
-26261.9
-18146.5
-18146.6
-12401.9
-21419.1
-25550.4
-26929.3
-18938.6
-12136
-13485.3
-18835.1
-17927.8
-14955.1
-21119.4
-17417.7
-16809.6
-18699.5
-17691
-23354.1
-25910
-17883.8
-20187.8
-12412.8
-23295.3
-18273.9
-17749.8
-24588.8
201612
-13045.2
-12337.6
-10371.9
-12443.3
-26038.6
-12428.3
-21639.8
-17040.2
-9753.58
-19828.5
-21953.5
-12408.6
-17981.1
-26664.1
-12409.1
-13675.2
-41416.9
-20923.5
-18485.2
-17727.7
-11072.1
-5873.59
-15378.5
-17685.5
-16270.5
-18286.6
-12401.8
-18741.7
1056.86
-17455.1
-21068
-16061.9
-24468.1
79593.5
-16941.9
-19137
-6553.82
-12410.7
-14017.9
-11767.7
-18171.1
-18483.2
-16012.6
8091.65
-17980.6
18030.6
-11654.4
-33824.3
-18569.3
-22703.7
-16485.3
-19697
-12418.1
-12422.2
-12381.8
-25897.2
-12425.2
-12410.4
-20471
-20927.8
-12408
-44444.5
-11210.8
-25891.6
-22387.4
-12428.4
-12404.8
-18136
-12407.9
-17518.3
-17556.7
221.658
-16617.6
-22221.2
-21137.3
-13248.9
-23043
-18548.2
26548.8
-17463.3
-17369.9
-7658.89
-12246.9
-16927.1
-26687.9
-16932.2
-12647.1
-12486.9
-12403.2
-15213
-11648.9
-24791.1
-13781.7
-19892.4
-16935.6
-18256
-17501.9
-12402.5
-16614.9
-12358.8
-15145.7
-16855.7
-12170.1
-12408.4
-6340.35
-12423.8
-12407.1
-12223
-19046.5
607376
-19041
-18247.2
-17943.7
-17725.9
-18283.8
-17992.8
-10165.3
-17160
-18084.9
-17845.5
-17670.7
-12410.6
-17667.6
13283.8
-17756.1
-19233.5
-17963.9
-12425.5
-12442.4
-12602.9
-9873.22
-12425.4
-16123.5
-12411.1
-19304.2
-18632.9
-13472.4
-16061
-6953.57
-20233.3
-12260.6
-12468.2
-12405.9
-12088.7
-18855
-12408
-12412.8
-18877.2
-20945.6
-12152.3
-22270.3
-17120.3
-21451.7
-18088.2
-9502.33
-12398.8
-18594.2
-12429.2
-20617.8
28891
-18261.3
-15305
-22081.6
-11748.2
-12408.1
-17384.4
-13971.5
-12412
-12409
-16394.7
-18709.1
-12400.4
-9949.56
-12401.4
-39341.5
-17766.3
-36930.5
-18267.7
-25961.9
-18248.3
-12428.8
-31546.8
-18077.5
-17537.4
-12410.6
-23483.1
-12410.9
-23734.4
-12410.3
-17228
-17310.6
-12659.2
-7659.52
-20863
-12417.7
-12359.6
-19383.5
-16570.6
-12661.7
-18088.1
-15447.1
-14241.2
-12372.6
-17182.8
-12407.7
-12408.8
-24751.9
-23065.2
-32143.7
-19194.1
-22362.1
-11666.6
-11706.2
-71519.3
-17888.7
-6678.1
-11655.2
-12446.1
-12637.3
-9399.41
-12413.1
-23330.6
-12441.4
-18338.7
-16360.2
-17594.8
-22728.3
-25918
-88136.1
156814
-11543.4
-17788.1
-40405.2
-12375.2
-12405.8
-25066.5
-18510
-12405
-15979.4
-12413.9
-20313.8
-19896.9
-17630.4
-19378.3
-12298.6
-10575.1
-10293.2
-19972.9
-20425.5
-18091.3
-12155.2
-19347.4
-19605.8
-18075.1
-12387.5
-12414
-20033.8
-17305.1
-21551.4
-19342.7
-16549.1
-28967.2
-54641.2
-18371.2
-20177.4
-24603.3
-21269.3
-21994
-18200.5
-21030
-19304.1
-20303.3
-17847.5
-4827.5
-24654
-11449.6
-12364.2
-21690.9
-18363.6
-12407.6
-10333.9
-12414
-154065
-12101.9
-12421.2
-21433.6
-77178.3
-22440.2
-10654.5
-12278.6
-19755.1
-19295.7
-19205.3
-12257.6
-15184.1
-18114
-23501.7
-139535
-18256.3
-17891
-12156.5
-24869.4
-12567.7
-6615.47
-26893.1
-40686
-13986.4
-12401
-63867.8
-31813.5
-32593
-17266.1
-19458.7
-16351
-14665.6
-12409.8
-12405.4
-12408.5
-24352.7
-21066.2
-12410.4
-18033.1
-12413.8
-24598
-12366.4
-12555.3
-8928.37
-53230.6
-20541.5
-12410.7
-12412.2
-20018.2
-19610.6
-12403.8
-12408.8
-11939.9
-12408.7
-39914.2
-20011.4
-12618.8
-14708.5
-18065.1
-12407.1
-10902.5
-17948
-17889.2
-23265
-17786.5
-19269.5
-15010.2
-23247.8
-12150.5
-17247.1
-18581.7
-19705.8
6268.99
-12431.6
-20137.6
-32080.3
-17620.9
-19989.8
-19050.5
-15114.6
-11408.1
-18409.2
-21696.4
-11165.5
-19913.9
-12412
-15790.5
-21813.9
-20719.2
-17689.9
8132.91
-52757.2
-19028.7
-16936.5
-18962.5
-12304
-17538.1
-11905.1
-16701.8
-20436.8
-12382.8
-18815.7
-11843.8
-17588.2
-18127.7
-77943
-18023.2
-9703.15
-21741.4
-12409.6
569.213
-16784.1
-22640
-18292.4
-12408.9
-12196.3
-12397.9
-16693.9
-18297
-12282.9
-17689
-18778.8
-18193.9
-19032.9
-19660.5
-11596
-11379
-21134.4
-20807.5
-12421.2
-19119.7
-21219.2
-23430.4
-23857.8
-12480.8
-17246
-33444.9
-12247
-35378.7
-8353.8
-12538.3
-16062
-19950.7
-12405.1
-10311.6
-92649.3
-45365.2
600593
-20809.4
-12405.6
-12214
-17432
-12407.2
-12407.2
-12407.5
-13567.1
-18057.8
-13977.6
-22002.7
-5543.11
-17289.8
-11955
-85346.7
-17732.1
-24085.4
-12409.8
-19506.9
-19707.7
-17497.7
-18994.8
-21427
-19987.8
16111.5
-139088
-12408.5
-8902.15
-22632.2
-25824.1
-20811.9
-10129.4
-20612.8
-12382.3
-19003.4
-14249
-17359.7
-18627.4
-19607.1
-16205.7
-18412.5
-13236.5
-19481
-16534.6
-17564.7
-7264.81
-17289.5
-17614.2
-16650.3
-24666.1
-4678.7
-16441.5
-13559.7
-10588
-11394.4
-19668.7
-11379.3
-14047.3
-17134.9
-9548.91
-17643.8
-22186.2
-16825.1
-22856.7
-17743.3
-22367.9
-12408.3
-17891.9
-9312.32
-22751.3
-21098.3
-20855.7
-20177.2
-20129.7
-19406.8
-16428.5
-19146
-70453.2
-17954.3
-19266
-19262.6
-16013.5
-11683.3
-12406.2
-12438.3
-22026
-22460.3
223181
-12406.3
-19986.1
-21610.4
-9818.74
-17814
-21453.7
-15338.5
-17666.6
-49440.1
-12404.6
10168.9
-12408
-18267.4
-32988.8
-20035.6
-14741.5
-12552.6
-19020.1
-12402.6
-10545.4
-22010.8
-24982.6
-17321
-18335.1
-11448.2
-11779
-10219.2
-17759.5
-17827.8
67407.3
-23914.5
-18071.1
-19061.1
-27398.1
-23758
-12035.3
-19069.3
-9294.9
154751
-17888.5
-16055.2
-21795.5
-18118.1
-18080.2
-12634.9
-12254.9
-52119.3
-23444.7
-12428.9
-80118.9
-22765.9
-17928.2
-12410.1
-19297
-18382.9
-12276.7
-17499.6
-18711.8
-81215.8
-21484.6
-23271.8
-12622
-17571.1
-18328.3
-8530.98
-37901
-12406.9
-12297.6
-10950.9
-17926.7
-12408.2
-12413.7
-19338.8
-12405
-12420.6
-13020.8
-17595.7
-14340.4
-12439.5
-12416
-30909.6
-12290.8
-17794.6
-18269.5
-23683.9
-12407.8
-18413.2
-17725.8
-11969.4
-26848.6
-11937.3
-28296.4
-12409
-17442.4
-12416.3
-12423.9
-12408.5
-21972.1
-18493.7
-12148
-17704.5
-19100.2
-9271.38
-17996.4
-17911.3
-23696.4
-12416.3
-18098.6
-12437.5
-95558.7
-61773.4
-12416.7
-7652.08
-18821.1
-30449.5
-13007.3
-18855.5
-17678.9
-10526.1
-23048.9
-23450.1
-12359.8
-16539.5
-9699.77
-19527.9
-19357.5
-18616
-19585.5
-13684.9
-21558.3
-19318.6
-12402.1
-52082.5
-24100.7
-23520.9
157736
-19492.6
-12755.7
-21886.3
-12421.8
-24555.7
-20190.9
-22358.4
-12418
-19769.4
-12401.9
-12409.5
-12405.1
-12408.9
-5414.37
-7300.59
228795
-20594.2
-22941.1
-20592
-22009.4
-21584.5
-18457.5
-15055.9
-20116.2
-17021.7
-15826.6
-16784.5
-19284
-22953.2
-22583.2
-12412.5
-12233.8
-20516.2
-12079.2
-19148.1
-21474.7
-22071.9
-17480.5
-12408.7
-12391.8
-19413.2
-12194.1
-18115.9
-18744.8
-18103.9
-20265.2
-20723.8
-18162.8
-2934.08
113.389
-12450.3
-20703.8
-17495.6
-25719.1
-20756
-15074.8
-18254.9
-19592.8
-17735
-12413
-16099.2
-24803.2
-19132
-22413.7
-18032.2
-17745.1
-16265.3
-17519
-11423.5
-22786.9
-12412.7
-18007.7
-11387.6
-18969.6
-12420.7
-12447
-17445.1
-17557
-18415.3
-18442.8
-22820.2
372431
-12405.6
-19214.2
-12263.4
-12368.2
-20957.7
-12390.7
-17634.2
-9774.12
-12405.4
-20524.4
201068
-19580.4
-17200
-18406.4
-12396.3
-17609.2
-12423.9
-17596.1
-20968.6
-80345.6
-16915.3
-12268.6
33854.8
-18433.8
-87349.3
-12410.3
-16678.2
-15987.4
-18397.5
-12171.7
-19060.9
-16987.2
-18295
-18295.7
-16913.5
-15406.7
-17589.5
-20943.1
-12417.7
-19079.7
-17368.7
-18447.8
-18101.2
-17518.7
-18060.5
-22292.8
-12345.7
-17273.5
-11190.1
-12410.4
-17715.8
-12251.1
-19100.3
-12445.2
-23076.8
-20252.1
-21228.5
-11738.3
-18784.5
-12363.9
-17747.6
-17494.3
-17000.5
-19316.4
-21722.9
-18112.7
-19061.2
-12412.9
-12409
-13474.3
-13248.1
-12409.7
-12180.4
-10050.1
-18720.9
-7015
-21909.3
-19767.3
92091.8
-9065.4
-17580.8
-6119.53
-24453.4
-18195.5
-18076
-19721.4
-16879.3
-25938.9
-18142
-17809.8
-17439.7
-16065.7
-13110.1
-10174.7
-24032.3
-62164.8
-39171.9
-13626.6
16617
-82640.2
-22879
-14317.9
-15658.8
-18415.3
-28081.4
-14937.5
-18909.1
-12572.1
-21486.7
-17974.6
-12409.8
-16997.6
-17693.8
-17661.9
-17179.7
-37580.8
-19227.6
-33364.5
-22229.9
-17446.6
-17637.4
-21294.1
-17711.3
-20169.5
-11194.1
-20863
-22710.6
-12417.9
-16824.6
518.825
-12438.5
-17374.1
-18187.1
-12103.6
-20020.2
-21288.7
-17727.3
-10088.4
-12447.9
-19033.1
-17008.6
-21347.1
-152021
-18102.1
-16508.7
-16915.5
82865.1
-7484.72
-12372.2
173652
-12400.3
-21217.3
-12404
171769
-12410.5
-18395.6
368735
-12274.6
-12411.6
-18128.3
-12410
-12364
-20452.5
-12408.3
81786.2
-12267.2
-17852.4
-12409.5
-19137.2
-38166.4
-17603.8
-12414.1
-19278.6
-15622.4
188670
-12401.8
-11596.7
-12390.3
-21573.6
-12408
-21043.1
187509
-12414.3
-68141.1
-41617.8
-18260.5
-22924.3
-15746.6
-22448.3
233789
-12451.2
-19776.5
-12410.6
-12165.3
-11939.5
-18113.9
-12391.6
-20038.5
-12519.8
-19056.8
-18214.8
-11611.4
-22443.7
-18353.2
-107220
-21034.6
-17321.8
-20978
-12416.8
-12412.1
-18040.3
-8102.29
-22804.5
-12505.7
-17155.3
-12407.6
-12401.7
-13089.2
-13264.8
-19459.1
-7141.18
-17856.3
-4490.47
-20328.5
-11928.7
-12407.3
-12407
-12414.5
-11610
175259
-16059.7
-16061.4
-19803.1
-20851.9
-19059
-19159.1
-18080.3
-12413.2
-18401.5
-17577
-18112.5
-23739.6
376351
-12413.4
-18111.2
-20608.1
-18691
-12414.4
-18894.8
-13031.6
-20230.2
-12414.8
-17912.2
-15830.1
-12409
-12388.4
-12408.4
-12406.3
-12409.7
-12406.2
-2417.63
-19041.9
-17588.7
-19412.7
-21061.2
-16642.5
-21395.5
-17631.7
-12413.1
-12393.2
-18583
-15933.5
-12408.5
-17154.4
-16985.3
-12426
-20236.5
-23157.7
-21029
16318.9
-18774.3
-12906.2
-25524.5
5621.26
-18064.8
-14326.2
-19705.6
-12411.5
-12598.5
-11533.3
-16607.8
-12397.3
-7095.71
-24341.9
-18103.3
-12406.2
-19859.5
-5634.9
-9873.69
-19929.1
-11376.3
-18289.5
-12406.7
-17743.4
-22566.3
-18318.6
-14730.2
-11650.8
-17962.3
-12421.5
-18684.6
-20127.9
-17764.6
-23388.1
-17715.2
155024
147853
-12288
175058
-17191.5
-20072.3
-17416.6
-20859.4
-17957.8
-24318.4
-17257.7
-17603.1
-16093.7
-12274.8
-12408
-27109
-22925.8
-25023.3
-17582.5
461640
-21635
-17076.3
-10627.4
-12427.7
-10564.2
167767
-5897.86
-9813.05
-17669.1
-12407.6
-20835.4
-16728.2
-13637.4
601181
-21778.9
-12408.9
-11331.4
465338
-18133.2
-17484.8
-19103.3
-12401.6
-17901.1
-22419.5
-18250.3
-8294.13
-18297.4
-12406.3
-18212.9
-12399.5
-21894.4
-23425.2
-9438.52
-17466.6
-17691.8
-17626.6
-12408.2
-20761.8
-7831.25
-26504.1
-17194.1
-94956.1
-17086.7
-15194.8
-17882.1
-20894
-18603.2
-18827
-18549.4
-20843.9
-18689
-12407.9
-11120.5
5453.27
-19367.3
-7215.19
-11063.3
-6603.14
-18772.3
12130.8
-3691.68
-16859.9
-18046.7
-9895.29
-18049.2
-12417.2
-12409.8
-12410
-12619.5
-18369
-12408.9
-12413.2
-19244.2
-40081.8
-12407.9
-100170
-20065.4
-12445.8
-17282.3
-27169
-18926
-173390
-17017.1
-26611.6
-9784.26
-12931.9
-16306.1
89693.1
-17124.1
-10700.2
-12390.5
-21792
-17783.8
-17642
-17984.4
-18129
-12408.1
-12570.6
-19344.8
-12399.2
-12412
-6172.35
-23895.7
-12405.8
-17746.2
-12404.1
-18247.3
-19338.6
-12435.5
-18056
-13835.1
-16897
-25109.5
-47447.8
-10722.7
-11513.7
-21088.3
-23697.9
-17719.9
-16194.5
-17970.4
-20710.4
-12409.4
-22652
-12414.5
-13515.1
-13478.1
-16788.2
-17136.6
-12604.4
-10790.8
-23903
-15277
-12407.6
-12406.8
-12407.2
-12391.7
-12391.9
-12392.7
-13880.3
-14971.6
-12065.5
7955.87
-6524.5
-6376.5
-10261.9
-7416.19
-8572.67
-10584.6
-7207.05
-8965.57
-7927.95
-9624.71
8538.79
8518.9
-19809.5
-23653
463459
-20999.4
-38684.9
-37536.8
-37440.5
-28770.8
-23184.4
-35283.8
-28284.6
-18139.5
-22216.5
-33778.7
-42681.4
-12094.6
-13494.4
-11308
-12722
-18270.2
-11878.1
-12746.7
-13709.6
-12592.6
-13565.3
-12515.7
-12400.6
-12392.1
-12409.8
-12408.6
-12414.4
-12409.1
-12411.8
-12408.2
-12420.4
-12411.7
-12456.4
-12464.5
-12426.9
-12509.7
-12055.5
-13456.5
-12132.3
-12050.1
-13504.1
-12163.8
-12155.7
-143183
-157736
-28102.2
-45283.1
-111366
-100865
-18682.4
-17004.5
-19316.9
-19834.2
-19459.7
-18543.4
-19449.9
-19532.9
-19083.9
-19520
-16446.9
-21132.4
-20933
-16132.4
-17337.3
-17919.8
-17976.5
-17970
-17890.8
-17881.9
-18030.4
-18027.5
-18406.2
-18243.4
-18377.4
-18512.2
-18778.7
-18916.4
-18211.4
-19493.6
-19522.6
-19329.5
-19693.5
-20775
-19538.2
-18438.4
-20537.5
-21000.5
-20392.8
-20605.4
-20936.4
-20742.5
-20896.4
-21013
-20992.1
-21090.9
-21078.6
-20974.7
-21338.8
-21179.5
-21258.7
-13813.1
-12821.8
-13017.3
-13122.4
-10537.5
-4269.46
-5154.61
8725.06
8598.87
16134.4
2790.41
2982.45
2669.11
19907.4
-4117.42
-2725.89
163320
156681
161694
13875.2
230840
206946
250705
247528
63992.8
61386.9
47742.8
2611.65
9615.58
1294.75
-2048.81
-9413.16
-21811.9
-17512
-21944.3
-20961.3
-18204.4
-20453.3
-20981.6
-22051.8
-20027.5
-23463.7
-24022.3
-23525.2
-23632.6
-22953.5
-13064.7
-12744.9
-10421.5
-11619.4
-11160.2
-11433.1
-13785.6
-14052.8
-11330.9
-11305.2
-14009.1
-15022.8
-14650.5
-14386.9
13789.9
6142.46
4455.97
-23098.4
-19988.5
-19244.5
-15560.8
-16802.8
-16383.9
-15601.2
-51998.5
-52344
-41280
-52348.7
-52089.5
-41684
-52120.5
-56548
8819.03
-56458.9
751.965
-5719.88
-14748.4
9385.31
5453.57
5013.01
-13776.1
-20885.8
-21071.6
-15755.2
-16094.4
-16676.1
-15823.7
-12532.7
-12683.9
-12186.6
-12429.4
-11195
-11764.5
-12323.3
-10745.3
-11195.5
-8422.44
-18330.1
-17284.7
-20361.5
-19337.1
-18723.8
-19043.7
-18584.7
-18300
-18458.2
-18320.8
-18565.6
-18367.1
-18619.8
-18532.8
-18566.3
-18760.4
-18566.8
-18088.4
-18167.7
-18131.1
-18250
-18790.8
-12702.3
-12710.1
-12590.8
-12507.7
-12421.8
-12414.9
-12370.5
-12373.8
-12430.8
-12444.9
-12437.6
-12427.3
-12426.2
-12411
-12450.1
-12530.8
-12395.4
-12450.3
-12540.4
-12453.8
-12451.3
-12387.7
-12446.4
-12422.1
-12408
-12431.9
-12371.5
-12365.3
-12428.3
-12409.7
-12411.3
-12406.6
-12413.3
-12414.7
-12414.6
-18379
-12409.9
-12410.7
-12410.6
-12410.8
-12414.7
-12408.7
-12407.7
-12416
-12408.6
-12536
-12025.1
-13567.2
-12039.1
-12120
-12127
-12534.4
-12418.3
-18157.4
-17886.5
-18005.5
-18291.4
-18385.7
-19075.5
-20966.2
-21150.9
-10690.9
-40525
-12744.9
-2739.18
16367.2
20382
9398.47
153194
155402
251160
134481
549.998
-29591
-22087.9
-21987.3
-21375.4
-7112.77
-13650.1
-11021.5
-15445.4
-10705.4
-10838.8
-14707
-16916.8
-21505
-15081.4
-17357.1
-0.148976
-17411.7
-52050.3
-52273.7
-52336.3
-55866.3
-9268.9
-20746
-9415.81
-8484.64
-15637.1
-16022
-15593.1
-11937.7
-11874.1
-12262.4
-11837.5
-19333
-18474.1
-18421.4
-18197.1
-19030.1
-18607.8
-18654.2
-19150.2
-18579.3
-18161.3
-18205.2
-18118.5
-12676.2
-12350
-12423.4
-12474.3
-12455.4
-12389
-12457.4
-12539.2
-12383.6
-12443.8
-12450.8
-12455.5
-12417
-12426.1
-12407.2
-12413.3
-12413.7
-12409.8
-12412.8
-12414.8
-12408.8
-12414.9
-12411.9
-12410.5
-12404.7
-12404.5
-12405.9
-12405.8
-12406
-12406.5
-12406.7
-12407.6
-12413.4
-12409.9
-12408.2
-12409.4
-12408.8
-12410.4
-12409
-12408.8
-12411.8
-12411.5
-12412.2
-12413
-12411.8
-12412.9
-12422.1
-12412.9
-12417.1
-12416.8
-12429.2
-12320.7
-12340.1
-12353.6
-12432.2
-12450.7
-12089.7
-19093
-19719.8
-20642.3
-19871.4
-20042.1
-42395.6
-29972.9
-31144
-36944.7
-91932.5
-74797.3
-86090.7
-28590.2
-95048.3
-17151.9
-16447.7
-16941
-17622
-17684.2
-17510
-17318.3
-18124.8
-17655.1
-18175.6
-18121
-17730.4
-17987.2
-18175.2
-18004.9
-18205.4
-18104.9
-18100.6
-18264.8
-18232.7
-18318
-18205.8
-18075.6
-18512.4
-18523.6
-18715.5
-18699.4
-17690.1
-18369.7
-18134.5
-18553.9
-18494.5
-18319.8
-18823.6
-18908.3
-19083
-19112.3
-19085
-19069.3
-19053.9
-19010.7
-19072.3
-19219.6
-18952.6
-18471
-19858.2
-17233
-18504.1
-17637.7
-17881.9
-17414.2
-8860.1
-10679.2
-11101.6
-10459.7
-6941.92
-9662.87
-6154.19
-7813.47
-7808.04
-6469.77
-15308.9
13517.1
19208.4
-13700.6
2132.76
137852
1552.09
-73707.9
-46703.5
-77031.2
-40683.8
-55492.1
-41770.3
-33079.3
7089.05
-27889
-31008
-27154.9
-14523
-20739.1
-19778.3
-20989.7
-19811.3
-23924.5
-23588.4
-23798.2
-20874.2
-22040
-22042.1
-22603.3
-21327.3
-21337.1
-20316.5
-21494.7
-18790.4
-13008.1
-10266.3
-10560.6
-10105.5
-10543.9
-10308.1
-12057.5
-11796
-17270.5
-16402.6
-18402.5
-19165.1
-11000.1
-11282.4
-11101.4
-10887.1
-19050
-18389.1
-19587
-19360.1
-19024.9
-21419.9
-17694.6
-19317.9
-19239.8
-19408.2
-18522
-18484.7
-18977.1
-19077.9
-19552.8
-10532.3
-18629.6
-52807.1
-40829.9
-18253.1
-43232.4
-8600.62
-16579.5
-13316.8
-18262.8
-9291.8
-10746.5
-15984.9
-17062.3
-21795.4
-22506.2
-19203.1
-15617.3
-18529.2
-18041.1
-16701.5
-17439.8
-16768.2
-16176.8
-16146.3
-16132.6
-16004.6
-16055.9
-16202.8
-16028.5
-16017.4
-16166.4
-15579
-16305.8
-15894.9
-16154.7
-17181.1
-16866.9
-17704.5
-16937.9
-17081.6
-17409
-17563.4
-17410.6
-17302.7
-17439.5
-17518.8
-17582.3
-17534.6
-17871.2
-17700
-18243.4
-17685.5
-17619.9
-17729.7
-12855.6
-12353.8
-12871.4
-12547.5
-12560.7
-12564.8
-12528.9
-12556.4
-12533.7
-12455.7
-12421.5
-12387.9
-12419.7
-18276.9
-12399.4
-12375
-12414.3
-12408.9
-12407.2
-12408.3
-12409.4
-14409.4
-12409.3
-12407.8
-12408
-12409.5
-12406.1
-12405.9
-12417.1
-12407.9
-12411.3
-12405.8
-12410.9
-12411.9
-42921.7
-10274.8
-10564.8
-20759.7
-20531.7
-20037.6
-12409.4
-12409.1
-12410.1
-12409.4
-12405.5
-12408.3
-12408.8
-12408.7
-12408.1
-12408.3
-12409.7
-12409.4
-12409.2
-12407.6
-12405.9
-12411.5
-12410
-12408
-12412.4
-20545.4
-12414.1
-12418.6
-12417.5
-12444.4
-12356.2
-12360.7
-12360.5
-12427
-12136.5
-13228.2
-22128.5
-18846.5
-19201.8
-19333.3
-19687.6
-20025.8
-19661
-19900.2
-20764.5
-28837.3
-38117.1
-18980.9
-18977.1
-15465.4
-18231.4
-20247.1
-17289.5
-16688.3
-16989.9
-17613.4
-17752.2
-17884.5
-17894.7
-17918.7
-17295.3
-17782.9
-17087
-17976.4
-17867.6
-17729.2
-17670.6
-17834
-17642.9
-17477.9
-17610.6
-17627.4
-17604.1
-17561.4
-17666.1
-17832.2
-17492.1
-17582.2
-17438.8
-17809.4
-17486.6
-17498
-17570.7
-17105.9
-17470.2
-17623.1
-18528.2
-17672
-17251.6
-17467.6
-19246.7
-18487.9
-17690.1
-17660.8
-17730.7
-17659.5
-17643.4
-17679.2
-17603.1
-17349.5
-19054.9
-19840.5
-18128.2
-19582.6
-21100.1
-22041.6
-17670.4
-17839.6
-17867.6
-14162.6
-18333.9
-14138.4
-12205.1
-8016.34
-9583.27
-8736.08
-9605.57
-9255.32
-10336.2
-9518.86
-10113.1
-8457.93
-9840.72
-11298.6
-10028.9
-9032.54
-15955.1
-13659.9
-8324.09
-8959.7
-17695
4109.28
-9203.94
135168
4310.01
-3039.26
87156.8
28267.8
-33062.9
-31827.3
-28177.8
-30692.6
-11411.9
-27373.5
-23941.2
-30661.4
-32596
-25843.2
-30216.9
-22636.7
-23422.8
-26944.6
-24431.6
-19943.4
-23508.9
-25377.3
-10251.2
-12153.4
-11707.5
-23312.8
-23286.1
-24095.8
-24412.1
-20956.1
-21004.1
-21152.8
-20668.2
-21404.7
-20330.4
-21512.1
-20839.7
-20912.7
-20452
-19492.4
-20595.3
-14403.7
-20543
-12300.4
-11773.5
-13279
-10870.3
-10413
-10451.6
-16861
-12066
-16942.4
-16382.8
-19058.2
-18098.1
-18078.4
-18182.8
-18495
-18346.1
-18292.9
-18873.3
-18357.1
-19360.6
-19475.7
-19310.9
-18518
-19931.4
-19907.6
-20811.3
-20372.3
-19920.3
-20666.9
-22451.5
-22035.7
-20608.5
-12393.7
-22588
-17213.5
-23159.6
-23099.3
-22915.8
-21322.9
-18260.1
-19452.6
-18463.6
-17726.2
-19249.7
-18619.3
-18969.5
-17880.5
-15684.2
-17297.7
-17864.3
-17276.2
-16027.6
-16077
-16889.8
-16901
-16002.3
-16901
-16947.9
-16871.9
-16943.1
-17184.1
-16878.5
-15897.7
-16894.8
-16969.4
-16617.8
-16932.4
-16982.2
-17137.5
-17040.1
-17586.3
-17598.7
-18998.7
-17007.7
-16689.7
-17164
-17161
-17312.5
-17423.5
-17201.9
-17376.2
-17295.8
-17164.2
-17601.8
-17376.8
-17750.2
-17501.1
-17528.9
-17310.9
-17444.5
-17431.5
-17559.1
-17895.1
-17583.7
-17601.7
-12416.4
-15416.8
-12386.5
-12358.6
-12544.3
-12399.1
-12558.4
-12375.8
-12433.6
-12440.8
-12422
-12402.9
-12412.2
-12419.6
-12413.4
-12409.6
-12403.6
-12405.3
-12405.7
-12405.8
-12410.2
-12405.4
-12408.6
-12406.4
-12409.3
-12406.9
-12406.2
-12410
-12406.1
-12417.4
-12406.7
-12409.6
-12410.3
-12406
-19775.8
-19171.2
-11712.3
-10091.1
-11017.7
-10998.4
-10844
-10364.1
-11016.7
-20160.6
-19897.4
-17907.4
-19617.6
-19862.5
-23174.7
-19070.3
-21082.8
-20388.8
-12407.1
-12408.4
-12408.6
-12407.5
-12369
-12444.9
-12376.8
-12420.3
-18270.9
-22593.4
-18055.1
-20238
-7648.93
-12409
-12407.5
-12407.5
-12407.3
-12402.4
-12410.8
-12404.4
-12409.7
-12403.9
-12403.9
-12406.8
-12407.8
-12401.8
-12400.4
-12415.3
-12411
-12362.3
-20092.7
-20793.7
-19782.6
-20768
-19458.8
-19162.7
-19368.6
-19471.8
-17905
-19942.6
-18898.6
-17643
-17824.2
-17925.5
-17829.6
-17894
-17718.6
-17561.6
-17711.9
-17152.3
-17171.6
-17655.4
-17537.5
-17469.6
-17632.1
-16837.4
-16985.8
-16491.7
-17100.1
-17022.3
-17428.7
-16679.9
-17619.2
-16930.6
-16857.7
-17795.1
-17422.4
-18100.7
-12408.3
-12407.6
-18838.3
-18617
-17864.9
-18008.7
-17894.3
-17193.7
-12492.6
-12399.4
-12933.6
-10702.7
-10788
-10077.4
-8723.19
-11631.2
-10176.7
-11603.5
-10333.1
-10153.6
-10581.3
-17696.5
-8399.2
-17494.5
-27565.5
-24605.6
-26773.3
-26084.2
-30039.5
-23978.1
-23609.8
-23467.9
-23334.3
-24205.3
-22049.6
-20972.4
-23429.1
-18733.5
-18667.2
-19169.8
-22376.2
-21384.8
-20139.6
-26680
-17451.5
-17941.3
-11559.7
-19546.4
-19196
-19907.4
-18633.1
-19226
-24256.3
-19765.4
-18982.6
-12393.2
-12439.2
-12415.4
-12395.7
-12412.9
-12414.4
-12408.7
-12406.4
-12411.1
-12406.2
-12407.1
-12409.1
-12408.2
-12406.1
-12406.2
-16013.9
-19207
-19780.9
-19527.4
-20548.1
-12405.8
-19591.5
-23712.1
-12394.3
-19825.9
-23809.8
-22592.6
-12409.9
-12411.8
-26482.1
-16929.9
-19925.1
-21430.9
-18521.9
-19022.8
-18719.9
-19193.6
-14380
-22941.1
-17931
-17671.3
-17592.9
-12548.4
-12504.2
-12462.5
-12411.9
-12409.4
-12417
-21252.6
-20724.2
-12413
-12415.5
-12364
-18076.7
-17456.4
-12408.2
-18247
-18040.3
-9105.62
-16449.4
-10718.3
-31044.1
-5588.93
-22161.5
-20279.6
-11849
-13267.1
-11196.1
-17977
-17920.8
-18270.6
-18307.7
-18257.1
-17197.7
-17228.6
-17554.4
-12406.5
-12430.7
-12430.1
-12408.2
-12409.6
-19147.2
-19034
-12391.9
-17915.1
-16883.4
-16846.8
-12406.9
-17242.3
-19670.7
-17782.1
-11488
-12409.6
-12408.1
-18881
-12394.5
-12393.7
-12207
-7537.66
9583.66
-12408.1
-28043.5
-21519.5
-35950.5
-12407.5
-12695
-10335
-13451
-13056.8
-19551.1
-12405.5
-17879
-12404
-21055.7
16740.9
115421
114208
-20214.8
-14346.7
-14787.1
-15039.1
-22741.7
-46.9228
-12265.9
-17339.3
-19112.5
-17223.1
-17173.7
-18184.2
-18494.3
-18881.1
-18091.5
-12548
-16782.6
-12415.5
-12417.8
-12391.7
-12389.9
-16930
-12442.2
-16928.4
-12413.5
-12391.1
-12420.4
-12433.2
-12413.8
-12422.4
-12411.2
-10685
-19110.9
-20101.8
-17556.8
-18149.1
-12442.8
-12544.2
-12415.2
-18890.3
-12410
-12524.9
-12948.9
-17745.8
-18844.4
-18875.3
-9577.21
-15669.3
2024.43
-19011.6
-18069
-18161.8
-14778
-19234
-16311.6
-17690
-17591.2
-12877.1
-12541.8
-12437.5
-12368.8
-12409.6
-19106.4
-12408.3
-12414.7
-20574.9
-12408.2
-19405.5
-12407.5
-12413.1
-17546
-18598
-17677.3
-17569.3
-17657.8
-18111.6
-18634.3
-17922.6
-12536.7
-5198.3
-6991.8
-12407.6
-12407.3
-12407.5
-12408.6
-15010.4
-14657.5
-14833.5
-15012.7
)
;

boundaryField
{
    Wall
    {
        type            zeroGradient;
    }
    Inlet
    {
        type            zeroGradient;
    }
    Outlet
    {
        type            fixedValue;
        value           uniform 0;
    }
    Empty
    {
        type            empty;
    }
}


// ************************************************************************* //
