/*--------------------------------*- C++ -*----------------------------------*\
| =========                 |                                                 |
| \\      /  F ield         | OpenFOAM: The Open Source CFD Toolbox           |
|  \\    /   O peration     | Version:  2312                                  |
|   \\  /    A nd           | Website:  www.openfoam.com                      |
|    \\/     M anipulation  |                                                 |
\*---------------------------------------------------------------------------*/
FoamFile
{
    version     2.0;
    format      ascii;
    arch        "LSB;label=32;scalar=64";
    class       volScalarField;
    location    "4.6";
    object      p;
}
// * * * * * * * * * * * * * * * * * * * * * * * * * * * * * * * * * * * * * //

dimensions      [0 2 -2 0 0 0 0];

internalField   nonuniform List<scalar> 
2958
(
-93946.4
-55706.3
-9444.59
-116905
-45829.4
-8293.37
-83679.2
-102206
-23308.8
-101099
-92376.6
-85872.2
-100072
-85880
-94435.4
-93349.3
-45285.7
-100573
-85883
-96398.3
-85322
-44725.6
-84223.7
-115096
-100153
-96150.8
-108633
-126988
-93275.3
-92926.9
-95887
-44844.4
-84369.5
-20722.3
-101334
-84044.1
-85879.9
-85261.4
-95900.6
-113295
-139988
-91707.4
-81781.8
-94531.8
-85870.2
-29487.8
-92304.1
-39625
-106653
-111894
-93473.5
-72801.9
-119194
-92680.7
-93682.7
-91489.1
-115448
-107863
-94774.5
-95452.9
-96734.3
-95923.6
-95568.8
-93168.4
-85883.5
-85881.6
-92839.4
-65638.3
-60217.9
-101961
-44277.9
-85870.6
-37366
-94798.2
-85848.2
-88496.3
-97002.7
-95276.3
-85814.5
-93223.9
-100044
-45780.7
-129954
-130202
-95797.5
-93865.3
-45407.6
-93964.1
-65345.4
-86403.3
-99649.1
-48388.7
-91582.5
-85884.6
-69658.5
-7427.41
-99640.5
-117979
-85881.6
-85876.1
-116245
-94792
-21219.6
-42805.1
-87073.2
-87956
-85867.8
-107504
-85889.8
-15020.4
-153956
-93415.2
-85679.9
-100407
-85879.3
-85878
-93608.4
-93651.1
-45024.8
-94216.4
-99265.4
-85871.2
-91950.8
-93324.5
-100960
-96311.1
-100377
-45992
-94191.3
-85884.5
-85789.6
-85844.1
-93780.5
-85885
-85863.7
-85883.2
-101059
-95203.1
-85879.3
-85880.5
-96181.5
-35839
-85408
-85888.4
-94212.6
-42408.6
-85823.5
-85874
45836
-85873.4
-96378
-100130
-102594
-88916.8
-103603
-85912.9
-85164.4
-94120.1
-89864.6
-137178
-105153
-102856
-100233
-85876
-118083
-103862
-77894.3
-85878.9
-112772
-23848.8
-44748
-85868.1
-86387.5
-54602.7
-85907.2
-11115.6
-47223.5
-39679.4
-83282.5
-61069.7
-94477.8
-43005.1
-99398.9
-183336
-57723.1
-42772.2
-56341.5
-85889.8
-44913.3
-110591
-45565.1
-82438.6
70313.1
-105267
-59969.2
-92934.1
-56511.3
-45400
-93277.9
-171617
-106843
-85884.8
-93993.5
-51804.7
-87897.9
-259807
-92269.1
-265430
-42966.7
-108920
-85879.7
-86375
-85874.7
-47360.9
-85877.4
8142.27
-93146.5
-85880.9
-85881.6
-85879.9
-85862.6
-51119.3
-89245.1
-43842.9
-258815
-93291.3
-127520
-85881.7
3719.76
-42189.1
-47243.3
-47302.1
79275.2
-45946.2
-93190.8
-85859.5
-85898.2
-94371.8
-85900.8
-65093.5
-85916.4
-65984.1
-109336
-127014
-96549.3
-95874.9
-68705
-100220
-92634.6
-95150.6
-105288
-96533.4
-94866.3
-17427.7
-116598
-59042.2
-93631.2
40257.8
-96603.9
-45020.7
-93745.5
-85592.3
-47040.4
-79116.2
-99767.6
-92762.8
-103326
-95490.7
-94690.8
-84681.3
-85879.4
-44017.4
-93930
-85866.5
-46532.2
-95455.9
-85884.2
-43305.2
-85883.7
-48582.3
-85879.2
-85975.1
-99578
-93882.1
-44660.1
-85877.3
-89881
-138085
-160985
-92162.1
-114808
-48786.4
-85877.4
-85874
-121276
127640
-85880.2
-93656.3
-85880.3
-113925
-108198
-45623.2
38991.5
8608.78
-96396.9
-78976.5
-123653
-85551.4
-93451.3
-94158.2
-85891
-94189.1
-92757
-85881.6
-46035.1
-257699
-47010.6
-87567.2
-40575.7
-95855.7
-42885.6
-45417
-95461.5
-76139.7
-21725.9
-84690.4
-93395.8
-85945.6
-155937
30940
-44550.9
-113039
-85869.2
-85879.4
2799.28
-85879.3
21704.5
-93475.7
23712.9
-85889.2
-94125.2
-36238.5
-44412.4
-45095.4
-85890.6
-48004.6
-85891.3
-88518.7
-97541
-96161.2
-137963
-98689.3
-48600.7
-98476.3
-63682.7
-93802.9
-85880
-95921.5
-48116.7
-94546.1
27644.4
-94428.9
-105068
-38796.8
-100795
-45439
-87500.4
-137997
-111658
-44110.6
-113944
-45866.3
-85879.7
-107545
-93409.8
-27897.3
-93542.6
-108000
-44879.9
-44710.9
-96721
-92082.2
-85780.7
-95669.6
-45183.8
-86125
-96305.3
-45500.9
-84937.8
-85824.7
-98897.7
-85879.7
-85518.7
-45130.5
-92011.9
96321.2
32286.7
-85879.6
-85869.9
-43948.5
-95106.2
-93441.2
-43470.9
-114846
-93238.9
-94179.4
-61855.2
-93981.5
-94384.4
-97415.4
-95800.4
-100093
-92313.1
-37122.5
-33436.8
-43656.1
-46215.3
-88169.1
-94596.5
-94600.9
-85870.4
-86240.5
-40923.5
-92741.9
-96437.8
-84892.1
-52564.6
-96288.1
-93880.5
-50843.5
-46014.2
-94403.8
-36989.9
-112136
-109528
-45151.2
-41390.5
-107299
-96370.4
-85883.7
-42943.1
-45069
-93677.1
-99048.4
70435
-88961.2
-85994.6
-32604.8
-85912
-45475
-85902.2
-46669.3
-101473
-57114.9
-95982.9
-100738
-85879.1
-94044.5
-42787.3
-85879.9
-37750.9
-116457
-97314.7
-102696
-93853.1
-86632.2
-29172.8
-89990.6
-93813.2
-75200.7
-103163
-85872.6
-108103
-25887.2
-93462.9
-44457
-91865.2
-45066.3
7058.81
-92891.7
-100278
-28318.5
-85883.1
-93918.5
-56148.4
-96307
-97180.5
-91422.4
-14107.9
-93688.1
219638
-49787.8
-109943
-95490.1
-43901.7
-93164.7
-114999
-85888.9
-85930.4
-85908.5
-45608.3
-85889.8
-85883.1
-96003.7
-99101.2
-85877.7
-123032
-65380.4
-101999
-98541.9
-85741.4
-85881.4
-94636
-85878.6
-93211.3
-93240.2
-23120.2
-120379
-44305.7
-96834.4
-86417.2
-44646.6
-94569.1
190472
-93531.4
-93532.9
-75249.2
-85551.8
-92806.4
-102709
-92775.5
-86392.6
-30611.3
-85850
-91982.5
-87776.5
-49275.9
-40155.4
-96204.9
-92695.7
-93878.1
-93597.8
-85873
-92911.2
-85930.8
-91695.6
-92771.7
-84323.4
-85878.5
-41180.9
-85862.4
-85876.9
-52491.8
-94469.3
393381
-98949.5
-93868
-93933
-92770.1
-107388
-94842
-63303.6
-92444.6
-94404.2
-94140.6
-93527.5
-85884.2
-93726.9
-63597.6
-93756
-94724
-94796.1
-85891.9
-85871.8
-86280.7
-70569.1
-85911.4
-99492.2
-85881.8
-100144
-45957.6
-46204.3
-90224.3
-63751.3
-96686
-85491.7
-85903.1
-85876.3
-49349.1
-108329
-85879.9
-85882.3
-96616.2
-101297
-84902.4
-116009
-93953.9
-111206
-94510.8
-95771.6
-85869.9
-95520
-86091.5
-96115
198887
-94285.6
-122100
-102507
-83488.7
-85879.3
-93556.4
-111177
-85884.6
-85879.5
-92625.8
-104111
-91212.5
-63491.4
-85869.8
-94808.5
-93569.5
-113148
-93885.9
-43080.1
-95634.3
-85782.9
-47010.7
-94724.2
-93520.2
-85880.9
-100226
-85881.4
-43906.6
-85880
-94544.3
-93026.2
-86421.9
-26750.3
-95871.3
-93373.4
-85929.1
-94128.9
-120314
-86386.2
-94507.3
-122143
-45873.5
-85846.7
-92731.7
-85878
-85888.3
-99378.1
-105986
4087.48
-100653
-44386
-54804.3
-83434.4
-66470.1
-41548.2
-46532.7
-83520.9
-85830.4
-85713
-95946.8
-85885.8
-42851.1
-85909.6
-94593.8
-92382.5
-44552
-45815.8
-87777.4
-164855
391167
-65731.9
-93576.4
-94492.6
-85849.2
-85876.8
-45394.8
-97685.3
-85876.3
-58393.3
-85886.1
-44618.6
-43456
-93413
-95354.4
-65322
-94786
-68072.7
-96312.6
-96373.4
-93929.1
-85064.4
-133046
-94984
-94310.2
-85778.9
-85879.4
-95586.2
-93061
-80481.9
-95682.3
-92185.2
-46778.6
-130306
-107011
-45168.8
-47188.9
-46070.9
-46806.5
-94727.2
-97377.7
-100717
-103365
-93697.1
-115990
-45228.7
-73022.3
-85825.5
-44333.9
-95930.9
-85891.3
-58844.7
-85884.2
-230901
-89575.7
-85842.1
-96998.1
-153859
-84209.7
-64805
-75926.7
-103300
-93907.5
-92223.8
-85321.9
-99338.8
-93933.2
-91057
-215640
-95639.1
-94235.1
-85112.3
-100771
-91384.2
-42349.4
-103040
-118430
-95382.5
-85871.2
-139862
-85675.3
-86615.1
-93333.7
-95689.8
-119645
-90208.8
-85877
-85882.8
-85877.8
-100189
-43198.5
-85881.5
-93779.3
-85880.7
-100406
-85676.1
-86122
-67714.1
-264502
-96525.6
-85881.2
-85882.1
-106401
-96479.6
-85874.8
-85879.8
-49131.2
-85880.2
-116225
-96228.9
-86310.5
-38645.4
-93829
-85855.9
-59837.6
-94150.7
-94602.2
-99856
-94008.3
-97795.2
-61454.5
-44891.8
-84949.5
-92902.1
-95911.3
-94996.9
1048.47
-85906.1
-95958.7
-107441
-94088.5
-106140
-95073.5
-85786.6
-54915.8
-107829
-42081.9
-85027.2
-103844
-85882.7
-91093
-97587.3
-46371.9
-93959.5
-68491.1
-128484
-99832.9
-93200.9
-99843.3
-75864.6
-93503.5
-57699.6
-92903.1
-96373.5
-56925.6
-94249.7
-46367.4
-93802.4
-94270.2
-154603
-94298.8
-63432.5
-129010
-85880.7
-133654
-92647.2
-98514.4
-95764.4
-85888.5
-85183.1
-85869.3
-92378.3
-95757.9
-70901.2
-93907.8
-98194.5
-94713.6
-95059.9
-101726
-22013.2
-65545.7
-125000
-44719.6
-85891.2
-100194
-125333
-44212.8
-30915.5
-101581
-92666.5
-108348
-70729.2
-44493.6
-105194
-86040.5
-91620
-107782
-85876.5
-61628.8
-168629
-123908
392686
-45372.6
-85881
-85171.5
-93317.7
-85878.8
-85878
-85878.4
-45302.8
-94326.2
-110943
-45341.2
-82659.2
-92774.2
-67692.6
-162064
-93833.6
-43692.4
-85880.8
-44465.8
-105500
-93550.2
-99869.3
-44142.4
-103298
200282
-215179
-85879.6
-104897
-43733.8
-50535.5
-44505.4
-70710.3
-44892.9
-85826
-99874.4
-52185.9
-91135.5
-43435.3
-108295
-44520.8
-108111
-86528.6
-42133.9
-92199.3
-44662.3
-36821
-21989.1
-93590.5
-90991
-43105.9
-50935.6
-92995.3
64728.7
-61781.4
-66253
-104407
-66829.2
-90462.3
-92608.7
-62327.6
-93667.6
-44183.2
-92859.3
-45847.5
-93985.5
-43606.5
-85878.6
-93782.5
-96071.5
-45949.8
-99910.2
-107530
-106484
-43983.2
-99275.9
-59776.4
-92058.1
-146239
-96948.1
-43194.6
-92277.3
-91495.7
-88321.3
-85877.2
-85884.4
-45852.5
-44914.1
-18054.8
-85877.5
-96131.8
-111186
-56841.6
-94229.5
-100245
-50807.9
-94053.8
-125271
-85884.8
-44495.2
-85879.5
-95635
-89051.4
-101632
-80816.2
-86094.8
-99916.9
-85872.9
-94674.6
-93202
-46565.7
-93087.2
-95075.8
-59898.4
-66834.6
-60722.8
-94189.5
-94024.7
1994.35
-48428.4
-94349.9
-99981.6
-45566.8
-45244.1
-29430.5
-43520
-63544.7
398389
-94590
-40380.8
-97561
-94524.1
-94397
-85604.4
-85436.3
23650.4
-45458.3
-85895.7
-156073
-47810.2
-93601.5
-85881.8
-115592
-96197.8
-76646.5
-93624.8
-99360.9
-157333
-128567
-31170.2
-85565.7
-93246.4
-94145.4
-73269.9
-114005
-85863.3
-70653.4
-121108
-93803.2
-85881.7
-85877
-100353
-85875.8
-85889.1
-88878
-93867
-91823.5
-85886.4
-85885.2
-44298
-84668.6
-93616.1
-95687.8
-100934
-85877.2
-106722
-93556.3
-106296
-40521.6
-85042.9
-104974
-85880.1
-93449.5
-85885.5
-85874
-85880.1
-102606
-95330.7
-84988.6
-94040.2
-100087
-68767.3
-94124.2
-117422
-44948
-85884.6
-44423.7
-85904.9
-171450
-138952
-85885.1
-137262
-103316
-106560
-57211.1
-101065
-93904.9
-94580.1
-46772.7
-100191
-85768.2
-92617.9
-62595.9
-101038
-100368
-101446
-101896
-37982.6
-92520.2
-94987.9
-85871.8
21092.1
-44528.5
-100886
388501
-100927
-27508.2
-44175.3
-85890.4
-35985.1
-98413.6
-43474.5
-85886.9
-100076
-85872.6
-85879.2
-85876.5
-85879.9
-45932.6
-79947.8
125659
-96725.2
-44793.9
-46326.8
-45084.3
-44708.5
-42146.3
-36693.8
-116824
-92981.2
-91957.6
-92705.2
-43041.1
-44968.5
-43430.2
-85877.4
-107467
-98387.5
-68475.1
-114005
-80308.4
-115297
-93238.9
-85879.4
-85862.5
-96468.6
-85176.8
-94496.4
-99130.7
-95210.7
-108792
-99157.9
-93976.1
-12988
-76275.8
-85925.3
-112573
-106323
-91551.6
-98205.6
-91289.5
-95648.6
-95004.2
-93477.4
-85883.7
-87131.7
-94486.3
-106139
-42965.1
-94026.9
-93659.8
-74967.3
-93177.6
-73145.4
-43051.5
-85878.3
-94242.3
-73617.4
-100797
-85886.5
-85916.6
-93014.4
-93455.1
-95829.1
-95444.3
-83508.7
159548
-85876.4
-96540.6
-107186
-85697.5
-96648.1
-85784.8
-93912.9
-64571.1
-85876.6
-96845.3
123530
-95652.4
-94594.1
-96070.8
-85801.6
-93479.9
-85892.2
-93360.9
-113831
-156608
-93091.8
-85404.4
220029
-94435.4
-163217
-85881.2
-101026
-91587.6
-94388.3
-84319.1
-100072
-91006.6
-95037.8
-107355
-92837.2
-91446.4
-93968.4
-123940
-85887.5
-104911
-93374.3
-95525.4
-93898.6
-93719.9
-44006.4
-45052.4
-85931.7
-93429.7
-113076
-85875.8
-93792.4
-85454.7
-94930.1
-85915.1
-45336.5
-44875
-80944.7
-44568.6
-112303
-85653.8
-44136.5
-93385
-93071.1
-94627.1
-43778.4
-94319.2
-100092
-85886
-85880.7
-93124.1
-92923.1
-85881.9
-85234.3
-67725.9
-95786.9
-29336.7
-43913.3
-105288
-9126.05
-105215
-93281.9
-28013.4
-42933.2
-95757
-108856
-95758.9
-92671.7
-41208.1
-106851
-44259.7
-93327.8
-92828.9
-101157
-66731.1
-43859.3
-61594.8
-52658.4
-94950.7
-42496.6
-158511
-45287.5
-91890.5
-90641.4
-94852.1
-104171
-86457.8
-96178.9
-86184
-44840.1
-93997.8
-85879.9
-92760.5
-93956.6
-93934.2
-92978.8
-51800
-109699
-48718.4
-45007.7
-93305.4
-93930.4
-45590.6
-93603.8
-96232.8
-134496
-97348.4
-44791
-85887
-117727
-75931.4
-85884.9
-92942
-96152.8
-46873.4
-96089.4
-126128
-94086.1
-64465.5
-85886.9
-95295.4
-93059.1
-47029.4
-228846
-94529.4
-92568.5
-92781
-9490.95
-61866.9
-85728.5
99444
-85871.3
-125986
-85875.3
97609.3
-85883.9
-96602.3
155629
-76556
-85885.1
-109594
-85880.1
-85816.1
-96748.7
-85879.6
-20688.2
-85466.8
-93414.3
-85883
-102590
-113794
-93581.1
-85883.5
-101605
-88247.6
110923
-85875.3
-55429.5
-85867
-128422
-85879.2
-113911
109538
-85879.9
-144439
-117491
-95575.2
-46062
-88469
-42499.6
-12706.8
-85865
-105391
-85846
-85186.3
-67283.2
-94463.4
-85849.6
-110339
-84314.1
-103057
-94744.1
-56825.8
-43953.3
-94436.8
-183402
-45353.2
-96201.7
-45658.7
-85886
-85885.8
-95206.3
-77543
-99429.5
-68532.8
-94273.6
-85829.8
-85872.9
-71969.3
-74209.7
-101137
-47622.9
-94739.7
-33581.8
-44959.6
-85086.3
-85878.8
-85877.7
-93124.8
-22110
46968.8
-91538.9
-91768.8
-127540
-103880
-94791.4
-106763
-115961
-85876
-107527
-93282.7
-94610.6
-43969.4
160760
-85885.1
-94608.4
-95381.9
-94383.3
-85888.1
-98554.7
-45136.3
-120105
-85888.9
-108526
-165835
-85878.6
-85790.2
-85879.4
-85876.9
-85880.2
-85879.6
-13717.4
-98780.3
-106679
-99607.8
-98941.6
-99790.3
-44508.4
-93357.5
-85883.2
-85865.2
-101186
-91167.8
-85879.9
-92751.6
-44440.8
-85894.1
-96123.4
-99856.1
-45687.3
22576.1
-43677.3
-92403.2
-50829.3
-142726
-94327.3
-83591.2
-95891.1
-85884.4
-87010.2
-66111.2
-92490
-85859.8
-135997
-100029
-94508.2
-85877.1
-101375
-117122
-69249.9
-96322.9
-64708.1
-94944.6
-85877.7
-93918.7
-46705.5
-96477.1
-38171.9
-68418.1
-108254
-85888.9
-94832
-96002.5
-93834.5
-99214.6
-93975
389589
18698.7
-57144.9
46910.9
-92768.4
-96395.4
-94444.1
-44856.1
-93892.7
-44885.4
-92915.4
-93914.4
-91807.2
-85451.2
-85879.2
-54553
-43997.7
-49182.6
-93527.2
433826
-44912
-37112.2
-44441.7
-86033.2
-94786.4
42968.6
-83921.9
-64873.3
-93708
-85879.8
-96530.7
-93010.2
-39111
391772
-43722.4
-85879.8
-66159.6
434053
-95791.7
-97469.1
-100018
-85871.8
-94169.9
-44926.5
-96191.4
-91365.5
-94648.7
-85877.4
-94810.6
-85870.3
-45162.5
-45030.5
-67152.9
-93475.8
-93316.3
-93621.3
-85878.4
-101050
-62896.3
-103198
-94433.8
-170857
-94159.6
-92268
-93726.6
-101194
-106916
-43427.6
-95460.5
-46533.1
-94552
-85878.3
-78138.6
-30095.4
-100313
-77281.5
-77797.1
-74496.7
-41698.9
-7496.11
-44380.6
-93152
-94298.4
-62502.3
-94289.3
-85888.6
-85872.2
-85880.1
-86347.7
-96048.1
-85879.3
-85884.9
-93794.1
-117839
-85879.3
-176193
-96470.6
-85682.5
-92654.4
-103096
-99682.2
-250568
-89841
-102840
-64651.8
-88663.2
-74342.8
22256.8
-93088.7
-44705.5
-85758.9
-98012.5
-93993.5
-93718.1
-94810
-95275
-85879.7
-86156.9
-100273
-85869.6
-85884.3
-90055.2
-33324.4
-85880.8
-93776.7
-85874.7
-93864.9
-98349.2
-85887.2
-93811.6
66694.1
-114055
-45232.7
-56106.8
-21164.1
-21200
-44543
-42090.4
-93871.7
-105725
-94000.8
-105863
-85878.9
-44949
-85884.3
-89419
-92652.8
-92632.9
-93294.1
-86997.3
-84797.2
-44501.8
-45974.9
-85878.6
-85878.4
-85878.9
-85870.2
-85869.9
-85869.6
-86504.9
-86962.2
-123146
-114869
-123168
-132222
-80118.2
-89431.4
-87752.2
-60855.6
-97687.1
-76938.2
-85924.7
-59985.4
-12049
-11920.5
-36737.1
-50346.2
430925
-128380
-268004
-229450
-250356
-168320
-136495
-219173
-165934
-95151.9
-98137.7
-109418
-118347
-59067.9
-85041
-58076.4
-85716
-103500
-55633
-85706.3
-84871.6
-85752.1
-84984.7
-85825.2
-85871.9
-85864.3
-85880.8
-85879.1
-85884.6
-85880.2
-85885.8
-85888.3
-85889.3
-85885.6
-85901
-85901.9
-85893.5
-85841.6
-85619.3
-85069
-85597.3
-85675
-85029.4
-85323.4
-85106.2
-219250
-234630
-103737
-120959
-187598
-176727
-94674.7
-92953.9
-95374.4
-95692.5
-95337.1
-93845
-95453.6
-95356.9
-94353.9
-95394.7
-92568.3
-96719.4
-96548
-92853.5
-93660.6
-94116.2
-94120
-94150.2
-94043.1
-93908.6
-94232.5
-94323.6
-95221.5
-94916.2
-95204.7
-95589.1
-95859
-96490
-96409.4
-101253
-100983
-101219
-103782
-107420
-107391
-106712
-121208
-124074
-121179
-121849
-123982
-122311
-123559
-124082
-124009
-124635
-124550
-124250
-126464
-125241
-129080
-90224.4
-81503.6
-89002.6
-102258
-94602.3
-101122
-101527
-74308.8
-74175.9
-83329.2
-30938
-29545.9
-29742.8
-107977
-51015.9
-13500.5
410092
392616
403556
192103
125708
72275.9
25149.9
25381.7
-16085.4
-18460.2
-23551.9
-31038.1
-24059.5
-30469.5
-29615.5
-20685.3
-30739.8
-45231.9
-42404.5
-45460.7
-29423.2
-36512.2
-34338.2
-36010.4
-45541.6
-35456.2
-45104.2
-41727.9
-45016.4
-44824.4
-54197.3
-55055
-62966.3
-59027.5
-47574.2
-105695
-110617
-103847
-138586
-126891
-89535.1
-86976.3
-103776
-88179.2
-155707
-142695
-141384
-100118
-127097
-113580
-102608
-18380.6
-101574
-13457.6
15159.7
25403.7
-96270.9
26839.9
32467.6
-97759.1
25678.2
-89543.8
-79054.2
-92563.7
-77908.2
-78205.1
-87846.8
-150196
-123029
-124172
-67736.9
-122985
-123984
-83901.6
-88614.9
-92253.4
-100084
-93284.4
-91571.4
-89583
-90722.8
-86801.6
-88509
-90353.4
-84572.4
-86849.8
-81695.1
-95146.7
-92012.9
-100658
-97791.7
-96268.2
-97095.2
-96034
-95315.5
-95829.4
-95499.6
-95886.7
-95436.6
-95945.7
-95433.8
-95415
-95986.8
-95446.1
-94507.2
-94725.6
-94579.4
-94781.9
-95021.5
-86254.4
-86259.3
-86023.8
-85605
-85354.1
-85319.4
-85103.9
-85203.2
-85282.3
-85392.4
-85265.4
-85868.1
-85852.7
-85821.7
-85899.2
-85910.5
-85801.9
-85885.6
-85915.7
-85914.5
-85909.7
-85847.5
-85906.8
-85896.1
-85877.9
-85905.6
-85840.7
-85836.5
-85902
-85881.9
-85882.7
-85877.4
-85883.3
-85883.8
-85883.9
-103715
-85881.2
-85882.6
-85881.5
-85881.3
-85884.7
-85882
-85880.8
-85884.4
-85879.7
-85813.9
-85619.1
-84982.7
-85597.1
-84275.3
-84411
-84348.3
-85351.1
-93602.2
-93903.7
-94197.9
-95057.9
-95246.6
-111933
-124155
-124864
-73505.4
-270651
-90768
-100380
-81733.2
-107121
-73989.3
385442
388448
26087.7
13213.2
-26789.6
-58909
-48784.8
-40557.3
-38199.7
-95977.7
-89513.6
-110722
-170112
-110324
-130818
-103078
-105731
-106035
-109112
-95622.7
-134500
-95430.3
22851.3
35417.6
31029.7
-91638.6
-99344.2
-124762
-76604.4
-74480.5
-84376.8
-99582.5
-99986.6
-88865.4
-88529.8
-90035.5
-88943.1
-97806.2
-95853.8
-95470.9
-95132.7
-96524.5
-95512.4
-95605.1
-96688.2
-95451.4
-94623.6
-94746.3
-94558.2
-86173.6
-85021.6
-85352.3
-85944.4
-85893.5
-85766.3
-85903.5
-85915.4
-85843.2
-85914.1
-85924.5
-85929.1
-85887.8
-85373
-85877.8
-85884.4
-85883.6
-85882.2
-85883.6
-85889
-85880.2
-85884.5
-85881.8
-85880.4
-85876.4
-85875.8
-85876.9
-85876.7
-85876.9
-85877.4
-85877.7
-85878.9
-85883.6
-85880.9
-85879.3
-85880.2
-85878.8
-85879.6
-85879.4
-85878.9
-85881.9
-85882
-85881.9
-85882.9
-85881.3
-85881.2
-85887.7
-85881.6
-85885
-85926.8
-85902.3
-85979.1
-85955.7
-85947.7
-85750.9
-85709.4
-85615.2
-94521.2
-95191.1
-96167.3
-95906.9
-96053.1
-118387
-105481
-106601
-112399
-167964
-150719
-162028
-104274
-170893
-93450.3
-92387.3
-92742.5
-93613.8
-93551.6
-93294.5
-93271.7
-94256.6
-93628.6
-94359.7
-94618.4
-93595.4
-94239.8
-95375.3
-94911
-95492.4
-95271.8
-95224.1
-95724.3
-95582.8
-95801.9
-95504.3
-95115.9
-96475.4
-96377.9
-97311.3
-97558.3
-94602.8
-97234
-96488.6
-97628
-98356.2
-98030.1
-99859.5
-99802.6
-99889.1
-100417
-100173
-100196
-100075
-99856.5
-99980.4
-100705
-100431
-98915
-102383
-109308
-113740
-113806
-116930
-113688
-62094.6
-62160.1
-63811.2
-66582.9
-62693.2
-69080.8
-76375.4
-63053.1
-63996.6
-76001
-34346.8
18613.8
29916.9
-30160.8
-4524.64
11550.2
-35734.1
-65140.1
-54707.1
-66626.4
-50968.7
-59053.7
-52647.4
-48565.4
-23563.3
-45280.6
-47289.9
-45083.5
-45000
-46857.4
-46218.9
-47278.9
-46576.5
-47079.3
-44800.2
-44072.1
-44493.5
-43495
-42838.8
-45254.2
-42579.5
-43953.3
-45114.4
-45406.6
-43416.9
-58735.7
-62348
-94729.7
-64573.6
-62699.8
-63377.7
-68749.8
-75857.8
-91421.1
-120809
-94898.3
-111885
-163989
-140279
-136578
-128978
-102596
-100847
-106465
-104500
-104879
-106495
-101739
-103746
-108386
-105921
-100467
-100958
-99622.9
-102556
-99714.9
-94653.5
-101631
44655
-97217.9
-93902.6
-93574.8
-88508
-85184.9
-86785.4
-93862
-88967.4
-76871.1
-84912.4
-87010.5
-83507.7
-84406.3
-79121.2
-83295.7
-94967.2
-97346.3
-92822.8
-94414.3
-93253.4
-92060
-92183.2
-92351.3
-91745.1
-91604.9
-91818.2
-91629.9
-91561.5
-91623
-91050.2
-92026.5
-90678.3
-91317.2
-92856.1
-91617.5
-94118
-91985.3
-92443.8
-93316
-93720
-93357.6
-93102.2
-93351.6
-93453.6
-93532.6
-93436.6
-94114.7
-93743.3
-93825.6
-93563.5
-93303
-93560.3
-87064.7
-85030.9
-87137.9
-86098
-86140.6
-86114
-86090.2
-86092.2
-86053.2
-85881.7
-85843.2
-85783.8
-85886.8
-93917.8
-85873.3
-85856.7
-85883.1
-85879.1
-85877.6
-85878.3
-85878.5
-52734.6
-85879.9
-85879.2
-85879.2
-85881.2
-85877.6
-85876.6
-85886.7
-85878.6
-85879
-85875.8
-85881
-85882.5
-260593
-60159.8
-63166.2
-97161.6
-96775.6
-96393.8
-85880.1
-85879.9
-85880.6
-85880.2
-85876.5
-85878.8
-85879.6
-85878.9
-85878.4
-85878.8
-85879.7
-85879.6
-85879.2
-85879.5
-85880.3
-85879
-85878.6
-85878.7
-85881.4
-84218.4
-85878.6
-85875
-85876.8
-85865.5
-85957.2
-85939.5
-85934.8
-85913
-84866.5
-86302.3
-116167
-94651.7
-96295.8
-96489.3
-95769.8
-95543.7
-95819
-96088.7
-96400.9
-104843
-114217
-103237
-111375
-102959
-106903
-113477
-93618.2
-93005.1
-92993.8
-93789
-93671
-93938.7
-93824.8
-93921.7
-93207
-93806.3
-92354.8
-94412.9
-94232.4
-93698.9
-93577.1
-93995.5
-93700.8
-93316
-93607
-93635.9
-93572.3
-93440.9
-93705.1
-94087.4
-93220.7
-93449.8
-93692.8
-94318.8
-93572.5
-93318
-94202
-93004.7
-93640.5
-93752.8
-97933.4
-93974.7
-93467.6
-93770.9
-103118
-98886.8
-94002.3
-94050.5
-94218.7
-93968.5
-93911
-93910.8
-93765
-93885.7
-97836.3
-106524
-94584.1
-99823.2
-41733.1
-44342.7
-108342
-115760
-110523
-80896.6
-109747
-83758.3
-70903.6
-57007.8
-59992.8
-55551.6
-64427
-70093.9
-63359.6
-63629
-67804.2
-68784.3
-67270.8
-63794.7
-63661.4
-61886.8
-48805.7
-39629.7
-60578.8
-57674.8
-40701.1
-12738.5
-23271.1
8550.84
-10960.6
-17531.6
-6420.17
-27492.6
-46051.5
-46252.8
-43899.9
-44611.7
-42119.4
-46596.2
-44843.2
-47862.7
-47750.4
-46618.9
-48913.4
-44500.9
-46800.9
-48214
-45151.4
-45930.9
-46854.3
-47232
-63562.1
-68613.5
-69335.3
-45000
-44223
-44160.4
-44253.6
-44484.2
-44079.1
-44738.7
-44325.5
-44774.6
-43280.9
-44485.2
-44160
-44339.6
-44042.1
-43116.6
-43404.7
-52736.4
-46076.9
-53084.8
-51373.2
-57361.7
-62369.7
-61114.8
-61709.8
-87872.1
-76981.5
-116744
-88482.2
-99262.8
-103785
-103593
-104693
-114980
-103901
-105229
-107298
-103561
-103324
-103829
-102382
-99638.6
-100965
-104482
-97712.7
-98488.2
-98359.5
-90543.2
-89754.3
-92568.9
-89809.9
-76565.3
-91155.6
-83676.7
-106390
-106581
-104142
-110548
-98347.3
-96747
-94506.1
-75582.3
-96130.6
-94934.1
-96616.5
-92706
-91852.2
-93615.3
-95566.1
-93418
-92489
-91939.2
-92740.1
-92760.6
-91687.2
-92830.5
-92793.3
-92698.2
-92821.7
-93382.4
-92836
-91333.2
-92700.4
-93062.2
-93465.1
-92879.5
-92364.5
-92563.4
-92699.5
-93724.8
-93869.7
-98946.9
-92523.7
-92008.2
-93200.9
-92749.2
-93046.4
-93362.9
-92754.4
-93182
-93026.7
-92717.1
-93655.4
-93185.6
-93944.3
-93538.9
-93543.3
-93001
-93333.8
-93212.7
-93494.7
-94155.5
-93311.8
-93186.8
-85808.4
-122082
-85758.4
-85661.5
-86070.7
-85805.3
-86078.9
-85720.4
-85864.1
-85878.8
-85853.9
-85809.7
-85878.5
-85886.9
-85881.2
-85876.7
-85875.3
-85876.3
-85876.6
-85877.2
-85881.1
-85878.3
-85880.3
-85878.1
-85880.5
-85878.5
-85877.1
-85879.9
-85876.5
-85887.1
-85876.1
-85880
-85879
-85876.3
-103460
-100061
-67409.9
-59692.3
-64467.2
-66244
-64489.2
-63802
-66078
-96328
-96035
-43188.1
-95650.6
-96319.4
-104167
-95545.7
-97401.7
-96808.5
-85876.8
-85878.4
-85880
-85878.3
-85921
-85795.9
-85915.3
-85781.6
-42317
-42534.5
-44989.8
-43183
-25908
-85879.9
-85879.1
-85878.5
-85878.5
-85876.9
-85879.4
-85881.5
-85878.9
-85880.3
-85880.7
-85880.8
-85879.9
-85882.2
-85882.4
-85877.7
-85882.3
-85936.3
-96100.1
-96720.6
-96015.6
-97115.6
-100284
-99599.2
-98546.2
-95479.6
-93950.4
-96068.6
-94967.1
-93462
-93564.3
-93694.4
-93967.2
-93729.5
-93850.1
-93263.6
-93813.9
-92347
-92413.1
-93659.6
-93436.6
-93240.2
-93619.9
-91893.4
-92513.7
-91161.7
-92820.3
-93063.4
-93437
-92173.8
-94137.5
-92741.7
-92677.2
-94183.9
-93877.9
-94491.2
-85877.7
-85878.3
-109079
-108230
-110451
-105856
-98353.2
-92349.2
-71432.1
-69696
-75478
-67425.8
-64747.6
-66657.7
-65347.5
-66464.2
-64307.8
-60428.3
-61934.1
-63852.5
-60418.2
-42663.6
-63239.5
-47839.1
-48184.7
-43571.7
-45416.2
-43872
-46402.2
-43938.8
-43738.2
-44752.7
-44407.9
-44337.9
-44442.5
-44321.5
-44514.1
-98119.1
-99518.7
-98966.1
-44629.2
-43823.6
-45553.6
-49031.7
-43093.9
-42162.1
-52357.9
-101876
-103157
-102767
-97689.7
-100171
-88376.9
-97895.6
-96335.8
-85930.9
-85867.8
-85885
-85903.1
-85878
-85877.4
-85876.4
-85876.7
-85877.7
-85877.8
-85877.3
-85879.8
-85878.7
-85877.2
-85879.5
-29803.8
-103641
-103463
-105954
-96426.7
-85879.3
-103954
-90505.5
-85766.3
-109435
-45573.7
-45135.8
-85877
-85879.4
-42784.6
-45175.8
-42762.1
-42274.3
-98455.9
-104041
-98919.2
-102794
-80661.9
-86255.6
-94226
-93767.3
-93350
-86065.5
-86064.6
-85890.5
-85882.7
-85880
-85884.6
-80670.7
-97153.1
-85879.2
-85878.2
-85916.8
-94964.6
-93580.9
-85879.6
-93156.6
-92883.3
-64710
-44904.3
-56524.2
-43498.2
-19475.8
-85888.2
-96559.3
-67374.9
-77215.1
-64151.5
-104710
-104744
-107257
-101785
-95529.9
-92774
-92875.3
-93570.6
-85877.7
-85864.2
-85874.1
-85879
-85879
-103434
-100389
-85909.7
-100711
-92689.9
-91916.2
-85877.2
-92835
-101385
-46035
-53868.1
-85880.5
-85880.1
-97467.2
-85870.1
-85869.3
-94577.9
-97908
-10380.2
-85877.4
-162637
-129255
-111527
-85877.9
-85730.7
-59104.7
-85074.6
-85384.5
-95488.8
-85877.2
-93964.9
-85876.1
-124469
-82053.8
6673.54
8642.39
-34424.7
-100617
-104106
-107907
-100680
-101107
-90410.8
-93145
-97095.8
-92806.3
-92746
-95177.3
-95326.5
-96209.7
-94504.1
-85811.6
-92395.1
-85325.5
-85351.3
-85258.6
-85778.9
-92754.6
-85875.4
-92773.2
-85883.5
-85867.7
-85333.9
-85906.7
-85883.5
-85368.3
-85882.3
-130100
-79546
-96046.6
-93458.2
-94600.5
-85888.7
-86106.5
-85884.2
-100076
-85881.1
-85789.8
-85471.5
-93753.4
-98745
-99205.2
-67935.6
-43427.3
-15909.4
-107364
-99525.6
-101817
-80871.8
-78769.2
-92486.5
-93729.6
-93342.4
-87190.1
-86092
-85852.9
-85839.6
-85880.6
-99022
-85878.9
-85882.3
-96905.3
-85878.9
-103840
-85879.7
-85878.3
-93505.5
-103955
-93705.3
-94004.9
-93864.7
-94197.5
-95161.3
-94474.5
-71393.4
-18853.8
-23105.9
-85878.9
-85878.6
-85878.7
-85879.7
-105678
-103076
-105796
-106929
)
;

boundaryField
{
    Wall
    {
        type            zeroGradient;
    }
    Inlet
    {
        type            zeroGradient;
    }
    Outlet
    {
        type            fixedValue;
        value           uniform 0;
    }
    Empty
    {
        type            empty;
    }
}


// ************************************************************************* //
