/*--------------------------------*- C++ -*----------------------------------*\
| =========                 |                                                 |
| \\      /  F ield         | OpenFOAM: The Open Source CFD Toolbox           |
|  \\    /   O peration     | Version:  2312                                  |
|   \\  /    A nd           | Website:  www.openfoam.com                      |
|    \\/     M anipulation  |                                                 |
\*---------------------------------------------------------------------------*/
FoamFile
{
    version     2.0;
    format      ascii;
    arch        "LSB;label=32;scalar=64";
    class       volScalarField;
    location    "7.8";
    object      p;
}
// * * * * * * * * * * * * * * * * * * * * * * * * * * * * * * * * * * * * * //

dimensions      [0 2 -2 0 0 0 0];

internalField   nonuniform List<scalar> 
2958
(
-6.8003e+13
-6.92075e+13
-9.05464e+13
-2.30699e+14
-4.38914e+13
-9.16187e+13
8.86824e+12
4.59918e+12
-5.68048e+13
-3.21547e+12
8.7166e+12
-7.74644e+16
5.72584e+12
-7.75956e+16
7.73948e+12
-2.38887e+14
-5.79915e+13
6.49635e+12
-7.77045e+16
-6.72343e+14
-7.70898e+16
-5.86739e+13
-7.58499e+16
-2.61036e+14
6.0456e+12
1.35815e+13
3.38847e+14
-9.36089e+13
-9.83664e+15
8.9974e+12
1.36102e+13
-3.05951e+13
-6.73615e+16
-2.38072e+13
6.22295e+12
1.28658e+13
-7.64069e+16
-7.58901e+16
-4.22614e+15
-2.64577e+12
2.80065e+13
1.55054e+13
8.86215e+12
2.1475e+13
-7.74286e+16
-6.01315e+13
8.72457e+12
-2.70558e+13
-2.29072e+14
-3.15383e+16
-2.80398e+13
-1.02341e+14
3.74364e+12
8.56942e+12
4.04875e+12
7.95177e+12
-1.11694e+13
3.76624e+12
4.99613e+12
4.79931e+13
-3.20912e+14
-1.99364e+15
7.74918e+12
8.92175e+12
-7.74212e+16
-7.76885e+16
8.54522e+12
-1.63409e+14
-2.25997e+16
-2.34731e+15
-5.77535e+13
-7.74928e+16
-5.98067e+13
9.70377e+13
-7.77988e+16
8.77539e+12
-7.93862e+14
7.699e+12
-7.56117e+16
1.41753e+13
5.9722e+12
-5.366e+13
-1.42021e+14
-1.46457e+14
-2.18297e+15
8.47453e+12
-6.10995e+13
8.46558e+12
-9.17479e+13
-6.61782e+16
6.70864e+12
-4.15905e+13
8.56933e+12
-7.77191e+16
-5.66193e+13
5.34378e+12
-3.50911e+14
-7.03602e+13
-7.75775e+16
-7.7515e+16
-2.34671e+14
-2.56855e+12
4.97591e+12
-6.51744e+13
-7.45695e+16
-1.71206e+16
-7.74877e+16
-2.42218e+14
-7.76253e+16
5.17203e+12
-1.32993e+14
-3.97954e+13
-7.77822e+16
2.15385e+12
-7.75644e+16
-7.76859e+16
8.21194e+12
-3.23612e+13
-6.17931e+13
-1.71906e+12
-2.88912e+15
-7.74625e+16
8.35566e+12
-5.75635e+13
-4.40025e+14
-1.76681e+15
-2.22139e+14
-6.05582e+13
-7.67588e+13
-7.78012e+16
-7.80249e+16
-7.88743e+16
9.46254e+13
-7.7515e+16
-7.95836e+16
-7.75625e+16
3.14901e+11
-6.7306e+14
-7.74849e+16
-7.75735e+16
-6.49008e+14
-6.23299e+13
-7.67232e+16
-7.76939e+16
-1.91948e+13
-5.51092e+13
-7.78177e+16
-7.73307e+16
-2.05419e+13
-7.74538e+16
-6.66312e+14
-3.54643e+14
-1.14955e+12
-2.65101e+16
5.33352e+12
-8.03782e+16
-7.24536e+16
-8.59087e+13
8.82115e+12
6.60672e+12
5.38418e+12
-2.8241e+12
1.10112e+13
-7.74546e+16
1.83036e+14
-2.58749e+15
-4.84799e+16
-7.76336e+16
-3.62742e+12
-6.15145e+13
-1.53899e+13
-7.74885e+16
-7.62184e+16
-6.65417e+13
-7.57496e+16
-6.4574e+13
-6.93314e+13
-4.10681e+12
-3.54834e+16
-2.26032e+16
-4.49401e+16
-6.02642e+13
6.82432e+12
-2.31636e+14
-7.44493e+13
-6.05187e+13
-7.40606e+13
-7.76245e+16
-5.87851e+13
-2.02104e+14
-5.82966e+13
-4.44352e+13
4.42982e+13
2.5123e+12
-1.50987e+14
-9.67661e+15
-6.83562e+13
-1.13283e+13
1.51634e+13
5.6727e+12
1.69706e+11
-7.74804e+16
-6.43492e+13
6.21368e+13
8.36828e+12
1.49019e+13
-3.7499e+15
1.44082e+13
-6.09265e+13
-2.29093e+14
-7.7579e+16
-6.61718e+16
-7.82907e+16
-6.20952e+13
-7.79009e+16
-4.96033e+13
8.83791e+12
-7.76148e+16
-7.76053e+16
-7.75767e+16
-7.76427e+16
-6.61762e+13
8.87545e+12
-6.04106e+13
-2.11892e+14
-5.81704e+13
-9.8899e+13
-7.76056e+16
-5.843e+13
-5.93149e+13
-6.58628e+13
-3.46e+13
-1.03616e+13
-5.09719e+13
-9.77295e+15
-7.76449e+16
-7.78614e+16
-3.10226e+12
-7.78628e+16
-2.38778e+14
-7.77338e+16
-2.38692e+14
-2.76644e+14
-1.03045e+14
1.2605e+13
2.44799e+13
3.71239e+14
3.57483e+12
8.60783e+12
8.60299e+12
-1.06745e+12
5.23172e+12
8.2859e+12
1.39e+15
-2.51347e+14
-1.00478e+14
5.73763e+12
-2.27867e+13
8.83729e+12
-5.83809e+13
-2.4029e+14
-7.45615e+16
-4.16936e+13
4.95789e+13
-5.41646e+16
7.84405e+12
4.86884e+12
1.09092e+13
-4.5614e+16
-7.37616e+16
-7.63438e+16
-5.86681e+13
6.77433e+12
-7.61347e+16
-6.21117e+13
9.09657e+12
-7.77061e+16
-5.15153e+13
-7.72586e+16
-6.12709e+13
-7.74553e+16
-7.78328e+16
-5.41495e+16
7.63927e+12
-5.90803e+13
-7.75148e+16
-2.60175e+16
-2.87983e+14
-1.7538e+14
8.75469e+12
-2.57886e+14
-5.99404e+13
-7.76128e+16
-7.73771e+16
-2.02765e+13
2.3433e+14
-7.7572e+16
-2.4257e+14
-7.75759e+16
-6.81588e+12
-5.94298e+11
-4.40168e+13
-2.37519e+13
-4.94162e+13
-4.81783e+14
-9.27235e+13
5.72776e+14
-7.45612e+16
8.62788e+12
-2.92885e+14
-7.76602e+16
-3.1042e+14
1.1477e+13
-7.76693e+16
-6.09749e+13
-2.12176e+14
-4.5784e+13
8.80376e+12
-6.35848e+13
3.47406e+12
-5.15161e+13
-5.68765e+13
8.4255e+12
-8.26638e+13
-6.11159e+13
-7.37591e+16
9.23624e+12
-7.53294e+16
-2.31486e+14
-1.19175e+12
-5.69415e+13
-7.82957e+12
-7.69284e+16
-7.75077e+16
2.3853e+13
-7.74956e+16
-1.83164e+14
2.82246e+13
-1.83066e+14
-7.76455e+16
8.47165e+12
-6.42167e+13
-4.31119e+13
-5.17139e+13
-7.76222e+16
-6.60757e+13
-7.76225e+16
1.96223e+12
-5.53176e+14
-3.1038e+14
2.68985e+14
5.39691e+12
-2.16091e+13
-1.82204e+14
-8.91502e+13
8.12741e+12
-7.7575e+16
7.92265e+12
9.04008e+13
3.51763e+13
-1.29054e+12
-7.91623e+13
-2.30596e+14
-3.06223e+16
7.79092e+12
-1.12039e+13
8.76301e+12
-2.88307e+14
-2.74054e+14
-2.88317e+13
-3.89062e+13
-4.37921e+13
-7.75787e+16
-2.35302e+14
8.72228e+12
-6.17563e+13
1.77751e+12
4.29019e+12
-4.31235e+13
-5.67743e+13
-3.27559e+14
8.05273e+12
-7.79125e+16
8.24718e+12
-5.84145e+13
-7.30504e+16
1.04214e+13
-1.12518e+13
-6.97049e+16
-7.86736e+16
3.38957e+12
-7.75123e+16
5.59996e+15
-5.8017e+13
-2.59499e+14
-2.04126e+14
-1.40635e+12
-7.75766e+16
-7.79523e+16
-4.34726e+13
2.48957e+14
6.72352e+12
-5.79488e+13
-2.32713e+14
-5.24172e+12
-1.02482e+13
-9.26963e+13
8.48171e+12
-1.82775e+12
-5.52968e+14
-2.09933e+15
6.10502e+12
8.75768e+12
-5.92407e+13
-4.76426e+13
-4.33703e+13
-4.70382e+13
8.12324e+12
2.16931e+13
2.18018e+13
-7.74302e+16
2.06456e+13
-5.55485e+13
1.62172e+13
6.57786e+12
-6.95621e+16
-7.11959e+13
6.72522e+12
-5.76844e+13
-6.40191e+13
-4.40108e+13
-9.29796e+14
-5.98262e+13
-5.17716e+12
1.46277e+13
-5.03935e+13
-5.54981e+13
-3.43827e+12
-3.50344e+14
-7.73016e+16
-5.51119e+13
-6.52317e+13
-2.44504e+13
-2.79078e+15
4.74985e+13
-6.86879e+16
-7.52239e+16
-2.43187e+13
-7.80711e+16
-5.94055e+13
-7.55835e+16
-3.26302e+13
5.91677e+12
-1.61292e+14
-7.55633e+14
-2.89207e+14
-7.75952e+16
9.00255e+13
-4.9986e+13
-7.75864e+16
-6.25065e+13
-2.02137e+14
-9.10842e+14
1.76244e+12
8.47675e+12
8.87615e+12
-2.78104e+13
8.62838e+12
7.55141e+12
-1.1185e+16
1.49932e+12
-7.74645e+16
-3.16365e+12
-6.06264e+13
8.72409e+12
-5.76343e+13
8.36708e+12
-5.10906e+13
2.67555e+13
8.36758e+12
6.49776e+12
-6.09809e+13
-7.74214e+16
-4.49414e+16
-7.34408e+13
8.63457e+12
7.81665e+12
8.62785e+12
-2.94006e+13
5.52737e+13
1.85555e+13
-6.62269e+13
-2.35371e+14
1.12803e+13
-5.71221e+13
-2.06633e+12
-1.09349e+13
-7.76991e+16
-7.77582e+16
-7.78141e+16
-5.7897e+13
-7.77008e+16
-7.74215e+16
-3.14934e+14
6.44548e+12
-7.76389e+16
5.6849e+14
-9.02517e+13
-3.12729e+14
-3.21732e+14
-7.76559e+16
-7.76853e+16
1.48692e+12
-7.77055e+16
7.079e+12
1.55866e+13
-2.92544e+13
-1.12001e+16
-5.86367e+13
-3.03007e+14
-5.93402e+16
-5.80906e+13
2.3472e+14
-3.23715e+13
-2.93713e+14
-2.29839e+14
-8.8058e+13
-7.45702e+16
8.36587e+12
-2.72806e+14
8.44173e+12
-6.61546e+16
-6.18611e+13
-7.81703e+16
-9.2688e+15
8.70403e+12
-6.41632e+13
-6.27942e+13
-3.11066e+14
8.5912e+12
-4.92284e+15
8.77515e+12
-7.74698e+16
-3.02417e+14
-7.78508e+16
-9.26985e+15
8.34887e+12
-7.58055e+16
-7.75983e+16
-9.78984e+12
-7.77371e+16
-7.76361e+16
-6.38658e+13
-2.53968e+15
2.00323e+15
1.12663e+13
-4.90373e+15
5.62051e+13
8.88245e+12
-1.04452e+16
6.40398e+12
-9.69268e+13
1.10711e+13
3.95588e+13
6.819e+12
1.70509e+13
-7.74565e+16
8.70385e+12
-2.38384e+14
1.71346e+13
-2.55955e+15
8.62839e+12
-7.76622e+16
-7.77147e+16
-7.77198e+16
-6.25495e+13
-7.77336e+16
-5.42563e+16
-7.72573e+16
8.86848e+12
-6.05062e+13
-6.08415e+13
8.6638e+12
-5.23473e+13
-3.05656e+14
-7.593e+16
-7.79326e+16
-7.76349e+16
-6.23241e+13
-4.57362e+12
-7.75836e+16
-7.76099e+16
9.69919e+12
-1.34055e+16
-6.95775e+16
-4.54625e+15
-8.6922e+14
-5.4267e+15
1.64623e+13
-5.19818e+16
-7.69505e+16
1.36563e+13
-7.31337e+16
-3.16421e+14
-3.11142e+13
-8.14174e+13
-8.83955e+15
-2.35484e+15
-7.01547e+16
-7.75009e+16
-2.98802e+14
-3.15718e+16
-7.75141e+16
-7.75708e+16
-3.0676e+14
6.36261e+12
8.69769e+12
-5.56857e+13
-7.74254e+16
2.07338e+13
-2.59549e+14
-2.7432e+14
-4.92137e+15
-5.01007e+13
8.46046e+12
-7.78147e+16
-6.02058e+13
8.8084e+12
9.35888e+12
-7.75544e+16
-2.21437e+14
-7.75481e+16
-5.62098e+13
-7.75696e+16
6.61298e+15
8.43129e+12
-7.62279e+16
-6.67921e+13
-4.18454e+15
8.02478e+12
-7.78458e+16
-8.87151e+14
-1.11557e+16
-7.62045e+16
1.66224e+13
-8.84466e+15
-6.66417e+13
-7.88802e+16
8.30896e+12
-7.75933e+16
-7.75011e+16
-2.85343e+15
-6.61523e+15
-4.94693e+13
7.49752e+12
-5.80882e+13
-6.85672e+13
-7.01658e+16
-5.45296e+13
-2.55707e+13
-4.19946e+13
-7.01928e+16
-7.8061e+16
-7.79303e+16
-5.19009e+16
-7.78528e+16
-5.51121e+13
-7.78377e+16
-2.94444e+14
8.12485e+12
-2.89211e+13
-5.82182e+13
7.85495e+12
-1.7552e+14
3.45371e+14
-1.50784e+14
9.41017e+13
2.06542e+13
-7.88848e+16
-7.76401e+16
-5.03806e+13
-4.28039e+13
-7.76447e+16
-7.23725e+13
-7.75465e+16
-5.8426e+13
-5.97194e+13
1.77364e+13
-3.89922e+14
-5.79195e+13
-4.54872e+16
-7.29419e+13
-7.72661e+14
-3.94255e+14
-6.64642e+13
-6.96862e+16
1.791e+12
-9.59366e+14
-9.996e+11
-7.73574e+16
-7.80615e+16
-3.06451e+14
8.3841e+12
1.3998e+13
-3.10329e+14
8.67981e+12
-5.00169e+13
-2.2946e+14
9.70204e+12
-4.73264e+13
-3.34966e+13
-5.81369e+13
-5.80968e+13
2.97313e+13
-5.53642e+14
1.47241e+12
-1.81672e+13
9.33597e+13
1.78777e+14
-5.09271e+13
-2.0047e+16
-8.08855e+16
-5.81174e+13
-4.16929e+15
-7.77251e+16
-9.96992e+13
-7.74767e+16
-2.09604e+14
8.88177e+12
-9.63381e+16
-2.2863e+14
-1.37614e+14
1.1561e+13
-8.51472e+13
-5.75744e+16
4.04364e+12
-8.86546e+14
-1.49662e+15
-7.7081e+16
7.27761e+12
1.86082e+13
1.52793e+13
-2.17801e+14
8.62901e+12
6.01143e+12
-6.96848e+16
-3.15108e+14
8.60083e+12
-1.54072e+13
-3.12691e+14
-7.0468e+13
-4.49231e+16
-7.74449e+16
-2.33985e+14
2.1989e+13
2.18013e+13
8.57093e+12
-2.1905e+15
-1.11576e+16
-2.46316e+14
-7.78462e+16
-7.77055e+16
-7.76348e+16
-3.14597e+14
-5.8123e+13
-7.75818e+16
6.10296e+13
-7.76287e+16
-3.15268e+14
-7.68238e+16
-7.84514e+16
-1.30338e+14
1.45346e+13
-3.46938e+14
-7.75568e+16
-7.7605e+16
-5.93896e+15
-6.72638e+14
-7.7527e+16
-7.75801e+16
-6.26853e+13
-7.75095e+16
-2.7429e+14
-3.08587e+14
-7.77998e+16
-5.93199e+13
3.03424e+14
-7.82485e+16
-6.26464e+13
5.79098e+12
6.89401e+12
-1.51703e+15
6.00071e+12
8.85113e+12
-2.25974e+16
-5.11271e+13
-6.97045e+16
8.4476e+12
9.73616e+12
-9.62705e+14
-5.8877e+13
-7.55594e+16
9.19349e+12
-2.34645e+14
8.47222e+12
-5.9079e+15
-6.6796e+14
8.80537e+12
-6.70835e+13
-1.04406e+16
-5.13672e+13
8.83859e+12
5.49733e+12
-7.76091e+16
8.65267e+12
-3.43488e+14
-4.7072e+13
8.53551e+12
-2.39337e+14
-2.29699e+14
5.08655e+12
-2.62631e+14
6.36493e+12
2.15017e+13
9.40368e+12
-7.09861e+13
-2.99552e+14
-3.62169e+14
-7.1818e+13
8.59531e+12
-8.1244e+13
8.28355e+12
-3.02685e+14
-1.35338e+14
4.93259e+12
-5.54757e+13
-1.24927e+14
-7.7509e+16
5.86418e+12
8.30595e+12
-3.5454e+14
8.63138e+12
-7.75013e+16
-7.65776e+16
-7.69731e+16
-2.46619e+14
8.41285e+12
-1.27884e+16
8.36235e+12
-3.98489e+13
2.98506e+13
-6.67417e+14
3.20027e+12
-5.58308e+13
-5.77208e+13
-5.90687e+13
-5.75673e+13
-7.76221e+16
3.48202e+12
-6.10926e+13
-5.25649e+13
-5.99021e+13
-5.58698e+12
6.83959e+12
-2.02126e+14
-1.27936e+16
-6.22966e+13
5.52432e+14
-7.90607e+16
8.56747e+12
1.16335e+12
-7.74375e+16
-6.2746e+13
-2.30727e+14
5.69513e+14
2.0004e+15
-2.95181e+13
-7.76556e+16
-7.6574e+16
9.25015e+12
-7.76755e+16
-7.76731e+16
-7.75703e+16
-1.07706e+13
-1.85135e+12
-3.1579e+16
-5.79595e+13
-3.5505e+16
1.14436e+13
-1.40422e+14
-1.75535e+14
5.8312e+12
-5.62859e+13
-7.75068e+16
-5.97254e+13
-1.67091e+13
8.82562e+12
4.30709e+12
-5.85433e+13
2.15124e+12
1.69187e+13
-2.17345e+14
-7.76856e+16
5.68909e+14
-6.10369e+13
-5.95131e+13
-5.76392e+13
-6.15525e+13
-4.30996e+13
-7.81673e+16
5.78911e+12
-6.63675e+13
8.90415e+12
-2.38864e+13
8.69885e+12
-1.9662e+13
5.1326e+12
-5.93288e+16
-5.9611e+13
8.79204e+12
-1.64652e+13
-3.44481e+13
4.91759e+12
8.32462e+12
8.88556e+12
-6.28159e+13
6.29671e+13
7.66576e+12
-1.20747e+13
-7.02779e+13
-1.07893e+14
1.89792e+12
-1.07404e+14
-2.35369e+14
8.66479e+12
-7.4753e+13
8.46808e+12
-5.78835e+13
8.11814e+12
-6.0136e+13
8.1177e+12
-6.43157e+13
-7.76684e+16
1.59627e+14
-5.18716e+16
-4.3729e+13
-2.90177e+14
4.55696e+12
-5.92522e+15
-6.09409e+13
5.54686e+12
-7.24009e+13
-1.49844e+15
-2.32433e+14
-1.29883e+13
-6.05034e+13
-1.49934e+15
8.62136e+12
8.82662e+12
-7.75163e+16
-7.77657e+16
-4.38905e+13
-5.87408e+13
1.38765e+15
-7.75215e+16
-7.90399e+14
-5.45051e+15
-1.61289e+14
6.38066e+12
-2.89772e+14
-6.93149e+13
7.91299e+12
-2.29055e+14
-7.77358e+16
9.36992e+13
-7.75125e+16
8.11067e+12
2.17997e+13
6.38687e+12
2.20029e+13
-7.91364e+16
5.82311e+12
-7.74922e+16
-4.55505e+16
1.17434e+13
-5.33291e+13
9.16506e+12
5.21256e+12
-1.03433e+14
-9.10193e+13
-1.47731e+14
7.84426e+12
7.27544e+12
2.36994e+13
-3.37286e+13
-1.70393e+12
4.61991e+12
-5.04013e+13
-6.01392e+13
-6.1923e+13
-5.96744e+13
-8.03392e+13
3.46936e+14
8.61432e+12
-3.03616e+13
-3.51121e+14
-1.51719e+12
-1.27161e+12
5.14133e+15
-7.67271e+16
-1.37347e+12
-5.33587e+13
-7.94222e+16
-2.31652e+14
-3.38502e+13
3.03357e+14
-7.74992e+16
4.04076e+12
-4.1865e+15
-5.75532e+16
8.69291e+12
6.26323e+12
-2.31712e+14
-1.22661e+14
-5.97833e+13
5.3504e+15
1.15677e+13
-8.08367e+13
-9.63556e+13
-2.3552e+14
-7.79438e+16
-1.2782e+16
-1.57219e+13
9.93712e+13
-7.76712e+16
-7.76705e+16
9.20136e+12
-7.75294e+16
-7.76586e+16
-6.8697e+16
-2.37804e+14
-3.89926e+15
-7.77181e+16
-7.75171e+16
-5.95294e+13
-7.37522e+16
9.42422e+13
8.02927e+12
-5.33327e+14
-7.76366e+16
-6.79701e+11
1.88856e+13
-1.06767e+16
-6.46613e+13
-7.25185e+16
-2.81502e+14
-7.76422e+16
-7.49726e+13
-7.75181e+16
-7.78939e+16
-7.77155e+16
-2.36543e+15
1.12653e+13
-6.96845e+16
8.3554e+12
5.40928e+12
-6.22258e+13
9.00418e+13
-3.6982e+13
-5.11554e+13
-7.75666e+16
-6.57721e+13
-7.80194e+16
-2.32588e+14
-2.87516e+14
-7.76958e+16
2.73738e+14
-2.14772e+13
-2.35865e+14
-7.28668e+13
3.77652e+12
8.27248e+12
-4.56023e+16
-3.31412e+13
-2.21982e+14
-7.61732e+16
8.66557e+12
-7.81219e+13
9.42867e+12
9.17989e+12
-3.73357e+12
7.35167e+12
-3.06024e+16
1.17374e+13
7.2446e+12
-7.74929e+16
-1.32226e+12
-5.62238e+13
-6.00746e+14
3.52321e+14
9.43905e+12
-6.6379e+13
-5.82874e+13
-7.75448e+16
-4.93395e+13
6.9064e+12
-5.86342e+13
-8.0884e+16
5.09229e+12
-7.74979e+16
-7.76478e+16
-7.7519e+16
-7.74932e+16
-3.55416e+13
-6.97021e+13
2.31947e+14
-3.30683e+14
-5.8453e+13
-3.22796e+13
-5.84866e+13
-5.80962e+13
-5.88504e+13
-5.9125e+13
-1.19007e+13
8.61468e+12
-2.96513e+14
8.56768e+12
-5.87192e+13
-6.03778e+13
-5.16652e+13
-7.78552e+16
-1.06871e+16
6.92998e+12
-1.06013e+14
1.36046e+13
1.4493e+13
-4.56562e+15
7.57929e+12
-7.76959e+16
-7.79991e+16
-1.80752e+15
-7.6565e+16
3.94091e+13
5.59766e+12
8.68868e+12
-2.06743e+13
5.71201e+12
2.71219e+13
1.18711e+14
-2.42484e+14
-7.85152e+16
4.95055e+12
1.71995e+13
7.97931e+12
5.07958e+12
-2.36678e+14
8.24603e+12
7.59863e+12
9.44533e+13
-7.727e+16
2.14795e+13
7.51708e+12
5.66036e+10
-6.00073e+13
-6.0314e+13
1.87762e+13
-1.11783e+16
1.22909e+13
-2.00434e+16
-6.04875e+13
-7.77515e+16
-6.83771e+11
-2.00475e+16
2.80974e+12
-7.8068e+16
-7.84478e+16
1.23447e+13
7.48495e+12
6.16558e+12
8.98686e+12
1.21766e+13
5.15496e+15
-7.7528e+16
5.67504e+12
-1.06863e+16
-7.621e+16
-3.03205e+14
-7.7365e+16
8.44096e+12
-9.19356e+13
-7.75158e+16
-5.79667e+14
-1.56936e+14
-8.12931e+14
6.07629e+12
6.11633e+12
-7.67655e+16
-2.35384e+13
-7.75443e+16
1.30255e+13
2.38108e+12
-2.30435e+14
7.68858e+12
-7.70461e+16
-2.82167e+13
-1.9167e+14
-2.22289e+14
-7.72689e+16
6.10712e+12
8.53208e+12
-2.34369e+14
-7.58314e+16
5.49258e+12
-3.14461e+13
3.78078e+12
5.12871e+12
8.14916e+12
-2.38822e+14
8.90437e+12
-3.15359e+13
-7.76529e+16
-1.13295e+11
9.01982e+12
5.92928e+12
1.72456e+13
8.94111e+12
-4.33102e+13
-5.88825e+13
-7.52526e+16
8.92265e+12
-1.53958e+13
-7.7933e+16
4.06017e+12
-7.67168e+16
7.29247e+12
-7.80896e+16
-5.85625e+13
-6.16596e+13
1.34764e+13
-8.03562e+13
-6.44926e+12
-7.73617e+16
-5.98559e+13
9.40341e+12
8.08097e+12
7.82236e+12
-5.80067e+13
-1.72976e+12
6.74404e+12
-7.78504e+16
-7.76875e+16
7.97015e+12
8.08035e+12
-7.76784e+16
-7.59034e+16
-7.809e+13
3.10479e+12
-6.09579e+13
-5.81251e+13
2.04457e+12
-6.22861e+13
5.47271e+14
1.41113e+13
-6.07908e+13
-5.72746e+13
6.58825e+12
1.31622e+13
-8.20915e+14
8.70015e+12
-5.57763e+13
5.47947e+12
-1.48734e+13
9.24891e+12
-4.91163e+12
-1.47943e+13
-9.01221e+13
-5.61133e+13
-5.61554e+13
-6.65782e+13
7.8634e+12
9.46686e+13
-2.21431e+14
-5.97127e+13
-4.00893e+15
-4.74784e+13
2.50429e+14
-2.28957e+14
-4.77763e+13
1.25885e+13
-7.86246e+16
-5.85253e+13
9.00112e+13
-7.757e+16
8.63096e+12
8.44506e+12
8.44022e+12
8.62602e+12
-5.24449e+13
-4.16914e+12
-5.35355e+13
-5.85944e+13
9.32666e+12
8.47362e+12
-4.38744e+13
-4.4055e+13
-6.80362e+14
-1.35492e+13
-3.10274e+14
-5.62069e+13
-7.76193e+16
-9.53938e+12
-2.41018e+14
-7.77698e+16
6.81204e+12
8.20545e+12
-6.21602e+13
-8.59677e+14
-8.11039e+13
8.33187e+12
-8.30281e+13
-5.09845e+16
-2.95827e+14
8.24882e+12
-3.46244e+13
-2.09493e+14
2.14586e+13
3.17434e+13
8.28924e+12
-8.79487e+13
-6.28151e+13
-7.62421e+16
-2.04261e+14
-7.74898e+16
-8.28649e+13
-7.7517e+16
-2.04301e+14
-7.74619e+16
7.31472e+12
5.20318e+15
-5.75386e+16
-7.75146e+16
1.19186e+13
-7.75736e+16
-7.97206e+16
-5.87514e+14
-7.75115e+16
-6.06287e+13
-7.60074e+16
3.0383e+14
-7.74548e+16
4.0505e+12
-2.32196e+14
9.27923e+12
-7.76429e+16
6.05659e+12
-1.69934e+16
-1.56933e+14
-7.7679e+16
-6.71082e+13
-7.76615e+16
-1.22135e+14
-7.75056e+16
-1.24659e+13
-1.56846e+14
-7.79781e+16
-2.30426e+14
-2.52395e+14
7.63778e+12
-4.37511e+13
-1.68338e+16
-5.15698e+13
1.38992e+15
-7.82221e+16
-1.00226e+13
-7.79783e+16
-7.59028e+16
-1.19895e+14
3.93377e+13
-7.96431e+16
1.46963e+11
-6.73599e+16
4.53987e+12
9.71172e+13
-7.4918e+13
-6.1387e+13
-8.13209e+13
-2.3051e+14
-5.7758e+13
5.7309e+12
-5.83443e+13
-7.76389e+16
-7.75308e+16
6.33172e+12
-9.13975e+13
-1.54801e+15
-6.44125e+13
6.25893e+12
-9.68389e+16
-7.73012e+16
-6.66195e+13
-6.74575e+13
7.91441e+12
-4.19463e+13
6.17691e+12
-4.39714e+13
-5.8223e+13
-7.25037e+16
-7.76602e+16
-7.76562e+16
8.14809e+12
-5.70488e+13
1.07257e+14
8.57459e+12
8.46667e+12
1.8887e+12
5.06456e+12
8.17211e+12
4.50244e+12
-3.80085e+13
-7.78397e+16
-1.04223e+16
1.10902e+13
3.51985e+13
-5.59879e+13
5.15363e+15
-7.75359e+16
3.51985e+13
-4.16761e+15
-2.16412e+15
-7.7748e+16
1.09793e+13
-8.87378e+12
-1.86945e+13
-7.77487e+16
1.38095e+13
5.2881e+12
-7.7714e+16
-7.78198e+16
-7.76983e+16
-7.77307e+16
-7.75911e+16
-7.76658e+16
1.20298e+14
1.12161e+13
1.44238e+13
6.53477e+11
6.06745e+12
6.79151e+12
-5.76435e+13
6.90095e+12
-7.72403e+16
-7.60746e+16
-8.7235e+12
8.69696e+12
-7.76821e+16
8.73377e+12
-2.94538e+13
-7.75434e+16
-6.72222e+14
-1.51227e+15
-2.91817e+13
-7.08264e+13
-2.90971e+13
8.29046e+12
-6.29911e+13
6.47558e+12
-1.23322e+12
-4.22343e+13
-2.18236e+15
-7.75149e+16
-7.44413e+16
-1.39136e+14
-2.47504e+14
-7.79198e+16
2.76816e+14
-2.28604e+14
1.21985e+12
-7.74554e+16
6.79787e+12
1.77187e+14
-9.26454e+13
-1.76599e+15
-1.04679e+14
-1.38592e+12
-7.75148e+16
6.70856e+12
-4.70693e+13
-3.59414e+13
-5.92945e+13
-1.01585e+14
1.11889e+13
-7.7647e+16
2.34762e+14
-6.57173e+14
1.03245e+13
-3.50057e+14
3.23547e+12
3.47444e+14
5.31269e+12
-7.04168e+13
1.04153e+14
8.41372e+12
-8.20292e+14
-9.79348e+14
-5.95837e+13
1.60679e+14
-5.1618e+13
8.27262e+12
1.04734e+13
8.38186e+12
-7.59895e+16
-7.76838e+16
-5.96889e+13
-5.60696e+13
-6.40277e+13
-7.47639e+12
1.61085e+15
-5.81185e+13
-5.98087e+13
-4.47454e+13
-7.31181e+16
-4.55666e+16
1.17223e+14
-3.54744e+16
-8.45335e+13
1.98446e+12
-7.63761e+16
-3.01861e+14
-3.01708e+14
-3.06177e+16
2.00223e+15
-5.90856e+13
-7.74748e+16
-1.00838e+14
1.61229e+15
6.84552e+12
5.47033e+12
4.48935e+12
-7.74587e+16
1.03531e+13
-5.92694e+13
8.15628e+12
2.73825e+13
2.51504e+14
-7.75346e+16
-2.06885e+12
-7.74919e+16
-5.81398e+13
-5.10956e+13
-8.65083e+13
9.2243e+12
-8.87482e+12
8.54128e+12
-7.77158e+16
-1.3505e+16
-6.71455e+13
-2.81432e+14
6.51944e+15
-2.31922e+14
6.42814e+15
-9.29025e+15
1.49313e+14
-1.34462e+16
-2.99981e+12
-6.03289e+13
1.12559e+13
-6.54172e+13
-2.17192e+15
-7.7605e+16
-4.84884e+16
-6.06295e+13
1.12594e+13
-6.51992e+13
-4.84966e+16
-5.71509e+13
-6.02204e+13
-2.93357e+13
-3.93503e+13
-3.05095e+14
-1.04095e+12
-8.28601e+13
-8.64576e+11
-7.77117e+16
-7.76699e+16
-7.76252e+16
-7.76239e+16
-4.1872e+15
-7.75848e+16
-7.75439e+16
-8.87078e+14
-7.03814e+13
-7.76919e+16
-2.31168e+14
-1.73392e+15
-7.77847e+16
1.14867e+13
-2.72747e+14
3.63529e+12
-2.12176e+14
-2.94506e+13
-3.11982e+14
-8.31048e+13
-6.8698e+16
-1.11728e+16
-1.83194e+14
3.35927e+13
-4.48264e+13
-7.7644e+16
-3.29341e+14
6.3227e+12
7.82269e+12
7.19256e+12
8.82941e+12
-7.77303e+16
-7.92311e+16
1.12725e+13
-7.74858e+16
-7.78393e+16
2.79443e+13
-4.9558e+13
-7.76673e+16
-5.62889e+13
-7.7531e+16
-4.93585e+15
-1.22784e+12
-7.77684e+16
5.37045e+13
-1.33019e+13
-2.52066e+14
-5.08077e+13
-6.11714e+13
-5.5994e+13
-5.57244e+13
-5.85399e+13
-5.92805e+13
6.05247e+12
1.39626e+13
-4.85965e+13
-6.4554e+12
-7.76781e+16
-5.8012e+13
-7.72646e+16
-2.62809e+16
-5.70436e+13
8.02643e+12
7.88629e+12
-7.44834e+16
8.81316e+12
-5.63282e+13
-6.46214e+13
-7.35927e+16
-7.33519e+16
-7.38674e+16
-7.71871e+16
-7.72076e+16
-7.72192e+16
8.72613e+12
8.76691e+12
3.18682e+13
3.99059e+13
3.20416e+13
3.22698e+13
-9.02233e+13
-1.02e+14
-9.98491e+13
-9.72776e+13
-1.03605e+14
-9.31412e+13
-1.01156e+14
-9.70748e+13
-3.12519e+13
-3.12072e+13
-6.02742e+13
-2.48615e+13
1.61561e+15
-1.85246e+14
-9.33677e+14
-6.21128e+14
-8.4607e+14
-2.38271e+14
-1.92185e+14
-5.92463e+14
-2.66487e+14
7.11108e+12
-2.28617e+14
-2.3004e+14
-2.32409e+14
-6.23592e+13
-7.76606e+16
-6.21149e+13
-7.85096e+16
2.17177e+11
-6.19105e+13
-7.84268e+16
-7.76494e+16
-7.79267e+16
-7.76605e+16
-7.78117e+16
-7.74512e+16
-7.61954e+16
-7.72768e+16
-7.74448e+16
-7.74709e+16
-7.75086e+16
-7.75301e+16
-7.75017e+16
-7.76229e+16
-7.7533e+16
-7.79368e+16
-7.79497e+16
-7.78544e+16
-7.78002e+16
-7.7924e+16
-7.76692e+16
-7.75845e+16
-7.78973e+16
-7.76603e+16
-6.96541e+16
-6.96897e+16
-2.18194e+14
-2.09719e+14
-2.30115e+14
-2.32356e+14
-2.30389e+14
-2.23283e+14
-1.82194e+14
-1.8214e+14
-2.23471e+14
-2.23061e+14
-2.59605e+14
-2.44636e+14
2.94477e+13
2.97851e+13
-2.44487e+14
2.96798e+13
3.23112e+13
9.49827e+12
8.89356e+12
-6.48568e+12
-5.06239e+12
2.49707e+12
-5.85814e+12
1.99936e+12
6.70159e+12
-2.19253e+12
-7.75402e+12
-7.19019e+12
-5.31077e+12
2.61978e+12
-4.91944e+12
9.35398e+12
3.08984e+12
9.50445e+12
8.54129e+12
7.8951e+12
9.2215e+12
7.12859e+12
4.90371e+12
4.0376e+12
1.05989e+12
-1.22351e+12
-2.53253e+13
-3.2341e+13
-2.1549e+13
-2.55985e+13
-3.30642e+13
-2.63148e+13
-3.8435e+13
-3.91597e+13
-3.85828e+13
-5.35757e+13
-5.417e+13
-4.64224e+13
-8.32604e+13
-6.27614e+13
-1.49176e+14
4.61673e+14
3.05712e+14
4.19196e+14
-6.62534e+12
-4.5503e+16
-6.42661e+14
-6.48498e+14
2.57751e+14
2.54756e+14
4.04407e+14
3.11625e+14
3.14692e+14
3.10019e+14
3.36907e+14
6.46375e+13
1.13955e+14
3.26917e+14
3.44095e+14
3.31139e+14
1.77402e+13
2.42569e+14
4.73089e+13
-9.27865e+13
-8.87099e+13
-5.26673e+13
-5.28442e+13
-5.27536e+13
-6.01727e+13
-6.86644e+13
-6.03057e+13
-5.98261e+13
-5.69909e+13
-4.93413e+13
-1.07299e+13
-5.18029e+13
-5.79471e+13
-6.02e+13
-5.98594e+13
-5.98492e+13
-5.99079e+13
-5.82211e+13
-5.97329e+13
-5.84488e+13
-5.92307e+13
-5.90655e+13
-5.90841e+13
-7.24683e+13
-7.26409e+13
-9.71328e+13
-7.44073e+13
-8.0932e+13
-1.4565e+13
-6.6683e+12
-6.84793e+12
-1.3933e+13
-1.46832e+13
-9.81954e+12
-1.01383e+13
-7.23976e+12
-9.98878e+12
7.39922e+12
6.24623e+12
6.19602e+12
1.99692e+12
1.98465e+12
3.31209e+12
5.07371e+12
5.07725e+12
5.2094e+12
4.96134e+12
-8.91808e+11
-8.99942e+11
1.16033e+13
-8.92413e+11
-1.24601e+12
1.14716e+13
-1.28091e+12
2.00444e+13
2.81877e+13
2.01151e+13
2.82663e+13
2.83648e+13
2.87275e+13
2.25204e+13
3.14616e+13
3.36332e+13
2.03768e+13
3.35483e+13
3.21811e+13
1.90416e+13
2.61735e+13
2.53006e+13
7.17475e+12
8.0784e+12
8.52539e+12
8.87689e+12
8.72411e+12
8.83698e+12
8.7689e+12
8.78767e+12
8.87074e+12
8.81048e+12
8.79563e+12
8.89877e+12
8.89238e+12
8.82977e+12
8.91205e+12
9.06214e+12
9.00856e+12
9.07545e+12
9.01536e+12
9.11135e+12
9.07805e+12
9.85174e+12
9.86757e+12
9.75183e+12
1.12007e+13
1.12746e+13
1.07315e+13
1.12747e+13
2.13198e+13
1.67322e+13
2.16945e+13
9.70759e+13
2.34759e+14
-6.49419e+15
-6.88666e+15
-5.65547e+15
-7.38136e+15
-4.99389e+15
-2.45593e+15
1.11322e+16
-3.39689e+16
-1.53382e+16
-1.35452e+16
-1.75578e+16
-5.1095e+16
-6.05237e+16
-8.25579e+16
-7.10559e+16
8.30106e+17
-1.6895e+17
-4.83367e+16
8.35496e+17
-7.70454e+16
-7.94978e+16
-7.97109e+16
-7.82174e+16
-7.51836e+16
-7.80051e+16
-7.55078e+16
-7.94044e+16
-7.93644e+16
-7.55434e+16
-7.64193e+16
-7.63275e+16
-7.74885e+16
-7.72432e+16
-7.72649e+16
-7.72288e+16
4.49987e+12
-7.761e+16
-7.76084e+16
-7.76281e+16
-7.76349e+16
-7.75667e+16
-7.76763e+16
-7.76767e+16
-7.75669e+16
-7.74987e+16
-7.78178e+16
-7.7576e+16
-7.76633e+16
-7.79009e+16
-6.97959e+16
-6.97644e+16
-6.736e+16
-9.90773e+15
-2.44896e+14
-1.55032e+12
-7.42628e+12
3.1296e+12
-4.80858e+12
-5.87034e+12
-4.36613e+13
-5.45818e+13
3.55362e+14
-9.35335e+14
4.13139e+14
-6.34178e+14
4.14524e+14
3.42887e+14
2.61989e+14
3.56984e+14
3.50101e+14
-8.40211e+13
-3.37969e+13
-6.68475e+13
-2.29014e+13
-2.64399e+13
-6.01005e+13
-5.99156e+13
-1.02502e+14
-5.61344e+13
-1.58114e+13
5.49291e+12
-1.49433e+13
-1.48064e+13
-7.3916e+12
3.35077e+12
2.33049e+12
4.23511e+12
2.35701e+12
5.93746e+12
2.14973e+12
-1.55132e+12
-1.35126e+12
-1.38305e+12
2.01733e+13
2.94214e+13
2.99289e+13
2.2952e+13
2.86269e+13
2.02429e+13
6.89473e+12
7.14103e+12
8.87387e+12
8.76234e+12
8.79918e+12
8.91973e+12
8.928e+12
9.05606e+12
9.91031e+12
9.09695e+12
1.0627e+13
1.12994e+13
1.13453e+13
1.25726e+13
1.14015e+13
2.19554e+13
2.96175e+13
2.15739e+13
-6.05435e+15
1.13185e+16
-3.61028e+16
-5.91819e+16
-6.66274e+16
-1.62913e+17
-5.24519e+16
8.30008e+17
-7.98506e+16
-7.7692e+16
-7.64156e+16
-7.67246e+16
-7.79034e+16
-7.94167e+15
-7.78516e+16
-7.73171e+16
-7.72581e+16
-7.6428e+16
-7.73143e+16
-7.7746e+16
-7.76015e+16
-7.75651e+16
-7.75652e+16
-7.75724e+16
-7.74669e+16
-7.7513e+16
-7.75296e+16
-7.75379e+16
-7.75289e+16
-7.75232e+16
-7.75242e+16
-7.75203e+16
-7.75423e+16
-7.75623e+16
-7.75616e+16
-7.75592e+16
-7.75787e+16
-7.75726e+16
-7.75745e+16
-7.75633e+16
-7.76062e+16
-7.76057e+16
-7.76043e+16
-7.7612e+16
-7.76164e+16
-7.76181e+16
-7.76483e+16
-7.76295e+16
-7.77164e+16
-7.77779e+16
-7.77324e+16
-7.78368e+16
-7.78427e+16
-7.78423e+16
-7.76539e+16
-7.77791e+16
-7.75823e+16
-2.5389e+15
-9.66455e+14
-3.17484e+14
-8.57916e+14
-8.62996e+14
-2.48134e+14
-2.41591e+14
-2.41012e+14
-2.34249e+14
-2.30887e+14
-2.31208e+14
-2.32074e+14
-2.30316e+14
-2.32435e+14
-2.34816e+14
-7.96232e+13
-6.93665e+13
-5.58327e+13
-2.6977e+13
-7.0974e+13
-2.67675e+13
-3.09266e+12
-2.36559e+13
-3.72342e+12
1.87968e+12
5.08806e+12
6.78833e+12
7.02264e+12
7.11394e+12
7.55268e+12
7.0803e+12
7.50528e+12
8.14666e+12
8.52175e+12
8.49407e+12
8.50818e+12
8.61524e+12
8.62546e+12
8.62513e+12
8.5573e+12
8.25684e+12
8.31389e+12
7.79794e+12
7.78372e+12
7.65094e+12
7.20706e+12
7.3012e+12
6.89557e+12
6.79126e+12
7.02017e+12
6.40854e+12
6.27799e+12
6.29066e+12
5.31562e+12
4.97979e+12
4.9481e+12
-2.18505e+11
6.9303e+11
7.89091e+10
-1.66685e+12
2.23203e+13
1.68343e+13
1.90269e+13
1.43537e+13
3.01506e+13
-1.40156e+14
-1.36524e+14
-1.4309e+14
-8.06049e+13
-6.04325e+13
-8.77201e+13
-6.20111e+13
-5.45263e+13
-5.62682e+13
-5.82641e+13
-6.1128e+13
-7.51028e+13
-6.73756e+13
-5.93987e+13
-5.88039e+13
4.47739e+12
-6.07151e+13
-6.22737e+13
-5.96074e+13
-5.72746e+13
-6.21548e+13
-5.70498e+13
-5.45942e+13
-5.24892e+13
-6.74695e+13
-5.34339e+13
-5.07972e+13
-4.95147e+13
-4.5442e+13
-4.57143e+13
-4.58858e+13
-3.35765e+13
-3.6088e+13
-3.41287e+13
-5.18313e+13
-5.59975e+13
-5.74676e+13
-5.78733e+13
-5.94752e+13
-5.95183e+13
-5.83292e+13
-5.83634e+13
-5.81575e+13
-5.8059e+13
-5.96035e+13
-7.31826e+13
-7.71126e+13
-4.54918e+16
-9.20462e+13
-8.82811e+13
-9.24088e+13
-9.36786e+13
-8.27361e+13
-3.44872e+13
-1.00368e+13
-4.19839e+12
-3.00456e+12
-1.4131e+13
-1.41775e+13
-1.29362e+13
-1.32645e+13
-1.42853e+12
-3.77033e+12
-1.05319e+12
-3.39972e+11
-5.38291e+11
2.2298e+12
3.40706e+12
2.96928e+12
3.49189e+12
4.09422e+12
3.19688e+12
5.05619e+12
5.21685e+12
4.29175e+12
5.30003e+12
-4.55279e+16
4.9133e+12
-8.28988e+11
1.15024e+13
-4.95178e+15
2.06014e+13
2.82041e+13
2.09472e+13
2.18007e+13
-4.92757e+15
2.47602e+13
2.1792e+13
1.89334e+13
2.05754e+13
1.40724e+13
1.40319e+13
1.44902e+13
2.00358e+13
7.15131e+12
5.80259e+12
7.7503e+12
7.58982e+12
7.78978e+12
8.23726e+12
8.16364e+12
7.98547e+12
8.42021e+12
8.54344e+12
8.49335e+12
8.55065e+12
8.60383e+12
8.59971e+12
8.63714e+12
8.6772e+12
8.69529e+12
8.67615e+12
8.7141e+12
8.75559e+12
8.79753e+12
8.74898e+12
8.77578e+12
8.82549e+12
8.85259e+12
9.06136e+12
9.04742e+12
9.2251e+12
9.42177e+12
9.71821e+12
9.46863e+12
1.03335e+13
9.91877e+12
-4.91278e+15
1.1299e+13
1.51011e+13
1.88601e+13
1.45312e+16
1.08201e+16
1.42371e+16
-7.93745e+16
-7.91236e+16
-7.92783e+16
-7.95663e+16
-7.92484e+16
-7.97662e+16
-7.91914e+16
-5.37273e+16
-1.66339e+17
-7.77104e+16
-4.94636e+15
-7.76832e+16
-7.7643e+16
-7.77093e+16
-7.77005e+16
-7.76288e+16
-7.77036e+16
-7.77128e+16
-6.22654e+13
-7.76853e+16
-7.76899e+16
-7.76866e+16
-7.76658e+16
-7.7634e+16
-7.76517e+16
-7.76551e+16
-7.75769e+16
-7.76363e+16
-7.75985e+16
-7.75905e+16
-7.75889e+16
-6.72189e+14
-8.85636e+13
-8.82489e+13
-8.04725e+14
-5.77643e+14
-5.44368e+14
-7.75839e+16
-7.75817e+16
-7.75839e+16
-7.75867e+16
-7.75413e+16
-7.75784e+16
-7.75845e+16
-7.75931e+16
-7.75907e+16
-7.7601e+16
-7.76233e+16
-7.76275e+16
-7.76239e+16
-7.76415e+16
-7.76524e+16
-7.76383e+16
-7.7654e+16
-7.76417e+16
-7.7629e+16
1.44116e+13
-7.76487e+16
-7.76555e+16
-7.76487e+16
-7.77142e+16
-7.78426e+16
-7.78498e+16
-7.78347e+16
-7.77752e+16
-6.96038e+16
-5.93569e+16
-4.53702e+15
-2.18676e+15
-1.76089e+15
-1.73241e+15
-8.12561e+14
-3.1693e+14
-7.72767e+14
-7.77307e+14
-3.37268e+14
-2.71896e+14
-2.35136e+14
1.12927e+12
1.15859e+13
5.89399e+11
1.0056e+13
1.48929e+13
-2.99606e+14
-3.00996e+14
-4.18616e+13
-2.52404e+14
-2.58318e+13
-4.6418e+13
-2.64973e+13
-4.52641e+13
-1.30136e+13
-1.10963e+13
6.85115e+12
6.55957e+12
6.91044e+12
7.45398e+12
7.21172e+12
7.25992e+12
7.33444e+12
7.58501e+12
8.13888e+12
7.93561e+12
8.02311e+12
7.6402e+12
8.59021e+12
8.77675e+12
8.77912e+12
8.78238e+12
8.83231e+12
8.75658e+12
8.83787e+12
8.80943e+12
8.72099e+12
8.65261e+12
8.82957e+12
8.63064e+12
7.33297e+12
8.56184e+12
8.54691e+12
8.52811e+12
2.61955e+12
7.05291e+12
8.49923e+12
8.47721e+12
8.50776e+12
8.46501e+12
8.41747e+12
8.41743e+12
8.43606e+12
6.91272e+12
5.43522e+12
-2.07971e+11
7.70054e+12
3.2402e+12
-5.83232e+13
-5.83845e+13
1.23836e+13
2.43376e+13
1.06682e+13
-5.01027e+13
6.10274e+12
-4.22855e+13
-1.0517e+14
-1.57376e+14
-1.63073e+14
-1.57002e+14
-8.33692e+13
-1.2663e+14
-1.01064e+14
-9.53314e+13
-8.77328e+13
-7.47104e+13
-8.8313e+13
-5.1154e+13
-5.11075e+13
-5.56836e+13
-6.66532e+13
-6.40602e+13
-6.147e+13
-6.14648e+13
-6.47712e+13
-6.56478e+13
-6.30508e+13
4.75115e+12
-6.5373e+13
-6.52584e+13
-5.99188e+13
-6.15302e+13
-6.32143e+13
-5.99614e+13
-6.11566e+13
-6.1483e+13
-6.44447e+13
-5.63526e+13
-5.78796e+13
-5.91669e+13
-6.00266e+13
-5.13738e+13
-5.44724e+13
-5.22323e+13
-4.57243e+13
-4.88602e+13
-5.10419e+13
-4.70082e+13
-3.38907e+13
-4.32585e+13
-9.14214e+13
-9.54258e+13
-9.47025e+13
-5.11177e+13
-5.62048e+13
-5.63098e+13
-5.63021e+13
-5.78334e+13
-5.78148e+13
-5.7815e+13
-5.79917e+13
-5.7924e+13
-5.85859e+13
-5.85823e+13
-5.8422e+13
-5.80885e+13
-5.95742e+13
-5.95337e+13
-5.92627e+13
-6.32445e+13
-6.14492e+13
-6.40762e+13
-6.38428e+13
-6.62745e+13
-7.19556e+13
-6.20401e+13
-6.65442e+13
-3.43349e+13
-8.19312e+13
-9.06067e+12
-3.37717e+13
3.48165e+12
-4.56887e+12
2.88978e+12
-1.39268e+12
-3.82756e+12
4.4805e+12
3.97327e+12
-1.6847e+12
7.1925e+12
2.22075e+12
1.96116e+12
3.64602e+12
3.80297e+12
4.20407e+12
3.43475e+12
5.55343e+12
6.29757e+12
6.59908e+12
1.11817e+13
1.38486e+13
1.57688e+13
1.73976e+13
1.99354e+13
1.66799e+13
1.82046e+13
-6.62834e+15
-6.64468e+15
-2.56298e+15
-5.46108e+15
6.40266e+12
6.7909e+12
7.37977e+12
1.49402e+13
5.29198e+12
5.32507e+12
5.12355e+12
5.33707e+12
7.83702e+12
7.83522e+12
6.34374e+12
7.98958e+12
7.89377e+12
8.22522e+12
8.46122e+12
8.4737e+12
8.48378e+12
8.42062e+12
8.5366e+12
8.5353e+12
8.50524e+12
8.57422e+12
8.55985e+12
8.63449e+12
8.56792e+12
8.59471e+12
8.64968e+12
8.63454e+12
8.71487e+12
8.7385e+12
8.71759e+12
8.62929e+12
8.8188e+12
2.69223e+12
8.74127e+12
8.76419e+12
8.73419e+12
8.63884e+12
8.55899e+12
9.02234e+12
8.61366e+12
9.10467e+12
8.46071e+12
8.47726e+12
9.35461e+12
8.3383e+12
9.4859e+12
8.1069e+12
8.12924e+12
8.1929e+12
8.37609e+12
8.42171e+12
9.37473e+12
9.9109e+12
1.1192e+13
1.50645e+13
-7.78778e+16
-8.85035e+15
-7.75888e+16
-7.69831e+16
-7.86956e+16
-7.82314e+16
-7.88595e+16
-7.79465e+16
-7.85049e+16
-7.85203e+16
-8.05156e+16
-9.66477e+16
-7.79697e+16
-7.79597e+16
-7.79376e+16
-7.7858e+16
-7.77294e+16
-7.77261e+16
-7.77314e+16
-7.76934e+16
-7.7689e+16
-7.77096e+16
-7.76872e+16
-7.76882e+16
-7.76852e+16
-7.76521e+16
-7.7682e+16
-7.76696e+16
-7.76686e+16
-7.76467e+16
-7.76354e+16
-7.76285e+16
-7.76399e+16
-7.76322e+16
-3.73692e+12
2.87992e+12
-1.07647e+14
-9.22648e+13
-1.09315e+14
-1.08922e+14
-8.40823e+13
-7.76532e+13
-8.35091e+13
-3.29927e+14
-3.30634e+14
-6.39286e+13
-3.45915e+14
-6.99536e+14
-2.55695e+15
-2.11605e+15
-7.93824e+14
-8.80511e+14
-7.76058e+16
-7.76261e+16
-7.75888e+16
-7.76024e+16
-7.78337e+16
-7.79851e+16
-7.78061e+16
-7.79368e+16
-6.54727e+13
-6.56375e+13
-6.50004e+13
-6.6057e+13
-6.70341e+13
-7.76262e+16
-7.76276e+16
-7.7606e+16
-7.76286e+16
-7.7652e+16
-7.76393e+16
-7.76571e+16
-7.76226e+16
-7.76654e+16
-7.76698e+16
-7.7669e+16
-7.76667e+16
-7.77022e+16
-7.77143e+16
-7.76578e+16
-7.77281e+16
-7.78307e+16
-3.33733e+14
-4.05504e+14
-7.71507e+14
-8.5739e+14
3.12652e+12
1.14052e+12
-1.04122e+11
5.41161e+12
-2.49362e+14
-3.13225e+14
-2.66639e+14
-3.23782e+13
-1.12094e+13
-7.73257e+13
-2.08541e+12
-5.55016e+12
6.80962e+12
1.23225e+13
4.19282e+12
1.12164e+13
1.12957e+13
6.49284e+12
9.26497e+12
8.4246e+12
8.62066e+12
8.76479e+12
8.75095e+12
8.76758e+12
8.75476e+12
8.60516e+12
8.62735e+12
8.60967e+12
8.52529e+12
8.54542e+12
8.49494e+12
8.06377e+12
7.9617e+12
7.97469e+12
-7.76353e+16
-7.76181e+16
1.12975e+13
1.11969e+13
1.05383e+13
4.40742e+12
-1.11679e+13
-2.72583e+13
-1.1206e+14
-1.09932e+14
-1.13379e+14
-1.5796e+14
-1.48597e+14
-1.42691e+14
-1.32357e+14
-1.07088e+14
-8.73284e+13
-6.1845e+13
-5.18731e+13
-6.2085e+13
-6.64155e+13
-6.25247e+13
-5.77995e+13
-6.41271e+13
-6.25619e+13
-6.47997e+13
-6.49997e+13
-6.18604e+13
-6.08924e+13
-5.66354e+13
-5.52977e+13
-5.19602e+13
-5.58847e+13
-5.62389e+13
-5.78617e+13
-5.87723e+13
-5.66693e+13
5.05783e+12
7.40134e+12
4.80991e+12
-5.97345e+13
-5.91609e+13
-6.31085e+13
-6.17395e+13
-6.21768e+13
-6.10788e+13
-6.29582e+13
-1.52577e+12
2.91705e+12
1.60055e+12
2.67139e+12
6.54126e+12
1.40351e+13
7.05004e+12
5.67476e+12
-7.78718e+16
-7.82152e+16
-7.79105e+16
-7.77454e+16
-7.7908e+16
-7.78598e+16
-7.78476e+16
-7.7732e+16
-7.77547e+16
-7.77049e+16
-7.76819e+16
-7.76792e+16
-7.7689e+16
-7.76651e+16
-7.76563e+16
-6.54279e+13
1.21227e+11
-1.54685e+13
2.30245e+10
-3.50893e+14
-7.76503e+16
9.74697e+11
1.39201e+13
-7.80511e+16
5.74424e+12
-5.73524e+13
-5.83253e+13
-7.77851e+16
-7.77155e+16
-6.46042e+13
-6.44702e+13
-5.96604e+13
-6.17539e+13
7.13518e+12
2.54418e+12
3.16723e+12
2.89372e+12
1.96051e+13
1.38426e+13
9.86149e+12
9.49931e+12
1.28905e+13
-8.06906e+16
-7.93291e+16
-7.89596e+16
-7.72696e+16
-7.76845e+16
-7.76428e+16
1.48224e+13
-6.02024e+14
-7.76371e+16
-7.76462e+16
-7.78308e+16
8.79643e+12
8.7446e+12
-7.76289e+16
7.46373e+12
6.36911e+12
-7.21095e+13
-6.52448e+13
-6.16307e+13
-6.48359e+13
-6.01454e+13
1.43896e+13
6.74087e+12
-1.05102e+14
-1.05922e+14
-1.06111e+14
4.42369e+12
-4.5463e+12
2.14666e+12
7.4698e+12
5.50971e+12
8.56106e+12
8.61767e+12
8.3776e+12
-7.77208e+16
-7.83753e+16
-7.81402e+16
-7.76683e+16
-7.76546e+16
-9.53451e+11
-8.5789e+12
-7.78222e+16
-1.06681e+13
8.58788e+12
8.76241e+12
-7.76669e+16
8.33298e+12
3.10055e+12
-6.34379e+13
-6.28271e+13
-7.76347e+16
-7.76502e+16
2.78573e+12
-7.72847e+16
-7.72902e+16
2.90493e+13
-1.03063e+14
-3.12898e+13
-7.76375e+16
-1.80122e+14
-1.91628e+14
-2.32219e+14
-7.76775e+16
-7.8473e+16
-6.2582e+13
-7.76682e+16
-7.76926e+16
-2.23211e+14
-7.77134e+16
-2.39227e+12
-7.77218e+16
-4.52822e+13
4.15242e+14
-3.5434e+13
-3.99137e+13
-5.9714e+13
-6.94478e+12
-7.23863e+12
-6.44131e+12
2.08611e+12
2.99728e+13
8.85283e+12
8.33997e+12
8.95043e+12
8.27187e+12
8.57518e+12
9.05142e+12
1.12117e+13
1.06979e+13
2.13067e+13
-6.633e+15
8.6089e+12
-4.53139e+15
-8.44478e+15
-3.51954e+16
-7.95556e+16
8.52655e+12
-7.88275e+16
8.48237e+12
-7.80048e+16
-7.72823e+16
-2.35735e+15
-7.57461e+16
-7.72401e+16
-1.17032e+16
-7.76337e+16
-1.56505e+13
1.46392e+13
6.87247e+12
9.66118e+12
2.20388e+13
-8.18636e+16
-8.00808e+16
-7.72444e+16
7.57418e+12
-7.76868e+16
-7.79251e+16
-7.77027e+16
7.32139e+12
7.35884e+12
7.20793e+12
-7.53009e+13
-6.44356e+13
-6.86933e+13
-1.70483e+12
3.07384e+12
3.32486e+12
1.90383e+13
1.4692e+13
7.88144e+12
9.65555e+12
1.29307e+13
1.49239e+16
-7.97027e+16
-7.8819e+16
-7.93865e+16
-7.7688e+16
1.32836e+12
-7.75856e+16
-7.76408e+16
-5.38231e+14
-7.76097e+16
2.47749e+12
-7.76424e+16
-7.76578e+16
-3.0733e+13
6.12997e+12
8.43669e+12
8.81615e+12
8.60261e+12
7.15016e+12
6.13038e+12
7.26047e+12
-1.09313e+14
-6.31482e+13
-6.57756e+13
-7.748e+16
-7.74785e+16
-7.74884e+16
-7.75012e+16
-6.64646e+12
-7.41832e+12
-6.58374e+12
-6.31222e+12
)
;

boundaryField
{
    Wall
    {
        type            zeroGradient;
    }
    Inlet
    {
        type            zeroGradient;
    }
    Outlet
    {
        type            fixedValue;
        value           uniform 0;
    }
    Empty
    {
        type            empty;
    }
}


// ************************************************************************* //
