/*--------------------------------*- C++ -*----------------------------------*\
| =========                 |                                                 |
| \\      /  F ield         | OpenFOAM: The Open Source CFD Toolbox           |
|  \\    /   O peration     | Version:  2312                                  |
|   \\  /    A nd           | Website:  www.openfoam.com                      |
|    \\/     M anipulation  |                                                 |
\*---------------------------------------------------------------------------*/
FoamFile
{
    version     2.0;
    format      ascii;
    arch        "LSB;label=32;scalar=64";
    class       vectorField;
    location    "1.00005/lagrangian/kinematicCloud";
    object      U;
}
// * * * * * * * * * * * * * * * * * * * * * * * * * * * * * * * * * * * * * //


150
(
(-0.0561097 0.00885761 -0.00851984)
(2.79714 0.859022 -0.0497779)
(2.75068 0.852006 0.0581828)
(2.79714 0.859022 -0.0497779)
(2.79714 0.859022 -0.0497779)
(2.98093 0.904419 0.161048)
(2.21366 0.762792 -0.057983)
(2.54683 0.81536 0.0947599)
(3.36623 1.01015 0.149469)
(2.42623 0.752658 0.195544)
(3.43534 1.02065 -0.131552)
(3.36623 1.01015 0.149469)
(2.21366 0.762792 -0.057983)
(2.4581 0.756328 -0.196808)
(2.3667 0.711127 -0.168599)
(2.33516 0.707081 0.166522)
(3.02703 0.921948 0.179235)
(3.00736 0.905817 -0.161897)
(2.94167 0.873187 0.19075)
(0.991019 0.607335 -0.0191481)
(1.78585 0.588879 -0.223575)
(2.52942 0.761368 -0.223428)
(1.66216 0.538228 0.175583)
(1.06206 0.611215 0.00370255)
(0.758404 0.506542 -0.0510534)
(0.991019 0.607335 -0.0191481)
(1.03553 0.432409 -0.230133)
(0.709143 0.50114 0.0455337)
(0.709143 0.50114 0.0455337)
(1.83155 0.339333 -0.170147)
(1.06206 0.611215 0.00370255)
(0.709143 0.50114 0.0455337)
(0.196559 0.356787 0.0824356)
(0.0389732 0.496004 -0.258046)
(0.758404 0.506542 -0.0510534)
(1.04245 0.353938 -0.248777)
(1.00918 0.350443 0.244862)
(1.2238 0.171923 0.177628)
(0.0847527 0.393248 0.0326672)
(0.383632 -0.0710649 -0.054123)
(0.152706 -0.0175901 -0.00597451)
(0.0847527 0.393248 0.0326672)
(0.11834 0.391997 -0.0378311)
(0.00182229 0.315065 -0.150046)
(0.233792 0.350317 -0.102426)
(-0.063848 -0.0374004 0.0840055)
(-0.805849 0.0918551 0.0339459)
(0.0847527 0.393248 0.0326672)
(0.0847527 0.393248 0.0326672)
(0.248216 -0.0809453 0.0980631)
(-0.0672621 -0.0361349 -0.0863701)
(1.76832 0.306653 -0.133814)
(0.0847527 0.393248 0.0326672)
(0.233792 0.350317 -0.102426)
(0.303404 -0.0109868 0.0506682)
(1.76832 0.306653 -0.133814)
(0.11834 0.391997 -0.0378311)
(2.70794 2.53808 -0.320417)
(-0.238848 -0.0542006 -0.217647)
(2.35041 0.516024 -0.266544)
(1.79743 -0.671535 0.873089)
(0.149596 -0.577012 -0.355872)
(1.19889 -1.08062 0.125473)
(0.0924759 0.024036 -0.00254505)
(4.34165 2.44773 0.0155793)
(0.632915 0.627369 0.0109884)
(3.62442 0.698372 -0.0121749)
(3.63572 0.715621 0.0159067)
(3.62442 0.698372 -0.0121749)
(3.62442 0.698372 -0.0121749)
(3.63572 0.715621 0.0159067)
(3.63572 0.715621 0.0159067)
(3.91534 0.989738 -0.0138714)
(4.00194 1.108 -0.0569079)
(3.99644 1.05686 -0.0313493)
(3.93028 1.00521 0.0091849)
(3.63572 0.715621 0.0159067)
(3.87007 0.895337 -0.130653)
(3.78778 0.820175 0.130285)
(3.76695 0.794647 -0.135009)
(4.00248 1.11935 0.0523722)
(3.93028 1.00521 0.0091849)
(3.91534 0.989738 -0.0138714)
(3.79055 0.877256 0.0247258)
(3.87225 0.968347 0.114555)
(3.54724 0.943482 -0.0326023)
(4.00248 1.11935 0.0523722)
(3.4402 0.544059 0.010092)
(3.77439 0.978563 -0.102821)
(3.91429 1.12924 0.0771901)
(3.46097 0.564651 -0.0126823)
(3.5214 0.944878 0.0435917)
(3.80762 0.862093 -0.0472874)
(3.603 0.676536 -0.115638)
(3.603 0.676536 -0.115638)
(3.43702 0.536195 0.0589413)
(3.18209 0.341954 0.0447888)
(3.8792 1.12301 0.0791053)
(3.20709 0.919384 0.0504194)
(3.39724 0.505752 -0.0634186)
(3.43702 0.536195 0.0589413)
(3.53111 0.961174 -0.0941199)
(3.72031 1.0967 0.102265)
(3.43702 0.536195 0.0589413)
(3.43702 0.536195 0.0589413)
(3.39724 0.505752 -0.0634186)
(3.33164 0.545106 0.131416)
(3.43702 0.536195 0.0589413)
(3.53111 0.961174 -0.0941199)
(3.72085 1.12978 0.101243)
(3.53111 0.961174 -0.0941199)
(3.86943 1.14701 -0.0804452)
(3.21239 0.395982 -0.0104073)
(2.20609 -0.283893 -0.0389639)
(3.21046 0.363966 -0.0571877)
(3.61112 0.907529 0.193185)
(3.66982 1.07914 0.0994204)
(3.86943 1.14701 -0.0804452)
(3.82141 1.03083 -0.182835)
(2.23659 0.0678444 0.340754)
(2.98111 0.189042 -0.106754)
(3.00299 0.165425 -0.101625)
(3.00299 0.165425 -0.101625)
(2.71354 0.0508445 -0.13562)
(2.05248 -0.00902637 -0.349023)
(2.76163 0.0275568 -0.131192)
(3.21046 0.363966 -0.0571877)
(2.71354 0.0508445 -0.13562)
(3.18209 0.341954 0.0447888)
(2.49974 0.423564 0.366134)
(2.47002 0.337603 -0.351185)
(2.33992 0.151502 -0.328585)
(2.76163 0.0275568 -0.131192)
(3.21046 0.363966 -0.0571877)
(2.05868 -0.0148806 0.351422)
(2.71354 0.0508445 -0.13562)
(2.05248 -0.00902637 -0.349023)
(2.87507 -0.0831435 0.119309)
(2.87507 -0.0831435 0.119309)
(2.76163 0.0275568 -0.131192)
(2.76163 0.0275568 -0.131192)
(2.03101 -0.393756 0.160978)
(2.56198 -0.203568 0.125415)
(2.2954 -0.359164 0.155049)
(2.2954 -0.359164 0.155049)
(2.64334 -0.172543 -0.128515)
(2.72296 0.0140293 0.0929916)
(3.5214 0.944878 0.0435917)
(2.03101 -0.393756 0.160978)
(-0.0234304 0.180986 0.350838)
)


// ************************************************************************* //
