/*--------------------------------*- C++ -*----------------------------------*\
| =========                 |                                                 |
| \\      /  F ield         | OpenFOAM: The Open Source CFD Toolbox           |
|  \\    /   O peration     | Version:  2312                                  |
|   \\  /    A nd           | Website:  www.openfoam.com                      |
|    \\/     M anipulation  |                                                 |
\*---------------------------------------------------------------------------*/
FoamFile
{
    version     2.0;
    format      ascii;
    arch        "LSB;label=32;scalar=64";
    class       Cloud<passivePositionParticle>;
    location    "0.10005/lagrangian/kinematicCloud";
    object      coordinates;
}
// * * * * * * * * * * * * * * * * * * * * * * * * * * * * * * * * * * * * * //

150
(
(0.195633 0.387807 0.169543 0.247017) 57693 219283 1
(0.227271 0.240036 0.0983588 0.434334) 173035 514993 3
(0.0847184 0.41903 0.472868 0.0233835) 11332 62392 2
(0.264585 0.475897 0.153734 0.105784) 70462 249825 2
(0.156636 0.067081 0.765982 0.0103005) 50023 195888 2
(0.214051 0.359937 0.27091 0.155102) 2790 14904 1
(0.0592209 0.295654 0.220425 0.4247) 20542 102197 3
(0.0944036 0.101782 0.239014 0.5648) 70592 250152 1
(0.517932 0.180573 0.132589 0.168906) 2790 14903 1
(0.205492 0.0321307 0.724155 0.038223) 201 1148 2
(0.23005 0.268693 0.485366 0.015891) 10103 57270 3
(0.749552 0.131717 0.060757 0.0579736) 19918 47670 3
(0.0964602 0.730464 0.102247 0.0708283) 11019 61274 2
(0.376181 0.330703 0.248478 0.0446382) 67251 242261 1
(0.156939 0.152069 0.229698 0.461294) 65032 236957 2
(0.007464 0.284339 0.466848 0.241349) 524 3102 2
(0.115661 0.310424 0.323471 0.250445) 88199 284285 2
(0.108362 0.222908 0.355312 0.313418) 88199 284285 2
(0.0859127 0.094415 0.345533 0.47414) 19481 98048 3
(0.0468705 0.525789 0.00687158 0.420469) 87905 98139 2
(0.517381 0.00872323 0.286426 0.187469) 88218 294740 1
(0.0795887 0.157721 0.479019 0.283671) 19481 98139 1
(0.260586 0.183604 0.399572 0.156238) 88219 294743 2
(0.181934 0.0812618 0.692472 0.0443326) 88215 294738 2
(0.340715 0.374099 0.14214 0.143047) 2478 13111 2
(0.0196988 0.186109 0.678549 0.115644) 88217 294723 2
(0.656526 0.266766 0.0262761 0.0504317) 87905 13109 2
(0.248023 0.176059 0.467392 0.108527) 19996 100315 3
(0.107049 0.128269 0.204065 0.560618) 19471 98076 2
(0.225414 0.146338 0.194954 0.433294) 11219 61993 1
(0.021297 0.0762147 0.105196 0.797292) 2472 13083 2
(0.609976 0.0400541 0.155667 0.194303) 19471 98055 2
(0.193974 0.185462 0.521986 0.0985771) 19471 98081 2
(0.467604 0.0514677 0.102114 0.378814) 19471 98055 3
(0.290935 0.200569 0.0352479 0.473248) 88443 101643 2
(0.244843 0.430242 0.201139 0.123775) 20265 101644 2
(0.264254 0.0717652 0.346325 0.317656) 19467 98056 3
(0.197976 0.00298398 0.0168125 0.782227) 19467 98056 3
(0.0308004 0.111891 0.179055 0.678253) 19459 98007 3
(0.254238 0.00292366 0.0650896 0.677749) 20248 101540 2
(0.15961 0.333686 0.467984 0.0387206) 70390 195746 2
(0.170028 0.163403 0.249805 0.416765) 10115 57398 1
(0.247438 0.0415065 0.275257 0.435799) 87878 293905 1
(0.247757 0.412012 0.104243 0.235988) 70348 195706 1
(0.140519 0.46524 0.0790949 0.315147) 11293 62242 2
(0.256244 0.339851 0.129374 0.274531) 2471 13076 2
(0.352006 0.138828 0.041725 0.467441) 20232 101447 1
(0.28653 0.0578159 0.475857 0.179797) 19448 97943 3
(0.00215831 0.765484 0.173517 0.0588407) 19448 97949 2
(0.179607 0.0923654 0.638809 0.0892188) 88172 293851 2
(0.0275583 0.821008 0.0226334 0.1288) 2465 13049 1
(0.205442 0.123272 0.119813 0.551474) 20232 101445 1
(0.226474 0.167046 0.223433 0.383047) 88172 293851 1
(0.105757 0.128278 0.0161527 0.749812) 70311 249505 2
(0.106182 0.223696 0.292264 0.377859) 4781 14745 2
(0.146371 0.392765 0.0602538 0.40061) 70311 249502 1
(0.661195 0.257174 0.0207554 0.0608751) 45829 182720 1
(0.505582 0.0508808 0.222754 0.220783) 45829 182724 1
(0.352292 0.0497082 0.290052 0.307948) 88175 294634 1
(0.149625 0.272608 0.208516 0.369251) 2763 14745 3
(0.202067 0.399385 0.0430048 0.355544) 45829 182724 1
(0.0276306 0.51789 0.228671 0.225809) 83949 284314 2
(0.205261 0.623561 0.101494 0.069684) 83948 284313 2
(0.465504 0.136456 0.112204 0.285835) 70323 249545 1
(0.127832 0.0344199 0.796435 0.0413127) 88165 294560 1
(0.156202 0.122428 0.417789 0.303581) 20448 14756 2
(0.0316734 0.120602 0.250315 0.597409) 19947 100029 3
(0.352667 0.0595716 0.229588 0.358173) 88136 294539 1
(0.210715 0.173456 0.149403 0.466426) 20432 102331 3
(0.0565403 0.497937 0.317928 0.127595) 20432 102331 1
(0.00190382 0.420545 0.123295 0.454256) 2623 14009 2
(0.178708 0.233126 0.17872 0.409445) 19929 57356 3
(0.659781 0.107775 0.037426 0.195018) 19929 99907 1
(0.0741197 0.475323 0.30114 0.149417) 88118 294491 1
(0.558804 0.0901478 0.335913 0.0151359) 88120 294485 2
(0.235224 0.0664144 0.528826 0.169536) 88116 294486 1
(0.0479279 0.0882033 0.182057 0.681812) 88565 295564 2
(0.212334 0.10434 0.340955 0.34237) 4051 2582 1
(0.0564573 0.29412 0.215433 0.43399) 13967 71593 2
(0.0436714 0.00497937 0.484795 0.466555) 137254 430874 1
(0.311691 0.0143699 0.538306 0.135634) 54053 208762 1
(0.22725 0.361421 0.275529 0.1358) 82553 279894 2
(0.117463 0.30814 0.0876041 0.486794) 25703 130940 3
(0.116452 0.781649 0.0852307 0.0166684) 54085 208652 2
(0.501953 0.0221683 0.151114 0.324765) 120325 207194 2
(0.188812 0.183615 0.565738 0.0618354) 25090 127563 3
(0.825978 0.0391625 0.0715878 0.0632716) 13506 2394 1
(0.14384 0.309621 0.0265345 0.520005) 13479 5459 1
(0.0450734 0.237157 0.677531 0.0402383) 35912 156788 2
(0.10169 0.00908903 0.368781 0.520439) 35856 156628 1
(0.431442 0.208601 0.158271 0.201686) 35856 156627 1
(0.316153 0.0952712 0.0160326 0.572544) 35804 156505 2
(0.0978406 0.533438 0.113259 0.255463) 35806 156502 1
(0.29776 0.209629 0.324517 0.168094) 35741 156349 1
(0.0773846 0.252282 0.0727734 0.59756) 35812 156456 2
(0.236178 0.368263 0.212491 0.183067) 402 2420 1
(0.0866408 0.0101923 0.803952 0.0992152) 402 2422 2
(0.437733 0.379959 0.15466 0.027649) 402 2425 1
(0.00168651 0.0877161 0.508345 0.402252) 83721 2424 1
(0.208268 0.234968 0.324121 0.232643) 91489 301175 2
(0.185303 0.0658482 0.566953 0.181896) 24805 41223 3
(0.220184 0.555872 0.199408 0.0245351) 402 2425 1
(0.371774 0.0182796 0.125474 0.484472) 91491 301178 2
(0.199494 0.195681 0.105115 0.499709) 91490 283676 1
(0.476549 0.34701 0.135818 0.0406242) 83722 283676 2
(0.027078 0.156737 0.163695 0.652491) 25180 128115 2
(0.199195 0.00467665 0.14851 0.647618) 25181 128115 3
(0.534479 0.0124969 0.202411 0.250612) 91508 301184 1
(0.199392 0.369372 0.173932 0.257305) 24805 126037 3
(0.366635 0.349317 0.0893241 0.194724) 24810 126037 2
(0.0370128 0.0955984 0.466334 0.401055) 91509 294743 2
(0.105455 0.460911 0.290989 0.142645) 25197 128211 2
(0.0471635 0.0387002 0.320265 0.593871) 91259 126042 2
(0.312986 0.408754 0.1953 0.0829595) 25197 128163 2
(0.228949 0.207151 0.490328 0.0735719) 25188 128163 2
(0.361706 0.0831044 0.258122 0.297068) 25188 128163 1
(0.186919 0.24966 0.0765132 0.486907) 24810 125933 1
(0.610516 0.00296001 0.292016 0.0945078) 25185 128143 3
(0.0402435 0.0597583 0.596489 0.30351) 3851 20062 2
(0.38928 0.0967525 0.432679 0.0812887) 91244 20061 2
(0.481705 0.0447673 0.458128 0.0153999) 91244 20061 2
(0.0715953 0.197253 0.553327 0.177824) 91685 295278 1
(0.132032 0.0370432 0.782768 0.0481564) 91250 125944 1
(0.0261223 0.186353 0.547191 0.240333) 91250 125944 2
(0.402751 0.209664 0.208264 0.179322) 91250 300709 1
(0.131995 0.24549 0.159941 0.462575) 91250 300709 2
(0.440264 0.278824 0.257346 0.0235669) 91243 300709 2
(0.206195 0.0740184 0.135203 0.584584) 25149 127926 2
(0.0928188 0.682738 0.13419 0.0902529) 4011 5889 2
(0.015971 0.581965 0.105366 0.296699) 81481 127928 2
(0.114379 0.781365 0.0678381 0.036418) 3850 2415 1
(0.0336734 0.856953 0.0113718 0.0980022) 91471 300681 2
(0.0298503 0.0870265 0.523416 0.359707) 13988 5892 1
(0.637514 0.158768 0.122821 0.0808977) 81485 277253 2
(0.616361 0.178923 0.0940688 0.110647) 81485 127894 1
(0.439179 0.111194 0.371653 0.0779746) 53886 208249 2
(0.365427 0.0162606 0.312417 0.305896) 24757 125745 1
(0.0993246 0.528057 0.348861 0.023757) 82172 278925 2
(0.727251 0.0168968 0.156083 0.0997691) 91473 300683 2
(0.212535 0.571839 0.154285 0.061341) 83810 283986 1
(0.194798 0.0968216 0.358949 0.349431) 7660 42357 2
(0.181968 0.112964 0.579109 0.125959) 83708 2413 2
(0.194829 0.128539 0.103234 0.573399) 3932 2410 2
(0.363111 0.0153354 0.216683 0.40487) 3932 2410 2
(0.43232 0.292471 0.048792 0.226417) 81397 277031 1
(0.0568636 0.00995157 0.873361 0.0598243) 81326 276852 2
(0.000106734 0.0493106 0.691657 0.258926) 3851 13083 2
(0.381065 0.0688285 0.548436 0.00167121) 91429 301058 2
(0.285064 0.0214901 0.204344 0.489102) 91787 301714 2
(0.0480696 0.161253 0.0830254 0.707652) 91429 283572 1
)


// ************************************************************************* //
