/*--------------------------------*- C++ -*----------------------------------*\
| =========                 |                                                 |
| \\      /  F ield         | OpenFOAM: The Open Source CFD Toolbox           |
|  \\    /   O peration     | Version:  2312                                  |
|   \\  /    A nd           | Website:  www.openfoam.com                      |
|    \\/     M anipulation  |                                                 |
\*---------------------------------------------------------------------------*/
FoamFile
{
    version     2.0;
    format      ascii;
    arch        "LSB;label=32;scalar=64";
    class       Cloud<passivePositionParticle>;
    location    "0.10005/lagrangian/kinematicCloud";
    object      positions;
}
// * * * * * * * * * * * * * * * * * * * * * * * * * * * * * * * * * * * * * //

150
(
(0.217476 0.125862 0.0067808) 57693
(0.136864 0.0936155 0.000536251) 173035
(0.18499 0.143786 0.00895769) 11332
(0.18021 0.139415 0.00962228) 70462
(0.20013 0.139778 0.00709101) 50023
(0.212047 0.141921 0.0387541) 2790
(0.210995 0.14006 0.0190137) 20542
(0.210247 0.132381 0.0104607) 70592
(0.211427 0.142321 0.0467401) 2790
(0.161496 0.122164 0.00137491) 201
(0.214614 0.0855786 0.023049) 10103
(0.205116 0.0817664 0.0310447) 19918
(0.186586 0.0653135 0.0384399) 11019
(0.174547 0.0523074 0.0405083) 67251
(0.153992 0.0342825 0.00529247) 65032
(0.268661 0.0796402 0.0440635) 524
(0.266299 0.0829832 0.0286169) 88199
(0.266291 0.0834191 0.0293712) 88199
(0.266801 0.0785908 0.0137471) 19481
(0.268098 0.0777091 0.0249889) 87905
(0.262163 0.0910287 0.0316422) 88218
(0.267716 0.0759585 0.0241583) 19481
(0.261305 0.0929699 0.048357) 88219
(0.260295 0.0950273 0.0395765) 88215
(0.268622 0.0755154 0.0442445) 2478
(0.259821 0.0957679 0.0263494) 88217
(0.26778 0.0766566 0.0332222) 87905
(0.259498 0.0934113 0.0173644) 19996
(0.26648 0.073573 0.0143061) 19471
(0.255519 0.100279 0.031668) 11219
(0.265984 0.0751377 0.0498654) 2472
(0.264333 0.0732607 0.0179577) 19471
(0.264232 0.0730529 0.0235513) 19471
(0.264083 0.0730355 0.0211731) 19471
(0.248388 0.108815 0.0422202) 88443
(0.2466 0.111143 0.0443794) 20265
(0.260674 0.0743315 0.0187336) 19467
(0.260339 0.0745023 0.0231918) 19467
(0.259352 0.0749233 0.0230432) 19459
(0.243759 0.112405 0.013963) 20248
(0.240867 0.114689 0.0117207) 70390
(0.245831 0.0881208 0.00169144) 10115
(0.255045 0.079226 0.0352833) 87878
(0.239194 0.114658 0.0111063) 70348
(0.238204 0.120103 0.0266759) 11293
(0.254023 0.0791909 0.0432807) 2471
(0.239304 0.116477 0.0168447) 20232
(0.252851 0.0780906 0.0149216) 19448
(0.252726 0.0788073 0.0248147) 19448
(0.252596 0.0803078 0.035089) 88172
(0.252691 0.0797637 0.0479114) 2465
(0.236871 0.118739 0.016599) 20232
(0.250874 0.0805048 0.029063) 88172
(0.23467 0.107367 0.0113948) 70311
(0.233449 0.122611 0.0155626) 4781
(0.234877 0.107166 0.00926174) 70311
(0.241116 0.0839688 0.00438757) 45829
(0.241161 0.0838156 0.00256347) 45829
(0.247342 0.0822529 0.0351488) 88175
(0.232957 0.123139 0.0211339) 2763
(0.240833 0.0838584 0.0017833) 45829
(0.231357 0.125782 0.0375935) 83949
(0.229283 0.128256 0.0352432) 83948
(0.229612 0.111576 0.0038958) 70323
(0.240214 0.0845082 0.035565) 88165
(0.227988 0.125943 0.0115639) 20448
(0.237137 0.084921 0.0141302) 19947
(0.231898 0.0862946 0.0351416) 88136
(0.223646 0.130863 0.0155287) 20432
(0.22331 0.132252 0.0227509) 20432
(0.251252 0.0804683 0.0499878) 2623
(0.226388 0.0866319 0.0184859) 19929
(0.225226 0.086666 0.0201099) 19929
(0.225262 0.0861797 0.0378453) 88118
(0.224416 0.086644 0.0326846) 88120
(0.222927 0.0866837 0.0358808) 88116
(0.219661 0.136052 0.038823) 88565
(0.215503 0.139007 0.05563) 4051
(0.162199 0.124935 0.0985233) 13967
(0.188288 0.121267 0.0992453) 137254
(0.198594 0.140425 0.089672) 54053
(0.207458 0.134027 0.0942613) 82553
(0.209707 0.140967 0.0809151) 25703
(0.210258 0.140137 0.0880742) 54085
(0.187626 0.0968172 0.0988616) 120325
(0.219737 0.0864566 0.0832357) 25090
(0.200727 0.0792444 0.0590688) 13506
(0.199386 0.0781781 0.0506124) 13479
(0.179092 0.0566564 0.0877177) 35912
(0.177374 0.0550594 0.0683764) 35856
(0.17649 0.0540924 0.0651092) 35856
(0.172403 0.0493019 0.0864545) 35804
(0.17096 0.0476154 0.0815744) 35806
(0.172459 0.0499275 0.0584899) 35741
(0.16696 0.0463597 0.0923021) 35812
(0.267263 0.0821613 0.0514915) 402
(0.266433 0.0843544 0.0606848) 402
(0.267115 0.0826202 0.0598568) 402
(0.266558 0.0846003 0.0564207) 83721
(0.265151 0.0874738 0.0612911) 91489
(0.26727 0.0795284 0.0860302) 24805
(0.266748 0.0829625 0.0612266) 402
(0.265255 0.0856167 0.0651928) 91491
(0.266182 0.0833706 0.0726896) 91490
(0.267261 0.0816701 0.0700339) 83722
(0.263359 0.0874628 0.0857995) 25180
(0.262995 0.0878774 0.0866443) 25181
(0.262153 0.0910885 0.0693135) 91508
(0.267286 0.0754953 0.0820896) 24805
(0.268074 0.0740851 0.0812565) 24810
(0.260927 0.0939577 0.0502333) 91509
(0.260651 0.091338 0.0873232) 25197
(0.268719 0.0753054 0.0750479) 91259
(0.26046 0.0916238 0.0808037) 25197
(0.259587 0.0931759 0.0839315) 25188
(0.259329 0.093612 0.0813702) 25188
(0.26697 0.0732775 0.0774725) 24810
(0.255537 0.0983465 0.0803328) 25185
(0.265112 0.0748241 0.0616139) 3851
(0.264079 0.0761532 0.0650981) 91244
(0.264074 0.0760686 0.0656864) 91244
(0.250292 0.10657 0.05045) 91685
(0.26293 0.0756969 0.0744326) 91250
(0.260829 0.0759815 0.0751842) 91250
(0.260569 0.0769547 0.0701519) 91250
(0.260054 0.077192 0.066591) 91250
(0.259155 0.0774999 0.0689922) 91243
(0.245295 0.0897422 0.0975294) 25149
(0.238613 0.119283 0.0517205) 4011
(0.245984 0.0874801 0.0952252) 81481
(0.253693 0.0795358 0.0515783) 3850
(0.252871 0.0800427 0.0737123) 91471
(0.236573 0.121875 0.0627587) 13988
(0.244203 0.0892032 0.0902726) 81485
(0.244003 0.0887178 0.0894604) 81485
(0.237782 0.10195 0.096704) 53886
(0.250657 0.0790824 0.0812736) 24757
(0.236543 0.105124 0.090484) 82172
(0.248146 0.0817538 0.0674361) 91473
(0.232425 0.125181 0.0666496) 83810
(0.232976 0.123121 0.085531) 7660
(0.242626 0.0838887 0.0638074) 83708
(0.239707 0.0839012 0.058494) 3932
(0.239426 0.084046 0.0574233) 3932
(0.232027 0.0863935 0.0961752) 81397
(0.22662 0.0874041 0.0940324) 81326
(0.265516 0.0749594 0.0500007) 3851
(0.222809 0.0864263 0.0719587) 91429
(0.220101 0.136468 0.0646565) 91787
(0.220224 0.0860956 0.0738771) 91429
)


// ************************************************************************* //
