/*--------------------------------*- C++ -*----------------------------------*\
| =========                 |                                                 |
| \\      /  F ield         | OpenFOAM: The Open Source CFD Toolbox           |
|  \\    /   O peration     | Version:  2312                                  |
|   \\  /    A nd           | Website:  www.openfoam.com                      |
|    \\/     M anipulation  |                                                 |
\*---------------------------------------------------------------------------*/
FoamFile
{
    version     2.0;
    format      ascii;
    arch        "LSB;label=32;scalar=64";
    class       vectorField;
    location    "0.10005/lagrangian/kinematicCloud";
    object      U;
}
// * * * * * * * * * * * * * * * * * * * * * * * * * * * * * * * * * * * * * //


150
(
(1.67586 -0.556156 -0.0964814)
(0.294165 0.429202 0.00260167)
(0.868487 0.420985 -0.0779438)
(0.998077 0.573984 -0.0416198)
(1.12904 0.0436407 -0.0839482)
(1.20471 -0.183214 -0.0273348)
(1.15968 -0.196814 -0.155774)
(1.39072 -0.28162 -0.0878285)
(1.2044 -0.166648 -0.0272893)
(1.04155 0.85279 -0.0177839)
(3.91449 0.64825 0.1404)
(3.6304 1.75838 0.0286518)
(2.33963 2.27152 0.0140601)
(2.11814 2.09232 0.00521837)
(1.34138 1.34022 0.0465661)
(2.75507 -2.46037 0.00156836)
(2.75879 -2.37404 -0.0608894)
(2.75408 -2.36687 -0.062023)
(2.67121 -2.47633 -0.0662495)
(2.74583 -2.47569 -0.0523243)
(2.72073 -2.18954 -0.0729282)
(2.651 -2.52099 -0.0555992)
(2.71277 -2.16169 -0.0120144)
(2.68058 -2.10917 -0.0148053)
(2.76199 -2.53074 0.00816389)
(2.66192 -2.07748 -0.0786422)
(2.75154 -2.48828 -0.0503662)
(2.6516 -2.12728 -0.115833)
(2.6535 -2.56417 -0.0436043)
(2.59755 -1.91348 -0.0807139)
(2.82224 -2.5229 0.011894)
(2.69184 -2.56481 -0.0377829)
(2.69075 -2.5685 -0.0364082)
(2.69392 -2.56869 -0.0358206)
(2.41742 -1.62108 -0.0240917)
(2.35383 -1.54028 -0.0251436)
(2.79759 -2.52504 -0.0337343)
(2.81019 -2.51852 -0.0337633)
(2.84595 -2.49939 -0.0337795)
(2.30082 -1.44668 -0.142455)
(2.05629 -1.46522 -0.124981)
(2.68718 -2.16207 -0.0583922)
(3.13126 -2.26264 -0.0328075)
(2.04149 -1.43654 -0.118618)
(2.03039 -1.1805 -0.0852419)
(3.18835 -2.27767 0.0230396)
(2.17684 -1.25779 -0.147703)
(3.07204 -2.33546 -0.021831)
(3.1574 -2.26294 -0.021575)
(3.22856 -2.17166 -0.0284658)
(3.24336 -2.22351 0.0242772)
(2.09842 -1.1536 -0.152847)
(3.30382 -2.12061 -0.0221934)
(2.34685 -1.31306 -0.0643383)
(1.96876 -1.00662 -0.158277)
(2.35534 -1.32357 -0.0643738)
(2.98766 -2.18409 -0.0775106)
(2.98901 -2.19214 -0.0776988)
(3.44309 -1.9611 -0.0109369)
(1.94615 -0.990626 -0.158382)
(3.00281 -2.18059 -0.0790579)
(1.8465 -0.902513 -0.0284819)
(1.76067 -0.821194 -0.0777941)
(2.15577 -1.15186 -0.0513173)
(3.70711 -1.52955 0.011593)
(1.71159 -0.92237 -0.133609)
(3.70308 -1.44233 0.0143824)
(3.95645 -0.923922 0.0385382)
(1.60967 -0.616726 -0.160467)
(1.59011 -0.609814 -0.159882)
(3.2947 -2.17096 0.00130808)
(3.97516 -0.584914 0.0552461)
(3.98517 -0.485192 0.0606986)
(4.0445 -0.412855 0.0474794)
(4.0729 -0.268274 0.0563932)
(4.08056 -0.119704 0.0585494)
(1.43719 -0.440727 -0.0273609)
(1.33837 -0.303233 0.0257782)
(0.920704 0.738322 0.0144565)
(0.789746 -0.21221 0.0160403)
(1.03819 0.0719528 0.0980385)
(1.28341 -0.258792 0.0541719)
(1.15516 -0.135703 0.152164)
(1.1113 -0.247074 0.129246)
(1.49855 0.0316874 0.00522234)
(3.99597 0.0918486 -0.105205)
(3.36544 2.45136 0.00739062)
(3.14799 2.52318 -0.0181371)
(1.88408 1.88729 0.0455344)
(2.14046 2.11043 0.00215844)
(2.13016 2.09943 0.00344701)
(1.91437 1.89204 0.0122016)
(1.89621 1.87624 0.0159343)
(2.08579 2.06467 -0.00401068)
(1.77213 1.80177 0.0892263)
(2.76727 -2.4141 -0.00176164)
(2.76452 -2.36414 0.00143395)
(2.76721 -2.40542 -0.00125066)
(2.758 -2.3612 0.00229974)
(2.74728 -2.30696 0.00488589)
(2.66482 -2.45495 0.0713418)
(2.77275 -2.3952 -0.00117258)
(2.74548 -2.31739 0.0663009)
(2.75859 -2.36516 0.0617684)
(2.74848 -2.40363 0.0600276)
(2.68222 -2.28577 0.0967926)
(2.68301 -2.27414 0.0978884)
(2.71975 -2.18764 0.0725184)
(2.66022 -2.52651 0.0527298)
(2.63298 -2.55187 0.0463938)
(2.69499 -2.13698 0.0120958)
(2.67245 -2.17693 0.107408)
(2.73805 -2.51162 0.0483751)
(2.66946 -2.16996 0.108091)
(2.65696 -2.1304 0.111494)
(2.64992 -2.11818 0.112631)
(2.64379 -2.56644 0.0389728)
(2.60311 -1.96374 0.123117)
(2.84581 -2.52137 -0.0160773)
(2.84209 -2.46528 0.0426061)
(2.8425 -2.46685 0.0424128)
(2.48793 -1.70294 0.0213858)
(2.87966 -2.46361 0.0389192)
(2.93554 -2.43802 0.0347487)
(2.94533 -2.41405 0.0364758)
(2.96153 -2.40162 0.0358661)
(2.98851 -2.38338 0.0344816)
(2.66764 -2.10682 0.0564641)
(2.0588 -1.2016 0.0273101)
(2.70082 -2.1899 0.0562551)
(3.20847 -2.25379 -0.0258918)
(3.22362 -2.18085 0.0239295)
(1.99408 -1.1148 0.0687967)
(2.85503 -1.98022 0.0428263)
(2.88205 -1.98488 0.0406579)
(2.44239 -1.58758 0.0562358)
(3.18033 -2.24804 0.00396975)
(2.40705 -1.41983 0.0720344)
(3.41362 -2.00393 0.00755018)
(1.84959 -0.943387 0.078683)
(1.95088 -0.987839 0.155889)
(3.61968 -1.69383 -0.00762556)
(3.71918 -1.58619 -0.0401946)
(3.72607 -1.56399 -0.0406495)
(3.36836 -1.66065 0.108298)
(3.56739 -1.22682 0.113913)
(2.83471 -2.52211 -0.00287014)
(4.07873 -0.109818 -0.0585843)
(1.44342 -0.465493 0.0737689)
(4.06981 0.159218 -0.0563043)
)


// ************************************************************************* //
