/*--------------------------------*- C++ -*----------------------------------*\
| =========                 |                                                 |
| \\      /  F ield         | OpenFOAM: The Open Source CFD Toolbox           |
|  \\    /   O peration     | Version:  2312                                  |
|   \\  /    A nd           | Website:  www.openfoam.com                      |
|    \\/     M anipulation  |                                                 |
\*---------------------------------------------------------------------------*/
FoamFile
{
    version     2.0;
    format      ascii;
    arch        "LSB;label=32;scalar=64";
    class       Cloud<basicKinematicCollidingParcel>;
    location    "0.10005/lagrangian/kinematicCloud";
    object      coordinates;
}
// * * * * * * * * * * * * * * * * * * * * * * * * * * * * * * * * * * * * * //

38
(
(0.156711 0.200847 0.402096 0.240346) 7730 8082 1
(0.201687 0.167241 0.0915406 0.539532) 17579 17850 1
(0.654805 0.236957 0.0305092 0.0777292) 17654 55776 2
(0.0905563 0.520942 0.0532067 0.335295) 4647 23282 1
(0.2116 0.335875 0.0584026 0.394122) 4642 23183 1
(0.0157229 0.374012 0.412191 0.198075) 16192 53169 2
(0.585544 0.353356 0.0243051 0.0367949) 16826 54390 1
(0.60024 0.103032 0.114216 0.182512) 2554 7998 1
(0.178986 0.13932 0.0689052 0.612789) 4635 23215 2
(0.303182 0.0106171 0.292714 0.393487) 3625 17956 1
(0.444879 0.036639 0.363161 0.155322) 2095 11211 1
(0.294641 0.432888 0.177042 0.0954286) 2081 11174 1
(0.0020346 0.20156 0.657611 0.138794) 16189 53162 1
(0.141514 0.257413 0.213579 0.387494) 12888 17645 1
(0.391677 0.478499 0.124268 0.00555554) 12849 44872 2
(0.320558 0.046905 0.528603 0.103933) 16842 54409 1
(0.600701 0.0661775 0.215271 0.117851) 16216 53221 1
(0.237203 0.269643 0.201995 0.291159) 16799 100128 1
(0.0280055 0.34772 0.586981 0.0372936) 4584 22975 2
(0.319952 0.0510051 0.322467 0.306576) 15009 50154 2
(0.348214 0.0963801 0.513251 0.0421552) 188 1054 2
(0.199237 0.00889879 0.737752 0.0541115) 19430 62414 1
(0.663279 0.00129858 0.203516 0.131907) 22134 70609 2
(0.109022 0.105886 0.567566 0.217527) 14330 36699 2
(0.520713 0.092215 0.00435513 0.382717) 15898 9552 1
(0.051375 0.153192 0.308145 0.487288) 3282 16299 2
(0.164467 0.642176 0.0412543 0.152103) 16578 53927 1
(0.0326523 0.0959614 0.786611 0.0847757) 15879 16420 2
(0.206487 0.647556 0.0930556 0.0529013) 1877 6751 3
(0.0503143 0.796248 0.0985423 0.0548951) 1877 10449 1
(0.394496 0.0480076 0.526797 0.0306996) 6936 12174 2
(0.300613 0.00772333 0.100502 0.591162) 3303 8536 1
(0.133793 0.471973 0.106155 0.288079) 86 518 1
(0.205852 0.546913 0.00896495 0.23827) 2304 11943 2
(0.613265 0.196124 0.0491318 0.141479) 6162 27206 1
(0.287507 0.183552 0.0627196 0.466221) 6136 27140 1
(0.153677 0.250715 0.206208 0.3894) 6193 27276 1
(0.157786 0.111427 0.206711 0.524076) 1074 5754 1
)


// ************************************************************************* //
