/*--------------------------------*- C++ -*----------------------------------*\
| =========                 |                                                 |
| \\      /  F ield         | OpenFOAM: The Open Source CFD Toolbox           |
|  \\    /   O peration     | Version:  2312                                  |
|   \\  /    A nd           | Website:  www.openfoam.com                      |
|    \\/     M anipulation  |                                                 |
\*---------------------------------------------------------------------------*/
FoamFile
{
    version     2.0;
    format      ascii;
    arch        "LSB;label=32;scalar=64";
    class       vectorField;
    location    "0.9/lagrangian/kinematicCloud";
    object      U;
}
// * * * * * * * * * * * * * * * * * * * * * * * * * * * * * * * * * * * * * //


83
(
(3.68492 0.740755 -0.0088552)
(3.68653 0.74969 0.011253)
(3.68492 0.740755 -0.0088552)
(3.68492 0.740755 -0.0088552)
(3.68653 0.74969 0.011253)
(3.68653 0.74969 0.011253)
(3.96202 0.998318 0.00255908)
(4.00299 1.1091 -0.0431704)
(4.02446 1.06423 -0.014784)
(3.97134 1.01126 -0.00701268)
(3.68653 0.74969 0.011253)
(3.88845 0.903486 -0.106419)
(3.84123 0.829614 0.105189)
(3.83242 0.814164 -0.109173)
(3.99987 1.11768 0.0399289)
(3.97134 1.01126 -0.00701268)
(3.96202 0.998318 0.00255908)
(3.85588 0.882826 0.035738)
(3.83228 0.953023 0.101355)
(3.3799 0.919771 -0.0609695)
(3.99987 1.11768 0.0399289)
(3.5596 0.600701 0.01434)
(3.68602 0.952009 -0.102034)
(3.88685 1.11691 0.0695876)
(3.5689 0.61239 -0.0178966)
(3.35263 0.916998 0.0690662)
(3.8725 0.8654 -0.0568257)
(3.70449 0.703165 -0.0972724)
(3.70449 0.703165 -0.0972724)
(3.54624 0.553798 0.0573656)
(3.3446 0.402488 0.0430463)
(3.84874 1.10822 0.07216)
(2.95536 0.871245 0.0887389)
(3.52105 0.534082 -0.0636522)
(3.54624 0.553798 0.0573656)
(3.39164 0.913786 -0.11156)
(3.67048 1.07061 0.101234)
(3.54624 0.553798 0.0573656)
(3.54624 0.553798 0.0573656)
(3.52105 0.534082 -0.0636522)
(3.40628 0.528245 0.118023)
(3.54624 0.553798 0.0573656)
(3.39164 0.913786 -0.11156)
(3.67373 1.10732 0.103589)
(3.39164 0.913786 -0.11156)
(3.84303 1.13603 -0.0772299)
(3.33179 0.41423 0.0174472)
(2.26652 -0.313761 -0.0651339)
(3.36037 0.41576 -0.0548836)
(3.71773 0.931369 0.185652)
(3.6185 1.05079 0.0991539)
(3.84303 1.13603 -0.0772299)
(3.91371 1.06266 -0.167076)
(2.3507 0.0522312 0.350756)
(3.11384 0.198212 -0.0543967)
(3.12869 0.180675 -0.0478908)
(3.12869 0.180675 -0.0478908)
(2.8995 0.0773951 -0.107451)
(2.17024 -0.0215303 -0.360312)
(2.94582 0.0567454 -0.106646)
(3.36037 0.41576 -0.0548836)
(2.8995 0.0773951 -0.107451)
(3.3446 0.402488 0.0430463)
(2.58728 0.409088 0.360791)
(2.57006 0.315678 -0.350357)
(2.45717 0.131707 -0.336468)
(2.94582 0.0567454 -0.106646)
(3.36037 0.41576 -0.0548836)
(2.17497 -0.0261979 0.362347)
(2.8995 0.0773951 -0.107451)
(2.17024 -0.0215303 -0.360312)
(3.0218 -0.0755325 0.0535969)
(3.0218 -0.0755325 0.0535969)
(2.94582 0.0567454 -0.106646)
(2.94582 0.0567454 -0.106646)
(2.21953 -0.41203 0.131861)
(2.76439 -0.190135 0.0994249)
(2.45228 -0.373353 0.102055)
(2.45228 -0.373353 0.102055)
(1.6641 0.153942 -0.17265)
(0.983712 0.530844 0.0580662)
(3.35263 0.916998 0.0690662)
(1.77476 1.4357 0.085181)
)


// ************************************************************************* //
