/*--------------------------------*- C++ -*----------------------------------*\
| =========                 |                                                 |
| \\      /  F ield         | OpenFOAM: The Open Source CFD Toolbox           |
|  \\    /   O peration     | Version:  2312                                  |
|   \\  /    A nd           | Website:  www.openfoam.com                      |
|    \\/     M anipulation  |                                                 |
\*---------------------------------------------------------------------------*/
FoamFile
{
    version     2.0;
    format      ascii;
    arch        "LSB;label=32;scalar=64";
    class       volScalarField;
    location    "4";
    object      p;
}
// * * * * * * * * * * * * * * * * * * * * * * * * * * * * * * * * * * * * * //

dimensions      [0 2 -2 0 0 0 0];

internalField   nonuniform List<scalar> 
2958
(
-46667.5
-26051.6
19529.7
-69492.8
-31544.9
20687.8
-34777.3
-49939.7
-8574.38
-53097
-44840.4
-38923.2
-51187
-38930.7
-51156.9
-45704.5
-29297.3
-50996.2
-38930
-48405.5
-38567.7
-28362.5
-38237.1
-50779.6
-51098.2
-47837.9
2296.9
-60998.2
-44054.4
-45452.6
-47616.2
-31484.3
-38718
-7262.78
-42686.5
-56253.9
-38930.1
-38536
-48231.4
-54994.6
-433656
-48911.7
-32901.4
-46578.4
-38921.4
-17808.2
-44534.2
-25494.7
-59236.9
-48694.3
-46161
-34827.2
-64167.7
-45280.8
-46288.6
-127781
-53028.6
-54946.1
-47016.2
18348
-49250.2
-48336.7
-33574.4
-45578
-38936
-38932.1
-45328.7
-28799.3
-28325
-52331.1
-28435.7
-38921.1
-24306
-47108.7
-38930.6
-42674.9
-49446.1
-33390.4
-38875.1
-45989.4
-50970.2
-30279.7
-62665.8
-63862.7
-48288.7
-47092.8
-30769.3
-47209.5
-26333.9
-38798.9
-39943.3
-25221.5
-43546.5
-38929.6
-18734.2
-43616.6
-52299.4
-69901.5
-38932.1
-38926.8
-69158.7
-47024.6
-48753.8
-28089.2
-39207.2
-40142.6
-38918.4
-60332.7
-38941.3
-37454
-106217
-46165.6
-38837.9
-51734
-38929.9
-38931.8
-46925.4
-46367.5
-29019.6
-46671.4
-52653.8
-38922
-43727.8
35719.7
-53118.2
-48669.4
-52586.7
-28315.5
-46843.7
-38928.9
-38888.9
-38889.6
-46452.1
-38937.1
-38920.5
-38935.1
-52099.8
-47856
-38929.6
-38931
-48780.4
-28643.2
-38626.1
-38946.5
-46670.8
-27429.9
-38912.2
-38924.6
-26662.9
-38923.3
-48433.8
-52764.9
-52744.1
-40130.2
-50520
-38954.5
-38156.2
-46837
-33468.7
-94179
-51459.5
-54811.1
-49197.2
-38926.7
-46639.6
-54054.1
-34618.4
-38932.7
-63425.7
6822.39
-31047.2
-38918.8
-39149.9
-29862.4
-38955.8
18762.9
-30521.1
110981
-31479
-28838.2
-38637
-28034
-50165.6
-135937
-26764
-28010.4
-26559.4
-38941.1
-29880.9
-63611.6
-30329.7
-35603.4
68134
-56967.2
-23361.2
-43681.8
-25546.8
-32005.7
-45832.9
-165632
-54002.2
-38936.4
-46720.2
91555.2
-161562
34696.4
-41745.7
31892.4
-30339.7
-61497.1
-38930.4
-38793.4
-38931.8
-26963.1
-38930.4
22433.4
-45533.9
-38931.6
-38932.7
-38930.8
-38918.6
-28782.6
-34160.3
-27595.9
-210942
-45953.6
-61497.6
-38933
-21444.5
-28279.7
-27231.1
-33276.6
-31103.9
-31014.2
-43946.6
-38916.3
-38963.4
-46828.1
-38966.4
-17384.5
-38966.2
-18277.8
-61605.6
-60967.9
-48095.6
-141548
-40290.1
-51632.6
-45487.5
-47030
-56151.7
-49863.7
-47223.6
96612.9
-69256.5
-17904.2
-46324
-27403.2
-47400
-29680.1
-46325.9
-38735.6
-31831
104045
-47572.2
-44588.7
-51724.2
-47121.5
-41459
-38300.1
-38929.7
-29097.5
-46541.6
-38916.2
-27062.4
-47146.9
-38930.3
-29584.3
-38937
-27839
-38929.9
-38978.3
-47383.5
-47543.8
-31014.1
-38927.6
-40827
-89957.6
-113258
-45080.4
-50029.3
-29129.7
-38928.7
-38924.5
-55264.2
57838.8
-38930.5
-46263.4
-38931
-52417.5
-50383.7
-31281.4
-27423.8
22630.7
-48991.4
50485.4
-75668.2
-38721.1
-46402
-46642.8
-38939.5
-46568.2
-45735.1
-38935.4
-27516.7
-209831
-32672
-34494.7
-29716.5
-47378.6
-29298.3
-31061.3
-47624.6
-22888.3
8866.52
-38307.6
-46173
-38937.2
-108600
-441318
-30630.8
-51525.7
-38919.9
-38929.6
6926.26
-38929.5
66566
-149779
68524.1
-38938.3
-47229
-28590.7
-30851.9
-30926.3
-38942.4
-27659.9
-38943
-39422.2
-50417.8
-48862.3
-58594.2
-52209.6
-35587.8
-50589.6
-20472.9
-46449.2
-38930.9
-47804.7
-44259.1
-46646.5
-441751
-47030.2
-57642.6
-21652.3
-49428
-31996.7
-34743.4
-89888.6
-63947.5
-31539.1
-55141.1
-31692.7
-38930.6
-60049.2
-46197.1
-25971.8
-46175.2
-52915.4
-31326.1
-30038.4
-49264.2
-43152.1
-38886.2
-47716.2
-30497.3
-39110.7
-47558.3
-32253.2
-38108.3
-38895.8
-52279.2
-38930.6
-38181.4
-28682.6
-44645.9
143018
-441897
-38930.4
-38925.1
-30927.6
-47274.5
-46212.2
-27300
-67625.3
-45950.5
-46656.8
-23802.5
-47190
-46798.5
-50317.7
-48119.6
-50938.2
-45064.1
-28499.4
-30658.5
-30696.6
-31806.5
-156194
-46634.1
-46637.2
-38921.6
-33556.5
-26970
-28984.9
-50556.7
-38486.4
-22460.7
-50331.8
-46540.7
-26792.5
-31642.8
-45753.3
-25129.9
-53617.9
-52330
-31070.4
-27296.2
-52758.3
-48894.8
-38936.8
-28220.3
-28427.6
-46306.9
-52598.6
65699
-40300.1
-38952.8
-18887.1
-38959.1
-30827.2
-38951.7
-32865.2
-41871.2
-24945.4
-48524.5
-53630.3
-38929.9
-46685.4
-27385.1
-38930.6
-28614.9
-69466.8
-49761.3
-48760.7
-46498.6
-34595.1
-14707.9
-42890.9
-46427.3
-36085.6
-48754.4
-38923.5
-50379
-16457.5
-46482
-28251.9
-43351.4
-30930
10457.9
-45307.5
-50932.7
-23225.6
-38935.4
-38438.9
-25790.8
-47193.3
-48722.1
-43625.8
4449.82
-46472.2
-23359.4
-27764.7
-62518.4
-47155.5
-29036.5
-45437.6
-52839.5
-38943.5
-38972.2
-38944.6
-31481.1
-38947.1
-38935.4
-48770.9
-54273.1
-38928.8
-75046.5
-19371.1
-54588.7
-51076.4
-38874.4
-38929.9
-46935.9
-38931.9
-45978.4
-45992.4
-1815.7
-56842
-29493.3
-49530
-38936.5
-29999.2
-47014.9
-14936.9
-46078.3
-46090.1
63876
-38713
-45299.1
-55300.8
-45305.1
-38820.1
-25638
-38916
-43648.2
-34616.4
-29470.3
-28551.1
-48662.4
-45304.9
-47112.5
-45997.5
-38924.1
-45520.5
-38954.3
-43465.7
-45126.9
-38266.9
-38929.2
124706
-38922.2
-38928.2
-27012.4
-47671.2
422465
-48758.7
-47112.4
-46538.1
-45836
-51844.9
-47125
-26650.2
-45473.9
-46589.8
-46593.3
-46088.9
-38937
-46462.4
-15867
-46213
-47891.1
-46867
-38941.4
-38937.5
-39094.9
8327.06
-38965.7
-47383.1
-38932.8
-49239.9
-28111.9
-27457.9
-43338.8
-12254.2
-49069.3
-38713
-38968.4
-38927.6
-27214.8
-50431.3
-38930.2
-38933.4
-47585.8
-51126
-38494.2
-57963.9
-45323.7
-55758.9
-46498
-42196.3
-38920.6
-47330
-39087.2
-48895.9
-14572.7
-46895.7
-56689.6
-52670.6
-37199.1
-38930
-46078.1
-48337
-38937.6
-38930
-45106.2
-52443.5
-32121.2
-26753.8
-38921.2
-21799
-46174.1
-65419.5
-47125.6
-27427.3
-47748.5
-38890.7
-33554.5
-47151.8
-45918.9
-38931.7
-52449.2
-38932.2
-29328.1
-38930.9
-44742.3
-45774.4
-39162.3
-20787.8
-48270.7
-29766.7
-38951.2
-47448.3
-56793.7
-39149.3
-46502.3
-56766
-28987.9
-38892.5
-45620.5
-38928.7
-38942.1
-52828.8
-54566.2
18530.4
-49226.4
-28760
-26762.6
-37120.9
-55342.6
-28684.2
-31551
-37140.4
-38904.8
-38888.9
-42228.6
-38937.4
-27832.8
-38956.9
-47087.8
-44235.4
-31697.4
-29824.3
-159305
-117131
103024
-23074.4
-46285.7
-117263
-38895.3
-38929
-31205.3
-47257.8
-38928.3
-23385.5
-38938.2
-28836.5
-27239
-46035.1
-47963
-27944.7
-41546.3
-14579.8
-48768.4
-48986.9
-46646.7
-38124.4
-60476.6
-47868.4
-46741.6
-38865.3
-38932.4
-48302.1
-45788.6
-51103
-48119
-44598.9
-31940.9
-83071.9
-52770.1
-30863.4
-33390.8
-29534.7
-29803.9
-46755.6
-50303.8
-52550
-55115.6
-46365.9
-44377.6
-31037.5
-30316.6
-38893.3
-28759.7
-48684.2
-38940.1
-15172.5
-38935.6
-183166
-33696.6
-38897.7
-49819.9
-106123
-55238.7
-26004.2
-34431.8
-55963.7
-47279
-46256.7
-38571.1
-35429.3
-46651.3
-36385.2
-168221
-47863.3
-46768.9
-38116
-53422.4
-32801.7
124867
-55617.3
-70340.8
-38997.8
-38922.6
-92481.3
80465.5
66970.3
-46383.2
-48174.6
-56410.5
-43020.6
-38931.1
-38932.2
-38929
-52862.6
-27743.1
-38932
-46538.7
-38931.5
-53091.9
-38810.6
-39013.1
-21867
33232.1
-49119.8
-38932
-38933.6
-53106.1
-48596.7
-38925.3
-38930.4
-27290.6
-38930.6
-68452.8
-48740.9
-39119.6
-28105.2
-46660.8
-38911
-26407.9
-46649.4
-46941.9
-52184.1
-46537.5
-48835.9
-29148.2
-31175.4
-38112.5
-45673.5
-47252.8
-47915.4
-21050.1
-38954.9
-48932.1
-60327.8
-47092
-52952.9
-47683.8
-41023.5
-26194.2
-52073.3
-29543.9
-35596.4
-50733.1
-38933.7
-43435.9
-50262
-32097.7
-47105.4
-20863.4
-81224.6
-51297.3
-45658.7
-50725.9
-64823.3
-45938.8
-21637.5
-45403.2
-48986.1
-22386.1
-52746.6
-24958.1
-47152.3
-46799.1
-106873
-46741.5
-26478.9
-63100.5
-38931.9
-87337.6
-44949.2
-51172.4
-47882.9
-38942.5
-38517.1
-38919.7
-45138.4
-47774
-32084
-47348.2
-47817.8
-46750.3
-47651.5
-53332.4
-7427.73
-27679.1
-59541.7
-28114.4
-38943.1
-51849.1
-59784
-30271.5
-8146.91
-54343.9
-45713.7
-61411.3
-31974.5
-33391.3
-44966.7
-38984.8
-43586
-54447.6
-38927.1
-25981.4
-121253
-75933
422691
-31841.5
-38930.6
-38518.2
-45772.9
-38930.3
-38930.2
-38928.8
-31928.7
-46711.5
-48205.4
-28522.6
-31137.8
-45719
-31825.2
-114342
-46419.5
-29069.8
-38932.1
-27506.3
-54339.4
-46072.1
-51428.8
-29074.6
-54844.7
-23145.8
-167766
-38932.7
-45603.6
-26966.6
-30084
-28217.6
8680.06
-31240.9
-38902.4
-51035.6
-29234
-44907.3
-30901.6
-54413
-32005.6
-53350.7
-39011.3
-28058.5
-45012.9
-31110.4
-30880.1
-48789.8
-46354.6
-44398.8
-30193.4
88960.5
-44466.3
-31429
-26646.9
-27021.3
-54959.5
-28140.2
-42916.1
-45421.6
-24757
-46367.1
-29238.9
-45104
-28708.1
-47600.9
-26654.5
-38931.3
-46495.6
-42237.3
-31733.3
-52834.8
-52363.3
-53264.8
-27854.3
-52591
-23618.6
-46146.4
-98945.5
-47954.9
-28182.6
-46298.2
-43546.7
-34076.9
-38927.5
-38932.2
-31580.3
-29620.2
97102
-38928.1
-48679.2
-55798.1
-24704.6
-46708
-53143.5
-28830.7
-47461.8
-77971.7
-38933.1
-40282.7
-38930.4
-47700.6
84025.3
-50574.5
-102346
-39003.2
-51045.9
-38923.5
-41471
-49786.7
-32258.9
-45606.1
-47190.7
-19032.1
-20000.1
-25088.9
-47633.8
-46571.6
5841.56
-34381.6
-46712.5
-51449.3
-30251.7
-26888.1
-25515.6
-27452.7
-22586.5
105033
-47208.5
-26460.7
-50239
-46848.6
-46772.7
-38258.8
-38637
-440441
-30634.3
-38948.3
-108714
-33530.1
-46530.4
-38932.3
-61941.7
-48854.8
-34739.7
-46132.9
-52116
-109908
-62294
-9226.34
-38231.6
-46007.3
-46867.3
-22559.6
-66585.7
-38921.4
-32005.7
-31049.6
-46503.6
-38933.5
-38929.4
-49342.8
-38926.4
-38936.8
-40228
-46320.6
-41383.5
-38951.7
-38937.1
-33230.7
-38292.6
-46285.4
-47735.5
-53011.2
-38928.6
-49623.5
-46084.1
-47493.5
-31441
-38086.9
-57281.1
-38932.2
-46074.9
-38937.4
-38935.6
-38931.5
-52641.4
-47014.9
-38102.8
-47343
-51360.1
10504.6
-46719.3
-56910.1
-30866.5
-38936.6
-27112.3
-38953.3
-124103
-90803.4
-38937.8
-57567.6
-52583.9
-59137.4
-26406.6
-55335.6
-47371.3
-41402.1
-32893.2
-52400.9
-38848.9
-44961.8
-24755.2
-49633
-49351.8
-51638.2
-49923.9
-21386.3
-47498.1
-52197.1
-38922.7
-439823
-30174.8
-52880.5
105466
-49539
-23335.9
-29192.6
-38942.1
-19313.9
-49532
-28330.1
-38937.9
-67811
-38923
-38930.2
-38927
-38930.2
-25784.8
-23147.1
54192
-49255.6
-29889.2
-32393.2
-30752.2
-28984.2
-26662.3
-29778.4
-53669.2
-45492.9
-44484.5
-45473.4
-27379.5
-30003.3
-29635.6
-38931.2
-48102.1
-51463.5
-30868.1
-53701
-51877.1
-57575.4
-46059.2
-38932.1
-38921.8
-48597.1
-38517.8
-46635.9
-51519.2
-47480.5
-55475.6
-53901.2
-46692.7
41242.2
-28741.5
-38971.8
-56613.2
-51337.3
-125637
-68729.5
-43825.5
-47722.3
-52651.3
-46179
-38936.8
-94718.9
-120185
-52778.9
-27018.7
-46685.3
-46144.4
-35938
-45958.4
-30334.4
-26012.4
-38932.9
-46682.3
-30526.2
-50601.8
-38937.7
-38963.1
-45899.1
-46208.7
-49724.1
-47160.7
-56875.1
224589
-38927.1
-51399.5
-48023
-38816.3
-49342.6
-38868.1
-47118.5
-22488.2
-38927.3
-49271.5
171319
-48212.2
-48130.6
-49885.4
-38891.4
-46158.9
-38943.8
-45910.3
-57370.5
-109135
-46040.3
-38622
-13978.4
-47052
-115838
-38932.1
-40543.6
-43359.3
-47022.2
-38272.7
-51213.7
-47596.8
-46931.4
-52605
-45305.8
-44033.1
-46119.4
-57034
-38939.7
-57712.5
-45800.6
-49861.3
-46619
-46023.4
-30903.5
-29521.9
-38926.3
-45658.8
-27933.6
-38929.9
-46361.2
-38648.1
-52064.8
-38962.2
-29977.1
-27894.3
-50299.7
-25033.8
-53702.6
-38784.5
-28453
-45851.9
-45448.5
-52111.2
-28276.2
-46754.4
-50659.7
-38937.6
-38933.2
-35173.9
-34092.2
-38934.2
-38533.8
-13414
-47336.1
-23517.2
-28424.2
-57946.7
21106
-45815.1
-46029.1
-23547.1
-31098.3
-47219
-52912.1
-48327.5
-45200.7
-27216
-52616.7
-30478.5
-45808.5
-45035.2
-55073.3
-26530.9
-29031.6
-49274
-37260.8
-32339.4
-38096.1
-111132
-30060.3
-41387.3
-39168.2
-47137
-56750.9
-36938.1
-47823.8
-39054.3
-29738.6
-46683.4
-38930.9
-45697.1
-47266.5
-47230.2
-45941
-37631.6
-51154
-33779.7
-30171.9
-45779.9
-47117.6
-31423.2
-46288.4
-48807.8
-85338.5
-49707.8
-30511.2
-38939.3
-74282.8
-28373.3
-38932.3
-45893.4
-48085.5
-26712
-48662.9
-60676.4
-47418.7
-24711.4
-38905.1
-47784.8
-45524.8
-32878.6
-181114
-46576.6
-45120.1
-45270.8
19389.4
-22780.1
-38834.2
146167
-38921.9
-60357.9
-38925.3
144324
-38936.6
-47567.6
221862
-34713.5
-38938
-53139.9
-38930.5
-38883.9
-49178.5
-38930.5
9218.8
-38695.1
-46438.7
-38935.3
-56928.6
-66584.3
-46270.3
-38936
-48476.8
-40383.3
158774
-38928.8
-26539.6
-38922.3
-62734.9
-38929.6
-57502
157452
-38933
-96958
-70161.2
-47623.4
-31734.8
-40611.8
-29598.1
99560.2
-38918.8
-54270.4
-38910.9
-38509.7
-31970
-46607.5
-38911
-54724.6
-38717.6
-53625.5
-47051.1
-25803.1
-27119
-47009.8
-135945
-28289.9
-48564.2
-30832.1
-38938.3
-38939.3
-49622.9
50083.5
-51732.8
-11966.2
-47945.7
-38884.5
-38923.3
-13960.2
-13983.6
-49674.5
-32771.5
-48681.6
-29650.5
-27698.3
-38119.5
-38930.6
-38930.2
-29557.4
-6552.14
49050.7
-43742.7
-43436.8
-61268.6
-52082.3
-52766.2
-57563.5
-56467.6
-38931.2
-51943.3
-45801.3
-46678.7
-29259.3
226208
-38937.2
-46678.8
-47846
-47353.4
-38939.8
-48516
-31834.8
-54630.3
-38940.3
-52695.4
-162797
-38932.3
-38873.1
-38932.6
-38930.7
-38930.8
-38930.2
43781.2
-48715.8
-51668.5
-52330.5
-54558.1
-40361.5
-28326
-46114.5
-38936.6
-38914.9
-51718.6
-43679.7
-38932.6
-45541
-31656.4
-38945.7
-48705.7
-52127.1
-32065.5
-16463.3
-29081.1
-32779.1
-30793.9
-98984.5
-46703.5
-36546.2
-48421.4
-38937.1
-39148.5
-31529.4
-45151.8
-38915.6
-56005.7
-52801.8
-46849.1
-38927.4
-50673.6
-45899.4
-28282.5
-48712.8
-26947.1
-47104.7
-38928.4
-46471.1
-32615
-46185.8
-28701
-26732.2
-52660.9
-38937.8
-47153.5
-48583.4
-46223.7
-51899.5
-46425.7
107074
41199.5
-22825
49209.3
-45616.7
-48863.5
-45811.5
-28762
-46603.6
-30767.5
-45719.5
-46361.6
-43401.9
-38692.7
-38931.4
-32819.4
-29113.7
-29515.7
-46169.5
517226
-27874.9
-24713.3
-29789.8
-39050.4
-41534.6
46749.5
-31849.1
-23535.8
-46299.1
-38930
-49227
-45629.4
-21938.6
421288
-29109.5
-38930.5
-26153.9
517136
-47178.8
-49106.8
-51663.4
-38923.2
-46478.9
-30426.6
-48241.9
-186036
-47034
-38928
-47039.4
-38920.9
-28532.4
-30699.9
-4169.43
-45866.6
-46137.1
-46372.8
-38931.7
-50864.7
-34637.2
-55497.9
-44664.8
-123506
-44433.7
-43752.7
-46471.3
-51040.6
-56835.5
-27733.2
-47110.2
-28704.3
-47412.4
-38929
-34742.1
-16007.8
-49244.7
-20771.1
-34572.8
-20884.6
-28224.2
8971.58
-25017.1
-45753.8
-46728.2
-24993.7
-46671.2
-38937.3
-38922.8
-38931.2
-39136.8
-48760.1
-38930.1
-38937.2
-47204.5
-69783
-38932.2
-128801
-48863.9
-38842.3
-45690.4
-55724.4
-51377.2
-202709
-47289.4
-55388.4
-23717
-40020.7
-35568.3
67111.5
-45686.2
-30177.2
-38876
-50523.7
-46568.3
-46353.7
-47152.6
-47126.5
-38930.7
-39046.6
-49237.8
-38920.2
-38936.3
-196333
-16576.9
-38930.4
-46374.2
-38925.4
-47104.4
-52704.9
-38937.5
-46571.4
-31485.8
-48535.8
-31221.1
-42431.4
-6550.92
-6593.76
-28841.9
-27916.9
-46463.4
-49528.6
-46650.9
-55882
-38932.7
-28588.8
-38937.8
-40491.5
35092.3
-45081.5
-46083
-39146.5
-35063.7
-30015.2
-26206.7
-38932.4
-38932.3
-38932.6
-38924.7
-38924.4
-38924
-39923.8
-41543.9
-191314
-173740
-191829
-236011
-28738.5
-17210.6
-18730.3
-30351.3
-14465.8
-24145.6
-19595
-25694.4
-11594.7
-11584.7
-22704.9
-37618.7
512865
-63511.2
-118910
-107547
-113424
-83205.5
-68065.9
-102665
-82652.8
-47132.1
-50820
-62204.8
-71118.4
-27133.3
-38735.5
-26393
-38902
-51973.3
-27013
-38903.8
-38691.6
-38902.8
-38719.4
-38937.2
-38921.7
-38913.8
-38931.6
-38929.9
-38936
-38931.2
-38939.1
-38942.1
-38940.6
-38939
-38965.4
-38967.5
-38956.5
-38943.5
-38737.4
-38739.2
-38769.7
-38766
-38728.2
-38119.4
-38112.9
-171846
-186873
-56527.4
-73724.6
-140119
-129347
-46859.2
-45165.1
-48016.5
-48430.1
-47920.6
-46846.9
-48268.7
-48261.7
-47393.3
-48257.3
-45087.3
-49847.7
-49645.8
-45087.6
-46026.8
-46466
-46589.3
-46513.3
-46418.2
-46265.4
-46480.5
-46566.1
-47069.9
-46866
-47058.1
-47233.7
-47381.2
-47630.1
-47210.9
-49756.8
-49571.7
-49405.7
-50342.3
-52082
-51012.8
-49601
-55584
-57135.9
-54989
-55863.6
-57013.6
-56049.5
-57436.5
-57738.1
-57752.1
-59028.1
-58887.7
-58217.8
-60790.3
-59645.5
-62504.4
-49898.7
-46500
-49142.5
-55078
-41420.5
-36906.6
-37833.4
-7855.42
-8795.55
-3140.2
40594.6
41993.7
40389.6
2427.85
92699.8
41749.6
89189.1
102965
91102.9
-23898.7
56995.6
68061.4
84770.7
84102.6
14248.5
10841.5
2721.8
-12978.2
-6644.19
-13348.5
-13586.2
-5209.18
-13891.4
-31816.3
-29554.1
-28184.7
-16841.6
-22557.3
-19648.2
-18184
-30269.3
-15108.7
-30273.2
-26519.7
-32958.3
-32349
-26578.6
-26447.6
-28014.7
-25811
-22965.6
-15661.7
-59826
-60856.8
-88508.2
-54063.4
-56038.8
-58676
-52028.8
-57458.1
-114165
-98487.1
-93082.1
-45895.6
-63034.9
-56199.9
-48862.3
-46711.4
-51567.8
-35881
-438929
-441962
-196347
-442005
-439646
-209667
-440076
-730601
470230
-719433
379949
299888
-129759
-494167
-312133
-339163
-51463
-282635
-280733
-72054.3
-121675
-132497
-36944.3
-29928.8
-33024.5
-34083.2
-33208.4
-34759.5
-34090.3
-33321.4
-34917.7
-34831.8
-32858
-47160.9
-45246.3
-50670.6
-48878.5
-47803.6
-48380.2
-47691.3
-47322.7
-47444.5
-47367.7
-47211.7
-47001.2
-47220.8
-47064.1
-47136.8
-47366.8
-47153.7
-46556.6
-46688.2
-46620.8
-47123.6
-47248.7
-38906
-38929.7
-38984.6
-38750.3
-38633.6
-38612
-38484.8
-38562.5
-38612.5
-38659.7
-38606.1
-38896.4
-38890.4
-38875.9
-38909.8
-38848.8
-38877.3
-38906.2
-38844.7
-38956.9
-38952.1
-38907.4
-38951.2
-38946.8
-38931.4
-38954.7
-38899.3
-38895.8
-38951.6
-38934.6
-38935.9
-38931.4
-38936.9
-38937.4
-38937.5
-52119.9
-38933.2
-38934.6
-38932.9
-38932.6
-38936.3
-38933.8
-38932.5
-38936.4
-38930
-38934.2
-38756.2
-38718.2
-38727.9
-38086.2
-38094.5
-38710.9
-38634
-46549.1
-46258.3
-46471.5
-46956.4
-47089.9
-51386.4
-58154.5
-59116.1
-42321
-121561
-49292.1
-35202.9
-2181.81
3782.78
-7176.39
112857
107171
85237.9
54236.4
-10651.8
-45759.8
-34659
-24242.9
-23111.9
-14435.4
42956.7
-29461.2
-174305
-54443.3
-80331.8
-52288.8
-51700.9
-54293.2
-57827.8
-43922.2
-88830.7
-43378.1
-440421
-442215
-442352
-709787
-157562
-280708
-88526.4
-112280
-77772.5
-38517.1
-36698.9
-34329.2
-34566.1
-33594.2
-33644.5
-48886.9
-47571.9
-46996.1
-47098.1
-47599.2
-47204.8
-47283.2
-48199.3
-47148.8
-46654.8
-46773
-46601.5
-38843.3
-38422.1
-38631.1
-38928.7
-38907.9
-38864.1
-38912
-38847
-38905.6
-38960.7
-38969.6
-38972.9
-38939.9
-38646
-38931.6
-38937.2
-38937.1
-38935
-38936.6
-38940.1
-38932.3
-38936
-38933.6
-38930.8
-38927.1
-38926.6
-38927.5
-38927.4
-38927.6
-38928
-38928.4
-38929.2
-38934.9
-38931.4
-38929.6
-38930.7
-38929.4
-38930.4
-38930.2
-38929.4
-38933.4
-38933.3
-38933.4
-38933.9
-38932.1
-38932.2
-38936.6
-38932
-38929.7
-38968.3
-38958.4
-38971.1
-38963.8
-38961.7
-38876.7
-38859.4
-38766.8
-47717.1
-48039.7
-48947.4
-48487.6
-48641.2
-71010.2
-58306.4
-59447.8
-65246.5
-120568
-103370
-114671
-57045.1
-123566
-45887.7
-45039.3
-45492.9
-46245.6
-46250.4
-46054.4
-45894.3
-46727.5
-46244.7
-46794.3
-46929.4
-46308.4
-46696.9
-47442.9
-47150.2
-47574.5
-47328.5
-47389.2
-47696.4
-47729.6
-47829.3
-47651.3
-47499.4
-48377.9
-48211.5
-48763.8
-48913.9
-47067.7
-48640.3
-48315.9
-48996.5
-49288.3
-48898.9
-50227.2
-50386.1
-50501.4
-50954.3
-50952.4
-50928.4
-51297.5
-51289.9
-51437
-52720
-51777.3
-51243.2
-54252
-51482.3
-53211.4
-52194.6
-52813.6
-51723.2
-24811.2
-19087.6
-21246.9
-15275.3
-14355.3
-3514.74
-20418.4
-16370.9
-18991
-21886.4
-29525.9
-16605.4
-16043.3
-29191.2
-22300.6
37438.8
-16504.4
-54661.6
-40803
-56274.2
-36897
-46444.3
-38562.2
-33781.6
-6227.15
-29617.5
-32304.3
-29755.5
-30442.2
-32273.6
-31645
-33085.7
-32413
-33001.4
-30643.5
-29500.5
-27934.2
-28168
-27436.5
-31929.4
-27502.5
-27235.1
-27748.1
-29301.7
-28489.8
-27386.8
-25703.8
-41512.3
-24071.5
-25289.7
-24150.1
-28325
-23943.7
-51729.7
-75938.8
-51314.4
-63461.3
-118064
-87967.1
-85246.7
-76647.2
-58318.6
-54606.8
-58226
-56773
-56059.5
-60643.1
-52844.5
-54397.9
-54434.7
-61826
-51469
-60221.3
-64687.4
-61199.2
-72564.9
-41439.6
-60053.5
-445818
-191038
-47127.1
-161394
-186729
-75898
-122702
-47113
-187372
-85203.9
-75030.2
-89712.8
-63492.8
-65050.9
-52871.9
-79263.1
-50026.6
-49857.5
-45055.3
-46620.1
-44965.3
-43588.4
-43528.3
-43412.8
-43314.6
-43589.1
-43946.2
-43412.6
-43603.4
-43814.6
-43292.6
-44275.3
-43554.2
-44142.1
-45417.8
-44784.2
-46256.8
-44875.5
-45287.6
-45803.8
-46045
-45799.9
-45613.6
-45799
-45919.5
-46002.3
-45900.7
-46438.8
-46164.9
-47079.6
-46035.2
-45846.9
-46080.8
-39584.1
-38433.8
-39620.7
-39008.3
-39034.7
-39018.2
-39010.6
-39010.3
-39002.7
-38933.9
-38886.8
-38872.6
-38938.4
-47152.7
-38927.3
-38914.3
-38935.9
-38932.7
-38931.5
-38931.6
-38932.4
-27860.9
-38933
-38932.3
-38932.1
-38933.6
-38929.8
-38929.1
-38938.9
-38929.9
-38930.3
-38927.1
-38932.1
-38933.1
-120834
-24992.9
-25779.1
-49610.3
-49232.9
-48805.2
-38930.7
-38930.4
-38931.1
-38930.9
-38927.1
-38929.5
-38930.2
-38929.2
-38929
-38929.4
-38930.8
-38930.6
-38930.1
-38930
-38930
-38930.7
-38930.4
-38929.2
-38931.9
-50266.6
-38931.5
-38930.7
-38931.1
-38935.4
-38963.7
-38958.3
-38949.7
-38965.3
-38486.9
-38872.9
-57927.9
-47546
-48417.7
-48589.6
-48328
-48267.9
-48359.2
-48616
-49104.6
-57443.2
-66798.7
-52094.6
-54514.6
-48038.4
-52189.4
-56418.2
-46065.3
-45441.7
-45597.3
-46296.1
-46333.4
-46515.1
-46476.4
-46535.3
-45867.3
-46400.5
-45505.4
-46841.4
-46717.5
-46360.7
-46311
-46508.7
-46344.8
-46071.4
-46300.5
-46318.9
-46321.6
-46242.8
-46396.9
-46738.8
-46081.4
-46303
-46321.5
-47005.3
-46343.4
-46121.2
-46541.5
-45886.7
-46399.6
-46786.1
-49044.7
-47027.9
-46341.9
-46747.8
-52386.3
-49435.1
-47155
-47125.9
-47235.3
-47140.2
-47165.7
-47277.6
-47115.2
-46967.3
-51256.4
-54398.1
-48690.4
-52466.5
-27752.4
-28728
-52512.1
-52795.8
-53710.1
-34473.2
-54626.9
-36111.3
-30883.7
-22696.8
-25920.8
-23352.2
-5924.52
-20281.5
-28470.5
-25858.2
-25103
-24043.9
-25158.5
-26760.3
-26512.5
-26362.8
-28412.5
-27799.8
-25367.9
-25805.1
-28916.4
-20522.2
-26420.7
35932.9
-21031.1
-19555.5
21978.9
-4862.31
-33275
-33177.8
-31354.7
-32524.9
-22767.5
-32072.8
-30191.9
-33106.6
-33771.5
-31790.1
-34165.3
-29425.2
-32272
-33540.1
-30425.6
-31384.1
-32947.7
-32824.7
-24634.7
-29465.2
-26757.1
-30807.9
-29838.4
-29664.7
-29876.7
-28213.5
-28250.5
-28395.7
-27968.3
-28495.2
-28233.3
-30093.3
-29568.6
-27670.1
-28081.7
-27585.3
-28067.5
-27858.6
-27855.7
-26957.3
-27229.9
-26767.2
-26157.2
-26173
-26528.4
-50350.8
-24098.4
-70036.4
-48801.9
-51765.7
-52014.3
-50829.5
-52505.8
-63169.2
-51648.4
-52048.1
-57212.3
-52323.7
-52909
-52571.4
-51667.8
-49830.1
-54205.9
-56388.4
-52487.9
-53074.4
-51269.5
-41559.4
-68282.8
-68011
-68653.3
-76920.8
-59120.3
-71464.7
-54842.8
-54933
-54117.1
-55399.9
-53149.2
-52291.5
-51898.6
-51427.3
-51216.1
-49888.5
-51875.9
-48317.1
-43242.9
-46320.9
-48560.7
-46144.6
-43223.8
-43362.1
-45203.1
-45210.4
-43333.2
-45234.6
-45307.9
-45185.4
-45374.3
-45785.5
-45300.8
-43554.1
-45263.5
-45580.1
-45365.8
-45594.9
-45263.6
-45317.5
-45386.1
-46467.7
-46126.8
-52269.3
-45316.7
-44798.4
-45677.9
-45536.5
-45777.8
-45836.2
-45564.7
-45681.1
-45766.1
-45568.8
-45986.2
-45926.4
-46220.9
-46117.2
-46163.9
-45835.1
-46041.2
-45992
-46200.8
-46448.6
-45841.8
-45770.8
-38896.2
-56694.9
-38850.9
-38799.4
-38985.6
-38883.7
-39003.5
-38835.8
-38919
-38928.6
-38918.1
-38869.8
-38933.6
-38942.4
-38934.4
-38930.7
-38929.6
-38930
-38930.3
-38930.3
-38934
-38931.1
-38932.9
-38930.9
-38933.1
-38930.2
-38929.6
-38932.1
-38929.1
-38939.3
-38927.5
-38931
-38930.2
-38927.8
-53986.1
-52177.2
-26986.4
-25292.1
-26505.1
-26782
-26108.9
-26022.8
-26317
-48865.5
-48582.9
-27915.9
-48215.4
-48718.5
-54205.5
-47944.4
-49882
-49251.4
-38928
-38929.5
-38930.3
-38928.9
-38949.8
-38895.6
-38944.4
-38881.7
-27865.2
-28644
-28473.4
-28379.8
-22073.3
-38930.4
-38929.8
-38928.9
-38928.8
-38924.9
-38931.1
-38930.6
-38929.9
-38928.4
-38929.7
-38931
-38930.2
-38930
-38928
-38931.5
-38933
-38956.1
-48681.3
-49342.3
-48530.7
-49584.6
-52797.9
-51660.9
-52211.7
-53049.9
-46544.2
-48621.2
-47554.3
-46174.6
-46312.8
-46439.8
-46509.2
-46423.5
-46401.1
-46002
-46395
-45424.5
-45459
-46363.5
-46188.3
-45980.5
-46345
-45002.6
-45256.4
-44365.8
-45757.6
-45721.6
-46114.9
-44833.6
-47112.6
-45304.7
-45148.2
-47618.5
-46692.7
-48396.9
-38929
-38929.2
-52997.2
-52962.6
-53190.6
-52916.1
-50039.3
-46870.1
-32697.9
-33431.9
-33776.4
-28152.6
-27819.1
-27158.1
-22508.2
-26771.5
-25286.8
-26812.3
-26318.9
-26746.5
-26460.6
-27809.4
-25753.5
-27743.8
-31432
-30447.1
-29596
-30206.9
-32424.2
-30793.5
-31206.9
-31126.2
-29964.8
-29969.2
-28827.7
-29251.5
-29993.3
-51041.3
-51336.8
-52151.1
-29612.7
-28684.3
-28611.6
-30312.2
-27892.6
-27731.4
-27203.7
-53166.6
-53366.6
-53220.6
-51807.5
-52720.8
-55038.9
-52811.4
-50816
-38956.6
-38923.3
-38939.6
-38942.3
-38933.4
-38932.2
-38931
-38930.4
-38932.1
-38931
-38930.5
-38932.5
-38932.2
-38929.4
-38928.8
-25625.2
-52510.6
-53918.4
-53757.2
-49066.4
-38928.1
-53770.4
-61291.2
-38868
-55149.1
-30430.7
-30011.3
-38930.7
-38932.8
-29883.7
-27494.9
-28183.1
-28480.9
-49319.6
-53421.4
-53666.8
-51423.7
-75392.6
-66935.6
-46473.8
-46130.2
-45909.6
-38997.3
-38989.1
-38944.7
-38936.1
-38933.2
-38935.8
-57192.4
-49542.2
-38931.5
-38931.6
-38943.4
-47165.8
-46409.4
-38930.2
-48919.5
-48985.3
-23218.3
-28007.4
-26718.5
-32182.2
-23832.9
-49334
-53161.1
-27242.6
-35433.7
-25996.9
-52094.3
-53281.7
-53061.1
-51142.6
-49302.9
-45555.4
-45639.3
-46204.8
-38931.1
-38922.6
-38927.8
-38931.7
-38930.4
-52601.9
-51893.6
-38939.9
-51390.1
-45396
-45027.7
-38930.4
-45708.4
-53398.3
-27297.7
-26872.6
-38930.7
-38929.4
-51423.6
-38924.3
-38923.7
-154488
-17889.6
-11581.1
-38928.7
-81150
-64682.1
-64337.8
-38930.3
-38905.5
-26032.4
-38741.9
-38819.4
-48176.8
-38930.4
-46310.1
-38929.4
-58385.2
-2069.4
44909.8
46391.1
-20698.6
-65208.3
-51190.2
-52711.5
-45856.1
-228431
-32934.5
-45915.7
-48409.8
-45684.1
-45561.4
-47211.1
-47005.4
-47419.2
-46555.4
-38863.3
-45080
-38615.8
-38633.8
-38587.7
-38857.1
-45296.8
-38898.4
-45291.2
-38936.2
-38922.5
-38620.7
-38955.3
-38937.1
-38644.1
-38933.7
-77089.8
-50604.3
-53239.9
-45953.1
-46633.5
-38901.5
-39016.9
-38937.8
-51916.2
-38934
-38911.7
-38843.9
-46384.8
-49683.4
-49928.1
-23615.3
-28646.2
-21476.7
-57675.1
-48660.1
-50166.6
-69891.8
-52334.2
-43946.7
-46165.2
-45895.8
-39654.9
-39018.4
-38915.7
-38898.5
-38933.6
-52516.3
-38930.2
-38933.5
-49335.6
-38929.4
-53800.8
-38930.1
-38931.3
-46145.6
-52437.7
-46312.6
-46605.1
-46882.4
-48635.2
-50348.8
-48295.3
-32033
-23908
-21372
-38929.1
-38928.7
-38928.9
-38930
-51721.5
-53969
-53455
-53000
)
;

boundaryField
{
    Wall
    {
        type            zeroGradient;
    }
    Inlet
    {
        type            zeroGradient;
    }
    Outlet
    {
        type            fixedValue;
        value           uniform 0;
    }
    Empty
    {
        type            empty;
    }
}


// ************************************************************************* //
