/*--------------------------------*- C++ -*----------------------------------*\
| =========                 |                                                 |
| \\      /  F ield         | OpenFOAM: The Open Source CFD Toolbox           |
|  \\    /   O peration     | Version:  2312                                  |
|   \\  /    A nd           | Website:  www.openfoam.com                      |
|    \\/     M anipulation  |                                                 |
\*---------------------------------------------------------------------------*/
FoamFile
{
    version     2.0;
    format      ascii;
    arch        "LSB;label=32;scalar=64";
    class       vectorField;
    location    "0.49995/lagrangian/kinematicCloud";
    object      U;
}
// * * * * * * * * * * * * * * * * * * * * * * * * * * * * * * * * * * * * * //


150
(
(0.171821 0.163495 -0.086479)
(-0.177545 -0.139405 -0.142004)
(-0.0489014 -0.0481284 -0.0590536)
(-0.141855 -0.139718 -0.0779181)
(2.75769 -1.93499 -0.298674)
(0.64218 -0.618727 -0.000551868)
(2.4908 0.605202 -0.0904516)
(2.4908 0.605202 -0.0904516)
(2.7008 0.69209 -0.169888)
(3.14729 0.779717 -0.159346)
(3.14729 0.779717 -0.159346)
(3.06786 0.754718 -0.129426)
(3.1636 0.797491 -0.181571)
(3.06786 0.754718 -0.129426)
(1.90894 0.605218 -0.126723)
(2.4908 0.605202 -0.0904516)
(3.1636 0.797491 -0.181571)
(3.1636 0.797491 -0.181571)
(2.5257 0.666171 -0.140609)
(3.14729 0.779717 -0.159346)
(2.4908 0.605202 -0.0904516)
(1.90894 0.605218 -0.126723)
(3.1636 0.797491 -0.181571)
(3.14729 0.779717 -0.159346)
(2.43938 0.636778 -0.0980233)
(1.90894 0.605218 -0.126723)
(3.14729 0.779717 -0.159346)
(2.43938 0.636778 -0.0980233)
(3.39684 0.801415 -0.169314)
(1.90894 0.605218 -0.126723)
(3.14842 0.725279 -0.149572)
(0.301384 0.304404 0.0155119)
(0.272507 0.0437971 0.00226043)
(2.4908 0.605202 -0.0904516)
(2.4908 0.605202 -0.0904516)
(0.544597 0.117369 0.011612)
(2.36721 2.327 -0.0842908)
(2.31226 2.25037 -0.106236)
(0.173832 0.174647 0.00658997)
(0.162715 0.162018 -0.00137087)
(0.171833 0.172726 -0.00428315)
(0.303544 0.322351 -0.118917)
(0.163641 -0.163284 -0.00164076)
(0.166089 -0.166604 -0.00301673)
(2.36038 -2.36805 -0.0454368)
(0.225875 -0.227019 -0.00894794)
(0.237661 -0.23356 -0.0144803)
(2.55461 -2.55243 -0.0643353)
(0.159622 -0.158177 0.00209458)
(2.63355 -2.61931 -0.0833577)
(0.227134 -0.228313 -0.016816)
(2.84007 -2.84221 -0.199063)
(0.58033 -0.596907 -0.0479482)
(2.63274 -2.73457 -0.195811)
(0.661192 -0.648491 -0.117309)
(2.86665 -2.8587 -0.287611)
(0.245503 -0.245232 -0.0146547)
(0.247675 -0.247852 -0.0179974)
(0.236038 -0.235925 -0.0071499)
(2.65985 -2.62452 -0.439565)
(-0.214937 0.223759 0.205969)
(-0.510054 0.48516 0.333429)
(-0.521026 0.50757 0.401429)
(3.63772 0.878706 -0.176673)
(4.40118 1.138 -0.17219)
(3.86878 0.786519 -0.183625)
(3.89807 0.852881 -0.19509)
(3.6578 0.810413 -0.153935)
(3.57123 0.779229 -0.137697)
(3.57123 0.779229 -0.137697)
(3.78894 0.856614 -0.17719)
(3.77573 0.781219 -0.209507)
(3.78894 0.856614 -0.17719)
(3.78894 0.856614 -0.17719)
(3.86878 0.786519 -0.183625)
(4.0559 0.409129 -0.167816)
(0.142544 -0.0269247 -0.0689508)
(4.0559 0.409129 -0.167816)
(-0.142024 -0.139902 0.0778343)
(-0.115022 -0.128505 0.291347)
(-0.177928 -0.17281 0.101382)
(-0.270843 -0.272935 0.540509)
(-0.169099 -0.102482 0.593754)
(0.137171 0.139352 0.0181627)
(-0.127938 -0.124863 0.0930864)
(-0.270843 -0.272935 0.540509)
(0.136303 0.138645 0.00539396)
(-0.158253 0.0286624 -0.108738)
(0.201957 -0.304356 0.00349124)
(2.49562 0.60256 0.078387)
(3.05333 0.754476 0.126936)
(3.13192 0.779415 0.15715)
(2.68273 0.694114 0.168228)
(2.68273 0.694114 0.168228)
(2.68273 0.694114 0.168228)
(2.50676 0.66611 0.137842)
(1.88255 0.607414 0.125018)
(3.14835 0.797119 0.179645)
(3.05333 0.754476 0.126936)
(3.14835 0.797119 0.179645)
(3.14835 0.797119 0.179645)
(2.50676 0.66611 0.137842)
(2.50676 0.66611 0.137842)
(3.13192 0.779415 0.15715)
(2.49562 0.60256 0.078387)
(2.50676 0.66611 0.137842)
(2.50676 0.66611 0.137842)
(1.88255 0.607414 0.125018)
(1.88255 0.607414 0.125018)
(3.06278 0.767118 0.17779)
(0.372582 0.36949 -0.00190675)
(0.320219 0.317132 -0.00490669)
(2.49562 0.60256 0.078387)
(3.35175 0.69875 0.103366)
(3.35175 0.69875 0.103366)
(1.73483 1.66928 0.298792)
(0.178275 0.173805 0.0267746)
(0.168619 0.167073 0.0425793)
(0.20813 -0.206491 0.00455013)
(0.212641 -0.211303 0.00583315)
(0.163495 -0.163287 0.002656)
(0.227431 -0.22862 0.0164161)
(2.86473 -2.83025 0.202074)
(0.241264 -0.24268 0.022257)
(0.244942 -0.246743 0.00660308)
(2.66041 -2.62504 0.43858)
(2.86422 -2.89364 0.425075)
(3.23148 0.63351 0.0926479)
(3.23148 0.63351 0.0926479)
(3.23148 0.63351 0.0926479)
(3.23148 0.63351 0.0926479)
(3.23148 0.63351 0.0926479)
(3.23148 0.63351 0.0926479)
(3.62673 0.878691 0.175135)
(3.55847 0.855539 0.176399)
(3.55847 0.855539 0.176399)
(3.55847 0.855539 0.176399)
(3.55847 0.855539 0.176399)
(3.55847 0.855539 0.176399)
(3.90047 0.869662 0.200991)
(3.89269 0.84903 0.195338)
(3.76351 0.933619 0.180586)
(3.64779 0.808711 0.152955)
(3.76826 0.779663 0.208304)
(3.83477 0.720547 0.189543)
(3.83477 0.720547 0.189543)
(3.89269 0.84903 0.195338)
(3.88537 0.820837 0.199808)
(3.82631 0.870093 0.185155)
(3.86238 0.878156 0.192482)
)


// ************************************************************************* //
