/*--------------------------------*- C++ -*----------------------------------*\
| =========                 |                                                 |
| \\      /  F ield         | OpenFOAM: The Open Source CFD Toolbox           |
|  \\    /   O peration     | Version:  2312                                  |
|   \\  /    A nd           | Website:  www.openfoam.com                      |
|    \\/     M anipulation  |                                                 |
\*---------------------------------------------------------------------------*/
FoamFile
{
    version     2.0;
    format      ascii;
    arch        "LSB;label=32;scalar=64";
    class       volScalarField;
    location    "3.2";
    object      p;
}
// * * * * * * * * * * * * * * * * * * * * * * * * * * * * * * * * * * * * * //

dimensions      [0 2 -2 0 0 0 0];

internalField   nonuniform List<scalar> 
2958
(
-34615.3
-28620.6
-8463.2
-57380.9
-32424.7
-7839.44
-32040.9
-33964.9
-13264
-35402.9
-33550.8
-27700.3
-34900.9
-27708.6
-34057.6
-33482.8
-30114.2
-34884.9
-27701.1
-36092.8
-27439.9
-28530.5
-27226.4
-36014.2
-34893.4
-34714.6
-16980.2
-35688.3
-31503.3
-33689.2
-34682.3
-33620.7
-27797.3
-13822.5
-32609.6
-37222.5
-27706.4
-27380.1
-36388
-39036.5
-231143
-34079.9
-31631.3
-34458.6
-27701.2
-23162.8
-33348.9
-28314.1
-47181.6
-31246.2
-34052.4
-30571
-38837.2
-33354.2
-34110.2
-62928.2
-35465
-36190.7
-34590.6
-88392.7
-37054.3
-36018.5
-32080.5
-33702.3
-27714.9
-27708.2
-33365.4
-29082.1
-25024.4
-39112.9
-28999.9
-27697.7
-26866.5
-34775.4
-27731.2
-33491.4
-37196.1
-31968.9
-27684.1
-34056.9
-34859.9
-30221.2
-35778.1
-36108.4
-36111.7
-33762
-30812.4
-33793.3
-28892.1
-27847.9
-32290.5
-30914.4
-33068.4
-27697
-29925.1
-35205.6
-40206.5
-57170.4
-27710.3
-27704.4
-57275.1
-34601.3
-35024.7
-29366.9
-27807.8
-29982.8
-27695.5
-48361.8
-27723
-32125.8
-93970.5
-34179.6
-27718.3
-34997.6
-27707
-27710.9
-33694.7
-34350.8
-29509.6
-34434.5
-41333.4
-27699.3
-33053.8
27735.2
-40786.7
-36403.3
-40292.2
-29047.2
-34706.5
-27689.5
-27711.2
-27663.6
-34375.7
-27715
-27699.3
-27715.4
-35056.7
-35730.7
-27706.2
-27709
-36768.8
-31278.1
-27471.1
-27738.7
-34757.5
-27385.3
-27721.2
-27702.3
-29310.7
-27701.1
-36141.8
-40648.7
-35509.4
-28582.4
-35577.7
-27725
-27129.3
-34823.8
-32056.5
-64958.9
-35900
-35902
-35335.6
-27704.4
-45590.4
-40704.8
-24957.6
-27709.4
-44419.2
-18360
-34961
-27696
-27976.4
-32095.2
-27743.3
-10115.9
-29003.5
48567.4
-18525.2
-25222.6
-26914.5
-28872.3
-34748.3
-123863
-29517.1
-29060.7
-29424.2
-27722.7
-29751.8
-51916.8
-30611.8
-31100.4
6803.09
-39656.3
-26663.1
-31148
-28231.5
-35645.1
-34043
-89147.9
-36396.5
-27712.8
-34675.4
42580.9
-72254
4079.08
-29691.5
3452.83
-30409.9
-49436.8
-27708.4
-27837.9
-27717.7
-28765
-27713.5
16759.4
-33723.7
-27711.2
-27712.2
-27709.2
-27685.1
-31150.9
-32046.2
-28803
-198383
-33866.8
-35756
-27713.6
-26189.8
-27626.1
-30434.2
-35194
-30275.1
-31545.1
-31385.9
-27680.3
-27760.7
-34621.6
-27766.4
-4932.03
-27742.7
-5824.32
-49304.4
-35615.5
-34813.2
-69101
-32598.6
-34992.6
-33647.2
-34584
-37063.5
-33972.4
-34224.4
38031.8
-57118.4
-25855.9
-34059.2
-29317.6
-34505.5
-29943.7
-34155.3
-27525.9
-34439.3
-58147.9
-33401.1
-33116.7
-34868.9
-34833.9
-26664.7
-27283.6
-27706.3
-30056.2
-34144.4
-27693.4
-29214.8
-34832.1
-27709.1
-29561.8
-27714.6
-29449.4
-27707.4
-27686.9
-33239.6
-33807.1
-31552.9
-27705.1
-29036.8
-77777
-100996
-33526.9
-35924.8
-27866.8
-27706.3
-27702.2
-35680.2
-1723.66
-27708.4
-34105.2
-27708.9
-35472.9
-34845.4
-32159
-29167.6
17200.9
-36868.6
-2986.48
-62703.5
-27527.7
-33703.6
-34431.2
-27723.7
-34338.6
-33821.9
-27720.2
-29351.4
-197272
-34482.9
-32050.2
-29738.4
-35054.3
-29369.5
-31123.8
-34404.5
-25235
-16842.4
-27296.9
-34194.3
-27659.6
-96511.4
-156637
-31014.3
-35354.9
-27697.2
-27706.1
-15752.5
-27706.2
79035.3
-78370.2
81001.2
-27722.7
-33800.1
-30698.2
-31982.1
-31186.1
-27725.7
-30996.4
-27725.5
-31208
-38192.5
-36909.1
-46124.8
-34634
-40035.6
-38584.7
-21751.8
-33997.1
-27708.7
-34488.3
-40385.9
-34538.2
-156423
-34885.6
-45492.1
-23926.2
-35219.5
-37011.4
-32072.2
-77726.4
-51759.8
-35039.6
-40799.3
-32898.8
-27708.7
-47800.6
-33934.2
-30249.4
-34007.9
-36354.1
-32556.1
-30648.6
-37086.9
-32898.1
-27710.1
-34422.2
-30740.3
-27825.8
-35230.4
-35777.4
-27021
-27702
-35212.3
-27706.3
-27333.8
-29005.2
-32360.8
155538
-156504
-27708
-27702.3
-32541
-34778.7
-33984.5
-28483
-55578.2
-33866.5
-34760.9
-27748.7
-33790.1
-34569.2
-38100.8
-35728.4
-34862.3
-33575.8
-31908.3
-33282.4
-32365.6
-33023.5
-71403.2
-34473.6
-34484.4
-27701.5
-29758.5
-26508.5
-27419.2
-34734.8
-27350.5
-30047.1
-34739.4
-34428.9
-28691.4
-32843.7
-33219.7
-27704.8
-38055.3
-36153.1
-31571.4
-26964
-36788.1
-36701.1
-27714.4
-28297.4
-29493.8
-34149.2
-41382.4
5763.85
-28437.4
-27649
-24200.4
-27756.2
-30548.5
-27735.4
-35094.6
-31990.2
-26043.7
-36372.8
-40282.2
-27707.3
-34371.7
-28728.6
-27708.4
-31434.8
-57754.5
-37493.5
-34937.3
-34011.1
-31973.2
-17352
-33120.8
-34025.6
-30322.9
-34736.2
-27700.6
-34980.9
-21881.8
-33850.5
-28673.5
-33016.7
-31009.4
-14205.8
-33350.6
-34873
-30292.8
-27713.9
-26911.6
-28390.7
-34469
-34647.2
-33094.7
10309.7
-34512.8
-27685.2
-30993
-50331.7
-34423.9
-29835.5
-33403.2
-35432.4
-27725.6
-27742.8
-27690.9
-31431.1
-27735.7
-27713.5
-36837
-35408.4
-27706.5
-62076.4
-20395.2
-42423.4
-38896.6
-27718.8
-27704
-34537.6
-27708.6
-34020.1
-34056.8
9187.46
-35229.2
-30180.1
-37533.5
-27671.3
-30525.4
-34548.2
-24916.2
-33933.9
-33900.7
2283.94
-27513.4
-33335.4
-43173.6
-33340
-27847.4
-30147.7
-27698.1
-31057
-32057
-27875.1
-31630
-36449.4
-33366
-35052.9
-33717.2
-27701.3
-33342.3
-27678.4
-30957.2
-33314.4
-27238.5
-27706.7
54645.6
-27719.6
-27705.4
-29084.6
-35625.9
168376
-35155.8
-35036.7
-34420.7
-33780.9
-35463.4
-34287.6
-27610.7
-33731.3
-34671.4
-34271
-34107.4
-27715.3
-33995.1
-3395.43
-34156.1
-35857.8
-34353.1
-27727.6
-27746.1
-27907.5
-19455.3
-27748.7
-33291.6
-27710.8
-35292.9
-28996
-29323.1
-33410.9
-23926.8
-36839.3
-27535.3
-27785.8
-27704.6
-29504
-35121.3
-27708.2
-27714.5
-34440.2
-37775.8
-27361.6
-40489.1
-32828.1
-39469.5
-34474
-26358.2
-27697.7
-34599
-27822
-36983.1
-24840.7
-34765
-34451.1
-39336.3
-26730
-27705.5
-33888.8
-31055.8
-27716
-27708
-32910.8
-36186.5
-32067.1
-29572.9
-27701.2
-24321.5
-33895
-53222.5
-35057.9
-28658.4
-34427.4
-27716.5
-32011.1
-34281.7
-33880.8
-27709.8
-40161.9
-27710
-29782.9
-27709.1
-32161
-33807.3
-27971
-24630.3
-36454.6
-31709.6
-27674.8
-35795.5
-35138.4
-27973
-34462.4
-34564.4
-30421.1
-27666.7
-33750.8
-27706
-27715.6
-41539
-40780.5
13233.4
-35057.6
-29762.1
-29693.1
-26635.8
-43902.8
-34077
-34401.6
-26587.5
-27732.7
-27919.8
-26266.1
-27715.4
-27798.1
-27752.8
-34872.3
-33123.5
-34684.2
-30332.2
-73375.8
-104878
27862
-27001.5
-34257.3
-58119
-27669.6
-27705.4
-31120.3
-34642.1
-27704.7
-30217
-27716.5
-29959.4
-27981
-34083.8
-35836.3
-29649.5
-26729.1
-26233.8
-36520.1
-36882.2
-34593.9
-27032.8
-36053.3
-36122.4
-34492
-27653.5
-27715.8
-36363.8
-33820.1
-36001.3
-35911.4
-33272.8
-32119.1
-71037.7
-36201.3
-32258.9
-34880.2
-30098.6
-29822.1
-34589.4
-38094.8
-35150.8
-36352.7
-34303.6
-44342.8
-30987.8
-21752.7
-27651.1
-29813.4
-35305.7
-27713.8
-24423.3
-27712.4
-170800
-32023.9
-27690.6
-37763
-93876.2
-36550.8
-29258.6
-26039.2
-37431.6
-35671.9
-35132.2
-27448.2
-32082.9
-34613.8
-29434.3
-156117
-34437.9
-34356.5
-27026.8
-41331
-32095.1
53058.7
-43436.9
-57625.7
-26989
-27699.9
-80366
14239.8
9245.42
-33639.9
-36006.2
-34888.6
-30962.3
-27711.6
-27705.6
-27707.1
-40795.9
-29218.2
-27710.4
-34552.4
-27712.6
-41036.4
-27622.8
-27842.2
-25154.2
4222.93
-37000.5
-27709.9
-27714.6
-37544
-36311.7
-27703
-27707.9
-29668.7
-27707.6
-56264.3
-36545.9
-27934.4
-31677.1
-34483
-27686.5
-28776.7
-34248.1
-34167.4
-39987.5
-34212.1
-34449.3
-25330.5
-31602.2
-27025
-33780.4
-34291.3
-36225
-26034.7
-27741.1
-36904
-48420.3
-33786.5
-37500.6
-35554.5
-33311.4
-29038.8
-35554.2
-29705.6
-32268.5
-35597.8
-27713.6
-33055.8
-38227.7
-33250.3
-33777.5
-8469.42
-69162.9
-34912.5
-33464
-34818.9
-38165.7
-33907.3
-24150.4
-33203.7
-36887.5
-24456.4
-35113.2
-29539.1
-33773.2
-34632.7
-94629.8
-34407.7
-29513.7
-35990.6
-27708.8
-60970
-33269.9
-39095.3
-34476
-27716.6
-27379.7
-27696.8
-33050.8
-34450.6
-24581.6
-33814.2
-35047.2
-34576.6
-35515.8
-36016.1
-9133.19
-29724.2
-35699
-28508.7
-27725.6
-35003.6
-35738.5
-30562.1
-12456.6
-36186.8
-33739
-49759.2
-24497.6
-30966.1
-40351.7
-27829.2
-33074.1
-36624.5
-27704.9
-28834.8
-109159
-62976.4
168720
-33637.5
-27704.9
-27394.7
-33820.1
-27707.5
-27707.4
-27706.3
-37129.8
-34516.5
-30935.3
-29262.5
-18374.1
-33794.9
-30593.6
-102084
-34155.4
-29559.6
-27709.6
-28449.4
-35506.8
-33722.2
-34909.6
-29961.1
-38478
-27536
-155667
-27710
-40593.9
-26700.7
-28218.4
-28669
-18824.4
-32084.5
-27671.9
-34871
-31767.8
-33690.8
-36296.7
-36662.1
-37335
-36389.4
-27694.2
-29229.6
-33365.8
-35695.2
-33395.9
-34270.5
-33952.9
-33526.4
-30254.3
41888.7
-32870.2
-30100.6
-29351
-28152.7
-37092
-28932.4
-30621.1
-33615
-27957.5
-33971.9
-30232.6
-33283
-29316.4
-33859.2
-26392.2
-27709.2
-34388.5
-26179.6
-32366.2
-39449
-36234.7
-37749.1
-28939.9
-35454
-30214.9
-35074.4
-86897.5
-34049
-29283.4
-35130.1
-33071.6
-32000.4
-27705
-27724.6
-32198.2
-29720.7
38571.1
-27705.8
-36528.2
-39557.4
-26017.8
-34231.8
-39773.4
-30316.7
-33823.9
-65861.3
-27706.4
-38476.7
-27705.7
-34433.2
15433.8
-34765.9
-53723.7
-27839.6
-34877.2
-27701.4
-26684.4
-34602.3
-32527.7
-33758.3
-34724
-26293.5
-19805
-27020.7
-33867.3
-34183.5
-16401.8
-36812.3
-34528.5
-34955.1
-30804.1
-26867.9
-30036
-28515
-26190.7
29079.5
-34154.2
-30017.2
-38208.8
-34553.2
-34517.2
-27392
-27466.7
-155758
-31281.7
-27738.1
-96607.1
-36008.1
-34402.9
-27709.5
-39108.2
-35432.1
-26102.2
-33937
-35172.4
-97742.3
-35883.5
-13673.9
-27372.4
-34076
-34852
-28207.1
-54403.6
-27703.3
-24611.5
-34805.4
-34419.5
-27708.7
-27711.8
-35313.8
-27704.2
-27718.7
-28391.7
-34129.8
-29431.9
-27754
-27714.5
-31940.1
-27283
-34245.8
-34429.7
-40621.3
-27706
-34796.7
-34098
-29175.1
-30884.8
-27121.7
-45004.1
-27709.4
-33972.8
-27715.2
-27728.9
-27709.4
-39242.3
-34378.3
-27013.3
-33832.2
-34929.9
-19061.4
-34388.2
-42150.2
-31344.5
-27716.6
-28592.6
-27746
-112054
-78604.4
-27719.3
-45834.7
-34951.6
-46956.8
-28718.4
-37151.8
-33816.3
-26644.8
-34294.3
-40108.1
-27624.4
-33377.9
-28291.7
-35412.9
-35300.6
-35703.1
-35348.1
-23918.4
-33374.1
-35202.5
-27701.2
-155728
-30373.5
-40444.8
29138.2
-35385.5
-25712.1
-29978.1
-27723.3
-25335.8
-33799.5
-29645.1
-27723.4
-42288.4
-27700.4
-27708.9
-27704.5
-27707
-31253.9
-32251.3
-3598.23
-37090.7
-29992.6
-34525.6
-31349.3
-29915.6
-28254.7
-30454.5
-35567.8
-33481.1
-32311.3
-33585.1
-28806.6
-30332.1
-29750.4
-27713.9
-29490
-34849.4
-28665.3
-37207.2
-36527.8
-40260.7
-33824.6
-27711.3
-27690
-36072.9
-27379.6
-34688.7
-34863.5
-34344.1
-35868.8
-34975.9
-34666.2
10028.9
-16425.3
-27771.2
-37402.2
-35812.8
-62688.2
-43252.8
-31608.2
-34425.8
-35542.4
-34187.8
-27714.4
-52380.7
-60413.7
-35997.9
-28170.9
-34552.3
-34097.5
-30255.6
-34030.4
-21699.1
-26795.3
-27714.4
-34482.7
-21778.2
-34929.7
-27724.9
-27762.3
-33961.5
-33907.9
-34289.5
-34812.7
-37175
89939.4
-27704.9
-34678.7
-29521.6
-27624.2
-37345.7
-27656.3
-33777.5
-26617.4
-27704.9
-37035.6
183494
-36099
-33465.9
-34266
-27676.6
-34040.8
-27725.8
-34010.6
-37531.9
-96895.6
-33208.5
-27474.3
-24835.1
-34935.9
-103881
-27710.3
-31816
-33039.6
-34909.3
-27242.4
-34917.3
-33672.6
-34707
-35980.4
-33321.7
-31879.8
-33890
-35702.7
-27719.1
-41240.1
-33748.5
-34242.6
-34590.6
-33847.9
-32393.3
-30158.7
-27653.2
-33675.4
-31436.6
-27710.9
-34172.2
-27470.8
-34808.5
-27759.4
-30485.5
-28858.6
-34977.2
-30368.7
-38335.5
-27606.2
-29356
-33872.9
-33377.4
-35380.8
-29476.9
-34542
-34840.5
-27715.4
-27710.2
-32205.8
-32110
-27711.4
-27391.5
-25105.9
-35017.6
-30524.9
-29643.9
-41147.7
-8196.23
-40190.7
-34087.2
-30647.5
-31111.8
-34550.7
-36280.9
-36235.8
-33495
-26868.1
-36007.4
-34031.8
-33831.2
-32976.1
-35847.6
-29248.2
-29314.9
-40210.5
-33410.8
-31892.1
-37277.4
-99157.6
-30453
-29409.6
-32711
-34709.7
-44693.8
-31305
-34706.6
-27871
-30476.6
-34362.3
-27709.7
-33607.6
-33803.5
-33800.7
-33577.2
-34497.1
-35197.7
-32121.9
-30584.1
-33839.6
-33773.5
-32709
-34203.8
-36695.8
-58309.8
-37468.9
-31119.2
-27719
-49496
-16039.4
-27724.4
-33825
-34460.5
-28710.2
-36564.3
-35746.3
-33857.2
-28297.4
-27706
-35572.5
-33384.9
-35424.7
-168762
-34447.5
-33085.5
-33323.2
-8229.63
-29319
-27631.6
158727
-27698.5
-35707.5
-27702.8
156861
-27714.7
-34717.2
88772
-26097.6
-27715.5
-36453.9
-27708.4
-27644.6
-36957.2
-27706.5
-15770.4
-27532.8
-34367
-27712.4
-37794.7
-54531.2
-34088.4
-27714.4
-33910
-30149.9
170922
-27704.1
-29493.8
-27691.9
-35867.9
-27705.6
-37462.5
169582
-27716.3
-84696.2
-58038.1
-34446.4
-32401.2
-30331.7
-29702.5
39350.4
-27743
-35609.8
-27701
-27376.7
-30168.3
-34686.7
-27683.7
-36775.6
-27780.9
-36127.8
-34754.1
-28528
-26924.9
-34852.5
-123787
-28159.2
-33170.9
-30876.4
-27717.6
-27717.6
-33968.6
-3680.18
-39495.6
-25935.4
-33256.9
-27667.3
-27701
-26579.9
-26488.1
-35315.2
-35460.3
-33807
-32978.6
-27684.9
-27135.1
-27707.7
-27706.7
-31675
-11830.4
-1013.01
-33103.3
-33039.4
-37479.5
-34847.8
-35133.3
-38721.4
-41692.2
-27715.6
-35555.4
-33989
-34545.9
-29559.9
90908
-27715.7
-34546
-36096
-35207.6
-27717.5
-35012.1
-37347
-35552.3
-27718.2
-36246.9
-88123.8
-27709.3
-27656.7
-27709.1
-27707.3
-27708.7
-27705.8
11930.8
-35161.1
-35699
-35369.8
-35540.1
-32331.8
-28736.2
-34136.9
-27714.2
-27692.1
-34780.5
-33147.2
-27709.4
-33729.3
-34907.3
-27728.1
-36695.3
-39877.8
-33988
-24357.2
-31200.5
-32018.1
-28916.1
-68476.7
-34522.5
-31895.9
-36247.3
-27715
-27770.6
-30818.9
-33028.5
-27691.6
-45267.2
-40697.7
-34490.2
-27705.3
-34700.7
-45158.7
-30461.4
-36467.4
-28029.3
-34686.9
-27706.2
-34163.6
-33574.8
-33958.9
-32174.2
-27369.5
-36077.5
-27721.7
-34644.8
-36594.6
-34097.1
-39850.7
-34470.4
30138.8
-1683.76
-24949.3
-676.511
-33752.9
-36611.3
-33285.8
-29304.2
-34443.8
-30760.5
-33782.9
-34398.7
-33019.2
-27539.6
-27708.9
-29398.4
-29589.8
-27986.1
-34027.6
243227
-28360.5
-27105.5
-32109
-27804.3
-26713.7
-1450.25
-18714
-27816.1
-34114.3
-27706.5
-37224.5
-33457.8
-24028.5
167882
-30779.9
-27707.8
-27419.9
243236
-34451.5
-33480.9
-34968
-27700.4
-34175
-31731.3
-34398.9
-96845.5
-34648
-27705.8
-34609.6
-27697.7
-28898.7
-31103.1
-18943.6
-33828.7
-34204.5
-33965.6
-27708.9
-37520.7
-36061
-43220.5
-32116.3
-111452
-31949.2
-31025.2
-34398.7
-37711
-40481.2
-28681.7
-34392.8
-29507.1
-35225.9
-27706.3
-25023.8
-23014.4
-35340.6
-31275.3
-24940.4
-30483.1
-29038
11111.5
-31016.2
-33589.2
-34482.8
-28442.1
-34505.7
-27716.9
-27703.6
-27709.9
-27936.9
-35353.6
-27707.9
-27715.3
-35628.7
-57044.9
-27709.5
-116687
-36610.1
-27719.7
-33788.9
-43628.7
-34880.3
-190153
-33848.1
-43182.3
-27848.4
-28218.8
-30128.2
79593.5
-33659
-32257.6
-27690.5
-38329
-34176.7
-33981.1
-34185.6
-34498.6
-27708.6
-27872
-35341.4
-27697.5
-27713.9
-100224
-22843.1
-27705.5
-34231.3
-27703.3
-35028.6
-35182.4
-27729.3
-34575.1
-29957.1
-35325.1
-31094.3
-36473
-9031.05
-9916.22
-29680.4
-27547.5
-34142.6
-35764.9
-34496.7
-36585.1
-27709.5
-29079.8
-27715.4
-28819
27026.8
-33235.4
-33434.1
-27777.2
-32126.9
-30481.9
-28109.9
-27709.9
-27709.7
-27710.8
-27697.3
-27696.8
-27695.9
-32979.1
-33150.3
-133087
-139634
-131644
-147944
-33368.5
-24484.9
-25040.2
-38623.7
-20892.5
-29509.2
-26631.8
-32186.2
-16402.8
-16451.9
-26034.5
-42127.3
241203
-35239
-49199.9
-48376.8
-48777
-41996.7
-37137.9
-46988.8
-41227.1
-34565
-38615.8
-50138
-59060.5
-29108
-28662.3
-28721.5
-27965.7
-36075.1
-29375.6
-27993.5
-28843.9
-27886.4
-28720.1
-27818.3
-27699.5
-27690.8
-27709.9
-27707.6
-27712.7
-27707.8
-27716.7
-27715.1
-27723.1
-27716.8
-27776.2
-27783.8
-27751.8
-27812.2
-27350.9
-28626.3
-27407.7
-27355.9
-28667.3
-27028.1
-27023.9
-159764
-174478
-44454
-61669.3
-127934
-117394
-34842
-33142.3
-35870.7
-36321.8
-35642.5
-34839.2
-36202.8
-36227.4
-35393.6
-36213.2
-33035.9
-37857.6
-37651.5
-33046.1
-34049.2
-34543.6
-34686.7
-34596.4
-34564.2
-34577.8
-34651
-34654.4
-34804.1
-34710.8
-34792.7
-34876.1
-35081.6
-35369.1
-34538.1
-35347.3
-35412.2
-35189.8
-35418.1
-36184
-35520.8
-34863.3
-35637.1
-35737.8
-35659.9
-35673
-35730
-35702.8
-35680.1
-35717.2
-35711.7
-35700.6
-35703.2
-35674.5
-35758.7
-35740.7
-35785.4
-35596.7
-34882.6
-35439
-36295.9
-26664.1
-34826.6
-35039.1
-19672.8
-19911.3
-26133.7
7975.4
8636.11
7718.8
-16902.3
44144.2
10524.2
20024.2
27810.4
21075
-27809
-2130.65
6694.46
8349.62
9077.57
-6566.47
-8261.57
-11231.6
-15138.1
-9983.36
-15065.2
-14800
-10620
-21007.6
-34848.9
-29706.3
-28107.5
-22505.8
-26473.6
-25406.1
-21841.4
-30831.8
-18725.8
-30237.3
-26213.9
-33170.5
-32671.7
-28918
-28836
-35279.8
-28364.6
-28254.9
-22230.7
-44732.1
-44897.1
-59652.9
-43854
-40643.3
-41458
-41486.2
-41100.4
-78657.3
-68525
-65503
-33325.5
-38548.9
-36183.4
-32250.1
-34240.1
-34110.7
-31165.9
-155878
-157020
-6233.26
-157031
-155957
-14068.8
-156515
-228254
91865.2
-228261
66272.6
45677.6
-70373.6
-252949
-182059
-193512
-24168.6
-113336
-114127
-46084.6
-57602.5
-64258.6
-32385.8
-31703.8
-32103.7
-32061.9
-32069.6
-32035.2
-32012.2
-32065.4
-32143.6
-31976.8
-31543.1
-34083.7
-33598.6
-34890
-34577.5
-34258.9
-34460.1
-34173.5
-34167.3
-34180
-34059.2
-34364.1
-34246
-34305.1
-34363.6
-34426.7
-34471.2
-34439.1
-34432
-34483.2
-34467.2
-34784.8
-34727.4
-27783.2
-27802.7
-27842.5
-27711.1
-27635.1
-27621.9
-27543.9
-27581
-27655.8
-27667.5
-27664.5
-27681
-27680.9
-27662.6
-27708
-27701.6
-27660.2
-27710.4
-27704.1
-27758.7
-27752.7
-27678
-27748.7
-27725.4
-27708.1
-27740.7
-27665.2
-27659.7
-27735.3
-27712.4
-27713.5
-27707.3
-27714.4
-27715.3
-27715.2
-36003.8
-27711.4
-27712.7
-27712.6
-27712.7
-27715.8
-27709.4
-27708.3
-27716.5
-27706.8
-27834.5
-27310
-28720.9
-27337.1
-27003.7
-27010.3
-27799.6
-27632.1
-34514.3
-34593.8
-34642.1
-34727.5
-34803.3
-35328.4
-35664
-35728.1
-33617.5
-50421
-35630.1
-34373.5
-25700.3
-16329.2
-19457.7
33379.4
30202
9108.26
11206.6
-12182.3
-49084.4
-37170.4
-26080.3
-27304.4
-21356.7
34462.2
-35249.3
-96745
-55202.6
-65830
-41398.8
-37911.5
-38192.5
-41046.1
-33247.3
-61648.5
-32344.1
-155495
-156652
-156590
-221361
-88736.6
-117463
-50886.7
-58513
-46068.1
-31952.8
-32334.5
-32033.7
-32036
-32069
-32014.5
-34551.5
-34138.4
-34248.5
-33998.1
-34610.1
-34473.9
-34514.8
-34872.9
-34458.2
-34502.5
-34587.5
-34462.4
-27740.7
-27501.8
-27635.7
-27734.5
-27714.7
-27652.5
-27716.6
-27705.3
-27674
-27758.3
-27771.3
-27778.3
-27721.3
-27641.7
-27707.9
-27715
-27714.7
-27712.8
-27714.3
-27718.2
-27710.1
-27716
-27712.2
-27708.9
-27704.8
-27704.3
-27705.2
-27705.2
-27705.3
-27705.6
-27706.3
-27706.1
-27712.6
-27708.9
-27706.8
-27708.2
-27707.6
-27708.6
-27708.3
-27706.7
-27713.5
-27712.9
-27714.6
-27714.6
-27711.5
-27712.9
-27721.1
-27712
-27708.5
-27736.9
-27746
-27650.5
-27667.9
-27674.4
-27723.6
-27729.2
-27368.1
-35674.7
-36266.7
-37020.6
-36407.5
-36586.5
-58839.8
-46333.9
-47502.3
-53310.3
-108450
-91287.9
-102580
-44952.2
-111528
-33693.2
-32932.8
-33416.3
-34122.8
-34149.7
-33977.7
-33754.8
-34543
-34103.8
-34575.9
-34537.4
-34035.5
-34279.2
-34399.3
-34245.4
-34374.9
-34330.8
-34284.4
-34417.9
-34429.9
-34465.5
-34414.8
-34315.4
-34632.8
-34665.3
-34810.2
-34855
-34144.4
-34637
-34480.1
-34643.4
-34714.5
-34680.6
-34762.9
-34818.5
-34832.6
-34875.1
-34873.6
-34881.5
-34918
-34905.4
-34928.7
-35041
-34891.5
-34347.7
-35717.6
-36824.9
-37214.3
-37531.9
-37718.8
-37013.2
-27572.4
-25319.3
-26354.4
-26668.7
-25641.6
-18698.4
-31686.6
-25641.1
-26820.7
-30925.1
-30250.2
-24372.5
-24223.7
-30280.8
-26495
-3162.9
-23225.9
-42045.4
-35310.8
-43218.4
-32887.3
-38708.2
-34710
-32300.4
-9721.24
-29478.4
-32013.7
-30126.8
-32136.1
-33498.8
-33432.9
-35434.8
-35322.3
-34902.1
-30802.8
-29928.5
-28407.8
-29328
-29134.2
-33325.4
-29185.6
-28264.1
-28689.4
-29904.9
-29649.6
-29738.7
-29343.6
-26714.1
-27479.1
-28707.1
-27787.2
-28348.4
-26200.7
-32853.2
-49522.9
-38881.7
-44212.1
-78523.7
-58988.6
-59923.9
-58407.7
-41685.9
-40513.9
-40942.8
-40494.2
-40384
-42922.1
-36648.3
-37330.7
-35866.6
-40058.8
-35479.7
-38581.6
-40750.9
-39908.3
-43806
-26656.8
-38313
-158487
-3480.67
-35039.8
-72234.2
-92728.7
-47982.6
-66745.1
-35049.1
-93848
-48533.4
-46279.5
-53456.5
-38304.4
-38850
-34569.6
-48043.2
-34432.8
-33901.3
-33214.8
-33466.2
-33176.3
-33024
-33008.7
-32946.1
-33037.1
-33086.9
-33085.4
-33053.3
-33072.7
-33148.6
-32997.4
-33249.9
-33197.8
-33212.9
-33698
-33598
-33872.2
-33665.3
-33645.2
-33750.4
-33916.1
-33797.2
-33733.2
-33814.7
-33891
-33951.6
-33913.8
-34150.1
-34045.9
-35016.2
-34066.1
-34046.4
-34108.1
-28204.1
-27511.3
-28224.7
-27837.3
-27857.3
-27858.6
-27819.3
-27849.8
-27836
-27755.4
-27676.2
-27654.7
-27722.2
-35086.8
-27701.7
-27675.9
-27716.4
-27709.3
-27707.6
-27708.5
-27709.2
-29792.3
-27709.9
-27708.9
-27708.9
-27710.8
-27706.2
-27705.4
-27718.2
-27707.3
-27709.7
-27704
-27710.7
-27711.6
-52236
-28837.2
-28996
-37352.3
-37032.4
-36523.7
-27708.5
-27708.3
-27709.1
-27708.6
-27704.9
-27707.2
-27707.6
-27707
-27706.5
-27707.1
-27709.4
-27708.9
-27708.8
-27707.2
-27705.7
-27712
-27710
-27707.8
-27711.7
-34186.5
-27714.3
-27718.2
-27717
-27747.2
-27673.5
-27679
-27669.1
-27748.4
-27343.7
-27629.9
-40343.1
-35411.2
-35870.2
-36017.5
-36205.7
-36349.6
-36200.9
-36453
-37128.3
-45317.3
-54622.2
-35516.6
-37106.4
-34729.7
-36011.8
-37401.3
-33837.8
-33220.7
-33485.6
-34098
-34221.9
-34381.1
-34371.2
-34418.5
-33743
-34238.3
-33637.1
-34340.7
-34239
-34080.7
-34026.3
-34188.5
-34010.4
-33849.3
-33935.6
-33937.5
-33939.6
-33904.9
-33992.5
-34072.8
-33898.7
-33935.8
-33809.5
-33800.2
-33862.4
-33910.5
-34026.6
-33612.4
-33855.1
-33700.5
-34736.9
-33767.5
-33672.8
-33697
-36058
-34672.1
-33783.1
-33771.2
-33776.1
-33776.1
-33787.8
-33802.6
-33764.5
-33515.4
-34944.7
-36685.3
-34098.3
-35554.5
-29925.3
-29637.5
-36249.9
-37509.6
-36848.9
-30080
-36944.2
-31718.1
-28168
-25970.5
-28122.6
-25117.9
-19241
-24398.5
-27589.6
-28008.8
-28399.2
-28131.6
-28915.5
-29318.5
-29620.5
-29336.3
-29542.6
-29260.3
-28413.3
-28653.4
-29769.7
-25770.4
-28693.5
-3897.9
-25990.8
-23880.2
-6047.44
-18264
-31607.2
-31605.3
-30807.2
-31267.5
-26692.6
-31503.8
-30619.8
-31760.3
-32002.1
-31690.1
-32809.2
-30466.8
-32831.9
-33072.1
-31012.2
-33068.6
-34583.6
-32996.9
-28131.8
-29054
-27299.2
-30962.9
-30359.2
-29895.3
-30168.4
-28816.8
-29090.1
-28843.9
-28645.8
-28910
-29584.4
-30789.9
-30461.3
-28402.9
-28750.7
-28882.8
-29118.9
-29828.3
-28622
-29119.3
-29554.9
-29242.6
-28654.1
-29184.7
-28986.8
-32860.6
-25966.3
-46589.1
-31097.4
-35071.4
-36242.7
-35284
-36610.3
-43333.7
-35716.8
-36098.3
-40906.8
-36303.2
-36244
-35929.1
-35402.4
-34498.9
-36421.3
-37655.7
-35533.1
-35761.2
-34791.9
-31445.1
-40950
-41584.6
-44349.5
-43700.6
-40159.1
-44371.6
-40928.7
-40970.2
-40590.1
-39253.4
-35750.1
-35472.7
-34758.4
-33576.7
-34969.1
-34364.9
-34630.1
-33510.2
-32467.8
-33551.4
-33891.3
-33549.7
-32911.5
-33024.1
-33327.4
-33337.6
-33038.9
-33336.7
-33363.3
-33326.8
-33352.8
-33412.4
-33340.5
-33108.1
-33362.1
-33414.9
-33433.1
-33441.5
-33351.2
-33691.5
-33503.5
-33658.6
-33848.4
-35341.7
-33643.1
-33612.8
-33622.9
-33743.3
-33812.5
-33786.6
-33756.3
-33747.5
-33805.3
-33740.7
-33920.3
-33875.7
-34043.7
-33982.6
-33993.7
-33835.3
-33922
-33958.5
-34053.6
-34161.5
-34006
-34034.5
-27701.8
-34562.3
-27649.2
-27610.6
-27824.1
-27671.4
-27850.8
-27636.1
-27723.6
-27736.4
-27717.6
-27653.6
-27715.2
-27726.7
-27715.8
-27710.3
-27704.5
-27706.4
-27706.5
-27707.3
-27710.9
-27707
-27710.1
-27707.8
-27710.1
-27707.3
-27705.9
-27710
-27705.7
-27718.7
-27705.1
-27708.7
-27708.7
-27705.2
-35700.6
-35190.5
-27638.2
-28735.8
-27825.9
-28045.2
-29010.9
-28731.9
-29459.7
-36681.2
-36408
-29182.9
-36080.5
-36429.9
-40759.7
-35608.3
-37663.3
-36967.1
-27705.4
-27707.2
-27708.1
-27706.4
-27681.4
-27736.7
-27684
-27698.6
-28993.3
-29105.5
-29589.6
-29220.3
-25531.9
-27708.7
-27707.2
-27706
-27706.3
-27699.7
-27711.6
-27703.7
-27709.5
-27702.4
-27703.9
-27706.7
-27706.7
-27701.8
-27698.7
-27715.3
-27713.3
-27677.5
-36555.4
-37249.9
-36358.1
-37330.5
-35362.2
-35088.2
-35443.4
-34953.8
-34381.8
-36442.9
-35400.7
-34175.2
-34334.4
-34471.9
-34271.2
-34408.6
-34134.5
-34063.9
-34144.4
-33698.8
-33691.4
-34052.8
-34062.1
-33980.8
-33962.6
-33503.6
-33576.3
-33281.6
-33573.7
-33440.8
-33605.4
-33333.5
-33772.5
-33355.3
-33316.8
-33899.5
-33619.2
-34075.7
-27706.6
-27706.5
-36202.5
-36246.3
-36605.4
-36318.3
-35234.8
-33419.3
-29654
-30119.8
-29987.2
-28469.6
-28384.5
-28062.5
-25571.2
-27794.5
-28603.2
-29336.1
-29433
-29453
-29543.2
-29113.8
-28827.8
-29122.4
-31077.4
-30661.1
-29431.4
-29901.4
-31357.2
-30903.9
-31301.3
-31334.1
-30223.9
-30213.5
-29474.5
-30167
-30427.7
-34517
-34857.6
-35280.7
-30148.3
-29486.9
-29599
-30012.3
-29206.3
-29015.7
-29537.9
-35686.7
-36318.5
-35546.3
-35325.3
-35404.6
-36326.3
-35520.3
-34597.9
-27707
-27734.1
-27722.9
-27702.4
-27716
-27717.3
-27711
-27707.1
-27713
-27707.3
-27708
-27710.3
-27709.8
-27706.1
-27704.8
-27306.7
-35960
-35763.1
-36429
-36983
-27704.1
-36577.6
-38525.4
-27665.8
-36926.4
-30783.7
-30655
-27712.4
-27713.7
-29654.8
-28930
-29241.4
-29084
-34693.8
-36825.2
-36758.1
-35253.5
-44873.1
-39381.4
-34171.1
-34003.2
-34017.5
-27839.3
-27777.5
-27772.3
-27713.4
-27710.1
-27716.8
-36592.7
-37253.3
-27713.5
-27715.4
-27669.9
-34337.8
-33694.9
-27707.9
-33940.1
-33696.9
-27802.9
-29478.8
-29119.9
-30905.3
-26963.8
-33839.2
-35713.8
-27663.8
-30528.7
-27481.5
-36294.1
-37326.4
-36759.4
-35617.5
-34218.3
-33746.7
-33741.7
-34008.8
-27707.9
-27725.1
-27727.1
-27708.6
-27708.8
-35942.6
-35400.5
-27695.3
-35566.9
-33388.5
-33498.2
-27707.1
-33756.9
-35804.2
-28651.5
-29157.9
-27708.7
-27706.7
-35030.3
-27697.4
-27695.8
-82458.9
-24478.9
-17668.5
-27706.5
-41567
-35629.5
-52300.8
-27707.3
-27944.3
-28582.9
-28623.4
-28291.5
-36052.9
-27707
-34540.1
-27705.6
-35703.1
-25690.5
7215.4
9735.98
-24969.7
-46762.6
-41031.7
-41231.9
-32698.1
-126607
-32041.1
-33876.6
-34419.4
-33766.9
-33743.7
-34078.3
-34345.8
-34516.5
-34437.1
-27773.1
-33356.2
-27623.5
-27631.4
-27600.3
-27638.3
-33350.5
-27697.7
-33344.9
-27716
-27693.3
-27629
-27743.1
-27714.7
-27639
-27713.4
-65208.5
-34027.9
-35815.6
-33939
-34493.1
-27694.7
-27835.7
-27715.8
-35189
-27711
-27830.2
-28207.4
-34096.7
-34774.1
-34782.4
-27738.9
-29719
-26181.3
-41134.6
-33859.1
-34974.1
-42593.3
-34302.5
-32958.5
-34025.7
-34014.4
-28241.7
-27845.7
-27727.1
-27663.6
-27710.4
-35513.6
-27707.7
-27714
-37079.2
-27706.8
-36892
-27707.4
-27713
-34009.4
-36107.5
-34129
-33929.4
-33752
-34085
-34339.5
-33968.1
-29477.6
-27260.5
-24830.8
-27705.6
-27705.3
-27705.4
-27706.6
-40804.2
-42012.5
-41759.3
-41347.1
)
;

boundaryField
{
    Wall
    {
        type            zeroGradient;
    }
    Inlet
    {
        type            zeroGradient;
    }
    Outlet
    {
        type            fixedValue;
        value           uniform 0;
    }
    Empty
    {
        type            empty;
    }
}


// ************************************************************************* //
