/*--------------------------------*- C++ -*----------------------------------*\
| =========                 |                                                 |
| \\      /  F ield         | OpenFOAM: The Open Source CFD Toolbox           |
|  \\    /   O peration     | Version:  2312                                  |
|   \\  /    A nd           | Website:  www.openfoam.com                      |
|    \\/     M anipulation  |                                                 |
\*---------------------------------------------------------------------------*/
FoamFile
{
    version     2.0;
    format      ascii;
    arch        "LSB;label=32;scalar=64";
    class       vectorField;
    location    "0.6/lagrangian/kinematicCloud";
    object      U;
}
// * * * * * * * * * * * * * * * * * * * * * * * * * * * * * * * * * * * * * //


77
(
(3.98557 0.513214 -0.162187)
(3.97594 0.480911 0.146574)
(3.98557 0.513214 -0.162187)
(3.98557 0.513214 -0.162187)
(3.97594 0.480911 0.146574)
(3.97594 0.480911 0.146574)
(4.27586 0.965461 -0.12499)
(4.1155 1.05869 -0.109912)
(4.2565 1.02514 -0.118027)
(4.27228 0.967857 0.124465)
(3.97594 0.480911 0.146574)
(4.05291 0.893118 -0.159857)
(4.11433 0.811809 0.189976)
(4.12305 0.820842 -0.187962)
(4.10817 1.05973 0.110142)
(4.27228 0.967857 0.124465)
(4.27586 0.965461 -0.12499)
(4.24521 0.862858 -0.111147)
(3.8391 0.917011 0.137425)
(3.23751 0.766632 -0.108542)
(4.10817 1.05973 0.110142)
(3.85526 0.316595 -0.161198)
(3.48858 0.903172 -0.122099)
(3.86064 1.04749 0.107389)
(3.8306 0.279648 0.142135)
(3.2481 0.753536 0.0960667)
(4.25697 0.841434 0.095248)
(4.0689 0.712873 -0.197739)
(4.0689 0.712873 -0.197739)
(3.9298 0.546076 0.169167)
(3.53926 0.0544036 -0.0399648)
(3.80405 1.03396 0.0969527)
(2.59164 0.716475 0.0939526)
(3.94411 0.561755 -0.168466)
(3.9298 0.546076 0.169167)
(2.98063 0.845622 -0.115205)
(3.48938 0.986496 0.114583)
(3.9298 0.546076 0.169167)
(3.9298 0.546076 0.169167)
(3.94411 0.561755 -0.168466)
(3.98402 0.567688 0.137142)
(3.9298 0.546076 0.169167)
(2.98063 0.845622 -0.115205)
(3.50933 1.01539 0.144833)
(2.98063 0.845622 -0.115205)
(3.81473 1.05768 -0.131371)
(3.7726 0.359352 0.0308103)
(3.26388 -0.396918 0.490663)
(3.48207 0.00562723 0.00189541)
(4.42009 1.21076 0.187183)
(3.41953 0.96252 0.0981853)
(3.81473 1.05768 -0.131371)
(4.28634 1.23532 -0.171759)
(3.49277 0.399484 0.300718)
(3.70234 0.103597 -0.295323)
(3.69755 0.0850871 -0.269351)
(3.69755 0.0850871 -0.269351)
(3.13616 -0.290665 -0.387219)
(3.4012 0.270563 -0.314162)
(3.29926 -0.396578 -0.354112)
(3.48207 0.00562723 0.00189541)
(3.13616 -0.290665 -0.387219)
(3.53926 0.0544036 -0.0399648)
(3.63901 0.788576 0.262893)
(3.65567 0.71489 -0.272851)
(3.57195 0.518863 -0.273939)
(3.29926 -0.396578 -0.354112)
(3.48207 0.00562723 0.00189541)
(3.39497 0.268465 0.315876)
(3.13616 -0.290665 -0.387219)
(3.4012 0.270563 -0.314162)
(3.65427 -0.179965 0.362397)
(3.65427 -0.179965 0.362397)
(-0.186449 -0.279495 0.223026)
(-0.216704 -0.299524 0.519168)
(0.444149 0.241626 -0.587186)
(0.15948 0.523395 0.0396556)
)


// ************************************************************************* //
