/*--------------------------------*- C++ -*----------------------------------*\
| =========                 |                                                 |
| \\      /  F ield         | OpenFOAM: The Open Source CFD Toolbox           |
|  \\    /   O peration     | Version:  2312                                  |
|   \\  /    A nd           | Website:  www.openfoam.com                      |
|    \\/     M anipulation  |                                                 |
\*---------------------------------------------------------------------------*/
FoamFile
{
    version     2.0;
    format      ascii;
    arch        "LSB;label=32;scalar=64";
    class       volScalarField;
    location    "7.3";
    object      p;
}
// * * * * * * * * * * * * * * * * * * * * * * * * * * * * * * * * * * * * * //

dimensions      [0 2 -2 0 0 0 0];

internalField   nonuniform List<scalar> 
2958
(
-3.06568e+10
-1.8222e+10
-2.21425e+10
-3.04948e+10
-1.38137e+10
-2.2719e+10
-3.11877e+10
-3.43548e+10
-8.18428e+09
-3.86455e+10
-3.12581e+10
-3.94052e+10
-3.37721e+10
-3.94107e+10
-3.23042e+10
-3.07169e+10
-9.29932e+09
-3.3353e+10
-3.94187e+10
-2.93974e+10
-3.93912e+10
-1.0352e+10
-3.92625e+10
-8.99144e+10
-3.35948e+10
-3.08711e+10
1.71234e+11
-9.82022e+10
-3.29727e+10
-3.10495e+10
-3.08527e+10
-6.16231e+10
-3.85846e+10
-4.00785e+10
-3.33386e+10
-2.77947e+10
-3.94077e+10
-3.92781e+10
-3.25725e+10
-6.17987e+10
-1.29855e+10
-2.52793e+10
-3.11915e+10
-3.04819e+10
-3.9365e+10
-4.57038e+09
-3.12837e+10
-3.91359e+10
-3.04845e+10
-3.50619e+10
-3.07111e+10
-2.19736e+10
-3.84084e+10
-3.14367e+10
-3.07181e+10
-3.08396e+10
-4.43048e+10
-3.67728e+10
-3.08702e+10
8.78328e+09
-3.06138e+10
-3.14602e+10
-3.20935e+10
-3.10883e+10
-3.94101e+10
-3.94157e+10
-3.14495e+10
-2.82386e+10
-3.32517e+10
-3.22456e+10
-1.02657e+10
-3.93961e+10
-1.03614e+10
-3.07036e+10
-3.94339e+10
-3.12343e+10
-3.08383e+10
-3.21074e+10
-3.91404e+10
-3.07237e+10
-3.36339e+10
-6.07756e+09
-1.30841e+11
-1.34048e+11
-3.06495e+10
-3.17095e+10
-6.90129e+09
-3.17101e+10
-2.13957e+10
-3.83313e+10
-3.29984e+10
-1.23504e+10
-3.13365e+10
-3.94203e+10
-4.28684e+10
-2.84084e+10
-3.05674e+10
-3.04243e+10
-3.94098e+10
-3.94099e+10
-3.05149e+10
-3.07995e+10
-3.15857e+10
-1.0554e+10
-3.92361e+10
-3.4347e+10
-3.9406e+10
-3.05156e+10
-3.94345e+10
-2.88376e+10
-3.05363e+10
-3.06782e+10
-3.94319e+10
-3.60554e+10
-3.94111e+10
-3.94155e+10
-3.19685e+10
-3.06874e+10
-8.19783e+09
-3.07312e+10
-2.99066e+10
-3.94056e+10
-3.14543e+10
-4.49628e+09
-2.94701e+10
-3.0731e+10
-2.99224e+10
-1.12382e+10
-3.07566e+10
-3.94298e+10
-3.94527e+10
-3.92465e+10
-3.06859e+10
-3.94108e+10
-3.9542e+10
-3.94121e+10
-3.74805e+10
-3.07554e+10
-3.94093e+10
-3.94098e+10
-2.91331e+10
-1.62331e+10
-3.93616e+10
-3.94222e+10
-3.07164e+10
-9.53176e+09
-3.94352e+10
-3.9406e+10
-3.44227e+09
-3.9346e+10
-2.9393e+10
-3.05717e+10
-3.85195e+10
-3.4779e+10
-3.36124e+10
-3.96137e+10
-3.8916e+10
-3.07835e+10
-3.12451e+10
-2.45731e+10
-3.36361e+10
-3.96824e+10
-3.19477e+10
-3.94099e+10
7.79654e+10
-3.22854e+10
-3.67514e+10
-3.9416e+10
-3.29563e+10
-6.67861e+09
-4.67611e+10
-3.94068e+10
-3.92623e+10
-1.74314e+10
-3.94298e+10
-8.57325e+09
-1.16851e+10
5.01593e+10
-3.58597e+10
-3.32524e+10
-3.61687e+10
-1.06248e+10
-3.31462e+10
-3.0508e+10
-2.2557e+10
-8.90711e+09
-2.20284e+10
-3.94341e+10
-1.07451e+10
-3.04992e+10
-1.0266e+10
-2.21646e+10
6.38417e+10
-3.55354e+10
-2.13555e+10
-3.29519e+10
-1.74793e+10
-4.81363e+10
-3.05394e+10
8.44747e+08
-3.76428e+10
-3.94103e+10
-3.06525e+10
3.39117e+10
-3.03199e+10
-3.71212e+10
-3.25442e+10
-3.78026e+10
-7.16587e+09
-3.04831e+10
-3.9411e+10
-3.83309e+10
-3.94587e+10
-1.26944e+10
-3.94261e+10
-7.33407e+09
-3.11461e+10
-3.94141e+10
-3.9412e+10
-3.94108e+10
-3.94134e+10
-1.73397e+10
-3.12073e+10
-8.54048e+09
-3.05045e+10
-3.07201e+10
-1.01654e+11
-3.94118e+10
-1.81281e+09
-1.19766e+10
-1.72047e+10
-3.78832e+10
-2.4746e+09
-6.96401e+09
-3.29643e+10
-3.94137e+10
-3.94913e+10
-3.07256e+10
-3.9493e+10
-3.05113e+10
-3.94335e+10
-3.05105e+10
-3.06731e+10
-1.04403e+11
-3.0866e+10
-1.73872e+10
2.16038e+11
-3.51072e+10
-3.15506e+10
-3.10749e+10
-3.82202e+10
-3.37173e+10
-3.17904e+10
8.34223e+11
-3.05228e+10
-1.30321e+10
-3.0926e+10
-4.87057e+09
-3.13532e+10
-9.0837e+09
-3.07414e+10
-3.91726e+10
-8.5001e+09
1.0382e+10
-3.7999e+10
-3.18625e+10
-3.41853e+10
-3.09318e+10
-3.69372e+10
-3.91454e+10
-3.94079e+10
-8.47732e+09
-3.0949e+10
-3.94025e+10
-1.27428e+10
-3.0915e+10
-3.9436e+10
-1.22494e+10
-3.94149e+10
-1.23185e+10
-3.94086e+10
-3.94309e+10
-3.79972e+10
-3.23588e+10
-1.01935e+10
-3.94043e+10
-3.472e+10
-3.05932e+10
-3.05381e+10
-3.10898e+10
-8.8024e+10
-1.92244e+10
-3.94112e+10
-3.94059e+10
-5.03998e+10
1.72594e+11
-3.94071e+10
-3.07314e+10
-3.94105e+10
-4.15744e+10
-3.74393e+10
-1.49964e+10
-5.68631e+09
-7.25406e+09
-3.0603e+10
-9.27123e+10
-3.03399e+10
-3.91734e+10
-3.1536e+10
-3.05741e+10
-3.94212e+10
-3.07221e+10
-3.07319e+10
-3.94203e+10
-1.22537e+10
-3.05049e+10
-1.03988e+10
-3.12408e+10
-8.23769e+09
-3.08516e+10
-1.22971e+10
-6.68466e+09
-3.13307e+10
-2.82136e+10
-6.51297e+09
-3.91459e+10
-3.06684e+10
-3.92119e+10
-3.05087e+10
-1.85237e+10
-6.61416e+09
-4.21957e+10
-3.94074e+10
-3.94097e+10
4.62659e+10
-3.94092e+10
-3.00039e+10
-1.29385e+10
-3.00017e+10
-3.94185e+10
-3.16866e+10
-1.06413e+10
-2.97951e+10
-9.08265e+09
-3.9429e+10
-1.72275e+10
-3.94293e+10
-3.72171e+10
-2.99055e+10
-3.04467e+10
9.60365e+09
-3.35539e+10
-4.13302e+10
-3.05239e+10
2.24904e+10
-3.10495e+10
-3.94109e+10
-3.12597e+10
8.54837e+10
-3.04628e+10
-1.88742e+10
-3.07798e+10
-3.04948e+10
-3.42466e+10
-3.25974e+10
-6.63617e+10
-3.12668e+10
-3.05951e+10
-3.05616e+10
-7.72422e+10
-8.72708e+10
-1.61872e+10
-3.94108e+10
-3.05101e+10
-3.10578e+10
-1.27155e+10
-3.07064e+10
-3.84228e+10
-3.21078e+10
-7.67038e+09
-3.07397e+10
-3.16435e+10
-3.94434e+10
-3.13016e+10
-9.17851e+09
-3.90332e+10
-3.09412e+10
-4.97051e+10
-3.88234e+10
-3.94942e+10
-3.53424e+10
-3.94099e+10
-3.14072e+10
-9.37074e+09
-3.04676e+10
-3.02146e+10
-1.88028e+10
-3.9411e+10
-3.94315e+10
-3.03014e+10
-3.07693e+10
-3.09482e+10
-9.47302e+09
-3.0511e+10
-3.06998e+10
-3.07161e+10
-1.61627e+10
-3.16866e+10
-3.07342e+10
-2.99054e+10
-3.14911e+10
-3.35621e+10
-3.11491e+10
-1.0912e+10
-1.17191e+10
-3.21137e+10
-8.35376e+09
-3.04088e+10
-3.04825e+10
-3.04823e+10
-3.93643e+10
-2.02432e+10
-1.368e+10
-2.45745e+10
-3.28531e+10
-3.87243e+10
-3.46735e+10
-3.27495e+10
-3.07174e+10
-1.24785e+10
-1.52302e+10
-3.18923e+10
-1.04309e+10
-6.39019e+10
-3.46235e+10
-6.23732e+09
-1.29742e+10
-3.39253e+10
-3.07651e+10
-3.94152e+10
-8.93797e+09
-1.06066e+10
-3.07174e+10
-2.98923e+10
6.50051e+10
-3.86208e+10
-3.92042e+10
-4.00064e+10
-3.94413e+10
-7.02239e+09
-3.94295e+10
-5.87136e+10
-3.35919e+10
-1.51453e+10
-3.06019e+10
-3.01511e+10
-3.94111e+10
-3.10697e+10
-7.21295e+09
-3.94106e+10
-1.62479e+10
-3.04993e+10
-3.09337e+10
-3.54265e+10
-3.10488e+10
-3.11987e+10
-3.98258e+10
-3.13318e+10
-3.10209e+10
-3.18768e+10
-3.56319e+10
-3.94055e+10
-3.88377e+10
-4.80081e+09
-3.14142e+10
-9.79947e+09
-3.1428e+10
-8.21416e+09
4.79511e+10
-3.15306e+10
-3.33438e+10
-1.3079e+10
-3.94103e+10
-3.6168e+10
-2.16535e+10
-3.13514e+10
-3.22829e+10
-3.13159e+10
-4.24111e+10
-3.0638e+10
4.14444e+10
-1.72074e+10
-3.05075e+10
-3.07908e+10
-6.74688e+09
-3.07156e+10
-4.41018e+10
-3.94218e+10
-3.94408e+10
-3.94297e+10
-6.52679e+09
-3.94225e+10
-3.94103e+10
-3.02847e+10
-3.34539e+10
-3.94108e+10
-3.03385e+10
2.01773e+10
-3.05485e+10
-3.06132e+10
-3.94195e+10
-3.94176e+10
-3.0845e+10
-3.94162e+10
-3.0663e+10
-3.07317e+10
-4.234e+10
-3.33316e+10
-7.46527e+09
-3.03123e+10
-3.79495e+10
-8.2453e+09
-3.08183e+10
2.97903e+10
-3.06157e+10
-3.04958e+10
-8.75557e+10
-3.91745e+10
-3.15362e+10
-3.05041e+10
-3.14891e+10
-3.83278e+10
-1.27289e+10
-3.94545e+10
-3.3563e+10
-3.13023e+10
-3.12077e+10
-1.62696e+10
-3.06971e+10
-3.14306e+10
-3.11643e+10
-3.11868e+10
-3.9406e+10
-3.06069e+10
-3.94321e+10
-3.35639e+10
-3.15488e+10
-3.92561e+10
-3.94108e+10
4.5756e+10
-3.94248e+10
-3.9411e+10
-1.38174e+10
-3.11683e+10
1.12538e+12
-3.18534e+10
-3.1157e+10
-3.06927e+10
-3.1193e+10
-3.36953e+10
-3.10704e+10
-2.45112e+10
-3.0722e+10
-3.03131e+10
-3.07409e+10
-3.07021e+10
-3.94106e+10
-3.10506e+10
-3.05119e+10
-3.07006e+10
-3.11715e+10
-3.10762e+10
-3.94219e+10
-3.94254e+10
-3.9424e+10
-4.92426e+10
-3.94324e+10
-3.80095e+10
-3.94115e+10
-3.20567e+10
-1.10486e+10
-1.22354e+10
-3.13081e+10
-1.75454e+10
-3.07074e+10
-3.92772e+10
-3.9529e+10
-3.94112e+10
-1.32795e+10
-3.96032e+10
-3.94088e+10
-3.94126e+10
-3.092e+10
-3.37122e+10
-3.87271e+10
-3.25808e+10
-3.18816e+10
-3.28019e+10
-3.04844e+10
-3.75944e+10
-3.94074e+10
-3.08235e+10
-3.90384e+10
-3.02827e+10
3.05983e+10
-3.07752e+10
-3.32039e+10
-3.22498e+10
-3.87569e+10
-3.94095e+10
-3.06313e+10
-3.50663e+10
-3.94125e+10
-3.941e+10
-3.06933e+10
-3.46635e+10
-3.13202e+10
-1.06222e+10
-3.93677e+10
-2.07512e+10
-3.04667e+10
-3.05627e+10
-3.11629e+10
-7.27025e+09
-3.1327e+10
-3.94346e+10
-7.16248e+09
-3.10442e+10
-3.1013e+10
-3.94106e+10
-2.99224e+10
-3.94107e+10
-9.01324e+09
-3.94107e+10
-3.17258e+10
-3.10509e+10
-3.92648e+10
-8.86994e+09
-3.25655e+10
-3.1905e+10
-3.94312e+10
-2.99498e+10
-3.3325e+10
-3.92634e+10
-3.04736e+10
-3.32042e+10
-1.22593e+10
-3.9246e+10
-3.10426e+10
-3.94109e+10
-3.9413e+10
-2.99004e+10
-3.29076e+10
-7.2471e+09
-3.28e+10
-1.15948e+10
-1.76513e+10
-3.87573e+10
-4.30385e+09
-3.91857e+10
-8.47529e+09
-3.87593e+10
-3.94535e+10
-3.94498e+10
-3.759e+10
-3.94154e+10
-9.21211e+09
-3.94408e+10
-3.05873e+10
-3.15989e+10
-7.61232e+10
-1.19536e+10
-3.05487e+10
-3.05381e+10
2.32224e+11
-3.03705e+10
-3.07189e+10
-2.08822e+10
-3.92457e+10
-3.94138e+10
-5.38083e+09
-9.02787e+10
-3.94139e+10
-3.61705e+10
-3.94133e+10
-9.16955e+09
-9.97903e+09
-3.06969e+10
-3.06115e+10
-1.11229e+10
-3.69235e+10
-1.75119e+10
-3.07246e+10
-3.06044e+10
-3.06579e+10
-3.88221e+10
-4.19899e+10
-3.03547e+10
-3.07396e+10
-3.94046e+10
-3.94282e+10
-3.05176e+10
-3.10531e+10
-2.68279e+10
-3.07071e+10
-3.13046e+10
-6.10259e+09
-3.05082e+10
-3.48339e+10
-9.52052e+09
-3.90454e+10
-9.91313e+09
-9.7735e+09
-3.06105e+10
-2.99055e+10
-3.66077e+10
-4.97098e+10
-3.06919e+10
7.64319e+10
-6.84424e+09
-3.3377e+10
-3.94925e+10
-1.06632e+10
-3.07974e+10
-3.94216e+10
-1.30219e+10
-3.94103e+10
-3.05007e+10
-3.12037e+10
-4.10258e+10
-3.05065e+10
-3.05395e+10
-2.87194e+10
-1.85777e+10
-3.74554e+10
-3.55221e+10
-2.99489e+10
-3.01373e+10
-3.93912e+10
-3.26701e+10
-3.07248e+10
-2.55149e+10
-3.05157e+10
-3.14529e+10
-3.10208e+10
-3.882e+10
-3.05727e+10
-3.13903e+10
4.09494e+10
-3.05485e+10
-3.04246e+10
-3.61667e+10
-3.94059e+10
-3.05086e+10
-1.90681e+10
-1.93909e+10
-3.15966e+10
-3.06509e+10
-3.33259e+10
-3.07051e+10
-3.94231e+10
-3.94184e+10
-3.94109e+10
-3.05717e+10
-1.05188e+10
-3.9409e+10
-3.06316e+10
-3.94155e+10
-3.05695e+10
-3.93558e+10
-3.94693e+10
-2.40003e+10
-3.76032e+10
-3.06303e+10
-3.94104e+10
-3.94115e+10
-3.28118e+10
-2.93821e+10
-3.94091e+10
-3.94107e+10
-1.3347e+10
-3.94096e+10
-3.05637e+10
-3.06233e+10
-3.94374e+10
-1.09403e+10
-3.0878e+10
-3.94695e+10
-1.40034e+10
-3.0932e+10
-3.10808e+10
-3.16927e+10
-3.0747e+10
-3.12236e+10
-3.3251e+10
-8.06218e+09
-3.88236e+10
-3.1056e+10
-3.09012e+10
-3.03545e+10
-2.21554e+09
-3.94303e+10
-3.07118e+10
-3.05145e+10
-3.16781e+10
-3.2808e+10
-3.07623e+10
-3.12151e+10
-1.66479e+10
-3.36918e+10
-1.15471e+10
-3.12043e+10
-3.35635e+10
-3.94126e+10
-3.13113e+10
-3.05926e+10
-1.02867e+10
-3.16348e+10
-3.051e+10
-3.05081e+10
-3.41354e+10
-3.07333e+10
-3.34104e+10
-1.91123e+10
-3.10215e+10
-1.43567e+10
-3.06436e+10
-3.05888e+10
-1.67084e+10
-3.17063e+10
4.52568e+10
-3.18865e+10
-3.06297e+10
-3.0538e+10
-3.08621e+10
-1.14613e+10
-1.19355e+11
-3.94104e+10
-2.71279e+10
-3.15625e+10
-3.05954e+10
-3.13794e+10
-3.94128e+10
-3.93507e+10
-3.94073e+10
-3.07044e+10
-3.13269e+10
-3.26688e+10
-3.18324e+10
-8.90273e+10
-3.06208e+10
-3.07657e+10
-3.61106e+10
-7.87379e+09
-1.07047e+10
-7.55268e+10
-9.95626e+09
-3.94292e+10
-3.51584e+10
-7.68227e+10
-5.86888e+09
-1.85012e+10
-2.40222e+10
-3.08189e+10
-3.04987e+10
-3.26689e+10
-7.7058e+09
3.07531e+11
-3.95194e+10
-3.13287e+10
-3.7779e+10
-3.94099e+10
-1.54296e+10
-3.05099e+10
-3.03393e+10
1.1238e+12
-6.29778e+10
-3.94129e+10
-3.93502e+10
-3.10164e+10
-3.94142e+10
-3.94143e+10
-3.94106e+10
-6.54779e+10
-3.07817e+10
-3.50666e+10
-9.21365e+09
-3.5864e+10
-3.07305e+10
-1.59962e+10
-3.05384e+10
-3.07446e+10
-9.83472e+09
-3.941e+10
-1.01718e+10
-4.61869e+10
-3.1211e+10
-3.46071e+10
-8.48894e+09
-3.507e+10
4.04994e+10
-3.05167e+10
-3.94152e+10
3.17037e+11
-2.33545e+10
-1.80857e+10
-9.81495e+09
-4.90671e+10
-2.81255e+10
-3.94494e+10
-3.37313e+10
-1.73901e+10
-3.11781e+10
-3.87619e+10
-3.49676e+10
-4.20439e+10
-3.80612e+10
-3.79489e+10
-8.42883e+09
-3.12331e+10
-4.53346e+10
-1.21146e+10
-3.20301e+10
-3.10431e+10
-3.11726e+10
-7.84729e+09
3.60208e+10
-3.19999e+10
-3.79626e+09
-1.91691e+10
-2.02089e+10
-3.67437e+10
-1.9916e+10
-3.05096e+10
-3.1279e+10
-2.1076e+10
-3.10486e+10
-8.63384e+09
-3.1716e+10
-8.78303e+09
-3.20517e+10
-3.48143e+10
-3.94139e+10
-3.06902e+10
-3.75876e+10
-1.34161e+10
-3.01499e+10
-3.41233e+10
-3.28095e+10
-8.85749e+09
-3.43112e+10
-3.73179e+10
-3.01373e+10
-3.051e+10
-3.29015e+10
-8.75052e+09
-3.01387e+10
-3.13066e+10
-3.12327e+10
-3.94025e+10
-3.94716e+10
-1.44353e+10
-1.05884e+10
8.33233e+11
-3.94099e+10
-3.05159e+10
-3.28092e+10
-1.43404e+10
-3.10302e+10
-3.01501e+10
-1.36642e+10
-3.21657e+10
-3.05078e+10
-3.94235e+10
8.72299e+10
-3.94099e+10
-3.12992e+10
-1.9568e+10
-3.30688e+10
-1.85128e+10
-3.95319e+10
-3.37119e+10
-3.94066e+10
-3.69276e+10
-2.89903e+10
-6.08461e+09
-3.10226e+10
-3.08692e+10
-1.53967e+10
1.87166e+10
-1.43876e+10
-3.22413e+10
-3.08973e+10
4.61354e+10
-3.56651e+10
-3.07777e+10
-3.44043e+10
-6.33548e+09
-1.93891e+10
-1.28118e+10
-9.98639e+09
-2.90294e+10
2.32782e+11
-3.14171e+10
-3.7524e+10
-3.0607e+10
-3.07792e+10
-3.07621e+10
-3.1463e+10
-3.93612e+10
-1.89262e+10
-5.94744e+09
-3.95082e+10
-3.05097e+10
-3.59995e+10
-3.08743e+10
-3.94097e+10
-3.83732e+10
-3.08003e+10
-3.74512e+10
-3.10911e+10
-3.38057e+10
-3.051e+10
-1.17994e+11
-1.80772e+10
-3.14369e+10
-3.0693e+10
-3.07302e+10
-5.90327e+10
-3.05058e+10
-3.94326e+10
-3.26681e+10
-5.36867e+10
-3.06904e+10
-3.94145e+10
-3.94195e+10
-3.21096e+10
-3.94094e+10
-3.94203e+10
-3.86211e+10
-3.0718e+10
-3.25616e+10
-3.94259e+10
-3.94109e+10
-6.21461e+09
-3.91459e+10
-3.07101e+10
-3.12725e+10
-2.96325e+10
-3.94109e+10
-3.73773e+10
-3.07551e+10
-3.30925e+10
-8.39097e+09
-3.89218e+10
-3.06752e+10
-3.94137e+10
-3.072e+10
-3.94111e+10
-3.94259e+10
-3.94182e+10
-3.22452e+10
-3.07808e+10
-3.88207e+10
-3.18197e+10
-3.39471e+10
-4.85264e+10
-3.10502e+10
-8.68632e+10
-9.26714e+09
-3.9412e+10
-9.89423e+09
-3.94403e+10
-3.05093e+10
-3.05958e+10
-3.94207e+10
1.40667e+10
-4.88423e+10
-3.05083e+10
-2.15532e+10
-3.58645e+10
-3.19232e+10
-3.69305e+10
-5.55944e+10
-2.9922e+10
-3.92919e+10
-3.13341e+10
-2.43091e+10
-3.23838e+10
-3.20924e+10
-3.97256e+10
-3.28508e+10
-3.42427e+10
-2.90713e+10
-3.30405e+10
-3.94056e+10
-1.89039e+10
-6.78903e+09
-2.97205e+10
2.3567e+11
-3.23541e+10
-8.5515e+09
-8.11964e+09
-3.94105e+10
-6.84205e+09
-3.32346e+10
-1.32996e+10
-3.96492e+10
-3.46504e+10
-3.9406e+10
-3.94137e+10
-3.94098e+10
-3.94088e+10
-8.48564e+09
-5.62614e+10
1.71402e+11
-3.06684e+10
-9.30289e+09
-6.07295e+10
-9.39766e+09
-1.05876e+10
-8.11019e+09
-7.79936e+09
-4.47767e+10
-3.13948e+10
-3.06214e+10
-3.15885e+10
-8.37811e+09
-7.84128e+09
-1.3184e+10
-3.94241e+10
-3.30938e+10
-3.3467e+10
-1.99915e+10
-4.22991e+10
-2.64632e+10
-3.25869e+10
-3.10143e+10
-3.94179e+10
-3.94408e+10
-3.12542e+10
-3.93496e+10
-3.02978e+10
-3.41791e+10
-3.13655e+10
-4.8672e+10
-3.39585e+10
-3.07229e+10
1.27906e+11
-3.05121e+10
-3.94638e+10
-3.59947e+10
-3.44299e+10
-3.06405e+10
-3.45803e+10
-3.05077e+10
-3.13055e+10
-3.2577e+10
-3.07023e+10
-3.94149e+10
-1.99296e+10
-3.14119e+10
-3.77748e+10
-1.80248e+10
-3.07614e+10
-3.07441e+10
-3.18753e+10
-3.07404e+10
-3.33765e+10
-1.96163e+10
-3.94194e+10
-3.0748e+10
-3.33779e+10
-3.60408e+10
-3.94398e+10
-3.94529e+10
-3.07425e+10
-3.10117e+10
-3.316e+10
-3.09119e+10
-2.82987e+10
2.938e+12
-3.94083e+10
-3.35138e+10
-3.30939e+10
-3.92974e+10
-3.03201e+10
-3.9406e+10
-3.17307e+10
-1.61371e+10
-3.94099e+10
-3.06907e+10
-3.02949e+10
-3.04652e+10
-3.30589e+10
-3.32199e+10
-3.93511e+10
-3.07153e+10
-3.94107e+10
-3.07079e+10
-3.64046e+10
-3.05037e+10
-3.22242e+10
-3.9389e+10
3.20668e+10
-3.07774e+10
-3.04823e+10
-3.94114e+10
-3.34228e+10
-3.1343e+10
-3.07746e+10
-3.9259e+10
-3.38983e+10
-3.03069e+10
-3.07596e+10
-3.79742e+10
-3.16911e+10
-3.07293e+10
-3.11008e+10
-5.77017e+10
-3.94127e+10
-3.51338e+10
-3.10533e+10
-3.33518e+10
-3.07258e+10
-3.10686e+10
-3.04269e+10
-7.40213e+09
-3.92056e+10
-3.10771e+10
-5.33293e+10
-3.94283e+10
-3.07174e+10
-3.93616e+10
-3.27671e+10
-3.94434e+10
-7.38002e+09
-9.10976e+09
-2.71993e+10
4.48407e+10
-6.41755e+10
-3.94057e+10
-1.09057e+10
-3.10104e+10
-3.17215e+10
-3.24087e+10
-1.07596e+10
-3.07313e+10
-3.32035e+10
-3.94154e+10
-3.94148e+10
-3.18962e+10
-3.18141e+10
-3.94145e+10
-3.92799e+10
-1.90532e+10
-3.08435e+10
-1.3015e+10
-1.09548e+10
-3.52519e+10
-7.36989e+09
3.0404e+11
-3.07107e+10
-1.29984e+10
-6.78558e+09
-3.13066e+10
-3.43586e+10
-3.04786e+10
-3.12474e+10
-1.35169e+10
-3.74112e+10
-4.72195e+10
-3.10259e+10
-3.07163e+10
-3.25067e+10
-2.11556e+10
-8.99656e+09
-5.27208e+09
-1.02978e+10
-3.19997e+10
8.77228e+10
-3.04837e+10
-7.66052e+09
-3.25748e+10
-2.89357e+10
-3.07611e+10
-3.04839e+10
-2.6802e+10
-3.0859e+10
-3.94814e+10
-9.33032e+09
-3.10827e+10
-3.94109e+10
-3.15144e+10
-3.17381e+10
-3.1757e+10
-3.15042e+10
-4.6804e+09
-3.94813e+10
-5.31135e+09
-9.51288e+09
-3.10135e+10
-3.17035e+10
-1.42948e+10
-3.07204e+10
-3.05978e+10
-4.95445e+10
-3.06943e+10
-6.32989e+09
-3.94125e+10
-3.59048e+10
-3.05113e+10
-3.94734e+10
-3.08181e+10
-3.19609e+10
-1.2837e+10
-3.03411e+10
-9.0042e+10
-3.18797e+10
-2.41985e+10
-3.69757e+10
-3.05939e+10
-3.16192e+10
-3.83261e+10
-3.05001e+10
-3.04876e+10
-3.07054e+10
-3.15849e+10
-2.0674e+10
-2.18439e+10
-3.93004e+10
-3.02152e+10
-3.9399e+10
-9.11795e+10
-3.94008e+10
-3.02139e+10
-3.94107e+10
-3.13252e+10
2.96472e+12
-3.7448e+10
-3.94127e+10
-3.80694e+10
-3.94078e+10
-3.95114e+10
-3.07156e+10
-3.94097e+10
-6.31002e+09
-3.92818e+10
-3.08677e+10
-3.94108e+10
-3.57228e+10
-3.05086e+10
-3.08647e+10
-3.94127e+10
-3.33033e+10
-3.4331e+10
-3.02952e+10
-3.94159e+10
-1.65969e+10
-3.94154e+10
-1.17574e+11
-3.94096e+10
-4.77683e+10
-3.02953e+10
-3.94295e+10
-3.05032e+10
-3.05237e+10
-3.12123e+10
-1.19802e+10
-3.43119e+10
-1.1848e+10
8.34083e+11
-3.94628e+10
-4.22749e+10
-3.9436e+10
-3.92808e+10
-1.97462e+10
-3.02903e+10
-3.9506e+10
-3.89115e+10
-3.85861e+10
-3.55552e+10
-3.06939e+10
-2.32452e+10
-2.48115e+10
-3.07735e+10
-3.05097e+10
-1.16672e+10
-3.32021e+10
-1.04304e+10
-3.94126e+10
-3.94131e+10
-3.2876e+10
-9.13284e+10
-3.17711e+10
-5.60856e+10
-3.29039e+10
-4.10569e+10
-3.9406e+10
-5.83125e+10
-5.94744e+10
-3.26099e+10
-8.25144e+09
-3.31209e+10
-1.17056e+10
-1.33989e+10
-3.89204e+10
-3.94141e+10
-3.94141e+10
-3.18001e+10
-8.32771e+09
9.91608e+10
-3.13492e+10
-3.13748e+10
-4.12624e+10
-3.40636e+10
-3.20088e+10
-3.75842e+10
-8.69007e+10
-3.9423e+10
-3.36918e+10
-3.08641e+10
-3.04453e+10
-8.35938e+09
2.93736e+12
-3.94134e+10
-3.0458e+10
-3.25621e+10
-3.11227e+10
-3.94151e+10
-3.18098e+10
-6.74634e+10
-4.93784e+10
-3.94151e+10
-3.63131e+10
-3.62701e+07
-3.94163e+10
-3.94401e+10
-3.94161e+10
-3.94177e+10
-3.94107e+10
-3.94137e+10
1.28907e+11
-3.18684e+10
-3.39698e+10
-3.6712e+10
-3.37192e+10
-3.29413e+10
-1.01174e+10
-3.06761e+10
-3.94148e+10
-3.94025e+10
-4.13066e+10
-3.12952e+10
-3.94145e+10
-3.10895e+10
-7.88104e+10
-3.94107e+10
-2.92359e+10
-3.1735e+10
-6.28373e+10
-7.51373e+09
-3.84494e+10
-3.16577e+10
-2.7419e+10
-2.4926e+10
-3.07628e+10
-2.07769e+10
-3.06444e+10
-3.94126e+10
-3.92207e+10
-1.52995e+10
-3.07047e+10
-3.94319e+10
1.6935e+10
-3.05064e+10
-3.08373e+10
-3.9345e+10
-3.27702e+10
7.51649e+10
-2.03151e+10
-3.07244e+10
-1.9457e+10
-3.08207e+10
-3.94099e+10
-3.07395e+10
-7.89174e+09
-8.62439e+10
-1.09854e+10
-2.00776e+10
-3.66118e+10
-3.94189e+10
-3.08083e+10
-2.92198e+10
-3.09153e+10
-3.05628e+10
-3.07113e+10
2.33226e+11
3.91628e+10
-1.2609e+10
9.72819e+10
-3.10528e+10
-3.07218e+10
-3.18999e+10
-1.02889e+10
-3.06954e+10
-8.80237e+09
-3.10379e+10
-3.0711e+10
-3.14115e+10
-3.92812e+10
-3.94151e+10
-1.87343e+10
-8.76169e+09
-3.06213e+10
-3.0697e+10
9.48738e+11
-9.61138e+09
-1.03723e+10
-1.35364e+10
-3.90377e+10
-3.69325e+10
1.04815e+11
-3.58575e+10
-2.00278e+10
-3.07077e+10
-3.94079e+10
-3.03148e+10
-3.06072e+10
-3.42457e+10
1.12479e+12
-1.49815e+10
-3.94086e+10
-2.00032e+10
9.49691e+11
-3.1315e+10
-3.33644e+10
-3.44964e+10
-3.9406e+10
-3.0926e+10
-1.55311e+10
-3.19815e+10
-1.40278e+10
-3.07702e+10
-3.94099e+10
-3.08139e+10
-3.93976e+10
-9.5936e+09
-9.22738e+09
-1.82631e+10
-3.10334e+10
-3.06835e+10
-3.10472e+10
-3.94162e+10
-3.37259e+10
-2.44998e+10
-3.06732e+10
-3.17386e+10
-3.05091e+10
-3.17498e+10
-3.35642e+10
-3.06797e+10
-3.37184e+10
-3.49502e+10
-1.06248e+10
-3.07908e+10
-9.67666e+09
-3.11193e+10
-3.94109e+10
-3.67528e+10
-4.7387e+09
-3.19193e+10
-5.30737e+10
-3.67543e+10
-4.50717e+10
-1.06202e+10
-4.22742e+10
-9.84451e+09
-3.06091e+10
-3.07459e+10
-2.69036e+10
-3.07614e+10
-3.94382e+10
-3.942e+10
-3.94117e+10
-3.94144e+10
-3.08012e+10
-3.94107e+10
-3.94133e+10
-2.9948e+10
-3.04229e+10
-3.94157e+10
-3.05098e+10
-3.07205e+10
-3.94318e+10
-3.07297e+10
-3.05028e+10
-3.50489e+10
-3.05053e+10
-3.0106e+10
-3.05472e+10
-2.33672e+10
-3.86202e+10
-3.18759e+10
-3.00053e+10
-3.07069e+10
-1.27778e+10
-3.94191e+10
-3.07266e+10
-3.07636e+10
-3.10398e+10
-3.11028e+10
-3.10803e+10
-3.94185e+10
-3.95402e+10
-3.19376e+10
-3.94075e+10
-3.94153e+10
-1.35337e+10
-6.97768e+09
-3.94146e+10
-3.07176e+10
-3.94084e+10
-3.11671e+10
-3.49041e+10
-3.94727e+10
-3.06361e+10
-4.38899e+09
-8.38838e+10
-5.77032e+09
-8.31384e+09
-7.97418e+09
-7.891e+09
-9.50062e+09
-1.1854e+10
-3.07471e+10
-3.43605e+10
-3.0765e+10
-4.17607e+10
-3.94161e+10
-9.35408e+09
-3.94151e+10
-3.47508e+10
-3.34621e+09
-3.17924e+10
-3.19799e+10
-3.92238e+10
-3.12177e+10
-6.80266e+09
-1.01868e+10
-3.94151e+10
-3.94151e+10
-3.9415e+10
-3.93993e+10
-3.93986e+10
-3.93984e+10
-3.12663e+10
-3.12393e+10
-8.54576e+09
5.85631e+08
-8.31278e+09
-7.9421e+09
-4.41533e+10
-1.08363e+11
-6.36573e+10
-5.78021e+10
-7.81022e+10
-5.4074e+10
-1.05471e+11
-5.74207e+10
-6.75975e+09
-6.70913e+09
-1.98207e+10
-3.89191e+10
9.51664e+11
-1.60573e+11
-6.51939e+11
-4.49322e+11
-5.94471e+11
-1.96863e+11
-1.65237e+11
-4.28608e+11
-2.1515e+11
-3.10454e+10
-3.05065e+10
-3.04944e+10
-3.05094e+10
-1.31656e+10
-3.94203e+10
-1.30813e+10
-3.97256e+10
-3.49075e+10
-1.2496e+10
-3.96857e+10
-3.94178e+10
-3.94495e+10
-3.94197e+10
-3.94497e+10
-3.93494e+10
-3.94023e+10
-3.94112e+10
-3.94086e+10
-3.94105e+10
-3.94102e+10
-3.94135e+10
-3.94131e+10
-3.94334e+10
-3.94135e+10
-3.95318e+10
-3.95385e+10
-3.94871e+10
-3.94442e+10
-3.94125e+10
-3.94212e+10
-3.94248e+10
-3.94108e+10
-3.94204e+10
-3.88135e+10
-3.88208e+10
-3.05153e+10
-3.05013e+10
-3.05049e+10
-3.05095e+10
-3.05041e+10
-3.04816e+10
-3.05226e+10
-3.05223e+10
-3.07025e+10
-3.07e+10
-3.04668e+10
-3.07077e+10
-3.06986e+10
-3.06955e+10
-3.07068e+10
-3.06966e+10
-3.07072e+10
-3.0711e+10
-3.07113e+10
-3.07155e+10
-3.07119e+10
-3.07219e+10
-3.07159e+10
-3.07212e+10
-3.07221e+10
-3.07177e+10
-3.07342e+10
-3.07338e+10
-3.08263e+10
-3.07672e+10
-3.08232e+10
-3.09179e+10
-3.08519e+10
-3.09442e+10
-3.13528e+10
-3.26308e+10
-3.23983e+10
-3.28766e+10
-3.38944e+10
-3.43493e+10
-3.59491e+10
-3.77033e+10
-5.36247e+10
-5.82142e+10
-5.12062e+10
-5.38171e+10
-5.86759e+10
-5.42727e+10
-6.2122e+10
-6.25837e+10
-6.22235e+10
-7.19618e+10
-7.23353e+10
-6.73003e+10
-9.14002e+10
-7.79156e+10
-1.36183e+11
2.43567e+11
1.71794e+11
2.1819e+11
-2.50008e+10
-3.69235e+10
-2.53154e+11
-2.56277e+11
1.67232e+11
1.65596e+11
2.49574e+11
1.67638e+11
1.69735e+11
1.67236e+11
1.70116e+11
3.69119e+10
1.26977e+11
2.23051e+11
2.31542e+11
2.2512e+11
4.0963e+10
1.77056e+11
6.51195e+10
-2.38443e+10
-2.16698e+10
-2.14236e+09
-2.2699e+09
-2.27316e+09
-8.4204e+09
-1.30893e+10
-8.52796e+09
-8.34402e+09
-8.28667e+09
-6.86178e+09
-4.79111e+10
-1.21346e+10
-1.23894e+10
-1.97572e+10
-1.84203e+10
-1.80294e+10
-1.84225e+10
-1.00217e+10
-1.77886e+10
-9.28546e+09
-1.17144e+10
-1.04458e+10
-1.03246e+10
-2.15743e+10
-2.15822e+10
-5.70561e+10
-2.21929e+10
4.36363e+10
-5.19117e+10
-3.34876e+10
-3.39757e+10
-5.04254e+10
-5.20106e+10
-4.6435e+10
-4.72012e+10
-4.00032e+10
-4.68435e+10
-2.16082e+10
-2.57726e+10
-2.63174e+10
-3.28398e+10
-4.03746e+10
-3.78718e+10
-3.43098e+10
-3.09522e+10
-3.40901e+10
-2.91922e+10
-1.92192e+10
-1.87112e+10
-5.27421e+10
-1.89253e+10
-1.87555e+10
-5.30023e+10
-1.87844e+10
-2.18374e+10
-1.26299e+10
-2.17853e+10
-1.25123e+10
-1.23498e+10
-1.21654e+10
-1.81279e+10
-9.7111e+09
-7.74304e+09
-2.01387e+10
-1.13525e+10
-1.25089e+10
-2.18977e+10
-1.61088e+10
-1.67815e+10
-3.27473e+10
-3.18415e+10
-3.14442e+10
-3.12057e+10
-3.1309e+10
-3.12257e+10
-3.12694e+10
-3.12671e+10
-3.11829e+10
-3.12391e+10
-3.12319e+10
-3.11924e+10
-3.1188e+10
-3.12371e+10
-3.11964e+10
-3.109e+10
-3.11304e+10
-3.10742e+10
-3.12001e+10
-3.11297e+10
-3.11037e+10
-3.09415e+10
-3.09284e+10
-3.0881e+10
-3.08017e+10
-3.0783e+10
-3.08078e+10
-3.07862e+10
-3.04973e+10
-3.04896e+10
-3.04837e+10
-3.07127e+10
-3.07986e+10
-3.25923e+10
-3.26391e+10
-3.25922e+10
-3.27894e+10
-3.25438e+10
-3.22742e+10
-3.08797e+10
-3.53303e+10
-3.38883e+10
-3.37131e+10
-3.40927e+10
-3.69718e+10
-3.77846e+10
-3.97821e+10
-3.87399e+10
-3.96665e+10
-4.59997e+10
-3.67442e+10
-3.96538e+10
-3.94415e+10
-3.94433e+10
-3.94912e+10
-3.94417e+10
-3.94289e+10
-3.94207e+10
-3.94296e+10
-3.94155e+10
-3.94156e+10
-3.94296e+10
-3.94157e+10
-3.94156e+10
-3.94158e+10
-3.94149e+10
-3.9415e+10
-3.94148e+10
-3.47212e+10
-3.94139e+10
-3.94139e+10
-3.94127e+10
-3.94128e+10
-3.94123e+10
-3.94147e+10
-3.94147e+10
-3.94119e+10
-3.9409e+10
-3.94539e+10
-3.94246e+10
-3.94203e+10
-3.94121e+10
-3.88366e+10
-3.88334e+10
-3.85833e+10
-3.30868e+10
-3.07089e+10
-3.07172e+10
-3.07332e+10
-3.07654e+10
-3.08267e+10
-4.09364e+10
-6.55322e+10
-7.25871e+10
2.04447e+11
-6.52322e+11
2.14575e+11
-2.48585e+11
2.55763e+11
1.73201e+11
1.69308e+11
2.3805e+11
2.346e+11
-1.91368e+10
8.57953e+09
-1.21346e+10
-3.93362e+10
-3.88832e+10
-1.92704e+10
-1.83597e+10
-7.63522e+10
-1.06431e+09
-5.39529e+10
7.65974e+08
-4.92278e+10
-4.95346e+10
-4.03591e+10
-3.54876e+10
-3.40197e+10
-3.28259e+10
-3.42509e+10
-2.68243e+10
-3.57515e+10
-1.90044e+10
-1.86311e+10
-1.87892e+10
-2.16101e+10
-1.13926e+10
-1.42982e+10
-1.7742e+10
-1.27707e+10
-2.09832e+10
-3.28628e+10
-3.27975e+10
-3.1208e+10
-3.12753e+10
-3.12586e+10
-3.11766e+10
-3.11891e+10
-3.11162e+10
-3.0899e+10
-3.10898e+10
-3.08237e+10
-3.07854e+10
-3.07862e+10
-3.08741e+10
-3.07719e+10
-3.04815e+10
-3.06274e+10
-3.04881e+10
-3.25427e+10
-3.08565e+10
-3.55467e+10
-3.76417e+10
-3.83012e+10
-4.5256e+10
-3.71029e+10
-3.96619e+10
-3.94933e+10
-3.94385e+10
-3.9431e+10
-3.94315e+10
-3.94215e+10
-3.28748e+10
-3.94157e+10
-3.94153e+10
-3.9415e+10
-3.94156e+10
-3.94151e+10
-3.94152e+10
-3.94138e+10
-3.94122e+10
-3.94123e+10
-3.94084e+10
-3.94098e+10
-3.941e+10
-3.94094e+10
-3.94099e+10
-3.94096e+10
-3.94091e+10
-3.94092e+10
-3.94095e+10
-3.94106e+10
-3.94104e+10
-3.94101e+10
-3.94102e+10
-3.94107e+10
-3.94111e+10
-3.9411e+10
-3.94113e+10
-3.94114e+10
-3.9412e+10
-3.94114e+10
-3.94129e+10
-3.94145e+10
-3.94144e+10
-3.9419e+10
-3.94159e+10
-3.94398e+10
-3.94478e+10
-3.94314e+10
-3.94308e+10
-3.94315e+10
-3.94298e+10
-3.94191e+10
-3.94313e+10
-3.94247e+10
-3.11704e+10
-3.03614e+10
-3.02872e+10
-3.03432e+10
-3.03437e+10
-3.05229e+10
-3.05154e+10
-3.05155e+10
-3.0514e+10
-3.05098e+10
-3.051e+10
-3.05091e+10
-3.0505e+10
-3.05094e+10
-3.07183e+10
-3.07116e+10
-3.07092e+10
-3.07164e+10
-3.07118e+10
-3.07106e+10
-3.07115e+10
-3.07266e+10
-3.07131e+10
-3.07273e+10
-3.08404e+10
-3.0922e+10
-3.09484e+10
-3.10975e+10
-3.11113e+10
-3.12134e+10
-3.1152e+10
-3.11943e+10
-3.12892e+10
-3.13501e+10
-3.13398e+10
-3.13476e+10
-3.14712e+10
-3.15039e+10
-3.13927e+10
-3.1582e+10
-3.18599e+10
-3.17889e+10
-3.23421e+10
-3.23852e+10
-3.24688e+10
-3.29018e+10
-3.28281e+10
-3.31191e+10
-3.31712e+10
-3.30379e+10
-3.33961e+10
-3.34662e+10
-3.34585e+10
-3.39958e+10
-3.42016e+10
-3.42235e+10
-3.79036e+10
-3.72443e+10
-3.76814e+10
-3.89296e+10
-2.90995e+10
-4.03575e+10
-3.95726e+10
-4.79899e+10
-3.8905e+10
-1.94443e+10
-2.17353e+10
-2.60157e+10
-1.92529e+10
-2.02129e+10
-1.90457e+10
-5.04838e+10
-1.87636e+10
-2.03498e+10
-4.84805e+10
-8.45853e+09
-9.40581e+09
-6.04562e+09
-7.84282e+09
-2.1361e+09
3.87149e+10
-6.60721e+09
-8.14009e+09
-7.51945e+09
-5.84314e+09
-7.58434e+09
-6.25693e+09
-5.7007e+09
-5.69837e+09
-1.246e+10
-5.94226e+09
-6.16837e+09
-7.53344e+09
-1.13254e+10
-9.74954e+09
-1.03162e+10
-3.64697e+10
-3.66358e+10
-3.71947e+10
-9.36097e+09
-8.69888e+09
-9.82776e+09
-1.06111e+10
-1.6347e+10
-1.63151e+10
-1.13848e+10
-1.12113e+10
-1.00158e+10
-9.45862e+09
-1.01085e+10
-2.10829e+10
-2.31663e+10
-3.69202e+10
-1.63565e+10
-1.65102e+10
-1.56488e+10
-1.93269e+10
-2.95963e+10
-2.42018e+10
-3.78466e+10
-3.72945e+10
-3.14949e+10
-4.88983e+10
-5.1176e+10
-4.78155e+10
-4.84777e+10
-3.58732e+10
-3.60075e+10
-3.34727e+10
-3.54936e+10
-3.51252e+10
-3.59796e+10
-3.55622e+10
-3.57863e+10
-3.71093e+10
-3.59043e+10
-3.59736e+10
-3.52301e+10
-3.46003e+10
-3.51899e+10
-3.4566e+10
-3.69273e+10
-3.50864e+10
-1.83092e+10
-5.28735e+10
-3.11701e+10
-2.09328e+10
-1.3173e+10
-1.98731e+10
-1.90704e+10
-3.11636e+10
-1.6227e+10
-1.88015e+10
-2.16548e+10
-2.0611e+10
-2.66997e+10
-2.67611e+10
-2.62337e+10
-2.09912e+10
-3.31089e+10
-3.32369e+10
-3.18996e+10
-3.20778e+10
-3.18672e+10
-3.15112e+10
-3.15684e+10
-3.16852e+10
-3.14082e+10
-3.13452e+10
-3.13772e+10
-3.13254e+10
-3.13251e+10
-3.13355e+10
-3.13256e+10
-3.13101e+10
-3.13041e+10
-3.1332e+10
-3.12474e+10
-3.12147e+10
-3.1172e+10
-3.1224e+10
-3.1183e+10
-3.11478e+10
-3.11241e+10
-3.10376e+10
-3.10402e+10
-3.10204e+10
-3.10149e+10
-3.09963e+10
-3.09992e+10
-3.09168e+10
-3.09535e+10
-3.11595e+10
-3.08246e+10
-3.05426e+10
-3.0771e+10
-3.04384e+10
-3.09125e+10
-3.04741e+10
-3.95543e+10
-3.95315e+10
-3.95454e+10
-3.95263e+10
-3.95365e+10
-3.95592e+10
-3.94983e+10
-3.72434e+10
-4.58339e+10
-3.94212e+10
-3.11688e+10
-3.94166e+10
-3.9414e+10
-3.94211e+10
-3.9416e+10
-3.94157e+10
-3.94163e+10
-3.94162e+10
-1.23908e+10
-3.94158e+10
-3.9416e+10
-3.94148e+10
-3.94144e+10
-3.94139e+10
-3.94141e+10
-3.94127e+10
-3.94113e+10
-3.94113e+10
-3.94112e+10
-3.94113e+10
-3.94091e+10
-4.82066e+11
-1.27936e+10
-1.67752e+10
-3.08266e+10
-3.06973e+10
-3.07341e+10
-3.94106e+10
-3.94106e+10
-3.94105e+10
-3.94107e+10
-3.941e+10
-3.94106e+10
-3.94107e+10
-3.94108e+10
-3.94113e+10
-3.94111e+10
-3.94119e+10
-3.9412e+10
-3.94117e+10
-3.94131e+10
-3.94139e+10
-3.94124e+10
-3.94139e+10
-3.9413e+10
-3.94158e+10
-2.64796e+10
-3.94163e+10
-3.94166e+10
-3.94164e+10
-3.94268e+10
-3.94349e+10
-3.94344e+10
-3.94331e+10
-3.94461e+10
-3.8731e+10
-3.79506e+10
-3.25788e+10
-3.11233e+10
-3.12471e+10
-3.12657e+10
-3.04803e+10
-3.05942e+10
-3.05757e+10
-3.0612e+10
-3.06011e+10
-3.05057e+10
-3.05104e+10
-3.76721e+10
-3.48276e+10
-4.28253e+10
-3.51387e+10
-2.82813e+10
-3.06488e+10
-3.067e+10
-3.07193e+10
-3.07422e+10
-3.07061e+10
-3.07174e+10
-3.07054e+10
-3.07183e+10
-3.06914e+10
-3.07007e+10
-3.0798e+10
-3.07564e+10
-3.08894e+10
-3.08874e+10
-3.09199e+10
-3.09485e+10
-3.09929e+10
-3.10095e+10
-3.10349e+10
-3.10366e+10
-3.10369e+10
-3.10249e+10
-3.10492e+10
-3.10481e+10
-3.1056e+10
-3.10391e+10
-3.13409e+10
-3.13816e+10
-3.12509e+10
-3.10495e+10
-3.13457e+10
-3.14978e+10
-3.13164e+10
-3.15426e+10
-3.27371e+10
-3.16088e+10
-3.16166e+10
-3.16309e+10
-3.58394e+10
-3.30197e+10
-3.16661e+10
-3.16797e+10
-3.16553e+10
-3.17014e+10
-3.17599e+10
-3.17739e+10
-3.17671e+10
-3.27422e+10
-3.38608e+10
-3.82917e+10
-3.23411e+10
-3.53823e+10
-1.14247e+10
-1.13682e+10
-3.75335e+10
-4.21833e+10
-3.62854e+10
-2.51577e+10
-3.75763e+10
-2.08692e+10
-1.91811e+10
-2.01616e+10
-2.86991e+10
-1.22871e+10
-1.45321e+10
-2.37533e+10
-2.5772e+10
-2.36099e+10
-2.95374e+10
-2.88863e+10
-2.54247e+10
-1.39745e+10
-1.25152e+10
-1.10228e+10
-1.17039e+10
-1.02771e+10
-1.24525e+10
-1.32597e+10
-1.04994e+10
-6.4282e+09
-4.9251e+09
3.89236e+10
-6.20995e+09
-8.25651e+09
-5.98202e+09
-6.94539e+09
-8.65758e+09
-6.55926e+09
-6.81755e+09
-7.09176e+09
-8.7028e+09
-6.40726e+09
-6.71306e+09
-6.97817e+09
-6.96398e+09
-5.8907e+09
-5.99252e+09
-6.49999e+09
-1.13252e+10
-5.87349e+09
-6.88194e+09
-9.96957e+09
-4.0573e+10
-1.92448e+10
-1.58684e+10
-2.02687e+10
-2.01483e+10
-7.59726e+09
-7.63145e+09
-7.52787e+09
-8.15054e+09
-9.61975e+09
-9.80774e+09
-9.59239e+09
-9.61078e+09
-9.6251e+09
-8.00572e+09
-8.58657e+09
-8.71404e+09
-9.29448e+09
-1.01034e+10
-8.349e+09
-8.35716e+09
-1.3563e+10
-8.89703e+09
-1.40939e+10
-1.38157e+10
-1.62623e+10
-1.80227e+10
-1.48396e+10
-1.65501e+10
-2.48278e+10
-2.63867e+10
-3.44448e+10
-2.52268e+10
-3.547e+10
-3.43394e+10
-3.521e+10
-3.46437e+10
-3.36733e+10
-3.46068e+10
-3.53877e+10
-3.55882e+10
-3.45167e+10
-3.65794e+10
-3.67927e+10
-3.58579e+10
-3.58722e+10
-3.55009e+10
-3.60562e+10
-3.4686e+10
-3.39996e+10
-3.35316e+10
-2.95093e+10
-2.70739e+10
-2.5041e+10
-2.34544e+10
-2.06996e+10
-2.41188e+10
-2.25198e+10
-3.29096e+10
-3.29111e+10
-3.22862e+10
-3.28128e+10
-3.36473e+10
-3.35034e+10
-3.29116e+10
-2.58999e+10
-3.39449e+10
-3.38825e+10
-3.43146e+10
-3.38473e+10
-3.19624e+10
-3.19912e+10
-3.30154e+10
-3.1836e+10
-3.17988e+10
-3.15169e+10
-3.14772e+10
-3.14769e+10
-3.13652e+10
-3.15092e+10
-3.14511e+10
-3.14455e+10
-3.14679e+10
-3.14439e+10
-3.14472e+10
-3.13213e+10
-3.14441e+10
-3.14417e+10
-3.13399e+10
-3.14035e+10
-3.12209e+10
-3.12286e+10
-3.12185e+10
-3.13545e+10
-3.11579e+10
-3.58574e+10
-3.11172e+10
-3.11535e+10
-3.1188e+10
-3.10659e+10
-3.10591e+10
-3.1044e+10
-3.10654e+10
-3.10252e+10
-3.10564e+10
-3.10574e+10
-3.10122e+10
-3.10335e+10
-3.10098e+10
-3.10112e+10
-3.10123e+10
-3.10117e+10
-3.09753e+10
-3.08943e+10
-3.08432e+10
-3.09498e+10
-3.08385e+10
-3.05151e+10
-3.94405e+10
-3.32049e+10
-3.94256e+10
-3.93711e+10
-3.94885e+10
-3.94677e+10
-3.95024e+10
-3.94496e+10
-3.94754e+10
-3.94795e+10
-3.96064e+10
-4.10422e+10
-3.94343e+10
-3.94338e+10
-3.94254e+10
-3.9424e+10
-3.94183e+10
-3.94177e+10
-3.94177e+10
-3.94166e+10
-3.94159e+10
-3.94168e+10
-3.94155e+10
-3.94158e+10
-3.9415e+10
-3.94139e+10
-3.94129e+10
-3.94127e+10
-3.94136e+10
-3.94127e+10
-3.94114e+10
-3.94108e+10
-3.94116e+10
-3.94113e+10
-3.89898e+10
-3.56611e+10
-1.98534e+10
-1.62189e+10
-1.96694e+10
-2.00879e+10
-2.10103e+10
-2.22829e+10
-2.08988e+10
-3.07508e+10
-3.07497e+10
-9.89971e+09
-3.07196e+10
-3.07226e+10
-3.22815e+10
-3.15331e+10
-3.08218e+10
-3.08325e+10
-3.94111e+10
-3.94109e+10
-3.94107e+10
-3.94108e+10
-3.94321e+10
-3.94503e+10
-3.94318e+10
-3.94462e+10
-1.00795e+10
-9.34303e+09
-1.04669e+10
-9.93232e+09
-8.88391e+09
-3.94119e+10
-3.94118e+10
-3.94111e+10
-3.94114e+10
-3.94127e+10
-3.94125e+10
-3.94131e+10
-3.94118e+10
-3.94138e+10
-3.9415e+10
-3.94145e+10
-3.94137e+10
-3.94183e+10
-3.94197e+10
-3.94169e+10
-3.94226e+10
-3.94331e+10
-3.06642e+10
-3.06086e+10
-3.06077e+10
-3.08306e+10
-3.55323e+10
-3.64305e+10
-3.71195e+10
-3.41726e+10
-3.07427e+10
-3.07489e+10
-3.07713e+10
-3.06904e+10
-3.06865e+10
-3.07172e+10
-3.07006e+10
-3.06834e+10
-3.07434e+10
-3.07383e+10
-3.07235e+10
-3.07191e+10
-3.07162e+10
-3.07679e+10
-3.08643e+10
-3.08935e+10
-3.10507e+10
-3.10815e+10
-3.1164e+10
-3.10917e+10
-3.13886e+10
-3.14293e+10
-3.13606e+10
-3.14225e+10
-3.16342e+10
-3.14436e+10
-3.14617e+10
-3.2054e+10
-3.19807e+10
-3.22187e+10
-3.94109e+10
-3.94108e+10
-3.49052e+10
-3.49112e+10
-3.69221e+10
-3.70367e+10
-3.33334e+10
-2.97494e+10
-2.14093e+10
-2.1054e+10
-2.12166e+10
-2.61761e+10
-2.04092e+10
-1.98584e+10
-2.16532e+10
-1.99245e+10
-2.59462e+10
-1.25392e+10
-1.26195e+10
-1.59326e+10
-1.65514e+10
-9.29982e+09
-9.20936e+09
-1.05531e+10
-7.40933e+09
-8.75812e+09
-8.41598e+09
-7.57129e+09
-7.4465e+09
-6.12919e+09
-6.70013e+09
-6.11881e+09
-6.90945e+09
-7.10852e+09
-9.2165e+09
-7.88497e+09
-7.83502e+09
-3.44553e+10
-3.30182e+10
-3.47324e+10
-7.72696e+09
-8.35513e+09
-9.60102e+09
-8.1945e+09
-9.15284e+09
-8.82615e+09
-1.31347e+10
-3.80938e+10
-3.62953e+10
-3.68864e+10
-3.58022e+10
-3.37192e+10
-2.68966e+10
-3.32849e+10
-3.34896e+10
-3.94353e+10
-3.94614e+10
-3.94289e+10
-3.94243e+10
-3.94282e+10
-3.94243e+10
-3.94235e+10
-3.94179e+10
-3.94193e+10
-3.94167e+10
-3.94148e+10
-3.94146e+10
-3.94155e+10
-3.94143e+10
-3.94129e+10
-8.2421e+09
-3.78474e+10
-4.52365e+10
-3.79109e+10
-3.06214e+10
-3.94126e+10
-3.72121e+10
-2.70296e+10
-3.94561e+10
-3.64755e+10
-6.93647e+09
-7.64173e+09
-3.94206e+10
-3.94181e+10
-8.26679e+09
-1.04869e+10
-7.58631e+09
-7.82311e+09
-3.29257e+10
-3.61792e+10
-3.59049e+10
-3.55683e+10
-2.12614e+10
-2.69138e+10
-3.095e+10
-3.0997e+10
-3.07062e+10
-3.96506e+10
-3.95098e+10
-3.94942e+10
-3.9415e+10
-3.94157e+10
-3.94112e+10
-2.60515e+10
-3.07601e+10
-3.94122e+10
-3.94157e+10
-3.94331e+10
-3.10967e+10
-3.14047e+10
-3.94118e+10
-3.24547e+10
-3.30457e+10
-2.65475e+10
-1.05473e+10
-1.27996e+10
-8.51921e+09
-3.69114e+09
-2.6529e+10
-3.35889e+10
-1.98925e+10
-2.08884e+10
-1.96974e+10
-3.4612e+10
-3.44769e+10
-3.50457e+10
-3.41002e+10
-3.35957e+10
-3.10606e+10
-3.10664e+10
-3.09905e+10
-3.94169e+10
-3.94697e+10
-3.94552e+10
-3.94134e+10
-3.94119e+10
-3.84913e+10
-4.14342e+10
-3.94333e+10
-3.33549e+10
-3.14417e+10
-3.10748e+10
-3.94139e+10
-3.10288e+10
-3.59127e+10
-9.68279e+09
-1.32289e+10
-3.9412e+10
-3.94125e+10
-3.54712e+10
-3.94112e+10
-3.94115e+10
-1.17602e+10
-1.16127e+11
-7.04743e+09
-3.94116e+10
-1.59669e+11
-1.6479e+11
-3.05078e+10
-3.94129e+10
-3.97076e+10
-1.32522e+10
-3.94208e+10
-3.94243e+10
-3.07011e+10
-3.94169e+10
-3.07178e+10
-3.9417e+10
-6.65616e+10
2.55551e+11
7.73089e+09
5.36053e+09
-1.79971e+10
-3.42677e+10
-3.97974e+10
-3.78011e+10
-3.27352e+10
-1.12514e+10
-3.12232e+10
-3.09885e+10
-3.11757e+10
-3.10302e+10
-3.10653e+10
-3.11728e+10
-3.07768e+10
-3.07944e+10
-3.04761e+10
-3.27016e+10
-3.14244e+10
-3.25015e+10
-3.2931e+10
-3.54451e+10
-3.94933e+10
-3.14475e+10
-3.93952e+10
-3.14692e+10
-3.94212e+10
-3.94118e+10
-3.22762e+10
-3.94299e+10
-3.94149e+10
-3.32529e+10
-3.94128e+10
-5.16852e+10
-2.62231e+10
-3.34978e+10
-3.09862e+10
-3.04671e+10
-3.9668e+10
-3.95838e+10
-3.9415e+10
-3.29477e+10
-3.94158e+10
-3.94488e+10
-3.94256e+10
-3.09441e+10
-3.27646e+10
-3.29077e+10
-2.94804e+10
-1.05323e+10
-7.51478e+09
-3.44806e+10
-3.55759e+10
-3.58479e+10
-2.16617e+10
-2.61354e+10
-3.17872e+10
-3.09936e+10
-3.06999e+10
-3.03927e+10
-3.95653e+10
-3.9481e+10
-3.94155e+10
-3.94159e+10
-3.66276e+10
-3.94113e+10
-3.94113e+10
-3.07317e+10
-3.94111e+10
-3.59413e+10
-3.94131e+10
-3.94167e+10
-3.07032e+10
-3.43198e+10
-3.08988e+10
-3.13386e+10
-3.15653e+10
-3.26452e+10
-3.3282e+10
-3.25792e+10
-2.05371e+10
-5.31714e+09
-8.63035e+09
-3.94094e+10
-3.94095e+10
-3.94091e+10
-3.94091e+10
-3.84838e+10
-4.05446e+10
-3.84251e+10
-3.7752e+10
)
;

boundaryField
{
    Wall
    {
        type            zeroGradient;
    }
    Inlet
    {
        type            zeroGradient;
    }
    Outlet
    {
        type            fixedValue;
        value           uniform 0;
    }
    Empty
    {
        type            empty;
    }
}


// ************************************************************************* //
