/*--------------------------------*- C++ -*----------------------------------*\
| =========                 |                                                 |
| \\      /  F ield         | OpenFOAM: The Open Source CFD Toolbox           |
|  \\    /   O peration     | Version:  2312                                  |
|   \\  /    A nd           | Website:  www.openfoam.com                      |
|    \\/     M anipulation  |                                                 |
\*---------------------------------------------------------------------------*/
FoamFile
{
    version     2.0;
    format      ascii;
    arch        "LSB;label=32;scalar=64";
    class       volScalarField;
    location    "3.4";
    object      p;
}
// * * * * * * * * * * * * * * * * * * * * * * * * * * * * * * * * * * * * * //

dimensions      [0 2 -2 0 0 0 0];

internalField   nonuniform List<scalar> 
2958
(
-36667.1
-30044.7
4675.25
-59430.4
-35463.7
5453.08
-33394.9
-36007.1
-13660.9
-38431.5
-35481.9
-29513.8
-37581.5
-29521.9
-37136.5
-35539.7
-32769.8
-37495.1
-29516.2
-38163.6
-29223.9
-31624.5
-28985
-38437.1
-37548.4
-36827.4
-24328.5
-38940.1
-33519.6
-35644
-36757.4
-36457.1
-29570.3
-16645.4
-32317.2
-42131.3
-29519.9
-29173.1
-38305.1
-41382.3
-279937
-37209.9
-32886.8
-36420.6
-29514.1
-21850.5
-35179.8
-31161.7
-49228.2
-33898.8
-36104.6
-32359.8
-40876.4
-35219.8
-36175.1
-78919.7
-37732.9
-38410.7
-36664.8
-72344.4
-39109.6
-38094.7
-31059.3
-35661.6
-29528.3
-29522.2
-35233.9
-30630.9
-24312.7
-41370.3
-31749.4
-29511.3
-28670.2
-36842.3
-29539.9
-35431
-39263
-30857.2
-29481
-36085.6
-37502.6
-33859.1
-39138.8
-39733
-38142.3
-35979.5
-34000.7
-36025
-30233.6
-29565.7
-31740.6
-30808.4
-34757.5
-29513
-28727.1
-40592.9
-42254.8
-59309
-29523.4
-29517.8
-59296
-36671.9
-40381.3
-30981.2
-29585.3
-31563.2
-29509
-50395.1
-29536.3
-36281.8
-96006.6
-36221.6
-29506
-37717.2
-29520.6
-29524.5
-35858.1
-36395.2
-31994.9
-36488.4
-43246.5
-29512.7
-34714
21990.1
-42873.5
-38452.8
-42314
-31201.2
-36768.8
-29507.4
-29513.9
-29477.2
-36426
-29528.5
-29512.1
-29528.2
-37771.3
-37800.3
-29519.8
-29522.2
-38790.7
-32620.5
-29263.4
-29549.5
-36785.8
-30543.9
-29527.2
-29515.6
-30882.4
-29514.4
-38209.5
-42700.9
-38209.6
-30351.1
-37756.5
-29541.5
-28913
-36869.5
-32277.1
-65026.9
-38154.3
-38987.1
-37413.2
-29517.8
-44496.1
-43010.6
-26359.6
-29523.5
-46552.2
-5190.98
-38031.1
-29509.4
-29752.7
-33807.7
-29556.3
5799.36
-34580.9
35402.9
-20589.9
-24601.3
-27636
-31188.1
-37304
-125898
-30875.9
-31219.1
-30774.5
-29536
-32696
-53921.4
-33471.7
-32629.8
27757
-42102.6
-28239.7
-33151.3
-29692.9
-38737.3
-35995.3
-89990
-39460.8
-29526.6
-36726.6
26125.6
-93308.2
27535
-31472.9
26924.7
-33315.9
-51483.7
-29521.7
-29560.8
-29529.6
-30265.9
-29525.8
17717.2
-35673.6
-29524
-29525.1
-29522.3
-29501.6
-32775.7
-32462.5
-31011.6
-200453
-35922.4
-39116.2
-29526.2
-25858.4
-30878.2
-31585.6
-38337.3
-32558.1
-34655.7
-33399.5
-29497.2
-29574
-36669.1
-29578.9
-7036.38
-29558.8
-7927.98
-51382.8
-38866.7
-36931.9
-86793.2
-34141.2
-37718.1
-35750.2
-36637.1
-40148.5
-36926.1
-36475.1
39800.3
-59172.1
-27966
-36138.5
-31326.1
-36560.8
-32806.3
-36209.1
-29334.2
-37247.9
-29986.1
-35646
-34806
-37203
-36799.2
-29060.6
-29042.7
-29519.8
-32420.6
-36247.4
-29506.7
-30493.3
-36815.7
-29521.2
-32728.2
-29528.4
-31138.6
-29520.7
-29519.9
-35472.3
-36099.3
-34343.6
-29518.4
-30856.3
-79809.6
-103041
-35501.8
-38241.2
-31278.2
-29519.7
-29515.5
-38052.6
21159.8
-29521.6
-36163.4
-29522.2
-37661.4
-36947.2
-35213.7
-31333.7
17771.7
-38912.4
-1222
-64947.6
-29333
-35861.9
-36488.4
-29535.4
-36395.6
-35866.4
-29532
-30898.1
-199343
-37516.7
-32793.2
-32294.2
-37012.7
-32486.6
-34257.9
-36671.4
-27562.8
-3161.22
-29053.7
-36236.4
-29500.3
-98548.8
-217620
-33969.3
-37472.2
-29510.6
-29519.6
-6711.79
-29519.7
77297.8
-96539.7
79271.5
-29534.3
-36030.6
-31487.9
-34873.6
-34332.6
-29538.6
-32089.8
-29538.8
-35369.5
-40319.1
-38916
-45654.4
-37085.8
-43174.7
-40562.9
-24455
-36110.7
-29522
-36739.6
-46904.3
-36525.1
-217844
-36944.7
-47547.6
-23333.9
-37339.6
-39910.5
-32879.2
-79755
-53776.8
-37441.4
-42621.8
-35951.1
-29521.9
-49869.9
-36028.6
-31051.8
-36071.8
-39029
-35445.7
-33437.5
-39141.8
-34393.5
-29512.5
-36687.2
-33525.5
-29676.6
-37164.6
-38870.7
-28739.3
-29507
-38202
-29520.3
-29002.4
-31943
-34403.5
153470
-217776
-29521.4
-29515.9
-35370.5
-36825
-36064.7
-31152.2
-57617.8
-35919.9
-36792.1
-29099.9
-36017.8
-36619.4
-40232.1
-37818.7
-37496.3
-35541.9
-32976.2
-33144.1
-35172.9
-36142.2
-91889.2
-36442.2
-36452.5
-29514.4
-29942.4
-29939.3
-27057.8
-37354
-29162.7
-30123.5
-37378
-36481.7
-30111
-35880.9
-35310.7
-29500.7
-40461
-38745
-34687.5
-30293.5
-39568.3
-38755.9
-29528.2
-31351.6
-31366.9
-36199.8
-43281.3
26659.7
-30263.3
-29495.6
-27352.9
-29567.3
-33879.3
-29548.9
-37980.1
-31380.1
-27537
-38419.1
-42814.2
-29520.8
-36450.8
-31449.6
-29521.7
-32714.3
-59760.9
-39566.1
-36940.9
-36129.6
-32892
-19918.2
-34951.5
-36131.5
-30784.6
-36763.1
-29514.1
-37108.8
-20000.9
-36061.2
-31508.4
-34612.6
-34212.4
-3750.98
-35197.6
-37482
-29858.6
-29527.4
-27628.2
-29849
-36493.5
-37046
-34809.3
6283.32
-36552.4
-27098.6
-32155.7
-52390.7
-36422.7
-32761.1
-35472.9
-37682.9
-29538.7
-29559.6
-29513.2
-34814.2
-29547.5
-29527.1
-38850.3
-39012.4
-29519.8
-64324.5
-23260.5
-44481.1
-40949.1
-29517
-29518.3
-36613.2
-29522.6
-36056
-36085.1
4228.13
-38729.8
-32721.8
-39552.6
-29319.7
-33219.6
-36578
-23136.4
-35977.5
-35962.9
4494.63
-29319.5
-35183.6
-45219.8
-35194
-29579.3
-30906.8
-29510.8
-33088.5
-32773.3
-31482.2
-32835.4
-38508.8
-35235.9
-37161
-35704.2
-29514.8
-35429.3
-29507.5
-32974.9
-35127.8
-28999.6
-29520.1
41964.2
-29527.8
-29519
-30486.9
-37709.4
279394
-37264.2
-37148.6
-36472.5
-35803.5
-38037.1
-36475.1
-29071.9
-35748.2
-36642.4
-36348.1
-36122.2
-29529
-36126.1
-5503.44
-36171.4
-37941
-36440.6
-29539
-29552.2
-29690.8
-18587.2
-29563.3
-35522.2
-29524
-37401.8
-31156.8
-30879.3
-35279
-25615.1
-38901.6
-29344.9
-29591
-29518.2
-30950.2
-37227.9
-29521.5
-29526.9
-36431.5
-40087.4
-29171.2
-43386.6
-34907.9
-42201.4
-36395
-29011.8
-29511.2
-36638.6
-29666.4
-38993.8
-22798.7
-36821.8
-38059
-41611.9
-28455.1
-29519.4
-35943.1
-33675.1
-29529.7
-29521.2
-34966
-39003.7
-31876.5
-30599.9
-29514.1
-21725.7
-35936.5
-55244.1
-37166.6
-31496.4
-36710.4
-29518.6
-36376.8
-36458.2
-35868.2
-29523.1
-42186
-29523.4
-32591.7
-29522.3
-34117.4
-35847.1
-29750.7
-24454.8
-38371.6
-30332.5
-29503.5
-37721.2
-38644.9
-29750.4
-36389.3
-38164.4
-31803.9
-29480.3
-35793.2
-29519.4
-29531.1
-43448.9
-43101.2
14046.1
-37146.4
-32244.4
-31002.9
-28355.7
-55203.9
-37444.6
-37086.6
-28316.8
-29532.3
-29666.2
-28937.5
-29529.1
-30921.2
-29564.2
-36930.9
-34851.1
-37305.6
-32944.4
-94270.3
-106921
41510.1
-28672.9
-36306.2
-70493.9
-29483.2
-29519.4
-34449
-37450.5
-29518.6
-30593.8
-29530.1
-32483.1
-30589.6
-36099.9
-37880.3
-31112.2
-29132
-27984.9
-38584.2
-38922.1
-36644.4
-28748.6
-36988.8
-38108.2
-36548.3
-29464.1
-29528.2
-38367
-35860.3
-40019.5
-37970.2
-35086
-35564.5
-73073.2
-38887.5
-35148.6
-38011.2
-32956.7
-32926.7
-36574.1
-40231
-38070.7
-39454.4
-36353.4
-43294.3
-34255.4
-23152.8
-29467.7
-32348.9
-37623.4
-29529
-26610
-29526.1
-172851
-32288.4
-29497.4
-39806.6
-95913.3
-41380
-30462
-27498
-40689.1
-37588.1
-36850.6
-29231.4
-30671.7
-36658.2
-30657.6
-158143
-36753.6
-36461.2
-28738.5
-43373.6
-31978
41841
-45497.1
-59758.1
-27730.9
-29513.4
-82412.3
32016
25160.2
-35788.9
-38033.1
-38380.4
-32995.2
-29524.8
-29520.2
-29520.3
-42834.7
-31629.6
-29523.5
-36593.6
-29524.8
-43074.1
-29430.1
-29622.5
-27087.8
27780.3
-39042.8
-29523.2
-29527.1
-40153.3
-38379.1
-29516.4
-29521.3
-31010.8
-29521
-58286.1
-38601.1
-29718.3
-32725.9
-36559.1
-29499.8
-30077.7
-36338.6
-36344.4
-42043.5
-36298.4
-36628.7
-24778.7
-34670
-28743.6
-35810.9
-36295.7
-38202
-25621.7
-29554.2
-38991.1
-50445.9
-36004.1
-40095.7
-37618.1
-35194.1
-30406.7
-38145.4
-32864.3
-33527.5
-37809.6
-29526.4
-34778.7
-40256.4
-36321.7
-35994.2
-10562.8
-71201.4
-37631
-35521.8
-37438.9
-44820.8
-35900.7
-26403.4
-35259.1
-38925.4
-26690.5
-38529.3
-31046.5
-35994.2
-36682.6
-96666.2
-36480.1
-30479.2
-39628.9
-29522.5
-61475.1
-35046.6
-41135.9
-36783.5
-29532.1
-29170
-29510.3
-35091.4
-36718.9
-25753.5
-36070.8
-37816.2
-36563.8
-37577.1
-39188.2
-11607.7
-31005.9
-38784.1
-31345.4
-29539
-37811.9
-38847.3
-33572.1
-15578.1
-37794.8
-35807.1
-51760.5
-25662.7
-35382.3
-40294.3
-29610.9
-34761.8
-39656.2
-29518.3
-29998.2
-111195
-65221.4
279205
-36612.3
-29519.3
-29181.6
-35801.4
-29521.3
-29521.2
-29519.7
-39959.8
-36561.2
-33540.5
-32078.9
-20413.5
-35840.4
-32205
-104128
-36233.6
-32347.9
-29523.1
-30924.1
-38681.1
-35739.9
-37659.4
-32434.2
-40933.1
-27156.9
-157693
-29523.9
-40644
-29896.6
-31836.7
-31503
-17898.7
-35106.8
-29488.1
-37539.2
-33311.1
-35665.8
-39533.4
-39636.4
-40160.8
-39084.4
-29356.4
-31400.9
-35352.9
-38665.1
-33455
-39621.3
-36072.5
-35472.3
-33053.3
24693.9
-34437.4
-32799.8
-30498
-29851.9
-40282.5
-30570.3
-32698.2
-35588.1
-29113.6
-36081.3
-32795.4
-35083.7
-31876.6
-36162
-29626.4
-29522.9
-36444.9
-28863.3
-35568.4
-41996.6
-38493.8
-40357.5
-31128.5
-38547.3
-30646.8
-36782
-88934.1
-36716.1
-31370.3
-36843.1
-34765.9
-32551.2
-29518.3
-29531.9
-35375.4
-32659.5
40327.5
-29519.2
-38575
-42277.5
-27569.6
-36349.2
-42310.7
-31740.3
-36106.7
-67904.9
-29521.2
-43454.2
-29519.8
-36693.2
34404.1
-36970.4
-65670.8
-29619.6
-37544.2
-29514.7
-29081.6
-37753.4
-35898.3
-35729.6
-36793.9
-28371.8
-22871.9
-28785.7
-36116
-36281.7
-8003.79
-40018.4
-36568.2
-37691.3
-34082.7
-29965
-30756.4
-30952
-27558
42362.3
-36418.4
-32746.4
-40236.7
-36610.4
-36570.7
-29063
-29262.3
-216832
-34386.2
-29550.2
-98645.8
-39202.4
-36487.9
-29522.9
-41623.7
-37784.8
-27585.7
-36010.3
-38306.7
-99786.6
-39290
-16645.1
-29042
-36105.1
-36898.3
-29021.8
-56462.3
-29515.7
-25772.8
-34232.7
-36471.7
-29523
-29523.9
-37433.1
-29517.5
-29530.6
-30213.3
-36185.3
-31188.2
-29563
-29528.1
-36013.7
-29039
-36293.6
-36697.8
-42718.3
-29519.5
-36834.9
-36094
-32113.6
-34027.7
-28887.9
-47076
-29523.1
-36027.8
-29528.7
-29539.3
-29523
-41526
-36357.5
-28728.1
-36080.1
-37642.6
-17996
-36466.9
-43858.4
-34393.3
-29529.5
-30044.6
-29558
-114088
-80641.8
-29532.9
-45290.4
-37932.4
-49016.4
-30401.9
-40309.1
-36074.1
-29035.9
-37351
-42129
-29440.7
-35294.2
-29420.1
-37525.1
-37418.3
-38656.9
-37479.6
-23320.8
-36192.8
-38493.1
-29514.3
-216629
-33325.8
-42548.1
42857.3
-37482.9
-25991.6
-32526.3
-29535.8
-25360.1
-36533.9
-32014.6
-29535.4
-47482.1
-29513.7
-29522
-29517.9
-29520.5
-31189.3
-31418.4
19208.4
-39141
-32857.8
-37349.8
-33962.6
-32485.7
-30350.2
-31993.4
-37849.7
-35419.9
-34361.2
-35669.3
-31012.8
-32932.8
-32879
-29526.4
-32463.2
-37739.1
-30354.1
-39978
-40700.5
-43137
-35915.5
-29525
-29506.4
-38189.9
-29170.7
-36659.5
-37753.9
-36608.6
-39022.5
-38541.6
-36708.5
-4338.17
-18506.1
-29582.4
-40549.5
-38315.5
-78630.1
-48837.7
-33673.5
-36696.3
-38877.4
-36232.8
-29528.3
-62786.5
-74868.8
-39032.8
-30743
-36615.5
-36099.8
-30687
-36060.6
-23101.1
-29657.9
-29527.4
-36534
-23201.8
-37982.1
-29536.7
-29573.1
-36005.1
-36007.6
-36761.4
-36808
-42258.7
108497
-29518.2
-37477.9
-32483.3
-29432.9
-39363.6
-29466.8
-35997.2
-28132.1
-29518.3
-39096.2
181366
-38136.5
-35920.1
-36700
-29491.3
-36093.6
-29538.1
-35988.4
-40745.6
-98954.8
-35150.3
-29264
-22248.3
-36993.6
-105904
-29523.4
-30949.2
-34687.4
-36968.2
-29004.9
-37606.8
-35961.4
-36701
-38699.1
-35161.8
-33934.4
-35900.5
-38311.9
-29532.3
-43580.5
-35751.6
-36827.5
-36633.4
-35864.6
-35272.4
-32713.8
-29492.8
-35639.9
-31222.8
-29523.9
-36235.9
-29268.9
-38109.5
-29570.8
-33176.5
-31011.7
-38912.7
-31694.2
-40658.9
-29407.3
-31410.6
-35859.7
-35230.5
-38607.9
-31969
-36591.9
-37414.8
-29529.2
-29524.2
-32204.4
-31829.1
-29525.3
-29181.2
-27127.4
-36977.2
-30141.9
-32129.1
-43542.7
8721.18
-40354.8
-36115.2
-30195.7
-33978.6
-36607.5
-38963.1
-38268.4
-35434.2
-30223.2
-38693.1
-37135.6
-35819.3
-35042
-37692.5
-30471.9
-32206
-50175.8
-40242.9
-30671.1
-41201
-101182
-33044.7
-31167.3
-34794.2
-36764.3
-46741.1
-33370.7
-36804.5
-29654.9
-33113.4
-36445.9
-29522.7
-35721.2
-36044.1
-36036.5
-35708
-40173.1
-37351.1
-36856.2
-33357.2
-35820.5
-35995.8
-35716.8
-36260.3
-38734.9
-56342.9
-39530.8
-34053.3
-29532
-51688
-18123.2
-29531.8
-35899.9
-36807.6
-30073.7
-38603.4
-39014.4
-36104.6
-29511.8
-29502
-37630.4
-35267.8
-38480.4
-170811
-36410.2
-35129
-35164.6
4995.79
-31190.7
-29443
156650
-29512.1
-38887.3
-29516.1
154790
-29528.4
-36770.9
106852
-27583.8
-29529.5
-39129.7
-29521.6
-29459.5
-39015
-29520.4
-1810.61
-29337.6
-36458.5
-29526.3
-40972.9
-56573.2
-36167.8
-29527.8
-35472
-31747.7
168788
-29518.7
-30802.9
-29507.7
-39447.4
-29519.3
-40711.5
167440
-29528.9
-86758.5
-60090
-36681.8
-35597.5
-31944.9
-32864.8
41797.4
-29542.4
-38709
-29510.9
-29164.4
-31748.9
-36652.7
-29497.6
-39732
-29554.7
-38756.4
-36818.2
-29919.9
-30065.4
-36908.5
-125825
-31203.1
-35664.7
-33741.2
-29530.7
-29531.5
-36641.9
-1894.9
-41558.1
-25746.4
-35666.3
-29475.3
-29514.3
-26735.3
-26688.4
-37459.1
-38566.2
-36164.1
-32675.6
-30758.1
-28908.2
-29521.5
-29520.7
-30217.7
-11980.3
19109.2
-34821.5
-34673.2
-38799.3
-37193.9
-38519.1
-41843.7
-43464.5
-29527.9
-38128.2
-35941.1
-36534.6
-32439.4
109757
-29529.2
-36535.7
-37996.1
-37273.7
-29531.4
-37110.5
-40104.4
-37909.6
-29532
-38894.3
-88945.1
-29523.2
-29468.4
-29523.2
-29521.5
-29521.9
-29519.9
-2750.34
-37265.2
-38296.6
-38302.5
-39187.8
-31845.6
-31562.1
-36176.1
-29528
-29505.4
-37699.4
-34913.5
-29523.4
-35750.5
-37463.5
-29540.3
-38718.2
-41943.8
-37016.3
-23229.9
-34287.1
-31532.3
-32494.6
-68200.5
-36561.9
-33411.3
-38280.7
-29528.8
-29544.7
-32341.6
-35074.5
-29504.6
-44608.2
-42745.7
-36558.8
-29518.6
-36953.8
-44101
-31483.5
-38516.7
-29892.7
-36751
-29519.5
-36247.9
-36816.2
-36813.6
-33196.3
-29323.1
-38767.5
-29533.5
-36662.4
-38613.5
-36105.9
-41889.8
-36510.9
43402.5
17104.6
-27202
19436.2
-35789.7
-38677.4
-35379.6
-31909
-36507.7
-33974.6
-35824.8
-36442.9
-34633.5
-29342.5
-29522.7
-33484.2
-32404.4
-31543.3
-36086.5
250464
-31337.8
-28922.3
-34842.8
-29644.5
-29115.7
17990.2
-20802.9
-29052
-36178.3
-29520
-39244.4
-35545.1
-23507.5
278054
-32962.7
-29521.2
-29296.1
250885
-36518.8
-36037.8
-37758.3
-29513.9
-36213.5
-33950.2
-36787.5
-120264
-36715.5
-29519.1
-36683.1
-29511.2
-31838.9
-34190.3
-21795.2
-35818.9
-36241
-36085.7
-29522.8
-39819.3
-37459.4
-45293.2
-34063.4
-113486
-33880.2
-33076.1
-36451.4
-40014.4
-42758.1
-31001.4
-36382
-31733.4
-37297.3
-29519.7
-26438.1
-21007
-37422.8
-30257
-26339
-29545
-31364.2
7479.5
-30748
-35671.8
-36539.4
-29640.9
-36541.6
-29529.7
-29515.7
-29523.1
-29723.3
-37688.7
-29521.3
-29529
-37538.6
-59189.9
-29523.5
-118723
-38660.9
-29508.8
-35836.4
-45669.6
-37606.3
-192224
-36145.6
-45246.6
-29040.3
-30026.6
-30498.8
77854.6
-35698.8
-35047.3
-29497.3
-40386.7
-36280.4
-36080.6
-36402.7
-36590.4
-29522.2
-29655.5
-37428.7
-29511
-29527.7
-125648
-22812.6
-29519.7
-36280.2
-29516.5
-37139.4
-38448.3
-29537.9
-36618.1
-32803.3
-37550.4
-34417.5
-44169.8
-10794.5
-10998.9
-32384.4
-30742.4
-36233.8
-37944.6
-36562.9
-39687.8
-29523.4
-31892.8
-29529.2
-30613.6
21321.5
-35030.6
-35360.3
-29549.3
-33316.4
-33591.9
-29364.9
-29523.9
-29523.8
-29524.7
-29512.8
-29512.2
-29511.3
-34685.9
-35050.1
-152189
-152291
-150095
-171813
-33723.7
-25697.4
-26533.2
-38205.9
-22887.5
-30228.5
-27618.8
-32545.3
-15996.6
-16017
-28102.5
-45515.6
248922
-38979.5
-55498.2
-54159.8
-54606.6
-46676.6
-41071.4
-52510.9
-46028.1
-36653.4
-40673.6
-52181.6
-61101.9
-30431
-30176.7
-29966
-29699.3
-38840.6
-30631.2
-29720.5
-30298.8
-29646
-30214.5
-29606.7
-29512.8
-29504.1
-29522.9
-29520.9
-29526.4
-29521.6
-29530.8
-29530.8
-29536
-29530.8
-29583.7
-29589.7
-29564.6
-29603.2
-29206.2
-30150.2
-29261.3
-29219
-30177.4
-28730.6
-28735.1
-161786
-176531
-46498.7
-63709.7
-129984
-119416
-36813.6
-35114.3
-37926.7
-38371.5
-37686.6
-36874.5
-38279.6
-38299.6
-37430.8
-38284.1
-35080.8
-39944.4
-39736.2
-35112.2
-36082.2
-36550.2
-36719.9
-36604.9
-36564.4
-36543
-36624.9
-36646.3
-36798.6
-36703.1
-36790.6
-36864.6
-37033.5
-37280.6
-36543.9
-37500.6
-37509.3
-37254.9
-37558.5
-38385.5
-37699.1
-36912.2
-38103.6
-38344.1
-38005.1
-38162.8
-38319.9
-38188
-38399
-38466
-38473.8
-38699.9
-38664.4
-38523.3
-39032
-38816
-39138.1
-37506.7
-36685.9
-37250
-38011.2
-29055
-36343.9
-36619.6
-23777.3
-23945.2
-28230.4
-3745.1
-3206.97
-4001.57
-24300.8
26816.9
-4040.04
34934.2
41425.3
35743.3
-27677.5
20608.4
27947.1
44159.2
44837.4
1584.31
-1273.08
-7530.26
-18585.6
-13333.3
-18571.3
-18359.9
-10615.9
-20360.3
-37995.1
-32840.8
-31135.6
-24062.8
-28371.5
-26740.7
-24380.3
-33678.5
-21531.2
-33102.3
-29481.5
-36010.1
-35503.4
-30566.3
-30476.4
-35301.6
-29831.2
-29826
-22855.6
-44777.2
-45100.8
-57592.5
-42791.3
-41796.9
-42449
-42156.8
-42196.3
-77378.6
-68269.4
-65462.8
-36081.7
-39825
-38027.6
-34124.9
-39374.2
-36434.4
-35071.9
-216380
-218279
-68131.4
-218380
-216562
-78009.5
-216932
-336085
170795
-334132
129657
95464.1
-86206.9
-309050
-216034
-232054
-30338.2
-152144
-152476
-52844.8
-72327.5
-80571.4
-31260
-30264.9
-31961.1
-32410
-32088.9
-32969.3
-32526.5
-32171.5
-33343.6
-32897.4
-32803.5
-36173.2
-35595.1
-37146.4
-36773.2
-36360.4
-36609.1
-36292
-36268.4
-36272.1
-36185.6
-36341.7
-36242.3
-36295.7
-36343.1
-36431.3
-36451.1
-36445.2
-36392.3
-36443.9
-36434.9
-36856.3
-36733.8
-29526.2
-29545.7
-29613.2
-29461.5
-29386.2
-29370.7
-29280.2
-29333.6
-29399.1
-29415.9
-29404.2
-29482.1
-29481.1
-29464.9
-29504.2
-29466
-29470.4
-29505.9
-29465
-29568.3
-29562.1
-29492
-29558.9
-29539.7
-29522.2
-29553.9
-29480.6
-29475.7
-29548.8
-29526.3
-29527.4
-29521.5
-29528.2
-29529
-29529
-38803.8
-29525
-29526.4
-29525.6
-29525.6
-29528.8
-29523.6
-29522.4
-29529.3
-29520.3
-29617.3
-29186.1
-30214.7
-29195
-28749.9
-28751.4
-29574.8
-29384.5
-36556.7
-36555.2
-36620.8
-36726.3
-36805.3
-37478.3
-38515.4
-38722
-35118.4
-56847.8
-37297.4
-35755.8
-27687.7
-23791.9
-23581.9
46196.7
43522.4
46055.5
32866.3
-16590.8
-52564.2
-40386.1
-28655
-29129.8
-23206.4
28275.7
-34796.8
-96925.1
-53564.1
-63322
-42146.4
-40748.7
-40599.9
-43519.4
-36686.1
-62021.4
-35787.4
-216570
-218113
-218205
-325905
-106572
-155182
-60848.2
-72773.3
-53740.6
-31043.3
-31117.4
-32529
-32649
-32275.3
-32402.6
-36735.6
-36268.6
-36234.9
-36096.7
-36564.3
-36482.6
-36531
-36996.7
-36457.2
-36471.6
-36575.8
-36427.8
-29481.2
-29230.9
-29386.1
-29526.7
-29508.8
-29462.9
-29510.9
-29467
-29488.6
-29569.6
-29582.1
-29588.5
-29535
-29394.1
-29522
-29528.8
-29528.5
-29526.7
-29528.1
-29532
-29523.8
-29528.8
-29525.4
-29522
-29518.1
-29517.6
-29518.5
-29518.5
-29518.7
-29518.9
-29519.6
-29519.5
-29526
-29522.3
-29520.2
-29521.5
-29520.8
-29521.7
-29521.6
-29520.1
-29526.3
-29525.8
-29527
-29527
-29524.4
-29525.4
-29532.5
-29524.6
-29520.5
-29554.3
-29558.6
-29491.5
-29502.7
-29506
-29520.8
-29520.1
-29231
-37757.2
-38259
-39034.5
-38441.8
-38616.1
-60897.8
-48367.5
-49532.3
-55338.8
-110488
-93324.6
-104616
-46998.8
-113560
-35747.6
-34982.1
-35465.1
-36174.4
-36204.2
-36027.3
-35804.2
-36589.2
-36155.3
-36621.6
-36614.6
-36119.5
-36370.9
-36609.3
-36440.8
-36619.8
-36531.5
-36517.6
-36670.4
-36714.5
-36743.8
-36684.8
-36590.4
-36996.1
-36978.6
-37185.1
-37255.4
-36390.6
-37047.2
-36898
-37083.6
-37177.2
-37112
-37285.7
-37369.9
-37385.6
-37484
-37500.2
-37502.5
-37620.5
-37615.8
-37667.1
-37987.7
-37609.2
-37132.9
-38808.3
-39091.6
-39856.6
-39896.9
-40099.4
-39399.5
-29134.1
-27243.9
-28147.1
-28559.7
-27675.3
-21398.8
-30392
-27177.2
-28243.7
-29994.6
-31835.7
-23445.9
-22745.5
-31616.4
-26482.9
14380.6
-22083.9
-54698.6
-42793.7
-55742.8
-39695.8
-47632.8
-40860.9
-36770.8
-12805.8
-33175
-35771.6
-33328.4
-35069
-36683.8
-36454.3
-38633.7
-38284.6
-37986.2
-33944.6
-32766.8
-31205.2
-31835.2
-31417
-35274.2
-31535.4
-31034.6
-31566.4
-32674.6
-31964.7
-31217.7
-30448.7
-29113.8
-28939.8
-30007.5
-29162.4
-30238.9
-28455.7
-35116.6
-51772
-41330.5
-46393.7
-74769.7
-56857.5
-57862.6
-56480.6
-43965.3
-42785.2
-43368.8
-42779
-42783.5
-45056.4
-39822.2
-40351.4
-37974.3
-43148.6
-38900.7
-42512.2
-45442.3
-43755.4
-49953.2
-29051.5
-42076.6
-221018
-64932.9
-37153.1
-91291.2
-116921
-55073.8
-81069
-37157.5
-117987
-57927
-53944.5
-62597.3
-44446.5
-45334.9
-39051
-55871.3
-37347.1
-36536.9
-35018.8
-35407.5
-34923.9
-34640.8
-34610.5
-34475.5
-34655
-34778
-34811
-34708.7
-34773
-34870.8
-34725.5
-35062.3
-34993.2
-35059
-35674.8
-35551
-35880.7
-35593.4
-35610.6
-35737.7
-35939.6
-35788.4
-35710.4
-35800.4
-35887.8
-35956.5
-35903.1
-36187.1
-36060.7
-37124.6
-36048.7
-35999.4
-36101.5
-30015
-29242
-30038.4
-29620
-29641.3
-29637.7
-29609.5
-29630.9
-29622.7
-29556.8
-29477.2
-29466.5
-29535
-37197.2
-29516.4
-29493.5
-29530.1
-29523.4
-29521.7
-29522.5
-29523.2
-31273.2
-29523.9
-29523
-29522.9
-29524.7
-29520.2
-29519.4
-29531.4
-29520.8
-29522.5
-29517.6
-29523.8
-29524.7
-58520.4
-30082.5
-30212.7
-39422.1
-39087.5
-38592.7
-29521.8
-29521.6
-29522.3
-29521.9
-29518.3
-29520.5
-29521
-29520.3
-29519.9
-29520.4
-29522.6
-29522.1
-29521.9
-29520.8
-29519.8
-29524.4
-29523
-29520.9
-29524.4
-37669.2
-29526.5
-29529.2
-29528.3
-29552.7
-29505.1
-29508.4
-29497.5
-29562.7
-29153.3
-29270.9
-43255.5
-37475.1
-37992
-38145.1
-38246.5
-38348.4
-38248.2
-38501
-39142.1
-47363.3
-56681
-38449.2
-39883.8
-36858.9
-38685.8
-40421.1
-35898.8
-35279.1
-35535.7
-36155.4
-36279.2
-36435.1
-36427.3
-36474.3
-35799.4
-36298.4
-35700.3
-36450.7
-36355.9
-36164.9
-36120.7
-36265.5
-36109.4
-35932.4
-36036.9
-36040.3
-36053
-36015.6
-36102.4
-36227.4
-35982.6
-36052.6
-35935
-35991.6
-35999.7
-35999.6
-36165.3
-35727.6
-36011.1
-35872.6
-37172.9
-35973.6
-35819.4
-35876.3
-38888.2
-37137
-36004.8
-35986.9
-35996.9
-35995.5
-36012.1
-36046.2
-35983
-35714.8
-37672.2
-39785.3
-36430.7
-38424.8
-31952.8
-32221.2
-38866.2
-39944.4
-39494.2
-32024.2
-39596.8
-33274.1
-29844.5
-27551.7
-29575.7
-26584.9
-22094
-26518.8
-29110.4
-29380.4
-29601.5
-29213.2
-29984.7
-30490.9
-30601.6
-30302.6
-31252.8
-30559.1
-29381.3
-29674.1
-31547.4
-25076.2
-29563
13055.2
-25477
-22784.3
11191.6
-11965.2
-35843.9
-35877.9
-34580.6
-35326.6
-27692.8
-35152.2
-33748.1
-35704.8
-36366.6
-35137.1
-36938.4
-33318.9
-36152.5
-36855.9
-34053.6
-36052.8
-37650
-36436.9
-29471.8
-30878.7
-29307.2
-34112.1
-33142.6
-32798.7
-33088.4
-31600.5
-31704.1
-31725.6
-31372.6
-31804.9
-31802.6
-33252.3
-32932.5
-31207.2
-31365.9
-31067.6
-31444.4
-31528.2
-30871.6
-30523.1
-30826.8
-30783.7
-29966.1
-30274.2
-30169.2
-35028.6
-28345.2
-48971.9
-33359.4
-38122.1
-38982.6
-38001.7
-39319.4
-45461.3
-38446.6
-38829.2
-43198.6
-39126
-39140.8
-38837.8
-38411.2
-37493.5
-39652.6
-40922.3
-38789.8
-38967.3
-37719.5
-33671.5
-47419.2
-47455.7
-50405.2
-52399.4
-44566.3
-51636.6
-43272.6
-43325.4
-42931.8
-41964
-39071.1
-38615.8
-38006.7
-37972.2
-37918.8
-37165.8
-37703.9
-36185.3
-33843.7
-35535.5
-36084.6
-35536.7
-34396
-34624.9
-35165.7
-35179.7
-34675
-35178.7
-35220.4
-35171.8
-35224.2
-35317.7
-35203.7
-34835.1
-35227.5
-35345.6
-35389
-35406.8
-35268.5
-35661.4
-35459.7
-35708.8
-35857.6
-38490
-35645.6
-35585.8
-35619.5
-35762.3
-35851
-35788.3
-35776
-35722.9
-35844.9
-35771.8
-35902.8
-35933.8
-36044.6
-36042.3
-36063.1
-35895.1
-35991
-36018.5
-36129.2
-36192.5
-35966.2
-35977.6
-29508.1
-38150.9
-29456.4
-29417.8
-29602.9
-29481.9
-29629.4
-29444.3
-29529
-29541.2
-29525.6
-29460.5
-29528.5
-29540.1
-29529
-29523.6
-29519
-29520.6
-29520.7
-29521.4
-29524.9
-29521.3
-29524
-29521.9
-29524
-29521.1
-29520
-29523.6
-29519.6
-29531.8
-29518.5
-29522.1
-29521.9
-29518.7
-38868.6
-38103.4
-29539.2
-29923.2
-29575.2
-29788.7
-30301.6
-29964.5
-30720.7
-38735.9
-38462.8
-30860.2
-38126.1
-38499.6
-43080.2
-37687.2
-39725.6
-39041
-29518.8
-29520.6
-29521.4
-29519.8
-29507.6
-29534.8
-29507.5
-29502.2
-30676
-31285.3
-31445.9
-31182.1
-25581
-29521.9
-29520.7
-29519.5
-29519.7
-29513.7
-29524.2
-29518.5
-29522.3
-29516.6
-29518.3
-29520.8
-29520.4
-29516.9
-29513.8
-29527.3
-29526.4
-29506.4
-38598.5
-39288.1
-38409
-39399.4
-38392.8
-37925.7
-38464.7
-38311.2
-36440.4
-38497.5
-37460.9
-36217.6
-36373.9
-36513.1
-36341.4
-36451.1
-36209
-36091
-36220.6
-35713.4
-35709.5
-36150.7
-36138.4
-36027
-36071.6
-35481.8
-35544.8
-35178.7
-35676.1
-35397.8
-35613
-35166.4
-35994.4
-35217.8
-35154.3
-36187.4
-35620.6
-36384.2
-29520
-29520
-38928.5
-38989.6
-39229.2
-38892.7
-37758
-35856.3
-31427.1
-31851.4
-31806.4
-30192.3
-30128.3
-29722.6
-27369.8
-29648
-29789.6
-30518.7
-30447.6
-30530.3
-30614.1
-30819.8
-29820.5
-30891.7
-34621
-33546.3
-32208.9
-32767.7
-35535.1
-33876
-34243.8
-34411.3
-33076.5
-33133.4
-32239.3
-32570.5
-33265.3
-37353.1
-37862.5
-38397.5
-32669.9
-31872.3
-31672.9
-33073.2
-30918.4
-30825.2
-30757.7
-38833.9
-39443.8
-38675.8
-38477
-38513.8
-40592.6
-38832.7
-37291.8
-29528
-29538.1
-29535.8
-29520.9
-29528.9
-29529.3
-29524.3
-29521.2
-29526.1
-29521.4
-29521.8
-29524.1
-29523.7
-29520.1
-29518.6
-28650.4
-38985.8
-38944.4
-39494.9
-39019.5
-29517.8
-39625.2
-43683.9
-29474.6
-39894.2
-33714.7
-33307.2
-29525.4
-29526.7
-32486.7
-30506.1
-31464.3
-31324.7
-37145.2
-39756.9
-40344.1
-38090.2
-52592.6
-46211
-36197.2
-36008.7
-35995.6
-29620.5
-29571.7
-29573.1
-29527.4
-29524.1
-29529.2
-41731.8
-39325.3
-29525.7
-29527.3
-29496.9
-36513.2
-35851.8
-29521.3
-36476.4
-36264
-28889.2
-31139.2
-30295.3
-34760.7
-27232.1
-37003.4
-39020.6
-29462.8
-32443.4
-29399.3
-39016.5
-39944.5
-39501.9
-38342.1
-36672.8
-35761.3
-35767.9
-36083.6
-29522
-29531.7
-29534.5
-29522.5
-29522.1
-38952.5
-38454.6
-29514.3
-38082
-35302.5
-35477.8
-29521.1
-35809.2
-39018.8
-30389.8
-30471.1
-29521.9
-29520.1
-37944.7
-29512.3
-29510.9
-100897
-25603.2
-16710.3
-29519.9
-46166.2
-39542.6
-54341.3
-29521.1
-29685
-29802.7
-30149.1
-29924.3
-38103.9
-29521.2
-36517.7
-29519.8
-38571.4
-27711.1
25739.9
27852
-26954.6
-46948.3
-41791.8
-41922.2
-35562.9
-152671
-32070.1
-35939.6
-36537.6
-35815.3
-35768.1
-36192.8
-36323.5
-36470.3
-36397.2
-29533
-35224.6
-29372.9
-29383.8
-29352.3
-29443.7
-35209.2
-29494.2
-35198.9
-29529.8
-29508.7
-29377.9
-29555.9
-29528.5
-29392.1
-29526.4
-62724.1
-37922.9
-39174.5
-35939.5
-36459.5
-29491.7
-29621.9
-29529.4
-38260.6
-29524.9
-29608
-29869.3
-36178.7
-37261.1
-37285.7
-28836.7
-31327.3
-26011.7
-43448
-37067.9
-38314.6
-49742.7
-38677.9
-34546
-36044.4
-35988.7
-30059.2
-29632.5
-29530.9
-29479.3
-29524.4
-38668.9
-29521.2
-29526.5
-39144.7
-29520.2
-39704.8
-29521
-29525.5
-36067.6
-38934.2
-36195.9
-36122.2
-35944.5
-36434.5
-37004.8
-36329.5
-31282.9
-27521.5
-24514.4
-29519.2
-29518.8
-29519
-29520.2
-41582.3
-42704.6
-42436
-42078.1
)
;

boundaryField
{
    Wall
    {
        type            zeroGradient;
    }
    Inlet
    {
        type            zeroGradient;
    }
    Outlet
    {
        type            fixedValue;
        value           uniform 0;
    }
    Empty
    {
        type            empty;
    }
}


// ************************************************************************* //
