/*--------------------------------*- C++ -*----------------------------------*\
| =========                 |                                                 |
| \\      /  F ield         | OpenFOAM: The Open Source CFD Toolbox           |
|  \\    /   O peration     | Version:  2312                                  |
|   \\  /    A nd           | Website:  www.openfoam.com                      |
|    \\/     M anipulation  |                                                 |
\*---------------------------------------------------------------------------*/
FoamFile
{
    version     2.0;
    format      ascii;
    arch        "LSB;label=32;scalar=64";
    class       volScalarField;
    location    "5.5";
    object      p;
}
// * * * * * * * * * * * * * * * * * * * * * * * * * * * * * * * * * * * * * //

dimensions      [0 2 -2 0 0 0 0];

internalField   nonuniform List<scalar> 
2958
(
124804
139070
223822
101805
125843
222928
140846
117556
100800
111152
127071
92242.1
114369
92223.2
120021
125077
123371
114577
92389.3
121605
93970.9
127917
105898
97374.1
114539
122456
119474
76377.8
117155
126067
122623
-86799.3
95307.1
-47668.3
124252
114493
92234.5
94366.5
117335
120077
198554
115441
143262
123759
92239
204608
127514
62588.4
112149
-60159.3
125469
125779
94885.2
126524
125183
108898
98683.3
106756
124033
223676
121719
122423
137387
125797
92153.9
92307.7
126355
126188
424701
103007
121928
92249
359208
123806
92192.1
132730
121221
137696
92769.8
125666
114667
117697
69648.6
67565.5
122966
123513
123835
123363
128230
79448
128155
130399
129465
92467.2
110438
122781
118877
102579
92213.9
92232.6
103589
124011
122612
130114
87159.5
99911.6
92253.4
112012
91872.8
121953
65786.3
125447
92654.3
112928
92239
92281.8
123750
125185
123191
124633
117319
92244.2
129201
110848
113502
122204
125912
138958
124399
92569.9
92735.5
92285.7
125092
92238.3
92454.1
92205.2
111351
123337
92248.6
92216.9
122339
181193
93283.7
91639.4
124106
124884
92437
92231.1
134217
92226.9
121655
118257
109556
96159.7
114544
92284.2
81253.5
124614
140104
80185.2
112859
106599
117971
92231.2
139251
97255.4
119552
92361
114621
155714
-73693.3
92252.3
90254
142721
92336.7
228650
94297.9
162407
98387.4
422012
-59585.8
139138
116322
35699.8
140798
126474
144703
91854.8
128370
109670
125055
118754
183648
111246
131124
117972
136806
-48869.5
125524
110577
109100
92278.1
124753
149210
108665
82741.1
95633.8
81382.1
125790
109857
92214.8
79389.3
92332.6
143532
92269.2
95564.1
125822
92113.4
92125.7
92219
92391.4
146010
139563
124077
-40765.5
125551
75076.2
92087.5
135920
193310
154845
39776.8
140181
122428
117367
92415
91820.2
124460
91665.7
152152
91542.7
151251
108622
76014.8
122009
146573
146595
113243
126032
123373
105652
119091
123202
60438.8
102329
127397
125354
133201
121847
128054
124948
88441
415211
232487
89321.8
127151
115359
123204
73509.5
92334.5
92236
124098
125005
92241.6
145440
123206
91614.7
121361
92328.1
144343
92237.5
92775.2
89108.4
122572
158741
92225.6
95683.4
79397.2
58032.1
127055
98222.1
107883
92240.2
92231.7
90807
293097
92219.7
124960
92220.6
101227
108342
131586
132872
96907.4
122337
99314.7
89278.1
88768.2
124772
124211
91566.6
124322
126282
91944.4
148259
-39647.3
102207
139872
129407
122812
123899
122034
122956
115527
163242
92282.9
125484
90932.5
63321.8
130465
123654
102377
92243.5
92247.8
331548
92246.7
244061
151997
246152
91626.8
123289
140050
170951
122284
91792.7
153916
91836.3
126089
130937
123731
73530.1
110491
-97117.5
119549
127127
125019
92238.9
122498
199278
123896
129184
124232
113577
672790
117729
-25330
139604
79543.3
106498
-221329
128033
116812
92227.1
110808
125468
267116
125343
111302
192139
119336
121914
129946
92705
122750
129018
89778.1
122270
-65790.7
86156.5
92493.9
113682
92296.2
95594.1
122625
126486
314975
130920
92224.2
92331.9
217644
123839
125568
123654
104641
125690
124091
132579
123413
124428
130438
122126
114761
126964
314778
137667
216553
136167
108015
123757
123751
92238.7
132947
124039
106538
118417
89953.5
97195
118473
124916
131133
131231
112732
373925
120499
111565
114598
122375
112349
122264
92317.3
122502
123319
125292
118131
190902
81506.4
90364.3
-88005.3
92207
121361
92356.9
-73516
124555
132611
122489
107901
92238.1
124728
111080
92222.8
176155
103765
120703
114827
124952
139918
143365
131273
125033
389913
114234
92242.2
108232
242566
125119
121297
129775
122324
331709
126459
114856
188568
92170.2
-55995.3
143528
122180
120096
129419
216549
125123
155443
151293
108741
122894
124087
124769
99254.8
91804.5
91034.6
92571
124609
91692.5
92180.3
123622
115147
92245.3
89705.4
126746
116408
119998
90931.3
92314.6
124168
92332.5
125683
125641
177952
39934.4
121468
122814
61630.3
122688
124794
146886
125235
125027
103642
88858.6
126488
116030
126504
79383.6
261207
92467.2
85325.3
139627
111234
169816
122269
126493
118902
125323
92239.7
123796
93006.9
85729.4
126657
104598
92239.7
160025
92143.9
92261.6
134796
128340
1.88733e+06
119348
119541
124914
125407
55433.8
123784
131201
126560
123903
124681
125292
92171.3
125086
153582
125071
127861
123797
91511.1
91475.1
90660.9
112586
91476.7
89784
92198.7
118269
138296
149025
130925
131518
121735
92148.8
90113.4
92271.1
141898
108042
92213.6
92046.4
121295
95182.2
90001.5
29503.5
113531
54711.9
123527
73074.7
92244.1
122926
89837
123495
147725
124391
37508.5
101297
86769.2
92284
124991
-58691.7
92136.4
92219.5
125955
111952
141264
132929
92237.2
117744
124896
104961
119198
114090
122782
92702.2
122907
123873
125334
92218.3
125924
92227
122058
92221
103309
125995
89923
151776
117803
142473
92870.6
129652
40813.4
90147.3
123550
37744.4
139220
92282.6
126347
92248.9
92259.6
117402
79729.6
96333
118111
121268
140442
86688.6
96543.7
-165463
418895
86619.6
92317.3
88337.3
72867.6
92272.5
122607
92268.4
123764
128378
-243087
119911
107391
54192.8
201797
120548
125322
121609
92279.8
92306.6
123844
126204
92309
94229.1
92258.1
124783
141200
125411
123380
132667
73563.3
122394
122073
122516
124830
85058.2
85706.2
123589
124514
92299.5
92268.2
124461
125949
113190
122828
127931
129453
89195.1
111225
135435
-23668.1
122655
121889
123756
130360
111311
105909
125189
140295
122037
200147
92504.3
122914
95321.2
92216.9
128087
92256.5
-12377.2
139974
92340.5
122541
65807.5
114558
127737
159342
109673
130010
160001
94087.4
132520
124920
111789
3959.44
122654
124447
84342
118178
140378
158580
115293
102333
-62931.1
92239.2
79083.7
124533
124402
124635
123096
41990.4
128898
92293.6
92321.3
92215.5
118862
123858
92205.2
125038
92015.4
118666
92409.4
91349.6
124699
81894.9
122304
92223.1
92089.8
72749.2
121564
92241.7
92230.8
140027
92241
101823
122203
90552.7
308681
125184
92017.2
128798
124766
124057
116390
124836
119868
421235
116073
86069.3
126153
122205
123574
139038
92366.7
122846
112274
123415
73326.9
123503
136308
141456
55655.5
124816
139754
114276
92086.4
129642
121614
117836
123601
149212
90928
114236
125371
115255
146742
125376
121897
125613
122596
122496
118006
143300
123347
124364
65128.4
124582
131333
70482.5
92246.8
84891.8
126999
120292
122576
92239.2
98419.7
92246
126588
122636
171048
123126
124957
123781
123531
111612
101147
131276
80900.7
119980
91850.5
112931
80275.3
122378
142515
82409.6
126366
112020
171632
139979
137027
91907.7
129453
107927
92230.3
130959
50552.5
88982.8
1.87328e+06
-141800
92318.5
98282.8
125584
92293.3
92297.5
92232.7
-14142.7
124462
-57465.1
123333
98554.9
126234
123702
56951.9
125039
122016
92230.1
137846
107317
125341
113819
123038
113575
154349
4414.84
92297.9
137881
119757
104669
122079
112377
173005
92599.5
114645
145179
127258
-146182
107976
-61399.8
110083
61165.7
124787
127174
-73666.1
140018
122901
125271
128475
126258
149327
127700
139100
129285
127116
109868
127578
127674
127182
127235
125169
122059
126527
123115
122631
118978
92269.6
125093
72701.3
129697
107968
110361
72850.5
124921
112087
91889.5
161069
73066.2
114007
125527
160316
129526
139918
92226.1
90736.1
130377
128113
47143.7
92232.8
122366
55499.1
133528
124450
107982
138124
122599
94005.8
92325.7
206339
92308.5
122799
123864
116850
147839
91582.2
114659
92249.7
73606.6
112723
122051
125871
123690
126478
126897
128720
122549
124813
322302
49716.7
124428
113907
128584
118925
268947
140290
123559
200218
123855
48644.1
121665
124266
124415
96050.9
92750.4
128618
123615
92284.2
63131.3
38744.5
125375
92232.4
98846.7
91436.2
158173
125300
114204
61673.6
71824.3
142133
96072.1
125640
124591
91575.9
104697
92381.5
171640
121773
125063
92293.5
92072.2
118050
92237.6
91598.4
81373.8
124660
95832.8
91425.7
92251.3
131221
92500.3
125284
122770
113315
92258.4
110129
125402
64549.4
127721
81505
113144
92280.5
125382
92234.4
92073.5
92265.1
100549
123018
85489.9
123083
114057
113854
124607
128638
124485
92208.3
137177
92292.9
47722.9
78459.4
92365.2
75594
110052
112101
142604
111052
123048
73599
-65545.5
125974
91813.2
126754
126625
117417
118033
114192
116722
679536
113810
115994
92248.4
127953
121035
113093
200210
117526
171784
122143
92107
78756.2
113280
121324
92364.6
109251
92254.6
92179.8
92234
92244.9
132815
99955.5
297705
121961
128944
-79903.8
129178
122811
123076
140830
97009.9
125992
126661
125756
123136
122005
119685
92259.7
62023.5
112374
125862
114157
113057
32110.9
125728
92327.3
92511.5
120261
98864.7
123823
112837
123244
103307
116356
124879
170271
141798
92066.9
102069
113158
108732
110062
127199
122787
115585
125413
92320.8
142487
108715
110029
125906
124581
125287
392868
125720
200045
124997
92262.3
124550
197729
113752
92259.5
92181.2
125913
125462
119519
123217
113929
1.89653e+06
92239.3
116933
62649.2
92159.4
123059
92313.2
123452
128791
92234
121573
341293
122919
121902
119021
91755
125456
92075.7
125454
100323
62128.4
124390
93584
149038
124203
55683.6
92182.8
126557
129721
124227
104767
114266
113614
123642
110585
126412
127248
124823
85823
92202
112212
125507
118863
124976
125107
219836
120891
90856.6
125557
121169
92315.3
125051
93336.8
116577
92266.7
121208
125992
114062
143909
121274
92960.3
140343
125499
126178
115884
123467
124486
115370
92276.3
92298.8
136556
137937
92286.4
94806.4
122676
122889
186497
124061
111461
227949
135836
125610
187796
123176
122866
110399
122841
126465
123827
109666
-66084.8
125584
125115
80701.7
126724
120889
98180.3
94313
139230
209547
60374.6
120836
95767.6
113774
124052
114629
115505
122391
91083.5
127372
124784
92183.9
125868
123273
123297
125589
120114
106402
119022
128087
125597
123469
121641
125187
122284
120340
121055
124060
92196.9
111226
142054
90733.1
126061
121598
145212
122464
77842.3
122956
129613
92402.4
123077
126017
48395.9
-10302
123759
126123
126547
225648
133111
91956.2
317983
92246.1
78249.7
92228.5
316204
92180.3
121857
1.93109e+06
159143
92156.1
111304
92218.9
92640.4
121732
92289.1
168332
92341.9
125530
92216.7
109810
105694
125324
92247.4
119095
99845.6
328618
92333.8
140130
92384.8
71458.5
92269.1
100071
327148
92284.3
74256.7
101497
122931
128644
99855.1
123150
55850.6
92304.2
106792
92395.3
95304.8
126284
123885
92493.8
106088
95568
110678
123819
140921
118339
124251
35651.6
119589
121186
124813
92214.9
92131.2
120391
101110
117065
80925.3
122479
92362.7
92231.7
78438.5
76326
117333
428136
121242
138685
120996
81478.7
92290.4
92309.7
143110
95553.1
239502
129209
129641
89688
114666
118175
107412
128000
92234.1
55614.4
125473
123830
121258
1.89457e+06
92260
123845
118857
127078
92274.6
119798
-18354.6
92430.7
92265.9
111950
109632
92355.5
92305.4
92330.4
92368.7
92225.6
92289.1
169919
119537
112957
113153
115237
127698
121353
125521
92325.8
92242.2
112608
129263
92302.8
126361
-228222
92066.2
122405
116275
-169290
137950
25923.9
139859
107605
76034.3
124463
119092
122869
92156.6
86893.5
124616
126348
92365.5
77794.1
119368
124325
92222.9
116648
139658
124267
122228
130208
123808
92231.5
124946
132976
125307
306544
123641
111563
91655.9
124533
122517
124958
119581
124374
197956
190335
122918
237227
126309
121974
112541
137344
124990
122156
126118
124437
129818
92345.7
92288.6
96778.5
122290
111136
125362
598559
122546
357978
283320
89801.7
73538.4
238904
98017.7
125142
125158
92235.1
123109
123639
672943
1.87918e+06
123780
92238.7
126002
603210
122796
120190
113489
92239.3
124644
122247
121431
164998
124216
92234.5
123978
92248.2
122848
123045
122269
125394
125569
125225
92334.6
94980.6
131600
114953
102985
48314.7
103068
85482
125141
94763.9
113166
138533
122887
129118
126155
92246.9
118451
198842
117881
103047
117966
105501
140626
257680
133086
123687
124518
125889
124508
91669.8
92206.9
92197.3
90307.6
93491.9
92228.9
92266.6
130693
102494
92298.5
43000.6
122063
92959.9
126411
115800
113870
-32508.7
115123
115324
127911
81096.8
392965
244601
125659
314172
92038.5
120581
124889
125126
123859
123259
92297.7
91280
117946
92249.1
92290.9
168819
69141.1
92298.1
125063
92243.3
119451
114893
90934.7
125000
138209
99511
122537
99457.9
105902
111639
128211
194983
125005
117435
124573
104029
92358.6
123374
92337.2
95890.4
111134
126735
124988
87183.5
140287
119652
131324
92337.5
92337.9
92322.4
92339.9
92341.4
92355.3
135773
134647
158952
203489
165980
169306
87099.9
58842.9
69826.9
114477
53646.1
87062.4
65274.2
106243
104686
104071
145056
-157826
609827
66430.5
-129102
-67909.4
-102652
14444.1
56556
-55033
14967.5
123385
120978
110048
101097
131132
60321.6
131663
83212.4
112884
129704
82313.2
53181.5
89996.8
57896.4
89792.3
92227.9
92244.6
92172.6
92237.1
92252
92262.7
92151.1
92272.2
91818.1
92151.9
90577.2
90322.8
91787.2
89615.5
107419
61515.7
109235
107386
60145.2
82036.4
84406.5
448.441
-16151.7
115724
98483.4
31173.1
42187.6
123455
125206
123347
123184
123097
125434
123273
123500
124964
123413
126091
122239
122384
125091
124677
124372
124137
124304
124409
124508
124253
124163
123440
123720
123451
123056
122811
122027
122060
117212
117476
117504
114473
110548
109641
110196
90112.6
85565.6
90942
89247.9
85703.9
88659.4
85309.9
84540
84619
81987.2
82203.2
83462
77368.3
80475.4
69973.3
113542
128161
114370
80930.8
73492.4
117649
117104
127921
127082
154768
164346
165397
165120
119286
149686
169618
218394
202210
214862
153865
293540
190747
266475
266510
92886.3
96794.1
98162.4
105688
102213
108930
112805
95371.8
68136.3
-27765.8
124759
119146
159541
141380
137648
139388
125830
136843
129253
196405
163383
164722
146060
144544
109327
139201
141235
120721
120591
119687
120493
121626
121251
120304
121657
120663
64159.1
76452.9
80040
121055
89753.5
102240
108480
122960
109240
122270
126473
128641
60962.1
128937
130874
61388.1
129162
132461
146523
131567
145847
146397
155446
192660
191793
191113
145636
168518
167839
140750
144366
145369
130497
142537
140021
139547
140104
139669
139808
140120
140579
139569
143307
122935
126325
116589
119710
121554
120656
121850
122924
122173
122486
122290
122851
122141
122879
123042
122185
122997
123754
123405
123758
123806
124303
93540.1
94087.8
93431.8
96002.7
96577
96802.2
98320.2
97383.8
96900
96344.4
96998.5
92474.5
92561.4
92725.4
92365.1
91244.3
92539.5
92401.4
91197
92323.8
92273
92499.6
92295.2
92381.8
92426.1
92314
92773.2
92805.8
92351.5
92296.5
92316
92371
92335
92337
92339.5
112359
92273.4
92269.2
92218.2
92209.4
92215.1
92284.3
92283.1
92204.8
92245.5
89325.1
113387
57837.1
108295
92843.2
91516.8
95535.1
96609.4
125577
124506
124278
123598
123397
103778
83722.1
81694.9
140047
-131119
111723
118764
157733
120335
128011
191781
197614
265890
162791
107847
-137343
-16041.2
131816
135704
56112.5
111807
121153
109130
120331
121332
121542
112442
113357
107493
120582
83803
120542
128599
131438
130138
131430
160700
166339
157353
165621
141561
129834
130304
139464
139313
139930
140241
119720
122009
122774
122907
121495
122937
122853
121859
122970
123745
123762
123758
93605.4
98663
96585.6
92141
92389.4
92629.7
92331.4
91187
92488.5
92291
92258.4
92242.8
92339.6
96504.2
92360.6
92308.9
92335.1
92299.9
92313.9
92261.1
92286.4
92205.2
92242.2
92216.4
92231.1
92233.1
92237.1
92235.4
92236
92238.5
92234.2
92246.8
92234.6
92228.4
92238.8
92231.7
92218.4
92226.7
92208.4
92234.6
92111.8
92108.5
92081.5
92041
92117.4
92059.8
91603.4
92042.6
91576.4
91282.2
91365.7
93624.4
93450.6
92867.7
90173
92830.2
110756
128193
123317
123507
122613
122486
100396
114020
112994
107201
51167.1
68485.3
57196.7
115129
48364.2
125074
126459
126194
125179
125354
125627
125668
124563
125272
124497
124175
125403
124660
123188
123718
123022
123289
123318
122709
122815
122583
122884
123252
121635
121920
120680
120176
123543
120228
120894
119523
118227
118896
115882
115799
115893
114651
114779
114771
114082
114167
113925
110525
112282
113080
107655
113163
114649
117124
115170
117163
129450
123605
122389
123311
131523
120552
103060
132369
130887
102340
138636
135098
137935
139217
137375
189295
155945
89049.4
96861.3
94740.8
119830
101586
116868
121022
104478
113271
132011
143196
270182
165884
135365
67292.2
111794
-39.497
123783
121913
120607
124462
125022
121847
125699
123934
123397
122763
145357
140183
129367
73530.9
130552
133209
131133
124522
116239
119803
110574
111743
115499
123285
121066
120962
120871
111576
112574
113100
113044
113738
109101
112763
112032
106325
106070
113502
109195
109562
108736
108916
73563.4
109067
132851
60858.1
119613
119089
167653
144422
151209
119281
164437
153464
137634
140477
115288
114176
121914
140774
117497
119372
127130
124624
127043
129450
129319
129435
129719
129403
128977
129681
129383
129152
129675
128204
129703
128765
126578
128223
124601
127561
126936
125707
125111
125529
125841
125540
125434
125345
125429
124707
125092
120022
125221
125491
125395
88362.6
98680.6
87731.5
91485.3
91300.6
91586.9
91493.9
91632.7
91857.7
92356.5
92596
92604.2
92311.4
118896
92350
92441.4
92363.7
92355.8
92367.8
92338
92364
132434
92311.4
92321.5
92308.7
92287.7
92311
92317.8
92202.6
92242.6
92204.8
92260
92196.1
92203.6
-107092
137019
130175
120923
121744
122047
92222.5
92221.5
92217.8
92224.1
92234.9
92232.8
92239
92233
92242.1
92229.5
92193.4
92204.2
92199.6
92245.9
92277.9
92123.8
92183.9
92208.9
92074.9
117416
92106
92015.8
92009.8
91395.7
92731.8
92820.9
92772.8
91279.9
90065
61893.5
27894
126253
120500
120273
122799
124579
122702
122369
123290
113915
104444
112503
107432
119648
111986
101717
124772
125459
125935
124805
125158
124813
124970
124837
125724
125031
126704
124415
124564
125199
125354
124854
125163
125608
125253
125228
125301
125466
125128
124647
125696
125410
124817
123788
125013
125564
124488
125512
124896
124205
119100
123717
124533
123981
112577
117465
123469
123426
123269
123437
123376
123251
123514
123006
116154
108333
121098
113333
126300
122985
112129
114796
111881
118864
108202
119806
123035
133459
129927
133307
124963
121810
131408
131520
127653
128360
127472
133841
132483
134611
134030
145239
123326
129322
134100
137327
134555
185837
139490
158963
242663
181790
127576
127049
131458
129909
136658
122097
124914
122480
123442
120386
120127
121913
121368
118060
109500
135493
-19273.9
80160.7
130551
123626
121965
122315
121076
120947
121980
121656
121264
121928
121706
122134
122100
123933
125363
123003
139520
123581
123358
136472
125929
136439
136095
139055
131647
131498
130933
118928
115800
111277
118582
113874
112731
112197
113613
114342
112441
112157
113413
112486
111950
111388
111757
114003
111304
108852
112873
112346
112658
114940
114806
117886
124905
146136
118678
133093
78797.4
77421.1
96330.8
57875.7
115252
114309
117412
125933
116643
118689
114971
120806
129047
124412
120724
125008
129294
129736
126631
126579
129729
126497
126444
126616
126348
125644
126344
129365
126495
125859
125511
126281
126750
126807
126399
124906
124917
113850
126624
127406
125793
126366
125986
125505
126358
125711
125996
126384
125177
125814
124848
125364
125371
126007
125610
125743
125417
124645
125453
125617
92566
37231.9
92558.4
92493.1
91651.9
92319.6
91820.3
92750.2
92328.4
92314
92428.8
92361
92314.1
92284.1
92314.5
92325.9
92371.5
92353.6
92350.8
92313.8
92310.7
92307
92295.9
92309.8
92300.1
92288.8
92313.8
92270.6
92311.1
92202.6
92262.1
92204
92244.8
92260.2
109045
113299
125625
134791
128320
127102
130186
126867
127681
122289
122669
127556
123141
121926
96587.6
122926
120762
121366
92246.2
92218.8
92216.9
92236.5
92720.9
92865.1
92566.9
92565.7
130877
129354
120765
131174
145588
92210.3
92228
92245.2
92235.5
92304.4
92147.1
92348.4
92167.9
92306.5
92333.2
92282.8
92251.1
92402.3
92427.9
92077.4
92223.2
92758.4
122667
122286
122312
121067
112564
113611
113710
114726
124660
122584
123629
125373
125287
125076
124868
125091
125023
125623
125056
126703
126646
125284
125462
125733
125216
127354
126698
128294
125819
125930
125356
127151
123377
126481
126687
122603
124138
121716
92237.9
92238.3
109558
110203
111675
110767
113550
113299
123738
124878
121148
124268
125795
124733
126214
126620
130511
133367
135113
129512
131808
127297
131564
129250
121025
126995
119722
125965
124957
122015
120151
122878
120790
120924
122352
121224
121078
114808
114708
113902
122011
123821
123657
120578
127205
127040
134028
110951
111432
109822
115254
112651
111276
113682
117685
92461.3
92348.3
92118.1
92405
92252.5
92185.5
92269.7
92383.2
92270.3
92317.1
92292.2
92279.2
92294.8
92305.7
92279.9
154291
111466
108475
109707
122552
92276.5
110686
111849
92619.5
106863
121475
121815
92272.3
92177.7
126672
128670
123461
123668
118106
111386
114038
113109
142062
112810
124549
125055
125483
91798.7
91554
92418.4
92326.2
92316.1
92137.1
118555
121116
92104.7
92067.5
92537.2
123611
124792
92226.3
121701
121565
132312
122153
133142
139533
140199
113403
112832
125334
120526
129739
112951
112970
112352
114292
119657
126309
126160
125348
92324.9
92329
92216.6
92301.1
92241.1
111607
113082
92519.1
113688
126389
127330
92306.1
126222
111214
129889
136506
92223.7
92243.2
115568
92332.1
92346.1
158633
38265.5
108542
92258.7
22533.3
64245.3
108017
92295.6
83882.7
131147
61758.2
75055.9
123313
92318.1
124486
92331.5
83168.3
156336
153793
145209
144928
118869
121929
122318
120504
181793
140547
125816
120533
126251
126357
123068
123008
121859
123769
94706.4
126833
96768.8
96612.8
97089.9
92926.7
126496
92472.9
126503
92382.4
92357.5
96732.5
92329.3
92336.2
96490.3
92215.6
121207
121743
113592
125426
123743
92392
91442.2
92337.1
114009
92309.8
92242.3
79333.1
125143
117924
117113
129995
140232
129881
112993
115050
112970
139345
121825
128742
125165
125466
87700.5
91560.1
92488.8
92772.7
92314.8
113711
92234.1
92161.9
121505
92242.9
111350
92244.4
92106.2
125361
111881
125202
124451
124040
121355
118871
121328
124391
139690
152318
92250.3
92248.8
92250.7
92246.8
122355
121202
121927
122008
)
;

boundaryField
{
    Wall
    {
        type            zeroGradient;
    }
    Inlet
    {
        type            zeroGradient;
    }
    Outlet
    {
        type            fixedValue;
        value           uniform 0;
    }
    Empty
    {
        type            empty;
    }
}


// ************************************************************************* //
