/*--------------------------------*- C++ -*----------------------------------*\
| =========                 |                                                 |
| \\      /  F ield         | OpenFOAM: The Open Source CFD Toolbox           |
|  \\    /   O peration     | Version:  2312                                  |
|   \\  /    A nd           | Website:  www.openfoam.com                      |
|    \\/     M anipulation  |                                                 |
\*---------------------------------------------------------------------------*/
FoamFile
{
    version     2.0;
    format      ascii;
    arch        "LSB;label=32;scalar=64";
    class       volScalarField;
    location    "0.1";
    object      p;
}
// * * * * * * * * * * * * * * * * * * * * * * * * * * * * * * * * * * * * * //

dimensions      [0 2 -2 0 0 0 0];

internalField   nonuniform List<scalar> 
2958
(
14.7147
21.7177
-28.8656
33.9579
26.9459
-30.2765
36.0676
33.7836
25.43
33.847
37.1232
27.0892
35.7904
5.03818
33.3363
34.1152
22.1106
35.4146
12.2041
35.067
13.6516
21.568
9.39405
45.3453
35.6762
34.4386
6.28603
31.7449
22.6546
34.9838
33.5556
31.3836
9.42842
32.2887
33.2049
29.3587
-48.7841
11.5965
22.6829
37.662
15.171
33.8681
35.1707
33.3248
-1.69615
12.5246
37.2732
34.3598
31.8721
3.05889
30.8741
27.1878
44.6786
35.8014
32.7355
28.055
37.7658
33.1504
37.7555
17.3235
32.2073
41.455
32.9934
35.1132
14.0711
10.4831
35.8231
25.3436
41.4458
24.4792
22.461
45.0744
12.3468
39.5438
15.8424
35.4352
31.8322
33.6154
5.33297
30.0501
35.7493
33.145
30.7492
30.1706
25.5081
35.6801
25.333
35.6457
24.3173
2.06597
33.3001
22.4777
35.0741
12.197
28.8061
55.4773
21.9171
16.3759
2.08129
1.65606
27.7086
37.7796
54.1665
20.4935
5.29221
15.1219
45.2217
29.7497
5.94832
59.7375
25.4932
27.2951
12.2981
35.8518
9.53861
12.7542
36.2993
25.0648
22.5966
33.2769
49.6298
29.8757
34.754
25.3696
29.0905
25.4888
16.8115
20.8556
34.9768
13.0235
12.0076
30.1214
44.4185
59.7046
11.7988
12.0579
36.244
31.3767
17.2827
2.96328
35.2759
25.7347
14.147
15.8307
31.57
19.6171
12.2328
6.78556
16.8614
12.0529
32.8387
23.7409
34.9559
41.6539
33.1118
19.3118
-26.5665
34.3113
35.172
37.2499
32.4104
35.5435
36.4479
3.60769
41.9075
25.8324
1.16335
9.07691
33.3353
-15.5897
44.3408
41.7144
6.00988
29.5066
4.75961
-45.5018
48.5777
19.5648
-37.35
42.9006
-7.09621
20.853
35.4401
33.4357
25.3848
21.9383
26.1369
5.70452
20.4788
31.8686
25.3344
24.164
28.7761
38.5154
26.2305
22.597
21.6033
46.2068
41.2539
42.3589
31.6229
3.21819
14.9642
17.3724
23.0749
66.7334
27.744
70.6958
23.0996
32.7096
20.57
2.85173
14.2756
20.1577
16.5711
28.9634
35.3247
15.0858
18.3626
23.7521
12.1212
25.9387
35.3371
22.9638
23.9037
28.9764
31.7609
20.7046
20.7139
12.147
25.568
31.4455
15.1245
25.8628
21.4928
10.6874
20.4809
34.4784
21.1837
39.6781
17.6239
40.7786
33.7065
31.5831
33.9815
30.157
46.2093
36.2198
36.0801
38.0122
33.2516
30.5952
36.0626
38.6256
27.8242
21.1184
33.4388
16.6552
32.652
21.7062
32.4885
6.41252
25.5985
15.0283
6.22972
36.8698
30.3795
34.9831
-43.0509
0.956769
-36.0211
23.7746
34.3374
10.3609
20.6727
36.1685
11.2752
23.0196
7.7191
21.8407
-16.075
17.2958
2.72095
36.5558
20.6435
8.78664
39.524
40.3657
34.4052
36.7185
45.8504
16.3873
5.33382
6.51544
36.9843
22.4998
0.725379
34.68
4.86712
37.8589
37.6285
26.4317
16.652
29.7996
26.6123
33.417
13.2134
6.57073
35.0848
37.1165
13.3049
30.1029
32.0352
14.4803
20.6773
24.3907
27.3038
35.4848
19.809
35.4452
23.3073
24.0295
34.1069
25.231
-21.4308
1.57484
30.5963
6.13193
29.4319
-168.704
24.496
38.841
28.9157
17.8688
0.590485
17.4216
21.7085
30.2374
22.2333
15.3651
35.382
16.5178
27.0845
24.4555
5.20435
26.5261
4.94518
31.4323
28.5946
17.2085
49.0592
33.3832
44.3214
17.5179
26.9161
35.2172
15.3324
34.0968
20.2422
41.1561
-168.16
31.5344
32.7601
2.27764
33.9079
51.8659
35.6526
36.148
35.6726
34.999
39.6539
28.4994
20.3669
33.1236
35.7338
17.7176
32.4033
29.7084
27.6527
24.4417
30.9861
34.6148
12.7858
33.8439
22.7529
14.7739
37.4943
46.6609
13.9595
10.1348
35.1719
13.8066
100.942
20.8307
47.0568
-15.1108
-167.767
14.3755
15.4757
27.4654
57.5755
33.0916
22.1134
28.5672
30.7887
31.3433
26.8987
35.5068
33.6899
27.2402
43.4941
35.6099
36.8627
14.7079
15.6174
27.3363
25.9442
27.0849
33.7325
34.0768
-2.85463
36.2976
17.7798
35.9002
31.9423
6.44022
22.0605
32.5008
33.0098
22.803
27.2382
30.0439
13.8153
36.0735
31.3536
26.1453
18.0355
27.2909
30.5959
7.86284
19.7393
20.455
30.9562
50.4834
28.0542
-3.93788
8.80568
39.6825
9.82042
24.9634
7.22254
31.1366
35.1141
15.0741
31.4817
30.6701
9.25217
45.2311
29.2881
4.20113
26.2161
31.5179
30.9369
38.1104
35.3339
36.1556
25.6925
34.216
34.6726
40.3293
37.543
25.7609
37.5079
13.1776
33.8887
21.7851
34.7248
24.8709
-1.69751
35.9739
35.493
17.5403
11.8443
-8.41221
23.711
32.8969
35.9156
35.2435
15.2607
10.3621
19.2027
27.2618
32.1153
34.7277
26.2275
34.1835
37.6941
15.3656
17.6286
15.7956
24.7977
15.9061
13.1559
18.8847
27.1046
7.89858
12.6635
26.4382
23.4174
29.4368
14.4085
12.6854
37.6259
10.8485
34.1115
30.1832
24.564
3.09463
24.1986
20.4963
-2.65747
23.8575
72.2969
23.0918
28.5746
31.589
32.8822
7.04346
36.1903
34.5038
36.1245
3.5597
17.7186
13.2696
19.238
35.5751
13.6623
27.0689
31.7324
35.8036
43.0486
34.1124
32.9313
35.8448
15.09
21.8022
36.2601
10.0038
5.94088
19.7218
11.8977
8.65399
22.246
57.6404
-58.4117
37.2513
43.2277
39.6138
34.8222
-19.1623
35.6702
22.4799
31.2904
37.5428
32.2416
34.7194
10.4119
35.6999
37.7429
38.0622
59.6686
35.4383
13.6526
13.6367
8.3546
32.702
18.4042
8.74949
-47.4602
35.7387
21.3427
20.4977
35.0554
20.2303
31.9276
3.43967
19.0522
9.72709
21.0583
38.2174
7.7503
19.6956
34.8892
27.6797
6.84606
45.6353
30.5
46.4112
31.858
22.4954
26.4596
32.809
13.24
20.2637
22.7316
32.6954
5.02069
25.7236
-14.0997
14.0008
30.3728
1.41097
8.60789
4.62472
27.7532
26.6231
35.1094
20.0551
0.627281
39.4576
44.6933
31.7145
43.455
29.8215
33.9788
13.5089
25.4539
35.9024
35.1619
25.0738
16.866
12.5987
22.6504
25.3185
18.1094
36.3617
8.39122
17.0283
22.2245
34.4769
12.7153
26.7639
2.58016
7.31589
31.5108
5.27082
15.3083
29.0663
36.2903
6.39411
0.868781
49.3146
35.9125
29.1471
32.7924
23.3514
24.4218
-20.4984
48.674
40.8495
23.7331
-23.1366
9.79347
16.4782
20.8195
5.37665
19.482
6.66383
35.5088
34.5964
33.911
21.656
29.2542
35.5906
30.7543
25.3553
68.537
38.3697
28.8997
13.4039
25.1471
28.5699
13.8781
22.4859
7.43245
23.0267
19.748
33.6516
25.7433
19.7471
-42.7526
23.026
34.7433
25.0253
15.3185
15.0285
21.6511
33.9138
34.2324
5.718
16.4795
15.3717
36.118
30.7739
30.3998
36.5683
31.5866
29.1884
30.6618
26.4473
31.6386
21.3573
19.4259
37.9294
27.852
36.1477
35.4514
63.0813
39.591
24.7402
37.2931
27.1995
23.3782
53.2152
13.7721
22.1113
-13.1693
24.3316
35.1319
-0.181322
28.6248
25.2989
29.2238
26.7566
-10.9036
32.7226
25.6811
42.4912
13.7924
32.6801
8.6255
33.964
23.1229
33.8454
38.2128
15.553
21.4954
35.1417
20.4209
25.9367
18.0213
-4.74988
37.7732
32.1873
37.2566
38.6237
35.2473
23.4525
1.0478
39.1524
14.7886
10.8725
9.16951
19.0523
23.9122
3.24541
7.50362
15.085
18.2781
4.96013
9.06511
27.1394
68.8544
26.5104
9.37372
25.0105
36.0263
33.151
1.72549
4.06807
21.0834
-26.9084
29.2356
33.4347
8.09263
14.8521
47.6179
4.83437
23.5777
34.7112
33.9608
34.9814
33.3877
34.32
44.8847
26.9124
14.0426
36.4589
33.8089
35.0691
19.1063
1.71098
37.3909
29.3382
35.3457
35.2721
30.1405
34.6936
23.3739
-19.7063
23.426
36.1491
32.529
18.3066
35.5196
18.5768
25.3589
35.1784
39.2396
28.8959
35.8203
31.3416
35.3952
32.4765
34.7157
25.8214
30.2014
24.618
27.7601
31.5923
23.3451
36.2324
28.7428
27.2556
36.0775
20.7413
31.6816
14.0299
34.633
36.397
20.9131
34.0077
3.08145
9.96886
24.8806
37.6483
33.9739
79.1925
36.0658
30.1038
37.7022
30.902
32.6979
27.7103
20.737
32.3678
21.6204
5.00371
36.2199
32.5822
25.8176
17.7897
39.7227
36.0203
31.8011
79.708
13.6809
45.182
10.0841
35.0619
32.9238
1.91272
22.8126
29.3226
14.7277
-51.9282
30.5697
9.29113
10.5472
35.0814
11.5839
12.4295
3.98634
52.8473
35.7856
0.849409
20.558
-38.5934
31.2981
26.0031
36.3132
32.7126
22.7618
19.5753
20.728
30.4615
34.2039
36.1
23.464
39.3422
18.5661
23.0575
11.6544
45.721
17.821
13.6991
21.8802
32.9047
26.5863
13.4202
35.8053
27.9997
35.1473
43.1036
33.3895
43.2663
29.5791
-2.59958
23.0276
32.8727
45.6088
13.0321
52.1318
35.3783
33.5702
22.5636
15.5522
34.2348
14.0559
22.8825
25.2737
32.7028
26.2716
36.4209
34.3551
19.9725
35.5387
24.2834
36.6153
22.5955
36.2837
17.6337
12.3027
15.3802
18.4662
26.244
29.0618
32.1429
35.0693
22.6551
33.9868
22.9923
43.2978
30.7216
25.6896
22.5793
44.5242
35.0932
35.327
9.86782
4.967
25.5477
21.7707
40.6497
-1.48188
32.2828
46.7228
12.238
36.1574
29.2567
16.3886
36.6251
28.6309
13.2387
16.7764
13.3125
34.2335
38.8749
31.1794
32.0571
9.32536
35.6928
-11.9013
-42.692
32.7929
27.0973
34.7502
38.6568
20.6895
28.364
22.6109
35.7712
35.3417
5.17344
34.0553
35.4082
35.9488
30.9766
19.2757
17.2369
20.7539
18.6388
30.5084
33.7115
36.4807
18.8287
36.9476
36.0396
96.6938
13.9694
-165.925
26.0983
12.0502
29.4441
33.6669
43.6293
-16.8019
39.2853
47.4511
-9.18958
36.4193
32.3549
29.7416
31.7216
20.0827
94.8866
32.122
33.7922
13.0827
32.4979
12.9622
80.3198
15.2563
22.3968
3.6753
12.8008
35.5093
2.29704
11.8565
-0.878787
36.7571
26.7978
16.783
39.81
22.6827
1.48285
81.4815
34.0243
30.4414
9.29582
38.2051
43.882
-15.1485
20.8653
-29.707
33.8385
10.4827
28.9775
25.0528
14.9513
12.4184
26.7498
34.8015
14.5185
35.8672
35.9457
33.4397
47.7601
39.3661
25.9638
9.93138
21.7383
9.32458
32.6032
38.8068
8.98669
49.4174
32.2746
33.086
26.9719
29.9659
36.1985
-43.1158
27.6914
16.2152
8.88495
35.6236
20.6487
34.6322
35.1335
33.9877
32.9858
1.00538
32.5012
29.0942
-10.8725
-165.807
23.4449
31.0525
29.9935
34.5998
14.7671
23.837
8.33819
25.9056
32.3394
25.4519
14.6731
34.0391
-18.9456
14.4337
0.369304
16.2096
20.512
34.7025
23.7315
28.5311
21.3215
29.8702
23.29
23.3297
23.4463
14.308
37.5331
35.6835
28.5055
36.486
23.5772
22.5776
22.8504
15.0949
-15.1415
35.0019
23.9708
34.1105
31.8881
44.7582
35.0188
12.6156
13.4177
45.8148
11.187
39.0846
35.7612
33.8867
31.2421
26.846
7.22987
6.05616
40.3884
13.0067
33.1013
36.1828
27.7305
31.9442
34.3506
34.054
28.727
91.8047
8.00107
30.7862
30.5004
33.3279
23.4273
35.4823
47.1881
42.5268
31.0397
36.3791
22.4232
12.5802
36.009
35.8199
32.5976
14.2038
9.93721
31.8913
34.6471
32.7828
36.1053
27.9554
12.9006
-5.89695
32.0787
-13.441
6.47605
19.5009
6.1744
35.741
27.0177
-0.0899033
31.3236
15.6105
32.4258
36.8691
32.6626
5.46195
29.6802
9.67412
37.5661
32.5737
33.8708
37.4219
13.8321
23.4568
33.4947
34.303
-62.4317
34.2645
35.0854
33.5783
9.94025
35.7974
26.3419
37.352
29.7482
36.3526
32.6586
35.3731
35.2451
8.50578
32.8316
34.2
34.9184
11.2538
34.298
27.3018
23.6524
6.09728
34.6871
17.1519
13.7446
32.7528
15.4664
31.1006
3.86676
24.3465
22.3032
32.3793
22.4275
36.7884
4.84375
21.0104
35.443
36.0705
29.8859
22.6848
33.7496
35.5005
4.70089
9.83434
35.0498
34.7783
9.28873
11.85
23.6787
34.9651
18.2812
23.3218
34.7446
-62.2087
44.5946
29.8631
18.0471
22.7592
36.5361
31.3538
33.5177
36.7524
17.9781
31.3108
42.7038
35.0998
34.3687
38.6687
25.359
22.0556
51.4434
39.3557
33.5693
14.6564
33.322
22.9072
25.5845
30.8289
52.2621
32.22
28.6639
34.1858
8.90295
22.5185
43.8047
17.5231
35.5998
35.7894
35.7903
35.2251
38.0663
37.5573
37.1648
21.6621
35.3858
35.5799
29.2669
30.8144
28.7935
18.8813
29.2702
25.583
8.94698
32.4594
38.8428
4.39605
35.1131
35.2515
19.1894
35.1318
32.1193
36.0628
22.3152
3.12413
36.1476
36.0308
32.8479
23.9344
33.0747
37.7615
36.2684
-29.847
18.8409
7.34061
-19.0969
46.2455
32.4799
10.9938
-13.7462
8.03755
35.7998
15.4527
-9.83619
7.4562
29.7381
0.765518
17.2036
30.1495
19.4379
-27.4303
1.01563
41.0088
7.45347
30.8981
28.9922
34.974
9.30873
31.6271
13.8845
19.8546
12.9672
23.808
10.4318
31.4733
15.6683
32.2008
24.2488
15.0892
35.0561
27.1979
34.6466
26.5619
14.0187
23.2718
34.2696
9.70331
32.8039
10.7438
11.6189
26.3737
38.1084
15.1947
34.1853
9.26417
38.5513
46.0698
21.6924
17.8744
31.5322
28.9459
19.4217
35.9097
25.898
8.45904
7.54003
33.4509
33.1659
35.6769
24.4933
36.6731
-2.07626
7.46165
24.0943
24.7086
33.5307
24.7694
34.584
15.9893
19.6776
-27.9307
11.3746
13.2605
34.1276
24.6023
18.9502
35.4554
34.8692
23.2348
30.9641
30.0573
42.4109
39.5289
16.6609
-18.6562
36.0903
42.3777
22.7344
12.9455
9.51602
42.4918
22.7028
45.1181
1.93882
35.7721
54.4872
36.7601
1.12279
29.8419
43.8573
10.0969
5.23549
9.07903
10.3467
4.26204
12.5528
7.44967
37.683
31.6257
34.9814
25.4193
32.9205
21.9186
32.1237
8.70399
10.9793
33.9412
36.0421
11.137
36.5513
35.1649
8.54733
34.6474
35.5581
31.5435
20.4252
37.2405
34.6975
12.0808
36.3968
35.7897
24.7012
24.8018
8.27581
8.51797
24.6522
37.7074
16.6063
49.3076
28.6718
36.6423
10.3642
32.1211
42.0296
26.9637
26.4209
26.132
38.2203
-0.928664
32.5532
27.124
27.5685
14.6119
23.5103
29.9821
14.2241
70.0891
32.4287
35.0502
20.6635
31.5302
29.5613
26.9957
26.8807
18.127
36.3981
35.3117
31.3182
20.8052
8.44146
24.0885
36.1349
32.087
34.7169
2.10706
11.3452
8.89791
23.1002
14.2708
31.4658
37.5837
20.5356
11.8418
25.006
12.1184
-42.7424
20.9856
-36.5588
24.4108
32.9665
-42.8411
19.0761
36.3551
4.16677
-53.6444
24.6649
-14.9599
24.8125
37.4696
34.5231
35.3099
36.046
35.728
35.7662
23.5545
34.5329
27.6366
55.7129
-3.21472
38.1929
42.4991
20.5291
26.1543
22.5305
34.6577
27.0524
35.5766
12.3101
27.2786
19.6572
31.473
17.1386
32.5782
18.3773
18.2594
2.70897
26.5949
32.8448
21.0505
34.5587
23.3691
43.5868
8.02804
1.66005
10.5039
36.2187
33.379
0.576785
31.4749
20.9647
10.0085
21.4324
37.6316
35.1906
21.7864
36.116
14.452
11.6841
11.4356
9.26088
50.5835
4.74263
8.50329
26.5279
16.1752
10.8563
28.5212
25.7694
13.3181
32.4152
34.9307
36.185
25.1474
27.64
25.0546
21.6469
-4.18601
38.8522
16.6404
36.736
25.5598
15.2587
32.2286
35.5196
35.1935
33.3648
36.2249
13.2894
8.39189
36.3761
35.3863
6.69975
26.7934
26.0068
12.6958
32.1358
-9.72867
43.4969
29.485
7.67853
8.12751
14.1602
43.6778
25.0884
43.5424
26.2532
26.0084
21.5713
13.5006
33.371
39.4754
34.6405
35.0065
9.00548
21.1534
5.80976
41.3703
23.7836
36.5593
35.8643
6.11674
35.8599
26.2439
21.5664
10.7594
10.2745
11.488
10.4798
10.8978
10.7373
34.9459
33.8485
28.5017
20.8354
26.3384
26.6455
20.1
15.1688
20.8586
21.8747
20.7956
15.4201
14.8227
14.1076
44.2224
44.1495
37.9716
46.1404
38.2314
32.4276
27.4199
25.6408
30.6821
29.119
31.8405
27.8668
28.3724
37.0656
28.4374
29.0655
29.2379
22.6602
20.0556
23.484
22.1366
26.5041
22.8512
23.4167
20.6163
16.9476
20.0898
17.3744
12.9593
11.5864
-68.1907
-4.04862
-32.0388
15.2072
6.90328
2.30583
5.96258
7.32086
18.8966
18.9801
17.6846
17.4635
13.6571
19.6604
12.0674
14.319
19.9033
17.5831
15.503
22.5228
24.4532
28.7108
29.1736
34.0006
33.9564
20.1493
22.1552
34.2785
35.5416
42.6979
37.0805
39.4692
41.1341
38.3871
39.2992
37.1341
40.1025
38.8616
35.4689
30.9097
33.1431
31.4016
32.5124
33.4278
32.4552
32.9914
35.3684
37.593
37.4439
37.9435
36.279
35.8424
39.4451
33.9941
33.7458
34.7053
33.7917
33.0318
32.5588
35.6191
37.6673
36.3109
35.4362
37.3371
36.3063
35.6385
36.2656
34.6427
34.5124
34.4425
33.0554
33.2632
33.7354
32.2563
32.7782
29.7827
40.1953
42.4599
40.9289
39.2094
-42.9311
34.4951
34.3291
11.5101
10.6272
17.5126
10.6917
11.3954
10.3238
6.35355
17.0091
6.45101
36.3704
30.8424
35.1713
18.7435
22.1965
26.6111
-25.3802
-29.2575
4.48841
4.84361
9.84305
28.7071
26.2858
27.9766
27.8898
22.9864
24.5902
44.9065
23.434
19.6235
44.9657
36.1652
32.567
28.547
28.0212
21.4386
21.0201
11.9183
20.178
20.9607
25.1159
25.5023
18.0152
24.4851
21.7984
19.076
38.3286
41.1713
18.3019
17.5734
57.41
55.0538
51.921
56.3253
37.7767
35.8854
32.2433
47.5031
17.5151
27.1348
33.829
52.6228
35.2068
60.2329
-165.875
-169.358
-27
-169.132
-167.614
-28.7645
-168.344
34.0172
33.3332
32.6031
35.4151
35.9667
32.1502
14.41
19.1464
19.9849
32.569
31.9647
29.9376
31.7366
32.39
30.2091
31.8308
33.8763
34.9416
35.2456
34.9024
36.3696
35.2922
34.9566
35.9409
36.0409
34.2448
34.2691
34.191
35.3778
34.3004
34.6853
34.7944
34.1638
34.9357
34.4369
33.264
35.4492
34.6361
34.2504
34.3973
34.5771
34.2131
34.9069
32.5736
32.1929
33.7456
36.8537
73.3062
43.0599
35.1335
25.5268
14.4295
13.0667
13.1477
10.2342
18.9466
13.8204
14.0395
11.9178
5.24998
5.47256
5.59481
2.31412
15.6413
0.339383
3.89661
5.94918
-7.68377
2.80061
8.68013
2.85056
10.447
1.19588
10.6524
-11.1683
-14.7717
8.08774
13.847
9.65323
8.91248
8.04483
7.19916
6.64585
26.1431
13.1
11.0572
16.0071
17.2392
11.0776
4.18873
5.56172
10.9167
16.3174
17.2792
12.3791
20.0155
13.9462
7.91278
9.00024
8.94671
14.4291
38.3155
32.7227
33.5842
37.934
38.0984
38.1397
33.5873
33.2357
46.0928
25.8732
41.3263
34.1929
16.9126
7.0052
11.3301
27.9718
29.5076
-31.7142
-20.3637
28.9819
51.9002
43.7315
27.8896
32.4903
20.0477
23.0149
16.0431
43.7903
14.5234
14.7481
51.1557
29.7952
38.8335
31.0251
34.7812
35.5634
34.8126
-164.934
-168.831
-168.128
32.9634
28.1011
29.2469
29.7095
30.4387
32.6524
33.2056
32.8241
35.392
35.2813
35.0558
35.3879
34.4844
33.7807
35.1527
33.1297
35.8009
34.9189
34.9496
34.1234
34.8553
34.4815
38.4067
33.5797
47.3205
13.406
12.2109
-0.216254
2.1415
2.43261
1.9566
11.8939
15.7103
0.441837
-2.53813
-4.64177
7.23394
13.7212
10.2005
6.73849
7.50529
12.8154
8.20027
1.29251
13.6434
12.5108
13.7984
-1.84196
2.66915
2.65966
-2.86585
2.43909
-1.91812
-7.42124
-2.42934
-30.1331
17.4155
-8.53349
-19.887
-8.50573
18.9895
16.9084
18.5047
9.93368
19.7366
19.5989
24.0991
19.8186
14.7944
16.0825
14.4477
15.6069
10.2479
16.5101
16.5755
14.0837
15.1505
14.7811
14.1931
14.1596
12.0551
58.1996
35.0953
19.8251
34.1647
35.6307
26.5269
30.4488
30.3507
29.1548
29.087
30.1
29.0207
28.7231
31.2786
38.0051
32.2427
34.0196
33.1742
31.1118
33.5093
30.5046
33.217
30.943
34.4221
38.0397
33.6529
34.689
34.8418
33.9196
33.8022
34.1037
33.0365
33.8446
34.0738
33.9743
34.1569
34.1031
33.8497
34.029
34.2793
34.8647
35.5252
34.908
34.724
35.1086
36.0182
35.9928
35.6755
35.8037
35.3513
35.6182
35.5846
35.7541
35.9311
35.9789
35.9782
36.554
35.8399
37.3672
35.7335
41.1836
34.5403
36.4173
36.2783
34.704
30.6364
25.6152
24.2607
22.198
18.5037
23.9531
34.6454
19.393
21.5971
32.7561
16.2017
21.9551
21.8172
15.7044
20.7975
28.3201
-5.36341
58.5146
45.0046
55.299
30.2141
48.1532
39.5824
35.5018
26.6127
33.5958
31.8374
30.2695
26.6542
26.7333
26.8849
32.8306
33.6704
29.0022
24.4849
23.047
22.0456
22.8428
23.5335
23.6762
24.3971
20.7701
20.0497
22.0971
21.8464
26.2278
23.9692
-42.8609
28.6057
26.5042
25.2343
23.492
27.4816
25.967
29.6218
33.7851
33.1613
14.5066
18.4435
17.1803
15.9133
32.9836
34.8052
36.1263
38.0694
33.0732
37.2569
28.5477
31.8214
35.2723
29.5217
31.9744
33.1379
32.7911
30.1623
34.0463
-42.7744
36.2423
-173.729
-23.0186
43.5666
39.2554
28.341
32.1381
30.1047
43.697
27.4558
31.0288
31.3994
31.3423
30.1716
28.8917
30.5134
32.4578
30.3906
33.3769
34.9355
32.2856
33.6608
34.5856
34.6763
34.623
35.0187
35.2389
34.8151
35.0132
35.0622
35.1791
35.3644
36.0013
35.7925
34.2329
35.7049
34.1285
35.0113
36.2466
34.6498
34.6248
35.0701
35.2031
34.6998
34.3275
35.4345
35.6235
35.5158
36.0823
35.4048
43.1909
35.7699
41.3414
41.7349
43.3506
11.5994
47.1451
9.50584
8.81341
9.89704
7.16703
7.7412
13.1823
9.29247
6.47924
3.53975
11.9784
43.6673
11.949
8.40342
9.22551
9.04421
9.3906
11.2777
9.89344
22.1346
10.1518
10.3648
11.2913
10.636
11.5276
13.2415
10.7533
7.94231
10.557
11.5123
9.75791
1.07387
25.3221
28.0042
26.7435
31.6132
29.7736
31.0164
5.2753
7.48374
4.7642
2.97171
0.456898
5.62472
3.95171
5.35006
10.7243
9.21246
11.8858
11.3764
15.1882
14.1399
13.8336
19.2206
14.3837
15.9745
14.5176
35.5523
13.414
12.8924
13.5994
12.8179
13.8301
15.7126
14.2268
18.0331
6.7386
-3.31852
43.874
44.1617
45.0273
47.3142
33.5931
14.8008
32.2919
33.8726
16.3061
35.2126
31.6909
33.0229
31.9843
38.2919
30.3949
35.3582
33.0562
31.8537
26.6867
32.9688
31.6917
33.7628
32.0648
31.9179
30.6431
33.2721
37.0473
35.6801
36.5855
34.601
35.1683
34.0946
34.967
34.7744
35.1539
34.9546
35.1855
35.0071
35.7121
35.5223
35.8682
35.8588
35.7362
34.9039
35.6761
35.9017
35.2018
35.4661
35.4549
34.6661
35.7911
34.9926
35.6074
35.2726
32.6773
35.8201
35.3551
35.4484
35.3218
35.6068
35.8026
35.9204
35.8889
37.5726
33.4781
33.3244
33.8347
33.707
27.8572
23.1792
30.0678
35.6138
30.6572
25.8145
32.3957
22.0671
25.5823
20.4356
22.9004
13.862
20.8499
27.651
21.9644
23.0852
23.8881
22.8721
23.8266
20.7266
20.9594
20.3017
16.6885
15.8383
25.6462
24.3978
17.0305
20.9575
20.9278
27.979
18.3633
14.8813
-76.3272
-34.7773
20.5767
22.5372
17.5652
18.542
1.92843
25.8167
25.3075
22.3942
23.4388
26.3781
25.8782
26.3961
25.1986
26.0379
27.1971
25.6833
29.3635
26.7729
28.2395
24.2042
22.6123
25.4202
24.2296
22.8935
22.8384
21.8678
23.0959
21.6307
22.1053
21.3044
24.7348
23.951
23.644
20.9978
20.0048
23.1113
22.6432
22.0142
21.8933
21.7877
21.7309
23.2388
22.8211
21.7597
22.371
26.8517
26.2241
31.0158
24.8952
33.2308
27.2206
26.083
27.0614
31.6713
28.1273
28.1334
36.2473
25.1384
33.3253
35.414
34.4468
32.2455
31.8736
32.3901
32.7225
33.8063
34.5162
35.1187
30.4942
33.7392
32.6194
30.507
33.9004
32.3994
35.9885
36.0522
27.3873
45.8562
33.5757
29.4029
30.9103
29.972
34.5077
36.5547
35.6171
40.4069
36.9838
36.0316
33.5226
35.9283
34.7911
34.6487
36.0185
36.0463
34.9103
35.9898
35.8694
35.9446
35.8149
35.5814
35.7626
35.9472
36.0053
34.9658
36.7365
33.7954
36.4832
35.4255
36.3889
33.1959
34.485
33.7548
36.9404
37.4945
36.098
36.8676
36.3551
34.651
36.5616
34.8896
36.22
36.6115
35.2449
35.5612
35.2555
35.5678
35.3007
35.9398
35.9552
35.5114
35.0335
35.1155
35.5684
41.2211
11.7769
6.07092
6.90768
5.17135
7.9667
5.3471
10.3016
6.55808
7.8118
9.28325
11.818
-4.09669
14.5057
13.1569
12.9955
12.8485
10.5547
11.8347
11.1778
12.3318
8.66094
11.0878
10.0454
12.0457
11.1262
11.4006
12.4975
11.0131
13.6876
8.91337
11.2872
14.9447
10.9105
11.4636
31.8764
33.4217
25.3299
27.2989
24.8231
25.2902
24.1601
22.8425
27.2725
31.3793
29.2007
20.9584
25.7959
36.4746
26.9562
45.2704
31.1103
32.3908
7.7854
12.09
5.90011
9.55281
15.8165
13.048
14.0481
9.57115
19.5624
20.3896
21.1105
20.7627
19.0533
12.1394
12.2781
10.811
11.35
13.6849
19.7645
9.34115
15.3461
14.1297
13.9309
12.3119
11.8443
12.7535
12.8159
12.9361
13.817
16.0973
26.801
24.2158
34.2347
30.96
33.2813
35.6978
36.2033
34.0094
33.8612
31.1686
33.2833
27.7643
27.8611
34.2502
32.2569
29.0575
32.2595
31.2436
32.3352
31.3146
31.0107
35.5023
34.6776
35.8793
35.5646
36.4331
36.4724
37.3911
35.2462
34.0218
34.5389
36.5652
35.0171
35.8663
35.9978
36.0139
34.7097
33.6433
8.77845
8.89274
36.5645
32.537
30.3105
30.7231
25.7394
26.0675
25.7992
24.6216
27.7343
26.0493
24.8343
26.7052
26.5533
25.1673
22.3566
21.4841
19.6934
23.2526
21.9608
21.2541
23.1617
21.7737
25.6198
24.3727
18.5934
21.3451
26.6473
24.2362
23.8785
25.1553
23.2009
23.3248
22.7408
24.1688
23.3316
35.7784
32.5191
34.6159
22.9385
22.7722
22.5761
23.7159
21.5952
21.9567
21.6829
33.6615
32.9999
32.7273
34.9232
32.5346
31.2222
30.3035
32.7033
15.4489
10.3666
17.1562
13.5791
15.2429
16.1137
14.2294
10.9884
13.3417
10.9878
12.5449
9.98638
11.0189
13.4673
11.287
18.8684
34.1992
33.324
32.874
22.5485
11.2121
33.6079
31.3684
7.43692
32.2566
24.9394
24.718
16.3371
12.7191
18.6552
20.9172
22.7783
21.2728
36.0946
29.9907
30.2448
34.3797
32.7928
29.908
35.3182
34.777
37.5838
8.58747
4.01806
13.6759
9.89301
9.75479
6.9278
28.2809
34.7231
16.7936
13.7309
13.1642
36.0396
34.9451
11.2924
34.9486
36.0003
19.6448
21.2057
22.5382
19.4803
20.3907
37.3152
30.5332
24.7125
27.9958
25.9836
26.4001
28.1293
27.2337
29.5461
34.3545
36.5741
36.6785
35.323
10.3564
10.1024
11.6849
11.6455
10.842
33.9606
34.7805
11.7516
25.0422
34.5451
36.2442
14.3681
36.2431
33.604
22.5198
22.6477
10.5345
10.5752
35.8708
13.5818
13
30.2546
13.587
49.0985
11.1634
30.8065
32.3245
29.1196
12.2219
22.0203
23.8563
19.8396
19.0825
34.9157
11.7005
32.7604
12.5109
33.6827
16.9613
-13.7572
-17.7873
38.2402
45.819
51.2325
50.6979
43.3352
24.2147
34.9026
36.2012
35.2989
36.1257
36.7241
34.0634
34.3903
35.2023
32.6787
20.8049
35.7086
13.4539
14.5603
16.4369
7.02083
35.9464
2.42701
36.0338
4.54873
12.2596
12.5492
6.06816
8.12156
13.9479
15.4003
13.9138
31.8005
28.6459
35.5132
34.1324
0.826906
5.96126
6.63686
33.1457
7.94869
15.8518
19.7803
34.149
35.3111
35.4879
21.0554
14.8848
21.3931
35.9081
33.9399
30.3588
31.5708
30.5567
34.5564
35.0898
37.5103
45.7856
11.7574
7.22704
-11.7258
8.83862
34.7381
8.1794
8.68349
32.0498
9.31611
29.645
14.7768
12.3542
32.306
25.7177
35.0858
35.3698
34.886
34.0452
33.6311
35.7233
27.1603
19.6036
17.0934
17.7564
18.4419
18.3825
17.0331
52.1231
50.9569
51.0289
50.6902
)
;

boundaryField
{
    Wall
    {
        type            zeroGradient;
    }
    Inlet
    {
        type            zeroGradient;
    }
    Outlet
    {
        type            fixedValue;
        value           uniform 0;
    }
    Empty
    {
        type            empty;
    }
}


// ************************************************************************* //
