/*--------------------------------*- C++ -*----------------------------------*\
| =========                 |                                                 |
| \\      /  F ield         | OpenFOAM: The Open Source CFD Toolbox           |
|  \\    /   O peration     | Version:  2312                                  |
|   \\  /    A nd           | Website:  www.openfoam.com                      |
|    \\/     M anipulation  |                                                 |
\*---------------------------------------------------------------------------*/
FoamFile
{
    version     2.0;
    format      ascii;
    arch        "LSB;label=32;scalar=64";
    class       vectorField;
    location    "1.2/lagrangian/kinematicCloud";
    object      U;
}
// * * * * * * * * * * * * * * * * * * * * * * * * * * * * * * * * * * * * * //


150
(
(-0.0496897 0.00895316 -0.0110585)
(3.08382 0.868904 0.00240291)
(3.03532 0.865063 -0.000452065)
(3.08382 0.868904 0.00240291)
(3.08382 0.868904 0.00240291)
(3.05367 0.8985 0.116904)
(2.62721 0.782315 -0.00360759)
(2.86589 0.825698 0.0322632)
(3.39407 0.986311 0.0975303)
(2.53451 0.765611 0.146033)
(3.47236 0.989709 -0.0961704)
(3.39407 0.986311 0.0975303)
(2.62721 0.782315 -0.00360759)
(2.57341 0.76625 -0.147798)
(2.48024 0.722511 -0.121249)
(2.44064 0.721575 0.118943)
(3.08412 0.913174 0.119121)
(3.08511 0.896168 -0.119201)
(3.00419 0.86867 0.1286)
(1.48111 0.623674 -0.0154802)
(1.93602 0.611243 -0.17695)
(2.62458 0.767565 -0.153979)
(1.79047 0.559946 0.133205)
(1.57188 0.622699 0.00358008)
(1.42445 0.543303 -0.00350213)
(1.48111 0.623674 -0.0154802)
(1.20089 0.450653 -0.194147)
(1.35764 0.538129 -0.0102785)
(1.35764 0.538129 -0.0102785)
(1.69968 0.297133 -0.111284)
(1.57188 0.622699 0.00358008)
(1.35764 0.538129 -0.0102785)
(0.345166 0.325191 0.130167)
(0.55505 0.506536 -0.127032)
(1.42445 0.543303 -0.00350213)
(1.17392 0.350464 -0.200287)
(1.1272 0.34654 0.200936)
(1.10363 0.157238 0.133521)
(0.675267 0.407427 -0.0248125)
(0.168807 -0.0311109 -0.056839)
(0.0308674 -0.0332034 -0.042147)
(0.675267 0.407427 -0.0248125)
(0.742648 0.410111 0.0115497)
(0.200409 0.29255 -0.0354318)
(0.39533 0.322405 -0.140366)
(-0.166823 -0.0502677 0.0929389)
(-0.497138 0.0870772 0.0305262)
(0.675267 0.407427 -0.0248125)
(0.675267 0.407427 -0.0248125)
(0.0436247 -0.0409904 0.0980978)
(-0.175619 -0.0506921 -0.0981298)
(1.44477 0.279082 -0.162848)
(0.675267 0.407427 -0.0248125)
(0.39533 0.322405 -0.140366)
(0.202118 -0.012852 0.0188164)
(1.44477 0.279082 -0.162848)
(0.742648 0.410111 0.0115497)
(2.59185 2.44568 -0.365433)
(-0.136025 0.0165439 -0.159548)
(2.04348 0.427511 -0.294384)
(1.79731 -0.67168 0.872989)
(0.146483 -0.551668 -0.334468)
(1.13956 -1.03414 0.121606)
(0.092549 0.0240488 -0.00249777)
(4.33466 2.44482 0.0205041)
(0.632077 0.626401 0.0103118)
(3.56586 0.693845 -0.0064173)
(3.58589 0.716283 0.00612235)
(3.56586 0.693845 -0.0064173)
(3.56586 0.693845 -0.0064173)
(3.58589 0.716283 0.00612235)
(3.58589 0.716283 0.00612235)
(3.7639 0.891782 -0.0207201)
(3.91892 1.02503 -0.0409282)
(3.87406 0.963702 -0.0263459)
(3.78119 0.908185 0.0164257)
(3.58589 0.716283 0.00612235)
(3.7839 0.820644 -0.126241)
(3.66466 0.750229 0.127075)
(3.63207 0.717382 -0.133156)
(3.9216 1.03923 0.0349945)
(3.78119 0.908185 0.0164257)
(3.7639 0.891782 -0.0207201)
(3.60351 0.778819 8.82098e-05)
(3.85862 0.911149 0.10014)
(3.63718 0.934155 0.00825514)
(3.9216 1.03923 0.0349945)
(3.3581 0.549115 -0.00153572)
(3.82702 0.926292 -0.08262)
(3.87161 1.0638 0.0515901)
(3.38768 0.573986 -0.00517381)
(3.61405 0.940502 -0.00179361)
(3.61106 0.762768 -0.0169242)
(3.4323 0.602471 -0.117547)
(3.4323 0.602471 -0.117547)
(3.24468 0.473578 0.0700775)
(3.08332 0.359124 0.0124829)
(3.84138 1.06108 0.0533799)
(3.38531 0.922709 -0.00278464)
(3.19656 0.43954 -0.0722903)
(3.24468 0.473578 0.0700775)
(3.67119 0.927455 -0.0608034)
(3.71696 1.04984 0.0707996)
(3.24468 0.473578 0.0700775)
(3.24468 0.473578 0.0700775)
(3.19656 0.43954 -0.0722903)
(3.09949 0.461955 0.0620623)
(3.24468 0.473578 0.0700775)
(3.67119 0.927455 -0.0608034)
(3.70436 1.07954 0.0611714)
(3.67119 0.927455 -0.0608034)
(3.8209 1.07943 -0.048701)
(2.99261 0.346712 0.0222988)
(1.95481 -0.253023 -0.0749814)
(3.11957 0.383796 -0.0286491)
(3.26091 0.71872 0.209418)
(3.67045 1.03611 0.0680157)
(3.8209 1.07943 -0.048701)
(3.5058 0.848425 -0.198983)
(1.93097 0.0446442 0.328597)
(2.72453 0.155732 -0.048926)
(2.75301 0.134047 -0.0497596)
(2.75301 0.134047 -0.0497596)
(2.57007 0.078133 -0.0772145)
(1.73415 -0.0218478 -0.32839)
(2.59661 0.0650433 -0.0768029)
(3.11957 0.383796 -0.0286491)
(2.57007 0.078133 -0.0772145)
(3.08332 0.359124 0.0124829)
(2.24759 0.336761 0.36294)
(2.20843 0.271506 -0.347091)
(2.04229 0.117642 -0.319552)
(2.59661 0.0650433 -0.0768029)
(3.11957 0.383796 -0.0286491)
(1.7437 -0.027072 0.331133)
(2.57007 0.078133 -0.0772145)
(1.73415 -0.0218478 -0.32839)
(2.60846 -0.089587 0.0636246)
(2.60846 -0.089587 0.0636246)
(2.59661 0.0650433 -0.0768029)
(2.59661 0.0650433 -0.0768029)
(1.85851 -0.343328 0.0833187)
(2.41055 -0.155357 0.0600797)
(2.0264 -0.328647 0.0785108)
(2.0264 -0.328647 0.0785108)
(2.4719 -0.130709 -0.077171)
(2.55577 0.051292 0.0408763)
(3.61405 0.940502 -0.00179361)
(1.85851 -0.343328 0.0833187)
(1.30133 0.382148 0.0572514)
)


// ************************************************************************* //
