/*--------------------------------*- C++ -*----------------------------------*\
| =========                 |                                                 |
| \\      /  F ield         | OpenFOAM: The Open Source CFD Toolbox           |
|  \\    /   O peration     | Version:  2312                                  |
|   \\  /    A nd           | Website:  www.openfoam.com                      |
|    \\/     M anipulation  |                                                 |
\*---------------------------------------------------------------------------*/
FoamFile
{
    version     2.0;
    format      ascii;
    arch        "LSB;label=32;scalar=64";
    class       volScalarField;
    location    "8.2";
    object      p;
}
// * * * * * * * * * * * * * * * * * * * * * * * * * * * * * * * * * * * * * //

dimensions      [0 2 -2 0 0 0 0];

internalField   nonuniform List<scalar> 
2958
(
-1.91027e+23
9.28982e+18
1.07015e+19
-6.3257e+22
9.18216e+18
1.07457e+19
9.0342e+20
-1.66492e+20
9.58398e+18
-1.64934e+20
-2.83704e+21
-4.40659e+24
-1.2775e+21
-4.41377e+24
-6.21049e+19
-9.06539e+22
9.20359e+18
-1.80106e+21
-4.41879e+24
-4.7322e+24
-4.3863e+24
9.76502e+18
-4.31814e+24
-4.78736e+18
-1.43018e+21
2.98683e+20
9.83857e+18
-8.70091e+20
-6.37811e+23
-3.40904e+21
1.92299e+21
8.37391e+18
-3.8488e+24
9.99654e+18
-5.15779e+19
3.10133e+20
-4.33758e+24
-4.31992e+24
-3.24893e+23
-2.39045e+17
6.54856e+20
3.97791e+20
1.06834e+21
6.74296e+22
-4.40408e+24
9.50252e+18
-1.29751e+21
8.51885e+18
-6.36163e+22
-1.84837e+24
-9.8815e+22
9.26789e+18
-1.38645e+19
-1.2814e+21
-1.07467e+23
-3.66548e+17
-1.83976e+21
-1.18834e+19
-4.32597e+22
6.62912e+20
-8.73856e+22
-1.84109e+23
4.7051e+20
-3.21501e+21
-4.40581e+24
-4.41792e+24
-1.18844e+21
9.37581e+18
-1.37085e+24
-2.1562e+23
9.2558e+18
-4.40814e+24
1.37819e+19
-3.28334e+22
-4.42442e+24
-1.01088e+21
-9.23794e+22
5.39896e+20
-4.30847e+24
-1.14476e+23
-1.34898e+21
9.5308e+18
-7.73726e+20
-7.77202e+20
9.68589e+22
-1.15259e+21
9.37982e+18
-1.18854e+21
9.27884e+18
-3.78516e+24
8.24033e+19
6.63258e+18
-3.39063e+20
-4.41975e+24
8.01163e+18
1.79525e+19
-8.73453e+22
-7.26344e+22
-4.41249e+24
-4.40882e+24
-6.29687e+22
-7.93301e+22
1.22294e+19
9.24983e+18
-4.25475e+24
-1.06801e+24
-4.40788e+24
-6.45008e+22
-4.40704e+24
1.8306e+19
-5.62754e+22
-1.18842e+23
-4.4234e+24
-7.61245e+20
-4.41338e+24
-4.41795e+24
-8.69479e+20
-1.17871e+23
9.35086e+18
-9.56281e+22
-1.85628e+23
-4.4064e+24
-3.18454e+20
2.86755e+18
-5.71572e+22
-8.42744e+22
-9.58278e+22
9.21083e+18
-1.09449e+23
-4.4243e+24
-4.43686e+24
-4.48491e+24
-1.16505e+23
-4.40836e+24
-4.52121e+24
-4.41057e+24
-6.5509e+20
3.73188e+24
-4.40731e+24
-4.41229e+24
-4.275e+23
9.68115e+18
-4.36613e+24
-4.41721e+24
-8.82643e+22
9.15306e+18
-4.42545e+24
-4.39846e+24
8.82696e+18
-4.4062e+24
-4.71768e+24
-8.77731e+22
-4.85221e+20
-1.59829e+24
-3.11246e+21
-4.56493e+24
-4.13516e+24
-1.07497e+23
1.24342e+21
-9.44856e+17
-3.14914e+21
-3.95089e+20
-6.64269e+21
-4.40547e+24
2.1651e+18
-2.32616e+23
-2.80135e+24
-4.41481e+24
3.97681e+18
1.01497e+19
6.77704e+18
-4.40797e+24
-4.33982e+24
9.21e+18
-4.30869e+24
9.74686e+18
9.54004e+18
1.11702e+19
-2.08555e+24
-1.37104e+24
-2.60587e+24
9.18964e+18
-1.95152e+21
-6.19428e+22
9.27195e+18
9.34781e+18
1.06604e+19
-4.407e+24
9.7642e+18
-5.9781e+22
9.19971e+18
8.65008e+18
1.03906e+19
1.87303e+18
9.35272e+18
-6.2878e+23
9.30127e+18
7.18259e+18
-5.35343e+22
3.36713e+18
-4.67543e+19
-4.40837e+24
-2.45189e+23
1.08866e+19
2.34703e+19
6.11436e+20
-3.23159e+23
6.18162e+20
9.37941e+18
-6.3604e+22
-4.41402e+24
-3.78482e+24
-4.45134e+24
9.29609e+18
-4.4293e+24
9.95763e+18
-2.9955e+21
-4.41205e+24
-4.41242e+24
-4.41354e+24
-4.41561e+24
9.25624e+18
1.43941e+21
9.35418e+18
-5.8532e+22
-1.0111e+23
-8.57989e+20
-4.41248e+24
9.52314e+18
1.1847e+19
8.10897e+18
8.69254e+18
9.31281e+18
9.30767e+18
-6.34222e+23
-4.41572e+24
-4.42456e+24
-9.50841e+22
-4.42461e+24
-7.10668e+22
-4.41874e+24
-7.12705e+22
-8.85402e+22
-8.39093e+20
1.30464e+22
4.25672e+20
-7.64138e+19
-8.08844e+20
-2.18877e+21
-1.92342e+22
-3.16215e+20
-1.0476e+20
-3.82091e+21
1.30568e+19
-6.7389e+22
9.53862e+18
-2.86828e+22
8.92587e+18
-1.15214e+22
9.5773e+18
-9.13532e+22
-4.24996e+24
8.71505e+18
6.60001e+20
-3.13765e+24
-8.00731e+20
-1.78195e+20
-2.4193e+22
-2.65527e+24
-4.20552e+24
-4.33215e+24
9.33503e+18
-2.62194e+22
-4.33779e+24
9.28947e+18
-2.61231e+22
-4.41589e+24
9.17234e+18
-4.39348e+24
9.34562e+18
-4.40694e+24
-4.42543e+24
-3.1368e+24
-8.10866e+20
1.22143e+19
-4.40936e+24
-1.5705e+24
-8.53349e+22
-6.08108e+22
-4.94857e+21
-4.79012e+18
8.86611e+18
-4.41457e+24
-4.401e+24
-1.62631e+21
9.96995e+18
-4.41222e+24
-9.12596e+22
-4.41246e+24
-1.9712e+21
-2.27589e+21
9.11267e+18
8.9839e+18
1.00566e+19
-8.87256e+22
7.31764e+18
-5.41661e+22
-4.24993e+24
-2.48236e+21
-8.58139e+22
-4.41357e+24
-8.94763e+22
-9.36964e+22
-4.41566e+24
9.36226e+18
-5.85579e+22
9.01856e+18
1.53555e+21
9.38831e+18
-2.4746e+22
9.1446e+18
9.33016e+18
-7.7969e+21
9.25333e+18
1.01073e+19
-4.20539e+24
-1.21503e+23
-4.2928e+24
-6.13753e+22
8.76234e+20
9.30257e+18
-1.92716e+21
-4.37813e+24
-4.40852e+24
9.99898e+18
-4.40789e+24
-6.86371e+22
6.18554e+20
-6.86574e+22
-4.41216e+24
-1.31863e+21
8.93459e+18
9.00476e+18
9.25802e+18
-4.40778e+24
7.92566e+18
-4.40778e+24
-4.23038e+18
-1.07041e+23
-8.72696e+22
-8.35704e+18
-1.63544e+18
6.73322e+18
-7.8082e+22
7.69698e+18
-1.14994e+22
-4.41353e+24
-1.23546e+22
9.76344e+18
1.18129e+23
8.70478e+20
-1.02585e+23
-6.32701e+22
-1.80797e+24
-3.85784e+21
6.96967e+18
1.35141e+21
-8.53102e+22
-8.52352e+22
8.29853e+18
2.44743e+18
9.1358e+18
-4.41348e+24
-6.67179e+22
-7.09094e+21
1.17736e+19
-1.08945e+23
1.37546e+18
9.06898e+18
9.31873e+18
-8.97872e+22
-4.73166e+20
-4.43062e+24
-1.02542e+22
9.5789e+18
-4.16783e+24
-2.404e+22
7.09609e+18
-3.97583e+24
-4.47228e+24
-1.56582e+20
-4.41098e+24
1.90469e+23
9.28936e+18
-8.28633e+22
-7.18219e+22
8.7631e+20
-4.41392e+24
-4.43213e+24
8.81977e+18
2.02155e+23
-2.57763e+22
9.28225e+18
-6.12017e+22
-1.08421e+23
-8.84942e+22
9.08535e+18
-1.29849e+21
-9.55073e+22
-1.07036e+23
-1.91416e+23
-1.47206e+21
-3.74133e+21
1.3228e+19
7.23794e+18
8.71506e+18
9.14479e+18
2.4876e+19
7.0233e+22
6.91544e+22
-4.40417e+24
5.30028e+20
8.90516e+18
4.66889e+20
-4.09876e+20
-3.97379e+24
8.43697e+18
-4.13343e+20
-9.81906e+22
9.21317e+18
9.1331e+18
-1.28894e+23
1.37715e+19
-5.31975e+17
4.9118e+17
9.30003e+18
8.95135e+18
2.96141e+18
-8.92944e+22
-4.39607e+24
9.21902e+18
9.25121e+18
-1.0085e+23
-1.79891e+23
1.03663e+19
-3.92917e+24
-4.28712e+24
9.50839e+18
-4.43805e+24
9.39739e+18
-4.2993e+24
8.84086e+18
-9.16526e+19
9.11162e+18
-8.96161e+22
-7.5523e+22
-4.41478e+24
-2.23979e+22
9.48653e+18
-4.41326e+24
9.50863e+18
-5.97719e+22
-1.12893e+23
-2.52724e+21
-1.06502e+22
2.03071e+21
1.04171e+19
-1.45696e+21
-1.54077e+22
-7.24966e+23
-2.4977e+21
-4.4066e+24
-2.19334e+21
9.44803e+18
-4.90999e+21
9.26723e+18
-3.32305e+20
9.2805e+18
9.99668e+18
-8.80081e+20
-1.76168e+21
1.04264e+19
-4.4061e+24
-2.60593e+24
1.04872e+19
-1.15429e+22
-3.02481e+21
-4.46442e+20
1.56452e+19
-1.22717e+23
9.47179e+18
7.79773e+18
-6.32846e+22
7.95513e+21
9.42024e+18
-9.20202e+22
-1.82569e+21
-4.41758e+24
-4.42009e+24
-4.42502e+24
9.41697e+18
-4.41774e+24
-4.4059e+24
-8.94552e+22
-4.89316e+19
-4.41587e+24
-5.42072e+22
7.57181e+18
-7.90756e+22
-8.74032e+22
-4.41644e+24
-4.41761e+24
-5.80331e+22
-4.41877e+24
-1.18692e+23
-1.15734e+23
1.68834e+19
-7.30474e+23
9.34113e+18
-8.86312e+22
-3.40133e+24
9.30981e+18
2.46205e+23
1.2247e+19
-8.65443e+22
-6.32261e+22
7.342e+18
-4.25043e+24
-8.75715e+20
-8.08018e+22
-9.10513e+20
-3.78387e+24
1.16769e+19
-4.44477e+24
-6.27451e+23
1.47185e+21
8.70532e+18
9.33935e+18
-8.88303e+22
-1.45628e+21
-3.59279e+23
-3.03223e+21
-4.40703e+24
-7.54354e+22
-4.42648e+24
-6.27508e+23
-8.88733e+20
-4.31559e+24
-4.41465e+24
1.12261e+19
-4.42064e+24
-4.41614e+24
9.18888e+18
-1.94844e+23
1.19553e+19
-8.53821e+21
-3.58029e+23
-1.13905e+23
-5.31616e+20
-6.93042e+23
-1.81424e+22
9.08082e+18
-8.03111e+22
1.15604e+23
-1.03368e+23
-1.06459e+23
-4.4081e+24
-9.04425e+21
-7.07327e+22
-1.05034e+23
-1.96106e+23
-1.92667e+22
-4.41366e+24
-4.41848e+24
-4.42277e+24
7.36481e+18
-4.41883e+24
-3.14279e+24
-4.38884e+24
-5.46198e+21
9.20196e+18
9.33492e+18
-1.25816e+21
9.2321e+18
-8.88493e+22
-4.32531e+24
-4.42855e+24
-4.4162e+24
9.24755e+18
-2.15499e+21
-4.41281e+24
-4.41304e+24
-1.03799e+20
-8.50488e+23
-3.97465e+24
-3.42505e+23
-1.25421e+23
-3.9889e+23
1.29696e+22
-3.01304e+24
-4.37939e+24
5.08906e+21
-4.17243e+24
-8.95246e+22
1.2173e+19
-1.02342e+23
-6.01684e+23
-2.16034e+23
-4.00922e+24
-4.40814e+24
-8.74098e+22
-1.85031e+24
-4.3977e+24
-4.41214e+24
-8.82724e+22
1.59833e+18
3.08165e+20
9.03788e+18
-4.40392e+24
5.50969e+20
-8.28082e+22
-8.52485e+22
-3.58748e+23
9.52893e+18
-9.24964e+21
-4.42529e+24
9.43677e+18
-5.82597e+21
-4.48793e+21
-4.41176e+24
-9.58736e+22
-4.41143e+24
9.27045e+18
-4.41295e+24
2.75271e+23
-1.03501e+22
-4.34041e+24
9.43429e+18
-3.22494e+23
1.01056e+21
-4.42618e+24
-1.24906e+23
-7.27906e+23
-4.33919e+24
1.45839e+22
-6.02027e+23
9.03717e+18
-4.48521e+24
-1.1368e+22
-4.41436e+24
-4.4019e+24
-1.83604e+23
-4.65002e+23
9.86289e+18
-3.32819e+21
9.11069e+18
9.30331e+18
-4.00982e+24
9.4533e+18
9.30123e+18
8.84922e+18
-4.01129e+24
-4.43874e+24
-4.43077e+24
-3.00853e+24
-4.42808e+24
9.19073e+18
-4.42496e+24
-8.61678e+22
-4.48031e+20
8.34876e+18
9.09942e+18
3.19514e+19
-6.07633e+22
1.51227e+19
9.27279e+18
-1.09925e+23
5.54318e+20
-4.48545e+24
-4.41584e+24
9.33603e+18
3.21708e+18
-4.41612e+24
8.46376e+18
-4.40978e+24
9.46008e+18
9.61323e+18
-1.05007e+23
-8.88393e+22
9.10298e+18
-2.64821e+24
9.50681e+18
-8.56527e+22
-8.878e+22
-1.62536e+23
-3.97474e+24
-1.39675e+19
-1.14772e+23
-8.87793e+22
-4.40126e+24
-4.43829e+24
-8.73564e+22
-1.04495e+22
2.65073e+20
-8.88544e+22
-1.03188e+21
9.45883e+18
-6.14622e+22
2.88599e+18
9.17907e+18
8.86298e+18
9.26815e+18
9.27897e+18
1.05216e+23
-1.07078e+23
-7.23394e+20
-3.26798e+20
-1.10996e+23
2.19237e+18
9.30113e+18
-1.22649e+24
-4.59447e+24
9.22893e+18
-3.11163e+23
-4.42017e+24
9.54572e+18
-4.40835e+24
-5.92666e+22
1.53335e+21
-5.44055e+24
-6.04626e+22
-5.62196e+22
3.19716e+20
9.11643e+18
-3.31063e+24
-4.0262e+19
-1.24921e+23
-1.60088e+23
-4.38582e+24
3.81463e+20
-1.14097e+23
3.98925e+20
-5.96337e+22
-5.43646e+21
-2.06782e+22
-3.97467e+24
-8.13661e+22
2.82645e+20
1.12256e+19
-7.9114e+22
-7.2618e+22
-2.6049e+24
-4.40554e+24
-6.30361e+22
5.43996e+20
5.46638e+20
-1.69382e+21
9.32053e+22
-7.28004e+23
-9.0467e+22
-4.42632e+24
-4.41886e+24
-4.41594e+24
-8.13393e+22
9.23742e+18
-4.41271e+24
-1.25701e+23
-4.41216e+24
-8.13643e+22
-4.37257e+24
-4.46129e+24
9.37752e+18
6.13786e+20
-8.9303e+22
-4.4118e+24
-4.4135e+24
-4.27653e+23
-4.70761e+24
-4.40991e+24
-4.41309e+24
9.23422e+18
-4.40916e+24
-8.51279e+22
-8.72971e+22
-4.42739e+24
1.32206e+19
6.33389e+23
-4.44922e+24
9.14854e+18
-2.95733e+22
-1.76756e+22
-1.50207e+23
-9.16977e+22
-1.8306e+21
-1.37075e+24
9.28906e+18
-3.9758e+24
-9.39589e+21
5.58089e+20
-1.14981e+23
9.53856e+18
-4.29816e+24
-9.66809e+22
-6.32381e+22
-1.43577e+21
-4.2591e+23
3.85638e+24
-7.83882e+20
9.26214e+18
-6.92779e+23
8.98257e+18
1.59201e+21
-3.11828e+21
-4.4129e+24
-5.04472e+20
-8.79085e+22
9.23586e+18
-1.55875e+21
-6.89689e+22
-6.13396e+22
-1.01707e+21
-9.06875e+22
-1.59499e+21
5.22464e+20
-5.28777e+21
9.93574e+18
-8.73328e+22
-8.83912e+22
9.86871e+18
-8.04019e+19
8.35463e+18
-9.1811e+20
-8.70973e+22
-5.62684e+22
-4.22503e+22
8.98739e+18
-7.85972e+20
-4.41062e+24
-1.09026e+18
-8.62489e+20
-8.7952e+22
-6.78881e+21
-4.40129e+24
-4.35802e+24
-4.38067e+24
-9.05344e+22
-9.48848e+21
-8.18477e+23
-9.48778e+20
3.23011e+18
1.03136e+23
3.95251e+24
-2.98541e+19
9.62942e+18
9.12752e+18
-1.00574e+21
9.24555e+18
-4.40775e+24
-8.04583e+20
-9.96271e+20
9.35124e+18
8.84885e+18
-4.41391e+19
-7.92414e+22
-5.97927e+22
-8.1878e+23
9.3857e+18
-1.73504e+19
-4.49324e+24
-3.33442e+20
-3.16874e+19
-4.40457e+24
9.06005e+18
-6.14941e+22
-5.42278e+22
1.20425e+19
8.50388e+18
-4.41652e+24
-4.35785e+24
-3.89166e+21
-4.41737e+24
-4.41728e+24
-4.41282e+24
6.98044e+18
-7.97438e+22
-1.85072e+24
9.20974e+18
-2.08676e+24
-9.44506e+22
9.39543e+18
-6.07859e+22
-9.89471e+22
9.23541e+18
-4.41057e+24
9.2184e+18
-1.02854e+20
-1.93936e+21
-8.53752e+20
9.33839e+18
8.49699e+17
9.54243e+18
-5.95995e+22
-4.41795e+24
-1.70803e+19
8.84618e+18
8.92261e+18
9.27121e+18
7.3939e+18
9.03868e+18
-4.44451e+24
-1.25464e+21
9.22978e+18
-2.12061e+20
7.91278e+18
-3.45693e+19
6.83772e+18
1.90146e+18
-3.40071e+24
9.33211e+18
-2.21767e+21
6.74556e+18
7.1976e+18
1.17812e+19
-1.13367e+22
-1.53703e+21
9.37235e+18
1.08777e+19
-6.02556e+20
9.33406e+18
9.08073e+18
9.51155e+18
-3.57648e+19
9.53076e+18
-6.70383e+22
-2.32219e+21
8.99483e+18
-1.02703e+22
9.30113e+18
-8.22061e+20
9.35201e+18
-8.15826e+20
8.47091e+18
-4.41702e+24
-1.1744e+23
-3.00689e+24
9.16562e+18
-7.55251e+22
-2.85385e+21
-4.26876e+23
9.35029e+18
-1.52532e+19
8.519e+18
-1.60211e+23
-6.1647e+22
4.5976e+18
9.353e+18
-1.60217e+23
-3.34903e+20
1.7508e+21
-4.40944e+24
-4.41775e+24
9.13269e+18
9.76658e+18
1.30261e+19
-4.40934e+24
-9.03678e+22
-4.00445e+23
9.10837e+18
-2.04589e+22
-7.55165e+22
9.09516e+18
-7.89377e+20
-6.12579e+22
-4.42062e+24
9.75333e+18
-4.41103e+24
-1.03374e+22
5.47991e+20
-1.92067e+20
5.73613e+20
-4.4987e+24
-1.27661e+21
-4.40823e+24
-2.65178e+24
1.96156e+19
9.36085e+18
-3.78626e+21
-3.83319e+22
9.54745e+18
7.47921e+18
9.41965e+18
-8.04842e+20
-2.70201e+22
9.99122e+18
8.5819e+18
-8.12118e+22
-9.17778e+20
9.49124e+18
8.84282e+18
1.17108e+19
9.46058e+18
9.09155e+18
1.51502e+19
-5.32846e+21
8.68071e+18
-8.77372e+22
-8.33471e+22
-8.75657e+22
1.64656e+23
-4.36636e+24
8.71344e+20
9.35578e+18
-4.51258e+24
-6.13859e+22
8.65066e+18
5.96986e+23
-4.4085e+24
-1.35043e+19
-3.12192e+23
-3.30945e+24
-5.86464e+21
-1.34899e+20
-6.12741e+22
-7.82751e+20
8.86338e+18
1.76442e+23
-1.19018e+23
-1.08681e+23
7.27251e+18
-6.31189e+22
-4.43193e+24
-8.18087e+23
1.28055e+19
-1.20424e+23
-4.41831e+24
-4.41582e+24
-5.55784e+21
-4.40996e+24
-4.41352e+24
-3.92965e+24
-9.06469e+22
-3.31574e+23
-4.41857e+24
-4.40842e+24
9.42644e+18
-4.205e+24
-1.0921e+23
-1.20689e+22
-5.85133e+22
-4.41608e+24
-2.28147e+21
-6.5598e+22
-7.08338e+23
9.40094e+18
-4.13876e+24
-8.85846e+22
-4.41607e+24
-1.00097e+23
-4.40843e+24
-4.42904e+24
-4.41937e+24
-2.16595e+23
8.3943e+21
-3.97469e+24
-9.6224e+20
-1.1398e+21
7.35804e+18
-2.21537e+22
2.39271e+18
9.2813e+18
-4.41083e+24
9.32222e+18
-4.43523e+24
-6.20497e+22
-8.52195e+22
-4.41824e+24
-8.34457e+18
-1.18786e+20
-6.44992e+22
1.38669e+19
-1.43761e+19
-8.87223e+20
-2.65464e+24
8.86529e+18
-9.58525e+22
-4.3376e+24
-2.02663e+21
9.00032e+18
-4.50107e+21
-5.49356e+21
-4.2629e+19
-3.30155e+21
-1.80682e+24
2.33756e+18
-1.05573e+20
-4.40823e+24
8.70496e+20
9.32624e+18
-5.61221e+22
1.51936e+19
-4.58093e+21
9.4508e+18
9.30235e+18
-4.41085e+24
9.49923e+18
-7.05288e+19
9.07631e+18
-4.59291e+24
-9.25491e+18
-4.40855e+24
-4.4152e+24
-4.409e+24
-4.40777e+24
6.54486e+18
7.72986e+18
9.76419e+18
-8.96467e+22
9.44199e+18
8.806e+18
9.39584e+18
9.22824e+18
9.32167e+18
8.90785e+18
-1.84249e+21
-2.69912e+21
-8.68189e+22
-1.97324e+21
9.34236e+18
9.37659e+18
9.1835e+18
-4.42672e+24
-7.08695e+23
-6.63447e+19
9.31745e+18
-6.61929e+17
2.62162e+20
-3.43653e+23
-1.59824e+22
-4.41829e+24
-4.43532e+24
-1.63779e+23
-4.35734e+24
1.18752e+23
-3.78824e+19
-6.95713e+21
-1.21414e+20
-4.26415e+19
-1.12578e+23
1.06188e+19
-6.96908e+22
-4.46266e+24
-2.86609e+19
-3.94145e+18
6.48626e+18
-7.34316e+18
-6.47542e+22
-1.04811e+22
-1.33628e+20
-1.06489e+23
-4.39416e+24
4.45544e+20
-5.43942e+18
-3.35011e+19
8.88163e+18
-1.08391e+23
-6.54779e+22
-7.24548e+23
-1.12934e+23
-1.22631e+24
8.81213e+18
-4.42102e+24
-8.89795e+22
-1.22651e+24
-1.67334e+19
-4.43818e+24
-4.45916e+24
-1.13525e+23
-1.62958e+22
-3.63985e+20
-2.6348e+22
3.12926e+20
1.47763e+19
-4.41003e+24
-3.89715e+20
-7.08782e+23
-4.3396e+24
-8.86707e+22
-4.40165e+24
-1.12681e+21
8.91227e+18
-4.40901e+24
-1.05897e+23
-6.65334e+22
-9.75751e+22
-2.25619e+20
-3.45109e+20
-4.36944e+24
-1.01271e+23
-4.41081e+24
-2.81378e+22
-2.46763e+19
-6.22183e+22
-7.82703e+20
-4.38388e+24
1.20311e+19
-9.43621e+22
-6.28182e+22
-4.39004e+24
-4.18801e+19
-3.10881e+20
-9.30102e+22
-4.31708e+24
-1.16871e+21
7.75124e+18
-4.98272e+22
1.52449e+18
-8.12438e+20
-9.12524e+22
-3.51983e+21
-1.38526e+21
-4.41638e+24
3.53452e+18
-3.82697e+21
-4.18744e+20
-1.14938e+23
-3.31353e+21
8.7905e+18
9.35754e+18
-4.28866e+24
-3.27544e+21
1.27724e+19
-4.431e+24
-1.07969e+23
-4.36577e+24
-1.19434e+20
-4.43902e+24
9.34784e+18
9.3272e+18
2.77622e+20
8.51497e+18
-4.3049e+17
-4.40147e+24
9.20027e+18
-5.13641e+21
-8.07822e+20
-1.4743e+20
9.20521e+18
-9.61295e+22
-1.95757e+21
-4.42794e+24
-4.41807e+24
1.50323e+20
1.95984e+20
-4.41758e+24
-4.32066e+24
9.52393e+18
-2.45582e+22
1.06021e+19
9.21253e+18
2.66141e+18
9.69111e+18
-1.74441e+19
-1.15427e+23
1.06246e+19
9.36844e+18
-1.19796e+22
-7.78466e+17
-9.80284e+22
-2.7933e+21
8.95283e+18
3.57477e+18
6.75936e+18
-4.51123e+21
-9.17584e+22
-4.46065e+19
9.18246e+18
9.26794e+18
9.46906e+18
9.53249e+18
5.31497e+20
9.74057e+18
-6.275e+22
9.38033e+18
-3.37764e+23
8.95226e+18
2.07726e+23
-6.35587e+22
9.01937e+18
1.55545e+22
-4.47081e+24
9.36913e+18
-2.05717e+22
-4.41345e+24
-2.74166e+21
-1.09799e+21
-1.02815e+21
-2.71686e+21
9.51449e+18
-2.19191e+21
9.5226e+18
9.39027e+18
-4.01118e+21
-1.20426e+21
9.12829e+18
-1.04806e+23
-8.84576e+22
1.27186e+19
-8.86816e+22
9.30735e+18
-4.41417e+24
3.72434e+18
-6.92875e+22
-4.41797e+24
-7.62838e+22
-3.52216e+21
9.28472e+18
-9.90883e+22
-9.21182e+20
-8.94302e+20
8.89465e+18
-2.94655e+24
-8.64863e+22
-8.55604e+20
8.6524e+18
-5.92854e+22
6.55934e+22
-9.30293e+22
-8.3599e+20
1.06642e+19
9.54274e+18
-4.3414e+24
-7.18139e+22
-4.408e+24
-9.1847e+20
-4.40948e+24
-7.1857e+22
-4.40844e+24
-1.21897e+22
1.45321e+19
-3.30864e+24
-4.39766e+24
5.6507e+17
-4.41229e+24
-4.52878e+24
-1.14366e+23
-4.41101e+24
1.00673e+19
-4.32962e+24
5.62199e+23
-4.40808e+24
-1.42199e+19
-6.10371e+22
-2.90229e+22
-4.41552e+24
-1.7429e+20
-1.06083e+24
-6.66133e+22
-4.41748e+24
9.24565e+18
-4.4166e+24
-7.74873e+20
-4.40841e+24
-2.37909e+19
-6.66404e+22
-4.43362e+24
-6.22464e+22
-6.75689e+22
-1.33831e+22
9.18514e+18
-1.05183e+24
9.02836e+18
1.3e+19
-4.44781e+24
-1.311e+20
-4.43377e+24
-4.32062e+24
9.41856e+18
1.16019e+23
-4.52466e+24
-3.05432e+19
-3.8487e+24
-1.19495e+19
-3.32795e+22
9.23138e+18
8.79806e+18
-1.02054e+23
-6.13428e+22
9.15663e+18
-1.54719e+20
9.19864e+18
-4.41524e+24
-4.39909e+24
-2.33087e+20
7.32612e+18
-1.52781e+23
9.13458e+18
-2.23913e+20
-5.46898e+24
-4.39693e+24
9.15768e+18
9.19465e+18
-3.912e+21
8.86989e+18
-3.77054e+20
7.1621e+18
9.07972e+18
-4.13794e+24
-4.4168e+24
-4.41685e+24
1.11986e+21
9.61843e+18
1.04614e+19
-4.84936e+20
-3.15988e+20
-1.32443e+19
-1.83932e+20
-7.70554e+19
-1.27601e+19
2.4259e+18
-4.42603e+24
-6.91748e+23
-1.91699e+22
1.21253e+23
9.29378e+18
1.46262e+19
-4.40917e+24
1.18043e+23
-3.21544e+23
-1.80576e+23
-4.42184e+24
-8.49472e+21
6.93917e+18
-1.64685e+21
-4.4219e+24
7.87893e+17
3.28907e+18
-4.41921e+24
-4.42592e+24
-4.41841e+24
-4.42007e+24
-4.41345e+24
-4.41689e+24
1.0637e+19
-8.36391e+21
-1.76256e+18
-2.03298e+20
-5.08242e+19
8.50157e+19
9.24493e+18
-1.19695e+23
-4.39241e+24
-4.33464e+24
-1.37691e+20
-8.29573e+20
-4.4179e+24
-5.33087e+21
8.35728e+18
-4.41077e+24
-4.45649e+23
-1.50117e+23
8.52869e+18
9.79459e+18
8.84409e+18
3.19335e+20
8.76355e+18
-1.08037e+18
-8.73177e+22
8.61868e+18
1.07342e+23
-4.39779e+24
-4.24759e+24
9.3807e+18
-9.03455e+22
-4.43026e+24
-8.33567e+18
-6.02431e+22
-5.62824e+22
-4.40627e+24
-1.9563e+20
2.18298e+18
9.22353e+18
-8.25073e+22
9.48297e+18
-7.46117e+22
-4.40899e+24
-1.05804e+23
9.18099e+18
3.24854e+18
1.31967e+19
9.47433e+18
1.25523e+18
-4.41234e+24
2.44206e+23
-4.36694e+23
-1.55669e+22
-8.71161e+22
-8.78162e+22
1.532e+19
1.00638e+19
1.00364e+19
1.04171e+19
-9.83931e+21
-8.56163e+22
-1.31691e+23
9.21159e+18
-1.1442e+23
9.25261e+18
-1.2182e+22
-8.77702e+22
-3.52024e+20
-4.32863e+24
-4.41775e+24
8.91226e+18
9.2854e+18
8.72503e+18
-1.08582e+23
1.54958e+19
9.29382e+18
1.37886e+19
8.89182e+18
-4.17157e+24
-2.65269e+24
1.03953e+19
-2.08504e+24
9.15746e+18
-1.08919e+23
-4.33497e+24
-8.86791e+22
-7.53203e+22
-1.80772e+24
1.19956e+19
8.97673e+18
-4.40907e+24
9.30163e+18
1.5341e+19
-1.20453e+22
-1.51611e+20
-8.99049e+20
-4.40634e+24
-1.69636e+22
8.96091e+18
-3.52422e+21
6.03587e+20
2.28316e+23
-4.41023e+24
-7.6633e+22
-4.40809e+24
9.29354e+18
9.27456e+18
9.43484e+18
-4.02712e+21
-1.18549e+23
-1.01569e+22
-4.41931e+24
-8.56151e+23
9.54127e+18
-8.83815e+22
2.6997e+23
-6.18209e+22
2.64845e+23
-6.28655e+23
-1.22204e+23
-8.52801e+23
3.69089e+18
9.19179e+18
7.63442e+21
9.36485e+18
-1.80845e+23
-4.41504e+24
-2.80181e+24
9.51016e+18
-6.98814e+21
7.74135e+18
-2.80226e+24
8.0242e+18
9.18581e+18
1.43359e+19
6.59155e+18
-7.55409e+22
-8.98988e+22
8.98643e+18
-8.62815e+22
-4.4162e+24
-4.41572e+24
-4.41515e+24
-4.41749e+24
-3.1223e+23
-4.41314e+24
-4.40961e+24
-1.24994e+23
-7.26696e+22
-4.41819e+24
-6.13727e+22
-7.98295e+22
-4.42356e+24
-9.51035e+22
-8.09878e+22
-7.80804e+20
-5.85613e+22
7.35754e+18
-7.88841e+22
8.88313e+18
-3.92968e+24
-7.24288e+23
-6.85649e+22
-9.30596e+22
8.89423e+18
-4.41575e+24
-8.96768e+22
-9.51399e+22
-1.27955e+22
-1.66571e+22
-1.92375e+22
-4.41991e+24
-4.50372e+24
-6.882e+21
-4.40787e+24
-4.42729e+24
6.17936e+20
9.56214e+18
-4.41673e+24
-9.82689e+22
-4.41019e+24
-3.6005e+23
-9.72361e+19
-4.41792e+24
-1.22876e+23
9.39372e+18
-4.79913e+18
9.32305e+18
9.48625e+18
9.58777e+18
9.54945e+18
9.36494e+18
1.18483e+19
-9.62025e+22
-7.00231e+18
-1.0759e+23
-3.61502e+20
-4.41729e+24
9.21159e+18
-4.39391e+24
-1.58533e+24
3.00004e+18
-7.97363e+20
-7.87677e+20
-4.24993e+24
1.53899e+21
9.42451e+18
9.28156e+18
-4.18366e+24
-4.16984e+24
-4.19945e+24
-4.38948e+24
-4.39065e+24
-4.39132e+24
-9.1434e+20
-1.18615e+21
9.57379e+20
6.65341e+20
8.13219e+20
6.90928e+20
7.96291e+18
7.83779e+18
7.91396e+18
3.42433e+18
7.7917e+18
7.78654e+18
7.70702e+18
4.98701e+18
4.96328e+18
4.95453e+18
8.82418e+18
7.17151e+18
1.50874e+19
-1.17423e+21
-2.07146e+20
-3.02828e+20
-2.15e+20
-5.04936e+20
-1.05877e+21
-3.51581e+20
-5.44264e+20
-2.04589e+22
-6.00209e+22
-6.06786e+22
-6.10384e+22
9.17781e+18
-4.41556e+24
9.17257e+18
-4.46243e+24
2.60971e+18
9.15867e+18
-4.45779e+24
-4.41493e+24
-4.43056e+24
-4.41556e+24
-4.42284e+24
-4.40608e+24
-4.34096e+24
-4.39104e+24
-4.4058e+24
-4.40799e+24
-4.41065e+24
-4.39888e+24
-4.40101e+24
-4.40692e+24
-4.39946e+24
-4.42876e+24
-4.42947e+24
-4.42418e+24
-4.42221e+24
-4.43207e+24
-4.41606e+24
-4.41229e+24
-4.43055e+24
-4.41556e+24
-3.97291e+24
-3.97496e+24
-5.9612e+22
-5.92528e+22
-6.06251e+22
-6.10706e+22
-6.214e+22
-6.28412e+22
-7.81872e+22
-7.8222e+22
-9.11348e+22
-9.1342e+22
-8.27157e+22
-9.02076e+22
-9.65016e+22
-9.68268e+22
-9.02694e+22
-9.67224e+22
-9.28384e+22
-9.69848e+22
-9.68758e+22
-9.1997e+22
-8.78222e+22
-8.5754e+22
-8.86073e+22
-8.58263e+22
-8.55097e+22
-8.41023e+22
-6.25511e+22
-6.56969e+22
-3.946e+22
-4.82229e+22
-4.05751e+22
-2.63928e+22
-2.35486e+22
-2.30186e+22
-1.14415e+22
-3.93546e+21
-4.29987e+21
-3.12371e+21
-2.91018e+21
-2.70683e+21
-2.51044e+21
-2.25651e+21
-1.5022e+21
-1.37158e+21
-1.5898e+21
-1.51171e+21
-1.34799e+21
-1.51437e+21
-1.2502e+21
-1.25997e+21
-1.25629e+21
-1.06822e+21
-1.06465e+21
-1.11653e+21
-9.25387e+20
-9.78349e+20
-7.86649e+20
-5.29179e+19
-6.74777e+19
-5.27683e+19
-4.3587e+19
-2.64907e+24
3.66546e+18
3.66395e+18
8.8265e+18
8.83423e+18
8.47235e+18
1.02751e+19
1.02937e+19
1.02815e+19
9.84761e+18
1.09112e+19
1.0607e+19
1.42881e+19
1.50744e+19
1.45113e+19
9.58124e+18
9.98747e+18
1.03865e+19
1.03999e+19
1.03643e+19
1.00024e+19
9.97273e+18
9.9342e+18
1.00228e+19
9.95018e+18
9.99035e+18
9.963e+18
9.61851e+18
9.54367e+18
7.28399e+18
9.04511e+18
9.10847e+18
8.7916e+18
8.84536e+18
8.89354e+18
8.85864e+18
9.19622e+18
8.89498e+18
9.58977e+18
1.18459e+19
1.22178e+19
1.21521e+19
1.47222e+19
1.42984e+19
3.70934e+18
1.05442e+19
8.43289e+18
1.26576e+19
4.51365e+18
4.11233e+18
1.27894e+19
1.27633e+19
6.16657e+18
5.76097e+18
5.66503e+18
5.87604e+18
-7.57008e+17
-9.29042e+17
-7.72035e+17
-1.00779e+18
-1.21505e+19
-1.20861e+19
-1.59824e+18
1.29984e+19
-2.15491e+18
1.85067e+19
8.69381e+20
8.68386e+20
7.55119e+20
8.6993e+20
8.75523e+20
7.54702e+20
8.78248e+20
5.33208e+20
6.50036e+20
5.25617e+20
6.50774e+20
6.51812e+20
6.03302e+20
6.55535e+20
6.50855e+20
6.47749e+20
5.9218e+20
3.69262e+20
3.73971e+20
4.47361e+20
4.07508e+20
4.12191e+20
3.86695e+20
1.16967e+21
2.54284e+20
1.38797e+21
1.06731e+21
1.90331e+21
1.70964e+21
1.1763e+21
1.73983e+21
1.92139e+21
6.52409e+20
-1.29994e+21
-5.57214e+20
-2.16353e+21
-7.8138e+20
-6.03936e+20
-1.10628e+21
-1.10604e+21
-4.66791e+21
-2.4343e+21
-1.19052e+21
-4.97137e+21
-3.90091e+21
1.60649e+21
6.75926e+21
9.50028e+21
8.47836e+20
8.49543e+21
6.3217e+22
1.38051e+22
6.79318e+22
-2.95508e+22
2.44308e+23
-4.81028e+23
-5.03183e+23
-4.40145e+23
-5.37442e+23
-4.0286e+23
-2.59494e+23
5.00546e+23
-2.01658e+24
-9.98523e+23
-8.97389e+23
-1.12287e+24
-2.95232e+24
-3.4731e+24
-4.68851e+24
-4.05101e+24
4.58487e+25
-9.43008e+24
-2.80089e+24
4.61488e+25
-4.38078e+24
-4.51754e+24
-4.52846e+24
-4.44615e+24
-4.2765e+24
-4.43557e+24
-4.29507e+24
-4.51455e+24
-4.51228e+24
-4.29697e+24
-4.34475e+24
-4.33947e+24
-4.40752e+24
-4.39259e+24
-4.3939e+24
-4.39171e+24
2.12273e+18
-4.41351e+24
-4.41341e+24
-4.41539e+24
-4.41581e+24
-4.41139e+24
-4.41862e+24
-4.41864e+24
-4.41086e+24
-4.40807e+24
-4.42317e+24
-4.41182e+24
-4.41573e+24
-4.43074e+24
-3.98103e+24
-3.97923e+24
-3.84872e+24
-6.78268e+23
-9.00756e+22
-8.32652e+22
-6.37266e+22
-4.92649e+22
-4.04152e+22
-1.988e+21
-1.15542e+21
-1.07224e+21
-7.1476e+19
-2.10619e+20
-5.33411e+19
3.6647e+18
8.46028e+18
9.85319e+18
8.83878e+18
1.57855e+19
1.52854e+19
1.03412e+19
9.82273e+18
9.93204e+18
6.50112e+18
8.04529e+18
8.83765e+18
8.86685e+18
7.85352e+18
3.20486e+18
1.28199e+19
3.23878e+18
1.30595e+19
1.30734e+19
5.87145e+18
-1.74746e+18
-4.52407e+17
-1.69267e+18
-4.80257e+18
-1.19807e+18
-4.54927e+18
8.73066e+20
8.75737e+20
8.72492e+20
5.28814e+20
5.98742e+20
3.81458e+20
5.90119e+20
6.4695e+20
4.41744e+20
9.49637e+19
3.25113e+20
1.49149e+21
1.60856e+21
1.21765e+21
1.4673e+21
-5.92164e+20
-1.66224e+21
-1.97257e+21
-4.67208e+20
1.82818e+20
8.85424e+21
8.70739e+21
1.12421e+22
1.0252e+22
6.98992e+22
1.0079e+23
6.64768e+22
-4.56333e+23
5.11509e+23
-2.13461e+24
-3.39736e+24
-3.80923e+24
-9.09687e+24
-3.02741e+24
4.58434e+25
-4.5365e+24
-4.41662e+24
-4.34639e+24
-4.36378e+24
-4.42985e+24
-5.6839e+23
-4.42847e+24
-4.39698e+24
-4.39355e+24
-4.34526e+24
-4.39681e+24
-4.42176e+24
-4.41301e+24
-4.41131e+24
-4.41131e+24
-4.41222e+24
-4.4061e+24
-4.40874e+24
-4.40998e+24
-4.41042e+24
-4.40999e+24
-4.40977e+24
-4.40981e+24
-4.4097e+24
-4.41113e+24
-4.41211e+24
-4.41201e+24
-4.41199e+24
-4.41344e+24
-4.41349e+24
-4.41392e+24
-4.41328e+24
-4.41276e+24
-4.41258e+24
-4.4129e+24
-4.41308e+24
-4.41199e+24
-4.41211e+24
-4.41252e+24
-4.41247e+24
-4.4164e+24
-4.42113e+24
-4.4188e+24
-4.42565e+24
-4.426e+24
-4.42597e+24
-4.41632e+24
-4.42324e+24
-4.41217e+24
-1.94564e+23
-1.1496e+23
-8.9442e+22
-9.91464e+22
-9.894e+22
-6.6563e+22
-6.45641e+22
-6.45235e+22
-6.29036e+22
-6.14721e+22
-6.16678e+22
-6.16557e+22
-6.06188e+22
-6.21415e+22
-9.03204e+22
-9.59467e+22
-9.6226e+22
-9.79448e+22
-9.89894e+22
-9.63165e+22
-9.88687e+22
-9.5376e+22
-1.01484e+23
-9.54645e+22
-5.65806e+22
-2.92437e+22
-2.49516e+22
-1.7354e+22
-1.63101e+22
-1.38185e+22
-1.56971e+22
-1.36363e+22
-1.10641e+22
-7.91499e+21
-8.59945e+21
-7.71941e+21
-5.17707e+21
-4.74621e+21
-6.08314e+21
-4.04502e+21
-3.69413e+21
-3.7032e+21
-3.25981e+21
-2.95497e+21
-3.06698e+21
-2.34642e+21
-2.38063e+21
-2.02316e+21
-1.93215e+21
-2.16299e+21
-1.65508e+21
-1.59731e+21
-1.57812e+21
-1.07867e+21
-1.00006e+21
-1.01768e+21
-6.58134e+20
-6.79014e+20
-6.7879e+20
-4.84831e+20
-6.31617e+18
-6.46501e+17
-1.15749e+17
-1.40182e+17
-9.24095e+16
9.35703e+18
9.29131e+18
9.27846e+18
9.49464e+18
9.5447e+18
9.38401e+18
7.77481e+18
9.22268e+18
9.22251e+18
7.99503e+18
8.95146e+18
9.82966e+18
9.74738e+18
8.89122e+18
9.5702e+18
1.00781e+19
9.45586e+18
9.48143e+18
9.4912e+18
9.45472e+18
9.42471e+18
9.48209e+18
9.49723e+18
9.5225e+18
9.95129e+18
9.54434e+18
9.45492e+18
9.46133e+18
8.85714e+18
8.99239e+18
8.96963e+18
8.78567e+18
8.54321e+18
8.94505e+18
9.22547e+18
9.2855e+18
9.23564e+18
9.19334e+18
8.91194e+18
8.94476e+18
9.19307e+18
9.22562e+18
9.2747e+18
9.29176e+18
9.43485e+18
9.3045e+18
9.03559e+18
-2.6485e+24
8.88697e+18
9.15539e+18
9.10041e+18
9.58214e+18
9.22684e+18
7.94152e+18
3.71814e+18
3.59454e+18
4.02391e+18
1.31352e+19
1.27957e+19
1.30227e+19
1.29864e+19
3.31703e+18
3.57025e+18
3.55663e+18
2.84758e+18
3.51466e+18
2.03672e+18
-5.32218e+18
-2.31754e+18
-1.35511e+19
-1.4358e+19
-1.14832e+19
-3.55907e+18
-7.96319e+18
-1.66653e+19
-7.28279e+18
-2.65047e+24
-4.8413e+18
8.70555e+20
7.53649e+20
-3.60846e+23
5.55887e+20
6.1159e+20
5.29094e+20
5.26163e+20
-3.59072e+23
5.57943e+20
5.96107e+20
4.89299e+20
4.37062e+20
2.69731e+20
2.75182e+20
3.1785e+20
4.39333e+20
-1.07028e+20
-1.69423e+20
-5.62046e+20
-5.70794e+20
-5.71239e+20
-4.3144e+20
-4.64331e+20
-4.51292e+20
-3.33134e+20
-4.0256e+20
-3.54315e+20
-3.00195e+20
-3.71194e+20
-5.5259e+20
-4.89556e+20
-9.92574e+20
-1.24853e+21
-1.79495e+21
-2.53811e+21
-2.48491e+21
-3.14431e+21
-2.42055e+21
-2.70612e+21
-2.96074e+21
-3.07451e+21
-4.30049e+21
-3.7684e+21
-3.74937e+21
-5.94962e+21
-9.01364e+21
-7.3362e+21
-1.86549e+22
-1.32076e+22
-3.58341e+23
-1.8706e+22
-4.92618e+22
-6.45535e+22
6.9463e+23
4.83201e+23
6.78071e+23
-4.51178e+24
-4.49807e+24
-4.50636e+24
-4.52095e+24
-4.50322e+24
-4.53185e+24
-4.50097e+24
-3.0993e+24
-9.28604e+24
-4.41893e+24
-3.60283e+23
-4.41771e+24
-4.41561e+24
-4.41897e+24
-4.41852e+24
-4.41565e+24
-4.41868e+24
-4.41914e+24
9.18121e+18
-4.4178e+24
-4.41802e+24
-4.418e+24
-4.41676e+24
-4.41563e+24
-4.41659e+24
-4.41649e+24
-4.41252e+24
-4.41598e+24
-4.41376e+24
-4.41328e+24
-4.41314e+24
-3.04055e+20
9.10686e+18
9.13888e+18
-9.18651e+22
-1.13344e+23
-9.23104e+22
-4.41296e+24
-4.41281e+24
-4.41295e+24
-4.41336e+24
-4.41042e+24
-4.41291e+24
-4.41327e+24
-4.41441e+24
-4.41452e+24
-4.41493e+24
-4.4147e+24
-4.41485e+24
-4.41491e+24
-4.41475e+24
-4.4156e+24
-4.41504e+24
-4.41578e+24
-4.41491e+24
-4.41237e+24
2.93636e+20
-4.41496e+24
-4.41522e+24
-4.41492e+24
-4.41822e+24
-4.42613e+24
-4.42657e+24
-4.42576e+24
-4.42102e+24
-3.97612e+24
-3.40228e+24
-3.41961e+23
-1.81659e+23
-1.61615e+23
-1.61181e+23
-9.83934e+22
-8.72845e+22
-9.08592e+22
-9.1276e+22
-8.76034e+22
-8.03847e+22
-6.60078e+22
-3.10359e+19
4.09699e+17
-7.34625e+18
2.42328e+18
-2.47741e+19
-8.74945e+22
-8.80737e+22
-1.01574e+23
-9.13049e+22
-1.05915e+23
-1.04178e+23
-1.0604e+23
-1.04969e+23
-1.08902e+23
-1.07668e+23
-8.08162e+22
-9.90127e+22
-3.59365e+22
-2.58641e+22
-2.32345e+22
-2.14821e+22
-1.82204e+22
-1.54594e+22
-1.20395e+22
-1.29147e+22
-1.25601e+22
-1.47336e+22
-9.74399e+21
-8.67984e+21
-6.93084e+21
-7.14985e+21
-3.87803e+21
-3.62867e+21
-4.57618e+21
-6.22841e+21
-3.46641e+21
-2.94977e+21
-4.04188e+21
-2.40911e+21
-2.70617e+21
-1.69815e+21
-1.7889e+21
-1.6311e+21
-1.90506e+18
-2.20863e+21
-1.41873e+21
-1.36867e+21
-1.44548e+21
-1.21025e+21
-1.03583e+21
-1.01377e+21
-9.89518e+20
-7.22763e+20
-5.57735e+20
-4.32814e+19
-7.80942e+20
-3.73326e+20
9.19988e+18
9.20957e+18
8.62444e+17
-1.03415e+17
1.08315e+18
8.9957e+18
3.95901e+18
8.55743e+18
9.30605e+18
9.32736e+18
9.36962e+18
9.12307e+18
9.43905e+18
9.40925e+18
9.10716e+18
9.05517e+18
8.89526e+18
8.86234e+18
8.89609e+18
8.93277e+18
8.90178e+18
9.01067e+18
8.9919e+18
9.09818e+18
9.18988e+18
9.18527e+18
9.18552e+18
9.35928e+18
9.36982e+18
1.00944e+19
9.40358e+18
9.41121e+18
9.60221e+18
9.56106e+18
9.41593e+18
9.42371e+18
9.42234e+18
9.41142e+18
9.45995e+18
9.41432e+18
9.40094e+18
9.42382e+18
9.42709e+18
9.36363e+18
9.40413e+18
9.37653e+18
9.22141e+18
9.31053e+18
9.38728e+18
9.11214e+18
8.90577e+18
9.22332e+18
8.94079e+18
9.60629e+18
9.59802e+18
9.28553e+18
9.32906e+18
9.31539e+18
9.29445e+18
9.27258e+18
9.25857e+18
9.28142e+18
9.26422e+18
9.27515e+18
9.33405e+18
9.32984e+18
9.33397e+18
9.29766e+18
9.24208e+18
9.33832e+18
9.33373e+18
9.21153e+18
9.33264e+18
9.17956e+18
9.18506e+18
9.19455e+18
8.99185e+18
9.04656e+18
9.08116e+18
7.89151e+18
9.29822e+18
3.85481e+18
7.86448e+18
-1.26275e+20
2.99597e+18
2.25051e+18
2.70457e+18
3.97168e+18
1.36332e+18
1.98597e+18
3.54784e+18
8.22768e+17
-1.5677e+19
-1.54227e+19
-3.49553e+19
-8.74207e+18
-4.41333e+19
-3.63352e+19
-7.52008e+19
-6.51207e+19
-7.71353e+19
-1.40964e+19
3.21204e+20
4.10288e+20
4.61203e+20
4.69993e+20
4.7422e+20
4.69525e+20
-4.65729e+23
-4.66634e+23
-2.30969e+23
-4.01126e+23
-1.34733e+20
-1.67637e+20
-1.06476e+20
3.15379e+20
-1.89867e+20
-2.04731e+20
-1.64718e+20
-2.05617e+20
-7.4803e+20
-7.9673e+20
-3.76313e+20
-8.01846e+20
-5.00591e+20
-3.71678e+20
-9.32217e+20
-9.83024e+20
-3.04329e+20
-9.40897e+20
-1.17953e+21
-1.08285e+21
-1.11e+21
-1.50411e+21
-1.37109e+21
-5.09187e+20
-1.42708e+21
-2.09293e+21
-2.05173e+21
-2.19521e+21
-2.939e+21
-2.52844e+21
-2.7746e+21
-2.66112e+21
-3.01544e+21
-1.27159e+20
-4.12637e+21
-3.70719e+21
-3.27653e+21
-6.58193e+21
-7.9964e+21
-3.92388e+21
-7.41241e+21
-4.32007e+21
-9.45932e+21
-8.73028e+21
-3.88524e+21
-1.27821e+22
-7.1706e+21
-1.62255e+22
-1.65087e+22
-1.68786e+22
-1.999e+22
-2.61181e+22
-3.09734e+22
-1.35278e+22
-1.89091e+22
-4.74453e+22
-4.4287e+24
-6.02338e+23
-4.41354e+24
-4.38121e+24
-4.47467e+24
-4.44826e+24
-4.48242e+24
-4.43256e+24
-4.46331e+24
-4.46415e+24
-4.5728e+24
-5.45944e+24
-4.43322e+24
-4.43259e+24
-4.43124e+24
-4.42686e+24
-4.42002e+24
-4.41986e+24
-4.42004e+24
-4.41816e+24
-4.41796e+24
-4.41887e+24
-4.41801e+24
-4.41802e+24
-4.41793e+24
-4.41645e+24
-4.41748e+24
-4.41698e+24
-4.41713e+24
-4.41605e+24
-4.41643e+24
-4.41559e+24
-4.4165e+24
-4.4163e+24
-1.21998e+20
-1.72765e+20
9.54368e+18
9.07243e+18
9.5053e+18
9.49899e+18
8.96327e+18
8.9854e+18
9.14743e+18
-8.95284e+22
-8.97728e+22
9.2716e+18
-9.02114e+22
-8.69231e+22
-2.30644e+23
-1.93087e+23
-9.28486e+22
-1.02077e+23
-4.41414e+24
-4.41542e+24
-4.41377e+24
-4.41483e+24
-4.42605e+24
-4.43466e+24
-4.42414e+24
-4.43192e+24
9.32604e+18
9.38419e+18
9.18651e+18
9.35681e+18
9.42386e+18
-4.41533e+24
-4.41573e+24
-4.41507e+24
-4.41627e+24
-4.41646e+24
-4.41514e+24
-4.41657e+24
-4.41469e+24
-4.41687e+24
-4.41694e+24
-4.41682e+24
-4.41687e+24
-4.41852e+24
-4.41939e+24
-4.41552e+24
-4.42019e+24
-4.42559e+24
-8.98661e+22
-8.87386e+22
-8.85815e+22
-1.00721e+23
-1.51001e+20
-1.60007e+20
-1.40665e+20
-1.64841e+20
-9.138e+22
-8.93424e+22
-9.07965e+22
-1.1684e+23
-1.18056e+23
-1.1005e+23
-1.0842e+23
-1.19346e+23
-1.07509e+23
-1.12507e+23
-1.08062e+23
-8.46427e+22
-8.49892e+22
-9.22219e+22
-2.90796e+22
-2.56079e+22
-9.35138e+21
-5.61261e+21
-3.65453e+21
-4.95248e+21
-3.44731e+21
-1.98946e+21
-2.74714e+21
-1.53397e+21
-1.57413e+21
-1.14211e+21
-9.81384e+20
-8.18778e+20
-7.83438e+20
-7.97761e+20
-4.41604e+24
-4.41567e+24
-1.97641e+18
-2.7429e+18
1.20531e+18
3.16358e+18
4.17797e+18
7.34996e+18
9.37825e+18
9.39453e+18
9.33175e+18
9.38137e+18
9.40919e+18
9.39285e+18
9.37999e+18
9.49658e+18
8.89347e+18
9.08514e+18
8.91936e+18
8.90585e+18
9.07139e+18
9.31682e+18
9.12915e+18
9.27684e+18
9.37886e+18
9.39044e+18
9.38609e+18
9.37658e+18
9.42957e+18
9.34748e+18
9.34043e+18
9.31328e+18
9.35084e+18
9.32401e+18
9.29644e+18
9.35931e+18
9.31186e+18
-1.68126e+20
-1.3294e+20
-1.36747e+20
9.37893e+18
9.36e+18
9.32332e+18
9.36551e+18
9.32449e+18
9.32575e+18
9.16757e+18
-1.18632e+20
-3.50515e+19
-1.09781e+20
-1.20403e+20
-1.30766e+20
2.93344e+20
-1.32657e+20
-4.33896e+20
-4.42825e+24
-4.44742e+24
-4.43014e+24
-4.42117e+24
-4.42992e+24
-4.42699e+24
-4.42636e+24
-4.42013e+24
-4.42116e+24
-4.41866e+24
-4.4177e+24
-4.41749e+24
-4.41807e+24
-4.41705e+24
-4.41651e+24
9.42497e+18
-4.42838e+19
-1.22878e+20
-4.50219e+19
-8.92429e+22
-4.41639e+24
-3.06837e+19
3.11907e+20
-4.43832e+24
-2.05706e+19
9.32468e+18
9.33871e+18
-4.42279e+24
-4.4195e+24
9.38803e+18
9.27116e+18
9.36351e+18
9.35662e+18
-2.40664e+21
-5.67875e+18
-1.00059e+19
-5.63625e+17
4.55589e+20
2.74912e+20
-1.38496e+22
-8.14361e+21
-2.79512e+22
-4.58331e+24
-4.50771e+24
-4.4882e+24
-4.39418e+24
-4.41774e+24
-4.41631e+24
3.11526e+20
-9.18537e+22
-4.41497e+24
-4.4148e+24
-4.42553e+24
-5.94962e+21
-3.53594e+21
-4.41579e+24
-7.77572e+20
-6.38869e+20
8.86171e+18
9.1786e+18
9.15842e+18
9.4006e+18
9.35653e+18
2.95622e+20
-1.5195e+20
9.54702e+18
9.29618e+18
9.5128e+18
2.02574e+18
2.96905e+18
2.30474e+18
1.6855e+18
-4.0723e+20
-7.86312e+21
-7.13652e+21
-1.78925e+22
-4.41939e+24
-4.45629e+24
-4.44316e+24
-4.4171e+24
-4.41694e+24
-5.68923e+19
-1.07872e+20
-4.42535e+24
3.99467e+18
-1.91911e+21
-5.49162e+21
-4.41711e+24
-1.4517e+22
-1.21912e+20
9.27636e+18
9.17471e+18
-4.41603e+24
-4.4163e+24
-1.54431e+20
-4.39486e+24
-4.39523e+24
5.9436e+20
7.91794e+18
4.93623e+18
-4.41636e+24
-5.11395e+20
-1.12828e+21
-6.08692e+22
-4.41731e+24
-4.46038e+24
9.15402e+18
-4.416e+24
-4.41739e+24
-9.12768e+22
-4.41912e+24
-8.48435e+22
-4.41958e+24
-1.14045e+21
8.47278e+18
9.79421e+18
9.81484e+18
8.84859e+18
3.87468e+18
6.01161e+18
5.82208e+18
-5.24383e+17
6.50172e+20
1.1487e+21
-1.74879e+22
-3.04188e+20
-1.33479e+22
-7.63456e+21
-3.83942e+21
8.00122e+21
1.27997e+21
6.53123e+22
-4.95139e+23
-1.76459e+21
-3.75397e+23
-5.95445e+23
-2.08328e+24
-4.52185e+24
-1.03612e+21
-4.48061e+24
-9.64831e+20
-4.43559e+24
-4.39479e+24
-2.53933e+23
-4.30848e+24
-4.39245e+24
-7.79169e+23
-4.41574e+24
1.31915e+19
2.994e+20
-1.52645e+20
-8.98568e+21
7.20467e+22
-4.64872e+24
-4.54934e+24
-4.3927e+24
-1.29786e+20
-4.41786e+24
-4.43048e+24
-4.41796e+24
-2.2607e+22
-2.69293e+21
-2.39717e+21
8.86099e+18
9.00722e+18
9.42276e+18
3.53833e+18
-6.9116e+18
-8.33238e+18
4.71705e+20
3.1629e+20
-5.49473e+20
-9.41018e+21
-2.62384e+22
7.16657e+23
-4.52841e+24
-4.48051e+24
-4.51353e+24
-4.41792e+24
-1.29156e+20
-4.41296e+24
-4.41625e+24
-9.2059e+22
-4.41529e+24
-1.92334e+18
-4.41486e+24
-4.41557e+24
-1.05359e+23
1.86281e+18
-2.57237e+22
-3.42314e+21
-2.12826e+21
-7.4858e+20
-5.92958e+20
-7.73314e+20
9.31629e+18
9.36882e+18
9.42397e+18
-4.40705e+24
-4.40695e+24
-4.40754e+24
-4.40823e+24
5.6212e+18
6.03794e+18
6.12486e+18
5.8947e+18
)
;

boundaryField
{
    Wall
    {
        type            zeroGradient;
    }
    Inlet
    {
        type            zeroGradient;
    }
    Outlet
    {
        type            fixedValue;
        value           uniform 0;
    }
    Empty
    {
        type            empty;
    }
}


// ************************************************************************* //
