/*--------------------------------*- C++ -*----------------------------------*\
| =========                 |                                                 |
| \\      /  F ield         | OpenFOAM: The Open Source CFD Toolbox           |
|  \\    /   O peration     | Version:  2312                                  |
|   \\  /    A nd           | Website:  www.openfoam.com                      |
|    \\/     M anipulation  |                                                 |
\*---------------------------------------------------------------------------*/
FoamFile
{
    version     2.0;
    format      ascii;
    arch        "LSB;label=32;scalar=64";
    class       Cloud<passivePositionParticle>;
    location    "0.10005/lagrangian/kinematicCloud";
    object      coordinates;
}
// * * * * * * * * * * * * * * * * * * * * * * * * * * * * * * * * * * * * * //

150
(
(0.641115 0.0389586 0.184361 0.135565) 61067 227553 2
(0.0970474 0.201867 0.224799 0.476287) 12846 67704 1
(0.000798453 0.488746 0.179767 0.330688) 17883 89826 2
(0.0967597 0.595047 0.211422 0.0967717) 98652 320595 2
(0.219042 0.241619 0.453047 0.0862926) 33658 32947 2
(0.539599 0.314539 0.0713354 0.0745267) 83830 284024 2
(0.516624 0.226701 0.0228234 0.233851) 88611 295642 2
(0.0800495 0.286497 0.0730526 0.560401) 70274 101337 2
(0.7751 0.157559 0.0455092 0.021832) 91788 130542 2
(0.00304176 0.491118 0.425533 0.0803076) 91845 130973 1
(0.133166 0.42062 0.0419986 0.404215) 83830 130932 2
(0.157133 0.00263978 0.100097 0.74013) 91838 130846 1
(0.254111 0.436771 0.168116 0.141002) 87884 13084 1
(0.182442 0.534575 0.263788 0.0191943) 88441 295283 2
(0.274146 0.0824552 0.170448 0.47295) 88443 295283 2
(0 0.389327 0.342215 0.268458) 18386 523320 2
(0.520386 0.239309 0.0232084 0.217098) 91788 301727 1
(0.0832443 0.0841005 0.703057 0.129598) 91490 300713 2
(0.0491211 0.660821 0.281135 0.00892316) 50010 195881 2
(0.404723 0.49765 0.0441408 0.0534859) 88442 295280 2
(0.446257 0.0815808 0.442701 0.0294613) 83779 283876 1
(0.0617863 0.40471 0.383281 0.150223) 91244 125915 2
(0.266024 0.0718883 0.388432 0.273656) 28452 102554 2
(0.247434 0.12908 0.455272 0.168213) 20538 102720 2
(0.437822 0.165038 0.199178 0.197962) 91499 283640 2
(0.518479 0.0124817 0.0228039 0.446236) 83775 283859 1
(0.0811728 0.159919 0.445644 0.313265) 70564 250065 1
(0.0427384 0.674342 0.211676 0.071243) 49938 195671 1
(0.283988 0.0137789 0.240684 0.46155) 91262 300719 1
(0.293077 0.233262 0.0713384 0.402322) 88202 294708 1
(0.00963886 0.0856735 0.777364 0.127324) 25169 128049 3
(0.352706 0.00184794 0.181976 0.46347) 88430 295261 1
(0.261448 0.083455 0.452008 0.203089) 91777 301711 2
(0.348342 0.60816 0.0014983 0.0419993) 88441 295283 1
(0.0860634 0.0997826 0.677288 0.136866) 83944 3274 2
(0.303076 0.556285 0.0175505 0.123089) 88568 295586 1
(0.573267 0.021663 0.339637 0.0654329) 87884 293921 2
(0.0844138 0.0350243 0.360073 0.520489) 70273 249422 2
(0.200053 0.444814 0.203279 0.151855) 88442 295275 1
(0.574455 0.028759 0.304255 0.0925304) 25171 128059 3
(0.271245 0.271734 0.018741 0.43828) 91499 128168 1
(0.145657 0.544573 0.00300892 0.306761) 57437 57459 2
(0.477769 0.396199 0.0508 0.0752313) 83815 42363 2
(0.640509 0.0372468 0.203854 0.118391) 88424 62247 1
(0.718232 0.00874449 0.227726 0.0452973) 83811 283991 1
(0.0459082 0.498274 0.263232 0.192586) 3851 13083 1
(0.160697 0.000998906 0.395929 0.442375) 95616 308161 2
(0.286627 0.254439 0.168027 0.290906) 4016 20825 1
(0.12148 0.336256 0.115144 0.427121) 2756 14701 1
(0.179273 0.170188 0.350642 0.299897) 88209 100320 2
(0.110428 0.162112 0.445459 0.282) 91838 301798 1
(0.637877 0.179787 0.025657 0.156679) 88550 295549 2
(0.0893861 0.280247 0.263665 0.366702) 91688 301550 2
(0.286847 0.344498 0.204741 0.163915) 88449 101558 1
(0.270335 0.689091 0.0182089 0.0223651) 83947 62257 2
(0.0476564 0.106962 0.575895 0.269487) 20244 100249 1
(0.37394 0.459605 0.0430047 0.123449) 28117 137122 1
(0.18965 0.0557015 0.663776 0.090873) 24788 125934 2
(0.101932 0.0731242 0.0197496 0.805194) 83813 42344 2
(0.110409 0.118068 0.450326 0.321196) 49759 195107 2
(0.500523 0.0436758 0.0763426 0.379458) 40202 167714 2
(0.117513 0.248206 0.130863 0.503418) 69836 100246 1
(0.347107 0.439409 0.10992 0.103563) 91696 301561 2
(0.271521 0.326129 0.0590707 0.343279) 24788 125907 3
(0.243896 0.144851 0.574091 0.0371616) 83816 284002 2
(0.0390236 0.208669 0.500254 0.252054) 88185 294668 2
(0.273673 0.678361 0.0230244 0.024941) 91788 301727 2
(0 0.769483 0.00380872 0.226708) 112967 536245 2
(0.360517 0.0483312 0.096447 0.494705) 82150 278902 1
(0.326846 0.329838 0.105181 0.238135) 2630 14041 1
(0.0076202 0.0911193 0.796167 0.105094) 87884 293921 2
(0.00117592 0.216383 0.686227 0.0962134) 83830 130932 1
(0.199247 0.539205 0.172188 0.0893609) 25680 130835 1
(0.519298 0.227566 0.133556 0.11958) 88551 284326 1
(0.0347499 0.258174 0.513381 0.193695) 25663 130728 2
(0.0130198 0.202787 0.597076 0.187117) 25654 130678 1
(0.0506502 0.249657 0.410875 0.288818) 83779 283875 2
(0.364984 0.293175 0.33183 0.0100104) 91244 300710 1
(0.111518 0.0241994 0.219133 0.64515) 81466 127904 2
(0.528269 0.246813 0.148823 0.0760959) 19458 56615 2
(0.347778 0.461285 0.166023 0.0249136) 91249 125938 2
(0.0565287 0.125806 0.741364 0.076301) 57406 218441 2
(0.0404029 0.0880265 0.234261 0.63731) 24796 125853 3
(0.0806016 0.372711 0.0573081 0.489379) 87894 293948 2
(0.00169101 0.087387 0.222738 0.688184) 24775 125830 3
(0.000100273 0.648187 0.265256 0.0864562) 83644 283395 2
(0.0431407 0.0206226 0.115105 0.821132) 24771 125836 2
(0.629951 0.0862058 0.174811 0.109032) 87894 283395 2
(0.195642 0.225373 0.0136915 0.565294) 87894 293946 1
(0.146128 0.0487473 0.777596 0.0275287) 24771 125830 2
(0.128725 0.273586 0.333992 0.263697) 24771 125836 2
(0.525063 0.0732275 0.231143 0.170566) 19455 97989 1
(0.734955 0.0740566 0.10973 0.0812582) 24771 125830 2
(0.201106 0.0183689 0.74848 0.032045) 87894 293946 2
(0.156965 0.158624 0.556397 0.128015) 91236 283407 1
(0.365128 0.171053 0.400542 0.0632764) 87875 293885 1
(0.139343 0.0387727 0.401089 0.420796) 69073 246594 2
(0.13017 0.201208 0.608111 0.0605108) 19455 97983 3
(0.174009 0.41932 0.147105 0.259566) 2470 13073 2
(0.0964398 0.0903285 0.703329 0.109902) 69065 246578 1
(0.131496 0.23535 0.561363 0.0717908) 87871 293885 2
(0.0436295 0.389121 0.189409 0.37784) 91235 300693 1
(0.168015 0.538046 0.161724 0.132215) 87874 293884 2
(0.00119493 0.266834 0.272067 0.459904) 172680 246466 2
(0.0170543 0.478141 0.220786 0.284019) 91235 125851 1
(0.602837 0.0453636 0.233175 0.118624) 9957 56558 2
(0.144894 0.0327958 0.804941 0.0173686) 87874 293887 1
(0.194029 0.0196076 0.64751 0.138853) 83640 283380 2
(0.210947 0.308864 0.346508 0.133682) 87865 293872 2
(0.157157 0.0383195 0.61272 0.191804) 9955 56551 1
(0.482538 0.312973 0.103078 0.101412) 87867 293863 2
(0.32034 0.0338386 0.453386 0.192436) 83636 283363 1
(0.0740636 0.285975 0.107092 0.532869) 24743 125659 1
(0.087001 0.0228183 0.522594 0.367587) 2469 13068 2
(0.0888511 0.346279 0.459722 0.105147) 377 2266 2
(0.0345557 0.372884 0.302597 0.289963) 83637 2266 1
(0.243656 0.282536 0.0936874 0.380121) 83641 283373 1
(0.0985831 0.110513 0.00815438 0.782749) 83641 283368 2
(0.103978 0.106311 0.592416 0.197295) 87845 293820 1
(0.204385 0.0204562 0.513148 0.262011) 24742 125650 2
(0.0854089 0.287972 0.0294572 0.597162) 91215 125686 2
(0.323592 0.34699 0.227425 0.101993) 69000 97776 2
(0.240315 0.242518 0.277546 0.239621) 24742 125656 2
(0.0232275 0.0903785 0.155326 0.731068) 53631 207419 2
(0.194358 0.14049 0.0515629 0.613589) 83632 283352 2
(0.287957 0.401855 0.0202275 0.289961) 19443 97917 1
(0.654556 0.279033 0.0186521 0.0477594) 69670 247999 2
(0.33336 0.0260888 0.238645 0.401906) 91217 283349 2
(0.431269 0.0940535 0.166901 0.307777) 87851 293802 1
(0.701996 0.0583476 0.0316861 0.207971) 91221 125722 2
(0.155119 0.6476 0.0399657 0.157314) 87853 293833 2
(0.744053 0.0251889 0.222131 0.00862742) 91208 125600 2
(0.0569324 0.140281 0.21908 0.583706) 19423 97780 3
(0.130247 0.133497 0.0402341 0.696022) 10107 57337 3
(0.0921936 0.123467 0.362294 0.422045) 87824 293767 1
(0.0203688 0.479989 0.433731 0.0659108) 2451 5500 2
(0.0156041 0.147715 0.576138 0.260543) 91428 301054 2
(0.0925417 0.373552 0.278918 0.254988) 45809 182647 2
(0.563032 0.111612 0.0308201 0.294537) 10102 57269 1
(0.517826 0.128646 0.09348 0.260048) 91406 38808 1
(0.385762 0.265104 0.317475 0.0316592) 37247 160132 1
(0.133011 0.243921 0.173889 0.449178) 2602 13910 2
(0.149568 0.657997 0.190807 0.00162771) 2602 13912 2
(0.604264 0.0324014 0.14178 0.221554) 14851 13904 2
(0.686013 0.105415 0.174185 0.0343869) 26812 23172 1
(0.0213083 0.702479 0.194429 0.0817836) 26883 97460 2
(0.000309308 0.393045 0.41155 0.195096) 48959 192644 1
(0.00132898 0.280298 0.143662 0.574711) 67154 242034 2
(0.00154469 0.119304 0.439538 0.439613) 2244 11938 1
(0.467914 0.0865184 0.146115 0.299453) 67174 242063 1
)


// ************************************************************************* //
