/*--------------------------------*- C++ -*----------------------------------*\
| =========                 |                                                 |
| \\      /  F ield         | OpenFOAM: The Open Source CFD Toolbox           |
|  \\    /   O peration     | Version:  2312                                  |
|   \\  /    A nd           | Website:  www.openfoam.com                      |
|    \\/     M anipulation  |                                                 |
\*---------------------------------------------------------------------------*/
FoamFile
{
    version     2.0;
    format      ascii;
    arch        "LSB;label=32;scalar=64";
    class       Cloud<passivePositionParticle>;
    location    "0.10005/lagrangian/kinematicCloud";
    object      positions;
}
// * * * * * * * * * * * * * * * * * * * * * * * * * * * * * * * * * * * * * //

150
(
(0.102546 -0.0134392 0.00381049) 61067
(0.144367 0.0223799 0.0924856) 12846
(0.145466 0.0216512 0.026126) 17883
(0.0852571 -0.0207122 0.0690212) 98652
(0.141216 0.0170829 0.0800376) 33658
(0.202386 0.14648 0.0700765) 83830
(0.195426 0.150785 0.0435077) 88611
(0.224933 0.110999 0.00469645) 70274
(0.221288 0.131819 0.0703528) 91788
(0.207943 0.142386 0.0752513) 91845
(0.20157 0.14731 0.0744564) 83830
(0.197056 0.150722 0.0742627) 91838
(0.264514 0.0782496 0.0357608) 87884
(0.248318 0.104109 0.0455216) 88441
(0.246981 0.105268 0.0423099) 88443
(0.00251115 0.0496793 0.00358021) 18386
(0.22221 0.131161 0.0689345) 91788
(0.263693 0.080149 0.0731663) 91490
(0.197191 0.137439 0.00613065) 50010
(0.248779 0.103766 0.0279798) 88442
(0.243915 0.108451 0.0531875) 83779
(0.264742 0.0790513 0.0749267) 91244
(0.176202 0.147798 0.02582) 28452
(0.191214 0.155246 0.0309447) 20538
(0.257747 0.0908945 0.0700061) 91499
(0.24401 0.1084 0.0660408) 83775
(0.208667 0.125101 0.00371513) 70564
(0.229961 0.119236 0.0116076) 49938
(0.266854 0.0739355 0.0548323) 91262
(0.261247 0.0854764 0.0325687) 88202
(0.249661 0.0999386 0.0849245) 25169
(0.243603 0.108795 0.0328387) 88430
(0.215997 0.135838 0.0699871) 91777
(0.248838 0.103688 0.0472517) 88441
(0.229024 0.123909 0.0368545) 83944
(0.222074 0.131117 0.0354826) 88568
(0.264358 0.0783435 0.0334538) 87884
(0.225129 0.113506 0.00608716) 70273
(0.249448 0.102505 0.0285757) 88442
(0.258985 0.0864264 0.0805232) 25171
(0.257902 0.0906485 0.073576) 91499
(0.253962 0.0890389 0.0118368) 57437
(0.232066 0.121605 0.0722302) 83815
(0.234663 0.117982 0.0419018) 88424
(0.231567 0.121378 0.0579675) 83811
(0.264747 0.0782453 0.0502902) 3851
(0.188639 0.156859 0.0654912) 95616
(0.250052 0.101563 0.055476) 4016
(0.214485 0.136511 0.0492343) 2756
(0.257363 0.0917774 0.0258567) 88209
(0.198577 0.149916 0.0653546) 91838
(0.225082 0.127058 0.0459757) 88550
(0.247468 0.104997 0.0711502) 91688
(0.241491 0.111525 0.0265585) 88449
(0.232669 0.120666 0.0267379) 83947
(0.249524 0.100079 0.0170527) 20244
(0.169388 0.133098 0.00451404) 28117
(0.264905 0.0728649 0.0867132) 24788
(0.229405 0.124099 0.0746088) 83813
(0.23896 0.0970667 0.00665865) 49759
(0.177055 0.143228 0.090036) 40202
(0.250315 0.0917311 0.0117725) 69836
(0.241651 0.111026 0.0604167) 91696
(0.265048 0.0743008 0.0811504) 24788
(0.226762 0.126023 0.0664466) 83816
(0.251296 0.0995971 0.0345008) 88185
(0.222537 0.130584 0.0646471) 91788
(0.0480261 0.0620065 0.0624762) 112967
(0.229699 0.108312 0.0923961) 82150
(0.263536 0.0816655 0.0437706) 2630
(0.263713 0.0796939 0.0361753) 87884
(0.202585 0.146464 0.075281) 83830
(0.194101 0.151652 0.0765049) 25680
(0.225576 0.127211 0.0297202) 88551
(0.196665 0.146638 0.0787746) 25663
(0.19287 0.15376 0.0750945) 25654
(0.246163 0.105956 0.0555007) 83779
(0.26588 0.0757665 0.0692996) 91244
(0.244907 0.0823 0.0972026) 81466
(0.265766 0.0677269 0.0187174) 19458
(0.265945 0.0717666 0.0730847) 91249
(0.244953 0.0846148 0.00777011) 57406
(0.266731 0.0655379 0.0833839) 24796
(0.266788 0.0695946 0.0425906) 87894
(0.266371 0.065003 0.0837666) 24775
(0.267362 0.0680517 0.0500006) 83644
(0.26621 0.0647883 0.0756401) 24771
(0.267909 0.0668359 0.0460227) 87894
(0.267637 0.0664632 0.0386034) 87894
(0.264964 0.0646347 0.0860863) 24771
(0.265336 0.0633077 0.0761273) 24771
(0.265213 0.0633135 0.0215686) 19455
(0.26501 0.0631648 0.0821609) 24771
(0.266938 0.0656294 0.0386333) 87894
(0.266305 0.0667241 0.0656315) 91236
(0.264669 0.0658584 0.0292626) 87875
(0.244884 0.0747291 0.00376147) 69073
(0.263548 0.0613292 0.0165043) 19455
(0.264964 0.0637725 0.0384585) 2470
(0.244919 0.0796537 0.00791669) 69065
(0.264297 0.0646305 0.0295051) 87871
(0.263245 0.0639283 0.0678277) 91235
(0.263044 0.0639088 0.0295597) 87874
(0.237434 0.0731686 0.00126359) 172680
(0.260761 0.0625627 0.0752142) 91235
(0.25802 0.0615049 0.0165989) 9957
(0.260355 0.064391 0.0364196) 87874
(0.259683 0.0644226 0.0658984) 83640
(0.259704 0.0629834 0.0442768) 87865
(0.256276 0.0613513 0.0236445) 9955
(0.257835 0.0638181 0.030279) 87867
(0.257404 0.063327 0.0606113) 83636
(0.25321 0.0633851 0.0822832) 24743
(0.254905 0.0647932 0.0379206) 2469
(0.2551 0.0648913 0.0576947) 377
(0.254737 0.0651888 0.0540382) 83637
(0.254102 0.0656575 0.0702524) 83641
(0.254004 0.0659093 0.0632639) 83641
(0.253271 0.0659019 0.0468513) 87845
(0.24966 0.0656138 0.0830816) 24742
(0.251108 0.0668074 0.0748493) 91215
(0.232107 0.0770958 0.00373004) 69000
(0.247992 0.0668128 0.076842) 24742
(0.228314 0.0847451 0.0919762) 53631
(0.246336 0.0696796 0.0596292) 83632
(0.241512 0.0721676 0.0228382) 19443
(0.224456 0.0858673 0.00849903) 69670
(0.242891 0.0710341 0.057178) 91217
(0.2425 0.0712769 0.0451705) 87851
(0.242055 0.0728774 0.0708394) 91221
(0.240951 0.0737943 0.0363789) 87853
(0.234728 0.0771128 0.0705535) 91208
(0.230125 0.0791867 0.0170277) 19423
(0.226885 0.0804275 0.0144802) 10107
(0.230861 0.0779551 0.0494182) 87824
(0.225318 0.0799705 0.0498711) 2451
(0.223485 0.0809566 0.0718895) 91428
(0.20235 0.0848727 0.00998959) 45809
(0.217655 0.0820188 0.020731) 10102
(0.212287 0.0814829 0.0675128) 91406
(0.193057 0.0793921 0.091481) 37247
(0.211343 0.0817307 0.0491676) 2602
(0.210906 0.0814088 0.0383664) 2602
(0.202381 0.0798842 0.0458463) 14851
(0.189232 0.0735268 0.00986155) 26812
(0.186204 0.0661968 0.0369195) 26883
(0.172368 0.0569659 0.00557398) 48959
(0.168649 0.0517225 0.00561465) 67154
(0.159923 0.0409777 0.00569195) 2244
(0.165522 0.0437737 0.0360373) 67174
)


// ************************************************************************* //
