/*--------------------------------*- C++ -*----------------------------------*\
| =========                 |                                                 |
| \\      /  F ield         | OpenFOAM: The Open Source CFD Toolbox           |
|  \\    /   O peration     | Version:  2312                                  |
|   \\  /    A nd           | Website:  www.openfoam.com                      |
|    \\/     M anipulation  |                                                 |
\*---------------------------------------------------------------------------*/
FoamFile
{
    version     2.0;
    format      ascii;
    arch        "LSB;label=32;scalar=64";
    note        "nPoints:7324  nCells:5523  nFaces:18258  nInternalFaces:15528";
    class       labelList;
    location    "constant/polyMesh";
    object      neighbour;
}
// * * * * * * * * * * * * * * * * * * * * * * * * * * * * * * * * * * * * * //


15528
(
41
1820
1821
1824
4
45
1827
1828
1829
16
46
333
334
335
3451
8
27
51
2990
2991
2992
32
342
343
8
33
51
347
348
3454
8
27
33
351
352
3457
9
31
354
355
358
359
3460
23
363
364
376
377
12
36
119
1066
1067
1070
1072
3116
3118
37
130
131
1163
1164
1167
1169
14
38
137
138
3136
3137
3140
3142
39
166
167
3157
3158
3161
3163
17
40
409
410
411
42
426
427
428
4401
43
433
434
435
28
44
2997
2998
2999
30
444
445
446
52
459
460
461
4395
29
53
3004
3005
3006
25
54
3011
3012
3013
31
466
467
468
473
474
475
56
488
489
490
512
513
47
3018
3019
3020
48
3024
3025
3028
49
3031
3032
3035
517
518
519
524
525
526
45
1836
1837
47
1839
1840
3469
1844
1846
1849
1851
1852
37
554
2326
2328
2329
2332
3304
3305
579
582
2436
2438
2439
2441
39
586
589
3318
3320
3321
3324
617
620
3339
3341
3342
3344
43
1898
1899
1902
1905
1906
1909
46
1924
1925
1928
4407
1931
1932
1935
48
3038
3039
3042
1938
1939
1940
1953
1954
1957
4410
51
3045
3046
3047
3052
3053
3056
53
3059
3060
3063
1960
1961
1962
3066
3067
3068
1975
1976
1977
4398
3073
3074
3077
56
3080
3081
3084
57
1987
1988
1991
1996
1997
2000
2007
2008
124
128
142
735
3478
126
132
572
736
3480
160
164
171
738
739
740
125
165
608
745
746
3483
162
168
609
750
751
752
127
169
173
757
758
3486
191
196
432
3088
3089
3090
161
433
640
766
767
768
194
436
641
3095
3096
3097
163
198
437
781
782
783
96
267
668
788
789
790
72
74
192
332
334
336
338
669
3024
193
274
795
796
797
3488
97
270
277
802
803
804
73
195
278
794
797
799
800
3026
74
272
279
801
804
806
807
3027
273
670
787
790
791
793
3029
79
80
81
217
224
3003
79
80
106
218
702
915
917
918
2989
2990
2993
2994
3208
3209
3211
79
81
268
703
2989
2991
2993
2995
3004
107
225
269
3102
3103
3104
221
705
3007
108
222
228
928
929
930
3101
3103
3105
3106
3214
3215
3217
229
271
3008
3101
3104
3106
3107
254
487
809
810
3490
219
488
726
814
815
816
491
727
823
824
3492
223
256
492
828
829
830
89
317
835
836
837
91
319
541
842
843
3495
90
93
321
847
848
849
682
853
854
855
95
686
858
859
860
545
701
864
865
3496
94
106
702
869
870
871
95
704
876
877
878
109
709
882
883
884
711
887
888
889
98
543
892
3498
100
102
893
3501
267
546
894
895
3503
103
107
269
897
898
3506
105
270
900
901
3508
104
275
903
105
277
904
3510
111
281
905
906
3511
282
908
909
284
911
912
3512
109
915
916
917
111
922
923
3513
110
113
927
928
929
218
933
934
935
115
222
938
939
940
225
944
945
3515
114
226
949
950
951
115
228
956
957
958
233
962
963
964
235
967
968
969
117
972
3520
1001
1002
3524
129
553
1067
1068
1069
4472
121
131
1079
1082
1084
1085
3120
3123
123
133
1080
1081
1082
4475
149
394
397
1131
1133
1135
1137
3130
3133
3134
150
1120
1121
1122
151
1132
1133
1134
4494
135
144
1144
1145
3525
136
574
1147
1148
3527
139
575
1150
1151
3530
140
146
1153
1154
3533
135
148
1157
1158
1159
578
1164
1165
1166
4419
134
137
579
1170
1173
1174
1176
134
149
1177
1180
1182
1183
139
580
1171
1172
1173
151
1178
1179
1180
4422
141
152
1156
1159
1161
1162
154
1185
1186
1187
165
585
3137
3138
3139
141
586
1191
1194
1195
1197
141
155
167
3143
3146
3148
3149
587
1192
1193
1194
157
169
3144
3145
3146
158
1184
1187
1189
1190
144
148
1198
3535
147
153
1199
154
1200
1201
3536
156
172
1203
1204
157
173
1206
1207
3537
159
1209
1210
154
1213
1214
1215
152
398
401
1230
1232
1234
1235
1220
1221
1222
1231
1232
1233
4498
158
1212
1214
1216
1218
1226
1229
159
1238
1239
1240
1245
1246
1247
158
180
402
405
3150
3152
3154
3156
181
1252
1253
1254
182
3151
3152
3153
1244
1246
1248
1250
1258
1261
1263
1264
1265
175
408
1270
1271
1272
409
612
1277
1278
1279
412
613
1286
1287
1288
177
413
1293
1294
1295
168
170
179
408
738
740
742
3164
3165
3168
3170
616
3158
3159
3160
168
170
410
617
170
180
3164
3167
3169
3170
412
618
750
752
755
3157
3159
3161
3162
182
3165
3166
3167
183
414
175
179
1300
1301
1302
181
1307
1308
182
1312
1313
3538
178
184
1317
1318
1319
185
1324
1325
1326
187
197
1333
1334
1335
188
198
1340
1341
1342
190
1347
1348
1349
183
185
1301
1302
1305
1364
1365
1369
1370
3171
3172
3176
3177
183
417
420
3171
3173
3175
3176
1354
1355
1356
3172
3173
3174
189
1360
1363
190
1365
1366
1367
188
189
408
1325
1326
1329
1382
1383
1387
1388
188
189
206
411
421
424
207
1372
1373
1374
208
413
1340
1342
1344
1371
1373
1376
1377
414
1378
1381
1383
1384
1385
200
2996
3179
3180
3181
195
425
427
429
430
644
2997
3185
3188
3189
3191
201
1396
1397
1398
4460
645
3000
3186
3187
3188
203
1395
1398
1399
1401
3001
3178
3181
3183
3184
200
205
3193
3194
3195
207
1417
1418
1419
208
1428
1429
1430
204
210
1435
1436
1437
211
3200
3201
3202
274
1442
1443
1444
4462
213
276
1455
1456
1457
3539
214
278
1441
1444
1446
1447
1454
1456
1459
1460
3199
3201
3203
3205
216
1468
1469
1470
208
209
211
432
1485
1486
1490
1491
3194
3195
3198
208
209
435
450
453
1475
1476
1477
437
1428
1430
1433
1474
1476
1479
1480
215
438
1481
1484
216
1486
1487
1488
3540
214
215
1503
1504
1508
1509
2996
3201
3202
3205
214
215
288
454
457
2999
289
1493
1494
1495
3541
290
1492
1494
1497
1498
3001
1499
1502
3002
1504
1505
1506
3542
221
223
231
3010
3213
3214
3217
3219
709
3207
3208
3209
221
223
458
460
462
463
710
814
816
818
3011
232
1511
1512
1513
4464
712
3014
3206
3208
3210
3211
235
3214
3215
3216
236
829
830
831
1510
1513
1514
1516
3015
228
229
231
238
1531
1532
1536
1537
281
3221
3222
3223
233
1518
1519
1520
240
283
1525
1526
1527
3543
235
957
958
961
1517
1519
1522
1523
3220
3222
3224
3225
3228
3230
3233
241
285
1524
1526
1529
1530
3220
3223
3224
3226
237
243
1532
1533
1534
3545
236
244
1559
1560
1564
1565
3227
3228
3232
3233
1539
1540
1541
3546
1546
1547
1548
246
255
1553
1554
1555
3228
3229
3230
247
256
1538
1541
1543
1544
1552
1554
1557
1558
1640
1641
1643
249
1560
1561
1562
3547
241
242
244
1577
1578
1582
1583
3003
241
242
294
479
482
3006
295
1567
1568
1569
3548
296
1566
1568
1571
1572
3008
248
1573
1576
3009
249
1578
1579
1580
3551
247
248
1595
1596
1600
1601
3010
247
248
259
483
486
3013
260
1585
1586
1587
261
1584
1586
1589
1590
3015
1591
1594
3016
1596
1597
1598
3553
264
487
1603
1604
1605
4510
253
489
494
496
730
1615
1618
1619
1621
491
731
1616
1617
1618
4512
265
493
1602
1605
1607
1608
1611
1613
258
1625
1626
3555
260
1632
1633
1634
261
1639
1640
1641
263
1646
1647
264
487
3235
3236
3237
261
262
490
500
503
1651
1652
1653
492
1639
1641
1644
1650
1652
1655
1656
3234
3235
3238
3239
265
493
1657
1660
3234
3236
3238
3240
266
1662
1663
1664
1669
1670
1671
4516
1668
1670
1672
1674
1675
1678
1679
1683
1685
1687
1691
1692
1693
676
1704
1705
1706
271
273
677
3017
3019
3021
3022
3031
281
3242
3243
3244
284
1711
1712
1713
272
285
3033
3241
3244
3245
3247
273
286
1710
1713
1714
1716
3034
678
1703
1706
1707
1708
3036
1718
1719
1720
4463
282
1725
1726
1727
289
1732
1733
1734
3556
284
1739
1740
1741
279
290
1717
1720
1721
1723
1731
1733
1736
1737
286
291
1738
1741
1742
1744
1745
1748
1750
1751
287
293
1746
1747
1748
3557
3249
3250
3251
1753
1754
1755
295
1760
1761
1762
3558
1767
1768
1769
286
296
1759
1761
1764
1765
3248
3251
3253
3254
297
1766
1769
1771
1772
1773
1776
1778
1779
299
1774
1775
1776
3560
290
292
530
533
3025
1781
1782
1783
3561
291
1780
1782
1785
1786
3026
292
297
1791
1793
1796
1797
3027
298
1787
1790
3030
299
1792
1793
1794
3563
296
298
534
537
3032
1799
1800
1801
3565
297
1798
1800
1803
1804
3033
298
1809
1811
1814
1815
3034
1805
1808
3037
1810
1811
1812
3568
557
561
2013
558
562
573
2014
3570
556
596
2015
2018
593
597
2020
2021
2024
594
598
610
2028
2029
2030
559
600
611
2035
2036
3571
592
628
2043
2044
2047
624
629
2050
2051
2054
625
630
642
3256
3257
3258
595
632
643
2066
2067
2068
538
649
2072
2073
2076
623
656
2079
2080
2083
4435
652
657
2086
2087
2090
4436
316
653
658
671
2089
2090
2091
2092
2100
2102
2105
2106
626
672
2094
2095
2096
3572
539
654
673
2101
2102
2103
627
660
674
2082
2083
2084
2085
2093
2096
2098
2099
682
2107
2108
2109
650
689
2114
2115
2118
4449
651
701
3262
3263
3266
685
690
2121
2122
2125
4451
322
686
704
848
849
850
2109
2111
2112
2113
3263
3264
3265
3268
3402
3406
3407
323
687
691
706
2124
2125
2126
2127
655
693
707
2117
2118
2119
2120
3265
3266
3267
3268
683
715
2128
2129
2132
717
2137
2140
718
728
2143
2144
3573
688
720
729
2148
2149
2150
330
331
761
765
772
3574
330
331
406
766
1920
4392
763
769
1921
4521
407
770
774
4524
336
337
338
787
794
336
337
788
1953
3577
336
338
427
1954
337
338
428
795
3580
791
1955
792
798
3583
430
799
340
460
814
1994
3586
463
818
821
4530
344
345
834
841
344
345
835
1827
344
842
1829
1837
838
844
1831
839
349
350
863
868
3589
349
864
1839
3066
3592
349
350
358
869
3067
866
872
3070
361
874
3595
353
894
1840
3018
3598
353
359
897
3020
3601
896
899
3023
4602
356
363
524
905
356
525
908
528
907
910
360
361
914
921
3604
360
361
915
2990
360
922
2992
3607
918
924
2994
919
4605
365
366
943
948
366
466
944
365
366
467
949
952
470
947
954
368
376
972
973
370
974
978
3616
976
1856
3622
373
374
986
990
3625
373
374
387
984
1858
988
1859
3628
389
985
993
378
379
1000
1005
378
1001
378
379
1003
1008
383
384
385
1016
1025
383
385
1017
384
385
391
1023
1020
1028
1029
393
1022
1024
388
389
1044
1048
3108
388
389
1045
1873
1046
1874
3110
1047
1050
392
393
1090
1096
1100
392
393
1097
1098
1103
1094
1099
396
397
1119
1126
396
397
399
1120
1123
1129
401
1125
400
401
1219
1226
400
401
1220
1223
1228
1224
404
405
1251
1258
404
405
418
1252
3631
1255
1260
3632
420
1257
407
1277
1896
4404
1281
1284
4620
412
413
414
1270
1272
1274
412
413
433
1278
1279
1282
1898
412
414
1899
413
414
435
1286
1288
1291
1900
437
1293
1294
1297
416
440
1333
442
1331
1338
419
420
1353
1360
419
420
1354
3633
1357
1362
3634
1358
423
424
1371
1378
423
424
451
1372
3635
1375
1380
3637
453
1377
429
430
431
1389
1395
429
431
1390
1924
4593
429
430
1925
430
431
1396
4596
1392
1926
1399
1394
1400
4599
436
437
438
2996
3088
3090
3092
436
437
767
768
771
1931
436
438
1932
2998
437
438
1933
3000
3095
3097
3100
781
782
785
3002
441
442
1408
1412
1416
441
442
1417
1414
1420
1411
1421
447
448
449
1441
1448
1454
448
449
517
1442
447
448
1449
447
449
519
1455
1451
1458
1445
1452
522
1447
1460
452
453
1474
1481
452
453
1475
3639
1478
1483
3641
1479
456
457
1492
1499
456
457
531
1493
3643
1496
1501
3646
533
1498
462
463
464
1510
3206
462
464
1976
3207
4608
462
463
1977
463
464
1511
4533
1979
3210
1514
1515
3212
4614
469
470
471
1517
1524
3220
470
471
524
3221
469
470
1518
469
471
526
1525
1521
1528
1522
3225
529
1530
3226
476
477
478
1538
1545
1552
477
478
1539
476
477
1546
476
478
498
1553
1549
1556
1542
1550
499
1544
1558
481
482
1566
1573
481
482
535
1567
3649
1570
1575
3652
537
1572
485
486
1584
1591
485
486
501
1585
3655
1588
1593
3657
503
1590
3269
3270
3271
492
815
816
819
1996
3011
3277
3279
3281
3282
493
1997
3278
3280
3281
3282
492
493
3013
1998
3276
3277
3278
828
829
832
3015
3270
3272
3274
3275
3271
3273
3274
3275
496
497
1609
1611
496
497
510
2003
3659
1610
2004
511
1614
3662
499
1632
1630
1636
502
503
1650
1657
502
503
1651
3665
1654
1659
3666
1655
507
508
509
1675
1681
1683
507
509
512
1676
508
509
513
1678
1685
1682
1686
514
1680
511
2011
3667
1698
4631
514
515
1699
514
1701
1702
520
521
522
1717
1724
1731
521
522
1718
520
521
1725
520
522
1732
1728
1735
1722
1729
1723
1736
527
528
529
1752
1759
3248
528
529
3249
527
528
1753
527
529
1760
1756
1763
1757
3252
1764
3253
532
533
1780
1787
532
533
1781
3672
1784
1789
3675
1785
536
537
1798
1805
536
537
1799
3678
1802
1807
3681
1803
540
2154
542
544
2155
3684
649
2156
2157
545
651
2159
2160
3685
547
654
2162
2163
3686
546
668
2165
3687
547
673
2166
3690
675
2167
2168
3692
676
2170
2171
3694
680
2173
2174
3697
549
2176
3699
2184
2186
3705
560
2274
2275
2278
554
563
1870
1871
1872
2299
2302
2304
2305
3289
3293
3294
555
564
2300
2301
2302
4639
578
2326
2327
2330
4643
582
2345
2348
2349
2351
3307
3309
583
2346
2347
2348
4646
566
2352
2353
567
2355
2356
568
576
2358
2359
3708
570
577
2361
2362
3709
2364
2365
2368
567
2376
2377
2380
568
581
2384
2385
2386
565
582
1879
1880
1881
2390
2393
2395
2396
583
2391
2392
2393
4517
571
584
2373
2374
2375
2383
2386
2388
2389
596
2397
2398
2401
2408
2409
2412
588
2416
2417
2418
571
589
599
1884
1885
3311
3314
3316
3317
590
600
3312
3313
3314
591
2406
2407
2415
2418
2420
2421
575
580
2422
3710
576
581
2423
3713
585
608
2424
2425
3715
587
2427
2428
3718
588
2430
2431
3721
590
611
2433
2434
3723
2436
2437
2440
4668
584
586
2444
2445
2446
2449
587
2443
2444
2447
588
2451
2452
2453
584
2457
2460
2461
2462
2458
2459
2460
4671
591
2450
2453
2454
2456
616
3318
3319
3322
591
2465
2466
2467
2470
2464
2465
2468
2472
2473
2474
591
620
3325
3328
3329
3331
621
3326
3327
3328
2471
2474
2475
2477
602
2478
2479
2482
603
2485
2486
2489
604
614
2493
2494
2495
606
615
2502
2503
2504
2508
2509
2512
603
2519
2520
2523
601
604
619
2028
2030
2032
2522
2523
2524
2525
3332
3334
3336
3338
601
620
1890
1891
3332
3335
3337
3338
621
3333
3334
3335
607
622
2517
2518
628
2526
2527
2530
2537
2538
2541
606
607
1901
2493
2495
2497
2540
2541
2542
2543
606
607
631
1894
1895
1902
632
1903
2502
2503
2506
2529
2530
2531
2532
1904
2535
2536
616
2544
2547
3725
613
618
2549
2550
2553
614
619
2557
2558
2559
621
2564
2565
3728
640
1898
2568
2569
2572
1900
2575
2576
2579
1901
2583
2584
2585
643
1903
2592
2593
2594
3339
3340
3343
618
622
1899
619
1900
2550
2553
2555
3340
3341
3342
3345
622
1901
2557
2559
2562
3346
3348
3351
3352
622
3346
3349
3350
3351
3347
3348
3349
1904
634
2604
2605
2608
4431
635
2611
2612
2615
636
646
3354
3355
3356
647
2619
2620
2621
4634
638
648
2607
2608
2609
2610
2618
2621
2622
2624
3353
3356
3358
3359
2631
2632
2635
635
2642
2643
2646
4432
632
633
636
1934
2645
2646
2647
2648
3256
3258
3260
632
633
1914
1915
1935
1936
2066
2067
2070
2634
2635
2636
2637
639
1937
2640
2641
656
2649
2650
2653
4433
2660
2661
2664
4434
638
639
2663
2664
2665
2666
3041
3354
3356
3358
638
639
659
1918
1919
3042
660
2652
2653
2654
2655
3043
2658
2659
3044
1931
2671
2672
2675
645
1933
3360
3361
3364
646
1934
3368
3369
3370
1936
2687
2688
2689
648
669
1925
1926
1927
1930
3038
3375
3376
3377
3380
3040
3374
3375
3378
3041
3382
3383
3384
672
2700
2701
2702
4635
674
2699
2702
2704
2705
3043
3381
3384
3385
3387
2712
2713
2716
662
2719
2720
2723
4437
675
3388
3390
3391
663
2726
2727
2730
4439
655
664
679
2729
2730
2731
2732
2733
2736
2737
2739
680
2734
2735
2736
666
681
2722
2723
2724
2725
3389
3391
3392
3394
2740
2741
2744
4440
663
2751
2752
2755
4442
660
661
664
2754
2755
2756
2757
3055
660
661
1947
1948
3056
2743
2744
2745
2746
3057
667
2749
2750
3058
689
2758
2759
2762
4444
2769
2770
2773
4447
666
667
2772
2773
2774
2775
3062
666
667
692
1951
1952
3063
693
2761
2762
2763
2764
3064
2767
2768
3065
676
2776
2777
2780
670
674
1954
1955
1956
1959
3052
671
678
2777
2778
2779
2782
3054
674
679
2790
2792
2794
2796
3055
2784
2785
2786
4637
680
2791
2792
2793
2783
2786
2787
2789
3057
701
3395
3397
3398
2797
2798
2801
678
681
703
3047
3048
3049
3051
3059
679
2798
2799
2800
2803
3061
681
2804
2807
2809
2810
3062
2805
2806
2807
707
3064
3396
3398
3400
3401
2811
2812
2813
695
2818
2819
2822
708
2825
2826
2829
4520
696
2832
2833
2836
4452
711
3402
3403
3406
688
697
713
2835
2836
2837
2838
3405
3406
3407
3408
699
714
2148
2149
2151
2821
2822
2823
2824
2828
2829
2830
2831
2839
2840
2843
4453
696
2850
2851
2854
4456
693
694
697
2853
2854
2855
2856
3076
693
694
1969
1970
3077
2842
2843
2844
2845
3078
700
2848
2849
3079
715
2857
2858
2861
2868
2869
2872
4458
699
700
2871
2872
2873
2874
3083
699
700
719
1973
1974
3084
720
2860
2861
2862
2863
3085
2866
2867
3086
3409
3410
3413
704
705
709
869
870
872
3067
3069
3070
3071
3417
3418
3422
705
707
3068
3069
3071
3072
3073
706
711
877
878
879
3410
3411
3412
3414
3424
3427
3429
706
712
3075
707
713
3076
3078
3412
3413
3414
3415
2875
2876
2879
3730
3416
3417
3418
712
714
726
1977
1979
1980
1981
2937
2941
2942
3080
3423
3424
3427
713
3082
3418
3420
3421
3422
714
3083
3426
3427
3428
3429
729
2878
2879
2880
2881
2955
2956
2959
3085
2882
2883
2886
722
2889
2890
2893
723
2896
2897
2900
724
1999
3431
3432
3433
720
721
1984
1985
1986
2000
2001
2148
2150
2152
2885
2886
2887
2888
3430
3432
3434
3436
725
2002
2892
2893
2894
2895
3430
3433
3435
3436
2905
2906
2909
2912
2913
2916
732
2920
2921
2922
4686
733
2908
2909
2910
2911
2919
2922
2924
2925
2926
2929
2930
2932
1996
2937
2938
2941
1998
2944
2947
3732
1999
2950
2951
3735
2001
2955
2956
2957
733
1997
2004
2005
2964
2965
2966
2969
1998
2963
2964
2967
4689
1999
2971
2972
2973
4692
2002
2970
2973
2974
2976
2977
2979
2983
2984
736
1144
1157
3737
1150
1171
3740
741
742
743
749
756
3743
741
742
750
1270
741
743
1271
1300
3746
742
743
757
1301
754
1273
3748
755
759
760
1303
3751
747
748
749
756
3753
747
748
752
2544
3159
748
758
1148
3160
3756
753
2545
4734
755
759
3162
753
754
755
4722
754
755
1286
753
754
1287
2549
4725
753
755
2550
2551
4728
1290
4731
759
760
4737
759
760
1312
3165
759
1154
3166
3759
3168
1314
4740
763
764
776
3094
3762
763
764
1391
2667
3096
4424
2668
3098
4742
778
1393
3099
4745
769
770
771
780
3094
769
770
1277
2671
769
771
2672
3097
770
771
782
1279
2673
3098
784
1281
785
3100
774
775
776
780
3765
774
775
783
1283
1409
4427
784
1284
4748
779
786
1410
4751
778
779
3087
3768
778
779
1403
1424
3089
4429
1405
3091
4753
1425
3093
4756
784
785
786
3087
785
786
1428
3090
784
785
1294
784
786
1295
1429
1296
3092
1431
3093
791
792
793
801
791
792
2776
3771
792
793
802
892
1705
791
793
1706
2777
2778
805
3774
806
1708
798
799
800
801
798
799
1396
3777
798
800
803
1719
3780
799
800
1398
1720
805
3782
1399
807
1721
805
806
807
805
806
893
1711
805
807
1739
3785
806
807
1713
1741
3787
1714
1742
811
812
822
827
3790
811
823
3269
3793
811
812
828
1625
3270
826
832
3272
833
1627
3796
817
818
819
822
827
4527
817
818
2937
817
819
824
2938
818
819
829
825
2939
4536
831
826
832
821
830
1513
1629
3798
831
1514
4761
825
826
4758
826
3276
3800
825
826
2944
3277
2945
4772
3279
831
832
833
4764
832
833
1639
831
832
831
833
1640
1642
4770
838
839
840
846
838
839
2107
839
840
854
838
840
848
855
2109
850
2111
851
857
844
845
846
844
2159
3262
844
845
849
865
3263
850
3264
852
867
3803
850
851
852
851
852
858
876
4913
850
851
859
850
852
877
862
880
4914
856
2811
857
856
857
859
2813
861
2815
862
862
887
4915
861
862
3402
861
888
3403
4916
3404
866
867
875
3804
866
2167
3409
3807
866
867
877
3410
879
3411
880
3810
872
873
874
875
3812
872
874
915
872
873
878
883
873
874
884
916
3815
879
881
886
3818
919
3821
879
880
881
4918
880
881
887
4921
879
880
879
881
889
4923
891
4925
885
933
3416
4581
885
886
889
3417
886
934
3824
890
3419
4587
891
4943
891
4928
890
3423
4936
890
891
3424
3425
4946
4930
893
895
3827
900
3830
896
1704
2170
3833
896
900
1705
3836
902
1709
4967
899
922
3242
3839
899
901
906
3243
3842
902
3246
4970
902
1711
3844
902
911
1712
3847
1715
4973
904
909
1726
912
1740
907
944
3249
907
911
3250
3849
913
3252
910
1753
910
912
1754
913
1757
913
1767
3850
913
1768
1770
918
919
920
926
3851
918
919
919
920
934
3854
918
920
928
935
930
3857
931
936
3860
924
925
926
3863
924
3102
3866
924
925
929
945
3103
930
3105
932
946
4988
930
931
932
4978
931
932
938
956
4981
930
931
939
930
932
957
941
4983
959
4986
937
3207
4611
936
3869
936
937
939
3209
941
4992
942
3212
4995
941
967
4990
941
942
3215
942
968
3216
4998
5008
3218
5002
946
947
955
947
3221
946
947
957
3222
959
5013
961
3225
952
953
954
955
952
954
1518
953
954
958
963
1519
952
953
964
960
965
961
1522
959
960
961
959
960
967
5011
959
961
960
961
969
5012
970
966
1546
965
966
969
1547
965
970
971
1550
970
3872
971
3229
3873
970
971
3230
3231
973
1001
976
977
980
3887
976
977
987
2222
3890
2223
3893
982
989
3896
979
980
3899
983
1004
5032
982
983
5022
982
983
997
1011
5025
998
5027
1014
5030
985
1045
2230
4466
995
1047
5044
988
989
996
3905
988
989
2232
3908
2233
3911
998
3914
992
993
996
3917
992
993
994
1018
1049
999
1021
3920
995
1050
995
1031
1057
4469
1058
5047
998
999
5034
998
999
1034
5037
5039
1038
5042
1003
1004
1010
1003
1003
1004
1013
1014
5052
1008
1009
1010
1009
1012
1026
1008
1009
1027
1015
1030
1013
1014
1015
1014
1015
1034
5050
1013
1015
1036
5051
1039
1020
1021
1022
1033
1020
1022
1091
1021
1022
1031
1092
1020
1021
1035
1037
1038
3922
1032
1094
1024
1097
1032
1099
1028
1029
1030
1033
1028
1030
1036
1029
1030
1037
1039
1032
1106
4471
1107
1037
1038
1039
1038
1039
5053
1037
1038
1037
1039
5054
1042
1043
1052
1056
3112
3923
1042
1043
1062
1087
3113
4477
1055
1064
3114
5081
1059
1088
3115
5084
1046
1047
1052
1056
3926
1046
1047
2306
4479
1054
2307
5086
1058
5089
1050
1051
1056
3112
1050
1051
1057
1092
1058
1059
1095
3115
1054
1055
3108
3929
1054
1055
1075
2310
3109
4482
2311
3110
5095
1078
3111
5092
1058
1059
3932
1058
1059
1106
4485
5100
1108
5098
1063
1064
1065
1073
1079
3120
1063
1065
1080
1114
4487
1064
1065
1115
3121
4489
1077
1083
5055
1078
3122
5103
1084
1116
3123
1070
1071
1072
1073
1079
1070
1072
1164
2326
1070
1071
1074
2327
5058
1071
1072
1081
1166
5061
1076
2328
1077
1083
5064
1085
1169
1076
1077
1078
3116
1076
1077
2333
5067
1076
1078
2334
3117
4491
2335
3118
5070
3119
5106
1083
1084
1085
1083
1084
1132
5073
1083
1085
1179
5075
1084
1085
1133
1180
5078
1135
1182
1088
1089
1105
1109
3124
1088
1089
1115
3125
4495
1108
3128
5111
1112
1118
3129
1093
1094
1095
1105
3124
1093
1094
1094
1095
1106
3127
1107
1108
3128
1098
1099
1105
1109
1098
1099
1111
1107
1103
1104
1109
3124
1104
1127
3126
1103
1104
1110
1128
1111
1112
1130
3129
1107
1108
1107
1108
4496
5112
1111
1112
1111
1112
1140
1143
1116
1117
1118
1131
1138
3130
1116
1117
1132
5109
1116
1118
3131
4497
1135
3134
1136
1142
1143
3135
1123
1124
1125
1131
1138
1123
1125
1220
1124
1125
1134
1221
1123
1124
1139
1141
1136
1142
1137
1224
1129
1130
1138
3130
1130
3132
1129
1130
1140
1141
1143
3135
1135
1136
1137
1135
1136
5110
1135
1137
1232
1136
1137
1233
1234
1141
1142
1143
1141
1142
1141
1143
1146
1150
1185
3935
1146
1153
1186
1200
3938
1152
1155
1188
5113
1149
1151
2424
3138
3940
1149
1154
3139
3943
1152
1155
3141
5116
1152
1192
3946
1152
1193
2427
3949
1196
5119
1155
1206
3144
3952
1155
3145
3954
3147
5122
1160
1161
1162
1170
1177
1160
1161
1171
1185
1160
1162
1178
1213
4694
1161
1162
1187
1214
1175
1181
4696
1176
1189
1183
1216
1167
1168
1169
1170
1177
1167
1169
2436
1167
1168
1172
2437
4699
1168
1169
1179
4702
1174
2438
1175
1181
4705
1182
1174
1175
1176
1175
1176
1192
1174
1175
2443
4708
1174
1176
1194
2444
2445
4711
1197
1181
1182
1183
1181
1183
1231
4714
1181
1182
4716
1182
1183
1232
4719
1235
1188
1189
1190
1191
3143
1188
1189
1192
1188
1190
1245
3144
1189
1190
1246
1196
3147
1197
1248
3148
1195
1196
1197
3136
1196
1197
1195
1196
2464
3138
1195
1197
2465
2466
3140
3141
1199
1201
1215
1209
1238
1202
1206
1245
3957
1202
1209
1247
1208
1211
1249
1205
1207
1253
1307
1205
1210
1254
1208
1211
1256
1208
3151
3958
1208
1313
3153
3155
1211
1263
1211
1264
1267
1216
1217
1218
1230
1237
1216
1217
1231
5125
1216
1218
1246
1217
1218
1238
1247
1235
1236
1242
1243
1250
1223
1224
1225
1230
1237
1223
1224
1224
1225
1233
1223
1225
1239
1241
1234
1236
1242
1228
1229
1237
1228
1229
1240
1259
1241
1243
1261
1234
1235
1236
1235
1236
5126
1234
1235
1234
1236
1241
1242
1243
1242
1243
1263
1241
1242
1241
1243
1265
1268
1248
1249
1250
1262
3150
1248
1249
3151
1248
1250
1249
1250
1263
3154
1267
3155
1268
1255
1256
1257
1262
3150
1255
1257
1354
1256
1257
1355
3153
1255
1256
1264
1266
1267
3155
1358
3156
1260
1261
1262
1260
1261
1265
1266
3959
1268
1266
1267
1268
1267
1268
1266
1267
1266
1268
1273
1274
1275
1285
1292
3960
1273
1274
1286
1273
1275
1324
3963
1274
1275
1293
1325
1290
3965
1291
1297
1298
1327
3968
1280
1281
1282
1285
1292
4623
1280
1281
2568
1280
1282
1288
2569
1281
1282
1294
1289
2570
4626
1296
1291
1297
1284
1295
1330
4499
1296
5139
1289
1290
1291
5127
1290
1291
1289
1290
2575
5130
1289
1291
2576
2577
5133
5136
1296
1297
1298
5142
1297
1298
1340
1296
1297
1296
1298
1341
1343
5145
1303
1304
1305
1311
1316
1303
1304
1324
3970
1303
1305
1312
1304
1305
1317
1326
1314
3971
1321
1328
1315
1322
1309
1310
1311
1316
1310
1313
1355
1309
1310
1319
1356
1320
1315
1322
1359
1314
1315
1314
1315
3172
1315
3174
5147
3177
1320
1321
1322
1321
1322
1347
1365
1320
1321
1348
1320
1322
1366
1351
1369
1327
1328
1329
1339
1346
1327
1328
3972
1327
1329
1340
1328
1329
1347
1343
3973
1351
1344
1352
1331
1341
1409
4501
1345
1411
1336
1337
1338
1339
1346
1336
1338
1417
1337
1338
1342
1373
1418
1336
1337
1349
1374
1350
1344
1352
1376
1345
1421
1343
1344
1345
1343
1344
1343
1345
1429
1344
1345
1430
5148
1432
1350
1351
1352
1351
1352
1383
1350
1351
1350
1352
1384
1387
1357
1358
1359
1364
3171
1357
1358
1358
1359
3174
1357
1359
1366
1368
3175
1369
3177
1362
1363
1364
1362
1363
1367
1379
3974
1368
3975
1370
1381
1368
1369
1370
1369
1370
1383
1368
1369
1368
1370
1385
3976
1388
1375
1376
1377
1382
1375
1377
1475
3977
1376
1377
1476
1375
1376
1384
1386
3978
1387
1479
1380
1381
1382
1380
1381
1385
3979
1386
3981
1388
1386
1387
1388
1387
1388
1386
1387
1386
1388
3983
3984
1392
1393
1394
1402
3185
1392
1394
2693
4949
1392
1393
2694
3187
4502
2695
3189
1405
3190
5149
1406
5152
1399
1400
1401
1402
1399
1400
4952
1400
1401
1404
1443
4955
1399
1401
1444
1406
4957
1407
1446
1405
1406
1407
3178
1405
1407
1462
3180
4505
1406
1407
1463
4960
3182
5155
4962
1465
3184
1410
1411
1423
1427
1410
1411
1429
4507
1425
1431
5158
1432
1414
1415
1423
1434
1414
1415
1436
1450
1438
1426
1439
1453
1420
1421
1422
1427
1434
1420
1421
1421
1422
1430
1476
1420
1422
1437
1477
1438
1432
1433
1440
1480
1425
1426
3192
1425
1426
1462
3193
4508
3196
5159
1466
3197
1431
1432
1433
3192
1431
1433
3194
1431
1432
1432
1433
3196
3198
1438
1439
1440
3192
1439
1440
1468
1486
3195
1438
1439
1469
1438
1440
1487
1472
3197
1490
3198
1445
1446
1447
1461
1445
1447
1718
1445
1446
1463
4965
1446
1447
1720
1464
1465
1723
1451
1452
1453
1461
1467
1451
1452
1451
1453
1469
1471
1464
1466
1472
1458
1459
1460
1467
1458
1460
1732
1459
1460
1494
1733
1458
1459
1470
1495
1471
1473
1497
1736
1464
1465
1466
3199
1465
1466
3200
4509
1464
1465
4966
3203
3204
1471
1472
1473
3199
1472
1473
1504
3202
1471
1472
1471
1473
1505
3204
1508
3205
1478
1479
1480
1485
1478
1479
3985
1479
1480
1478
1480
1487
3986
1489
3987
1490
1483
1484
1485
1483
1484
1488
1500
3988
1489
3991
1491
1502
1489
1490
1491
1490
1491
1504
1489
1490
3993
1489
1491
1506
3994
3996
1509
1496
1497
1498
1503
1496
1498
1781
3998
1497
1498
1782
1496
1497
1505
4000
1507
4001
1508
1785
1501
1502
1503
1501
1502
1506
4003
1507
4006
1509
1507
1508
1509
1508
1509
1507
1508
4009
1507
1509
4010
4012
1514
1515
1516
3213
1514
1515
4767
1515
1516
1540
3216
5000
1514
1516
1541
3218
5005
1543
3219
1521
1522
1523
1531
1521
1522
1522
1523
1547
1521
1523
1533
1548
1535
1536
1551
1528
1529
1530
1531
1528
1530
1760
4014
1529
1530
1568
1761
1528
1529
1534
1569
4015
1535
4017
1537
1571
1764
1535
1536
1537
1536
1537
1560
1578
1535
1536
1561
4018
1535
1537
1579
4019
4021
1564
1582
1542
1543
1544
3227
1542
1544
1542
1543
3229
5014
1543
1544
1629
3231
3232
1630
1549
1550
1551
1559
3227
1549
1550
1550
1551
3230
1549
1551
1561
1563
3231
1564
3233
1556
1557
1558
1559
1556
1558
1632
1557
1558
1586
1633
1556
1557
1562
1587
1563
1565
1589
1636
1563
1564
1565
1564
1565
1596
1563
1564
1563
1565
1597
4022
1600
1570
1571
1572
1577
1570
1572
1799
4023
1571
1572
1800
1570
1571
1579
4026
1581
4029
1582
1803
1575
1576
1577
1575
1576
1580
1592
4032
1581
4035
1583
1594
1581
1582
1583
1582
1583
1596
1581
1582
4038
1581
1583
1598
4040
4043
1601
1588
1589
1590
1595
1588
1590
1651
4046
1589
1590
1652
1588
1589
1597
4047
1599
4048
1600
1655
1593
1594
1595
1593
1594
1598
4049
1599
4052
1601
1599
1600
1601
1600
1601
1599
1600
4054
1599
1601
4055
4057
1606
1607
1608
1615
1622
1606
1607
1616
3269
5160
1606
1608
1669
5163
1607
1608
1670
3271
1620
5165
1621
3273
1623
1672
1610
1615
1622
4059
1619
2961
5174
1613
1614
1622
1613
1614
1677
1697
4062
1623
1679
1698
4064
1619
1620
1621
1620
1621
3276
5168
1619
1620
2963
5171
1619
1621
2964
3278
2965
5177
3280
1623
4067
1689
5180
1627
1628
1638
1645
1627
1628
1639
3235
1628
1646
3237
1642
5182
1644
1649
3239
1630
1640
4515
1643
1635
1636
1637
1638
1645
1635
1636
1636
1637
1641
1652
1635
1637
1647
1653
1648
1643
1644
1649
1656
1642
1643
1644
1642
1644
1642
1643
1643
1644
5183
1648
1649
1649
1662
1648
1649
1663
1666
1654
1655
1656
1661
1654
1655
4070
1655
1656
1654
1656
1663
1665
1666
1659
1660
1661
1659
1660
1664
1684
1665
1667
1687
1665
1666
1667
3234
1666
1667
1691
3237
1665
1666
1665
1667
1693
3239
1696
3240
1672
1673
1674
1688
1690
1672
1673
5184
1672
1674
3236
1673
1674
1691
3237
1689
1695
1696
3240
1678
1679
1680
1688
1678
1680
1699
1679
1680
1700
4071
1689
1701
1682
1688
1690
1694
1685
1686
1687
1690
1686
1687
1693
1694
1696
1689
5185
1694
1695
1696
1695
1696
1694
1695
1694
1696
1698
1700
4072
5186
1701
1702
1701
4078
1707
1708
1709
1710
3017
1707
1709
2797
3018
1708
1709
1711
1707
1708
2798
2799
3021
1714
1715
3023
1714
1715
1716
3241
1714
1715
1715
1716
1767
3243
1714
1716
1769
3246
1771
3247
1721
1722
1723
1738
1722
1723
1721
1722
1739
4976
1721
1723
1742
1743
1728
1729
1730
1738
1745
1728
1729
1729
1730
1740
1754
1728
1730
1746
1755
1749
1743
1744
1750
1758
1735
1736
1737
1745
1735
1736
1736
1737
1782
1735
1737
1747
1783
4080
1749
1751
1786
1742
1743
1744
1742
1743
4977
1743
1744
1768
1742
1744
1769
1772
1749
1750
1751
1749
1750
1774
1749
1751
1792
4081
1750
1751
1776
1793
1778
1796
1756
1757
1758
1766
1773
1756
1757
1757
1758
1768
1756
1758
1774
1777
1770
1772
1778
1763
1764
1765
1773
1763
1764
4082
1764
1765
1800
1763
1765
1775
1801
4083
1777
4085
1779
1804
1770
1771
1772
3248
1770
1771
3250
1770
1772
1771
1772
3252
3254
1777
1778
1779
1777
1778
1777
1779
1810
4086
1778
1779
1811
4087
1814
1784
1785
1786
1791
1784
1785
4088
1785
1786
1784
1786
1792
4090
1795
4092
1796
1789
1790
1791
1789
1790
1794
1806
4095
1795
4098
1797
1808
1795
1796
1797
1795
1796
4101
1796
1797
1811
1795
1797
1812
4103
4106
1815
1802
1803
1804
1809
1802
1803
4109
1803
1804
1802
1804
1810
4112
1813
4114
1814
1807
1808
1809
1807
1808
1812
4117
1813
4120
1815
1813
1814
1815
1813
1814
4123
1814
1815
1813
1815
4125
4128
1817
1819
1886
2043
1818
2040
2045
1819
2041
2046
2057
1887
2048
2059
1822
1825
2072
1822
1826
1906
2079
1823
2074
2081
1825
1826
2075
2082
2093
1825
1826
1909
2094
2077
2097
1910
2084
2098
1830
1831
2107
1830
1833
1939
2114
1831
1833
1940
3262
1832
2110
2116
1832
2111
3264
1833
2112
2117
3265
1943
2119
3267
1835
1961
2128
1966
2133
2136
1838
1938
2156
1838
1940
2159
1944
2158
2161
1841
2167
3045
4131
1841
2170
3046
4134
2169
2172
3050
5207
1843
1844
2176
2177
1847
2184
1847
1848
2178
2185
1847
1848
2181
2187
2182
1853
1854
1862
2195
1853
1854
1855
2197
2204
1853
1855
2198
1854
1855
1865
2205
2201
1867
2196
2209
2203
2210
1857
2223
4149
2220
2224
4152
1859
1861
1873
2230
1860
2233
4155
1861
2234
2236
4158
1876
2231
2239
1863
1867
2246
1864
2247
2251
1866
1867
2248
2252
2264
1866
1867
2265
2254
2267
2249
2268
1869
1871
1877
2274
1870
2276
2282
1871
1872
2277
2283
1881
2280
2286
1874
1876
2306
1875
2307
3296
1876
2308
2318
3297
2309
2320
1878
1881
2364
1879
2366
2372
1880
1881
2367
2373
2374
2370
1883
1885
1888
2397
4539
1884
2399
2405
4540
1885
2400
2406
1891
2403
1887
2478
2483
2500
1889
1891
2508
4541
1890
2510
2516
4542
1891
2511
2517
2514
1893
1895
1912
2526
4543
1894
2528
2534
4545
1895
2529
2535
1915
2532
1897
1920
2568
4161
1923
2574
2590
5222
1900
1903
1931
2569
2572
2573
1900
1904
1901
2576
2579
2581
1903
1904
2583
2585
2588
1903
1904
1935
1936
2592
2593
2596
1907
1911
2598
1907
1910
2604
1908
2600
2606
1910
1911
2601
2607
2618
1910
1911
2619
2609
2622
2603
2623
1913
1915
2631
4547
1914
2633
2639
4549
1915
2634
2640
2637
1917
1919
1945
2649
4551
1918
2651
2657
4554
1919
2652
2658
1948
2655
1921
1923
2671
4413
1922
2668
2673
5225
1923
2669
2674
2678
4164
2676
2681
5228
1926
1929
2693
5189
1926
1930
1954
1927
2695
1929
1930
2696
2699
1929
1930
1957
2700
5192
2697
2703
5195
1959
2705
1933
1936
2672
2675
2677
1933
1937
3039
1934
3040
3361
3364
3366
1936
1937
3041
3368
3370
3373
1936
1937
2687
2688
2692
3044
1941
1944
2712
1941
1943
2719
1943
1944
3388
1942
2714
2721
1943
1944
2715
2722
3389
2724
3392
2718
3393
1946
1948
2740
4557
1947
2742
2748
4560
1948
2743
2749
2746
1950
1952
1967
2758
4563
1951
2760
2766
4566
1952
2761
2767
1970
2764
1955
1958
2776
5198
1955
1959
1956
2778
1958
1959
2779
2783
1958
1959
2784
5201
2781
2788
5204
2789
1963
1964
2811
1963
1966
2818
1964
1966
2825
1965
2814
2820
1965
2815
2827
1966
2816
2821
2828
2823
2830
1968
1970
2839
4569
1969
2841
2847
4572
1970
2842
2848
2845
1972
1974
1982
2857
4575
1973
2859
2865
4577
1974
2860
2866
1986
2863
1978
1981
2875
4167
1978
1979
3416
4584
1979
1981
1994
1980
2877
3419
4590
1980
3420
1981
2878
3421
1995
2881
1983
1986
2882
4579
1984
2884
2891
4580
1985
1986
2885
2892
2894
2888
1989
1992
2007
1989
1993
2905
1990
2903
2907
1992
1993
2904
2908
2926
1992
1993
2008
2927
2010
2931
2911
2932
1995
2937
4416
2936
2942
5231
2001
2938
2941
2943
3080
3437
3440
3441
3443
2002
3438
3440
3442
3443
3437
3438
3439
3444
3445
3446
2001
2002
3084
2956
2957
2960
3085
3445
3447
3448
3450
3446
3447
3449
3450
2004
2006
2011
4170
2005
2961
2006
2962
2977
2012
2980
4173
2010
2009
2010
2983
2985
2986
2012
4176
2988
5240
2014
2356
2380
2358
2384
2016
2019
2021
2509
2017
2022
2019
2023
2034
2019
2035
2353
2512
2026
2037
2513
2022
2025
2485
2022
2026
2519
2023
2025
2026
2027
2025
2026
2028
2489
2523
2031
2490
2032
2524
2031
2032
2033
2034
2031
2032
2493
2031
2033
2494
2558
4181
2032
2033
2036
2559
2496
2037
2038
2560
4182
2037
2038
2037
2361
3333
2037
2038
2565
3334
3336
2566
5247
2040
2042
2050
2599
2041
2052
2042
2053
2061
2055
2063
2602
2045
2048
2478
2045
2049
2051
2632
2046
2052
2048
2049
2053
2065
2048
2049
2066
2482
2635
2069
2483
2056
2070
2636
2052
2055
2611
2052
2056
2642
2053
2055
2056
3255
2055
2056
2615
2646
3256
2616
3259
2647
3260
2059
2060
2061
2065
2059
2060
2068
2499
2679
4518
2069
2500
2064
2071
2680
5248
2063
2064
3255
2063
2064
2626
2683
3257
4519
2628
3259
2684
3261
5249
2069
2070
2071
3255
2069
2070
2502
2070
2071
2688
3258
2069
2071
2504
2689
2505
3260
2690
3261
2074
2077
2074
2078
2086
2713
2075
2088
2077
2078
2089
2100
2077
2078
2101
2154
2716
2104
2091
2105
2717
2081
2084
2604
2081
2085
2087
2741
4816
2082
2088
2084
2085
2089
2084
2085
2608
2744
2609
2092
2745
2088
2091
2726
2088
2092
2751
4817
2089
2091
2092
2091
2092
2730
2755
2731
2756
2097
2098
2099
2100
2097
2098
2619
2097
2099
2103
2785
4183
2098
2099
2621
2786
2104
2622
2106
2787
2104
2105
2106
2104
2105
2155
2734
2105
2106
2736
2792
2104
2106
2793
4184
2737
2794
2110
2111
2110
2113
2121
2812
2111
2113
2813
2112
2123
2112
2113
2124
2126
2817
2116
2119
2719
4867
2116
2120
2122
2840
4868
2117
2123
4870
2119
2120
2124
2119
2120
2723
2843
2724
2127
2844
2123
2126
2832
4871
2123
2127
2850
4872
2124
4874
2126
2127
2126
2127
2836
2854
2837
2855
2130
2133
2818
2130
2134
2137
2883
2131
2138
2133
2134
2139
2147
2133
2134
2148
2822
2886
2151
2823
2141
2152
2887
2136
2149
2829
2935
4185
2151
2830
2138
2141
2896
2139
2141
2142
2141
2143
2900
2145
2901
2145
2146
2147
2145
3431
2145
2146
2150
2951
3432
2152
3434
2153
2952
5251
2151
2152
2153
2151
2152
2151
2153
2955
2152
2153
2957
2958
5250
2155
2157
2162
2158
2712
2158
2162
2716
2164
2718
2161
3388
2161
2163
2168
3390
4186
2164
3393
2164
2734
2164
2173
2735
4187
2738
2166
2171
2780
4188
2174
2791
4191
2169
3395
4194
2169
2173
3397
4197
2175
3399
5289
2172
2797
4199
2172
2174
2801
4202
2175
2802
5292
2175
2805
4205
2175
2806
4207
2808
5295
2177
2184
2181
2182
2183
2189
2182
2183
2199
2181
2183
2190
2200
2192
2193
2202
2187
2187
2188
2189
2187
2188
2192
2194
2221
5298
2192
2193
2194
2192
2193
2214
2193
2194
2215
2227
5299
2217
2228
5300
2196
2246
2212
2249
2201
2202
2203
2213
2201
2203
2201
2202
2202
2203
2214
2217
2219
2208
2209
2210
2213
2209
2210
2265
2208
2209
2211
2237
2266
2208
2210
2216
2218
2238
4230
2212
2268
2219
2212
2240
2271
4231
2272
2217
2218
2219
2217
2219
2217
2218
2243
5301
2218
2219
2244
5302
2221
2226
4235
2228
5303
2223
2225
2232
4238
2224
4241
2225
2226
4244
2229
2235
4247
2228
2229
5305
2228
2229
2243
5308
5310
2245
5312
2231
2306
4250
2241
2309
5315
2233
2235
4253
2234
4256
2235
2242
4259
2245
4262
2238
2239
2242
4265
2238
2239
2240
2319
2244
4268
2241
2320
2241
2323
4270
2324
5328
2244
2245
5318
2244
2245
5321
5323
5325
2247
2249
2248
2257
2249
2258
2270
2272
2251
2255
2256
2281
2252
2257
2254
2255
2258
3283
2254
2255
2284
3284
3286
2259
2285
3287
2257
2259
2288
2258
2259
2260
2262
2292
2262
2263
2270
3283
2262
2263
2295
2315
3285
4640
2297
3287
2273
2316
3288
5333
2267
2268
2269
2270
3283
2267
2268
2268
2269
2271
2319
3286
2272
2273
2321
3288
2272
2273
2272
2273
2323
4641
2325
5334
2276
2280
2364
2276
2279
2287
2277
2289
2279
2280
2290
2299
2279
2280
2300
2368
2291
2303
2305
2370
2282
2285
2288
2283
2289
2285
2286
2290
3289
2285
2286
3290
2292
3292
3294
2289
2291
2289
2292
2290
2291
2292
2293
2296
2297
2296
2297
2298
2299
3289
2296
2298
2301
2340
5331
2297
2298
2341
3291
4642
2303
3292
2304
2342
3293
2303
2304
2305
2303
2305
2391
2303
2304
2347
5332
2304
2305
2348
2393
2349
2395
2307
2309
4648
2308
2311
5352
2309
2312
2322
4272
2324
5355
2311
2313
2334
3295
4651
2312
3296
5358
2313
2314
3297
4275
2317
2338
3298
5361
2316
2317
2322
3299
4278
2316
2317
2341
3300
4654
2325
3301
5367
2344
3302
5364
2320
2321
2322
3299
2320
2321
2323
2324
2325
3301
2324
2325
4281
2324
2325
4656
5369
5372
2328
2332
2436
2328
2331
2333
5335
2329
2335
2331
2332
2336
2345
2331
2332
2346
2440
5338
2337
2350
5341
2351
2441
2335
2337
4658
2335
2338
3303
4661
2336
3304
2337
2338
2339
3305
2343
5374
2344
3306
5377
2342
2343
2344
2345
3307
2342
2343
2347
4664
2342
2344
3308
4666
2349
3309
2350
5380
3310
5383
2349
2350
2351
2350
2351
2458
5344
2349
2350
5347
2349
2351
2460
5349
2461
2354
2355
2398
2354
2361
2401
2357
2363
2402
2357
2408
2357
2358
2412
2360
2413
2360
2416
2360
2362
2417
2431
4284
2363
2419
2363
3312
2363
2434
3313
4285
3315
2366
2370
2366
2369
2376
2367
2378
2369
2370
2379
2390
2369
2370
2391
2381
2394
2395
2372
2375
2377
2404
2373
2378
2374
2375
2379
2382
2407
2378
2381
2378
2382
2409
2379
2381
2382
2383
2381
2382
2384
2412
2387
2388
2414
2387
2388
2389
2390
2387
2388
2416
2387
2389
2392
2452
5245
2388
2389
2418
2453
2394
2420
2396
2454
2394
2395
2396
2394
2395
2394
2396
2459
5246
2395
2396
2460
2462
2399
2403
2508
2399
2402
2408
2400
2410
2402
2403
2411
3311
2402
2403
2512
3312
2413
3315
2514
3317
2405
2407
2409
2406
2410
4775
2407
2411
2414
2410
2413
2410
2414
2411
2413
2414
2415
2413
2414
2416
2419
2420
2419
2420
2421
3311
2419
2420
2419
2421
2473
3313
2420
2421
2474
3315
2475
3316
2423
2428
2447
4286
2430
2451
4289
2426
2427
3319
4292
2426
2433
2547
3322
4295
2429
2435
3323
5414
2429
2464
4298
2429
2430
2468
4301
2432
2469
5417
2432
2472
4304
2432
2434
2473
4307
2435
2476
5420
2435
2564
3326
4309
2435
3327
4312
3330
5423
2438
2441
2438
2442
2443
5386
2439
2445
2441
2442
2446
2457
2441
2442
2458
5389
2461
2448
2463
5392
2445
2448
5395
2445
2449
2465
2446
2448
2449
2450
2448
2449
2451
2468
2455
5398
2456
2470
2454
2455
2456
2457
2455
2456
2472
2454
2455
2459
5401
2454
2456
2474
2462
2463
5403
2477
2461
2462
2463
2461
2463
5406
2462
2463
5409
2461
2462
5411
2466
2469
3319
2466
2470
2467
3320
2469
2470
2471
3321
2469
2470
2472
2476
3323
2477
2475
2476
2477
3325
2476
2477
2475
2476
3327
2475
2477
3329
3330
2480
2483
2480
2484
2486
2527
2481
2487
2483
2484
2488
2501
2483
2484
2502
2530
2505
2491
2506
2531
2487
2490
2487
2491
2537
2488
2490
2491
2492
2490
2491
2493
2541
2496
2497
2542
2496
2497
2498
2501
2496
2497
2496
2498
2584
4314
2497
2498
2503
2585
2506
2507
2586
4315
2500
2504
2589
4316
2505
2505
2506
2507
2505
2506
2506
2507
2593
2505
2507
2594
2595
5426
2510
2514
2510
2513
2519
2511
2521
2513
2514
2522
3332
2513
2514
3333
2524
3336
3337
2516
2518
2520
2533
4776
2517
2521
4777
2518
2522
2525
2536
2521
2524
2521
2525
2538
4778
2522
2524
2525
2524
2525
2541
2543
2528
2532
2631
4779
2528
2531
2537
2529
2539
4780
2531
2532
2540
2531
2532
2635
2542
2637
2534
2536
2538
4781
2535
2539
4783
2536
2540
2543
2539
2542
2539
2543
4785
2540
4786
2542
2543
2542
2543
2545
2548
2550
3340
2546
2551
5210
2548
2552
2563
5213
2548
2564
3343
4317
2555
2567
3345
2551
2554
2575
5427
2551
2555
2552
5430
2554
2555
2556
5433
2554
2555
2557
2579
2561
2580
5436
2562
2560
2561
2562
2563
4320
2561
2562
2583
2560
2561
2584
4323
2560
2562
2565
2566
4325
2587
4327
2567
2566
2567
4330
2567
3347
4333
2566
2567
3348
5439
3352
2570
2574
2671
2570
2573
2576
2571
2577
5216
2573
2574
2578
2591
5219
2573
2574
2592
2675
2581
2596
2597
2676
2577
2580
5441
2577
2581
2578
5444
2580
2581
2582
5447
2580
2581
2583
2587
5450
2588
2586
2587
2588
2591
4336
2587
2588
2586
2587
4339
2586
2588
2593
2595
4341
4343
2596
2590
2594
2679
4346
2597
2681
5453
2595
2596
2597
5456
2596
2597
2687
2595
2596
2595
2597
2689
5459
2691
2600
2603
2600
2602
2611
2601
2613
2602
2603
2614
2625
2616
2628
2629
2606
2609
2606
2610
2612
2650
2607
2613
2609
2610
2614
2609
2610
2653
2617
2654
2613
2616
2613
2617
2660
2614
2616
2617
3353
2616
2617
2664
3354
3357
2665
3358
2622
2623
2624
2625
2622
2623
2623
2624
2627
2701
5252
2622
2624
2702
2629
2630
2704
2628
2629
2630
3353
2628
2630
2707
3355
4673
2629
2630
2708
5253
3357
2710
3359
2633
2637
4787
2633
2636
2642
4788
2634
2644
4789
2636
2637
2645
2636
2637
2647
2639
2641
2643
2656
4790
2640
2644
4793
2641
2645
2648
2659
2644
2647
4795
2644
2648
2661
4796
2645
4798
2647
2648
2647
2648
2664
2666
2651
2655
2740
4800
2651
2654
2660
4802
2652
2662
4803
2654
2655
2663
2654
2655
2744
2665
2746
2657
2659
2661
4805
2658
2662
4808
2659
2663
2666
2662
2665
4811
2662
2666
4812
2663
4814
2665
2666
2665
2666
2668
2670
2694
3360
4674
2669
3362
5461
2670
2682
3363
4348
2685
2698
3365
5464
2673
2676
2673
2677
3361
2674
3362
2676
2677
2686
3363
2676
2677
2687
2691
2692
3366
2680
2681
2682
2686
4351
2680
2681
2689
4677
2684
2690
5470
2691
5467
2684
2685
3367
4354
2684
2685
2707
3369
4679
3371
5475
2711
3372
5472
2690
2691
2692
3367
2691
2692
2690
2692
3370
2690
2691
3371
3373
2695
2697
5254
2695
2698
3374
4681
2696
3376
2697
2698
2706
3377
2709
5477
2711
3379
5480
2703
2704
2705
2706
2703
2705
2784
5257
2703
2704
2708
5260
2704
2705
2786
2709
5262
2710
2789
2709
2710
2711
3381
2710
2711
3383
4684
2709
2710
5265
5267
3385
3386
5483
2714
2718
2714
2717
2726
2715
2728
2717
2718
2729
2733
2717
2718
2734
2731
2737
2738
2721
2724
4818
2721
2725
2727
2759
4819
2722
2728
4821
2724
2725
2729
2724
2725
2762
2732
2763
2728
2731
2728
2732
2769
4822
2729
4823
2731
2732
2731
2732
2773
2774
2737
2738
2739
3389
2737
2738
2738
2739
2805
3390
2737
2739
2807
3393
2809
3394
2742
2746
4824
2742
2745
2751
4826
2743
2753
4828
2745
2746
2754
2745
2746
2756
2748
2750
2752
2765
4831
2749
2753
4834
2750
2754
2757
2768
2753
2756
4837
2753
2757
2770
4839
2754
4842
2756
2757
2756
2757
2773
2775
2760
2764
2839
4845
2760
2763
2769
4848
2761
2771
4850
2763
2764
2772
2763
2764
2843
2774
2845
2766
2768
2770
4853
2767
2771
4856
2768
2772
2775
2771
2774
4859
2771
2775
4861
2772
4864
2774
2775
2774
2775
2778
2781
5270
2778
2782
2798
2779
2781
2782
2790
2781
2782
2791
2801
2795
5273
2796
2803
2787
2788
2789
2790
2788
2789
5276
2787
2788
2793
5279
2787
2789
2794
2795
5281
2794
2795
2796
2795
2796
2806
2794
2796
2807
2794
2795
5284
5286
2810
2799
2802
3046
2799
2803
2800
3048
2802
2803
2804
3049
2802
2803
2806
2808
3050
2810
2808
2809
2810
3396
2808
2809
3397
2808
2810
2809
2810
3399
3400
2814
2815
2814
2817
2832
2815
2817
3402
2816
2834
2816
3404
2817
2835
3405
2837
3407
2820
2823
2820
2824
2833
2858
2821
2834
2823
2824
2835
2823
2824
2861
2838
2862
2827
2830
2827
2831
2876
3403
4917
2828
3404
2830
2831
3405
2830
2831
2879
2880
3408
2834
2837
2834
2838
2868
4875
2835
2837
2838
2837
2838
2872
2873
2841
2845
4876
2841
2844
2850
4879
2842
2852
4882
2844
2845
2853
2844
2845
2855
2847
2849
2851
2864
4885
2848
2852
4888
2849
2853
2856
2867
2852
2855
4891
2852
2856
2869
4893
2853
4896
2855
2856
2855
2856
2872
2874
2859
2863
2882
4899
2859
2862
2868
4900
2860
2870
4901
2862
2863
2871
2862
2863
2886
2873
2888
2865
2867
2869
4902
2866
2870
4905
2867
2871
2874
2870
2873
4907
2870
2874
4908
2871
4910
2873
2874
2873
2874
2877
2881
4933
2877
2880
3423
4938
2878
3425
4940
2880
2881
3426
2880
2881
2935
3428
2936
2884
2888
4912
2884
2887
2896
2885
2898
2887
2888
2899
2887
2888
2901
2891
2894
2891
2895
2897
2906
2892
2898
2894
2895
2899
2894
2895
2909
2902
2910
2898
2901
2898
2902
2913
2899
2901
2902
3430
2901
2902
2916
3431
3434
2918
3435
2904
2914
2915
2933
2907
2911
2907
2910
2913
2908
2914
2910
2911
2915
2910
2911
2918
2914
2917
2914
2918
2915
2917
2918
2919
2917
2918
2920
2923
2924
2923
2924
2925
2933
2923
2924
3431
2923
2925
2972
4357
2924
2925
2973
3433
3435
2934
2974
2930
2931
2932
2933
2931
2932
2983
2930
2931
2978
2984
4358
2930
2932
2934
2979
2986
2934
2982
5486
2936
2955
4687
2959
5487
2939
2942
2939
2943
2944
2940
2945
5234
2942
2943
2946
2954
5237
2942
2943
2956
2959
2948
2960
2945
2948
3437
2946
5498
2948
2949
5495
2948
2950
3439
4359
2953
3441
2952
2953
2954
4362
2953
3444
4365
2952
2953
2957
3445
2958
5501
2960
3448
2958
2959
2960
5490
2958
2959
2959
2960
2958
2960
5493
2962
2965
5512
2966
2981
4368
2965
2968
5515
2965
2969
3438
2966
2968
2969
2970
2968
2969
2971
3439
5503
2975
5518
2976
3442
2974
2975
2976
2981
2975
2976
3444
5506
2974
2975
4371
2974
2976
3446
2982
5509
3449
2979
2980
2981
2979
2980
2987
4373
2982
2988
4375
2982
4378
5521
2985
2986
2986
2987
4381
2988
4383
4387
2993
2994
2995
3101
2993
2994
3067
2993
2995
3019
3068
2994
2995
3020
3102
3069
3105
3022
3107
3000
3001
3002
3179
3181
3183
3000
3001
3024
3038
3000
3002
3039
3001
3002
3025
3040
3186
3188
3191
3026
3007
3008
3009
3010
3007
3008
3031
3073
3007
3009
3012
3074
3008
3009
3032
3014
3075
3033
3016
3014
3015
3016
3014
3015
3080
3014
3016
3081
3015
3016
3082
3021
3022
3023
3241
3021
3023
3046
3021
3022
3047
3022
3023
3242
3048
3245
3246
3026
3029
3052
3026
3030
3027
3029
3030
3034
3029
3030
3035
3053
3036
3054
3037
3033
3036
3059
3033
3037
3034
3036
3037
3036
3037
3060
3061
3040
3043
3052
3040
3044
3041
3375
3378
3380
3043
3044
3382
3384
3387
3043
3044
3056
3057
3050
3051
3066
3395
3048
3050
3048
3051
3068
3049
3050
3051
3396
3399
3072
3401
3054
3057
3054
3058
3060
3055
3061
3057
3058
3062
3057
3058
3065
3061
3064
3073
3061
3065
3062
3064
3065
3064
3065
3077
3078
3070
3072
3409
3069
3070
3069
3072
3071
3071
3411
3072
3412
3415
3075
3078
3075
3079
3081
3076
3082
3078
3079
3083
3078
3079
3086
3082
3085
3082
3086
3083
3085
3086
3085
3086
3091
3092
3093
3094
3091
3092
3095
3179
3091
3093
3180
3193
3092
3093
3194
3099
3182
3100
3196
3098
3099
3100
3099
3100
3186
3098
3099
3187
3360
3098
3100
3361
3362
3190
3105
3106
3107
3105
3107
3242
3105
3106
3222
3106
3107
3223
3244
3224
3245
3110
3111
3112
3110
3111
3117
3295
3296
3114
3119
3114
3115
3114
3115
3121
3125
3122
3128
3118
3119
3120
3118
3119
3303
3304
3122
3122
3123
3122
3123
3131
3134
3127
3128
3129
3128
3129
3131
3127
3129
3132
3135
3133
3134
3135
3134
3135
3133
3135
3140
3141
3142
3143
3140
3142
3158
3318
3140
3141
3319
3141
3142
3145
3160
3320
3147
3149
3163
3147
3148
3149
3147
3148
3151
3147
3149
3166
3148
3149
3152
3167
3154
3169
3154
3155
3156
3154
3155
3154
3156
3173
3155
3156
3174
3175
3161
3162
3163
3164
3161
3163
3339
3161
3162
3340
3162
3163
3166
3341
3168
3169
3168
3169
3170
3168
3170
3172
3168
3169
3169
3170
3173
3176
3175
3176
3177
3176
3177
3175
3176
3175
3177
3182
3183
3184
3185
3182
3183
3186
3182
3184
3200
3183
3184
3201
3190
3191
3203
3189
3190
3191
3190
3191
3189
3190
3374
3189
3191
3375
3376
3196
3197
3198
3196
3197
3200
3196
3198
3197
3198
3202
3204
3203
3204
3205
3203
3204
3203
3205
3204
3205
3210
3211
3212
3213
3210
3212
3416
3210
3211
3418
3211
3212
3215
3420
3217
3218
3217
3218
3219
3217
3219
3228
3217
3218
3218
3219
3229
3232
3224
3225
3226
3225
3226
3249
3224
3225
3224
3226
3251
3253
3231
3232
3233
3232
3233
3231
3232
3231
3233
3238
3239
3240
3238
3239
3270
3238
3240
3271
3239
3240
3274
3245
3246
3247
3245
3246
3246
3247
3250
3245
3247
3251
3254
3252
3253
3254
3252
3253
3252
3254
3253
3254
3259
3260
3261
3259
3260
3354
3259
3261
3355
3369
3260
3261
3370
3357
3371
3264
3267
3388
3264
3268
3410
3265
3267
3268
3267
3268
3391
3413
3392
3414
3272
3273
3276
3272
3274
3273
3274
3275
3279
3275
3280
3275
3281
3279
3280
3279
3282
3437
3280
3282
3438
3281
3281
3282
3440
3286
3287
3288
3286
3287
3290
3287
3288
3291
3300
3292
3301
3292
3293
3294
3292
3294
3292
3293
3308
3309
3296
3298
3303
3297
3298
3299
3302
3306
3301
3302
3301
3302
3308
3310
3304
3306
3305
3306
3307
3310
3309
3310
3309
3310
3315
3316
3317
3315
3317
3333
3315
3316
3327
3316
3317
3328
3335
3329
3337
3320
3324
3339
3320
3323
3321
3323
3324
3325
3323
3324
3326
3343
3330
3331
3344
3329
3330
3331
3330
3331
3347
3329
3330
3329
3331
3349
3350
3336
3337
3338
3336
3337
3336
3338
3348
3337
3338
3349
3351
3341
3344
3341
3345
3342
3344
3345
3346
3344
3345
3347
3350
3352
3350
3351
3352
3350
3352
3351
3352
3350
3351
3357
3358
3359
3357
3358
3357
3359
3383
3358
3359
3384
3385
3362
3365
3374
3362
3366
3363
3365
3366
3367
3365
3366
3368
3378
3372
3379
3373
3371
3372
3373
3372
3373
3382
3371
3372
3383
3371
3373
3386
3376
3379
3376
3380
3377
3379
3380
3381
3379
3380
3382
3386
3387
3385
3386
3387
3386
3387
3385
3386
3385
3387
3392
3393
3392
3393
3394
3393
3394
3397
3392
3394
3398
3400
3399
3401
3409
3399
3400
3401
3399
3400
3400
3401
3413
3415
3404
3407
3404
3408
3423
3405
3407
3408
3407
3408
3427
3428
3411
3415
3411
3414
3412
3414
3415
3414
3415
3419
3420
3419
3422
3424
3420
3422
3421
3425
3421
3422
3426
3429
3425
3428
3425
3429
3426
3428
3429
3428
3429
3434
3435
3436
3434
3435
3434
3436
3445
3435
3436
3446
3447
3440
3441
3440
3442
3441
3442
3444
3443
3443
3448
3443
3449
3450
3448
3449
3447
3448
3447
3449
3450
3450
3450
3452
3577
3580
4401
4410
3453
3578
3581
4402
4411
3579
3582
4403
4412
3455
3460
3469
3592
3595
3456
3461
3470
3593
3596
3462
3471
3594
3597
3458
3460
3469
3598
3601
3459
3461
3470
3599
3602
3462
3471
3600
3603
3461
3607
4605
3462
3608
4606
3609
4607
3464
3466
3472
3610
3613
3465
3467
3473
3611
3614
3468
3474
3612
3615
3467
3475
3619
3622
3468
3476
3620
3623
3477
3621
3624
3470
4131
4134
3471
4132
4135
4133
4136
3473
3475
4137
4140
3474
3476
4138
4141
3477
4139
4142
3476
4146
4149
3477
4147
4150
4148
4151
3479
3525
3535
3737
3738
4694
3526
3535
3739
4695
3481
3530
3710
3740
4708
3482
3531
3711
3741
4709
3532
3712
3742
4710
3484
3527
3725
3756
4734
3485
3528
3726
3757
4735
3529
3727
3758
4736
3487
3533
3538
3759
3760
4740
3534
3538
3761
4741
3489
3777
3778
3780
4460
4463
3779
3781
4461
4463
3491
3555
3793
3794
3796
4510
3555
3795
3797
4511
3493
3732
3800
4512
4772
3494
3733
3801
4513
4773
3734
3802
4514
4774
3496
3497
3685
3803
3497
3692
3807
3808
3810
3693
3809
3811
3499
3503
3687
3771
3827
3500
3504
3688
3772
3828
3505
3689
3773
3829
3502
3508
3510
3785
3830
3831
3509
3510
3786
3832
3504
3694
3833
3836
3505
3695
3834
3837
3696
3835
3838
3507
3511
3513
3839
3840
3842
3511
3514
3841
3843
3509
3512
3844
3845
3847
3512
3846
3848
3512
4977
3515
3849
3850
3514
3515
3866
3867
4988
3515
3868
4989
5013
3703
3875
3876
3518
3520
3522
3877
3878
3880
3520
3523
3879
3881
3521
3882
3884
3524
3885
3886
3523
3524
3902
3903
5032
3524
3904
5033
5052
3526
3536
3935
3936
3938
3536
3937
3939
3528
3715
3940
3943
3529
3716
3941
3944
3717
3942
3945
3531
3718
3946
3949
3532
3719
3947
3950
3720
3948
3951
3534
3537
3952
3954
3955
3537
3953
3956
3536
5125
3957
3538
3958
5147
3541
3556
3542
3993
3994
3995
3561
3562
3998
3999
4000
4009
4010
4011
3544
3548
3549
3558
4014
4015
3550
3559
4014
4016
3547
3551
3552
4018
4019
4020
4464
4465
4515
5014
3553
3554
4022
3549
3565
4023
4026
3550
3566
4024
4027
3567
4025
4028
3552
3553
4038
4040
4041
3554
4039
4042
3554
4054
4055
4054
4056
4516
5182
3561
3562
4080
3560
3563
3564
4081
3559
3565
3566
4082
4083
3567
4082
4084
3568
3569
4086
3562
4088
4090
4089
4091
3564
3568
4101
4103
4104
3569
4102
4105
3566
4109
4112
3567
4110
4112
4111
4113
3569
4123
4125
4126
4124
4127
3708
3713
3714
5245
3709
3728
3729
5247
4183
4634
4637
4638
3735
3736
4686
5251
3575
3762
3765
4521
4524
3576
3763
3766
4522
4525
3764
3767
4523
4526
3578
3583
3771
5198
3579
3584
3772
5199
3585
3773
5200
3581
3583
3777
4596
3582
3584
3778
4597
3585
3779
4598
3584
3774
3782
3585
3775
3783
3776
3784
3587
4395
4416
4530
4536
3588
4396
4417
4531
4537
4397
4418
4532
4538
3590
3592
3595
3804
3812
3591
3593
3596
3805
3813
3594
3597
3806
3814
3593
3807
4131
3594
3808
4132
3809
4133
3596
3821
4605
3597
3822
4606
3823
4607
3599
3833
4134
4602
3600
3834
4135
4603
3835
4136
4604
3602
3607
3839
4602
3603
3608
3840
4603
3609
3841
4604
3605
3607
3851
3863
4605
3606
3608
3852
3864
4606
3609
3853
3865
4607
3608
3866
3609
3867
3868
3611
4140
4617
3612
3874
4141
4618
3875
4142
4619
3614
3619
3877
4617
3615
3620
3878
4618
3621
3879
4619
3617
3619
3622
3887
3899
3618
3620
3623
3888
3900
3621
3624
3889
3901
3620
3902
3621
3903
3904
3623
3893
4149
3624
3894
4150
3895
4151
3626
3628
3905
3917
5044
3627
3629
3906
3918
5045
3630
3907
3919
5046
3629
3911
4155
4466
3630
3912
4156
4467
3913
4157
4468
3632
3633
3959
3634
3975
3636
3637
3639
3977
3638
3640
3977
3638
3978
3981
3978
3982
3640
3641
3985
3642
3985
3642
3987
3991
3987
3992
3644
3646
3672
3998
3645
3647
3673
3998
3648
3674
3999
3647
4001
4006
3648
4001
4007
4002
4008
3650
3652
3678
4023
3651
3653
3679
4024
3654
3680
4025
3653
4029
4035
3654
4030
4036
4031
4037
3656
3657
3665
4046
3658
3665
4046
3658
4048
4052
4048
4053
3660
3662
3667
4170
5174
3661
3663
3668
4171
5175
3664
3669
4172
5176
3663
4059
4064
4631
3664
4060
4065
4632
4061
4066
4633
3666
4070
3668
4176
4631
3669
3670
4177
4632
3671
4178
4633
3671
4179
4629
4180
4630
3673
3675
4088
3674
3676
4088
3677
4089
3676
4092
4098
3677
4093
4099
4094
4100
3679
3681
4109
3680
3682
4110
3683
4111
3682
4114
4120
3683
4115
4121
4116
4122
3686
3690
3691
4184
3692
3693
4186
3697
3698
4187
3688
3694
4188
5270
3689
3695
4189
5271
3696
4190
5272
3691
3697
4191
4192
5284
3698
4193
5285
3693
4194
4195
4197
4196
4198
3695
4199
4202
3696
4200
4203
4201
4204
3698
4205
4207
4208
4206
4209
3701
3702
3705
4210
3704
4211
3702
3706
4212
4213
4215
3707
4214
4216
4221
4222
4226
4227
3706
3707
5298
3707
4232
4233
5303
4234
5304
3721
3722
4284
3723
3724
4285
3711
3718
4286
5395
3712
3719
4287
5396
3720
4288
5397
3714
3721
4289
4290
5401
3722
4291
5402
3716
3725
4292
4295
3717
3726
4293
4296
3727
4294
4297
3719
4298
4301
3720
4299
4302
4300
4303
3722
4304
4305
4307
4306
4308
3724
3728
4309
4310
4312
3729
4311
4313
3726
4317
5210
3727
4318
5211
4319
5212
3729
4333
4334
5439
4335
5440
3731
4520
4687
4933
4934
4938
4520
4688
4935
4939
3733
4359
4689
5498
3734
4360
4690
5499
4361
4691
5500
3736
4365
4366
4692
5501
4367
4693
5502
3738
3740
3935
4696
3739
3741
3936
4697
3742
3937
4698
3741
3946
4711
3742
3947
4712
3948
4713
3744
3748
3751
4722
4737
3745
3749
3751
4723
4738
3750
3752
4724
4739
3747
3748
3749
3751
3963
3970
3750
3752
3964
3970
3749
3965
4731
3750
3966
4732
3967
4733
3752
3971
4740
3971
4741
3754
3756
4722
4734
4737
3755
3757
4723
4735
4738
3758
4724
4736
4739
3757
3759
3943
3758
3760
3944
3761
3945
3760
3954
4737
3761
3955
4738
3956
4739
3763
3768
4742
4745
3764
3769
4743
4746
3770
4744
4747
3766
3768
4748
4751
3767
3769
4749
4751
3770
4750
4752
3769
4753
4756
3770
4754
4756
4755
4757
3772
3774
5270
3773
3775
5271
3776
5272
3775
3787
3827
3776
3788
3828
3789
3829
3778
3782
4952
3779
3783
4953
3784
4954
3781
3782
3783
3785
4976
3784
3786
4976
3783
3787
3784
3788
3789
3786
3787
3788
4977
3789
4977
3788
3830
3789
3831
3832
3791
3793
3796
4758
4764
3792
3794
3796
4759
4765
3795
3797
4760
4766
3794
3800
5160
3795
3801
5161
3802
5162
3797
4770
5182
4771
5182
3799
4464
4515
4761
4762
4770
4465
4515
4763
4771
3801
4758
5168
3802
4759
5169
4760
5170
3810
3811
4914
3805
3807
3810
4918
3806
3808
3810
4919
3809
3811
4920
3808
4194
3809
4195
4196
3811
4923
4924
3813
3818
3821
4918
3814
3819
3822
4919
3820
3823
4920
3816
3818
3821
3824
3854
3817
3819
3822
3825
3855
3820
3823
3826
3856
3819
4925
4943
3820
4926
4944
4927
4945
3822
3857
3823
3858
3859
3825
3869
4581
4943
3826
3870
4582
4944
3871
4583
4945
3828
3830
3836
3829
3831
3837
3832
3838
3831
3844
3832
3845
3846
3834
4199
4967
3835
4200
4968
4201
4969
3837
3844
4967
3838
3845
4968
3846
4969
3840
3866
4970
3841
3867
4971
3868
4972
3843
3847
3849
4970
4971
3848
3849
4972
3845
4973
3846
4974
4975
3848
3850
4973
4974
3850
4975
3850
3852
3857
3860
4978
3853
3858
3861
4979
3859
3862
4980
3855
3857
3860
3869
3856
3858
3861
3870
3859
3862
3871
3858
4605
3859
4606
4607
3861
4983
4992
3862
4984
4993
4985
4994
3864
3866
4978
4988
3865
3867
4979
4988
3868
4980
4989
3867
3868
3870
4611
4992
3871
4612
4993
4613
4994
3873
4990
4991
5011
4998
4999
5014
3875
4220
5015
4221
5016
3882
5016
3878
3902
5017
3879
3903
5018
3904
5019
3881
3883
3885
5017
5018
3884
3885
5019
5021
3884
3886
5020
3886
5021
3886
3888
3893
3896
5022
3889
3894
3897
5023
3895
3898
5024
3891
3893
3896
3908
4238
3892
3894
3897
3909
4239
3895
3898
3910
4240
3894
4241
3895
4242
4243
3897
3914
5027
3898
3915
5028
3916
5029
3900
3902
5022
5032
3901
3903
5023
5032
3904
5024
5033
3903
3904
3906
3911
3914
5034
3907
3912
3915
5035
3913
3916
5036
3909
3911
3914
4253
3910
3912
3915
4254
3913
3916
4255
3912
4256
3913
4257
4258
3915
5039
3916
5040
5041
3918
3920
5034
5047
3919
3920
5035
5048
3921
5036
5049
3921
3922
4469
5042
3922
4470
5043
4471
5054
3924
3929
3932
5081
5084
3925
3930
3933
5082
5084
3931
3934
5083
5085
3927
3929
3932
5086
5089
3928
3930
3933
5087
5090
3931
3934
5088
5091
3930
5092
5095
3931
5093
5096
5094
5097
3933
5098
5100
3934
5098
5101
5099
5102
3936
3946
5113
3937
3947
5114
3948
5115
3939
3952
3957
5113
5114
3953
3957
5115
3941
3949
4292
5116
3942
3950
4293
5117
3951
4294
5118
3944
3954
5116
3945
3955
5117
3956
5118
3947
5119
3948
5120
5121
3950
4298
5119
3951
4299
5120
4300
5121
3953
3958
5122
5123
3958
5124
3955
5122
3956
5123
5124
3958
3961
3965
3968
5127
5142
3962
3966
3968
5128
5143
3967
3969
5129
5144
3964
3965
3966
3968
3972
3967
3969
3972
3966
5136
3967
5137
5138
3969
3973
5145
3973
5146
3971
3972
5147
3973
5148
3975
3976
3979
3980
3983
3978
3985
3984
3980
3981
3983
3982
3983
3982
3984
3984
3984
3987
3987
3993
3996
3997
3989
3991
3994
4003
3990
3991
3994
4004
3992
3995
4005
3992
3996
3997
3996
3997
3995
3996
4010
3997
4011
3997
3999
4001
4088
4002
4089
4001
4002
4009
4002
4012
4013
4004
4006
4010
4005
4007
4010
4008
4011
4007
4012
4008
4012
4013
4012
4013
4011
4012
4013
4013
4017
4082
4016
4017
4019
4026
4027
4017
4020
4028
4021
4021
4020
4021
4038
4021
4039
4054
4024
4029
4109
4025
4030
4110
4031
4111
4027
4029
4038
4028
4030
4038
4031
4039
4030
4043
4031
4044
4045
4033
4035
4040
4049
4034
4036
4041
4050
4037
4042
4051
4036
4043
4037
4044
4045
4039
4043
4044
4045
4041
4043
4055
4042
4044
4055
4045
4056
4044
4045
4048
4070
4048
4054
4057
4058
4050
4052
4055
4051
4052
4055
4053
4056
4053
4057
4058
4057
4058
4056
4057
4058
4058
4060
4067
5174
5177
4061
4068
5175
5178
4069
5176
5179
4063
4064
4065
4071
4072
5180
4066
4071
4073
5181
4065
4067
5186
4066
4068
5187
4069
5188
4068
5165
5180
4069
5166
5180
5167
5181
4078
5185
4073
4074
4078
5186
5187
4075
4078
5188
4075
4076
4079
4077
4079
4077
4629
5187
4630
5188
4079
4081
4090
4091
4101
4102
4085
4084
4085
4086
4112
4085
4086
4113
4087
4087
4123
4124
4089
4092
4093
4094
4091
4092
4093
4101
4094
4102
4093
4106
4094
4107
4108
4096
4098
4103
4117
4097
4099
4104
4118
4100
4105
4119
4099
4106
4100
4107
4108
4102
4106
4107
4108
4104
4106
4125
4105
4107
4126
4108
4127
4107
4108
4110
4114
4111
4115
4116
4113
4114
4115
4123
4116
4124
4115
4128
4116
4129
4130
4118
4120
4125
4119
4121
4126
4122
4127
4121
4128
4122
4129
4130
4124
4128
4129
4130
4126
4128
4127
4129
4130
4129
4130
4132
4194
5207
4133
4195
5208
4196
5209
4135
4199
5207
4136
4200
5208
4201
5209
4138
4143
4146
4212
4139
4144
4147
4213
4145
4148
4214
4141
4143
4142
4144
4220
4145
4221
4144
4217
4145
4218
4223
4219
4224
4147
4152
4232
4148
4153
4233
4154
4234
4150
4152
4241
4151
4153
4242
4154
4243
4153
4235
4244
4154
4236
4245
4237
4246
4156
4158
4250
4256
4157
4159
4251
4257
4160
4252
4258
4159
4259
4265
5315
4160
4260
4266
5316
4261
4267
5317
4162
4404
4413
5216
5222
4163
4405
4414
5217
5223
4406
4415
5218
5224
4165
4348
4351
5225
5228
4166
4349
4352
5226
5229
4350
4353
5227
5230
4168
4398
4590
4933
5231
4169
4399
4591
4934
5232
4400
4592
4935
5233
4171
4173
4176
5512
4172
4174
4177
5513
4175
4178
5514
4174
4368
4375
5240
4175
4369
4376
5241
4370
4377
5242
4177
5240
4178
4179
5241
4180
5242
4180
5243
5244
4182
4314
4323
4324
4325
4326
5247
4184
5279
5280
5284
5285
4520
4687
4688
5250
4187
4197
4198
4205
4206
4189
4191
4202
5273
4190
4192
4203
5274
4193
4204
5275
4192
4207
5286
4193
4208
5287
4209
5288
4195
5289
4196
5290
5291
4198
4205
5289
5290
4206
5291
4200
5292
4201
5293
5294
4203
4207
5292
4204
4208
5293
4209
5294
4206
5295
5296
5297
4208
5295
4209
5296
5297
4211
4215
4216
4225
4226
4213
4217
4232
4214
4218
4233
4219
4234
4216
4217
4218
4225
4219
4226
4218
4219
4228
4229
4221
4223
4224
4224
4227
4224
4228
4229
4226
4228
4229
4229
4229
4231
4268
4269
5302
4270
4271
4641
4233
4235
4234
4236
4237
4236
5303
5305
4237
5303
5306
5304
5307
4239
4241
4247
4253
4240
4242
4248
4254
4243
4249
4255
4242
4244
4243
4245
4246
4245
4247
5305
4246
4248
5306
4249
5307
4248
4262
5312
4249
4263
5313
4264
5314
4251
4466
4648
5315
4252
4467
4649
5316
4468
4650
5317
4254
4256
4262
4255
4257
4263
4258
4264
4257
4259
4258
4260
4261
4260
4262
5318
4261
4263
5319
4264
5320
4263
5325
4264
5326
5327
4266
4268
5318
5328
4267
4268
5319
5329
4269
5320
5330
4269
4270
5323
4271
5324
4271
4656
5328
5329
4657
5330
4273
4275
4281
5352
5355
4274
4276
4282
5353
5356
4277
4283
5354
5357
4276
4278
5358
5361
4277
4279
5359
5362
4280
5360
5363
4279
4281
5364
5367
4280
4282
5365
5367
4283
5366
5368
4282
5369
5372
4283
5370
5372
5371
5373
4285
4307
4308
4312
4313
4287
4289
4301
5398
4288
4290
4302
5399
4291
4303
5400
4290
4304
5403
4291
4305
5404
4306
5405
4293
4298
5414
4294
4299
5415
4300
5416
4296
4309
4317
5414
4297
4310
4318
5415
4311
4319
5416
4299
5417
4300
5418
5419
4302
4304
5417
4303
4305
5418
4306
5419
4305
5420
4306
5421
5422
4308
4312
5420
5421
4313
5422
4310
4333
5423
4311
4334
5424
4335
5425
4313
5423
5424
5425
4315
4339
4340
4341
4342
5426
4346
4347
4518
5426
4318
4333
5213
4319
4334
5214
4335
5215
4321
4325
4327
4330
5433
4322
4325
4328
4331
5434
4326
4329
4332
5435
4324
4325
4327
4328
4339
4326
4329
4340
4326
5439
5440
4328
4343
5436
4329
4344
5437
4345
5438
4331
4333
5213
5439
4332
4334
5214
5439
4335
5215
5440
4334
4335
4337
4341
4343
5447
5456
4338
4341
4344
5448
5457
4342
4345
5449
5458
4340
4341
4343
4344
4342
4345
4342
5459
5460
4344
5450
4345
5451
5452
4347
4677
5453
5454
5459
4678
5455
5460
4349
4354
5461
5464
4350
4355
5462
5465
4356
5463
5466
4352
4354
5467
5470
4353
4355
5468
5470
4356
5469
5471
4355
5472
5475
4356
5473
5475
5474
5476
4371
4372
4686
5486
4373
4374
4381
5486
4360
4365
5495
5503
4361
4366
5496
5504
4367
5497
5505
4363
4365
5490
5495
5501
4364
4366
5491
5496
5501
4367
5492
5497
5502
4366
5506
4367
5507
5508
4369
4378
5512
5518
4370
4379
5513
5519
4380
5514
5520
4372
4692
5509
5510
5521
4693
5511
5522
4374
4375
4376
4383
5521
4377
4384
5522
4376
4378
4387
4377
4379
4388
4380
4389
4379
5509
5521
4380
5510
5521
5511
5522
4382
4383
4384
4385
4386
4384
4385
4387
4388
4386
4389
4386
4390
4391
4388
5240
4389
4390
5241
4391
5242
4391
5243
5244
4393
4404
4413
4521
4524
4394
4405
4414
4522
4525
4406
4415
4523
4526
4396
4398
4533
4608
4397
4399
4534
4609
4400
4535
4610
4399
4416
4584
4400
4417
4585
4418
4586
4402
4407
4593
4596
4403
4408
4594
4597
4409
4595
4598
4405
4620
4626
4406
4621
4627
4622
4628
4408
4410
5189
5192
4409
4411
5190
5193
4412
5191
5194
4411
5198
5201
4412
5199
5202
5200
5203
4414
5225
5228
4415
5226
5229
5227
5230
4417
5231
5234
4418
5232
5235
5233
5236
4420
4472
4668
4699
4702
4421
4473
4669
4700
4703
4474
4670
4701
4704
4423
4475
4498
4714
4716
4717
4476
4498
4715
4718
4425
4502
4674
4742
4745
4426
4503
4675
4743
4746
4504
4676
4744
4747
4428
4499
4507
4748
4749
4751
4500
4507
4750
4752
4430
4505
4508
4753
4754
4756
4506
4508
4755
4757
4433
4435
4434
4795
4796
4797
4440
4441
4800
4801
4802
4811
4812
4813
4440
4441
4816
4439
4442
4443
4817
4438
4444
4445
4449
4818
4819
4446
4450
4818
4820
4447
4448
4822
4441
4824
4826
4825
4827
4443
4447
4837
4839
4840
4448
4838
4841
4445
4453
4845
4848
4446
4454
4846
4848
4455
4847
4849
4448
4859
4861
4862
4860
4863
4450
4453
4454
4867
4868
4455
4867
4869
4452
4456
4457
4871
4872
4873
4458
4459
4875
4454
4876
4879
4455
4877
4880
4878
4881
4457
4458
4891
4893
4894
4459
4892
4895
4459
4907
4908
4907
4909
4461
4462
4952
4953
4955
4462
4954
4956
4463
4965
4976
4465
4767
4768
5000
4769
5001
4467
4479
5044
4468
4480
5045
4481
5046
4470
4471
4485
5047
5048
4471
4486
5049
4496
4473
4643
5058
5061
4474
4644
5059
5062
4645
5060
5063
4476
4494
5073
5075
5076
4494
5074
5077
4478
4489
4495
5081
5082
5084
4490
4495
5083
5085
4480
4648
5086
5089
4481
4649
5087
5090
4650
5088
5091
4483
4491
4651
5092
5095
4484
4492
4652
5093
5096
4493
4653
5094
5097
4486
4496
5098
5100
5101
4496
5099
5102
4488
4489
5055
5056
5073
5109
4490
5057
5074
5109
4490
4497
5103
5104
4497
5105
4492
4661
5067
5106
4493
4662
5068
5107
4663
5069
5108
4498
5110
4497
5111
5112
5109
5126
4500
4501
5139
5140
5145
4501
5141
5146
4507
5148
4503
4681
4949
5149
4504
4682
4950
5150
4683
4951
5151
4506
4509
4960
5155
5156
4509
4961
5157
5158
4509
5159
4966
4511
4516
5160
5161
5163
4516
5162
5164
4513
4689
5168
5171
4514
4690
5169
5172
4691
5170
5173
5183
5184
4639
4671
4672
5246
4677
4678
5248
4673
4679
4680
5249
4917
4522
4742
5225
4523
4743
5226
4744
5227
4525
4620
4748
4526
4621
4749
4622
4750
4528
4530
4536
4758
4764
4529
4531
4537
4759
4765
4532
4538
4760
4766
4531
4533
4761
4532
4534
4762
4535
4763
4534
4614
4767
4535
4615
4768
4616
4769
4537
4772
5234
4538
4773
5235
4774
5236
4540
4541
4775
4542
4777
4544
4545
4547
4779
4546
4548
4779
4546
4780
4783
4780
4784
4548
4549
4787
4550
4787
4550
4789
4793
4789
4794
4552
4554
4557
4800
4553
4555
4558
4800
4556
4559
4801
4555
4803
4808
4556
4803
4809
4804
4810
4558
4560
4824
4559
4561
4824
4562
4825
4561
4828
4834
4562
4829
4835
4830
4836
4564
4566
4569
4845
4565
4567
4570
4846
4568
4571
4847
4567
4850
4856
4568
4851
4857
4852
4858
4570
4572
4876
4571
4573
4877
4574
4878
4573
4882
4888
4574
4883
4889
4884
4890
4576
4577
4579
4899
4578
4579
4899
4578
4901
4905
4901
4906
4580
4912
4582
4584
4587
4611
4583
4585
4588
4612
4586
4589
4613
4585
4590
4608
4586
4591
4609
4592
4610
4588
4590
4943
4946
4589
4591
4944
4947
4592
4945
4948
4591
4940
4592
4941
4942
4594
4599
4949
5189
4595
4600
4950
5190
4601
4951
5191
4597
4599
4952
4598
4600
4953
4601
4954
4600
4957
5152
4601
4958
5153
4959
5154
4603
4967
4970
4604
4968
4971
4969
4972
4606
4607
4609
4611
4614
4610
4612
4615
4613
4616
4612
4995
4613
4996
4997
4615
4995
5005
4616
4996
5006
4997
5007
4618
5017
4619
5015
5018
5016
5019
4621
4623
5139
4622
4624
5140
4625
5141
4624
4626
5127
5142
4625
4627
5128
5143
4628
5129
5144
4627
5133
5216
4628
5134
5217
5135
5218
4630
4632
4633
4632
5186
4633
5187
5188
4635
4636
5252
4636
4637
5257
5258
5260
4638
5259
5261
4638
5276
5277
5279
5278
5280
4646
4647
5332
4642
4654
4655
5333
4656
4657
5334
4666
4667
5331
4644
4668
5335
5338
4645
4669
5336
5339
4670
5337
5340
4647
4671
5344
5345
5347
4672
5346
5348
4649
5352
5355
4650
5353
5356
5354
5357
4652
4661
5358
5361
4653
4662
5359
5362
4663
5360
5363
4655
4666
5364
5365
5367
4667
5366
5368
4657
5369
5370
5372
5371
5373
4659
4661
5067
5335
5374
4660
4662
5068
5336
5375
4663
5069
5337
5376
4662
5377
4663
5378
5379
4665
4666
5331
5347
5380
5381
4667
5331
5348
5382
4667
5383
5384
5385
4669
5386
5389
4670
5387
5390
5388
5391
4672
5406
5407
5409
5408
5410
4684
4685
5253
4675
4681
5461
5464
4676
4682
5462
5465
4683
5463
5466
4678
5467
5468
5470
5469
5471
4680
4684
5472
5473
5475
4685
5474
5476
4682
5254
5480
4683
5255
5481
5256
5482
4685
5265
5483
5484
5266
5485
4692
4693
4688
5487
5488
5493
5489
5494
4690
5503
5515
4691
5504
5516
5505
5517
4693
5506
5507
5508
4695
4696
4697
4714
5125
4698
4715
5125
4697
4711
4719
4698
4712
4720
4713
4721
4700
4705
4708
5386
4701
4706
4709
5387
4707
4710
5388
4703
4705
4716
5061
4704
4706
4717
5062
4707
4718
5063
4706
4711
4719
4707
4712
4720
4713
4721
4709
4711
5395
4710
4712
5396
4713
5397
4712
4713
4715
4719
4720
5126
4721
5126
4717
4719
5075
4718
4720
5076
4721
5077
4720
4721
4723
4728
4731
4724
4729
4732
4730
4733
4726
4728
4731
5130
5427
4727
4729
4732
5131
5428
4730
4733
5132
5429
4729
4734
5430
4730
4735
5431
4736
5432
4732
5136
4733
5137
5138
4735
5210
4736
5211
5212
4738
4740
4739
4740
4741
4741
5147
5147
4743
5461
4744
5462
5463
4746
4753
5149
4747
4754
5150
4755
5151
4749
5139
4750
5140
5141
4752
4756
5158
4757
5158
4754
5155
4755
5156
5157
4757
5159
5159
4759
4772
4760
4773
4774
4762
4764
4767
4763
4765
4768
4766
4769
4765
4770
4766
4770
4771
4768
5005
4769
5006
5007
4771
5183
5183
4773
5498
4774
5499
5500
4777
4778
4781
4782
4785
4780
4787
4786
4782
4783
4785
4784
4785
4784
4786
4786
4786
4789
4789
4795
4798
4799
4791
4793
4796
4805
4792
4793
4796
4806
4794
4797
4807
4794
4798
4799
4798
4799
4797
4798
4812
4799
4813
4799
4801
4803
4824
4804
4825
4803
4804
4811
4804
4814
4815
4806
4808
4812
4807
4809
4812
4810
4813
4809
4814
4810
4814
4815
4814
4815
4813
4814
4815
4815
4817
4826
4827
4837
4838
4821
4867
4820
4821
4822
4848
4821
4822
4849
4823
4823
4859
4860
4825
4828
4829
4830
4827
4828
4829
4837
4830
4838
4829
4842
4830
4843
4844
4832
4834
4839
4853
4833
4835
4840
4854
4836
4841
4855
4835
4842
4836
4843
4844
4838
4842
4843
4844
4840
4842
4861
4841
4843
4862
4844
4863
4843
4844
4846
4850
4876
4847
4851
4877
4852
4878
4849
4850
4851
4859
4852
4860
4851
4864
4852
4865
4866
4854
4856
4861
4855
4857
4862
4858
4863
4857
4864
4858
4865
4866
4860
4864
4865
4866
4862
4864
4863
4865
4866
4865
4866
4870
4869
4870
4872
4879
4880
4870
4873
4881
4874
4874
4873
4874
4891
4874
4892
4907
4877
4882
4878
4883
4884
4880
4882
4891
4881
4883
4891
4884
4892
4883
4896
4884
4897
4898
4886
4888
4893
4902
4887
4889
4894
4903
4890
4895
4904
4889
4896
4890
4897
4898
4892
4896
4897
4898
4894
4896
4908
4895
4897
4908
4898
4909
4897
4898
4901
4912
4901
4907
4910
4911
4903
4905
4908
4904
4905
4908
4906
4909
4906
4910
4911
4910
4911
4909
4910
4911
4911
4914
4915
4921
4922
4923
4924
4916
4928
4929
4917
4936
4937
4938
4939
4919
4923
4925
4920
4923
4926
4924
4927
4922
4923
4925
4926
4928
4924
4927
4929
4924
4926
4930
4927
4931
4932
4929
4930
4931
4936
4932
4937
4931
4943
4946
4932
4944
4947
4945
4948
4934
4940
5487
4935
4941
5488
4942
5489
4937
4938
4946
4947
4939
4948
4939
4940
4941
4942
4941
4946
4942
4947
4948
4944
4945
4947
4948
4950
5152
5254
4951
5153
5255
5154
5256
4953
4957
4954
4958
4959
4956
4957
4958
4960
4965
4959
4961
4965
4958
4962
4959
4963
4964
4961
4962
4963
4966
4964
4966
4963
5152
5155
4964
5153
5156
5154
5157
4966
4968
4973
4969
4974
4975
4971
4973
4972
4974
4975
4974
4975
4977
4979
4983
4986
4980
4984
4986
4985
4987
4982
4983
4984
4986
4990
5011
4985
4987
4991
5011
4984
5008
4985
5009
5010
4987
4988
5012
4989
5012
4989
5013
5013
4991
4998
5008
5009
4999
5010
4993
4995
5008
4994
4996
5009
4997
5010
4996
5002
4997
5003
5004
4999
5000
5002
5003
5001
5004
5001
5005
5006
5014
5007
5014
5003
5005
5008
5004
5006
5009
5007
5010
5006
5007
5009
5010
5012
5013
5016
5020
5021
5018
5019
5020
5021
5021
5023
5027
5030
5024
5028
5030
5029
5031
5026
5027
5028
5030
5037
5050
5029
5031
5038
5050
5028
5039
5029
5040
5041
5031
5032
5051
5033
5051
5033
5052
5052
5035
5039
5042
5036
5040
5042
5041
5043
5038
5039
5040
5042
5053
5041
5043
5053
5040
5041
5043
5054
5054
5045
5047
5089
5046
5048
5090
5049
5091
5048
5100
5049
5101
5102
5051
5053
5052
5054
5056
5070
5078
5103
5057
5071
5079
5104
5072
5080
5105
5059
5064
5067
5335
5060
5065
5068
5336
5066
5069
5337
5062
5064
5075
5063
5065
5076
5066
5077
5065
5070
5078
5066
5071
5079
5072
5080
5068
5070
5069
5071
5072
5071
5106
5072
5107
5108
5074
5078
5079
5110
5080
5110
5076
5078
5077
5079
5080
5079
5080
5082
5092
5103
5083
5093
5104
5094
5105
5085
5098
5111
5099
5111
5087
5095
5352
5088
5096
5353
5097
5354
5090
5100
5091
5101
5102
5093
5106
5094
5107
5108
5096
5358
5097
5359
5360
5099
5112
5112
5101
5102
5104
5106
5105
5107
5108
5107
5108
5110
5112
5114
5119
5122
5115
5120
5123
5121
5124
5117
5119
5122
5118
5120
5123
5121
5124
5120
5121
5123
5124
5126
5128
5133
5136
5129
5134
5137
5135
5138
5131
5133
5136
5441
5132
5134
5137
5442
5135
5138
5443
5134
5444
5135
5445
5446
5137
5138
5140
5142
5141
5143
5144
5143
5145
5144
5145
5146
5146
5148
5148
5150
5152
5155
5151
5153
5156
5154
5157
5153
5154
5156
5157
5159
5161
5165
5168
5162
5166
5169
5167
5170
5164
5165
5166
5180
5184
5167
5181
5184
5166
5177
5167
5178
5179
5169
5177
5170
5178
5179
5172
5174
5177
5515
5173
5175
5178
5516
5176
5179
5517
5175
5512
5176
5513
5514
5178
5179
5181
5185
5185
5183
5185
5187
5188
5190
5195
5254
5191
5196
5255
5197
5256
5193
5195
5201
5257
5194
5196
5202
5258
5197
5203
5259
5196
5262
5477
5197
5263
5478
5264
5479
5199
5204
5270
5200
5205
5271
5206
5272
5202
5204
5276
5203
5205
5277
5206
5278
5205
5273
5281
5206
5274
5282
5275
5283
5208
5289
5292
5209
5290
5293
5291
5294
5211
5213
5430
5212
5214
5431
5215
5432
5214
5433
5215
5434
5435
5217
5219
5444
5218
5220
5445
5221
5446
5220
5222
5447
5456
5221
5223
5448
5457
5224
5449
5458
5223
5228
5453
5224
5229
5454
5230
5455
5226
5461
5227
5462
5463
5229
5467
5230
5468
5469
5232
5237
5487
5233
5238
5488
5239
5489
5235
5237
5498
5236
5238
5499
5239
5500
5238
5490
5495
5239
5491
5496
5492
5497
5241
5242
5243
5244
5244
5246
5401
5402
5409
5410
5439
5440
5249
5470
5471
5475
5476
5251
5493
5494
5501
5502
5253
5260
5261
5265
5266
5255
5477
5256
5478
5479
5258
5262
5276
5259
5263
5277
5264
5278
5261
5262
5263
5265
5264
5266
5263
5267
5264
5268
5269
5266
5267
5268
5269
5268
5477
5483
5269
5478
5484
5479
5485
5271
5273
5272
5274
5275
5274
5286
5275
5287
5288
5277
5281
5278
5282
5283
5280
5281
5282
5284
5283
5285
5282
5286
5283
5287
5288
5285
5286
5287
5288
5287
5288
5290
5295
5291
5296
5297
5293
5295
5294
5296
5297
5296
5297
5300
5303
5304
5300
5301
5308
5309
5310
5311
5302
5321
5322
5323
5324
5304
5310
5311
5306
5310
5312
5307
5310
5313
5311
5314
5309
5310
5312
5313
5321
5311
5314
5322
5311
5313
5325
5314
5326
5327
5316
5328
5355
5317
5329
5356
5330
5357
5319
5323
5325
5320
5323
5326
5324
5327
5322
5323
5325
5326
5324
5327
5324
5326
5327
5329
5369
5330
5370
5371
5332
5347
5348
5334
5367
5368
5372
5373
5336
5341
5337
5342
5343
5339
5341
5344
5389
5340
5342
5345
5390
5343
5346
5391
5342
5349
5374
5343
5350
5375
5351
5376
5345
5349
5406
5346
5350
5407
5351
5408
5348
5349
5350
5351
5350
5380
5351
5381
5382
5353
5358
5354
5359
5360
5356
5369
5357
5370
5371
5359
5360
5362
5364
5377
5363
5365
5378
5366
5379
5365
5383
5366
5384
5385
5368
5372
5373
5370
5371
5373
5375
5377
5380
5376
5378
5381
5379
5382
5378
5383
5379
5384
5385
5381
5383
5382
5384
5385
5384
5385
5387
5392
5395
5388
5393
5396
5394
5397
5390
5392
5406
5391
5393
5407
5394
5408
5393
5398
5411
5394
5399
5412
5400
5413
5396
5398
5397
5399
5400
5399
5403
5400
5404
5405
5402
5403
5404
5409
5405
5410
5404
5411
5405
5412
5413
5407
5411
5408
5412
5413
5410
5411
5412
5413
5412
5413
5415
5417
5423
5416
5418
5424
5419
5425
5418
5420
5419
5421
5422
5421
5423
5422
5424
5425
5424
5425
5459
5460
5428
5430
5436
5441
5429
5431
5437
5442
5432
5438
5443
5431
5433
5432
5434
5435
5434
5436
5435
5437
5438
5437
5450
5438
5451
5452
5440
5442
5444
5450
5443
5445
5451
5446
5452
5445
5447
5446
5448
5449
5448
5450
5449
5451
5452
5451
5452
5454
5456
5467
5455
5457
5468
5458
5469
5457
5459
5458
5459
5460
5460
5462
5463
5465
5472
5480
5466
5473
5481
5474
5482
5468
5469
5471
5475
5476
5473
5483
5474
5484
5485
5476
5478
5480
5479
5481
5482
5481
5483
5482
5484
5485
5484
5485
5521
5522
5488
5490
5489
5491
5492
5491
5493
5492
5493
5494
5494
5501
5502
5496
5498
5497
5499
5500
5499
5500
5502
5504
5506
5518
5505
5507
5519
5508
5520
5507
5509
5508
5510
5511
5510
5518
5511
5519
5520
5513
5515
5514
5516
5517
5516
5518
5517
5519
5520
5519
5520
5522
)


// ************************************************************************* //
