/*--------------------------------*- C++ -*----------------------------------*\
| =========                 |                                                 |
| \\      /  F ield         | OpenFOAM: The Open Source CFD Toolbox           |
|  \\    /   O peration     | Version:  2312                                  |
|   \\  /    A nd           | Website:  www.openfoam.com                      |
|    \\/     M anipulation  |                                                 |
\*---------------------------------------------------------------------------*/
FoamFile
{
    version     2.0;
    format      ascii;
    arch        "LSB;label=32;scalar=64";
    class       volScalarField;
    location    "6.7";
    object      p;
}
// * * * * * * * * * * * * * * * * * * * * * * * * * * * * * * * * * * * * * //

dimensions      [0 2 -2 0 0 0 0];

internalField   nonuniform List<scalar> 
2958
(
3.75846e+07
2.54126e+06
2.4985e+06
3.7562e+07
4.97244e+06
2.33511e+06
3.6595e+07
3.50573e+07
6.36928e+06
3.37619e+07
3.6492e+07
3.75553e+07
3.46331e+07
3.75549e+07
3.54072e+07
3.75444e+07
1.00685e+06
3.48819e+07
3.7555e+07
3.76047e+07
3.75547e+07
720303
3.75581e+07
3.04889e+07
3.47336e+07
3.72287e+07
7.25202e+07
7.03179e+06
3.75834e+07
3.67806e+07
3.72656e+07
1.10008e+07
3.7578e+07
1.44652e+07
3.54878e+07
3.60287e+07
3.75549e+07
3.75523e+07
3.7571e+07
3.40606e+07
4.32723e+07
3.66396e+07
3.65885e+07
3.78938e+07
3.75547e+07
7.58951e+06
3.64422e+07
1.19026e+07
3.75731e+07
3.75434e+07
3.74164e+07
-86690.3
3.30442e+07
3.62567e+07
3.72989e+07
3.52303e+07
2.81458e+07
3.35482e+07
3.7063e+07
5.79366e+07
3.75697e+07
3.75693e+07
3.62885e+07
3.6728e+07
3.75547e+07
3.7555e+07
3.62329e+07
-2.07999e+06
3.75694e+07
3.75609e+07
1.10363e+06
3.75558e+07
804212
3.75013e+07
3.75538e+07
3.65158e+07
3.75694e+07
3.63091e+07
3.75559e+07
3.73072e+07
3.4708e+07
5.51161e+06
-2.54095e+06
-3.54476e+06
3.77394e+07
3.60595e+07
5.46012e+06
3.60606e+07
-350642
3.75566e+07
3.56547e+07
4.14472e+06
3.63691e+07
3.75551e+07
-2.25462e+06
3.39808e+07
3.75697e+07
3.75718e+07
3.75549e+07
3.75551e+07
3.75596e+07
3.71622e+07
3.39409e+07
5.23837e+06
3.75502e+07
3.75634e+07
3.75553e+07
3.75676e+07
3.75548e+07
3.38983e+07
3.75285e+07
3.73416e+07
3.75519e+07
3.38208e+07
3.7555e+07
3.7555e+07
3.59022e+07
3.73367e+07
5.37773e+06
3.73039e+07
3.75788e+07
3.75552e+07
3.62789e+07
3.36647e+07
3.75664e+07
3.75868e+07
3.75657e+07
3.76314e+06
3.75734e+07
3.75551e+07
3.75546e+07
3.75477e+07
3.73171e+07
3.75542e+07
3.75548e+07
3.75552e+07
3.32653e+07
3.76315e+07
3.75549e+07
3.75549e+07
3.76242e+07
3.36908e+06
3.75561e+07
3.7554e+07
3.73935e+07
408186
3.75542e+07
3.75549e+07
8.99346e+06
3.75546e+07
3.76111e+07
3.75688e+07
3.28273e+07
3.75615e+07
3.47867e+07
3.75549e+07
3.75659e+07
3.74205e+07
3.67758e+07
3.53399e+07
3.47332e+07
3.2653e+07
3.60136e+07
3.7555e+07
6.28448e+07
3.75621e+07
3.75775e+07
3.7555e+07
3.56587e+07
7.12881e+06
1.67359e+07
3.75553e+07
3.75553e+07
2.78569e+06
3.75543e+07
5.76355e+06
4.52551e+06
2.24485e+07
3.75761e+07
3.75691e+07
3.75531e+07
4.34054e+06
3.50981e+07
3.74939e+07
171705
5.20113e+06
673914
3.75547e+07
839782
3.75681e+07
-198153
1.11744e+07
3.44985e+07
3.41756e+07
-1.5504e+06
3.75836e+07
2.83983e+06
1.94742e+07
3.74044e+07
5.80467e+07
3.28744e+07
3.75551e+07
3.76027e+07
2.09753e+07
3.5433e+07
3.55915e+07
3.75419e+07
3.54504e+07
5.64818e+06
3.75709e+07
3.75546e+07
3.75565e+07
3.75548e+07
4.03837e+06
3.75553e+07
5.69162e+06
3.66662e+07
3.75547e+07
3.75545e+07
3.75548e+07
3.7554e+07
3.18022e+06
3.67989e+07
5.39886e+06
3.74138e+07
3.74444e+07
6.0516e+06
3.75543e+07
8.65244e+06
7.09981e+06
2.45202e+06
9.65853e+06
1.02458e+07
-900257
3.75832e+07
3.75539e+07
3.75541e+07
3.7324e+07
3.75539e+07
3.76075e+07
3.75539e+07
3.76066e+07
3.75492e+07
5.43226e+06
3.71987e+07
3.92969e+07
1.23289e+08
3.41166e+07
3.62928e+07
3.68154e+07
3.34852e+07
3.57036e+07
3.61871e+07
2.97861e+08
3.75561e+07
293775
3.69929e+07
8.48851e+06
3.65188e+07
1.09697e+06
3.75421e+07
3.75572e+07
7.6989e+06
5.96549e+07
3.75386e+07
3.5979e+07
3.5015e+07
3.70126e+07
3.75705e+07
3.75707e+07
3.75548e+07
4.2918e+06
3.69496e+07
3.75551e+07
4.11884e+06
3.70562e+07
3.75547e+07
2.06623e+06
3.75546e+07
4.13249e+06
3.75549e+07
3.75551e+07
3.75387e+07
3.56725e+07
1.12199e+06
3.75545e+07
3.7561e+07
3.75208e+07
3.75174e+07
3.67253e+07
3.10353e+07
-4.94208e+06
3.7555e+07
3.75549e+07
2.47921e+07
7.96245e+07
3.75549e+07
3.75554e+07
3.75549e+07
2.95981e+07
3.22166e+07
5.10965e+06
8.19673e+06
5.56946e+06
3.75714e+07
-1.61196e+07
3.75689e+07
3.75571e+07
3.62905e+07
3.75727e+07
3.75544e+07
3.756e+07
3.72543e+07
3.75545e+07
4.25247e+06
3.7415e+07
6.06708e+06
3.66768e+07
5.63129e+06
3.70957e+07
2.46147e+06
5.26492e+06
3.65281e+07
-5.17002e+06
7.05771e+06
3.75705e+07
3.73328e+07
3.75566e+07
3.75197e+07
3.46935e+07
5.08028e+06
2.93349e+07
3.75552e+07
3.75547e+07
2.83912e+07
3.75549e+07
3.77246e+07
4.27013e+07
3.77264e+07
3.75543e+07
3.6089e+07
5.41668e+06
1.6917e+07
588372
3.75549e+07
2.38924e+06
3.75551e+07
3.28343e+07
3.75712e+07
3.75722e+07
2.8575e+07
3.41294e+07
1.47788e+07
3.75846e+07
3.29761e+07
3.67976e+07
3.75551e+07
3.66154e+07
4.33698e+07
3.78672e+07
3.48038e+07
3.75176e+07
3.7573e+07
3.75908e+07
3.54835e+07
1.99215e+07
3.66524e+07
3.75213e+07
3.75425e+07
-1.07357e+07
3.20544e+07
5.37697e+06
3.7555e+07
3.75671e+07
3.67577e+07
1.26888e+06
3.73102e+07
2.82439e+07
1.56048e+07
3.31415e+06
3.75699e+07
3.61472e+07
3.75543e+07
3.6576e+07
1.07399e+06
3.75583e+07
3.69956e+07
1.95162e+07
3.75755e+07
3.7555e+07
3.45027e+07
3.75554e+07
3.75618e+07
2.31265e+06
3.75721e+07
3.77751e+07
3.46238e+07
3.75549e+07
3.7555e+07
7.83269e+06
3.7328e+07
3.69559e+07
2.31157e+06
3.75606e+07
3.73299e+07
3.73989e+07
1.32841e+06
3.6087e+07
3.73033e+07
3.75716e+07
3.75692e+07
3.47571e+07
3.66358e+07
-3.97344e+06
5.08986e+06
1.11935e+07
5.08017e+06
3.53687e+07
3.79327e+07
3.79148e+07
3.75547e+07
3.87577e+07
1.92093e+07
3.64561e+07
3.52919e+07
3.75768e+07
-1.63904e+06
3.53788e+07
3.74619e+07
5.22964e+06
5.42842e+06
3.75766e+07
1.19247e+06
3.3842e+07
3.04662e+07
2.89629e+06
2.06555e+07
2.81032e+07
3.75661e+07
3.75546e+07
3.34166e+06
5.26957e+06
3.73878e+07
3.75791e+07
3.51512e+07
3.75477e+07
3.75561e+07
1.41128e+07
3.7555e+07
5.62105e+06
3.75541e+07
8.78073e+06
3.54567e+07
-2.91863e+06
3.75711e+07
3.75855e+07
3.7555e+07
3.72296e+07
5.64556e+06
3.7555e+07
3.25053e+06
3.75622e+07
3.757e+07
3.36286e+07
3.67891e+07
3.66783e+07
1.12395e+07
3.64341e+07
3.6836e+07
3.75507e+07
3.345e+07
3.75553e+07
3.15674e+07
7.4422e+06
3.64445e+07
1.73792e+06
3.63184e+07
770335
2.89044e+07
3.61629e+07
3.49082e+07
-873694
3.75548e+07
3.75534e+07
985805
3.65336e+07
3.57972e+07
3.63832e+07
9.99337e+06
3.73982e+07
2.33059e+07
2.20348e+06
3.75658e+07
3.72292e+07
5.30762e+06
3.74491e+07
2.83022e+07
3.75542e+07
3.75535e+07
3.75552e+07
5.44943e+06
3.7554e+07
3.75548e+07
3.75714e+07
3.5224e+07
3.7555e+07
3.75694e+07
2.90865e+07
3.75686e+07
3.75682e+07
3.75505e+07
3.7555e+07
3.71083e+07
3.75549e+07
3.73356e+07
3.73082e+07
9.8733e+06
3.75596e+07
4.91499e+06
3.75712e+07
3.7565e+07
4.01109e+06
3.72022e+07
1.77943e+07
3.75715e+07
3.75839e+07
-1.43329e+07
3.75573e+07
3.61551e+07
3.75683e+07
3.61885e+07
3.75565e+07
1.22225e+06
3.75549e+07
3.75363e+07
3.66156e+07
-1.03395e+07
2.96297e+06
3.75671e+07
3.62761e+07
3.75626e+07
3.66033e+07
3.75552e+07
3.75779e+07
3.75556e+07
3.75363e+07
3.61577e+07
3.75576e+07
3.75551e+07
2.14988e+07
3.75547e+07
3.7555e+07
4.49317e+06
3.75634e+07
4.43233e+08
3.61997e+07
3.75625e+07
3.73051e+07
3.65483e+07
3.75569e+07
3.67997e+07
1.21966e+06
3.72493e+07
3.80459e+07
3.72447e+07
3.73347e+07
3.75548e+07
3.67729e+07
3.7609e+07
3.73358e+07
3.75632e+07
3.68112e+07
3.75543e+07
3.75539e+07
3.75552e+07
-4.39553e+06
3.75537e+07
3.75385e+07
3.75559e+07
3.58861e+07
3.80054e+06
4.37813e+06
3.64572e+07
5.83418e+06
3.75606e+07
3.75578e+07
3.75523e+07
3.75551e+07
4.46532e+06
3.12774e+07
3.75549e+07
3.75542e+07
3.69466e+07
3.75704e+07
3.75767e+07
3.75505e+07
3.75766e+07
3.75544e+07
3.77817e+07
3.75518e+07
3.75553e+07
3.7321e+07
3.75585e+07
3.75713e+07
1.80891e+07
3.75333e+07
3.75521e+07
3.75607e+07
3.75656e+07
3.75547e+07
3.75708e+07
3.75438e+07
3.75545e+07
3.75548e+07
3.75687e+07
3.12611e+07
3.67946e+07
4.55406e+06
3.75545e+07
3.87702e+07
3.75703e+07
3.75404e+07
3.75627e+07
5.6416e+06
3.65352e+07
3.75541e+07
5.44564e+06
3.67376e+07
3.68418e+07
3.75548e+07
3.75661e+07
3.75549e+07
3.08317e+06
3.75549e+07
3.75747e+07
3.68013e+07
3.7555e+07
5.95913e+06
3.7571e+07
3.6396e+07
3.75556e+07
3.75822e+07
3.75594e+07
3.75552e+07
3.78156e+07
3.75525e+07
4.94501e+06
3.75476e+07
3.68077e+07
3.75551e+07
3.75551e+07
3.75788e+07
3.75608e+07
5.93395e+06
3.53299e+07
706433
2.91425e+06
3.75657e+07
6.1791e+06
1.38884e+07
7.55497e+06
3.75659e+07
3.75547e+07
3.75317e+07
3.75517e+07
3.75542e+07
-132928
3.7555e+07
3.75722e+07
3.61602e+07
-1.34107e+07
913327
3.5282e+07
3.75136e+07
8.02403e+07
-3.59663e+06
3.72927e+07
3.88088e+07
3.75476e+07
3.7555e+07
3.30697e+06
2.00169e+07
3.7555e+07
-2.20613e+06
3.75548e+07
3.30704e+06
4.14301e+06
3.73394e+07
3.75727e+07
4.73846e+06
3.75704e+07
1.03006e+06
3.75844e+07
3.75715e+07
3.75787e+07
3.75759e+07
3.23595e+07
3.75763e+07
3.72879e+07
3.75548e+07
3.75553e+07
3.75728e+07
3.67964e+07
3.59502e+07
3.75629e+07
3.64114e+07
5.7905e+06
3.75455e+07
3.07712e+07
4.68358e+06
8.67426e+06
1.45118e+06
1.43457e+06
3.78501e+07
3.75717e+07
3.35226e+07
2.93358e+07
3.73203e+07
6.24321e+07
-309799
3.75761e+07
3.75546e+07
1.52276e+06
3.75482e+07
3.75548e+07
514594
3.75554e+07
3.74426e+07
3.68364e+07
3.75542e+07
3.75782e+07
3.75286e+07
3.5855e+07
-633446
3.76061e+07
3.37705e+07
3.75825e+07
3.75809e+07
3.75546e+07
3.58292e+07
3.73779e+07
3.64825e+07
3.74619e+07
3.63864e+07
3.68773e+07
3.75761e+07
3.75698e+07
3.67236e+07
2.0173e+07
3.75675e+07
3.75711e+07
3.75527e+07
3.75551e+07
3.75363e+07
3.94999e+07
3.9431e+07
3.61835e+07
3.77327e+07
3.75598e+07
3.7563e+07
3.7555e+07
3.75549e+07
3.75549e+07
3.75706e+07
1.48548e+06
3.75548e+07
3.7382e+07
3.75545e+07
3.75705e+07
3.75551e+07
3.75553e+07
-1.59531e+06
3.548e+07
3.7571e+07
3.7555e+07
3.75541e+07
3.75597e+07
3.76211e+07
3.75551e+07
3.7555e+07
4.44279e+06
3.75551e+07
3.7537e+07
3.757e+07
3.75551e+07
-3.9502e+06
3.7042e+07
3.75551e+07
4.57062e+06
3.69713e+07
3.67862e+07
3.757e+07
3.72424e+07
3.65295e+07
3.75692e+07
1.34126e+06
3.75756e+07
3.67872e+07
3.69622e+07
3.75763e+07
8.55698e+06
3.75542e+07
3.75129e+07
3.75683e+07
3.60996e+07
3.75594e+07
3.76061e+07
3.65406e+07
3.31242e+06
3.75575e+07
3.52779e+06
3.65987e+07
3.47924e+07
3.75543e+07
3.63888e+07
3.75711e+07
5.73585e+06
3.61396e+07
3.76043e+07
3.7547e+07
3.44806e+07
3.75524e+07
3.48899e+07
3.96365e+07
3.68348e+07
1.98465e+07
3.75709e+07
3.75714e+07
1.74208e+07
3.53961e+07
7.21563e+07
3.59316e+07
3.75708e+07
3.75278e+07
3.70873e+07
3.8697e+06
766160
3.75552e+07
3.48324e+07
3.61554e+07
3.75703e+07
3.64625e+07
3.7555e+07
3.75584e+07
3.75553e+07
3.75591e+07
3.65444e+07
3.75634e+07
3.59605e+07
2.02108e+07
3.78284e+07
3.75914e+07
3.34598e+07
5.10643e+06
4.53847e+06
1.42201e+07
1.53927e+06
3.75551e+07
3.40779e+07
1.37939e+07
3.49481e+06
-2.61248e+06
3.50241e+07
3.70824e+07
3.75708e+07
3.75632e+07
5.63206e+06
1.31617e+08
3.7555e+07
3.63706e+07
3.08196e+07
3.75551e+07
3.4727e+06
3.75069e+07
3.75684e+07
4.42664e+08
7.57865e+06
3.75551e+07
3.75579e+07
3.68314e+07
3.7555e+07
3.7555e+07
3.75551e+07
2.06928e+07
3.72314e+07
3.75438e+07
1.09572e+06
3.75766e+07
3.72556e+07
-1.22277e+06
3.75163e+07
3.72462e+07
1.4708e+06
3.7555e+07
3.70428e+06
3.12877e+07
3.65303e+07
3.42899e+07
4.13936e+06
3.41993e+07
2.29567e+07
3.74624e+07
3.75549e+07
1.344e+08
-7.23145e+06
-4.80423e+06
2.07465e+06
-4.43076e+06
1.41115e+07
3.75548e+07
3.46718e+07
3.02743e+06
3.65876e+07
1.42697e+07
3.15097e+07
1.55862e+07
2.76856e+07
3.75649e+07
5.00138e+06
3.65083e+07
1.61248e+07
5.19332e+06
3.39148e+07
3.67981e+07
3.65755e+07
5.5533e+06
2.13313e+07
3.58568e+07
9.76883e+06
1.74448e+06
-1.29472e+06
3.31361e+07
-975309
3.75839e+07
3.64696e+07
-43070.7
3.67894e+07
3.0475e+06
3.60471e+07
5.16905e+06
3.58155e+07
-1.0872e+07
3.75549e+07
3.7283e+07
3.75518e+07
4.83135e+06
3.75868e+07
3.43639e+07
3.75595e+07
5.33412e+06
3.43817e+07
-2.59588e+06
3.75809e+07
3.75301e+07
2.56519e+07
5.29348e+06
3.75805e+07
3.63907e+07
3.67669e+07
3.75545e+07
3.75543e+07
5.42739e+06
812534
2.97404e+08
3.75551e+07
3.75715e+07
3.75545e+07
-2.82303e+06
3.68619e+07
3.75863e+07
4.48208e+06
3.57592e+07
3.75496e+07
3.75549e+07
4.35532e+07
3.75554e+07
3.65869e+07
3.94311e+07
3.51996e+07
3.98974e+07
3.75552e+07
3.46896e+07
3.75552e+07
3.75705e+07
3.56954e+07
5.12036e+06
3.68212e+07
3.70602e+07
-240235
2.63301e+07
-662811
3.57372e+07
3.69683e+07
2.84813e+07
1.01007e+07
3.72316e+07
3.43696e+07
5.73434e+06
-5.06126e+06
1.81102e+06
3.887e+06
-4.7178e+06
8.06196e+07
3.6437e+07
1.08681e+07
3.75711e+07
3.7217e+07
3.72407e+07
3.75622e+07
3.75563e+07
3.47484e+07
5.26623e+06
3.75548e+07
3.75193e+07
1.00717e+07
3.70554e+07
3.7555e+07
3.31394e+07
3.75488e+07
3.76057e+07
3.672e+07
3.47496e+07
3.75175e+07
1.25631e+06
-2.5346e+06
3.75621e+07
3.73259e+07
3.74111e+07
-3.34949e+07
3.75618e+07
3.7555e+07
3.75635e+07
4.42905e+07
3.73062e+07
3.75548e+07
3.75547e+07
3.58426e+07
3.75551e+07
3.75545e+07
3.75477e+07
3.7546e+07
3.7542e+07
3.75536e+07
3.75546e+07
5.7667e+06
3.75709e+07
3.73093e+07
3.66031e+07
3.75666e+07
3.75551e+07
3.23431e+07
3.72722e+07
3.75702e+07
5.35849e+06
3.75663e+07
3.75533e+07
3.75549e+07
3.74472e+07
3.75548e+07
3.75547e+07
3.75549e+07
3.75606e+07
3.72358e+07
3.75758e+07
3.59757e+07
3.45327e+07
-4.04259e+06
3.72629e+07
3.28572e+07
733877
3.75551e+07
5.08718e+06
3.75548e+07
3.75056e+07
3.75196e+07
3.75549e+07
2.95888e+07
3.21191e+07
3.75689e+07
1.09393e+06
3.3472e+07
3.58986e+07
3.75707e+07
8.43688e+06
3.75661e+07
3.75554e+07
3.63814e+07
-2.10721e+06
3.5645e+07
3.58553e+07
3.19425e+07
3.52791e+07
3.75914e+07
3.57163e+07
3.51833e+07
3.7555e+07
3.47805e+07
4.47518e+06
3.75661e+07
8.10971e+07
3.56712e+07
6.12749e+06
4.0052e+06
3.75543e+07
6.87076e+06
3.47585e+07
-509513
3.75549e+07
3.41157e+07
3.75554e+07
3.75546e+07
3.75551e+07
3.75549e+07
5.13242e+06
-6.7662e+06
7.9492e+07
3.75684e+07
2.26639e+06
9.64885e+06
2.25051e+06
1.58584e+06
5.30128e+06
6.17868e+06
2.78494e+07
3.6316e+07
3.75728e+07
3.62004e+07
4.60918e+06
5.26232e+06
2.44916e+06
3.75552e+07
3.75699e+07
3.46809e+07
-316228
3.12763e+07
3.59816e+07
3.7551e+07
3.68449e+07
3.75548e+07
3.75549e+07
3.75676e+07
3.75578e+07
3.8066e+07
3.4454e+07
3.64988e+07
3.10751e+07
3.52236e+07
3.73877e+07
3.76112e+07
3.75963e+07
3.75549e+07
2.85722e+07
3.03133e+07
3.52929e+07
3.41529e+07
3.7584e+07
3.6568e+07
3.53115e+07
3.73232e+07
3.75546e+07
3.86835e+07
3.50764e+07
3.21607e+07
-2.17983e+06
3.75651e+07
3.72859e+07
3.75504e+07
3.73007e+07
3.75759e+07
-2.94948e+06
3.7555e+07
3.72853e+07
3.75756e+07
3.3155e+07
3.75551e+07
3.75551e+07
3.73052e+07
3.68494e+07
3.52128e+07
3.70447e+07
3.58947e+07
1.04879e+09
3.75551e+07
3.50766e+07
3.75697e+07
3.75557e+07
3.75713e+07
3.75548e+07
3.60454e+07
-642770
3.75551e+07
3.75746e+07
3.78282e+07
3.75728e+07
3.5153e+07
3.51256e+07
3.75547e+07
3.73956e+07
3.75543e+07
3.72279e+07
2.98072e+07
3.75175e+07
3.56398e+07
3.75541e+07
1.86479e+07
3.75523e+07
3.75198e+07
3.75561e+07
3.5559e+07
3.63722e+07
3.75551e+07
3.75577e+07
3.4562e+07
2.05672e+07
3.72097e+07
2.78162e+07
3.60535e+07
3.75543e+07
3.67042e+07
2.11907e+07
3.75547e+07
3.50003e+07
3.67644e+07
3.51207e+07
3.73765e+07
3.6732e+07
8.82529e+06
5.26556e+06
3.75564e+07
3.67292e+07
4.3648e+07
3.7555e+07
3.72966e+07
3.75559e+07
3.52351e+07
3.75547e+07
5.19453e+06
5.27934e+06
3.59269e+07
7.34958e+07
3.40689e+07
3.7555e+07
3.62122e+06
3.68529e+07
3.60409e+07
3.53879e+07
1.42242e+06
3.73082e+07
3.50231e+07
3.75542e+07
3.75548e+07
3.63088e+07
3.63858e+07
3.75548e+07
3.75521e+07
791979
3.71049e+07
-1.16721e+06
1.20926e+06
3.47665e+07
6.09225e+06
1.30666e+08
3.72991e+07
-1.18137e+06
5.56635e+06
3.65878e+07
2.99646e+07
3.75727e+07
3.65069e+07
1.46151e+07
2.53144e+07
1.70953e+07
3.68203e+07
3.74479e+07
3.26075e+07
-1.31932e+06
2.68102e+06
5.91509e+06
4.83313e+06
3.63843e+07
4.32968e+07
3.75242e+07
5.24189e+06
3.7542e+07
-979446
3.73368e+07
3.75755e+07
-1.69801e+06
3.72232e+07
3.75551e+07
3.16688e+06
3.72086e+07
3.75547e+07
3.63629e+07
3.60316e+07
3.60058e+07
3.63815e+07
6.02264e+06
3.12242e+07
5.89836e+06
3.03172e+06
3.68441e+07
3.60635e+07
5.94521e+06
3.74174e+07
3.75712e+07
4.45671e+07
3.75588e+07
4.58043e+06
3.75547e+07
3.24531e+07
3.75968e+07
3.75544e+07
3.70853e+07
3.60401e+07
4.11385e+06
3.75738e+07
9.6642e+06
3.59111e+07
1.99621e+06
3.75555e+07
3.75711e+07
3.60943e+07
9.99634e+06
3.74447e+07
3.78888e+07
3.74648e+07
3.61221e+07
3.06972e+06
4.10179e+06
3.75557e+07
3.77778e+07
3.75557e+07
9.38779e+06
3.75545e+07
3.77763e+07
3.75549e+07
3.65624e+07
1.05858e+09
3.76056e+07
3.75546e+07
3.04487e+07
3.75549e+07
3.75545e+07
3.75747e+07
3.75552e+07
6.98536e+06
3.7558e+07
3.70771e+07
3.7555e+07
3.35733e+07
3.75617e+07
3.70044e+07
3.75548e+07
3.52439e+07
3.75625e+07
3.7816e+07
3.75546e+07
3.30157e+06
3.75544e+07
1.32503e+06
3.75547e+07
2.87432e+07
3.78149e+07
3.75552e+07
3.75293e+07
3.75553e+07
3.66597e+07
5.05973e+06
3.75615e+07
1.96168e+06
2.97229e+08
3.75551e+07
3.25451e+07
3.75549e+07
3.75524e+07
-1.00785e+06
3.8064e+07
3.75547e+07
2.75183e+07
3.7578e+07
3.37767e+07
3.75252e+07
-171868
-7.38438e+06
3.75294e+07
3.74917e+07
-2.68964e+06
3.511e+07
-273044
3.75547e+07
3.75545e+07
3.5173e+07
-1.55825e+07
3.75701e+07
-7.35048e+06
3.52744e+07
3.75541e+07
3.75548e+07
-8.11291e+06
-8.54923e+06
3.54656e+07
7.53456e+06
3.52455e+07
5.15838e+06
-2.65489e+06
3.75659e+07
3.7555e+07
3.7555e+07
3.6487e+07
6.17514e+06
4.65554e+07
3.63516e+07
3.6346e+07
3.24768e+07
3.49673e+07
3.53887e+07
3.34193e+07
3.24504e+07
3.7555e+07
3.75572e+07
3.71239e+07
3.79016e+07
3.39409e+06
1.04854e+09
3.75548e+07
3.78811e+07
3.75711e+07
3.75674e+07
3.75544e+07
3.62248e+07
2.15651e+07
2.53361e+07
3.75544e+07
3.08516e+07
5.63739e+07
3.7555e+07
3.75548e+07
3.75549e+07
3.75549e+07
3.75549e+07
3.75549e+07
3.78954e+07
3.62147e+07
2.97498e+07
3.42671e+07
3.52019e+07
3.56567e+07
1.53697e+06
3.73295e+07
3.75546e+07
3.75551e+07
3.32062e+07
3.64195e+07
3.75548e+07
3.67183e+07
-6.20201e+06
3.75542e+07
3.76223e+07
3.757e+07
8.31701e+06
6.99059e+06
1.1486e+07
3.65334e+07
-8.478e+06
3.51756e+07
3.7248e+07
1.19197e+07
3.77535e+07
3.75546e+07
3.75501e+07
-1.11338e+06
3.75559e+07
3.75552e+07
3.03731e+07
3.75747e+07
3.71275e+07
3.75546e+07
3.52045e+07
6.21932e+07
-1.89338e+06
3.75908e+07
-683132
3.71384e+07
3.75551e+07
3.7261e+07
5.26207e+06
2.08054e+07
-3.79668e+06
-1.65506e+06
3.00873e+07
3.75544e+07
3.7215e+07
3.76192e+07
3.69759e+07
3.757e+07
3.74138e+07
8.05441e+07
2.52182e+07
2.20794e+07
4.58848e+07
3.67918e+07
3.75867e+07
3.75768e+07
3.62482e+06
3.72634e+07
621495
3.68111e+07
3.74171e+07
3.63254e+07
3.75578e+07
3.75549e+07
-4.94321e+06
2.87797e+06
-9.98697e+06
3.73271e+07
3.55354e+08
2.28297e+06
1.04137e+06
6.53199e+06
3.75584e+07
3.75703e+07
4.86441e+07
3.75756e+07
-1.4206e+06
3.73067e+07
3.75549e+07
3.75715e+07
3.7578e+07
3.7591e+07
4.4299e+08
-135807
3.75549e+07
-1.56769e+06
3.55871e+08
3.65754e+07
3.49781e+07
3.43153e+07
3.75551e+07
3.69478e+07
-697264
3.60167e+07
4.24323e+07
3.73174e+07
3.75551e+07
3.71435e+07
3.75557e+07
2.13409e+06
861355
1.48843e+06
3.68045e+07
3.73424e+07
3.67856e+07
3.75549e+07
3.7571e+07
3.13405e+06
3.75542e+07
3.7575e+07
3.75061e+07
3.75759e+07
3.75365e+07
3.72993e+07
3.75707e+07
3.49326e+07
4.11306e+06
3.72291e+07
4.5311e+06
3.75675e+07
3.7555e+07
3.75772e+07
7.583e+06
3.60299e+07
-5.76663e+06
3.75773e+07
-2.88059e+06
4.08278e+06
1.02271e+07
4.84675e+06
3.75774e+07
3.72828e+07
-4.30364e+06
3.72534e+07
3.75546e+07
3.75549e+07
3.75548e+07
3.7555e+07
3.75485e+07
3.7555e+07
3.75548e+07
3.75824e+07
3.75721e+07
3.75548e+07
3.74992e+07
3.75928e+07
3.75525e+07
3.72685e+07
3.75679e+07
3.41692e+07
3.74221e+07
2.1613e+07
3.75677e+07
2.07126e+06
3.75478e+07
3.75509e+07
3.7725e+07
3.74627e+07
6.66122e+06
3.7552e+07
3.75677e+07
3.71772e+07
3.68106e+07
3.67576e+07
3.68007e+07
3.7555e+07
3.75548e+07
3.60083e+07
3.75553e+07
3.75543e+07
4.28341e+07
6.71186e+06
3.7555e+07
3.74566e+07
3.7555e+07
3.75625e+07
3.51582e+07
3.75544e+07
3.73825e+07
9.52634e+06
3.2116e+07
1.28265e+06
5.03749e+06
5.22957e+06
5.44794e+06
2.40655e+06
6.78806e+06
3.72398e+07
3.12949e+07
3.7561e+07
3.1932e+07
3.75551e+07
991439
3.75548e+07
3.75613e+07
3.54266e+07
3.59907e+07
3.58482e+07
3.75503e+07
3.65876e+07
5.10692e+06
4.88484e+06
3.75554e+07
3.75554e+07
3.75554e+07
3.75539e+07
3.75539e+07
3.75539e+07
3.65058e+07
3.65097e+07
4.50506e+07
5.15494e+07
4.53017e+07
4.54806e+07
-2.22151e+07
-7.89261e+07
-6.15895e+07
-3.09143e+07
-8.27498e+07
-3.17606e+07
-7.18321e+07
-3.04035e+07
1.53939e+07
1.52003e+07
-5.11993e+06
1.39532e+07
3.56795e+08
-1.07091e+07
-1.66944e+08
-9.84161e+07
-1.44633e+08
-2.16848e+07
-1.20709e+07
-9.14176e+07
-2.82819e+07
3.68448e+07
3.75754e+07
3.75659e+07
3.75572e+07
5.11181e+06
3.74438e+07
5.20413e+06
3.75357e+07
2.98823e+07
5.12908e+06
3.75318e+07
3.7422e+07
3.75354e+07
3.74367e+07
3.75495e+07
3.75546e+07
3.75551e+07
3.75562e+07
3.75548e+07
3.75557e+07
3.75553e+07
3.75546e+07
3.75551e+07
3.75546e+07
3.75546e+07
3.75529e+07
3.75525e+07
3.75541e+07
3.75494e+07
3.75884e+07
3.74474e+07
3.75887e+07
3.75888e+07
3.74418e+07
3.75767e+07
3.7576e+07
3.74585e+07
3.74387e+07
3.75714e+07
3.75546e+07
3.7488e+07
3.75063e+07
3.75884e+07
3.75902e+07
3.75528e+07
3.75544e+07
3.75684e+07
3.75667e+07
3.74945e+07
3.7499e+07
3.75672e+07
3.74969e+07
3.7462e+07
3.75197e+07
3.75166e+07
3.74514e+07
3.74107e+07
3.73623e+07
3.74024e+07
3.73638e+07
3.73695e+07
3.7375e+07
3.73521e+07
3.73443e+07
3.71921e+07
3.72197e+07
3.71798e+07
3.70403e+07
3.71083e+07
3.70033e+07
3.65405e+07
3.54502e+07
3.56477e+07
3.52958e+07
3.4562e+07
3.42506e+07
3.31918e+07
3.22174e+07
2.33849e+07
2.09449e+07
2.4444e+07
2.32017e+07
2.07701e+07
2.29619e+07
1.94093e+07
1.91295e+07
1.92891e+07
1.55703e+07
1.5513e+07
1.72103e+07
9.21489e+06
1.35155e+07
-3.87841e+06
1.02307e+08
1.06754e+08
9.79294e+07
3.44984e+07
3.75707e+07
-1.79349e+07
-1.86655e+07
5.50013e+07
5.43484e+07
7.7158e+07
3.7582e+07
3.81588e+07
3.7256e+07
7.17758e+07
2.17845e+07
3.70194e+07
7.84492e+07
8.0124e+07
7.86476e+07
2.30883e+07
8.0961e+07
3.50859e+07
3.74719e+06
4.1263e+06
4.70562e+06
4.82983e+06
5.06516e+06
5.15987e+06
5.39739e+06
5.27991e+06
5.51743e+06
6.13917e+06
6.68451e+06
1.96921e+07
1.86951e+06
-2.5257e+06
-5.13385e+06
-3.74013e+06
-2.66886e+06
-2.9276e+06
-68123.7
-2.42923e+06
1.0377e+06
6.3623e+06
1.73986e+06
1.52276e+06
1.56323e+06
1.40585e+06
-3.01027e+07
343050
7.10961e+07
4.34659e+07
3.23098e+07
3.13357e+07
4.48755e+07
4.43674e+07
1.97192e+07
1.87316e+07
3.14783e+07
1.91423e+07
3.55489e+07
3.5127e+07
3.55514e+07
3.70423e+07
3.26483e+07
3.33411e+07
3.40043e+07
3.39859e+07
3.40489e+07
3.38047e+07
3.4849e+07
3.48958e+07
3.6561e+07
3.486e+07
3.46861e+07
3.65118e+07
3.46629e+07
3.89019e+07
4.23568e+07
3.88687e+07
4.23929e+07
4.24516e+07
4.29579e+07
4.00313e+07
4.52563e+07
4.62381e+07
3.92078e+07
4.00747e+07
3.96687e+07
3.81636e+07
3.95244e+07
3.93939e+07
3.57442e+07
3.64314e+07
3.66777e+07
3.68006e+07
3.67375e+07
3.66618e+07
3.67337e+07
3.67667e+07
3.66214e+07
3.66314e+07
3.65423e+07
3.65786e+07
3.65464e+07
3.65061e+07
3.65787e+07
3.67055e+07
3.66515e+07
3.67066e+07
3.66334e+07
3.6713e+07
3.67182e+07
3.69547e+07
3.69647e+07
3.69924e+07
3.72115e+07
3.72707e+07
3.71927e+07
3.72463e+07
3.78712e+07
3.77859e+07
3.79036e+07
3.74907e+07
3.72405e+07
3.7564e+07
3.75642e+07
3.75608e+07
3.75617e+07
3.75591e+07
3.75593e+07
3.75608e+07
3.75581e+07
3.75575e+07
3.75569e+07
3.75578e+07
3.75553e+07
3.75554e+07
3.75552e+07
3.75551e+07
3.75775e+07
3.75546e+07
3.75557e+07
3.75774e+07
3.75544e+07
3.75547e+07
3.75546e+07
3.75544e+07
3.75538e+07
3.75546e+07
3.75541e+07
3.75522e+07
3.75521e+07
3.75541e+07
3.75546e+07
3.75547e+07
3.75551e+07
3.75547e+07
3.75548e+07
3.75549e+07
3.0644e+07
3.75551e+07
3.7555e+07
3.75548e+07
3.75546e+07
3.75546e+07
3.75548e+07
3.75548e+07
3.75552e+07
3.75549e+07
3.75488e+07
3.75962e+07
3.74363e+07
3.7589e+07
3.75737e+07
3.7574e+07
3.75777e+07
3.75592e+07
3.75656e+07
3.7373e+07
3.73548e+07
3.72058e+07
3.71792e+07
3.00336e+07
1.78302e+07
1.53402e+07
1.17928e+08
-1.65371e+08
9.62469e+07
-1.68324e+07
7.88085e+07
7.27889e+07
5.56194e+07
8.15691e+07
8.08011e+07
4.67849e+06
8.42571e+06
5.80256e+06
1.48606e+07
1.29858e+07
-4.81586e+06
-2.83366e+06
-7.83165e+07
3.86367e+07
4.35768e+07
5.58244e+07
4.35952e+07
4.45986e+07
3.12663e+07
3.35096e+07
3.55585e+07
3.38089e+07
3.32461e+07
3.48631e+07
3.30649e+07
3.46667e+07
3.46737e+07
3.47284e+07
3.89324e+07
4.34796e+07
3.92082e+07
4.09296e+07
4.34091e+07
3.84265e+07
3.57342e+07
3.57192e+07
3.6782e+07
3.67301e+07
3.67697e+07
3.68352e+07
3.65883e+07
3.66957e+07
3.70039e+07
3.67432e+07
3.71745e+07
3.72527e+07
3.72482e+07
3.71828e+07
3.72866e+07
3.79116e+07
3.78162e+07
3.78876e+07
3.75638e+07
3.75609e+07
3.75577e+07
3.75551e+07
3.75554e+07
3.7555e+07
3.75555e+07
3.75772e+07
3.75547e+07
3.75549e+07
3.75549e+07
3.75551e+07
3.75546e+07
3.75592e+07
3.7555e+07
3.75546e+07
3.75547e+07
3.75546e+07
3.75546e+07
3.75544e+07
3.75551e+07
3.75546e+07
3.75547e+07
3.75549e+07
3.7555e+07
3.75551e+07
3.75551e+07
3.7555e+07
3.75551e+07
3.75552e+07
3.7555e+07
3.75552e+07
3.75549e+07
3.7555e+07
3.75551e+07
3.75551e+07
3.7555e+07
3.7555e+07
3.75547e+07
3.7555e+07
3.75545e+07
3.75544e+07
3.75542e+07
3.75542e+07
3.75547e+07
3.75545e+07
3.75542e+07
3.75545e+07
3.75548e+07
3.75539e+07
3.75537e+07
3.75581e+07
3.75568e+07
3.75555e+07
3.75492e+07
3.75522e+07
3.75918e+07
3.75633e+07
3.75761e+07
3.75711e+07
3.7574e+07
3.75737e+07
3.75544e+07
3.75695e+07
3.75687e+07
3.75634e+07
3.75074e+07
3.75248e+07
3.75136e+07
3.75706e+07
3.75059e+07
3.75433e+07
3.74832e+07
3.74899e+07
3.74609e+07
3.74151e+07
3.74874e+07
3.74112e+07
3.73213e+07
3.73948e+07
3.73135e+07
3.71138e+07
3.70035e+07
3.69506e+07
3.67635e+07
3.67559e+07
3.66584e+07
3.67159e+07
3.66774e+07
3.65896e+07
3.65036e+07
3.65234e+07
3.65091e+07
3.63809e+07
3.63343e+07
3.6447e+07
3.62592e+07
3.6071e+07
3.61815e+07
3.57718e+07
3.57361e+07
3.56558e+07
3.53076e+07
3.53518e+07
3.50669e+07
3.50659e+07
3.51507e+07
3.48529e+07
3.48243e+07
3.4836e+07
3.45078e+07
3.44353e+07
3.44108e+07
3.30249e+07
3.32862e+07
3.32185e+07
3.28019e+07
3.10811e+07
3.17401e+07
3.28317e+07
3.38389e+07
3.32111e+07
-634709
-1.52036e+06
-2.48072e+06
415200
4.60805e+06
1.48794e+06
-5.03612e+06
5.51562e+06
5.10465e+06
-3.49826e+06
6.01162e+06
6.29141e+06
7.45357e+06
6.10476e+06
8.6312e+06
2.53353e+07
6.02644e+06
5.31715e+06
5.21448e+06
5.83168e+06
5.6364e+06
5.53984e+06
5.87707e+06
5.68288e+06
5.5542e+06
5.5592e+06
5.73623e+06
5.77103e+06
6.7262e+06
5.94549e+06
6.08482e+06
1.02791e+07
1.07824e+07
7.86937e+06
298282
3.51816e+06
888986
1.17089e+06
-1.99458e+06
-1.22301e+06
387993
654951
1.56088e+06
2.12023e+06
3.88776e+06
1.27753e+06
-1.12602e+06
3.75706e+07
-1.2381e+06
2.04268e+06
2.11492e+06
1.02866e+06
-6.6096e+06
2.5179e+07
3.12636e+07
3.36397e+07
3.674e+07
4.72127e+07
4.49661e+07
4.51356e+07
4.36484e+07
3.40576e+07
3.42926e+07
3.64151e+07
3.52855e+07
3.48469e+07
3.37883e+07
3.33107e+07
3.30481e+07
3.32846e+07
3.35728e+07
3.31874e+07
3.40489e+07
3.41465e+07
3.37758e+07
3.41718e+07
3.75705e+07
3.40307e+07
3.4899e+07
3.65127e+07
3.75625e+07
3.87935e+07
4.29292e+07
3.91484e+07
3.97151e+07
3.75625e+07
4.1311e+07
4.01314e+07
3.82416e+07
3.85541e+07
3.62182e+07
3.62052e+07
3.66715e+07
3.85179e+07
3.52495e+07
3.51033e+07
3.59274e+07
3.57521e+07
3.59415e+07
3.62425e+07
3.61984e+07
3.61235e+07
3.63268e+07
3.63598e+07
3.63212e+07
3.63828e+07
3.63728e+07
3.63654e+07
3.63694e+07
3.64026e+07
3.64171e+07
3.63787e+07
3.65062e+07
3.65527e+07
3.66118e+07
3.65421e+07
3.65827e+07
3.66378e+07
3.66731e+07
3.67923e+07
3.67915e+07
3.68209e+07
3.6844e+07
3.6879e+07
3.68754e+07
3.69556e+07
3.69336e+07
3.75625e+07
3.71416e+07
3.74139e+07
3.72505e+07
3.75618e+07
3.75609e+07
3.75617e+07
3.75552e+07
3.75551e+07
3.75549e+07
3.75547e+07
3.75549e+07
3.7555e+07
3.75547e+07
3.75556e+07
3.7555e+07
3.7555e+07
3.75625e+07
3.75546e+07
3.75538e+07
3.75548e+07
3.7555e+07
3.75551e+07
3.7555e+07
3.75551e+07
5.18362e+06
3.75549e+07
3.75548e+07
3.75548e+07
3.75548e+07
3.75549e+07
3.7555e+07
3.75548e+07
3.75548e+07
3.7555e+07
3.75551e+07
3.75547e+07
3.75548e+07
-1.12233e+08
5.43537e+06
156534
3.75686e+07
3.75761e+07
3.75742e+07
3.75549e+07
3.75549e+07
3.75549e+07
3.7555e+07
3.75551e+07
3.7555e+07
3.75551e+07
3.75551e+07
3.7555e+07
3.7555e+07
3.75548e+07
3.75548e+07
3.75547e+07
3.75547e+07
3.75549e+07
3.75543e+07
3.75547e+07
3.75546e+07
3.75546e+07
3.65404e+07
3.75547e+07
3.75546e+07
3.75545e+07
3.75538e+07
3.75556e+07
3.75554e+07
3.75556e+07
3.75536e+07
3.75768e+07
3.75651e+07
3.75506e+07
3.75675e+07
3.75678e+07
3.75675e+07
3.75726e+07
3.75728e+07
3.75718e+07
3.75713e+07
3.75722e+07
3.75663e+07
3.75607e+07
3.03689e+07
3.0219e+07
3.01923e+07
3.08269e+07
3.09205e+07
3.75696e+07
3.75686e+07
3.74424e+07
3.75417e+07
3.73742e+07
3.74069e+07
3.7377e+07
3.74042e+07
3.73308e+07
3.73345e+07
3.70841e+07
3.71675e+07
3.69839e+07
3.69789e+07
3.69383e+07
3.69228e+07
3.68661e+07
3.68511e+07
3.68128e+07
3.68191e+07
3.68119e+07
3.6832e+07
3.6785e+07
3.67695e+07
3.67606e+07
3.67639e+07
3.64918e+07
3.64095e+07
3.65644e+07
3.67536e+07
3.64337e+07
3.63637e+07
3.65016e+07
3.62495e+07
3.54581e+07
3.61639e+07
3.61718e+07
3.61499e+07
3.27348e+07
3.51782e+07
3.61083e+07
3.61e+07
3.61201e+07
3.60741e+07
3.60183e+07
3.60019e+07
3.60092e+07
3.55252e+07
3.51273e+07
3.19768e+07
3.56864e+07
3.46818e+07
418722
719279
3.10325e+07
3.30269e+07
2.95849e+07
-1.02698e+06
2.44599e+07
1.37027e+07
-104017
-2.68473e+06
-1.81191e+06
-2.10846e+06
2.22505e+06
-1.6965e+06
1.02826e+06
1.24446e+06
1.41652e+06
1.93083e+06
1.36049e+06
3.63467e+06
3.87745e+06
4.60743e+06
5.01214e+06
5.55025e+06
5.12978e+06
5.14006e+06
5.48476e+06
7.01107e+06
7.52655e+06
2.55054e+07
7.10424e+06
5.94116e+06
6.40872e+06
5.9452e+06
5.44203e+06
5.78046e+06
5.84876e+06
5.87961e+06
5.47108e+06
5.38838e+06
5.45135e+06
5.60372e+06
5.5969e+06
4.98106e+06
5.60165e+06
5.14874e+06
5.51174e+06
4.95875e+06
5.24505e+06
5.51572e+06
7.87837e+06
6.29729e+06
325126
-794014
-156694
-1.1819e+06
2.00196e+06
3.50143e+06
3.28263e+06
2.19367e+06
2.10483e+06
2.25102e+06
2.25519e+06
2.16523e+06
4.53877e+06
4.16018e+06
3.92026e+06
2.54812e+06
3.44661e+06
5.1978e+06
5.09238e+06
4.4697e+06
5.15862e+06
4.41501e+06
4.55331e+06
3.49454e+06
2.3906e+06
3.38537e+06
2.91241e+06
2.29408e+07
-1.95249e+06
3.35629e+07
2.23842e+07
3.43053e+07
2.81697e+07
3.03066e+07
2.98008e+07
3.51994e+07
3.08755e+07
3.11861e+07
3.54596e+07
3.11825e+07
3.28786e+07
3.27123e+07
3.36296e+07
3.35043e+07
3.3839e+07
3.3502e+07
3.43169e+07
3.45561e+07
3.46709e+07
3.56445e+07
3.62424e+07
3.67904e+07
3.73857e+07
3.88227e+07
3.68981e+07
3.78888e+07
3.75608e+07
3.75607e+07
3.75618e+07
3.75548e+07
3.47949e+07
3.49889e+07
3.52238e+07
3.69339e+07
3.48943e+07
3.50048e+07
3.4709e+07
3.50271e+07
3.59105e+07
3.58665e+07
3.52269e+07
3.59441e+07
3.60196e+07
3.62544e+07
3.6204e+07
3.62113e+07
3.63607e+07
3.618e+07
3.62393e+07
3.62349e+07
3.62156e+07
3.62638e+07
3.6247e+07
3.63795e+07
3.62603e+07
3.62598e+07
3.63671e+07
3.62905e+07
3.65726e+07
3.65279e+07
3.65513e+07
3.63606e+07
3.66267e+07
3.41663e+07
3.66752e+07
3.66411e+07
3.65724e+07
3.67571e+07
3.67751e+07
3.67786e+07
3.67706e+07
3.68108e+07
3.67833e+07
3.67823e+07
3.68416e+07
3.68085e+07
3.68608e+07
3.68462e+07
3.68408e+07
3.68525e+07
3.68861e+07
3.69895e+07
3.70385e+07
3.69218e+07
3.71495e+07
3.74317e+07
3.75546e+07
3.75528e+07
3.75548e+07
3.75552e+07
3.75554e+07
3.75549e+07
3.7555e+07
3.75549e+07
3.75547e+07
3.75548e+07
3.7555e+07
3.75542e+07
3.75549e+07
3.75548e+07
3.75551e+07
3.75552e+07
3.75548e+07
3.75549e+07
3.75549e+07
3.75549e+07
3.75549e+07
3.75547e+07
3.75548e+07
3.75548e+07
3.75549e+07
3.7555e+07
3.75551e+07
3.7555e+07
3.7555e+07
3.75547e+07
3.75551e+07
3.75548e+07
3.75551e+07
3.75551e+07
3.35437e+07
3.45172e+07
-1.29896e+06
1.56861e+06
-1.12073e+06
-752352
859579
-864567
-139642
3.7571e+07
3.75706e+07
5.14556e+06
3.75696e+07
3.75799e+07
3.75619e+07
3.75693e+07
3.75692e+07
3.75704e+07
3.7555e+07
3.75549e+07
3.75549e+07
3.75549e+07
3.75553e+07
3.75546e+07
3.75553e+07
3.75545e+07
5.06314e+06
5.29004e+06
5.37764e+06
4.9918e+06
5.99198e+06
3.75547e+07
3.75548e+07
3.75549e+07
3.75549e+07
3.7555e+07
3.75543e+07
3.75552e+07
3.75546e+07
3.75549e+07
3.75551e+07
3.7555e+07
3.75549e+07
3.75551e+07
3.75551e+07
3.75547e+07
3.75548e+07
3.75554e+07
3.75713e+07
3.7571e+07
3.75709e+07
3.75703e+07
3.44616e+07
3.42638e+07
3.42139e+07
3.47925e+07
3.75482e+07
3.75656e+07
3.75501e+07
3.73455e+07
3.7336e+07
3.74116e+07
3.73142e+07
3.73369e+07
3.7273e+07
3.72955e+07
3.72937e+07
3.72503e+07
3.72403e+07
3.71924e+07
3.70106e+07
3.69978e+07
3.67816e+07
3.67437e+07
3.66343e+07
3.67508e+07
3.64905e+07
3.62656e+07
3.63659e+07
3.62932e+07
3.6131e+07
3.62391e+07
3.62196e+07
3.58342e+07
3.58352e+07
3.57249e+07
3.7555e+07
3.7555e+07
3.06495e+07
3.07689e+07
3.0709e+07
2.61288e+07
2.59505e+07
2.18012e+07
-1.091e+06
-993384
-1.10689e+06
-1.45744e+06
-1.13327e+06
-1.43023e+06
-1.70498e+06
-1.32217e+06
1.69586e+06
4.08498e+06
4.03887e+06
2.9431e+06
3.02996e+06
5.10113e+06
4.59864e+06
5.13675e+06
5.41599e+06
5.47973e+06
5.53679e+06
5.54816e+06
5.42046e+06
4.9516e+06
3.7328e+06
1.49383e+06
4.02013e+06
3.98185e+06
2.55773e+06
4.01389e+06
3.3438e+06
3.47143e+07
3.49494e+07
3.4539e+07
5.214e+06
5.17172e+06
5.17383e+06
5.21988e+06
5.06484e+06
5.19603e+06
4.88819e+06
3.33839e+07
3.34175e+07
3.36387e+07
3.41398e+07
3.47645e+07
3.63453e+07
3.49452e+07
3.5105e+07
3.75552e+07
3.75549e+07
3.75548e+07
3.7555e+07
3.7555e+07
3.7555e+07
3.75548e+07
3.75551e+07
3.7555e+07
3.75548e+07
3.75549e+07
3.75549e+07
3.75548e+07
3.7555e+07
3.7555e+07
5.98713e+06
3.21079e+07
3.20836e+07
3.22868e+07
3.75718e+07
3.75549e+07
3.27452e+07
3.6245e+07
3.75547e+07
3.11076e+07
4.46035e+06
4.57266e+06
3.7555e+07
3.75547e+07
5.48452e+06
5.1549e+06
5.30958e+06
5.53991e+06
3.5304e+07
3.2801e+07
3.32745e+07
3.23857e+07
3.86045e+07
3.61577e+07
3.69242e+07
3.68694e+07
3.72089e+07
3.75549e+07
3.75544e+07
3.75548e+07
3.75546e+07
3.75549e+07
3.75547e+07
3.6743e+07
3.75723e+07
3.75543e+07
3.75546e+07
3.75553e+07
3.66919e+07
3.64307e+07
3.75548e+07
3.57303e+07
3.54395e+07
2.42888e+06
5.29306e+06
5.14862e+06
5.46049e+06
7.9961e+06
3.6463e+07
3.49745e+07
-1.56388e+06
-1.23723e+06
-913669
3.08789e+07
2.85759e+07
3.05452e+07
3.15545e+07
3.50664e+07
3.67782e+07
3.67667e+07
3.68546e+07
3.75548e+07
3.75547e+07
3.75548e+07
3.7555e+07
3.7555e+07
3.20311e+07
3.27998e+07
3.75553e+07
2.61472e+07
3.62523e+07
3.6734e+07
3.7555e+07
3.68333e+07
3.3993e+07
5.0938e+06
4.81956e+06
3.75549e+07
3.75549e+07
3.45202e+07
3.75541e+07
3.75541e+07
4.32563e+07
-8.95591e+07
1.39613e+07
3.75551e+07
-9.8564e+06
-1.18385e+07
3.75641e+07
3.75551e+07
3.75368e+07
4.73216e+06
3.74482e+07
3.74864e+07
3.75537e+07
3.75548e+07
3.7367e+07
3.75548e+07
1.74341e+07
7.86587e+07
8.34975e+06
7.71614e+06
-3.18464e+06
3.08786e+07
3.21685e+07
3.37118e+07
3.6836e+07
4.4335e+07
3.68113e+07
3.68614e+07
3.66227e+07
3.68223e+07
3.67723e+07
3.66601e+07
3.72609e+07
3.72174e+07
3.79232e+07
3.75613e+07
3.62879e+07
3.75593e+07
3.75592e+07
3.75579e+07
3.75552e+07
3.62287e+07
3.75554e+07
3.62075e+07
3.75546e+07
3.7554e+07
3.75594e+07
3.75542e+07
3.75548e+07
3.7559e+07
3.75547e+07
4.51857e+07
3.67436e+07
3.50033e+07
3.68884e+07
3.79563e+07
3.75551e+07
3.75548e+07
3.75549e+07
3.49358e+07
3.75549e+07
3.75415e+07
3.74972e+07
3.69245e+07
3.54086e+07
3.52713e+07
1.7863e+06
5.40571e+06
6.70202e+06
3.58315e+07
3.32365e+07
3.30835e+07
3.82946e+07
3.67291e+07
3.60184e+07
3.68631e+07
3.72366e+07
3.75614e+07
3.75551e+07
3.75545e+07
3.75521e+07
3.75549e+07
3.38932e+07
3.75548e+07
3.75548e+07
3.75736e+07
3.7555e+07
3.27363e+07
3.75547e+07
3.75547e+07
3.7373e+07
3.09645e+07
3.69802e+07
3.65371e+07
3.62266e+07
3.55888e+07
3.53528e+07
3.55766e+07
-1.14915e+06
7.32263e+06
5.9003e+06
3.75549e+07
3.75549e+07
3.75549e+07
3.75549e+07
3.25094e+07
3.05581e+07
3.26072e+07
3.32649e+07
)
;

boundaryField
{
    Wall
    {
        type            zeroGradient;
    }
    Inlet
    {
        type            zeroGradient;
    }
    Outlet
    {
        type            fixedValue;
        value           uniform 0;
    }
    Empty
    {
        type            empty;
    }
}


// ************************************************************************* //
