/*--------------------------------*- C++ -*----------------------------------*\
| =========                 |                                                 |
| \\      /  F ield         | OpenFOAM: The Open Source CFD Toolbox           |
|  \\    /   O peration     | Version:  2312                                  |
|   \\  /    A nd           | Website:  www.openfoam.com                      |
|    \\/     M anipulation  |                                                 |
\*---------------------------------------------------------------------------*/
FoamFile
{
    version     2.0;
    format      ascii;
    arch        "LSB;label=32;scalar=64";
    class       volScalarField;
    location    "7.7";
    object      p;
}
// * * * * * * * * * * * * * * * * * * * * * * * * * * * * * * * * * * * * * //

dimensions      [0 2 -2 0 0 0 0];

internalField   nonuniform List<scalar> 
2958
(
-3.19275e+13
-1.90186e+13
-2.35671e+13
-2.97125e+13
-1.18754e+13
-2.38662e+13
-3.18974e+13
-3.29904e+13
-1.52189e+13
-3.46823e+13
-3.19297e+13
-1.48528e+15
-3.28405e+13
-1.48537e+15
-3.23293e+13
-3.1226e+13
-1.53886e+13
-3.26807e+13
-1.48617e+15
-3.55135e+13
-1.47886e+15
-1.5587e+13
-1.45788e+15
-4.93286e+13
-3.27725e+13
-3.18252e+13
2.08769e+14
-5.73926e+13
-1.0488e+14
-3.18597e+13
-3.18192e+13
-8.62872e+12
-1.31151e+15
-6.84808e+12
-3.25922e+13
-3.14699e+13
-1.48532e+15
-1.46168e+15
-5.88679e+13
-3.41267e+13
-2.7714e+13
-3.09113e+13
-3.18986e+13
-3.17378e+13
-1.48465e+15
-1.52179e+13
-3.19372e+13
-7.63834e+12
-2.99155e+13
-6.16952e+14
-3.17711e+13
-1.53035e+13
-3.34433e+13
-3.19889e+13
-3.18633e+13
-3.23799e+13
-3.67651e+13
-3.33967e+13
-3.17909e+13
-2.2156e+13
-3.18732e+13
-4.27646e+13
-3.21821e+13
-3.18733e+13
-1.48538e+15
-1.486e+15
-3.19944e+13
-1.1955e+13
-4.78113e+14
-4.61966e+13
-1.53268e+13
-1.48516e+15
-1.6092e+13
-3.18777e+13
-1.48949e+15
-3.1916e+13
-3.49823e+13
-3.21931e+13
-1.45044e+15
-3.18596e+13
-3.27878e+13
-1.4221e+13
-6.98257e+13
-7.10141e+13
-3.25377e+13
-3.20486e+13
-1.60269e+13
-3.20502e+13
-1.92651e+13
-1.29432e+15
-3.24611e+13
-1.51382e+13
-3.19674e+13
-1.48631e+15
-2.94892e+13
-3.28764e+13
-3.22604e+13
-3.12125e+13
-1.48535e+15
-1.48535e+15
-2.96322e+13
-3.18335e+13
-3.30716e+13
-1.65894e+13
-1.43626e+15
-2.74928e+14
-1.48529e+15
-2.98503e+13
-1.48606e+15
-3.29203e+13
-2.84353e+13
-3.18609e+13
-1.48928e+15
-3.37189e+13
-1.48538e+15
-1.48586e+15
-3.21173e+13
-3.18639e+13
-1.6166e+13
-3.18958e+13
-4.80554e+13
-1.48529e+15
-3.20134e+13
-2.15479e+13
-3.07144e+13
-3.25841e+13
-3.48748e+13
-1.633e+13
-3.1905e+13
-1.48736e+15
-1.49275e+15
-1.48338e+15
-3.18706e+13
-1.48537e+15
-1.51074e+15
-1.48509e+15
-3.42139e+13
-3.21689e+13
-1.48532e+15
-1.48535e+15
-3.32373e+13
-1.70477e+13
-1.47359e+15
-1.48623e+15
-3.13439e+13
-1.46578e+13
-1.48993e+15
-1.48528e+15
-1.49528e+13
-1.48443e+15
-3.54591e+13
-3.23096e+13
-3.45822e+13
-6.62117e+14
-3.28054e+13
-1.52009e+15
-1.3855e+15
-3.18923e+13
-3.19022e+13
-3.2252e+13
-3.28101e+13
-3.49385e+13
-3.2129e+13
-1.48535e+15
4.44796e+12
-4.91589e+13
-9.54127e+14
-1.48626e+15
-3.10402e+13
-1.56799e+13
-4.52633e+12
-1.4853e+15
-1.48238e+15
-1.82819e+13
-1.46342e+15
-1.70834e+13
-1.82022e+13
2.08214e+13
-7.09016e+14
-4.78088e+14
-8.92557e+14
-1.61714e+13
-3.26061e+13
-2.95057e+13
-1.98411e+13
-1.60679e+13
-1.97489e+13
-1.48605e+15
-1.56166e+13
-2.89056e+13
-1.54681e+13
-2.05065e+13
4.91375e+12
-3.32453e+13
-1.36074e+12
-1.03836e+14
-1.87698e+13
-3.47173e+12
-3.18309e+13
-2.47949e+13
-3.42597e+13
-1.48536e+15
-3.19241e+13
1.38745e+13
-3.22762e+13
-3.09701e+13
-2.60629e+14
-3.10836e+13
-1.59266e+13
-2.99157e+13
-1.48537e+15
-1.29429e+15
-1.49392e+15
-1.70046e+13
-1.48955e+15
-1.34414e+13
-3.18935e+13
-1.48551e+15
-1.48541e+15
-1.48537e+15
-1.48769e+15
-1.81741e+13
-3.18879e+13
-1.60106e+13
-2.86434e+13
-3.18478e+13
-5.87143e+13
-1.4854e+15
-1.42157e+13
-1.58525e+13
-1.80671e+13
-9.66899e+12
-1.67443e+13
-1.36425e+13
-1.04516e+14
-1.48789e+15
-1.48772e+15
-3.17363e+13
-1.48774e+15
-3.06561e+13
-1.4866e+15
-3.06569e+13
-3.16062e+13
-5.97682e+13
-3.18123e+13
-2.86005e+13
5.28042e+13
-3.33553e+13
-3.20155e+13
-3.18823e+13
-3.44533e+13
-3.45723e+13
-3.21099e+13
3.33246e+14
-3.02172e+13
-9.93382e+12
-3.18812e+13
-1.54079e+13
-3.19367e+13
-1.55102e+13
-3.13789e+13
-1.42656e+15
-1.12218e+13
-2.1725e+13
-9.67665e+14
-3.21564e+13
-3.29242e+13
-3.17466e+13
-8.76027e+14
-1.40828e+15
-1.48532e+15
-1.55555e+13
-3.18903e+13
-1.48523e+15
-1.70099e+13
-3.17391e+13
-1.48649e+15
-1.37826e+13
-1.47727e+15
-1.67048e+13
-1.48533e+15
-1.48886e+15
-9.67403e+14
-3.22585e+13
-1.5798e+13
-1.48522e+15
-6.58043e+14
-3.1756e+13
-2.88266e+13
-3.1872e+13
-4.86137e+13
-1.59058e+13
-1.48537e+15
-1.48528e+15
-3.90246e+13
5.5652e+13
-1.4853e+15
-3.13581e+13
-1.48536e+15
-3.57384e+13
-3.42155e+13
-1.19147e+13
-1.56975e+13
-1.34059e+13
-3.30875e+13
-5.42277e+13
-3.02829e+13
-1.4266e+15
-3.20097e+13
-3.15598e+13
-1.48597e+15
-3.1638e+13
-3.1863e+13
-1.48595e+15
-1.66241e+13
-2.86511e+13
-1.23358e+13
-3.19093e+13
-1.62823e+13
-3.16647e+13
-1.37824e+13
-1.50405e+13
-3.19372e+13
-1.839e+13
-1.55694e+13
-1.40821e+15
-3.18625e+13
-1.45178e+15
-2.94197e+13
-3.47231e+13
-1.50588e+13
-3.59731e+13
-1.48533e+15
-1.48533e+15
4.37817e+12
-1.48532e+15
-2.97121e+13
-2.7632e+13
-2.97053e+13
-1.48583e+15
-3.20484e+13
-1.63553e+13
-1.16943e+13
-1.38241e+13
-1.48595e+15
-1.81291e+13
-1.48596e+15
-3.39876e+13
-3.71222e+13
-3.21387e+13
-5.89264e+13
-3.30788e+13
-6.19391e+12
-3.15196e+13
-2.09087e+13
-3.18584e+13
-1.48537e+15
-3.19197e+13
2.18754e+13
-3.18378e+13
-3.47446e+13
-3.19294e+13
-2.97299e+13
-6.57376e+14
-3.24107e+13
-3.42546e+12
-3.19191e+13
-3.175e+13
-3.1054e+13
-8.12316e+12
-3.21114e+13
-1.18542e+13
-1.48537e+15
-3.037e+13
-3.18595e+13
-1.66991e+13
-3.187e+13
-3.2435e+13
-1.1699e+13
-1.50421e+13
-3.20543e+13
-3.20854e+13
-1.49133e+15
-3.19255e+13
-1.55192e+13
-1.40372e+15
-3.17647e+13
-3.45013e+12
-1.36254e+15
-1.50428e+15
-3.3271e+13
-1.48536e+15
-3.73263e+14
-1.53953e+13
-3.0837e+13
-2.8473e+13
-3.47731e+13
-1.48538e+15
-1.48974e+15
-1.17742e+13
-3.19011e+13
-3.1899e+13
-1.53761e+13
-2.94128e+13
-3.18726e+13
-3.11549e+13
-1.84353e+13
-3.20461e+13
-3.18866e+13
-3.71172e+13
-4.31068e+13
-3.27601e+13
-3.18931e+13
-1.5981e+13
-1.71607e+13
-1.17513e+13
-1.26413e+13
-3.23255e+13
-3.17428e+13
-3.17434e+13
-1.48464e+15
-2.96388e+13
-1.47741e+13
-3.07913e+13
-3.2476e+13
-1.34346e+15
-3.0869e+13
-3.24395e+13
-3.13757e+13
-1.71163e+13
-1.1914e+13
-2.87661e+13
-1.6097e+13
-3.45304e+13
-3.64685e+13
-1.34688e+13
-1.476e+13
-3.12651e+13
-3.21936e+13
-1.47792e+15
-1.46587e+13
-1.66017e+13
-3.18336e+13
-4.73286e+13
5.95109e+12
-1.34372e+15
-1.44878e+15
-6.97705e+12
-1.49122e+15
-1.56488e+13
-1.46121e+15
-9.11198e+12
-3.26735e+13
-7.07485e+12
-3.4917e+13
-3.14632e+13
-1.48538e+15
-3.19424e+13
-1.33833e+13
-1.48537e+15
-1.70991e+13
-2.89015e+13
-3.55569e+13
-3.34936e+13
-3.18572e+13
-3.18951e+13
-7.83719e+12
-3.19528e+13
-3.18629e+13
-2.56453e+14
-3.35673e+13
-1.48529e+15
-3.47564e+13
-1.53909e+13
-3.19596e+13
-1.52946e+13
-3.20061e+13
-1.36689e+13
5.06117e+12
-3.20324e+13
-3.26786e+13
-1.65398e+13
-1.48538e+15
-8.92679e+14
-1.95417e+13
-3.19415e+13
-3.22916e+13
-3.1956e+13
-8.34562e+12
-3.18667e+13
2.24979e+12
-1.81737e+13
-2.98619e+13
-3.17719e+13
-1.50933e+13
-3.0863e+13
-3.66951e+13
-1.48634e+15
-1.4868e+15
-1.48758e+15
-1.5279e+13
-1.48633e+15
-1.48538e+15
-3.2816e+13
-3.26816e+13
-1.48537e+15
-3.0276e+13
-2.1288e+13
-3.14946e+13
-3.18641e+13
-1.48739e+15
-1.48594e+15
-3.17971e+13
-1.48716e+15
-3.18621e+13
-3.18586e+13
-8.32776e+12
-2.89307e+14
-1.55033e+13
-3.22762e+13
-1.14083e+15
-1.53973e+13
-3.19117e+13
-1.04902e+11
-3.15581e+13
-2.97388e+13
-5.18814e+13
-1.4267e+15
-3.20337e+13
-3.12823e+13
-3.20156e+13
-1.29422e+15
-1.67285e+13
-1.49216e+15
-3.00164e+14
-3.19333e+13
-1.70312e+13
-1.71831e+13
-3.17518e+13
-3.19842e+13
-1.20793e+14
-3.19081e+13
-1.48529e+15
-3.14273e+13
-1.48898e+15
-3.00278e+14
-3.20376e+13
-1.45753e+15
-1.48537e+15
1.91701e+13
-1.48649e+15
-1.48537e+15
-1.77672e+13
-5.86913e+13
5.00797e+14
-3.20915e+13
-1.20565e+14
-3.18713e+13
-3.19016e+13
-3.7696e+14
-3.18989e+13
-2.17921e+13
-3.18634e+13
-3.1808e+13
-3.18473e+13
-3.18477e+13
-1.48538e+15
-3.18569e+13
-3.06397e+13
-3.18471e+13
-5.90515e+13
-3.18817e+13
-1.48599e+15
-1.48647e+15
-1.50276e+15
-3.33412e+13
-1.48659e+15
-9.68855e+14
-1.48537e+15
-3.22333e+13
-1.63014e+13
-1.65856e+13
-3.19439e+13
-2.38906e+13
-3.17355e+13
-1.45062e+15
-1.4883e+15
-1.48537e+15
-1.72047e+13
-3.50452e+13
-1.48532e+15
-1.48545e+15
-3.18117e+13
-1.90207e+14
-1.34365e+15
-7.19141e+13
-2.84709e+13
-7.19554e+13
-3.16931e+13
-9.56143e+14
-1.48533e+15
-3.18091e+13
-1.40534e+15
-3.28432e+13
1.30191e+11
-3.19388e+13
-2.59875e+14
-4.61958e+13
-1.34764e+15
-1.48532e+15
-3.16505e+13
-6.17418e+14
-1.48548e+15
-1.48535e+15
-3.17882e+13
-3.40556e+13
-3.19249e+13
-1.82638e+13
-1.48469e+15
-2.95799e+13
-3.08398e+13
-3.10554e+13
-1.20453e+14
-1.33925e+13
-3.1929e+13
-1.48983e+15
-1.5805e+13
-3.18576e+13
-3.18526e+13
-1.48537e+15
-3.48868e+13
-1.48537e+15
-1.49334e+13
-1.48537e+15
2.07994e+13
-3.1861e+13
-1.48224e+15
-1.674e+13
-5.87072e+13
-3.21066e+13
-1.48895e+15
-4.43425e+13
-2.88794e+14
-1.4816e+15
-3.1692e+13
-2.59802e+14
-1.67452e+13
-1.48337e+15
-3.18615e+13
-1.48537e+15
-1.48547e+15
-4.77872e+13
-8.48388e+13
-1.33881e+13
-3.24697e+13
-1.54126e+13
-1.8843e+13
-1.34801e+15
-1.42847e+13
-7.2928e+12
-1.13171e+13
-1.34882e+15
-1.49138e+15
-1.48975e+15
-9.54804e+14
-1.48561e+15
-1.4658e+13
-1.48915e+15
-3.15648e+13
-3.20669e+13
-8.14318e+12
-1.5446e+13
-3.23853e+13
-2.88258e+13
7.9495e+13
9.8076e+11
-3.18792e+13
-2.95971e+13
-1.48337e+15
-1.485e+15
-1.34574e+13
-3.36135e+13
-1.48495e+15
-3.14134e+13
-1.48576e+15
-1.55221e+13
-1.59424e+13
-3.18468e+13
-3.25408e+13
-1.79218e+13
-8.74241e+14
-2.12358e+13
-3.24342e+13
-3.25543e+13
-3.19292e+13
-1.36243e+15
-3.40804e+13
-3.9658e+13
-3.18516e+13
-1.48342e+15
-1.49105e+15
-3.21066e+13
-3.18624e+13
-3.11118e+13
-3.17141e+13
-3.19468e+13
-1.33342e+13
-2.94428e+13
-3.55673e+13
-1.27377e+13
-9.3444e+12
-1.54274e+13
-1.54168e+13
-3.18433e+13
-3.71248e+13
-3.39122e+13
-3.88975e+13
-3.18709e+13
4.21896e+12
-1.36303e+13
-4.23745e+14
-1.52559e+15
-1.54208e+13
-1.14327e+14
-1.48641e+15
-1.00923e+13
-1.48536e+15
-2.87844e+13
-3.18868e+13
-1.72366e+15
-2.93253e+13
-2.84138e+13
-3.17946e+13
-1.99027e+13
-1.15549e+15
-3.34397e+13
-4.43524e+13
-5.40021e+13
-1.4787e+15
-3.23152e+13
-3.18741e+13
-3.09748e+13
-2.91159e+13
-3.19772e+13
-3.19063e+13
-1.36241e+15
-3.18057e+13
-3.19497e+13
1.63747e+13
-3.15144e+13
-3.1211e+13
-8.92321e+14
-1.48529e+15
-2.97709e+13
-2.92657e+13
-2.93163e+13
-3.20242e+13
-3.25359e+13
-2.89077e+14
-3.12368e+13
-1.48857e+15
-1.48619e+15
-1.48537e+15
-3.18009e+13
-1.54223e+13
-1.48533e+15
-3.18705e+13
-1.4856e+15
-3.18027e+13
-1.47448e+15
-1.50423e+15
-1.52224e+13
-3.10521e+13
-3.23329e+13
-1.48537e+15
-1.48538e+15
-7.8158e+13
-3.54692e+13
-1.48534e+15
-1.48537e+15
-1.73129e+13
-1.48534e+15
-3.10525e+13
-3.17938e+13
-1.50306e+15
-1.60027e+13
-3.19378e+13
-1.49739e+15
-1.8109e+13
-3.18838e+13
-3.1893e+13
-3.83945e+13
-3.18356e+13
-3.19145e+13
-4.77991e+14
-1.3673e+13
-1.36256e+15
-3.18616e+13
-3.18051e+13
-3.9701e+13
-1.42653e+13
-1.46114e+15
-3.11147e+13
-2.96937e+13
-3.20481e+13
-7.7978e+13
-3.2169e+13
-3.19088e+13
-1.86751e+13
-3.76874e+14
-1.37294e+13
-3.19025e+13
-3.27826e+13
-1.48543e+15
-3.19512e+13
-3.225e+13
-1.26787e+13
-3.20341e+13
-3.05004e+13
-2.94167e+13
-3.29833e+13
-3.14661e+13
-3.27039e+13
-2.94197e+13
-3.18582e+13
-1.57117e+13
-3.1653e+13
-3.23378e+13
-1.59797e+13
-3.21135e+13
-1.75092e+13
-3.20952e+13
-3.16827e+13
-2.84296e+13
-3.1757e+13
-1.88359e+13
-6.54583e+13
-1.48537e+15
-3.24802e+13
-3.20456e+13
-3.23567e+13
-3.19464e+13
-1.48547e+15
-1.47072e+15
-1.48532e+15
-3.12477e+13
-3.19274e+13
-2.62917e+14
-3.20775e+13
-3.3581e+13
-3.18468e+13
-3.21704e+13
-3.38088e+13
-1.49463e+13
-1.79844e+13
-4.86925e+13
-1.5277e+13
-1.48595e+15
-3.33772e+13
-4.91936e+13
-1.39809e+13
-1.58961e+13
-9.26239e+13
-3.18813e+13
-2.89098e+13
-2.63064e+14
-1.6126e+13
8.68058e+13
-1.51047e+15
-3.1966e+13
-3.51196e+13
-1.48535e+15
-1.8919e+13
-2.93881e+13
-3.02834e+13
5.00027e+14
-8.32832e+12
-1.48544e+15
-1.47063e+15
-3.18507e+13
-1.48575e+15
-1.48566e+15
-1.48537e+15
-3.30821e+12
-3.18461e+13
-6.1758e+14
-1.53801e+13
-7.09381e+14
-3.18617e+13
-1.31238e+13
-2.88248e+13
-3.18383e+13
-1.49576e+13
-1.48537e+15
-1.59738e+13
-3.89587e+13
-3.1912e+13
-3.3169e+13
-1.55189e+13
-3.33044e+13
2.07948e+12
-2.90987e+13
-1.48615e+15
9.01525e+13
-1.62007e+13
-1.57953e+13
-1.52957e+13
-3.33401e+13
-1.16894e+13
-1.49135e+15
-3.28254e+13
-1.82263e+13
-3.18962e+13
-6.83414e+12
-3.44976e+13
-5.66142e+12
-3.28537e+13
-1.14064e+15
-1.57948e+13
-3.19203e+13
-4.81796e+12
-1.64526e+13
-3.30962e+13
-3.18578e+13
-3.18975e+13
-1.62121e+13
1.45335e+13
-3.21978e+13
-1.70884e+13
-1.99233e+13
-1.55941e+13
-3.39816e+13
-1.55931e+13
-3.04056e+13
-3.19389e+13
-1.97917e+13
-3.18578e+13
-1.53473e+13
-3.20953e+13
-1.59557e+13
-3.21369e+13
-1.70695e+13
-1.48556e+15
-3.18795e+13
-9.54196e+14
-1.18361e+13
-3.14574e+13
-3.29873e+13
-7.80697e+13
-1.61735e+13
-3.29669e+13
-3.19e+13
-5.40318e+13
-2.94786e+13
-2.75224e+13
-1.60538e+13
-5.40195e+13
-3.19556e+13
-3.19006e+13
-1.4852e+15
-1.48702e+15
-1.18832e+13
-1.56049e+13
3.32611e+14
-1.48535e+15
-3.5442e+13
-7.20874e+13
-6.11807e+12
-3.19042e+13
-3.14583e+13
-1.71784e+13
-3.21806e+13
-2.9403e+13
-1.48653e+15
2.27379e+13
-1.48536e+15
-3.19274e+13
-2.93169e+13
-3.25364e+13
-2.92838e+13
-1.51236e+15
-3.28185e+13
-1.48529e+15
-8.75094e+14
-3.16588e+13
-1.41317e+13
-3.18511e+13
-3.17955e+13
-1.17558e+13
-2.15346e+13
-1.30693e+13
-3.2205e+13
-3.19406e+13
4.32406e+12
-9.40506e+12
-3.18468e+13
-3.30902e+13
-1.34262e+13
-1.59591e+13
-1.67456e+13
-1.59276e+13
-2.09927e+13
7.96412e+13
-3.19659e+13
-8.54562e+12
-3.23086e+13
-3.18395e+13
-3.18517e+13
-3.77646e+14
-1.47362e+15
-3.47567e+13
-1.41399e+13
-1.50787e+15
-2.9419e+13
-9.44758e+12
-3.19366e+13
-1.48534e+15
-3.33802e+13
-1.14548e+14
-1.1553e+15
-3.1872e+13
-3.27246e+13
-2.94002e+13
-6.49337e+13
-1.58647e+13
-3.75862e+14
-3.1862e+13
-3.18766e+13
-2.44434e+13
-2.98065e+13
-1.48941e+15
-2.62694e+14
-3.47374e+13
-3.18728e+13
-1.4852e+15
-1.48593e+15
-3.22374e+13
-1.48534e+15
-1.48595e+15
-1.34416e+15
-3.12316e+13
-2.62019e+14
-1.48656e+15
-1.48538e+15
-1.55862e+13
-1.40818e+15
-3.18766e+13
-3.19188e+13
-3.1436e+13
-1.48537e+15
-3.41987e+13
-3.18636e+13
-2.49548e+14
-1.6465e+13
-1.38634e+15
-3.16438e+13
-1.48499e+15
-3.18396e+13
-1.48538e+15
-1.48889e+15
-1.48634e+15
-4.62257e+13
-3.17672e+13
-1.36225e+15
-3.20774e+13
-3.29091e+13
-3.2908e+13
-3.19374e+13
-3.1796e+13
-1.36879e+13
-1.48509e+15
-1.65565e+13
-1.49256e+15
-2.95475e+13
-3.17824e+13
-1.48876e+15
-5.82748e+13
-3.91529e+13
-3.0128e+13
-1.93974e+13
-3.34813e+13
-3.21016e+13
-8.76224e+14
-9.25834e+12
-3.48806e+13
-1.46429e+15
-3.19529e+13
-2.02852e+13
-3.23017e+13
-3.22319e+13
-3.5738e+13
-3.24888e+13
-6.57181e+14
-3.16734e+13
-3.24731e+13
-1.48527e+15
-3.47462e+13
-1.49091e+13
-3.20082e+13
8.09912e+13
-3.22928e+13
-1.67032e+13
-1.54428e+13
-1.48534e+15
-1.31902e+13
-3.26491e+13
-1.55584e+13
-1.5263e+15
-3.3151e+13
-1.48528e+15
-1.48553e+15
-1.48535e+15
-1.48532e+15
-1.33824e+13
-3.58163e+13
5.50768e+13
-3.23816e+13
-1.55264e+13
-9.02156e+12
-1.55353e+13
-1.54155e+13
-1.55981e+13
-1.56367e+13
-3.69388e+13
-3.19709e+13
-3.16018e+13
-3.20271e+13
-1.55658e+13
-1.58827e+13
-1.38256e+13
-1.48906e+15
-2.4977e+14
-3.26682e+13
-1.42285e+13
-3.40018e+13
-3.09862e+13
-7.2014e+13
-3.18621e+13
-1.48894e+15
-1.48997e+15
-4.36939e+13
-1.47053e+15
-3.18038e+13
-3.29316e+13
-3.19381e+13
-3.90294e+13
-3.28632e+13
-3.18714e+13
1.14688e+14
-3.05524e+13
-1.4955e+15
-3.49497e+13
-4.10649e+13
-3.23648e+13
-3.31528e+13
-3.021e+13
-3.19255e+13
-3.23644e+13
-3.18739e+13
-1.4774e+15
-2.93911e+13
-3.24806e+13
-3.46323e+13
-1.59215e+13
-3.18954e+13
-3.18597e+13
-2.5642e+14
-3.18537e+13
-4.2367e+14
-1.60488e+13
-1.48719e+15
-3.18194e+13
-4.23659e+14
-3.39425e+13
-1.49118e+15
-1.49622e+15
-3.18532e+13
-3.18639e+13
-3.25778e+13
-3.17348e+13
-3.16413e+13
1.34539e+15
-1.48532e+15
-3.26888e+13
-2.49662e+14
-1.46467e+15
-3.2301e+13
-1.48343e+15
-3.20559e+13
-1.88674e+13
-1.48535e+15
-3.33362e+13
-2.54262e+13
-3.5921e+13
-3.25917e+13
-3.25911e+13
-1.473e+15
-3.18375e+13
-1.48534e+15
-3.18473e+13
-3.46168e+13
-2.94981e+13
-3.22178e+13
-1.47826e+15
5.93947e+11
-3.18868e+13
-2.96408e+13
-1.48537e+15
-3.26213e+13
-3.19724e+13
-3.19088e+13
-1.45772e+15
-3.28903e+13
-2.35436e+13
-3.14251e+13
-3.27563e+13
-3.20875e+13
-3.13379e+13
-3.18784e+13
-4.18051e+13
-1.48521e+15
-3.27401e+13
-3.18614e+13
-3.26379e+13
-3.18754e+13
-3.18666e+13
-1.17316e+13
-1.55465e+13
-1.4497e+15
-3.18696e+13
-3.47011e+13
-1.49011e+15
-3.18668e+13
-1.47346e+15
-3.24392e+13
-1.49177e+15
-1.54703e+13
-1.63648e+13
-3.12433e+13
-1.72537e+13
-3.42133e+13
-1.48328e+15
-1.61154e+13
-3.18548e+13
-3.21011e+13
-3.23067e+13
-1.5392e+13
-3.18894e+13
-3.26261e+13
-1.48561e+15
-1.48599e+15
-3.21203e+13
-3.20914e+13
-1.48569e+15
-1.46181e+15
-2.1865e+13
-3.16636e+13
-1.65307e+13
-1.54232e+13
-3.30123e+13
-1.64816e+13
8.54183e+13
-3.18611e+13
-1.64832e+13
-1.51395e+13
-3.19544e+13
-3.7903e+13
-3.59601e+13
-3.19256e+13
-1.48343e+13
-3.20856e+13
-4.3881e+12
-3.1854e+13
-3.0854e+13
-9.70427e+13
-1.90755e+13
-1.49101e+13
-1.46991e+13
-1.7488e+13
-3.21508e+13
2.29778e+13
-2.96479e+13
-1.57427e+13
-2.62856e+14
-1.99382e+13
-3.1899e+13
-2.99276e+13
-1.93783e+13
-3.18101e+13
-1.50564e+15
-1.55496e+13
-3.19456e+13
-1.48538e+15
-3.20069e+13
-3.20554e+13
-3.20581e+13
-3.20049e+13
-1.39253e+13
-3.49928e+13
-1.41945e+13
-1.55745e+13
-3.18524e+13
-3.20487e+13
-1.18789e+13
-3.18593e+13
-3.449e+13
-3.44764e+13
-3.17074e+13
-1.48668e+13
-1.48519e+15
-2.93787e+13
-3.05329e+13
-1.48706e+15
-3.18732e+13
-3.21686e+13
-1.70402e+13
-3.69284e+13
-5.42631e+13
-3.20879e+13
-2.41969e+13
-1.14822e+15
-3.15702e+13
-3.20623e+13
-9.68041e+12
-2.87883e+13
-3.17397e+13
-3.09049e+13
-3.20515e+13
-2.28479e+13
-2.95005e+13
-1.46524e+15
-2.84521e+13
-1.4852e+15
-5.46937e+13
-1.48518e+15
-2.84697e+13
-1.48538e+15
-3.1948e+13
1.35841e+15
-1.15515e+15
-1.48549e+15
-3.52868e+13
-1.48531e+15
-1.51069e+15
-3.31447e+13
-1.48536e+15
-1.54542e+13
-1.45182e+15
-3.19347e+13
-1.48539e+15
-3.3441e+13
-2.93888e+13
-3.18982e+13
-1.48519e+15
-3.26197e+13
-2.74101e+14
-2.54193e+13
-1.48865e+15
-1.86741e+13
-1.48845e+15
-6.47806e+13
-1.48532e+15
-3.92006e+13
-2.54198e+13
-1.49022e+15
-2.95038e+13
-3.02507e+13
-3.19197e+13
-1.18499e+13
-2.72849e+14
-1.37825e+13
3.3323e+14
-1.49361e+15
-3.61354e+13
-1.49005e+15
-1.46179e+15
-1.41875e+13
-3.1804e+13
-1.50991e+15
-3.61567e+13
-1.31144e+15
-3.31875e+13
-3.18747e+13
-1.99938e+13
-1.6293e+13
-3.19459e+13
-2.93847e+13
-1.53314e+13
-3.26803e+13
-1.54807e+13
-1.4852e+15
-1.48549e+15
-3.2524e+13
-5.35578e+13
-3.86672e+13
-3.97473e+13
-3.25416e+13
-1.72946e+15
-1.48528e+15
-4.06119e+13
-4.11206e+13
-3.24099e+13
-1.13123e+13
-3.25732e+13
-1.68347e+13
-1.54533e+13
-1.38615e+15
-1.48561e+15
-1.48535e+15
-3.20731e+13
-1.52879e+13
2.24385e+13
-3.19687e+13
-3.19854e+13
-3.4035e+13
-3.28768e+13
-3.22202e+13
-3.32541e+13
-3.20316e+13
-1.48857e+15
-3.76619e+14
-3.18795e+13
-3.1832e+13
-1.48742e+13
1.34507e+15
-1.48568e+15
-3.18351e+13
-5.86701e+13
-4.84243e+13
-1.48523e+15
-3.20853e+13
-2.79619e+12
-3.86409e+13
-1.48527e+15
-3.50443e+13
-2.49273e+13
-1.48785e+15
-1.49086e+15
-1.48698e+15
-1.48865e+15
-1.48537e+15
-1.48552e+15
1.14984e+14
-3.21011e+13
-3.90369e+13
-3.39468e+13
-3.27754e+13
-3.24398e+13
-1.52973e+13
-3.18611e+13
-1.47714e+15
-1.48523e+15
-3.57928e+13
-3.19426e+13
-1.48571e+15
-3.18716e+13
-8.2874e+12
-1.48535e+15
-3.35741e+13
-3.84308e+13
-8.24286e+12
-1.5947e+13
-8.20452e+12
-3.20363e+13
-1.67171e+13
-3.22827e+13
-3.18503e+13
-1.99939e+13
-3.25414e+13
-1.48549e+15
-1.43476e+15
-1.2683e+13
-3.13017e+13
-1.48944e+15
-5.75689e+13
-2.92857e+13
-3.18003e+13
-1.48442e+15
-3.24325e+13
3.77775e+12
-1.79268e+13
-3.25982e+13
-1.58429e+13
-3.18141e+13
-1.48535e+15
-3.1851e+13
-1.2657e+13
-3.32583e+13
-1.5997e+13
-1.59866e+13
-3.43116e+13
-1.48584e+15
-3.19089e+13
-3.3507e+13
-3.18635e+13
-3.22538e+13
-2.9321e+13
8.00209e+13
-7.56344e+11
-1.5493e+13
2.17437e+13
-3.18621e+13
-3.22721e+13
-2.90767e+13
-1.59463e+13
-3.18809e+13
-1.37989e+13
-3.18605e+13
-2.91081e+13
-3.20017e+13
-1.45142e+15
-1.4859e+15
-1.58418e+13
-1.48952e+13
-1.69941e+13
-3.18715e+13
4.20718e+14
-1.54246e+13
-1.60933e+13
-1.21318e+13
-1.40502e+15
-8.74947e+14
2.51589e+13
-7.0892e+14
-1.99383e+13
-3.18667e+13
-1.48532e+15
-3.23003e+13
-3.14194e+13
-6.5737e+14
5.00506e+14
-1.56755e+13
-1.48533e+15
-1.59854e+13
4.21116e+14
-3.19525e+13
-3.27491e+13
-3.31245e+13
-1.48529e+15
-3.18663e+13
-1.57243e+13
-3.21768e+13
-2.7874e+13
-3.19023e+13
-1.48535e+15
-3.18219e+13
-1.48518e+15
-1.54305e+13
-1.36706e+13
-2.20596e+13
-3.18565e+13
-3.18629e+13
-3.18574e+13
-1.48792e+15
-1.90973e+14
-3.11796e+13
-3.16578e+13
2.02134e+13
-2.95146e+13
1.96477e+13
-3.00335e+14
-3.18772e+13
-1.90489e+14
-3.1986e+13
-1.61883e+13
-3.17714e+13
-1.66418e+13
-4.84763e+13
-1.48537e+15
-9.54249e+14
-1.53064e+13
-3.2113e+13
-3.46088e+13
-9.54297e+14
-3.01457e+13
-1.616e+13
-8.29103e+12
-1.42555e+13
-3.1436e+13
-3.18524e+13
-2.10671e+13
-3.18532e+13
-1.48654e+15
-1.48594e+15
-1.48539e+15
-1.50106e+15
-1.14531e+14
-1.48537e+15
-1.48578e+15
-4.43718e+13
-3.12158e+13
-1.48651e+15
-2.94108e+13
-3.26051e+13
-1.48928e+15
-3.1863e+13
-3.12934e+13
-3.33392e+13
-2.86522e+13
-2.37632e+13
-3.14853e+13
-2.45509e+13
-1.34438e+15
-2.5629e+14
-2.9714e+13
-3.09064e+13
-1.21339e+13
-1.48732e+15
-3.22063e+13
-3.1832e+13
-3.18613e+13
-3.1893e+13
-3.18785e+13
-1.48661e+15
-1.51178e+15
-3.21193e+13
-1.48531e+15
-1.48561e+15
-2.77255e+13
-1.326e+13
-1.48565e+15
-3.13527e+13
-1.48532e+15
-1.21009e+14
-3.47995e+13
-1.48704e+15
-3.18691e+13
-1.72502e+13
-4.70859e+13
-1.35914e+13
-1.60479e+13
-1.49902e+13
-1.49318e+13
-1.55484e+13
-1.58435e+13
-3.18359e+13
-4.4573e+13
-3.1894e+13
-3.57899e+13
-1.4868e+15
-1.53942e+13
-1.47709e+15
-6.60371e+14
-2.13698e+13
-3.21151e+13
-3.21559e+13
-1.43572e+15
-3.19085e+13
-1.48829e+13
-1.67885e+13
-1.44408e+15
-1.442e+15
-1.44652e+15
-1.48292e+15
-1.48314e+15
-1.48324e+15
-3.19282e+13
-3.1918e+13
-2.66057e+13
-2.43627e+13
-2.65542e+13
-2.64837e+13
-2.24037e+13
-2.48508e+13
-2.35394e+13
-2.46045e+13
-2.46865e+13
-2.33094e+13
-2.48643e+13
-2.45526e+13
-8.21572e+12
-8.20433e+12
-1.59951e+13
-7.09439e+12
4.21977e+14
-8.12302e+13
-2.70838e+14
-1.92604e+14
-2.49216e+14
-9.50538e+13
-8.29932e+13
-1.84519e+14
-1.01953e+14
-3.18972e+13
-2.92416e+13
-2.93545e+13
-2.93977e+13
-1.79262e+13
-1.48735e+15
-1.77781e+13
-1.49283e+15
-3.17884e+13
-1.76894e+13
-1.49214e+15
-1.48725e+15
-1.48972e+15
-1.48734e+15
-1.48734e+15
-1.48447e+15
-1.48523e+15
-1.48536e+15
-1.48533e+15
-1.48536e+15
-1.48537e+15
-1.48549e+15
-1.48548e+15
-1.48604e+15
-1.48549e+15
-1.48834e+15
-1.48846e+15
-1.48766e+15
-1.48725e+15
-1.48932e+15
-1.4874e+15
-1.48611e+15
-1.48906e+15
-1.48731e+15
-1.36218e+15
-1.36241e+15
-2.91299e+13
-2.87852e+13
-2.93446e+13
-2.94021e+13
-2.94945e+13
-2.96348e+13
-3.15173e+13
-3.15176e+13
-3.12107e+13
-3.12106e+13
-3.08433e+13
-3.11384e+13
-3.11173e+13
-3.11163e+13
-3.11361e+13
-3.11165e+13
-3.09055e+13
-3.11089e+13
-3.11159e+13
-3.08214e+13
-2.95792e+13
-3.10981e+13
-3.10198e+13
-3.10927e+13
-3.1039e+13
-3.14772e+13
-3.15144e+13
-3.15018e+13
-3.15591e+13
-3.14591e+13
-3.1554e+13
-3.17336e+13
-3.16782e+13
-3.17865e+13
-3.19437e+13
-3.2417e+13
-3.2311e+13
-3.25023e+13
-3.29042e+13
-3.3075e+13
-3.36829e+13
-3.43219e+13
-4.0277e+13
-4.20022e+13
-3.93307e+13
-4.03452e+13
-4.21799e+13
-4.05149e+13
-4.354e+13
-4.371e+13
-4.35734e+13
-4.73226e+13
-4.74694e+13
-4.55131e+13
-5.47808e+13
-4.96154e+13
-7.18045e+13
2.81429e+13
3.33717e+13
1.82748e+13
-9.26059e+13
-8.74476e+14
-1.62339e+13
-1.69187e+13
1.82153e+14
1.82258e+14
3.78304e+13
2.2644e+12
2.80971e+12
1.06532e+12
2.05929e+14
1.52499e+13
1.13962e+14
7.50745e+13
7.9203e+13
7.61014e+13
2.36819e+12
5.77433e+13
5.85481e+12
-2.50366e+13
-2.39669e+13
-1.31547e+13
-1.32213e+13
-1.3225e+13
-1.5888e+13
-1.82593e+13
-1.59402e+13
-1.58433e+13
-1.52742e+13
-1.32116e+13
-3.31181e+12
-1.38444e+13
-1.53804e+13
-1.59758e+13
-1.58846e+13
-1.58819e+13
-1.58978e+13
-1.54481e+13
-1.58515e+13
-1.55285e+13
-1.58304e+13
-1.57958e+13
-1.57998e+13
-1.92777e+13
-1.93283e+13
-2.45665e+13
-1.98549e+13
-1.7444e+13
-3.45816e+13
-3.24662e+13
-3.24899e+13
-3.45658e+13
-3.46085e+13
-3.35149e+13
-3.35727e+13
-3.31626e+13
-3.35404e+13
-3.19868e+13
-3.23605e+13
-3.24073e+13
-3.34288e+13
-3.39804e+13
-3.35473e+13
-3.31579e+13
-3.30357e+13
-3.31262e+13
-3.29759e+13
-3.46636e+13
-3.46587e+13
-3.2614e+13
-3.46609e+13
-3.47375e+13
-3.26503e+13
-3.47458e+13
-2.97237e+13
-2.76191e+13
-2.97081e+13
-2.75978e+13
-2.75687e+13
-2.74865e+13
-2.91848e+13
-2.67781e+13
-2.62016e+13
-2.97275e+13
-2.63218e+13
-2.66798e+13
-3.00183e+13
-2.81684e+13
-2.8392e+13
-3.23423e+13
-3.20903e+13
-3.19692e+13
-3.18873e+13
-3.19256e+13
-3.19044e+13
-3.19146e+13
-3.19102e+13
-3.18947e+13
-3.1911e+13
-3.19145e+13
-3.1903e+13
-3.19e+13
-3.19196e+13
-3.19053e+13
-3.18687e+13
-3.18827e+13
-3.18637e+13
-3.19096e+13
-3.18848e+13
-3.18758e+13
-3.182e+13
-3.18153e+13
-3.17983e+13
-3.17745e+13
-3.17717e+13
-3.17719e+13
-3.17725e+13
-3.17405e+13
-3.16993e+13
-3.17429e+13
-3.18802e+13
-3.1906e+13
-5.43637e+14
-5.47032e+14
-5.77963e+14
-5.93874e+14
-5.62649e+14
-5.32966e+14
-3.71486e+14
-9.10155e+14
-6.8308e+14
-6.62751e+14
-7.08976e+14
-1.14832e+15
-1.26471e+15
-1.5402e+15
-1.39672e+15
9.08724e+15
-2.60571e+15
-1.11581e+15
9.15102e+15
-1.48359e+15
-1.5122e+15
-1.51133e+15
-1.49729e+15
-1.456e+15
-1.49261e+15
-1.45978e+15
-1.51156e+15
-1.51103e+15
-1.46057e+15
-1.47207e+15
-1.47174e+15
-1.48237e+15
-1.47724e+15
-1.47728e+15
-1.47714e+15
-3.29274e+13
-1.48571e+15
-1.48571e+15
-1.48398e+15
-1.48399e+15
-1.48414e+15
-1.4852e+15
-1.4852e+15
-1.48509e+15
-1.48532e+15
-1.4874e+15
-1.48602e+15
-1.48735e+15
-1.48911e+15
-1.36333e+15
-1.36305e+15
-1.31158e+15
-6.18838e+14
-3.11402e+13
-3.14631e+13
-3.15077e+13
-3.1436e+13
-3.15517e+13
-3.5503e+13
-4.48304e+13
-4.75631e+13
4.69889e+13
-2.71075e+14
1.72204e+13
-1.5528e+13
3.84098e+13
2.07269e+14
1.82931e+14
8.24288e+13
8.06577e+13
-2.27255e+13
-8.50478e+12
-1.78078e+13
-6.53329e+12
-7.47094e+12
-1.59489e+13
-1.58997e+13
-2.4336e+13
-2.10395e+13
-3.47448e+13
-2.49338e+13
-3.43747e+13
-3.44145e+13
-3.31821e+13
-3.32614e+13
-3.32734e+13
-3.29835e+13
-3.38391e+13
-3.24522e+13
-3.39177e+13
-3.47953e+13
-3.47571e+13
-3.47578e+13
-2.9689e+13
-2.72962e+13
-2.726e+13
-2.90455e+13
-2.75471e+13
-2.97132e+13
-3.24122e+13
-3.23538e+13
-3.18883e+13
-3.1916e+13
-3.19072e+13
-3.18769e+13
-3.19016e+13
-3.18802e+13
-3.18049e+13
-3.18707e+13
-3.17762e+13
-3.17725e+13
-3.17735e+13
-3.18138e+13
-3.17679e+13
-3.17451e+13
-3.18471e+13
-3.17413e+13
-5.393e+14
-3.68584e+14
-9.3814e+14
-1.25153e+15
-1.34195e+15
-2.53185e+15
-1.1668e+15
9.0862e+15
-1.51343e+15
-1.48763e+15
-1.47208e+15
-1.47639e+15
-1.49193e+15
-5.95648e+14
-1.48468e+15
-1.47814e+15
-1.47712e+15
-1.47205e+15
-1.47801e+15
-1.48521e+15
-1.4857e+15
-1.48411e+15
-1.48415e+15
-1.48532e+15
-1.48535e+15
-1.48535e+15
-1.48534e+15
-1.48535e+15
-1.48535e+15
-1.48533e+15
-1.48534e+15
-1.48534e+15
-1.48537e+15
-1.48536e+15
-1.48536e+15
-1.48536e+15
-1.48537e+15
-1.48538e+15
-1.48538e+15
-1.48538e+15
-1.48539e+15
-1.4854e+15
-1.48539e+15
-1.48547e+15
-1.48553e+15
-1.48554e+15
-1.48585e+15
-1.48561e+15
-1.4866e+15
-1.487e+15
-1.48657e+15
-1.48888e+15
-1.48893e+15
-1.48889e+15
-1.48735e+15
-1.48921e+15
-1.48608e+15
-5.84909e+13
-3.96484e+13
-3.28035e+13
-3.6938e+13
-3.69228e+13
-3.0118e+13
-2.98678e+13
-2.98963e+13
-2.96439e+13
-2.93901e+13
-2.94381e+13
-2.94644e+13
-2.93444e+13
-2.95787e+13
-3.12114e+13
-3.11868e+13
-3.11888e+13
-3.14461e+13
-3.17574e+13
-3.11862e+13
-3.17516e+13
-3.18079e+13
-3.18467e+13
-3.18592e+13
-3.18002e+13
-3.18853e+13
-3.19096e+13
-3.18871e+13
-3.18961e+13
-3.19128e+13
-3.18996e+13
-3.19095e+13
-3.19201e+13
-3.19388e+13
-3.19331e+13
-3.19391e+13
-3.1984e+13
-3.1997e+13
-3.19527e+13
-3.20247e+13
-3.21316e+13
-3.21081e+13
-3.23086e+13
-3.23273e+13
-3.23567e+13
-3.25121e+13
-3.24871e+13
-3.2593e+13
-3.26142e+13
-3.25629e+13
-3.26975e+13
-3.27239e+13
-3.27206e+13
-3.29294e+13
-3.30087e+13
-3.30157e+13
-3.43583e+13
-3.41331e+13
-3.42709e+13
-3.46847e+13
-4.16588e+13
-3.31436e+13
-3.26196e+13
-3.40977e+13
-3.35767e+13
-1.40007e+12
3.29403e+12
2.20852e+12
-2.19488e+13
-2.85976e+13
-2.14753e+13
-3.36724e+13
-2.45891e+13
-2.51798e+13
-3.09956e+13
-1.59227e+13
-1.69258e+13
-1.52154e+13
-1.57357e+13
-1.43335e+13
-9.34069e+11
-1.5947e+13
-1.63624e+13
-1.56452e+13
-1.49521e+13
-1.63266e+13
-1.49828e+13
-1.44439e+13
-1.39024e+13
-1.79556e+13
-1.41508e+13
-1.35064e+13
-1.3239e+13
-1.22792e+13
-1.23275e+13
-1.23609e+13
-9.38788e+12
-1.00942e+13
-9.50712e+12
-1.38536e+13
-1.48788e+13
-1.52507e+13
-1.53564e+13
-1.57803e+13
-1.57906e+13
-1.54773e+13
-1.54864e+13
-1.54325e+13
-1.54086e+13
-1.59092e+13
-1.9614e+13
-2.01808e+13
-8.74379e+14
-1.8936e+13
-1.90566e+13
-1.83888e+13
-1.63356e+13
-1.84843e+13
-2.29614e+13
-2.94656e+13
-3.2415e+13
-3.08913e+13
-3.43613e+13
-3.46138e+13
-3.43279e+13
-3.44143e+13
-3.30056e+13
-3.22428e+13
-3.19827e+13
-3.27662e+13
-3.28438e+13
-3.33009e+13
-3.36229e+13
-3.35619e+13
-3.35387e+13
-3.34843e+13
-3.37616e+13
-3.31684e+13
-3.31331e+13
-3.34003e+13
-3.31038e+13
-8.74885e+14
-3.31976e+13
-3.46405e+13
-3.26364e+13
-1.21198e+14
-2.96081e+13
-2.76496e+13
-2.95579e+13
-2.93297e+13
-1.20615e+14
-2.85523e+13
-2.93509e+13
-3.00814e+13
-2.96298e+13
-3.11552e+13
-3.11667e+13
-3.10866e+13
-2.97669e+13
-3.24983e+13
-3.26633e+13
-3.21697e+13
-3.22198e+13
-3.21588e+13
-3.20374e+13
-3.20566e+13
-3.20998e+13
-3.19971e+13
-3.1972e+13
-3.19838e+13
-3.1967e+13
-3.19608e+13
-3.19629e+13
-3.19551e+13
-3.19476e+13
-3.1944e+13
-3.19522e+13
-3.19269e+13
-3.19155e+13
-3.19027e+13
-3.19186e+13
-3.19055e+13
-3.18942e+13
-3.18881e+13
-3.18557e+13
-3.18565e+13
-3.18497e+13
-3.18561e+13
-3.18613e+13
-3.18564e+13
-3.18652e+13
-3.18606e+13
-1.2054e+14
-3.18707e+13
-3.18305e+13
-3.18675e+13
-3.84387e+14
-3.74888e+14
-3.87547e+14
-1.51496e+15
-1.51191e+15
-1.5123e+15
-1.50953e+15
-1.51368e+15
-1.51704e+15
-1.50654e+15
-1.18037e+15
-2.57378e+15
-1.48895e+15
-1.20995e+14
-1.48877e+15
-1.48798e+15
-1.48888e+15
-1.48719e+15
-1.48339e+15
-1.48716e+15
-1.48763e+15
-1.73664e+13
-1.48624e+15
-1.48679e+15
-1.48591e+15
-1.48564e+15
-1.48516e+15
-1.48523e+15
-1.48521e+15
-1.48536e+15
-1.48534e+15
-1.48537e+15
-1.48536e+15
-1.48533e+15
-2.04966e+14
-1.94191e+13
-1.91318e+13
-3.50178e+13
-3.32716e+13
-3.40263e+13
-1.48537e+15
-1.48537e+15
-1.48537e+15
-1.48537e+15
-1.48535e+15
-1.48537e+15
-1.48537e+15
-1.48537e+15
-1.48538e+15
-1.48537e+15
-1.48539e+15
-1.4854e+15
-1.48539e+15
-1.48548e+15
-1.48555e+15
-1.48545e+15
-1.48556e+15
-1.48549e+15
-1.4856e+15
-3.10888e+13
-1.48563e+15
-1.48574e+15
-1.48565e+15
-1.48649e+15
-1.48874e+15
-1.48881e+15
-1.48838e+15
-1.48695e+15
-1.3439e+15
-1.14118e+15
-7.19808e+13
-4.84885e+13
-4.33949e+13
-4.31802e+13
-3.58612e+13
-3.21367e+13
-3.53233e+13
-3.52946e+13
-3.22174e+13
-3.12497e+13
-3.02207e+13
-3.49018e+13
-3.72453e+13
-4.6581e+13
-3.51978e+13
-3.14993e+13
-3.16706e+13
-3.17538e+13
-3.18548e+13
-3.14597e+13
-3.18671e+13
-3.18575e+13
-3.18724e+13
-3.18583e+13
-3.18676e+13
-3.1874e+13
-3.18793e+13
-3.18265e+13
-3.19391e+13
-3.194e+13
-3.19309e+13
-3.19123e+13
-3.18703e+13
-3.18612e+13
-3.18571e+13
-3.18575e+13
-3.18581e+13
-3.18613e+13
-3.18573e+13
-3.18546e+13
-3.18588e+13
-3.18546e+13
-3.19508e+13
-3.19631e+13
-3.19167e+13
-3.18582e+13
-3.19529e+13
-3.20018e+13
-3.19398e+13
-3.20099e+13
-3.24521e+13
-3.20273e+13
-3.20314e+13
-3.2035e+13
-3.39357e+13
-3.25541e+13
-3.20425e+13
-3.20467e+13
-3.20399e+13
-3.20494e+13
-3.20614e+13
-3.20632e+13
-3.20594e+13
-3.24377e+13
-3.27755e+13
-3.50619e+13
-3.22241e+13
-3.33328e+13
-1.54759e+13
-1.5492e+13
-3.49702e+13
-3.36727e+13
-3.39914e+13
-1.84699e+13
-3.23337e+13
-1.98733e+13
-1.39612e+13
4.40807e+11
-1.17842e+13
-5.73289e+12
-2.08208e+13
-1.56077e+13
-2.2186e+13
-2.17098e+13
-2.73605e+13
-2.75331e+13
-2.53759e+13
-2.01681e+13
-1.97874e+13
-1.84622e+13
-1.67036e+13
-1.63208e+13
-1.76879e+13
-1.79516e+13
-1.64882e+13
-1.58651e+13
-1.54627e+13
-9.0584e+11
-1.57232e+13
-1.6307e+13
-1.5885e+13
-1.61269e+13
-1.64349e+13
-1.57063e+13
-1.59263e+13
-1.60018e+13
-1.67409e+13
-1.49128e+13
-1.52805e+13
-1.55811e+13
-1.57459e+13
-1.36842e+13
-1.44331e+13
-1.39002e+13
-1.23401e+13
-1.31295e+13
-1.36275e+13
-1.2664e+13
-9.43882e+12
-1.17747e+13
-1.86732e+13
-1.62997e+13
-1.63597e+13
-1.36798e+13
-1.49111e+13
-1.49434e+13
-1.49469e+13
-1.53455e+13
-1.53397e+13
-1.53397e+13
-1.53884e+13
-1.5369e+13
-1.55195e+13
-1.55344e+13
-1.55027e+13
-1.54142e+13
-1.59274e+13
-1.57713e+13
-1.5704e+13
-1.75001e+13
-1.62823e+13
-1.79048e+13
-1.77805e+13
-1.85489e+13
-1.99525e+13
-1.87645e+13
-1.94992e+13
-2.32134e+13
-1.80746e+13
-2.92086e+13
-2.3343e+13
-3.3291e+13
-3.09059e+13
-3.27715e+13
-3.13319e+13
-3.12041e+13
-3.3795e+13
-3.30539e+13
-3.23287e+13
-3.41717e+13
-3.4187e+13
-3.42202e+13
-3.35537e+13
-3.34437e+13
-3.3415e+13
-3.36764e+13
-3.30217e+13
-3.28043e+13
-3.27248e+13
-3.18016e+13
-3.12344e+13
-3.08376e+13
-3.04691e+13
-2.983e+13
-3.06661e+13
-3.02726e+13
-8.49063e+13
-8.50647e+13
-4.90404e+13
-7.2176e+13
-3.26944e+13
-3.25854e+13
-3.24372e+13
-3.09935e+13
-3.28341e+13
-3.28155e+13
-3.29047e+13
-3.28118e+13
-3.2165e+13
-3.21656e+13
-3.25357e+13
-3.21318e+13
-3.21325e+13
-3.20398e+13
-3.20109e+13
-3.20087e+13
-3.19819e+13
-3.20211e+13
-3.19959e+13
-3.19955e+13
-3.20029e+13
-3.19885e+13
-3.19912e+13
-3.19554e+13
-3.19896e+13
-3.19847e+13
-3.19555e+13
-3.19738e+13
-3.19175e+13
-3.19203e+13
-3.19162e+13
-3.19588e+13
-3.18977e+13
-3.3488e+13
-3.18824e+13
-3.18943e+13
-3.1906e+13
-3.18635e+13
-3.18613e+13
-3.18578e+13
-3.18623e+13
-3.18523e+13
-3.18622e+13
-3.18618e+13
-3.1849e+13
-3.18617e+13
-3.18556e+13
-3.18606e+13
-3.1863e+13
-3.18649e+13
-3.18775e+13
-3.1916e+13
-3.18955e+13
-3.18581e+13
-3.18716e+13
-3.18283e+13
-1.49095e+15
-2.59813e+14
-1.4879e+15
-1.47779e+15
-1.5065e+15
-1.49687e+15
-1.50828e+15
-1.49286e+15
-1.49706e+15
-1.49779e+15
-1.52169e+15
-1.72691e+15
-1.48984e+15
-1.48987e+15
-1.48976e+15
-1.48918e+15
-1.48836e+15
-1.48837e+15
-1.48838e+15
-1.48715e+15
-1.48673e+15
-1.48742e+15
-1.48637e+15
-1.48651e+15
-1.48606e+15
-1.48559e+15
-1.48535e+15
-1.4854e+15
-1.4855e+15
-1.48521e+15
-1.48536e+15
-1.48537e+15
-1.48537e+15
-1.48537e+15
-3.47413e+13
-3.34051e+13
-1.5569e+13
-1.86447e+13
-1.51491e+13
-1.50953e+13
-2.08651e+13
-2.01307e+13
-2.0104e+13
-3.20842e+13
-3.22316e+13
-1.67179e+13
-3.25435e+13
-3.23341e+13
-4.89906e+13
-4.32932e+13
-3.49415e+13
-3.53611e+13
-1.48537e+15
-1.48537e+15
-1.48537e+15
-1.48537e+15
-1.488e+15
-1.49209e+15
-1.48783e+15
-1.49144e+15
-1.65374e+13
-1.66187e+13
-1.65519e+13
-1.66576e+13
-1.65014e+13
-1.48539e+15
-1.48539e+15
-1.48537e+15
-1.48538e+15
-1.4854e+15
-1.48545e+15
-1.48544e+15
-1.48539e+15
-1.48552e+15
-1.48565e+15
-1.48565e+15
-1.48558e+15
-1.48613e+15
-1.48624e+15
-1.48573e+15
-1.48642e+15
-1.48826e+15
-3.23406e+13
-3.2679e+13
-3.50011e+13
-3.53212e+13
-3.332e+13
-3.38691e+13
-3.41528e+13
-3.28287e+13
-3.14058e+13
-3.19597e+13
-3.17592e+13
-3.1865e+13
-3.18642e+13
-3.187e+13
-3.18682e+13
-3.18626e+13
-3.18562e+13
-3.18539e+13
-3.18664e+13
-3.18617e+13
-3.18614e+13
-3.18359e+13
-3.18973e+13
-3.19262e+13
-3.18569e+13
-3.18673e+13
-3.18971e+13
-3.18712e+13
-3.19659e+13
-3.19816e+13
-3.19609e+13
-3.19795e+13
-3.20356e+13
-3.19937e+13
-3.20038e+13
-3.2147e+13
-3.21419e+13
-3.21642e+13
-1.48537e+15
-1.48537e+15
-3.63199e+13
-3.59238e+13
-3.46519e+13
-3.19734e+13
-2.78105e+13
-2.3688e+13
-1.44751e+13
-1.46133e+13
-1.44127e+13
-1.27875e+13
-1.34125e+13
-1.37766e+13
-1.45003e+13
-1.50154e+13
-2.57334e+13
-1.79658e+13
-1.96826e+13
-1.99668e+13
-1.92141e+13
-1.64201e+13
-1.77571e+13
-1.68414e+13
-1.63518e+13
-1.66879e+13
-1.65062e+13
-1.59581e+13
-1.59611e+13
-1.49916e+13
-1.46891e+13
-1.38708e+13
-1.48328e+13
-1.49166e+13
-1.53495e+13
-1.55515e+13
-1.50325e+13
-3.29143e+13
-3.25085e+13
-3.30368e+13
-1.57379e+13
-1.56774e+13
-1.65304e+13
-1.61295e+13
-1.63223e+13
-1.62238e+13
-1.76162e+13
-3.40237e+13
-3.37867e+13
-3.3736e+13
-3.34718e+13
-3.26834e+13
-3.11775e+13
-3.25748e+13
-3.26874e+13
-1.48853e+15
-1.49295e+15
-1.4891e+15
-1.48661e+15
-1.48913e+15
-1.48905e+15
-1.48857e+15
-1.48843e+15
-1.48719e+15
-1.48701e+15
-1.48586e+15
-1.48583e+15
-1.48632e+15
-1.48561e+15
-1.48545e+15
-1.63762e+13
-3.47088e+13
-3.75316e+13
-3.46422e+13
-3.23436e+13
-1.4854e+15
-3.42391e+13
-3.1213e+13
-1.49398e+15
-3.52243e+13
-1.517e+13
-1.54238e+13
-1.48771e+15
-1.48637e+15
-1.64114e+13
-1.68069e+13
-1.57132e+13
-1.61429e+13
-3.25225e+13
-3.40142e+13
-3.376e+13
-3.39744e+13
-2.98806e+13
-3.12135e+13
-3.18542e+13
-3.18557e+13
-3.18462e+13
-1.52962e+15
-1.50718e+15
-1.50348e+15
-1.47743e+15
-1.48641e+15
-1.48534e+15
-3.10111e+13
-3.41836e+13
-1.48544e+15
-1.4856e+15
-1.48851e+15
-3.18711e+13
-3.1971e+13
-1.48539e+15
-3.22722e+13
-3.25097e+13
-2.70031e+13
-1.65862e+13
-1.78883e+13
-1.65579e+13
-1.48237e+13
-3.1092e+13
-3.26016e+13
-1.58251e+13
-1.56445e+13
-1.58913e+13
-3.31565e+13
-3.08672e+13
-3.25656e+13
-3.40932e+13
-3.27264e+13
-3.1861e+13
-3.18631e+13
-3.18739e+13
-1.48778e+15
-1.49499e+15
-1.49172e+15
-1.48545e+15
-1.48537e+15
-3.50051e+13
-3.52822e+13
-1.48765e+15
-2.79135e+13
-3.19857e+13
-3.18663e+13
-1.48552e+15
-3.18625e+13
-3.344e+13
-1.66412e+13
-1.75516e+13
-1.48539e+15
-1.4854e+15
-3.34541e+13
-1.48308e+15
-1.48319e+15
-2.73961e+13
-2.51135e+13
-8.22788e+12
-1.48537e+15
-8.09359e+13
-8.2829e+13
-2.93801e+13
-1.48538e+15
-1.49252e+15
-1.80129e+13
-1.4874e+15
-1.4876e+15
-3.12104e+13
-1.48749e+15
-3.14724e+13
-1.48808e+15
-4.52278e+13
3.89611e+13
-8.87944e+12
-1.00157e+13
-1.58457e+13
-3.25084e+13
-3.31464e+13
-3.29823e+13
-3.3376e+13
-2.71816e+13
-3.18932e+13
-3.18738e+13
-3.18965e+13
-3.18615e+13
-3.18624e+13
-3.19001e+13
-3.1767e+13
-3.17669e+13
-3.17352e+13
-5.87062e+14
-3.198e+13
-5.57527e+14
-6.02573e+14
-9.27125e+14
-1.5038e+15
-3.19971e+13
-1.49258e+15
-3.20066e+13
-1.49278e+15
-1.48313e+15
-5.31561e+14
-1.4632e+15
-1.47716e+15
-6.40849e+14
-1.48398e+15
-3.45469e+13
-3.10404e+13
-3.25686e+13
-3.18595e+13
-3.17401e+13
-1.53035e+15
-1.51758e+15
-1.47719e+15
-3.24762e+13
-1.48639e+15
-1.48969e+15
-1.48768e+15
-3.19114e+13
-3.24629e+13
-3.25136e+13
-2.80703e+13
-1.63881e+13
-1.63945e+13
-3.20856e+13
-3.37808e+13
-3.37766e+13
-3.00578e+13
-3.10461e+13
-3.21339e+13
-3.18614e+13
-3.18444e+13
-3.8029e+14
-1.51334e+15
-1.50138e+15
-1.51135e+15
-1.48673e+15
-3.36266e+13
-1.48536e+15
-1.48534e+15
-3.38488e+13
-1.48537e+15
-3.39543e+13
-1.48549e+15
-1.48572e+15
-3.18627e+13
-3.34858e+13
-3.19223e+13
-3.19476e+13
-3.20161e+13
-3.23534e+13
-3.25785e+13
-3.23395e+13
-1.53863e+13
-1.54691e+13
-1.64074e+13
-1.48532e+15
-1.48532e+15
-1.48532e+15
-1.48532e+15
-3.30368e+13
-3.31776e+13
-3.30186e+13
-3.29575e+13
)
;

boundaryField
{
    Wall
    {
        type            zeroGradient;
    }
    Inlet
    {
        type            zeroGradient;
    }
    Outlet
    {
        type            fixedValue;
        value           uniform 0;
    }
    Empty
    {
        type            empty;
    }
}


// ************************************************************************* //
