/*--------------------------------*- C++ -*----------------------------------*\
| =========                 |                                                 |
| \\      /  F ield         | OpenFOAM: The Open Source CFD Toolbox           |
|  \\    /   O peration     | Version:  2312                                  |
|   \\  /    A nd           | Website:  www.openfoam.com                      |
|    \\/     M anipulation  |                                                 |
\*---------------------------------------------------------------------------*/
FoamFile
{
    version     2.0;
    format      ascii;
    arch        "LSB;label=32;scalar=64";
    class       volScalarField;
    location    "0.9";
    object      p;
}
// * * * * * * * * * * * * * * * * * * * * * * * * * * * * * * * * * * * * * //

dimensions      [0 2 -2 0 0 0 0];

internalField   nonuniform List<scalar> 
2958
(
-125.307
-282.57
109.868
-5356.8
-279.176
94.2755
-113.234
-242.135
-366.537
-148.05
-105.99
545.777
-149.504
536.972
-463.277
23.1458
-285.918
-139.037
540.02
-84.3804
545.203
-278.572
542.9
-239.521
-146.224
-111.174
-335.489
-196.01
-644.796
-110.22
-112.103
-289.632
525.931
-435.668
-251.271
-2032.51
527.542
544.379
-772.927
-233.948
-160168
-6770.13
-115.887
-114.913
542.115
-335.745
-104.183
-335.583
-4588.75
77.4219
-94.1256
-302.104
-191.247
-96.9269
-103.611
-1508.76
-147.989
-20.2306
-109.903
-102924
-935.472
6.94629
-194.51
-109.605
542.209
538.362
-96.2693
-301.473
-67.3807
-899
-277.133
548.778
-289.206
-121.337
537.785
-106.081
-404.528
-196.307
540.335
-125.622
-147.355
-317.328
-226.141
-227.487
40.7939
-102.102
-281.003
-102.171
-295.971
609.455
-228.533
-291.177
-98.4498
540.011
-284.862
-1478.1
-1904.39
-6758.14
535.342
539.586
-18947.4
-109.421
-1485.86
-281.413
521.056
-213.505
550.908
-13138.5
538.148
-1467.29
-10583.7
-133.63
538.262
-166.023
537.96
540.483
-99.6564
-138.443
-295.088
-110.968
-257.671
546.842
-92.9199
-299.025
-433.247
-14.9483
-201.927
-293.274
-12.441
539.902
538.813
578.404
-137.123
549.601
540.056
535.983
-174.52
-165.085
538.994
536.362
23.4609
-288.37
543.973
538.915
-148.356
-222.484
537.813
542.839
-294.872
545.585
-80.2778
-2140.33
-192.168
343.946
-116.98
542.005
576.102
-226.962
-138.671
-201.415
-117.624
-152.663
-114.207
540.496
-245.616
-1074.98
563.499
537.434
-309.505
92.7266
-432.889
550.204
532.819
-289.039
530.931
274.813
-450.994
-298.661
1424.6
-61.7919
298.023
-291.204
-136.105
-24935.7
-293.313
-294.647
-293.373
537.774
-278.386
-16751.1
-280.632
-290.653
-241.51
-309.638
-300.02
-642.591
-280.195
-416.057
-117.162
-302.74
-244.602
537.751
-134.59
-301.266
-1142.09
415.433
201.643
-676.857
-287.953
-4749.62
541.282
609.217
539.438
-289.123
541.242
-337.885
-109.065
539.351
541.011
540.292
548.153
-286.873
-135.109
-295.349
-45122.1
-62.5734
-196.007
541.918
-278.415
-258.838
-280.169
-267.922
-290.555
-258.034
-644.117
548.708
543.351
-114.236
542.984
7986.03
539.981
7617.72
-641.843
-195.05
-112.029
-9019.04
-169.479
-161
-108.137
-112.641
-175.934
-160.182
-120.446
-258.178
-11593.5
-308.216
-112.87
-292.737
-115.713
-273.922
48.3566
551.448
-304.453
-92307.2
207.384
-86.1333
-287.458
-115.463
854.251
548.683
530.92
-289.099
-112.035
552.308
-296.146
-115.017
539.974
-227.859
534.582
-294.471
533.751
539.66
206.932
-97.4036
-264.071
540.436
337.473
-2034.17
-16448.2
-109.634
-235.414
-251.479
537.75
542.818
-152.596
-262.794
535.708
28.4363
536.917
-143.075
-138.793
-270.692
-292.963
-325.737
-509.257
-282.825
-14514.5
551.131
-106.374
-339.605
539.503
388.043
-119.093
538.943
-297.546
-44760.2
-251.069
-126.123
-288.024
-117.633
-229.407
-287.697
-115.688
-297.574
91.0837
548.694
-136.217
541.989
-24164.9
-28346.6
-280.763
-143.272
549.81
538.941
-111.546
539.023
8205.15
-25527.9
7884.15
539.78
-103.04
-298.65
-268.614
-252.439
537.043
-284.852
536.958
-445.418
-439.15
241.108
-256.184
-206.907
-397.952
13955.6
-308.989
-111.211
538.018
-113.637
-127.145
-112.489
-27896.1
-54.1949
-2954.27
251.56
-114.709
-519.672
-124.776
-1851.94
-972.502
-300.956
-231.592
-280.932
538.837
-5804.56
-111.571
-287.429
-98.5631
-266.24
-267.023
-277.874
-114.112
-86.485
538.042
-114.557
-274.86
545.868
-114.88
-390.955
532.546
539.654
-109.513
541.209
484.618
-276.111
-1200.73
40164
-28652.6
539.206
541.632
-241.442
-114.355
-113.06
-285.378
-18683.4
-96.7737
-148.15
-298.389
-102.701
-114.554
-417.885
154.449
-145.526
-109.006
-297.562
-287.835
-234.352
-276.112
-1840.22
-114.883
-114.746
541.281
-13298.3
-171.685
-10103
-103.358
542.154
-276.802
-98.5672
-165.003
-295.007
-266.609
-733.198
-282.527
-242.326
-249.322
-277.224
-178.908
-311.649
-79.3838
535.294
-217.037
-277.543
-109.803
-216.208
-240.248
529.775
540.612
-404.714
533.102
-282.836
529.546
-283.733
-273.33
-302.789
-216.21
-6213.26
538.065
-126.088
-269.275
536.901
-290.248
-19752.1
-552.933
-130.896
-111.183
-121.748
-357.28
-109.624
-111.766
102.424
-132.706
545.066
-140.102
-333.617
-116.327
-276.78
-92.3738
-256.2
-83.7498
-89.8763
-139.883
-283.004
541.224
295.71
-281.019
-116.251
-125.216
-100.704
-385.397
-147.346
-284.34
-281.909
-5370.08
-112.994
-320.12
-109.72
-145.792
538.767
539.579
540.842
-310.871
538.911
541.647
-118.12
-770.283
538.627
-13957.4
-309.415
-5280.92
-1631.01
538.958
539.692
-109.355
538.413
-126.053
-126.308
-370.524
548.144
-297.205
-27.2932
530.207
-283.846
-141.535
-285.689
1015.59
-1002.06
-283.313
551.57
-88.9049
-3761.49
-90.3868
608.136
-286.965
539.795
330.623
-126.883
-254.832
-288.411
382.407
-98.5586
90.8599
-108.357
545.598
-2984.79
540.506
335.367
-90.3124
542.251
537.351
-298.908
539.48
538.903
-289.214
48.3559
61.8566
-113.519
90.6646
-133.456
-109.604
185.591
-111.654
-295.708
-119.883
-110.52
-103.834
-115.399
541.357
-111.101
8616.49
-108.67
47.6356
-113.34
539.468
538.344
533.273
-281.839
539.769
210.915
526.975
-114.147
-292.618
-295.216
-107.699
-297.296
263.833
550.053
540.484
540.093
-288.203
-138.663
539.437
541.687
-111.271
-645.133
542.196
-513.701
-731.174
-286.943
-115.484
973.998
548.601
-113.006
546.131
-104.535
-285.42
-21.3178
777.259
-896.031
517.59
536.482
590.793
85.3485
538.89
537.423
857.911
-331.117
-147.257
-292.253
543.156
-12894.9
-1160.21
-882.941
90.1995
-296.067
-114.802
538.4
-295.82
-111.532
-111.503
541.711
-139.08
539.909
-250.595
539.808
-430.564
-111.162
531.9
-357.157
-765.474
-186.837
540.104
-59.3684
534.822
532.827
-115.841
756.622
-298.174
575.368
-111.178
538.202
537.346
-237.571
-972.057
-331.201
-114.304
-274.188
-288.823
520.394
-464.387
-393.396
-303.489
523.735
538.535
528.137
983.498
535.955
-222.308
532.075
-589.737
-86.9066
-297.827
-275.403
-2250.18
-17010.8
-266.817
-300.818
-144.852
-9985.76
572.625
540.407
-265.402
-251.058
541.213
-273.741
535.399
-284.781
-286.416
-119.082
-347.034
-293.448
854.954
-299.519
-11.9472
-459.505
-126.965
532.917
346.792
-146.309
-111.081
537.613
540.364
516.56
-111.297
-1256.44
372.612
-102.728
-236.371
-22317.2
-253.773
-282.847
-259.818
-291.403
-288.704
-113.278
-398.751
-165.972
-198.713
-140.756
-245.675
-257.977
298.076
549.489
-280.533
77.0204
539.262
-303.897
533.732
-38126.1
-139.002
529.936
-19466.5
-10343.7
-1335.41
-297.45
471.705
-446.906
-55.4114
-68.0505
545.021
-229.58
-169.798
-6065.53
-26001.7
-116.825
-112.434
532.718
-4266.84
-146.75
-298.567
-5699.26
-6768.45
297.39
548.432
-15085.1
-18211
-16241.7
-104.897
56.7246
544.265
-86.8438
540.734
537.977
538.411
-3804.98
-285.926
536.935
-153.241
539.637
-3695.77
540.191
535.2
-295.848
-280.298
-379.482
538.04
543.226
-661.027
-107.158
539.598
537.264
-291.614
529.213
-692.992
-611.028
533.116
-296.949
-146.59
538.257
-293.741
-111.715
-112.813
-334.528
-103.546
-108.586
-65.6044
-285.614
532.627
-110.953
-111.852
-144.184
-282.558
530.521
-545.453
-14460.8
-103.515
-680.968
-155.798
-107.008
-286.402
163.279
-195.464
-115.484
-118.083
541.087
-102.86
-630.637
-268.016
-103.726
9648.21
-21609
-155.225
239.458
-142.392
2396.69
-111.683
-306.165
828.423
-394.774
-307.363
-535.611
-327.315
-100.977
589.536
-10871.9
-111.138
-292.422
-203.343
540.263
-227.65
-89.0526
-1327.05
-116.519
538.682
546.288
549.059
-183.341
-114.834
-420.103
-100.458
-250.398
-113.472
-158.183
-435.773
-378.062
-291.939
-185.532
-279.947
537.087
-161.179
-185.24
-285.491
-268.587
-216.112
-105.706
-16442.8
-427.271
-249.474
-211.437
537.575
-96.6807
-256.496
539.536
-293.806
-24251.6
-14437.8
59.6947
-286.568
538.485
546.108
-110.917
539.777
539.818
537.942
-516.505
-111.659
79.3919
-289.403
1443.06
-118.949
-305.351
-16657.8
-104.98
-250.701
542.495
-289.546
-135.489
-109.782
-159.136
-284.961
-273.582
-284.603
-26912
538.466
-214.073
-247.895
-253.198
-273.799
-281.613
-263.172
540.473
-150.204
-292.436
-109.601
-379.121
-243.424
-414.075
-271.308
528.566
-300.894
-111.503
-454.476
-288.258
-1378.63
-111.028
-111.096
-285.575
-303.699
-77.1634
-290.038
-290.284
-297.068
-384.98
-293.699
2635.3
-105.427
-290.402
-111.215
-288.815
-87.669
-291.097
-99.1189
-247.573
539.944
-135.071
989.453
-265.834
-6079.04
-116.657
-669.2
-293.414
-512.596
-272.937
-64.1901
-21524.8
-318.951
-297.612
-70.5709
-98.7632
-130.629
540.843
537.212
-262.206
-277.814
-264.436
537.55
-337.921
-356.19
-304.827
-112.844
-6137.15
-297.946
-100.043
-20923.1
539.808
-136.081
540.735
-114.231
-16737
-251.85
-4712.21
535.575
-149.002
538.426
856.308
-2227.83
-285.215
-110.796
-109.58
-309.607
-313.863
-301.51
-101.232
-109.985
-143.98
-270.53
-112.22
-158.424
-259.379
-256.777
-287.535
-288.231
-282.78
-267.246
-116.451
-331.138
-740.609
-110.28
-109.404
486.134
543.723
-28108.4
-294.492
536.803
-23563.7
-288.674
-144.307
530.512
-228.29
72.8812
471.375
-109.922
420.194
-22385.9
-208.941
-263.119
486.22
-127.516
-211.913
-286.132
-7122.66
539.977
-429.408
-191.118
-133.068
535.729
539.215
-114.091
538.67
539.123
527.654
-137.253
204.818
538.546
543.537
-275.214
549.141
-146.014
-113.459
-443.407
538.568
-137.728
-113.926
890.422
-262.337
575.114
-435.111
538.049
-67.3488
539.465
539.716
539.556
-891.66
-113.382
532.351
-101.14
-152.643
-281.908
-126.58
-232.117
-263.326
533.979
-304.807
529.713
-24498
-2112.63
534.776
-252.301
-200.485
-4840.86
-292.619
-371.705
-99.8427
854.781
-262.739
-163.421
539.546
-104.656
-291.726
-114.447
-114.411
-343.142
-114.489
249.802
-1463.74
-124.586
539.188
-28038.1
-272.132
-467.584
-266.696
-114.678
-323.476
-288.148
528.417
-343.378
-623.975
-272.123
539.904
-383.302
537.786
540.392
538.95
538.25
-292.247
-282.245
-260.026
-342.812
-270.635
-280.072
-273.623
-279.658
-310.674
-299.713
-146.842
-104.367
1393.19
-108.284
-298.828
-288.787
-224.137
540.65
893.027
-1019.11
-294.686
-262.326
-1464.3
-476.082
-110.798
540.218
539.939
78.1103
546.488
-110.533
-345.15
-116.344
-129.026
-617.561
-183.251
-336.255
5612.4
534.899
-260.565
-236.113
-1724.35
-519.172
2823.01
-114.214
-361.734
-150.759
535.099
-4506.92
-1294.44
-275.389
-263.991
11.3758
-114.066
104.47
-125.293
302.553
-260.215
538.996
-108.459
312.084
-294.549
539.286
533.724
-128.433
-111.484
-82.1806
-114.619
-1743.65
-198.952
537.251
-71.2385
872.685
540.771
22.0399
537.595
-102.274
-298.081
538.891
-219.771
28335.6
-158.419
27.569
-85.8036
538.189
-108.719
527.885
-114.402
-269.577
-24052.4
-70.9617
543.585
-285.915
-166.588
-9996.61
522.989
-262.8
-95.7541
-102.255
542.47
-152.145
-311.537
-116.903
-267.44
-85.8007
265.075
-109.07
-163.236
531.611
-313.532
-110.533
-80.2682
-180.153
-110.094
-239.58
-288.053
542.034
-109.678
-191.325
539.84
-104.593
543.733
-137.388
531.246
-287.562
-292.547
-972.65
-327.426
-235.238
539.284
-297.81
-111.456
-87.4637
-274.509
-281.311
-113.634
-136.666
535.685
537.909
-152.686
-158.886
537.525
544.221
-298.987
-117.747
-283.377
-274.439
-325.085
378.727
-215.691
-123.715
-285.693
-296.206
-114.653
-251.243
-189.754
-106.515
-174.296
-266.097
-416.48
-110.833
-87.3438
-222.879
-296.126
-251.876
-457.236
-364.778
-194.636
-128.837
-9333.75
-284.436
204.778
-286.502
-114.81
-3462.32
-287.525
-112.458
534.086
-276.918
-125.539
540.436
-108.263
-101.611
-101.592
-107.386
-280.87
-139.208
-319.64
-270.765
-111.21
-102.455
-288.451
-91.14
-328.632
-190.302
318.336
-282.06
532.058
-301.46
5797.74
536.749
-106.365
-122.616
-290.894
-177.434
-192.606
-100.467
-297.011
537.507
-765.115
-88.5761
-292.689
-37786.1
-114.94
-15.9574
-86.9759
109.952
-297.531
540.218
42724
548.547
-190.178
543.277
41263.4
540.5
-114.524
-201.546
471.352
538.353
-255.131
535.613
548.095
-157.215
542.414
121.756
550.887
-152.254
540.184
-333.929
-19995.7
-113.38
533.647
-259.018
-216.233
26371.7
542.229
-288.707
545.609
-203.394
537.661
-268.394
25733.2
540.002
-23642.6
-11619.3
-112.723
-268.577
-218.37
-204.344
-249.878
539.397
-155.709
538.813
544.554
-300.06
-110.023
542.624
-221.348
525.658
-197.986
-124.468
-288.745
-249.848
-22.9958
-26689.5
-263.923
157.289
-277.638
532.353
539.094
21.9558
-283.037
-380.067
-276.594
50.5406
530.624
544.294
-276.138
-275.355
-115.3
-293.413
-52.8023
-289.739
-268.088
575.266
539.778
539.345
-188.626
-401.179
-260.578
-100.189
-93.4818
223.259
-309.574
-511.135
-403.771
-232.74
541.502
170.019
-113.14
-112.847
-258.466
-199.337
536.346
-112.91
-761.874
131.683
533.894
-114.488
-517.606
-152.798
533.873
-255.488
-303.225
537.787
537.169
537.5
539.168
536.525
539.516
-333.859
-113.517
-238.256
-121.639
-728.908
-227.112
-268.161
-131.648
535.036
553.854
-188.054
-104.267
538.035
-109.958
-306.843
525.716
64.1652
-356.109
-285.665
-284.135
-322.295
-162.067
-259.953
-192.122
-111.96
-291.94
30.8408
538.455
519.944
-305.184
-191.243
543.262
-245.112
-19527.6
-110.107
541.085
-259.58
-245.019
-295.1
-26.8215
-300.48
-109.456
537.222
-102.379
-270.857
-251.31
-297.661
-296.099
-255.684
539.619
-143.946
103.677
-112.743
-1575.15
-125.058
-267.196
-345.496
-306.762
-268.238
-110.986
-64.4056
-734.183
-286.582
-127.035
-250.624
-111.427
-117.314
-90.6728
550.627
539.454
-256.102
-261.285
-256.512
-100.452
-216.838
-279.936
-289.795
-312.147
545.662
854.352
-280.191
1404.07
-299.181
-101.966
528.849
13.2301
-2955.83
248.975
65.3381
-267.277
533.617
-298.029
-217.212
-115.225
189.756
-158.686
547.379
-111.839
-267.683
-123.124
-30109.8
-110.584
536.958
-108.919
548.833
-277.414
-263.68
-296.194
-111.144
-140.303
-111.054
539.209
-636.12
-297.738
-178.257
-428.301
-24197.5
-425.446
326.904
-136.518
-641.073
-306.205
-290.467
-113.267
-293.484
136.583
538.339
561.12
-293.008
-114.288
-281.985
564.658
-282.227
-290.526
-394.966
-293.051
-3027.52
-108.981
-295.518
-112.031
540.566
539.63
538.909
532.271
74.7316
537.16
535.704
-50.6712
-6698.26
539.19
-27677.6
-58.2333
538.807
-118.155
-4557.79
-160.661
-41732.4
-312.983
-5462.15
-298.5
528.395
97.4235
9289.74
-117.85
-287.399
539.919
-321.623
-102.673
-111.383
-112.459
-112.694
540.028
534.388
-114.041
548.287
536.192
-27771.3
-373.774
539.85
-163.386
538.318
90.7296
-146.61
538.639
-147.913
-289.991
-232.961
-263.334
-401.65
-370.861
-350.758
-274.438
-259.711
-103.178
-195.164
31.4618
-184.448
537.295
-283.887
533.485
340.564
-298.238
-82.1109
-86.6571
520.185
-116.932
-308.838
-311.67
540.768
541.395
542.372
549.127
548.751
546.857
-110.403
-108.259
-66026.6
-108276
-68241.3
-78738.7
-293.455
-273.566
-288.843
-332.102
-277.481
-287.349
-279.909
-299.825
-237.883
-237.637
-242.375
-364.646
-215.372
-225.828
-235.43
-229.518
-172.798
-145.003
-177.41
-242.498
-138.561
-112.588
-18759.2
-19924.3
-19944.5
-294.119
507.158
-296.023
530.406
-318.028
-289.609
530.21
501.484
529.552
505.135
535.987
547.401
555.048
521.579
536.596
530.021
540.72
538.405
538.234
537.788
538.747
541.333
540.222
542.804
535.931
548.564
507.821
548.925
549.437
506.414
532.804
532.654
-26192
-37362.6
-19143.5
-19832.5
-25959.6
-11628.9
13687.9
13697.2
251.653
218.032
-1049.78
-216.174
-279.906
-331.888
-197.156
-327.851
-16.0657
-691.845
-665.457
-94.8899
-106.77
-128.454
-143.152
-132.34
-129.95
-136.302
-131.387
-128.192
-116.504
-117.599
-115.753
-114.824
-117.727
-114.249
-116.057
-114.912
-114.576
-113.897
-117.311
-115.162
-131.058
-136.874
-156.415
-162.905
-152.212
-158.261
-162.573
-157.337
-168.223
-169.107
-170.115
-180.848
-178.981
-175.066
-191.394
-184.85
-235.264
-198.033
-194.9
-199.65
-220.807
855.398
-263.309
-264.491
-310.089
-310.52
-308.045
-316.338
-315.192
-317.516
-335.257
-301.394
-336.47
-265.395
-266.892
-265.756
-284.739
-263.554
-244.266
-514.053
-462.41
-226.202
-207.595
-175.821
-364.359
-366.53
-351.884
-321.193
-414.659
-395.156
-400.542
-205.645
-271.241
-237.224
-243.44
-250.945
-251.385
-276.454
-261.67
-275.594
-260.771
-254.478
-256.52
-290.079
-295.794
-312.197
-285.368
-322.762
-192.442
-145.998
-147.182
-192.466
-190.803
-176.955
-134.616
-130.404
-159.904
-154.465
-194.415
-181.307
-342.567
282.46
132.038
-27.4116
-1588
-124.543
-1385.49
-28216.6
-28084.2
-35451.5
-28060.8
-28448.7
-34072.9
-28341.2
-1070.07
-13369.4
-698.064
-10014.3
-8444.88
-21390.2
-177380
-121631
-124934
20371.6
-25344.8
-24308.1
-3593.92
-4804.49
-7546.13
-228.145
-189.814
-148.014
-136.89
-143.925
-121.376
-131.65
-141.681
-116.628
-121.95
-116.371
-109.607
-110.69
-106.916
-109.072
-109.898
-109.095
-110.254
-110.674
-110.795
-111.276
-111.373
-111.625
-111.668
-113.475
-112.954
-113.646
-112.704
-115.069
-115.09
-114.715
-120.574
-148.076
495.842
497.632
532.294
541.313
551.61
552.158
556.224
556.144
559.681
553.318
561.516
536.517
537.519
537.785
536.665
519.715
532.288
537.843
518.564
523.705
522.968
544.464
524.472
527.684
535.719
530.094
547.615
550.364
529.553
539.098
536.936
538.679
534.5
533.762
533.476
-320.377
539.685
538.512
542.197
542.706
536.41
535.792
537.595
534.641
538.44
534.502
552.078
505.064
549.409
532.08
532.232
525.931
551.599
-188.841
-137.019
-130.657
-116.723
-115.789
-143.5
-175.459
-179.853
-167.553
-222.264
-192.497
-263.624
-310.807
-333.947
-309.42
-267.549
-267.129
-453.943
-258.286
-334.657
-357.683
-338.124
-250.339
-247.723
-275.933
-298.081
-190.539
-303.416
-189.096
-188.355
-138.984
-336.71
-314.794
-308.235
-388.267
-215.12
-382.538
-28386.6
-28357
-28087.1
-2091.58
-34709.5
-27720.6
-3738.87
-1568.83
-2905.07
-229.798
-231.154
-133.083
-129.769
-139.357
-134.774
-109.106
-111.018
-111.715
-111.456
-113.136
-112.736
-112.707
-111.609
-113.05
-114.721
-112.939
-114.79
496.095
557.511
550.522
535.986
537.75
532.539
537.301
518.576
545.177
533.406
535.922
537.251
535.674
550.925
538.631
535.044
534.319
538.829
535.495
534.14
539.969
537.207
538.076
534.839
540.013
540.024
537.036
538.267
537.159
535.36
536.965
528.918
541.483
534.219
532.393
534.417
538.377
538.565
540.377
538.052
541.249
541.446
542.849
541.317
539.572
540.36
539.64
539.675
539.719
539.699
539.296
540.868
540.679
540.394
538.378
537.967
550.089
45.4353
-155
-186.655
-146.303
-145.073
-11734.5
-11879.6
-11985.6
-15631.6
-24277.7
-19699
-23585.4
-19068.2
-25147.5
-114.786
56.03
-2.51612
-125.436
-107.795
-94.4908
-79.6907
-115.515
-104.795
-113.288
-109.098
-112.589
-112.15
-112.004
-112.696
-113.013
-112.983
-113.722
-114.042
-115.611
-115.029
-115.819
-116.358
-117.976
-117.182
-117.701
-121.162
-120.569
-124.767
-126.608
-125.932
-131.768
-130.406
-134.587
-137.192
-133.61
-140.835
-142.959
-143.597
-153.83
-156.355
-155.623
-165.878
-167.164
-155.732
-186.725
-209.329
-255.872
-246.138
-258.946
-246.707
-298.346
-297.825
-301.013
-302.209
-297.596
-296.907
-282.117
-296.711
-296.234
-281.366
-297.263
-281.995
-283.872
-298.3
-279.628
-339.787
-130.24
-508.835
-443.577
-481.359
-374.054
-407.58
-278.274
-294.722
-370.375
-344.049
-218.543
-251.217
-260.551
-227.996
-266.008
-273.922
-285.721
-279.192
-254.567
-258.115
-273.448
-270.376
-269.651
-269.708
-274.245
-282.842
-299.93
-284.055
-285.486
-289.095
-298.298
855.75
-298.954
-300.07
-295.498
-299.258
-298.784
-313.673
-301.204
-305.225
-313.856
-187.749
-190.544
-188.291
-187.139
-308.239
-300.973
-316.883
-293.371
-313.649
-329.451
-408.133
-372.996
-25.5802
-325.549
-382.453
-352.345
-408.245
-386.964
-326.542
856.141
-240.336
-27665.7
-36273.7
92.0805
-6901.61
-23284.9
-13707.7
-16423.8
89.4
-23881.5
-4361.76
-4145.12
-8554.7
-1173.11
-1276.67
511.261
-5284.84
264.025
-13.4521
-82.9718
-84.9218
-85.4516
-88.4961
-90.243
-88.8101
-94.3947
-97.1089
-96.0288
-94.9254
-99.3398
-101.091
-103.602
-103.671
-105.262
-104.648
-105.183
-105.721
-107.867
-105.634
-106.073
-107.309
-109.116
-110.149
-110.472
-110.994
-111.358
-111.883
-111.832
-112.043
-111.853
89.7367
-112.359
-116.913
-113.416
506.262
557.452
504.191
535.566
534.729
535.459
535.08
535.286
538.678
536.845
537.872
533.267
535.261
90.5449
543.205
549.584
535.79
537.331
538.355
538.492
537.277
-287.263
537.575
538.389
538.442
537.76
540.175
539.966
532.26
538.461
538.195
539.977
537.395
535.195
-195.602
-303.797
-297.421
-420.359
-159.668
-208.089
536.97
537.837
536.349
536.561
538.189
537.544
537.239
537.045
538.761
538.19
539.218
539.064
540.313
540.68
541.137
541.794
540.524
541.858
539.621
-1109.03
539.636
539.062
539.133
538.163
540.468
540.594
540.555
539.722
542.135
531.494
-510.481
134.903
138.591
117.087
-211.456
501.552
-185.058
-256.912
-71.7185
-4500.68
-9884.58
-265.236
-260.061
-178.53
-252.268
-239.625
893.76
1036.46
-44.1191
109.566
-114.21
-94.1327
-123.86
-105.449
-83.0843
-105.217
-104.439
-103.058
-108.34
-110.532
-110.505
-112.955
-111.511
-111.607
-111.303
-111.286
-111.07
-111.004
-111.092
-110.79
-111.476
-111.011
-111.511
-108.068
-112.059
-111.943
-110.557
-108.573
-112.211
-104.753
-127.864
-104.18
-105.283
-104.274
-309.348
-133.022
-103.258
-103.141
-103.596
-102.604
-101.758
-101.126
-101.232
-93.32
-139.322
-278.821
-108.432
-130.534
-270.169
-274.464
-257.467
-256.088
-254.973
-289.749
-266.454
-294.135
-293.221
-303.459
-301.411
-302.489
-296.252
-299.412
-296.527
-294.958
-294.39
-297.489
-295.737
-294.631
-292.89
-294.467
-294.685
-311.772
-286.893
-292.815
-292.34
-280.466
-244.318
-322.205
-285.382
-355.374
414.31
116.025
-265.707
-287.397
-243.817
-245.746
-135.866
-300.572
-303.129
-313.076
-303.671
-283.732
-282.562
-308.445
-258.886
-254.541
-296.003
-285.237
-274.239
-245.438
-300.485
-298.444
-296.891
-267.526
-279.397
-264.487
-260.631
-283.288
-286.521
-279.081
-290.752
-276.591
-301.897
-288.586
-292.466
-284.309
-285.522
-298.998
-293.298
-281.96
-292.992
-288.055
-290.659
-285.323
-292.381
-292.373
-291.676
-313.337
-298.111
-299.535
-311.558
-65.6923
-314.027
-315.338
-314.616
-308.75
-303.971
-319.758
-302.944
-339.605
-305.481
-290.441
-320.353
-287.116
-503.783
-480.811
-870.975
-764.069
-683.617
-954.803
-6954.45
-7748.63
-10502.6
2649.4
-11862.4
-3787.77
-946.784
-888.284
-908.116
-283.49
542.008
-337.238
291.04
1776.82
-325.155
-182.375
133.13
-89.299
-68.0466
-89.2231
-81.8311
-87.3652
-89.3617
-90.8072
-91.636
-92.9589
-95.0847
-92.0316
-95.9156
-94.5721
-94.6803
-98.3707
-97.8143
-102.377
-98.2491
-102.024
-104.678
-102.538
-106.374
-105.473
-106.658
-103.758
-108.684
-72.9141
-109.437
-109.676
-107.578
-110.266
-110.568
-110.31
-110.443
-110.805
-111.056
-110.735
-111.155
-111.534
-111.82
-112.412
-112.356
-111.906
-112.199
-112.685
-113.444
-111.649
-113.285
-116.998
538.555
779.543
538.26
540.487
535.686
537.451
536.287
538.63
536.596
537.398
538.117
530.683
539.843
537.965
538.413
539.667
540.05
540.193
539.682
540.681
536.615
540.144
538.407
540.11
537.676
540.31
539.15
537.13
539.626
532.078
540.563
537.607
538.121
540.866
-201.567
-115.921
-297.151
-298.795
-297.077
-298.374
-295.306
-288.581
-294.346
-26.8526
-152.288
-292.497
-309.064
11.6587
-1042.8
191.641
-436.536
-309.372
538.746
538.377
537.622
538.917
540.576
539.824
540.507
537.797
-296.429
-295.208
-271.736
-294.738
-323.393
539.625
540.563
538.967
540.023
541.7
542.099
538.386
540.396
540.132
541.032
539.45
538.635
540.708
540.778
539.263
540.254
540.726
-259.182
-423.177
-161.996
-480.354
-86.1701
-13.9132
-175.266
-122.428
62.7565
-129.035
-243.746
-135.992
-142.284
-180.554
-106.104
-144.952
-100.603
-122.949
-101.958
-119.629
-119.381
-102.125
-113.823
-112.014
-111.233
-110.368
-108.615
-109.637
-110.274
-101.728
-103.8
-99.5876
-103.811
-95.2469
-93.1558
-100.52
-93.0129
-108.146
538.27
538.5
-228.413
-248.652
-256.265
-266.917
-318.591
-310.426
-298.275
-298.423
-297.139
-301.447
-302.832
-299.026
-295.856
-300.413
-294.667
-293.17
-294.495
-292.103
-291.018
-299.005
-295.814
-289.128
-272.09
-265.485
-307.936
-303.188
-306.975
-289.049
-296.429
-282.564
-271.042
-271.159
-283.293
-294.47
-269.981
243.588
684.829
121.269
-288.074
-295.049
-281.029
-290.638
-302.506
-307.118
-291.464
-179.237
-108.171
-110.45
-140.655
34.8993
-5064.77
-129.93
-91.643
540.747
538.455
541.382
539.541
540.642
541.391
540.902
539.139
540.047
539.351
540.23
538.903
539.149
540.005
539.543
-298.987
-308.805
-194.82
-300.135
-480.361
539.842
-342.331
-6426.34
537.477
-228.016
-273.884
-285.766
542.868
539.533
-290.959
-294.433
-296.56
-315.89
-130.677
-331.105
-466.722
-292.768
-1170.98
-1342.37
-111.672
-112.138
-114.248
535.453
532.404
538.166
535.879
537.181
534.43
-1509.15
-125.043
540.584
539.102
540.241
-112.583
-109.045
539.731
-88.3603
-84.3336
-298.031
-275.039
-296.356
-245.247
-293.822
-1391.32
-615.062
-295.414
-301.642
-300.492
-310.584
-309.66
-317.396
-304.525
-58.1825
-110.853
-110.58
-112.144
539.42
537.292
539.095
538.067
538.499
-289.554
-189.497
539.806
-320.623
-101.105
-110.478
538.984
-111.249
-170.033
-299.605
-294.462
538.518
539.199
-110.841
547.168
546.308
-27455.3
-258.829
-233.157
539.36
-172.622
-218.66
-19986
538.552
532.024
-295.075
507.936
517.507
189.037
540.474
-132.763
541.199
-175.232
-309.391
-203.825
-113.204
-237.567
-145.005
-140.467
-145.325
-327.544
-66542.7
-143.452
-111.66
-109.488
-111.337
-110.525
-110.991
-113.607
-113.604
-115.145
536.774
-100.617
551.997
551.611
553.83
538.44
-93.5913
537.425
-92.0837
535.736
547.006
551.711
530.993
534.301
551.265
541.269
-188.61
-268.159
-683.039
-111.894
-114.906
536.057
535.342
533.328
693.085
536.802
531.956
519.688
-112.342
-128.529
-130.894
-298.192
-302.272
-273.7
-305.598
-338.585
-377.054
-887.443
470.897
-83.0068
-111.614
-114.37
504.025
538.761
535.276
549.351
537.048
-286.948
538.199
536.118
-162.387
538.21
-341.133
540.962
539.443
-94.1696
-325.848
-112.465
-111.797
-104.954
-108.686
-119.269
-102.038
-299.956
-272.759
-347.603
539.542
540.08
539.762
538.514
-138.397
-136.064
-138.707
-144.944
)
;

boundaryField
{
    Wall
    {
        type            zeroGradient;
    }
    Inlet
    {
        type            zeroGradient;
    }
    Outlet
    {
        type            fixedValue;
        value           uniform 0;
    }
    Empty
    {
        type            empty;
    }
}


// ************************************************************************* //
