/*--------------------------------*- C++ -*----------------------------------*\
| =========                 |                                                 |
| \\      /  F ield         | OpenFOAM: The Open Source CFD Toolbox           |
|  \\    /   O peration     | Version:  2312                                  |
|   \\  /    A nd           | Website:  www.openfoam.com                      |
|    \\/     M anipulation  |                                                 |
\*---------------------------------------------------------------------------*/
FoamFile
{
    version     2.0;
    format      ascii;
    arch        "LSB;label=32;scalar=64";
    class       vectorField;
    location    "0.40005/lagrangian/kinematicCloud";
    object      U;
}
// * * * * * * * * * * * * * * * * * * * * * * * * * * * * * * * * * * * * * //


150
(
(-0.0801288 0.00818741 0.121716)
(3.25181 0.145089 -0.0584108)
(3.25714 0.143059 0.0477636)
(3.25181 0.145089 -0.0584108)
(3.25181 0.145089 -0.0584108)
(3.07237 0.240501 0.054386)
(2.75217 0.114611 -0.0471885)
(2.82635 0.155796 0.125148)
(3.38833 0.323948 0.0741129)
(2.57476 0.147606 0.0252018)
(3.43268 0.317149 -0.083257)
(3.38833 0.323948 0.0741129)
(2.75217 0.114611 -0.0471885)
(2.58187 0.147466 -0.0267811)
(2.55354 0.139588 -0.00898648)
(2.54598 0.139801 0.00739491)
(3.0604 0.254256 0.0522281)
(3.07604 0.240386 -0.0568568)
(3.03011 0.244978 0.0502291)
(1.36599 0.0199252 0.0601238)
(1.93241 0.0461671 0.0108119)
(2.5754 0.158698 -0.0288898)
(1.89383 0.0322077 -0.0304127)
(1.38407 0.0154443 -0.0591431)
(1.08298 -0.00658606 -0.0332205)
(1.36599 0.0199252 0.0601238)
(1.12678 -0.0665081 0.0286469)
(1.08086 -0.00115092 0.0290698)
(1.08086 -0.00115092 0.0290698)
(2.34987 0.0373788 0.0174737)
(1.38407 0.0154443 -0.0591431)
(1.08086 -0.00115092 0.0290698)
(0.382229 -0.159255 -0.0178892)
(0.417082 -0.0688009 0.0261347)
(1.08298 -0.00658606 -0.0332205)
(1.09636 -0.0628684 0.035181)
(1.08115 -0.0634439 -0.0347862)
(1.77444 -0.0952301 -0.0628719)
(0.0637543 -0.1198 0.0447695)
(0.643026 -0.380799 -0.0851528)
(0.575721 -0.279456 -0.102753)
(0.0637543 -0.1198 0.0447695)
(0.0693576 -0.123909 -0.0456345)
(0.305325 -0.16404 -0.0842379)
(0.396331 -0.158807 0.0195322)
(0.283437 -0.32008 0.0866253)
(-0.307814 -0.194802 0.034694)
(0.0637543 -0.1198 0.0447695)
(0.0637543 -0.1198 0.0447695)
(0.362409 -0.407008 0.0515658)
(0.266097 -0.319864 -0.0827698)
(2.34417 -0.0660333 0.0287825)
(0.0637543 -0.1198 0.0447695)
(0.396331 -0.158807 0.0195322)
(0.858534 -0.241006 -0.114844)
(-1.37441 -0.0236187 -0.167705)
(0.0693576 -0.123909 -0.0456345)
(2.68911 2.59255 -0.476417)
(0.0992822 0.106458 -0.284731)
(0.310641 0.908763 -0.0231041)
(3.05073 0.191727 -0.0902603)
(0.108603 -0.0182207 -0.310233)
(1.34496 1.38115 0.155485)
(0.0445777 -0.343473 -0.60022)
(0.140665 -0.307488 -0.368383)
(-0.761176 -0.734918 -0.294062)
(1.79724 -0.671706 0.873019)
(0.342192 -0.637224 -0.269139)
(1.38851 -1.21343 0.193957)
(0.0891574 0.0234716 -0.00215355)
(4.23078 2.36764 0.0707435)
(0.634935 0.630322 -0.0110229)
(-0.818694 0.75384 0.471007)
(3.10619 -0.0199011 -0.0145619)
(3.08342 -0.0313553 0.0213586)
(3.10619 -0.0199011 -0.0145619)
(3.10619 -0.0199011 -0.0145619)
(3.08342 -0.0313553 0.0213586)
(3.08342 -0.0313553 0.0213586)
(3.4917 0.394275 -0.119896)
(3.73607 0.420292 -0.123764)
(3.64504 0.414538 -0.127361)
(3.48935 0.393023 0.120108)
(3.08342 -0.0313553 0.0213586)
(3.52989 0.256193 -0.142528)
(3.30874 0.192458 0.140163)
(3.31988 0.200183 -0.137461)
(3.73619 0.418543 0.123637)
(3.48935 0.393023 0.120108)
(3.4917 0.394275 -0.119896)
(3.32164 0.365111 -0.0615071)
(3.65555 0.276418 0.148539)
(3.63811 0.150352 -0.0589803)
(3.73619 0.418543 0.123637)
(2.77576 -0.101793 0.0279677)
(3.67637 0.284177 -0.147588)
(3.74993 0.406262 0.111269)
(2.7564 -0.110354 -0.0112037)
(3.63891 0.1426 0.0498555)
(3.32198 0.361262 0.0399329)
(3.04858 0.127425 -0.0934323)
(3.04858 0.127425 -0.0934323)
(2.80728 0.0248492 -0.0333737)
(2.5329 -0.211705 0.121664)
(3.73667 0.402263 0.109693)
(3.54806 0.151183 0.0458496)
(2.81491 0.0276719 0.0340722)
(2.80728 0.0248492 -0.0333737)
(3.55866 0.261576 -0.147165)
(3.6501 0.371494 0.097464)
(2.80728 0.0248492 -0.0333737)
(2.80728 0.0248492 -0.0333737)
(2.81491 0.0276719 0.0340722)
(3.06224 0.273018 0.299187)
(2.80728 0.0248492 -0.0333737)
(3.55866 0.261576 -0.147165)
(3.63462 0.394551 0.0909817)
(3.55866 0.261576 -0.147165)
(3.72162 0.426525 -0.107056)
(2.70051 -0.0867555 -0.340289)
(2.58363 -0.395124 0.553988)
(2.52027 -0.218989 -0.104458)
(3.77147 0.823584 0.104107)
(3.63125 0.365221 0.091616)
(3.72162 0.426525 -0.107056)
(3.85866 0.740153 -0.148955)
(2.95353 0.267576 0.170298)
(2.6545 -0.185478 -0.559181)
(2.70232 -0.231372 -0.529475)
(2.70232 -0.231372 -0.529475)
(2.44689 -0.279457 -0.320537)
(2.85473 0.182917 -0.186177)
(2.5113 -0.312095 -0.281485)
(2.52027 -0.218989 -0.104458)
(2.44689 -0.279457 -0.320537)
(2.5329 -0.211705 0.121664)
(3.26377 0.527551 0.148447)
(3.18862 0.505482 -0.141737)
(3.04095 0.377853 -0.135873)
(2.5113 -0.312095 -0.281485)
(0.802625 -0.14626 0.240899)
(2.84638 0.181101 0.186123)
(2.44689 -0.279457 -0.320537)
(-1.25235 -1.33253 0.14446)
(-0.970143 -0.977061 0.229106)
(1.04654 -0.065651 0.01497)
(-0.381099 -0.486211 0.630676)
(-0.307483 -0.238809 0.769376)
(0.228247 0.367114 -0.354363)
(0.936024 1.50423 0.0481537)
)


// ************************************************************************* //
